SAMPLES:	9425
BITSPERSAMPLE:	16
CHANNELS:	1
SAMPLERATE:	16000
NORMALIZED:	FALSE
0
0
0
0
8
8
8
8
16
16
8
8
16
16
16
8
8
8
0
8
8
16
16
16
16
24
16
16
16
16
16
16
16
8
8
0
0
0
0
0
0
0
0
0
0
0
0
0
0
0
0
0
0
0
0
0
0
-8
-8
-8
-8
-8
-8
0
0
0
0
-8
-8
-8
-8
0
-8
-8
-8
-8
-8
-8
-8
-8
-8
-8
0
0
0
-8
-8
-8
-8
-8
-8
-8
-8
-8
-8
-8
-8
-8
-8
-8
-8
-8
-8
-8
-8
-8
-8
-8
-8
-8
-8
-8
-8
-8
-8
0
0
0
0
0
0
0
0
0
0
0
-8
0
0
0
0
0
0
0
0
0
0
0
0
0
0
0
0
0
0
8
8
8
8
8
8
8
8
16
16
16
16
16
16
16
16
16
16
16
16
24
24
24
24
24
24
24
24
24
16
16
16
16
16
16
16
24
16
16
16
16
16
8
8
8
8
8
8
8
0
0
0
0
0
0
0
0
0
0
0
0
0
0
0
-8
-8
-8
-8
-8
-16
-16
-16
-16
-16
-16
-16
-16
-16
-16
-16
-16
-16
-16
-16
-16
-16
-16
-16
-16
-16
-16
-16
-8
-8
-8
-8
-8
-8
-8
-16
-8
-8
-8
-8
-8
-8
-8
-8
-8
-8
-8
-8
-8
0
0
0
0
0
0
0
0
-8
0
0
0
0
0
0
0
-8
0
0
0
0
0
0
-8
-8
-8
-8
-8
-8
-8
0
-8
-8
-8
-8
0
0
0
0
0
0
0
0
0
0
0
0
0
0
0
0
0
0
8
8
8
8
8
8
8
8
16
16
16
16
16
16
16
24
16
24
24
24
16
24
24
24
24
32
32
24
24
24
24
24
24
24
24
24
32
24
24
24
24
16
16
16
16
16
16
16
16
16
16
16
8
8
0
0
0
0
0
0
0
0
0
0
-8
-8
0
-8
-8
-8
-8
-16
-16
-16
-24
-24
-16
-16
-24
-24
-24
-24
-24
-24
-24
-24
-24
-24
-32
-32
-32
-32
-40
-40
-32
-32
-32
-24
-24
-24
-32
-32
-32
-32
-24
-24
-32
-24
-32
-32
-24
-24
-24
-24
-24
-24
-16
-16
-16
-8
-8
-16
-8
-8
-8
0
0
0
0
0
0
0
0
0
0
8
8
16
16
24
24
24
24
24
24
24
24
24
32
32
24
32
32
32
32
40
40
40
40
40
40
40
40
40
40
32
32
32
32
32
32
32
32
32
32
32
32
32
32
24
24
24
32
24
16
16
8
8
8
8
8
8
8
8
0
0
0
0
0
-8
-8
-8
-16
-16
-16
-16
-24
-24
-16
-24
-16
-24
-24
-32
-32
-32
-32
-24
-24
-32
-32
-32
-32
-32
-32
-32
-32
-32
-40
-32
-40
-32
-40
-32
-32
-32
-24
-24
-24
-24
-24
-24
-24
-16
-16
-24
-24
-24
-24
-16
-16
-8
-16
-8
-8
-8
-8
0
-8
-8
-8
-8
-8
0
-8
0
0
-8
-8
-8
0
0
0
0
0
0
0
0
0
0
0
0
0
8
8
8
8
8
8
8
16
16
16
16
16
16
16
24
24
24
24
24
24
24
24
24
24
24
24
24
24
32
32
32
40
32
32
32
32
24
24
24
24
16
16
16
16
24
24
24
24
16
16
16
8
16
16
8
16
8
8
8
8
8
8
8
8
0
0
0
0
0
0
0
0
0
0
0
0
0
0
0
0
0
0
-8
-8
-8
-8
-8
-8
-8
-8
-8
-8
-8
-8
-8
-16
-16
-8
-8
-16
-16
-24
-32
-32
-32
-32
-32
-32
-32
-32
-32
-32
-32
-32
-32
-32
-32
-32
-32
-32
-32
-40
-40
-40
-40
-40
-32
-40
-32
-32
-32
-24
-32
-24
-24
-24
-24
-24
-24
-24
-24
-16
-16
-8
-8
-8
-8
0
-8
-8
0
0
0
0
0
0
0
0
8
8
16
16
24
24
24
24
24
24
24
24
32
32
32
32
32
32
32
32
32
32
32
32
40
32
32
32
24
24
24
24
24
24
24
24
24
32
24
24
24
24
32
32
32
32
32
24
24
16
16
16
16
16
16
16
8
8
8
8
8
8
8
8
0
0
0
0
0
0
0
0
0
0
0
0
0
-8
-8
-8
-8
-8
-8
-8
-8
-8
-8
-16
-16
-8
-16
-16
-16
-16
-16
-16
-24
-24
-24
-24
-24
-24
-16
-24
-24
-24
-24
-24
-24
-24
-24
-24
-24
-24
-24
-24
-24
-32
-24
-24
-32
-24
-24
-24
-16
-24
-16
-16
-16
-16
-16
-16
-16
-8
-8
-8
-8
0
-8
-8
0
0
0
0
0
0
0
0
0
0
0
0
0
0
0
0
0
0
0
0
0
0
0
0
8
0
0
0
0
0
0
0
0
8
0
0
8
8
8
8
8
8
8
8
8
8
8
8
8
8
8
8
8
16
8
16
16
16
24
24
24
24
24
24
24
24
32
32
32
32
32
32
32
32
32
32
32
32
24
24
24
24
24
16
16
16
16
16
8
8
8
8
8
8
8
0
0
0
0
0
0
-8
-8
0
-8
-8
-16
-16
-16
-24
-24
-24
-32
-32
-32
-32
-32
-40
-40
-32
-32
-32
-32
-32
-32
-32
-32
-32
-32
-32
-32
-32
-24
-24
-24
-24
-24
-24
-24
-16
-16
-16
-16
-16
-16
-16
-16
-8
-8
-8
-8
-8
-8
-8
0
0
0
0
0
0
0
0
0
0
0
0
8
8
8
0
0
0
0
0
0
0
0
0
0
0
0
0
0
0
0
0
8
8
0
0
0
8
8
8
16
16
8
16
16
16
24
24
24
24
16
16
16
16
24
24
24
32
24
24
24
24
32
32
32
32
40
40
40
40
32
40
32
32
32
24
24
24
16
16
16
8
8
8
8
0
8
8
0
0
0
0
-8
-8
-8
-16
-16
-24
-24
-24
-32
-32
-32
-32
-32
-32
-32
-40
-40
-40
-40
-40
-40
-32
-40
-40
-40
-40
-32
-40
-32
-32
-32
-24
-24
-24
-16
-24
-24
-16
-16
-16
-16
-16
-8
-8
-8
0
0
0
0
0
0
0
8
0
8
8
8
8
8
8
8
8
16
16
24
16
16
16
8
8
0
0
0
0
0
8
0
0
0
0
0
0
0
8
8
8
8
8
8
0
0
8
8
8
8
8
8
8
8
16
16
8
8
16
8
8
16
8
8
8
8
8
8
8
8
0
8
8
8
16
16
16
16
8
8
8
8
8
0
0
0
0
0
0
0
0
0
0
8
0
0
0
0
0
0
0
0
0
0
0
0
0
0
0
0
0
0
-8
-8
-8
-8
-8
0
0
-8
-8
-16
-16
-24
-24
-24
-24
-32
-32
-24
-24
-24
-24
-16
-16
-16
-16
-16
-24
-24
-24
-32
-32
-24
-24
-24
-24
-24
-24
-16
-16
-16
-8
-8
-8
0
0
0
0
0
0
0
0
0
0
0
8
8
16
16
24
24
32
40
40
40
40
40
40
40
40
32
40
40
40
48
48
48
40
40
32
32
24
24
16
8
0
0
0
-8
-16
-24
-24
-24
-32
-32
-32
-40
-40
-40
-40
-48
-48
-48
-48
-48
-48
-48
-48
-48
-48
-48
-48
-40
-32
-24
-24
-24
-24
-32
-32
-32
-32
-32
-24
-16
-16
-8
-8
0
0
0
0
8
8
16
24
24
32
32
40
48
56
72
80
96
104
112
120
132
148
148
164
164
180
180
180
196
196
196
196
196
196
180
180
164
164
148
132
120
96
80
48
16
0
-40
-64
-96
-132
-164
-196
-212
-244
-276
-292
-308
-340
-356
-372
-372
-396
-396
-396
-396
-396
-396
-396
-396
-372
-372
-356
-340
-308
-292
-260
-228
-196
-164
-148
-120
-104
-80
-56
-24
0
16
40
64
88
112
148
164
196
228
244
260
292
308
308
308
324
340
340
356
372
372
372
372
372
396
396
396
396
428
460
460
492
524
524
556
556
588
588
588
588
556
556
524
492
460
428
396
340
276
196
120
32
-40
-132
-228
-340
-428
-556
-652
-748
-844
-924
-988
-1052
-1116
-1244
-1244
-1308
-1308
-1372
-1372
-1372
-1372
-1308
-1244
-1180
-1116
-1052
-988
-876
-812
-684
-588
-492
-372
-276
-180
-80
8
112
212
308
396
460
524
620
684
748
812
844
876
924
924
988
988
988
988
988
1052
988
988
924
876
812
748
716
684
652
556
524
524
524
588
652
716
748
748
748
716
748
780
844
924
988
988
988
988
924
844
780
716
684
556
460
308
148
-24
-228
-428
-652
-876
-1116
-1308
-1500
-1756
-1980
-2108
-2364
-2492
-2620
-2748
-2876
-2876
-2748
-2748
-2748
-2748
-2748
-2620
-2492
-2364
-2236
-1884
-1628
-1372
-1116
-876
-652
-428
-180
88
396
684
924
1116
1308
1436
1564
1628
1756
1884
1980
2108
2236
2236
2108
1980
1884
1692
1564
1436
1436
1372
1308
1244
1116
876
652
396
196
24
-64
-212
-356
-396
-524
-652
-716
-844
-1052
-1052
-1052
-988
-988
-812
-716
-684
-588
-356
-132
96
428
780
1116
1436
1756
1980
2108
2364
2492
2748
3004
3260
3516
3516
3516
3388
3260
3132
2876
2620
2492
2364
2108
1756
1372
924
396
-112
-524
-924
-1372
-1756
-2108
-2492
-2876
-3260
-3644
-3900
-4092
-4348
-4604
-4604
-4604
-4604
-4604
-4604
-4604
-4348
-4348
-4092
-3900
-3516
-3132
-2748
-2364
-1980
-1564
-1180
-780
-372
8
460
924
1372
1628
1884
2108
2236
2364
2492
2620
2748
2748
2748
2620
2620
2364
2236
1980
1820
1628
1436
1308
1116
844
556
276
-56
-428
-684
-844
-988
-1244
-1244
-1244
-1500
-1628
-1628
-1628
-1628
-1500
-1372
-1180
-988
-876
-780
-556
-244
48
428
924
1436
1820
2108
2620
2876
3004
3388
3772
4092
4348
4860
5116
5116
5116
4860
4860
4860
4604
4348
4348
4092
3644
3260
2748
2108
1500
924
372
-180
-716
-1244
-1756
-2364
-3004
-3516
-4092
-4348
-4860
-5116
-5372
-5628
-5628
-5884
-5884
-6140
-6140
-6140
-5884
-5628
-5116
-4860
-4348
-4092
-3772
-3260
-2876
-2492
-1884
-1244
-652
-104
460
988
1372
1564
1884
2108
2364
2620
2876
3004
3132
3260
3132
3004
2748
2492
2364
2108
1980
1884
1628
1308
1052
780
460
180
-104
-324
-428
-652
-812
-1052
-1308
-1564
-1628
-1628
-1756
-1692
-1372
-1180
-1180
-924
-652
-620
-652
-428
-96
196
460
876
1308
1820
2236
2492
2876
3132
3388
3388
3644
4092
4348
4604
4860
4860
5116
4860
4860
4604
4348
4092
3772
3644
3388
3004
2364
1820
1180
524
-56
-556
-1052
-1628
-2108
-2620
-3132
-3644
-4348
-4860
-5116
-5372
-5628
-5628
-5628
-5884
-5884
-6140
-6140
-6140
-5884
-5628
-5372
-4860
-4092
-3644
-3260
-3004
-2492
-1980
-1500
-924
-228
460
988
1500
1980
2364
2492
2748
3004
3260
3516
3644
3772
3900
3772
3644
3388
3260
2876
2748
2620
2364
2236
1884
1500
1180
780
340
96
-104
-460
-684
-780
-1052
-1244
-1372
-1820
-2108
-1980
-1980
-2364
-2236
-1692
-1820
-1820
-1372
-1180
-1180
-988
-684
-588
-212
244
492
780
1308
1692
1884
2364
2876
3004
3132
3260
3516
3900
4092
4348
4348
4604
4604
4348
4092
4092
3644
3388
3260
3004
2620
2236
1756
1116
556
56
-396
-924
-1500
-1980
-2364
-2876
-3388
-3900
-4348
-4860
-5116
-5372
-5372
-5372
-5372
-5372
-5372
-5628
-5628
-5372
-5372
-5116
-4604
-4348
-3772
-3132
-2620
-2236
-1980
-1500
-924
-428
120
780
1372
1820
2236
2620
2748
2876
2876
3132
3388
3644
3772
3772
3644
3516
3260
3004
2748
2492
2364
2108
1980
1884
1564
1180
716
396
88
-340
-620
-684
-812
-1052
-1180
-1372
-1628
-2108
-2108
-1980
-2108
-1820
-1756
-1564
-1372
-1116
-1180
-1244
-1116
-812
-524
-396
24
428
684
924
1180
1692
2236
2492
2492
2876
3004
3260
3644
3900
4092
4348
4348
4348
4348
4092
3900
3772
3644
3388
3388
3260
2748
2108
1692
1180
780
396
-24
-556
-1116
-1564
-2108
-2620
-3132
-3644
-4092
-4348
-4604
-4860
-4860
-5116
-5372
-5628
-5628
-5628
-5628
-5628
-5372
-5116
-4860
-4348
-4092
-3644
-3132
-2620
-2364
-2108
-1692
-1052
-652
-196
396
988
1308
1564
1756
1980
2108
2236
2492
3004
3260
3260
3132
2876
2748
2492
2364
2236
2364
2236
1980
1980
1980
1372
748
812
652
164
148
244
212
-164
-324
-340
-812
-988
-812
-1052
-1116
-684
-276
-620
-844
-460
-396
-716
-556
-196
-96
260
620
716
844
1308
1564
1500
1980
2620
3004
2876
2748
3132
3388
3644
3772
4092
4348
4348
4092
4092
3900
3516
3388
3388
3388
3132
2748
2364
1756
1180
652
244
-196
-812
-1372
-1692
-2236
-2748
-3260
-3772
-4348
-4604
-4860
-5116
-5372
-5372
-5628
-5884
-5884
-6140
-6140
-6140
-5884
-5628
-5372
-4860
-4348
-4092
-3644
-3132
-2620
-2364
-2108
-1564
-988
-428
112
812
1308
1692
1884
2236
2620
2620
2876
3132
3516
3772
3772
3644
3388
3260
3004
3132
3132
3004
2876
2876
2748
2108
1820
1820
1564
988
780
1244
844
228
164
96
-340
-780
-684
-988
-1116
-812
-988
-1244
-1052
-844
-1308
-1436
-924
-748
-988
-652
-72
-132
-308
-104
340
460
652
1180
1884
2364
2236
2236
2492
2364
2236
2748
3516
3644
3644
3900
4092
3772
3260
3260
3388
3132
3132
3260
3260
2492
1756
1244
812
260
-228
-428
-748
-1244
-1820
-2364
-2876
-3644
-4092
-4348
-4604
-4604
-4860
-4860
-5116
-5372
-5628
-5884
-5884
-5884
-5884
-5372
-5116
-4604
-4348
-4092
-3900
-3516
-3004
-2492
-2108
-1628
-1052
-428
148
556
876
1308
1756
2108
2492
2748
3004
3260
3388
3644
3772
3644
3516
3388
3516
3644
3644
3260
3132
3004
2492
2236
2236
1820
1500
1372
1052
988
924
228
-148
-276
-588
-620
-1052
-844
-1052
-1500
-1244
-1308
-1372
-1820
-1692
-1116
-1244
-1244
-844
-556
-652
-748
-492
-112
48
276
556
988
1500
1756
1820
2364
3004
2876
2748
2876
3132
3260
3644
3900
4092
4348
4348
4092
3772
3516
3260
3132
3132
3004
2748
2364
1756
924
228
-56
-396
-924
-1372
-1692
-2108
-2876
-3516
-4092
-4604
-5116
-5372
-5372
-5372
-5628
-5628
-5884
-6140
-6396
-6140
-6140
-6140
-5884
-5372
-5116
-4604
-4348
-4092
-3516
-3004
-2492
-1980
-1500
-812
-292
228
844
1436
1756
1980
2492
2876
3260
3516
3900
4348
4348
4348
4348
4348
4348
4092
4092
4092
4092
3900
3772
3260
3004
2748
2108
1980
2108
1628
1372
1500
748
24
-88
-244
-812
-924
-524
-844
-1180
-1244
-1564
-1884
-1756
-1980
-2108
-1564
-988
-1244
-1436
-924
-620
-1116
-924
-244
32
64
356
652
924
1180
1436
1564
2236
2748
2876
2748
2748
2876
3132
3260
3388
3516
3772
3772
3516
3132
2876
2620
2236
2108
2108
1980
1372
716
120
-460
-988
-1436
-1756
-2108
-2748
-3004
-3388
-3900
-4604
-5116
-5372
-5372
-5372
-5372
-5372
-5372
-5628
-5628
-5628
-5628
-5628
-5372
-5116
-4604
-4092
-3644
-3260
-3004
-2492
-1980
-1500
-924
-324
340
844
1244
1756
2236
2492
2748
3004
3388
3644
3900
4348
4604
4604
4348
4348
4348
4092
4092
4092
3900
3900
3644
3004
2748
2364
1756
1436
1564
1308
460
428
588
-132
-876
-1116
-1052
-1116
-1564
-1820
-1564
-1308
-1756
-2492
-2364
-1756
-1756
-2108
-1884
-1244
-844
-876
-1180
-924
-164
88
-180
260
1180
1180
924
1244
1564
1820
2108
2492
2876
3516
3644
3516
3132
2876
3132
3388
3644
3644
3644
3772
3516
2748
2108
1884
1628
1308
1244
1244
876
48
-748
-1372
-1756
-2236
-2620
-2748
-3004
-3388
-3772
-4092
-4604
-5372
-5628
-5372
-5372
-5116
-5116
-5116
-5116
-5372
-5372
-5116
-4860
-4604
-4092
-3516
-3132
-2748
-2236
-1980
-1692
-1372
-844
-132
428
876
1308
1756
2236
2364
2748
3004
3132
3388
3644
3900
4092
4092
3772
3516
3644
3516
3260
3132
3132
2876
2620
2364
1884
1692
1244
428
524
1052
80
-556
132
-524
-1372
-1116
-812
-1500
-1980
-1244
-1564
-1980
-1244
-1308
-2364
-1500
-652
-1372
-1180
-164
-244
-556
324
780
460
556
924
1116
1564
2108
1820
1980
2364
2108
2236
3004
3132
2876
3388
3900
3644
3132
2748
2620
2620
2876
3004
3004
3004
2492
1980
1372
780
428
276
260
112
-148
-428
-1116
-1980
-2620
-2748
-2876
-3132
-3260
-3644
-3900
-4348
-4604
-4860
-5116
-5116
-4860
-4604
-4348
-4348
-4092
-4348
-4348
-4092
-3772
-3388
-3132
-2748
-2364
-2108
-1820
-1244
-716
-492
-180
228
716
1436
1756
1884
2236
2620
3004
3004
3132
3132
2876
3132
3388
3388
3260
3132
2620
2236
2236
1980
1756
1308
1180
1180
716
428
196
-524
-924
-556
-1052
-988
-716
-1692
-1692
-780
-1244
-1980
-2108
-988
-780
-1820
-1180
-276
-748
-1116
-684
-164
308
716
556
492
988
2108
1756
1116
2108
2748
2236
2236
2748
3260
2876
2364
2876
3260
3132
2748
2748
3388
3516
3132
2748
2236
1692
1820
2236
2236
1980
1980
1692
924
180
0
0
-308
-460
-324
-340
-924
-1884
-2364
-2620
-2748
-2748
-2620
-2492
-3004
-3516
-3644
-3900
-4348
-4092
-3772
-3644
-3644
-3516
-3516
-3644
-3900
-3772
-3516
-2876
-2492
-2364
-2236
-2236
-1980
-1756
-1500
-748
-8
212
308
492
620
716
988
1372
1980
2236
2236
2108
1884
1564
1308
1308
1884
2108
1756
1500
1052
460
16
88
32
164
308
260
-340
-924
-1500
-1180
-876
-1180
-684
-588
-196
-684
-1116
-1180
-1052
-180
-72
-164
396
924
460
-24
324
1436
1500
988
2108
2620
1820
1980
2492
2492
2492
2492
3132
3132
2620
2876
2876
2492
2236
2364
2620
2620
2236
2492
2876
2748
1980
1116
1244
1692
1628
1756
1820
1980
1436
460
-8
-56
-260
-460
0
428
16
-988
-1692
-1884
-2364
-2620
-1980
-1692
-2236
-3004
-3388
-3644
-4092
-4348
-4092
-3644
-3516
-3644
-3644
-3644
-3900
-4092
-4092
-3388
-3004
-2620
-2620
-2748
-2876
-2748
-2364
-1436
-716
-396
-212
-8
164
132
244
780
1308
1820
2108
2108
1756
1308
1308
1692
2108
2492
2364
1980
1308
684
340
428
492
780
844
524
-40
-340
-988
-1180
-524
-324
-428
460
396
-1308
-1372
-148
-72
-924
244
1180
228
8
876
132
40
1180
1244
1052
2108
2748
1308
1180
2620
2492
1980
2364
2876
2108
1980
1820
1980
1980
1980
1980
2236
3132
2492
2236
2876
2876
1756
1244
1692
2108
2108
1980
1980
1820
1436
1052
812
652
588
620
588
396
-120
-716
-1564
-1884
-1820
-1500
-1564
-2108
-2620
-3388
-3900
-4092
-3900
-4092
-4092
-3900
-3900
-4092
-4348
-4604
-4348
-4348
-3900
-3388
-3132
-3260
-3644
-3772
-3388
-2748
-2236
-1692
-1372
-1180
-524
-8
-104
-428
-292
556
1308
1628
1980
2364
2108
1308
1372
1884
2236
2236
2108
2364
2364
1692
924
524
620
844
1052
1116
1052
132
-844
-1116
-844
-620
-340
-96
-556
-96
-196
-812
-620
196
308
-196
1052
1244
80
120
988
748
780
2236
2236
1564
1980
2236
1692
1884
2620
2876
2492
2748
3004
2492
2492
2108
2236
3004
3260
2748
3004
3644
3004
2364
1884
2108
2876
3260
3132
2620
2492
1980
988
812
1052
1052
924
876
524
-260
-924
-1564
-1820
-1820
-1500
-1244
-2108
-3132
-4092
-4604
-4604
-4348
-4348
-4348
-4348
-4860
-5372
-5372
-5372
-5116
-4860
-4860
-4348
-4348
-4348
-4604
-4604
-4092
-3132
-2364
-1980
-1820
-1884
-1820
-1308
-148
716
780
620
748
1308
1820
2236
2620
2876
3004
2748
2620
2620
2492
2364
2492
3004
2876
2236
1436
812
716
988
1244
1116
492
-356
-1116
-1372
-1244
-1116
-1052
-1052
-1052
-780
-716
-780
-1180
-1244
-428
212
492
652
244
-276
340
1052
1436
1756
2364
2236
1692
2364
2876
2108
1820
2620
3260
3260
3388
3260
3132
2876
3388
4092
4860
4348
3132
2236
2364
3260
4092
4092
3772
3516
3004
2236
1820
1628
1628
1564
1628
1692
844
-428
-1692
-2108
-1820
-1116
-876
-1756
-3132
-4348
-5116
-4860
-4604
-4348
-4604
-4860
-5372
-5628
-5884
-5884
-5628
-5372
-4860
-4604
-4348
-4860
-5372
-5372
-4604
-3132
-2108
-1820
-1980
-2364
-2364
-1756
-524
1116
1628
1180
748
844
1500
1980
2492
3260
3900
3772
3132
2620
2236
2236
2492
3132
3772
3516
2108
684
96
492
1116
1436
1052
460
-652
-1628
-1884
-1564
-1180
-1308
-1244
-1180
-1628
-2364
-2748
-2364
-1692
-988
64
356
-556
-1372
-876
104
556
1372
2236
1756
748
924
1820
2108
2748
3260
3260
3388
3132
2492
2364
3388
4604
5116
5372
4860
3004
1980
3004
4604
5372
5116
4348
3260
2236
1564
1692
2748
3388
2748
1884
1052
-260
-1692
-2108
-1436
-652
-524
-1372
-2876
-4604
-5628
-5116
-4348
-3772
-3772
-4604
-5628
-6396
-6652
-6140
-5116
-4604
-4348
-4604
-4604
-5116
-5372
-5116
-4092
-2748
-1692
-1500
-1820
-2236
-2364
-1500
132
1980
3004
2620
1564
924
1372
2492
3900
4860
4860
4092
3260
2620
2492
2876
3388
3772
3644
3132
1980
524
-396
-132
844
1500
1116
-132
-1692
-2748
-2876
-2108
-1308
-1180
-1884
-2876
-3516
-3772
-3516
-2620
-1756
-1372
-1372
-1436
-1564
-1980
-1820
-588
620
1308
1308
1052
748
684
1052
1980
2876
3260
3132
2620
2876
3772
4604
5372
6140
6140
4604
3132
3132
4604
5628
5628
5116
4860
3900
2492
1884
2364
3516
3900
3260
1980
212
-1372
-2236
-1884
-748
88
-716
-3004
-4860
-5884
-5884
-5116
-4348
-4092
-5116
-6140
-7164
-7420
-6908
-6140
-5116
-4604
-4604
-5116
-5628
-5884
-5372
-4348
-2876
-1692
-1436
-1884
-2236
-1820
-748
684
2364
3132
3132
3004
2620
2364
2876
3900
5372
5884
5372
4604
3644
3132
3132
3644
4348
4604
3644
2236
1180
588
460
588
1052
1052
180
-1308
-2620
-3260
-3260
-2748
-2108
-1980
-2748
-3900
-4604
-4604
-3900
-3004
-2236
-1980
-2620
-3132
-3260
-2492
-1372
-356
132
244
40
-228
56
684
1372
2236
3004
3132
3004
3260
3772
4604
5884
6396
5884
4860
4092
4604
5884
6652
6396
6140
5628
4860
3516
2876
3516
4348
4348
3388
1980
652
-988
-1884
-1180
148
356
-1564
-3900
-5372
-5884
-5884
-5372
-4604
-4860
-6140
-7420
-7932
-7420
-6908
-6140
-5372
-5116
-5372
-5884
-6396
-6396
-5372
-3900
-2236
-1372
-1628
-2236
-2364
-1372
212
1820
3132
3900
3772
2876
2620
3132
4348
5628
6140
5884
5116
4092
3516
3388
3900
4348
4604
3900
2876
1756
684
72
132
844
1052
244
-1244
-2620
-3388
-3516
-3004
-2364
-2364
-3260
-4348
-5116
-5116
-4604
-3900
-3004
-2620
-2876
-3388
-3516
-3260
-2492
-1436
-460
96
-48
-524
-716
-164
924
2108
3132
3516
3260
3260
3772
5372
6908
6908
5884
4860
5116
6140
6908
7164
6908
6908
6396
5628
4604
4348
4604
4604
4604
4092
2876
1052
-924
-1500
-492
684
148
-1980
-4348
-5628
-5884
-5628
-4860
-4860
-5884
-7420
-8316
-8316
-7676
-7164
-6652
-6652
-6140
-5884
-6140
-6652
-6652
-5628
-4092
-2364
-1436
-1628
-2364
-2236
-924
1052
2876
3900
4348
4092
3388
3388
4348
5372
6140
6396
6140
5628
4860
4092
3516
3516
4092
4348
3644
2620
1436
196
-652
-492
428
716
-276
-1884
-3132
-3644
-3772
-3388
-3004
-3132
-3900
-4604
-5116
-4860
-4860
-4348
-3644
-2876
-2876
-3132
-3388
-3260
-2876
-1980
-780
-96
-228
-844
-924
-120
1052
2236
3004
3388
3516
3772
5116
6396
6140
5116
4604
5372
6908
7676
7420
6396
6396
6396
6140
5628
5628
5628
4860
4348
4092
3516
2108
340
-260
228
924
164
-1628
-3516
-4860
-5372
-5116
-4604
-4860
-6140
-7676
-8316
-7932
-7420
-6908
-6652
-6908
-7164
-6908
-6396
-6140
-6396
-5884
-4860
-3260
-2364
-2236
-2364
-2236
-1308
460
2236
3516
4092
3900
3388
3644
4604
5884
6140
5628
5372
5116
5116
4604
4348
3644
3388
3132
2876
2620
1820
588
-524
-812
-428
-228
-716
-1820
-2748
-3388
-3516
-3260
-3004
-3132
-3900
-4348
-4348
-4092
-3900
-3772
-3388
-3004
-2748
-2364
-2108
-2236
-2108
-1692
-876
-48
228
88
-164
40
748
1692
2492
3260
3644
4092
5372
6140
5628
4860
4348
5372
6908
7676
7420
6652
6140
5628
5116
5116
5884
6140
5372
4348
3644
2748
1436
212
180
924
1116
-276
-2364
-4092
-5116
-5372
-4860
-4348
-4860
-6140
-7932
-8828
-8316
-7420
-6908
-6652
-6908
-7164
-7164
-6908
-6652
-6396
-5628
-4604
-3260
-2492
-2492
-2492
-2236
-1116
748
2492
3644
3900
3132
2620
2748
4604
6652
6908
6140
5116
4604
4348
4348
4348
4348
4092
3260
2876
2236
1436
132
-716
-164
652
876
-428
-2108
-3388
-3772
-3260
-2236
-1628
-2364
-3644
-4604
-4348
-3644
-3260
-2876
-2620
-2492
-2620
-2492
-2236
-2236
-1980
-1372
-212
492
292
-308
-620
-340
652
1980
2748
3004
3132
3260
4348
5884
6396
5884
5116
5116
5884
6652
6908
6652
6652
6396
5884
5116
4860
5116
5116
4860
4348
3644
2492
556
-652
-292
652
652
-876
-2620
-4348
-5372
-5884
-5628
-5116
-5372
-6652
-7676
-7932
-7932
-7676
-7420
-7164
-6908
-6396
-6396
-6396
-6652
-6652
-5628
-4092
-2748
-2108
-2108
-2236
-1820
-748
812
2236
3132
3772
3772
3644
3900
4348
4860
4860
5116
5372
5372
5116
4092
3004
2492
2620
2876
3004
2748
1628
356
-716
-780
-308
-88
-324
-988
-1692
-2364
-2876
-3004
-2748
-2620
-2620
-2364
-2364
-2876
-3260
-3132
-2620
-1884
-1180
-924
-1180
-1564
-1756
-1372
-588
72
292
228
196
396
812
1244
1820
2620
3516
4348
5628
6140
5884
4604
3772
4604
6140
7164
7164
6652
6140
5628
4860
4348
4604
4860
5116
4860
4092
2876
1180
-492
-988
-340
492
396
-988
-3132
-5116
-5884
-6140
-5628
-5628
-5884
-6396
-7164
-7676
-7676
-7932
-7676
-7420
-6652
-5628
-5372
-5884
-6652
-6652
-5628
-4092
-2364
-1372
-1244
-1564
-1436
-620
748
2108
3132
3644
3516
3388
3772
4348
4604
4348
4604
4604
5116
4860
3900
3004
2364
2492
2748
3004
2364
1180
228
-180
0
244
396
-180
-1052
-1628
-1692
-1628
-1756
-1980
-1980
-1980
-1692
-1628
-1820
-2364
-2620
-2492
-1820
-988
-556
-812
-1308
-1436
-1052
-492
-88
32
-64
-196
64
652
1308
1756
1980
2108
2876
3772
4860
5372
5116
4604
3900
4092
4860
5628
6140
6140
6140
5628
5116
4348
3644
3388
3644
3900
3900
3004
1692
292
-460
-652
-588
-620
-1372
-2492
-3900
-4860
-5372
-5884
-6140
-6396
-6140
-6140
-6140
-6396
-6652
-7164
-7164
-6908
-6140
-5628
-5372
-5372
-5116
-4604
-4092
-3260
-2492
-1884
-1308
-652
164
812
1244
1564
1820
2364
2876
3260
3516
3644
3900
3772
3644
3388
3004
2876
2748
2748
2748
2364
1884
1180
812
716
924
1116
1180
924
308
-80
-276
-588
-780
-924
-684
-356
-324
-492
-844
-1308
-1628
-1628
-1500
-1244
-988
-988
-988
-812
-588
-492
-372
-492
-556
-276
8
212
428
684
716
716
1116
1756
2236
2492
1980
1500
1692
2492
3260
3516
3516
3516
3900
4348
4348
3516
2876
2748
3132
3644
3900
3644
3004
2620
2236
2108
1820
1436
924
556
244
-180
-924
-1500
-1980
-2492
-2876
-3132
-3516
-4092
-4604
-4860
-5116
-5116
-5116
-5372
-5372
-5372
-5372
-4860
-4604
-4348
-4348
-4348
-3900
-3388
-3004
-2748
-2492
-2108
-1564
-988
-492
-276
-196
-40
276
844
1244
1500
1564
1500
1692
1820
2108
2236
2236
2236
2236
2364
2364
2364
2364
2108
1980
2108
2236
2236
1692
1500
1372
1180
1244
1116
780
244
104
-112
-308
-148
24
-164
-588
-876
-1052
-924
-876
-1244
-1372
-1116
-924
-844
-716
-588
-620
-556
-340
148
780
716
396
460
876
1116
1372
1692
1980
2108
1980
1980
2108
2364
2492
2364
2492
2748
2748
2620
2620
2492
2236
2364
2364
2108
1820
1500
1052
748
652
524
340
80
-308
-716
-1052
-1436
-1820
-2108
-2364
-2748
-3004
-3260
-3388
-3644
-3772
-4092
-4348
-4092
-4092
-4092
-4092
-4092
-4092
-3772
-3388
-3004
-2748
-2620
-2492
-2236
-1756
-1372
-1116
-924
-684
-396
-228
-8
276
556
844
1244
1500
1564
1564
1628
1756
1884
1980
2236
2492
2364
2364
2236
2108
1980
1980
2108
2108
1756
1564
1500
1308
1308
716
132
132
340
340
-308
-372
-96
-340
-588
-924
-924
-652
-588
-780
-1180
-844
-308
-396
-428
-292
112
340
260
292
460
988
1308
1244
1116
1244
1692
2236
2236
2108
2108
2236
2364
2108
2108
2108
2108
1980
1884
1820
1884
1980
1756
1500
1308
1052
844
556
228
-96
-396
-652
-844
-988
-924
-1180
-1692
-1980
-2236
-2364
-2620
-3004
-3260
-3388
-3260
-3004
-3004
-3132
-3260
-3260
-3260
-3260
-3132
-3132
-3004
-2748
-2364
-1980
-1756
-1564
-1436
-1180
-844
-588
-492
-396
-180
40
164
324
716
988
1052
1052
1180
1244
1308
1116
1372
1628
1564
1372
1244
1436
1500
1180
844
716
780
812
716
460
196
180
260
24
-164
-292
-716
-780
-876
-716
-780
-780
-356
-308
-324
-460
-372
-104
148
372
492
396
684
1180
1180
1244
1052
1244
1628
2108
2236
2108
2236
2236
2364
2620
2620
2108
2108
2364
2620
2876
2492
2108
1884
1692
1308
924
716
780
924
988
988
524
40
-120
-132
-340
-924
-1564
-1820
-1756
-1564
-1628
-1980
-2108
-1884
-1884
-2108
-2620
-2876
-2876
-2620
-2492
-2364
-2364
-2364
-2236
-2108
-1884
-1820
-1820
-1756
-1500
-1308
-1180
-1180
-988
-652
-428
-324
-372
-276
-48
180
356
308
276
396
524
652
988
1180
1180
1180
988
716
588
924
1116
844
748
812
924
716
212
-244
-308
-260
-324
-460
-460
-428
-716
-812
-844
-620
-652
-1308
-1564
-1500
-1500
-1116
-492
-396
-292
0
24
148
276
-56
-396
40
684
1180
1244
1244
1500
1820
1980
1820
1628
1692
1692
1564
1756
1884
2108
2492
2492
2492
2364
1980
1820
1628
1564
1436
1180
1052
988
924
988
988
988
1052
748
112
-588
-988
-1244
-1308
-1500
-1436
-1308
-1244
-1308
-1564
-1756
-2108
-2364
-2492
-2492
-2364
-2492
-2620
-2620
-2492
-2236
-1980
-1884
-1820
-1884
-1980
-1884
-1820
-1692
-1564
-1372
-1116
-684
-196
56
120
180
196
292
524
684
988
1052
1116
1372
1564
1820
1820
1756
1756
1628
1500
1500
1372
1244
1116
876
812
988
1052
844
556
276
-72
-276
-308
-492
-588
-780
-988
-812
-396
-340
-716
-876
-812
-780
-652
-492
-372
-244
-120
-40
40
324
292
112
228
684
988
1052
1180
1180
924
876
1116
1500
1820
1884
1692
1564
1692
1980
2236
2492
2364
2108
2236
2492
2492
1980
1628
1372
1308
1244
1116
812
396
96
-212
-620
-1180
-1692
-1980
-2236
-2620
-2748
-2748
-2876
-3004
-3388
-3644
-3772
-3900
-4092
-4092
-4092
-3900
-3516
-3132
-2748
-2620
-2620
-2492
-2236
-1884
-1500
-1116
-924
-748
-460
-180
132
340
556
748
988
1116
1308
1372
1436
1500
1500
1692
1820
1884
1756
1628
1436
1308
1180
1180
1116
988
780
652
716
780
716
492
308
260
212
96
-48
-180
-212
-180
-16
164
244
132
-48
-72
16
120
120
56
-32
-88
24
260
460
620
716
924
924
812
620
556
780
1308
2108
2876
3388
3516
3644
3772
3900
4092
3772
3388
3132
3004
2748
2620
2492
2364
1980
1436
780
112
-492
-1180
-1820
-2364
-2876
-3132
-3388
-3644
-3900
-4092
-4092
-4348
-4604
-4860
-5116
-5116
-4860
-4604
-4092
-3516
-3004
-2492
-1980
-1500
-1244
-1052
-924
-844
-748
-588
-228
260
620
876
1052
1180
1244
1116
1052
924
748
620
460
292
260
356
356
428
396
308
180
-16
-228
-460
-524
-492
-324
-120
64
228
372
340
228
180
164
148
132
164
212
356
524
684
748
652
588
372
104
-8
0
8
120
244
308
372
524
652
780
988
1244
1436
1564
1884
2364
2876
3516
4348
5116
5628
5372
4860
4348
3900
3900
3516
3260
2876
2620
2364
1884
1244
684
196
-556
-1500
-2364
-3132
-3644
-4092
-4604
-4860
-4860
-4860
-5116
-5372
-5628
-5628
-5372
-5372
-5116
-4860
-4348
-3772
-2876
-1980
-1244
-460
276
748
988
924
924
924
988
988
1116
1372
1756
1980
1980
1756
1500
1308
988
460
24
-396
-620
-684
-588
-428
-340
-356
-588
-684
-780
-924
-1244
-1564
-1564
-1436
-1052
-620
-356
-120
132
356
356
276
164
112
72
104
180
396
620
684
716
748
812
812
652
308
16
0
260
556
780
988
1180
1372
1500
1628
1820
1980
2236
2620
3004
3260
3772
4604
5628
6396
6140
5372
4860
4604
4092
3132
2492
2492
2620
2108
1180
308
80
-260
-1116
-2236
-3132
-3644
-4604
-5372
-5884
-5628
-5372
-5372
-5884
-6140
-5628
-5372
-5372
-5628
-5116
-4348
-3900
-3644
-3132
-2108
-988
-120
340
844
1308
1564
1308
924
780
988
1244
1180
988
924
1116
1308
1180
876
492
132
-460
-1116
-1564
-1692
-1500
-1436
-1308
-1052
-652
-396
-460
-748
-844
-748
-780
-876
-924
-652
-308
132
652
1244
1756
1884
1692
1244
1052
1052
1052
812
620
748
924
988
988
876
844
844
716
492
428
524
716
876
1116
1436
1756
1980
1884
1980
2108
2108
2236
2492
2876
3388
3772
4604
5372
6396
6652
5884
4860
4348
4092
3388
2236
1436
1500
1500
844
-148
-780
-876
-1436
-2492
-3388
-3772
-4348
-5116
-6140
-5884
-5116
-4860
-5116
-5628
-5372
-4604
-4348
-4604
-4604
-4092
-3644
-3260
-2876
-1980
-812
-148
56
396
1116
1308
844
96
-180
-88
-164
-460
-684
-428
-148
0
-48
-132
-196
-524
-1180
-1884
-2236
-2364
-2492
-2492
-2236
-1628
-1052
-716
-620
-460
-228
24
80
-148
-180
-148
-72
228
876
1500
1820
1980
1980
1980
1884
1692
1372
1052
876
780
716
588
588
620
748
780
780
924
988
924
748
844
1116
1500
1756
1820
2108
2364
2492
2620
2620
2748
3004
3388
3644
4092
4348
4860
5628
6140
6140
5372
4860
4348
4092
3132
2108
1372
1308
1116
276
-524
-1052
-1244
-1884
-2620
-3132
-3388
-3900
-4604
-5116
-4860
-4348
-4604
-5116
-5372
-4860
-4092
-4348
-4348
-4092
-3260
-3004
-2876
-2492
-1756
-1052
-780
-716
-396
72
-32
-396
-524
-308
-180
-492
-924
-988
-780
-684
-748
-748
-620
-620
-924
-1372
-1692
-1884
-2108
-2236
-2108
-1692
-1436
-1372
-1180
-684
-80
164
180
96
112
32
-24
96
340
556
652
780
1052
1500
1628
1372
924
620
524
460
244
24
-64
-48
24
132
292
428
556
620
716
924
1116
1244
1180
1372
1756
2236
2620
2748
3004
3004
3132
3260
3388
3772
4092
4092
4348
4604
5116
5884
5884
5628
4860
4348
3900
3004
2108
1308
924
588
-72
-844
-1244
-1436
-1884
-2492
-3004
-3132
-3388
-4092
-4860
-5116
-4604
-4604
-4860
-5116
-4860
-4348
-4348
-4348
-3900
-3260
-2876
-3004
-2620
-1980
-1308
-1116
-1052
-812
-396
-244
-180
-196
-48
-148
-356
-428
-212
292
292
132
-56
148
244
24
-292
-652
-684
-924
-988
-924
-684
-428
-324
-32
228
684
748
716
524
396
292
212
260
228
308
340
524
780
876
844
684
524
308
56
-260
-460
-556
-588
-684
-684
-460
-212
-32
-56
104
492
844
988
1052
1308
1564
1980
2108
2364
2620
2876
3004
3132
3260
3260
3388
3516
3772
4092
4092
4092
4348
4604
4860
4860
4348
3900
3260
2492
1500
588
72
-212
-812
-1564
-2108
-2236
-2364
-2876
-3388
-3516
-3644
-3772
-4348
-4604
-4604
-4860
-5116
-5372
-5116
-4604
-4604
-4604
-4348
-3772
-3260
-3004
-2748
-2236
-1820
-1756
-1756
-1500
-988
-684
-556
-428
-80
324
524
460
492
812
924
876
748
748
684
460
340
460
716
652
292
164
372
652
620
588
684
844
876
780
780
780
620
308
244
460
620
492
212
72
164
276
180
40
32
-24
-244
-396
-340
-180
-148
-244
-228
40
324
460
556
652
924
1180
1500
1756
2108
2236
2236
2364
2748
3004
3132
3132
3132
3132
3260
3260
3260
3388
3388
3260
3388
3644
4092
4092
4092
3644
3260
2876
2364
1500
652
48
-492
-1052
-1500
-1884
-2108
-2236
-2620
-2876
-3132
-3388
-3644
-4092
-4604
-4860
-5116
-5372
-5372
-5372
-5372
-5116
-4860
-4348
-3900
-3644
-3260
-3004
-2748
-2492
-2108
-1820
-1436
-988
-556
-244
104
492
812
988
988
924
748
684
588
620
652
620
588
588
588
524
428
308
324
276
196
164
164
196
8
-8
0
132
120
40
72
24
48
40
24
-40
-32
-72
-104
-64
-80
-96
-308
-460
-396
-212
-132
-164
-132
-40
72
276
588
924
1116
1244
1436
1692
1980
2364
2492
2620
2876
3132
3388
3516
3644
3516
3388
3388
3516
3516
3644
3388
3260
3260
3260
3516
3772
3644
3516
3132
2876
2236
1564
684
-96
-620
-988
-1308
-1564
-1884
-2108
-2364
-2620
-3004
-3004
-3260
-3644
-4348
-4604
-4604
-4604
-4860
-5116
-4860
-4604
-4348
-4092
-3772
-3516
-3260
-3132
-2620
-1980
-1500
-1244
-988
-556
-180
212
556
924
1116
1180
1052
988
1052
924
812
716
780
924
924
812
684
492
324
148
120
180
132
-104
-112
32
148
148
24
-112
-276
-340
-428
-492
-524
-620
-812
-924
-988
-988
-988
-988
-924
-924
-924
-1052
-1180
-1180
-1052
-812
-492
-164
48
132
196
492
876
1244
1628
1980
2236
2492
2620
2876
3132
3388
3516
3516
3644
3644
3516
3260
3004
2876
2748
2620
2364
2236
2108
2108
2108
2236
2492
2492
2236
1980
1628
1244
652
164
-292
-684
-1116
-1500
-1820
-1980
-2236
-2492
-2620
-2748
-2876
-3132
-3388
-3516
-3772
-3900
-4092
-4092
-4092
-4092
-4092
-3900
-3644
-3132
-2748
-2364
-1980
-1500
-988
-524
-132
148
396
780
1244
1564
1564
1628
1692
1756
1692
1564
1500
1436
1436
1372
1372
1372
1308
1116
844
748
748
684
396
196
24
-80
-292
-524
-748
-924
-1180
-1372
-1372
-1372
-1372
-1500
-1564
-1628
-1564
-1500
-1564
-1564
-1564
-1500
-1436
-1308
-1180
-1116
-876
-556
-88
324
652
844
1052
1308
1564
1884
2108
2236
2364
2492
2620
2748
3004
3132
3132
3132
3132
3132
3004
2748
2492
2108
1980
1756
1564
1436
1372
1308
1180
1244
1436
1628
1564
1436
1308
1116
748
196
-292
-652
-1052
-1436
-1756
-1980
-1980
-2108
-2364
-2492
-2620
-2620
-2876
-3132
-3132
-3260
-3516
-3772
-3772
-3644
-3516
-3388
-3132
-2748
-2364
-1980
-1692
-1372
-924
-492
-40
428
988
1372
1500
1564
1756
1980
1884
1628
1436
1436
1244
1116
988
988
988
876
780
716
684
492
308
132
-8
-276
-684
-1052
-1372
-1628
-1820
-1980
-1884
-1756
-1820
-1884
-1820
-1564
-1308
-1308
-1244
-1116
-1052
-988
-988
-780
-556
-396
-164
196
556
876
1180
1436
1756
1980
2108
2236
2364
2364
2364
2492
2492
2492
2620
2620
2620
2620
2748
2748
2620
2620
2620
2364
1980
1692
1500
1308
1116
1052
1052
988
924
988
1116
1180
1116
924
684
428
88
-292
-652
-924
-1244
-1628
-1980
-2108
-2108
-2364
-2620
-2620
-2492
-2492
-2620
-2748
-2748
-2876
-2748
-2748
-2620
-2620
-2492
-2492
-2236
-1884
-1564
-1244
-924
-588
-212
104
396
716
812
876
988
1052
1052
988
924
844
876
924
924
844
748
588
460
292
112
-64
-356
-652
-924
-1052
-1116
-1244
-1436
-1628
-1692
-1820
-1820
-1820
-1756
-1692
-1692
-1564
-1308
-1116
-988
-844
-716
-492
-276
-72
88
212
396
716
1116
1500
1692
1756
1820
1980
2108
2108
2108
2108
2108
2108
2236
2364
2492
2492
2620
2748
2748
2748
2748
2620
2364
2236
2108
1980
1884
1692
1500
1436
1308
1308
1308
1180
988
780
652
524
308
32
-308
-716
-988
-1180
-1372
-1692
-1980
-2108
-2108
-2108
-2108
-2236
-2364
-2364
-2364
-2236
-2364
-2492
-2492
-2620
-2492
-2236
-1980
-1756
-1564
-1372
-1116
-780
-396
-120
-40
32
164
372
556
652
652
588
524
460
492
428
276
164
64
-8
-104
-260
-460
-684
-844
-924
-924
-1052
-1180
-1372
-1564
-1692
-1628
-1500
-1500
-1436
-1500
-1564
-1564
-1500
-1436
-1308
-1180
-988
-716
-492
-260
-16
212
428
652
924
1116
1244
1372
1372
1500
1628
1692
1756
1980
2108
2108
2236
2364
2620
2748
2748
2748
2876
2876
2876
2748
2620
2620
2364
2108
1980
1756
1564
1436
1308
1308
1308
1116
988
780
556
356
148
-24
-244
-524
-780
-1052
-1244
-1372
-1436
-1500
-1628
-1820
-1980
-1980
-1980
-1820
-1756
-1756
-1692
-1692
-1628
-1564
-1500
-1436
-1436
-1436
-1308
-1052
-844
-588
-396
-244
-112
56
164
276
372
396
396
356
340
260
164
88
96
132
132
0
-196
-396
-524
-684
-844
-988
-1116
-1116
-1244
-1372
-1436
-1372
-1308
-1308
-1244
-1308
-1372
-1372
-1372
-1436
-1372
-1308
-1244
-1052
-924
-716
-556
-428
-292
-48
180
372
588
716
876
988
1180
1308
1436
1436
1500
1628
1564
1628
1756
1884
1980
1980
2108
2236
2364
2492
2620
2620
2620
2364
2108
1884
1756
1628
1436
1180
988
812
684
556
524
428
276
132
-48
-308
-524
-652
-812
-988
-988
-1052
-1180
-1308
-1372
-1308
-1116
-1052
-988
-988
-988
-924
-780
-684
-652
-716
-876
-876
-876
-812
-748
-748
-716
-652
-556
-372
-292
-260
-308
-324
-356
-372
-428
-524
-556
-556
-492
-428
-428
-524
-556
-556
-588
-588
-652
-748
-844
-876
-876
-876
-876
-876
-812
-780
-716
-652
-620
-588
-556
-556
-524
-372
-276
-228
-164
-48
112
292
396
460
492
588
684
812
924
1052
1180
1180
1308
1564
1756
1756
1820
1884
1980
1980
1980
1884
1820
1756
1756
1820
1820
1820
1692
1500
1436
1372
1308
1180
1052
844
748
588
428
276
88
-80
-228
-324
-396
-492
-652
-812
-876
-924
-924
-876
-924
-988
-988
-924
-924
-844
-876
-988
-1052
-988
-924
-924
-988
-1052
-1116
-1116
-1052
-924
-876
-924
-988
-988
-988
-988
-1116
-1180
-1244
-1244
-1244
-1244
-1180
-1116
-1052
-924
-812
-748
-716
-748
-748
-780
-748
-684
-620
-620
-748
-812
-716
-588
-492
-460
-460
-428
-396
-396
-340
-276
-244
-180
-104
-40
56
164
228
324
460
652
780
844
812
844
924
1116
1244
1436
1500
1564
1628
1628
1692
1820
1884
1980
1980
2108
2236
2108
2108
1980
1980
1756
1692
1564
1436
1244
1180
1180
1244
1180
1052
1052
1052
988
924
844
652
428
212
148
48
-24
-96
-196
-276
-308
-340
-396
-524
-620
-684
-684
-652
-652
-748
-876
-924
-924
-876
-844
-924
-1052
-1180
-1180
-1052
-988
-1052
-1116
-1116
-1116
-1052
-988
-988
-1052
-1180
-1244
-1372
-1372
-1436
-1436
-1372
-1308
-1244
-1116
-1052
-1052
-924
-844
-748
-684
-748
-844
-988
-1052
-1052
-988
-924
-844
-844
-844
-812
-780
-716
-652
-588
-492
-396
-372
-372
-292
-132
-16
148
324
396
460
556
684
812
988
1180
1308
1308
1308
1308
1308
1372
1372
1372
1436
1372
1372
1500
1564
1628
1692
1756
1756
1692
1564
1436
1308
1244
1180
1116
988
924
876
812
876
988
988
988
876
716
556
492
396
276
228
148
104
48
-80
-196
-276
-396
-492
-588
-716
-876
-988
-988
-988
-924
-876
-988
-1052
-1180
-1116
-1052
-988
-1052
-1052
-1052
-1052
-988
-924
-812
-780
-716
-684
-652
-588
-588
-524
-460
-372
-276
-212
-228
-244
-244
-228
-148
-48
-8
-32
-120
-132
-164
-148
-132
-180
-196
-276
-324
-428
-492
-460
-428
-396
-372
-356
-340
-324
-228
-120
-32
32
64
64
96
196
260
324
324
292
324
396
428
492
588
620
652
684
748
716
652
588
524
556
620
620
652
684
748
780
812
876
812
780
684
620
556
460
396
356
324
340
372
428
396
396
372
292
228
196
164
40
-64
-88
-104
-132
-196
-356
-524
-588
-684
-748
-748
-812
-876
-924
-988
-988
-988
-988
-924
-924
-876
-876
-812
-780
-652
-524
-428
-372
-276
-244
-196
-104
0
64
0
8
64
180
276
340
372
356
372
356
308
308
276
196
132
96
96
40
16
0
-8
24
40
-8
-104
-212
-292
-292
-244
-228
-260
-276
-212
-196
-228
-148
-32
16
24
64
148
212
276
292
324
372
396
396
372
460
492
492
524
556
556
556
524
556
652
684
652
620
652
620
588
588
524
492
492
492
460
396
356
276
244
212
164
80
40
-16
-88
-96
-132
-212
-276
-372
-492
-524
-556
-684
-812
-876
-988
-988
-988
-1052
-1052
-1052
-988
-988
-924
-988
-988
-988
-924
-780
-652
-492
-356
-260
-148
16
132
244
308
324
276
292
324
340
396
428
460
460
492
556
556
492
460
428
396
396
292
212
196
228
260
324
340
308
212
148
88
88
72
-8
-64
-96
-132
-112
-120
-148
-148
-180
-180
-228
-260
-260
-260
-244
-164
-132
-56
-24
-64
-104
-120
-64
-16
-24
0
8
64
164
260
356
460
492
428
396
428
428
396
308
308
372
428
428
396
428
428
428
340
244
164
88
-16
-112
-132
-148
-180
-228
-292
-340
-324
-356
-428
-460
-524
-588
-652
-716
-780
-748
-716
-652
-588
-524
-524
-460
-396
-292
-164
-104
-88
-32
8
48
132
148
180
260
324
396
460
524
524
588
588
620
588
524
460
396
308
308
340
324
276
212
196
212
228
228
180
64
0
-8
-16
-8
-16
0
0
8
16
-40
-120
-196
-308
-356
-396
-428
-524
-620
-620
-588
-524
-460
-428
-428
-428
-460
-460
-396
-428
-396
-396
-372
-308
-196
-88
-8
72
196
276
340
396
428
524
588
588
588
556
492
460
460
428
428
396
356
356
356
372
324
260
180
32
-88
-196
-324
-428
-460
-460
-396
-396
-324
-292
-276
-276
-324
-356
-428
-524
-588
-588
-524
-460
-356
-196
-56
80
212
276
308
340
324
276
244
196
228
260
324
428
460
524
620
588
588
620
588
524
492
460
396
340
292
308
324
292
308
308
260
212
196
228
212
164
132
56
-40
-148
-244
-308
-356
-428
-460
-524
-556
-588
-620
-652
-620
-620
-652
-716
-780
-812
-812
-780
-748
-684
-652
-652
-588
-524
-396
-276
-212
-132
-96
-88
-16
72
212
308
372
428
460
460
460
492
492
428
396
356
324
308
292
260
292
276
244
180
104
24
-120
-228
-324
-428
-460
-524
-588
-620
-588
-524
-492
-428
-396
-428
-396
-372
-340
-260
-196
-164
-96
16
148
260
340
460
556
588
620
556
556
620
684
748
780
748
716
716
684
748
812
844
876
876
812
780
748
748
684
652
556
460
372
292
228
180
164
148
96
40
-32
-88
-180
-308
-396
-460
-556
-652
-748
-780
-812
-812
-780
-780
-780
-812
-844
-844
-844
-812
-748
-748
-716
-684
-652
-588
-492
-396
-372
-324
-276
-212
-148
-40
72
196
324
396
460
460
492
524
492
492
492
524
524
460
460
492
460
428
324
196
96
8
-48
-148
-228
-292
-372
-460
-492
-556
-620
-684
-780
-844
-844
-812
-748
-716
-684
-620
-524
-460
-396
-292
-228
-180
-80
-32
8
56
148
244
324
460
556
588
588
588
524
556
588
588
588
652
684
748
780
748
780
844
924
844
780
748
652
620
588
524
460
396
276
228
180
132
72
0
-96
-180
-244
-324
-428
-492
-588
-620
-620
-684
-748
-812
-812
-812
-716
-684
-652
-620
-556
-460
-396
-340
-260
-244
-228
-164
-88
-24
32
80
104
132
196
244
244
276
372
428
460
492
492
460
428
428
492
524
460
356
260
212
148
80
88
64
8
0
-72
-148
-180
-244
-260
-260
-276
-308
-396
-428
-460
-492
-492
-492
-492
-460
-492
-524
-428
-356
-276
-212
-180
-180
-148
-80
0
104
148
196
244
276
340
396
356
340
372
396
428
492
524
524
524
524
524
460
372
260
180
148
132
112
80
72
88
56
8
16
8
-72
-148
-212
-276
-324
-356
-372
-396
-428
-396
-396
-460
-460
-428
-372
-340
-292
-276
-324
-340
-324
-276
-212
-148
-104
-120
-88
-16
24
56
48
64
48
24
8
80
112
104
148
180
212
228
260
260
308
356
396
356
324
276
244
212
212
228
228
180
132
132
120
64
16
0
-16
-64
-120
-180
-260
-276
-276
-244
-244
-228
-164
-180
-196
-180
-132
-72
-24
-32
-32
-64
-32
40
112
180
260
292
308
308
308
324
340
340
324
324
308
260
212
164
164
164
164
132
88
24
-24
-40
-72
-132
-180
-228
-244
-260
-244
-276
-308
-276
-244
-212
-196
-180
-164
-180
-180
-180
-228
-260
-244
-212
-196
-132
-120
-72
-56
-88
-96
-120
-88
-96
-104
-148
-180
-196
-164
-112
-72
-48
-40
-8
0
16
32
56
72
48
40
40
56
120
148
212
244
260
276
276
260
260
292
292
260
228
228
164
148
148
72
72
40
16
0
-16
-72
-120
-164
-196
-212
-196
-212
-260
-276
-244
-196
-164
-80
-48
-32
8
32
64
88
88
72
56
96
148
244
340
340
292
244
196
196
148
88
16
-24
-40
-64
-96
-104
-88
-80
-56
0
0
-48
-104
-164
-164
-132
-88
-56
-32
-48
-72
-48
0
48
40
0
-24
-56
-80
-56
-88
-96
-104
-88
-64
-88
-112
-148
-132
-96
-72
-56
-88
-112
-132
-112
-40
-40
-120
-180
-212
-244
-260
-276
-260
-228
-196
-132
-80
-40
-48
-16
56
104
164
164
180
228
292
324
396
428
460
460
492
460
428
428
372
324
276
292
276
244
196
180
180
132
132
96
8
-72
-120
-80
-64
-96
-132
-148
-164
-132
-120
-148
-148
-120
-112
-80
-48
-48
-64
-48
-16
32
64
56
48
32
0
0
0
-40
-88
-148
-196
-196
-148
-132
-132
-132
-96
-72
-32
32
64
88
64
40
56
16
8
8
-24
0
24
8
40
64
40
40
64
72
96
80
-24
-64
-104
-148
-212
-180
-132
-148
-104
-56
-48
-80
-120
-164
-164
-180
-212
-292
-372
-428
-396
-396
-372
-340
-340
-340
-308
-292
-228
-148
-132
-72
0
72
120
148
212
244
276
292
340
308
260
244
260
276
276
292
260
260
292
308
340
308
244
228
196
148
112
48
-40
-56
-24
-32
-32
-24
-16
-8
-8
24
32
40
8
0
0
-16
-16
-32
-56
-40
-40
-8
0
-48
-72
-104
-148
-164
-228
-260
-260
-260
-212
-148
-72
-24
-8
24
48
112
148
112
120
88
72
88
80
88
148
212
212
244
244
244
260
228
228
228
228
148
88
48
32
0
-32
-24
-48
-56
-48
0
24
24
-8
-48
-64
-104
-148
-212
-244
-292
-340
-324
-292
-260
-244
-228
-196
-196
-164
-180
-212
-180
-148
-120
-112
-112
-72
-16
24
72
120
148
148
132
148
180
196
164
132
148
196
260
340
396
396
356
260
164
132
112
56
0
-40
-8
-24
-40
-40
-24
-32
-16
-48
-56
-80
-132
-180
-196
-132
-96
-96
-80
-96
-164
-180
-196
-228
-260
-308
-356
-324
-292
-276
-292
-276
-244
-196
-132
-88
-56
-56
-56
-56
-40
16
40
24
24
24
40
80
132
164
212
228
244
260
276
292
308
340
340
324
276
228
164
132
132
104
88
80
72
40
24
16
8
-8
0
-56
-72
-64
-112
-132
-164
-148
-112
-112
-96
-72
-88
-72
-40
-56
-64
-32
8
56
104
120
132
104
80
132
132
148
196
164
112
80
80
96
132
180
164
164
180
120
112
112
88
32
24
72
88
80
32
0
-16
0
16
8
-8
-72
-132
-180
-180
-212
-212
-196
-196
-180
-132
-96
-112
-164
-180
-212
-244
-308
-356
-372
-396
-340
-276
-180
-112
-96
-88
-112
-120
-88
-40
-24
0
16
-16
-16
0
40
132
180
212
164
132
148
164
164
180
180
180
148
104
112
120
132
96
88
104
56
-8
-32
-64
-80
-80
-96
-88
-132
-180
-164
-148
-132
-132
-112
-120
-164
-180
-212
-228
-212
-180
-132
-148
-148
-132
-120
-72
-32
-8
8
48
64
80
88
80
56
72
112
120
112
96
104
164
196
212
244
196
132
104
96
120
112
88
96
72
64
80
88
64
56
48
104
80
24
8
-24
0
40
64
96
104
64
96
132
88
64
56
-16
-48
-16
0
0
0
0
-16
16
64
112
132
132
88
104
132
104
112
88
80
88
96
120
104
96
112
96
104
164
180
148
132
112
96
80
80
64
24
8
0
-24
-64
-80
-64
-88
-120
-164
-180
-196
-228
-228
-228
-180
-148
-164
-164
-212
-260
-308
-340
-340
-340
-356
-356
-372
-356
-356
-324
-260
-196
-132
-96
-88
-120
-120
-112
-112
-132
-148
-164
-148
-104
-88
-72
-32
0
32
72
88
96
48
56
56
32
24
40
56
16
40
64
120
148
148
164
164
164
180
164
164
164
164
196
212
212
180
164
164
148
180
196
132
72
24
32
64
104
120
120
104
64
72
48
32
8
-16
-24
0
16
16
8
24
64
104
132
148
148
148
132
148
148
180
180
196
228
244
292
292
228
196
164
132
72
32
-8
-48
-64
-96
-80
-104
-148
-180
-212
-212
-164
-132
-132
-180
-196
-244
-260
-276
-308
-356
-340
-356
-340
-292
-276
-260
-212
-180
-148
-112
-80
-112
-132
-132
-148
-180
-196
-196
-180
-148
-88
-32
-8
-24
-16
-24
-32
-8
0
-8
-24
-8
16
40
96
120
112
164
180
180
180
164
180
212
228
228
212
164
104
64
88
148
164
132
112
80
56
56
56
16
-64
-112
-164
-196
-180
-164
-180
-164
-120
-80
-56
-80
-72
-80
-56
-40
-24
-24
-48
-16
-24
8
64
104
132
148
148
180
212
164
132
132
132
164
148
148
120
132
148
132
148
132
104
64
64
64
56
0
8
32
48
32
24
