SAMPLES:	8925
BITSPERSAMPLE:	16
CHANNELS:	1
SAMPLERATE:	16000
NORMALIZED:	FALSE
-88
-88
-88
-88
-88
-88
-80
-80
-80
-80
-72
-72
-64
-64
-64
-64
-64
-64
-56
-48
-48
-48
-48
-40
-40
-32
-32
-32
-24
-24
-24
-16
-16
-8
-8
-8
-8
-8
0
0
0
0
8
8
8
8
16
16
16
16
16
16
16
16
24
24
32
32
32
32
32
32
32
32
32
40
40
40
32
40
40
32
40
40
40
40
40
40
48
40
40
40
40
32
32
32
24
32
32
32
32
24
24
16
16
16
16
8
8
8
0
8
8
8
8
0
0
0
0
0
0
0
0
0
0
0
0
0
0
0
8
8
8
8
16
8
8
8
8
8
8
8
8
8
8
16
16
16
16
16
24
16
24
32
32
32
32
24
24
24
24
16
16
16
16
16
16
16
16
16
8
8
0
0
0
-8
-8
-8
-16
-16
-24
-24
-24
-24
-24
-24
-32
-32
-32
-40
-40
-48
-48
-48
-48
-48
-48
-48
-56
-56
-64
-64
-64
-56
-56
-56
-56
-56
-56
-56
-64
-56
-56
-56
-56
-56
-56
-56
-56
-48
-48
-40
-40
-40
-32
-32
-32
-32
-24
-24
-24
-24
-16
-16
-16
-16
-16
-16
-8
0
0
0
0
8
8
8
16
16
24
24
32
32
32
40
40
48
48
48
56
56
56
64
64
64
72
72
72
72
64
72
72
72
72
72
72
72
72
80
72
72
72
72
72
72
72
64
64
56
56
48
48
48
40
40
32
24
24
16
16
8
8
8
8
0
0
0
0
0
-8
-8
-16
-16
-16
-16
-24
-24
-32
-32
-32
-32
-32
-40
-40
-48
-48
-56
-56
-56
-56
-56
-56
-56
-56
-56
-56
-56
-64
-64
-64
-72
-72
-72
-72
-72
-72
-64
-64
-64
-64
-64
-64
-64
-56
-56
-56
-48
-48
-40
-40
-40
-32
-32
-24
-24
-24
-16
-16
-8
-8
0
0
0
8
8
16
16
16
16
16
16
24
32
40
32
40
40
48
56
56
56
56
56
56
56
56
56
48
48
56
56
56
56
56
56
48
48
48
40
40
40
40
40
32
32
24
24
24
16
8
8
0
0
0
0
-8
0
-8
-8
-16
-16
-16
-24
-24
-16
-16
-24
-24
-24
-24
-24
-24
-24
-24
-24
-16
-16
-16
-8
-8
-8
0
0
0
0
0
0
0
8
8
8
8
16
16
24
24
24
24
24
32
32
32
32
32
32
32
32
40
40
32
32
24
24
24
16
8
8
8
8
0
0
0
0
0
-8
-8
-8
-16
-16
-16
-24
-24
-32
-32
-32
-32
-40
-40
-40
-40
-40
-48
-48
-56
-48
-56
-56
-48
-56
-56
-56
-56
-64
-64
-64
-64
-64
-56
-56
-56
-56
-56
-56
-48
-48
-40
-40
-40
-32
-40
-32
-32
-32
-24
-24
-24
-24
-16
-16
-8
-8
-8
-8
0
0
0
8
16
16
16
16
24
24
16
24
24
24
32
32
24
24
32
32
40
48
40
48
48
48
48
48
56
56
64
64
64
64
64
64
72
72
72
72
72
80
72
80
88
88
88
88
88
88
88
80
72
80
72
72
72
64
64
64
56
56
56
48
40
32
32
24
16
8
0
0
-8
-8
-16
-24
-32
-40
-48
-48
-56
-64
-64
-64
-72
-72
-72
-80
-88
-88
-96
-96
-96
-104
-104
-112
-112
-112
-112
-104
-96
-96
-96
-88
-88
-88
-88
-80
-80
-80
-80
-80
-80
-72
-72
-64
-56
-56
-48
-40
-40
-40
-40
-32
-32
-32
-24
-24
-24
-16
-16
-16
-16
-16
-8
-8
-8
-8
0
0
0
8
8
8
16
16
16
24
32
32
32
40
40
40
48
48
56
56
64
64
72
80
80
80
88
88
96
96
96
96
96
96
96
96
96
88
88
88
96
88
88
88
88
88
80
72
64
56
48
48
40
40
32
24
24
16
16
16
8
0
0
0
0
-8
-16
-16
-24
-16
-16
-16
-24
-24
-32
-32
-32
-40
-40
-40
-48
-48
-40
-48
-40
-40
-32
-40
-32
-24
-32
-32
-32
-32
-32
-24
-24
-24
-16
-16
-16
-16
-8
-16
-16
-24
-24
-24
-32
-32
-32
-32
-24
-24
-24
-24
-16
-16
-24
-32
-32
-32
-32
-32
-24
-24
-24
-24
-24
-24
-24
-32
-24
-24
-24
-16
-24
-16
-16
-16
-16
-8
-8
-8
-8
-8
0
0
-8
-8
-8
-8
-8
-8
0
0
0
0
0
0
-8
-8
0
-8
0
-8
-8
-8
-8
0
0
0
0
0
0
0
0
0
0
0
0
8
8
8
0
0
0
0
8
8
8
8
8
8
16
16
16
24
24
24
24
24
24
24
24
24
32
24
32
40
40
40
40
40
48
48
48
56
48
48
40
40
48
40
40
40
40
32
32
40
32
32
32
32
32
32
24
24
24
24
24
16
16
16
16
8
8
8
8
8
8
0
0
0
0
0
-8
-8
-8
-8
-8
-16
-16
-24
-24
-32
-40
-40
-48
-48
-48
-48
-48
-48
-48
-48
-56
-56
-64
-64
-64
-64
-64
-64
-56
-56
-56
-56
-56
-56
-48
-40
-40
-40
-40
-40
-40
-24
-24
-24
-16
-24
-16
-16
-16
-8
-8
-8
0
0
0
0
0
8
8
8
8
8
8
8
16
16
16
16
24
24
24
32
32
24
24
24
24
16
24
24
24
32
24
24
24
16
16
16
16
8
0
0
0
8
8
16
24
24
24
24
32
24
24
24
24
24
24
24
24
24
24
32
48
48
56
64
64
64
64
64
64
72
72
72
64
56
56
56
56
48
48
40
40
32
24
8
0
-8
-16
-16
-24
-40
-48
-56
-64
-72
-80
-88
-88
-88
-96
-104
-112
-112
-120
-120
-132
-132
-132
-132
-132
-132
-132
-132
-132
-132
-132
-132
-132
-132
-120
-104
-96
-80
-72
-64
-48
-40
-32
-24
-8
0
16
32
48
64
72
80
88
96
112
132
148
148
164
180
180
196
196
196
212
212
228
228
228
212
212
196
180
164
164
148
132
120
104
80
64
48
24
8
-8
-24
-48
-72
-104
-132
-164
-180
-196
-212
-228
-244
-260
-276
-308
-308
-308
-324
-308
-308
-308
-292
-292
-276
-276
-276
-260
-244
-228
-212
-196
-180
-164
-148
-148
-120
-88
-56
-32
-8
8
24
40
56
72
80
112
132
164
180
212
212
228
244
260
292
308
324
356
396
396
428
428
428
428
460
460
492
492
524
492
524
524
524
524
524
556
556
556
524
524
492
460
428
396
396
340
292
244
164
80
8
-56
-148
-228
-308
-396
-492
-588
-652
-748
-844
-924
-988
-1116
-1180
-1244
-1308
-1308
-1372
-1372
-1436
-1436
-1372
-1372
-1308
-1308
-1244
-1180
-1116
-1052
-924
-876
-780
-684
-588
-460
-356
-260
-164
-40
72
164
276
396
492
620
716
780
876
988
988
1052
1180
1244
1308
1308
1308
1372
1372
1372
1308
1308
1308
1308
1244
1180
1180
1116
1116
1116
1052
988
988
988
988
924
844
812
748
716
684
652
652
620
556
524
428
356
228
96
16
-64
-180
-292
-428
-588
-748
-924
-1052
-1180
-1244
-1372
-1500
-1628
-1756
-1884
-1980
-2108
-2108
-2108
-2236
-2236
-2108
-2108
-2108
-2108
-1980
-1980
-1820
-1692
-1564
-1372
-1244
-1052
-924
-780
-620
-492
-292
-132
24
164
324
460
620
684
812
988
1052
1180
1244
1308
1372
1500
1500
1500
1564
1564
1564
1564
1628
1628
1564
1564
1436
1372
1372
1308
1244
1180
1180
1116
1052
924
844
684
588
492
372
292
260
244
244
260
292
292
340
460
492
460
460
556
652
780
924
988
1052
1052
1052
988
988
988
988
924
876
812
652
460
260
96
-80
-260
-428
-620
-876
-1052
-1308
-1564
-1756
-1980
-2108
-2236
-2364
-2492
-2492
-2492
-2620
-2748
-2876
-2876
-2876
-2876
-2748
-2620
-2492
-2364
-2236
-2108
-1980
-1820
-1564
-1372
-1116
-876
-652
-460
-308
-112
56
180
396
588
780
876
988
988
1052
1180
1244
1244
1372
1372
1372
1372
1500
1436
1372
1436
1308
1244
1244
1180
988
844
844
684
428
396
308
104
0
-8
-32
-148
-180
-132
-148
-132
-40
32
96
180
228
372
524
652
844
924
1116
1372
1628
1980
1980
2108
2364
2620
2748
3004
3132
3260
3388
3388
3260
3132
3004
2748
2620
2492
2364
2108
1756
1372
924
620
276
-132
-556
-924
-1308
-1692
-2108
-2492
-2876
-3260
-3516
-3772
-3900
-4092
-4092
-4348
-4348
-4348
-4348
-4348
-4348
-4092
-4092
-3644
-3388
-3132
-2876
-2748
-2492
-2236
-1884
-1628
-1244
-924
-652
-428
-228
-16
180
492
716
988
1244
1308
1308
1436
1500
1436
1500
1564
1628
1628
1628
1564
1436
1372
1180
1244
1244
1180
1116
988
844
780
748
620
524
524
620
340
340
356
196
244
340
396
356
428
524
588
556
652
812
924
1052
1116
1244
1372
1564
1756
1884
2108
2108
2236
2364
2620
2748
2876
3004
3004
3004
2876
2620
2492
2364
2108
2108
1884
1564
1244
812
428
96
-260
-652
-988
-1436
-1820
-2236
-2620
-3004
-3260
-3516
-3772
-4092
-4092
-4092
-4348
-4348
-4348
-4348
-4348
-4092
-4092
-4092
-3772
-3388
-3132
-2876
-2620
-2364
-2108
-1756
-1436
-1052
-780
-428
-164
132
396
588
812
1052
1180
1372
1628
1692
1884
1980
2108
2108
2236
1980
1980
2108
1980
2108
2108
1980
1756
1756
1564
1372
1372
1564
1372
1180
1180
924
684
716
684
684
780
844
652
324
276
292
228
228
212
244
164
56
40
132
96
132
292
492
684
812
876
1052
1244
1372
1372
1308
1436
1564
1756
1884
1980
1980
2108
2108
1980
1820
1692
1564
1436
1308
1180
988
684
228
-148
-340
-652
-924
-1244
-1564
-1980
-2236
-2492
-2876
-3004
-3260
-3516
-3516
-3516
-3644
-3644
-3772
-3772
-3772
-3644
-3644
-3516
-3388
-3260
-2876
-2748
-2492
-2236
-1980
-1820
-1564
-1180
-1052
-780
-524
-276
-48
228
396
428
716
1052
1052
1180
1372
1372
1500
1692
1692
1500
1692
1628
1500
1756
1692
1564
1436
1436
1628
1628
1628
1756
1628
1564
1436
1308
1436
1052
1116
1116
924
924
812
748
588
652
748
524
492
652
556
460
652
748
524
460
524
428
460
684
844
812
924
1116
1244
1436
1564
1436
1564
1884
2108
2108
2236
2236
2236
2108
2108
1884
1756
1628
1500
1372
1372
1180
812
460
196
-112
-460
-652
-988
-1308
-1564
-1820
-2108
-2492
-2748
-3004
-3132
-3260
-3388
-3388
-3516
-3644
-3644
-3644
-3644
-3644
-3644
-3644
-3516
-3260
-3004
-2876
-2748
-2620
-2364
-2108
-1980
-1756
-1500
-1244
-1052
-844
-652
-460
-308
-196
88
340
460
620
556
716
924
988
988
1116
1244
1244
1372
1436
1372
1500
1628
1500
1372
1628
1756
1756
1628
1564
1372
1372
1564
1244
1052
1244
1372
1180
1116
1180
988
1052
1052
988
988
1180
1052
748
988
1244
988
812
1052
1180
1308
1436
1564
1628
1564
1820
2108
2108
2108
2108
2108
2236
2364
2492
2492
2492
2492
2492
2364
2108
1820
1628
1564
1436
1180
924
524
64
-340
-556
-780
-1180
-1500
-1820
-2108
-2492
-2748
-3004
-3388
-3644
-3900
-3900
-4092
-4092
-4092
-4348
-4348
-4348
-4348
-4348
-4092
-4092
-3772
-3388
-3260
-3132
-2876
-2620
-2364
-2108
-1756
-1628
-1308
-988
-748
-428
-292
-104
212
492
748
924
1116
1244
1308
1500
1692
1756
1820
1980
1820
1980
2364
2108
2236
2492
1980
1980
2236
1820
1436
1756
1884
1820
1884
1884
1564
1308
1500
1436
1052
1372
1372
844
844
924
924
372
372
652
812
428
324
428
308
276
80
244
556
924
876
524
652
1180
1052
1052
1500
1116
1244
1436
1564
1436
1564
1820
1756
1692
1692
1436
1180
1244
1116
844
748
556
24
-324
-524
-716
-988
-1244
-1564
-1884
-2108
-2364
-2748
-2876
-3132
-3260
-3388
-3388
-3516
-3644
-3644
-3644
-3644
-3644
-3516
-3516
-3388
-3132
-2876
-2492
-2236
-2108
-1820
-1628
-1372
-1052
-684
-492
-260
112
428
356
428
684
780
1180
1500
1308
1436
1884
1564
1244
1980
2108
1756
1820
1692
1692
1980
1980
1564
1564
2236
1628
1244
1756
1564
1244
1500
1052
1052
1628
1116
620
780
1052
620
588
492
212
212
588
428
64
684
276
-180
292
244
212
460
460
16
524
652
260
524
1244
1052
812
1244
1564
1436
1692
1628
1308
1692
2108
1820
1884
2236
2108
1692
1820
1692
1180
1116
1116
876
780
748
164
-292
-620
-1052
-1372
-1500
-1820
-2236
-2492
-2748
-3132
-3516
-3772
-3900
-4092
-4348
-4092
-4092
-4348
-4348
-4604
-4604
-4348
-4092
-4092
-3772
-3516
-3260
-2876
-2492
-2236
-2108
-1884
-1308
-876
-588
-356
-88
196
164
492
1052
1116
1500
1692
1692
1820
2108
1884
1692
2236
2748
2620
2748
3004
2364
2236
2748
2364
2236
3132
2876
1884
2492
2620
1500
1820
2876
1884
1564
2876
1756
876
1628
1564
1116
1116
1564
1116
924
924
356
620
844
716
132
196
212
-8
72
-16
-32
96
276
356
780
556
276
556
924
1052
1180
1244
924
924
1116
1436
1436
1372
1436
1308
1116
780
588
428
460
276
40
-72
-372
-924
-1436
-1500
-1564
-1980
-2364
-2620
-2876
-3260
-3516
-3772
-4092
-4092
-4092
-4092
-4092
-3900
-4092
-4348
-4092
-4092
-3900
-3516
-3516
-3388
-3132
-2748
-2364
-1980
-1628
-1308
-844
-308
-228
-96
228
588
812
1244
1756
1692
1564
1884
1980
1980
2236
2236
2236
2364
2492
2492
2492
2108
2364
2492
2364
2108
2620
2236
1116
2108
1756
1180
1980
1692
924
556
1628
1052
148
1180
988
-56
652
492
-460
-132
396
-16
-196
876
356
-652
-132
40
64
164
212
292
164
356
212
260
1116
1308
812
988
1500
1628
1628
2108
1980
1820
2108
2236
2108
2236
2492
2364
2364
2364
2108
1628
1372
1244
1180
988
812
276
-340
-716
-988
-1308
-1564
-1884
-2364
-2620
-3004
-3260
-3644
-4092
-4092
-4092
-4092
-4092
-4092
-4348
-4604
-4604
-4348
-3900
-3644
-3644
-3644
-3388
-3004
-2620
-2236
-1820
-1500
-1052
-588
-428
-228
32
324
620
1116
1436
1244
1308
1628
1500
1628
2236
2108
1980
1980
2236
2108
1884
1884
2364
1564
1980
2364
1980
2108
1180
988
1500
1500
1372
988
1308
1372
428
148
460
524
460
120
-16
652
844
-684
-1180
-56
556
48
-340
652
652
-196
-292
-212
-40
588
112
64
1052
1116
356
524
1244
1244
1308
2236
2492
2236
2108
1756
1500
2364
2620
2236
2620
2876
2364
1692
1628
1500
1052
1372
1564
1116
684
80
-780
-1244
-1180
-1180
-1436
-1756
-2236
-2748
-3132
-3644
-3900
-3900
-3644
-3644
-3900
-3900
-4092
-4348
-4348
-4348
-3644
-3260
-3132
-3132
-3260
-3132
-2748
-2108
-1564
-1052
-460
-324
-276
-276
-24
292
844
1564
1980
2236
1980
1500
1628
2108
2364
2364
2492
2620
2236
1628
1756
1820
1500
1500
1692
2108
1884
1436
1116
844
684
844
876
924
652
196
-72
-460
-340
-276
-716
-276
324
-196
-1244
-1116
-524
-876
-1180
-428
716
132
-1052
-588
0
-396
-460
324
748
684
524
276
428
1244
1372
1180
2236
3004
2492
2108
2236
2236
2364
3004
3260
3132
3004
2748
2364
2108
1884
1692
2108
2364
1756
1052
684
-104
-924
-924
-620
-716
-1308
-1980
-2620
-3004
-3388
-3516
-3516
-3516
-3772
-4092
-4092
-4348
-4604
-4604
-4092
-3900
-3644
-3260
-3260
-3516
-3644
-3388
-2748
-2108
-1500
-1116
-716
-652
-716
-276
180
428
1052
1628
1756
1692
1564
1564
1820
1980
2364
2620
2492
2236
1756
1628
1820
1980
1564
1372
1692
1564
1180
876
988
844
1052
924
652
748
148
-48
-148
-308
276
228
-588
-428
-276
-588
-492
-428
-396
-308
276
356
-652
-396
524
212
0
588
1116
876
212
524
1116
1308
1500
1756
2108
2364
2364
2364
2620
2748
2492
2748
3260
3516
2876
2748
2876
2876
2748
2236
2236
2236
1980
1308
1052
1116
324
-524
-684
-716
-988
-1500
-2236
-2620
-2748
-3260
-3516
-3644
-3644
-4092
-4348
-4348
-4348
-4604
-4860
-4604
-4348
-4348
-4092
-3772
-3900
-4092
-3516
-3132
-2620
-2236
-1980
-1692
-1500
-1052
-620
-292
-88
132
524
988
1116
1116
1180
1436
1628
1756
2108
1980
1564
1436
1564
1692
1436
1436
1244
1116
1372
1244
1116
1308
748
460
924
844
1180
556
32
524
620
308
-56
260
620
260
-228
180
396
0
56
64
396
812
780
308
292
988
1308
1052
1244
1436
1308
1308
1436
1820
2364
2236
2236
2748
3132
3004
2364
2492
3260
3644
3388
3004
3132
3004
2748
2492
2364
2876
2620
1820
1308
1244
684
-308
-588
-396
-524
-1180
-1884
-2364
-2876
-3260
-3388
-3260
-3516
-3900
-4604
-4860
-4860
-4860
-4860
-4604
-4348
-4604
-4348
-4092
-4092
-4348
-4092
-3388
-2748
-2492
-2364
-2108
-1884
-1628
-924
-292
120
340
460
780
1180
1244
1244
1500
1980
2108
1980
2108
1980
1692
1564
1884
2364
1980
1500
1244
1052
1116
1244
1436
1116
1116
812
620
556
588
104
120
276
212
64
-556
-556
-428
-292
-716
-460
104
-428
-812
-620
-24
-260
-460
-164
212
196
164
244
356
812
812
988
1692
2108
1980
1820
2364
2748
2364
1980
2620
3516
3900
3516
3132
3388
3644
3260
2876
3132
3516
3004
2492
2236
1884
1308
620
324
428
324
-356
-1244
-1980
-2492
-2620
-2876
-3004
-3260
-3772
-4092
-4604
-4604
-4604
-4604
-4604
-4604
-4604
-4348
-4348
-4348
-4348
-4092
-3516
-3004
-2620
-2364
-1980
-1628
-1244
-716
-292
16
148
260
716
1372
1628
1564
1564
1756
1980
2108
1980
1884
1820
1628
1628
1692
1692
1436
876
748
924
1052
812
588
556
460
524
0
88
372
-72
-372
-24
652
308
-228
-620
-748
-324
372
132
-356
196
324
-180
-196
96
276
292
276
620
1180
1180
844
684
1436
2236
2236
2364
2748
2876
2492
1820
2492
3900
4348
3644
3260
3516
3516
3388
2876
3004
3516
3516
2748
2108
1820
1244
460
244
492
396
-524
-1884
-2620
-2876
-2876
-3132
-3644
-3900
-4348
-5116
-5372
-5116
-5116
-5116
-5372
-5372
-5372
-5372
-5116
-5116
-4604
-4348
-3772
-3388
-3260
-3132
-2620
-2108
-1372
-684
-260
-24
72
372
876
1308
1628
2108
2236
2108
2108
2236
2492
2492
2236
2236
2236
1980
1692
1820
1980
1628
1308
1308
1180
924
780
780
748
684
748
428
244
492
492
24
132
556
428
8
24
324
-16
-212
80
196
492
684
80
212
876
492
-8
340
1372
1564
1244
1436
1980
2108
2108
2364
3004
3388
2492
2364
3516
4604
4092
2876
3260
4092
4092
3132
2876
3516
3388
2492
1980
2108
1756
684
-48
196
396
-428
-1692
-2492
-2748
-2876
-3388
-3644
-4092
-4860
-5372
-5628
-5372
-5372
-5628
-5628
-5884
-5884
-5628
-5372
-5372
-5116
-4860
-4348
-4092
-3644
-3260
-2748
-2108
-1436
-748
-276
-212
-324
-24
716
1372
1884
1980
1980
1980
1756
2108
2620
3004
2748
2364
1980
1564
1372
1308
1628
1500
1244
1052
844
588
396
620
876
876
460
112
-80
-324
-148
148
524
620
428
32
-120
40
212
492
524
924
1052
588
396
492
716
988
1436
1692
1692
1628
1884
2108
2492
3260
3644
3388
2876
2364
3132
4092
4860
4604
4092
4092
4092
3644
3388
3516
3900
3644
3132
2364
2108
1436
588
492
780
556
-524
-1884
-2876
-3260
-3260
-3260
-3516
-4092
-4860
-5628
-6140
-5884
-5628
-5628
-5884
-5884
-6140
-6140
-6140
-5884
-5372
-4860
-3900
-3644
-3644
-3772
-3388
-2364
-1244
-276
72
276
212
308
924
1628
2364
2620
2620
2364
1980
1820
1756
1980
2364
2748
2364
1628
924
652
812
988
1308
1052
292
-460
-652
-292
112
324
292
8
-372
-460
-556
-556
-340
80
492
260
56
132
32
24
556
1180
1308
844
492
428
716
1372
1756
1884
2108
2108
2108
2492
3644
4348
3900
3132
2748
3132
4092
4860
5116
4604
4348
4092
3772
3388
3260
3644
3900
3388
2620
1980
1308
460
72
460
780
-72
-1820
-3260
-3644
-3516
-3516
-3772
-4092
-4860
-5884
-6396
-6140
-5628
-5628
-5884
-6140
-6140
-6140
-6396
-6396
-5884
-5116
-4348
-3388
-3004
-3260
-3388
-3004
-1884
-492
428
716
780
812
1180
1884
2748
3388
3516
3260
3132
3132
2876
2748
2620
2748
2748
2364
1820
1116
780
780
988
1052
716
48
-460
-524
-340
-148
16
-104
-428
-652
-460
-180
-72
-80
-96
-16
88
104
120
460
844
1052
1180
1244
1372
1116
1052
1372
1980
2364
2236
2108
2364
2876
3516
4348
4604
4092
2748
2236
3260
4860
5372
4604
3900
3772
3516
2876
2620
3388
3644
3132
1980
1308
812
-244
-1116
-780
-8
-228
-1884
-3516
-4348
-4604
-4348
-4348
-4348
-5116
-6140
-7164
-7164
-6652
-6140
-6140
-6396
-6396
-6396
-6396
-6396
-5884
-5372
-4604
-3900
-3260
-2876
-2492
-2108
-1436
-428
428
1116
1436
1372
1628
2364
3260
3644
3772
3516
3260
3260
3516
3772
3644
3260
2492
1980
1756
1692
1628
1244
924
372
16
-356
-588
-492
-524
-428
-428
-428
-652
-748
-684
-428
96
460
428
244
212
396
748
1180
1500
1692
1692
1436
1372
1564
1884
2236
2620
2876
2876
2876
3132
3516
4348
5116
5116
4348
3260
3004
4092
5372
5884
5116
4348
4092
3516
2876
2876
3644
3900
3132
1756
924
428
-396
-924
-588
-132
-844
-2620
-4092
-4604
-4604
-4604
-4604
-4860
-5372
-6652
-7420
-7420
-6652
-6396
-6396
-6396
-6396
-6652
-6652
-6396
-5884
-5372
-4604
-4092
-3644
-3388
-2876
-1628
-780
-292
48
396
876
1308
1884
2492
3132
3388
3004
2748
2492
2620
2492
2876
3260
2876
1884
588
-16
276
988
1116
988
228
-1052
-1980
-1756
-716
-132
-428
-924
-1180
-1308
-1244
-556
276
556
524
556
620
620
556
812
1436
1980
2364
2236
1980
1692
1692
2364
3388
4092
4092
3644
3260
3516
4860
5884
5884
4860
3644
3644
4604
5372
5628
5116
4860
4092
3388
2748
2876
3516
3644
3004
1980
1180
104
-1052
-1500
-748
-180
-1116
-3004
-4348
-5116
-5116
-5116
-4860
-4860
-5628
-6652
-7420
-7164
-6652
-6396
-6140
-6140
-5884
-6140
-6140
-6140
-5372
-4604
-3900
-3132
-2620
-2492
-2492
-1884
-556
1244
2620
2364
1820
1308
1820
3132
4092
4860
4604
4092
2876
2364
2236
2492
3004
2748
2620
1756
524
-748
-1244
-716
96
524
-428
-1628
-2876
-3260
-2620
-1628
-780
-1052
-1756
-2364
-2364
-1692
-924
-212
212
428
340
324
340
292
652
1436
2364
2748
2364
1692
1244
1372
2620
3900
4348
4092
3388
3260
4092
5116
5884
5372
4348
3388
3900
4860
5372
5116
4604
4604
3900
3004
2492
2876
3132
2748
2108
1436
844
-396
-1500
-1564
-924
-748
-1980
-3516
-4604
-5116
-5628
-5628
-5116
-5116
-5884
-6908
-7164
-6908
-6652
-6396
-5884
-5628
-5628
-5628
-5372
-5372
-5116
-4348
-3260
-1980
-1500
-1500
-1628
-844
396
1980
3516
3516
2876
1756
1756
2876
4092
4860
4348
3644
2620
1980
1756
1884
2236
1980
1756
1052
148
-988
-1756
-1628
-1116
-460
-684
-1244
-2236
-3004
-3132
-2364
-1244
-780
-876
-1244
-1308
-1180
-780
0
684
1116
1116
1052
988
988
988
1372
2108
2748
2876
2492
1980
1884
2620
3388
4092
4092
4092
4092
4092
4860
5372
5116
4092
3260
3900
4860
5372
4860
4348
4092
3644
3004
2492
2620
2876
2364
1500
924
524
-524
-1756
-2108
-1628
-1308
-2108
-3516
-4604
-5372
-5884
-5884
-5628
-5372
-5628
-6652
-7164
-7164
-6652
-6396
-6140
-5628
-5372
-5116
-5116
-5116
-4604
-4092
-3132
-2108
-1308
-1052
-876
-356
812
1980
2748
2876
2876
2876
2876
3132
3516
3900
3772
3132
2492
2108
2236
1980
1692
1436
1052
372
-396
-588
-588
-620
-988
-1372
-1500
-1564
-1692
-1980
-1820
-1628
-1308
-1116
-844
-556
-428
-340
-180
308
844
1244
1436
1372
1308
1372
1756
1980
2236
2236
2364
2236
2108
2108
2364
2876
3132
3260
3260
3388
3772
4092
4860
5116
4348
3516
2748
3388
4348
5116
4604
4092
3900
3388
2876
2108
1980
2364
2620
2236
988
112
-844
-1756
-2108
-1884
-1244
-1564
-2876
-4604
-5628
-5884
-5884
-5628
-5628
-5884
-6140
-6652
-6908
-6908
-6396
-6140
-5628
-5372
-4860
-4348
-4348
-4604
-4348
-3388
-2236
-1244
-716
-260
180
716
1244
1692
2236
2492
2620
2748
3004
3516
3516
3132
2364
1756
1628
1820
1884
1692
1180
460
-64
-428
-620
-716
-812
-844
-844
-924
-1180
-1564
-1692
-1628
-1244
-684
-340
-164
-308
-556
-276
324
780
1052
1244
1244
1180
1180
1244
1436
1692
1980
1980
2108
2236
2108
2108
2108
2364
2620
2876
3004
3132
3260
3516
3644
3772
4092
4092
3772
3388
3132
3260
3772
4604
4604
4348
3900
3260
2876
2108
1756
1692
1980
1756
876
40
-748
-1308
-1692
-1980
-2108
-2492
-3004
-3900
-4860
-5372
-5628
-5884
-5884
-5884
-5628
-5628
-5884
-5884
-6140
-6140
-5628
-5116
-4604
-4348
-4092
-3900
-3644
-3260
-2748
-1820
-988
-196
356
684
924
1052
1180
1244
1628
2108
2492
2748
2492
2108
1820
1564
1372
1308
1244
1308
1308
1116
716
244
-212
-396
-228
148
492
492
120
-148
-428
-620
-556
-292
96
588
988
924
924
652
8
24
356
988
1436
1372
1052
988
1116
1052
1116
1436
1980
2236
1884
1180
924
1308
1628
1692
1884
2364
2620
2492
2236
2108
2108
2364
2748
3132
3516
3132
2748
2620
2876
3132
3004
2876
2620
2620
2620
2236
1692
1244
988
684
356
48
-372
-988
-1564
-2108
-2620
-3004
-3388
-3900
-4092
-4348
-4860
-4860
-5116
-5372
-5628
-5628
-5372
-4860
-4860
-4860
-5116
-5116
-4604
-4348
-3644
-3260
-2876
-2492
-1980
-1308
-988
-812
-924
-684
-96
588
1180
1308
1308
1180
1244
1500
1628
1756
1692
1756
1884
1980
1980
1820
1628
1436
1628
1980
2236
2236
1756
1308
988
876
1052
1244
1628
1756
1372
1116
844
812
396
260
780
1116
1180
748
524
148
-212
16
80
244
556
324
40
196
428
396
292
588
588
556
812
988
1052
1052
780
684
1180
1692
1820
1564
1628
1756
1980
2492
2748
2492
2364
2236
2364
2620
2620
2236
1980
1820
1756
1564
1244
812
308
80
24
-292
-812
-1500
-2108
-2492
-2620
-2748
-3388
-3772
-4092
-4348
-4348
-4348
-4604
-4860
-5116
-5116
-4860
-4604
-4348
-4348
-4092
-3900
-3388
-3004
-2748
-2620
-2364
-2108
-1628
-1116
-652
-308
-104
148
556
924
1180
1244
1244
1372
1884
2364
2620
2620
2492
2364
2364
2364
2492
2492
2364
2236
2108
2108
1980
1980
1884
1756
1980
1756
1116
812
588
588
588
428
340
196
356
276
-308
-812
-780
-620
-524
-340
-524
-588
-212
56
-32
-96
-8
72
40
80
212
308
588
652
780
1116
1180
1116
1308
1564
1884
1980
1980
2236
2108
2108
2236
2620
2876
3004
2620
2236
2108
1980
1980
1820
1628
1436
1372
1116
492
-164
-748
-1052
-1180
-1244
-1436
-1980
-2492
-2876
-3260
-3644
-3900
-4348
-4348
-4348
-4348
-4604
-4604
-4860
-4860
-4860
-4348
-4092
-3644
-3260
-3004
-2876
-2620
-2364
-2108
-1756
-1500
-1052
-340
324
780
924
924
844
988
1436
1980
2364
2492
2492
2364
2492
2364
2108
1820
1820
1980
2108
2108
1980
1692
1436
1116
1052
1052
1052
988
620
372
-40
-112
196
8
-180
-80
88
8
-428
-844
-988
-876
-292
180
56
48
120
-24
-104
88
-112
-8
652
1052
876
780
1116
1372
1372
1052
988
1372
1884
1980
1884
2108
2492
2492
2492
2620
2492
2108
2108
2492
3004
2876
2364
1980
1980
1756
1564
1180
780
620
524
396
-24
-620
-1308
-1628
-1692
-1980
-2364
-2876
-3388
-3644
-3900
-4092
-4092
-4604
-4604
-4860
-4604
-4604
-4604
-4348
-4348
-4092
-3644
-3132
-2620
-2236
-1980
-1756
-1564
-1180
-748
-396
-196
112
652
1308
1756
1820
1692
1436
1372
1564
1820
2108
2108
1980
1884
1980
1884
1564
1180
748
428
372
652
812
620
132
16
-164
-260
-308
-460
-340
-524
-988
-844
-196
-260
-716
-1180
-684
64
260
-24
-812
-428
244
16
-276
48
556
748
844
1052
1180
1244
1244
924
1116
1436
1820
2108
2236
2492
2492
2364
2236
2108
2364
2492
2620
2876
3260
3516
3132
2748
2876
3132
3132
2620
2108
1980
1820
1756
1628
1308
812
260
0
-396
-1116
-1692
-2108
-2236
-2364
-2492
-2876
-3260
-3772
-4348
-4604
-4860
-4860
-4860
-4604
-4348
-4348
-4092
-4092
-3900
-3772
-3516
-3004
-2492
-1980
-1436
-1180
-988
-620
-164
48
40
112
492
1116
1564
1820
1820
1564
1372
1308
1436
1564
1564
1372
1180
1052
988
876
812
684
460
228
-72
-228
-276
-396
-812
-1116
-1180
-1116
-812
-748
-1052
-1308
-1244
-988
-748
-620
-556
-620
-524
-372
-340
-260
-64
148
196
428
844
1244
1244
1116
876
876
988
1500
2108
2364
2492
2492
2748
2620
2492
2236
2108
2236
2492
2876
3260
3516
3516
3260
3132
3004
3004
3260
3644
3644
3004
2108
1692
1692
1756
1308
780
492
244
16
-556
-1308
-1980
-2364
-2492
-2748
-3004
-3388
-3772
-4092
-4092
-4348
-4348
-4604
-4860
-4860
-4604
-4348
-4348
-4348
-4092
-3644
-3004
-2492
-1980
-1500
-1308
-1180
-988
-620
-148
292
620
780
1052
1436
1756
1884
1756
1564
1436
1436
1436
1372
1116
876
812
684
524
356
212
0
-292
-588
-748
-716
-716
-844
-988
-1180
-1116
-780
-492
-372
-620
-988
-1116
-1052
-748
-292
48
180
164
96
324
620
620
524
460
652
1052
1500
1692
1692
1628
1436
1372
1500
1692
1980
2236
2492
2620
2748
2876
2748
2364
2108
2364
2876
3516
3772
3516
3388
3516
3772
4092
3772
3132
2364
2108
1980
1884
1564
1180
988
716
88
-812
-1628
-2236
-2492
-2748
-2876
-3132
-3388
-3900
-4348
-4604
-4604
-4860
-5116
-5372
-5628
-5372
-5116
-4348
-4092
-4092
-3900
-3516
-3004
-2492
-2236
-1980
-1564
-924
-308
148
524
812
1052
1116
1180
1436
1820
1980
1980
1756
1628
1628
1692
1500
1116
620
244
180
244
228
72
-212
-524
-716
-716
-716
-684
-620
-652
-716
-716
-556
-308
-80
-24
-96
0
196
460
684
844
924
988
924
812
844
812
716
620
716
924
1052
924
988
1116
1308
1628
1820
1884
1884
1884
1980
2236
2364
2492
2492
2492
2364
2748
3260
3772
4092
4092
4092
4348
4604
4604
4092
3516
3260
3132
3004
2492
1820
1372
988
492
-308
-1180
-1884
-2364
-2876
-3388
-3644
-3900
-4092
-4604
-5116
-5372
-5628
-5884
-5884
-6140
-6140
-5884
-5628
-5116
-4604
-4348
-3900
-3260
-2748
-2236
-1820
-1308
-812
-396
24
460
924
1244
1244
1180
1244
1436
1692
1692
1500
1052
748
620
396
132
-180
-460
-684
-716
-652
-556
-524
-748
-988
-1244
-1180
-1052
-812
-716
-780
-780
-492
-80
212
244
228
276
428
684
988
1244
1372
1372
1564
1628
1628
1436
924
588
372
492
780
1052
1308
1500
1692
1980
1980
2108
1980
1884
1980
2108
2364
2620
2876
3132
3388
3772
4348
4604
4860
5116
5372
5628
5628
5116
4604
4348
4092
4092
3388
2748
2364
1820
988
-148
-1180
-1820
-2364
-3004
-3644
-4092
-4348
-4604
-5116
-5372
-5628
-5628
-6140
-6396
-6908
-6908
-6396
-6140
-5628
-4860
-4348
-3516
-2876
-2236
-1820
-1500
-1180
-924
-588
-96
492
988
1372
1628
1980
1980
1980
1820
1628
1500
1180
780
428
80
-148
-276
-428
-524
-588
-748
-988
-1116
-1180
-1244
-1180
-1116
-1116
-1052
-812
-524
-396
-276
-196
-64
64
196
260
212
228
340
556
780
924
876
684
492
308
148
16
-212
-372
-276
-40
196
396
588
876
1116
1372
1564
1692
1756
1884
1980
2108
2236
2492
2748
3260
4092
4604
5116
5372
5628
6140
6396
5884
5372
4860
4604
4348
3772
3132
2748
2492
1884
748
-524
-1436
-1980
-2748
-3388
-4092
-4348
-4604
-4860
-5372
-5372
-5372
-5372
-5884
-6140
-6396
-6140
-5884
-5628
-5372
-4604
-3644
-2748
-2108
-1564
-988
-492
-180
-40
164
428
652
844
1052
1436
1820
1980
1884
1692
1500
1308
988
492
56
-180
-340
-652
-924
-924
-620
-324
-308
-492
-652
-748
-812
-812
-812
-748
-684
-556
-324
-64
276
556
684
652
524
524
524
372
212
196
292
324
260
104
0
-164
-308
-460
-588
-524
-428
-292
-96
260
652
1052
1372
1628
1756
1884
2108
2364
2492
2492
2620
2748
3260
3900
4604
5372
5628
5628
5884
6396
6140
5372
4604
4092
3772
3260
2620
1820
1436
924
244
-652
-1500
-2236
-3004
-4092
-4860
-4860
-5116
-5116
-5628
-5628
-5628
-5372
-5628
-5884
-6140
-5884
-5884
-5628
-5372
-4604
-3900
-3260
-2492
-1884
-988
-356
-212
-324
-244
24
260
292
324
460
844
1180
1244
1372
1564
1628
1372
844
428
292
132
-164
-340
-244
8
228
340
460
652
748
588
308
196
276
244
132
148
428
876
1180
1244
1180
1180
1180
988
588
196
16
-32
-64
-196
-180
-120
-260
-556
-716
-652
-524
-428
-396
-428
-276
104
460
748
1116
1564
1980
2108
2236
2492
2620
2620
2748
2876
3260
3772
4348
4604
4860
5116
5372
5628
5628
5116
4348
3644
3132
2620
1980
1244
716
292
-228
-876
-1564
-2108
-2748
-3516
-4092
-4348
-4604
-4860
-5116
-5372
-5116
-5116
-5116
-5372
-5372
-5116
-5116
-4860
-4860
-4348
-3772
-3260
-2876
-2236
-1500
-988
-812
-716
-428
-112
32
-56
-148
132
396
588
620
748
988
988
780
524
524
524
292
-48
-260
-196
-72
0
148
428
812
876
748
652
716
748
524
324
396
652
844
924
876
988
1116
1116
988
684
396
96
-260
-460
-492
-460
-556
-684
-684
-620
-524
-356
-212
-132
-24
164
460
748
1116
1436
1756
2108
2492
2876
3132
3260
3132
3132
3132
3260
3388
3644
4092
4092
4348
4604
4860
5116
4860
4348
3772
3260
2620
1980
1180
356
-104
-492
-812
-1308
-1756
-2108
-2620
-3004
-3516
-3772
-4092
-4604
-4860
-5116
-4860
-4860
-5116
-5372
-5116
-4860
-4604
-4348
-4348
-4092
-3772
-3516
-3004
-2492
-1820
-1436
-1244
-924
-492
-40
212
164
244
460
556
588
620
924
1052
1052
924
844
988
988
748
492
396
428
372
324
556
780
924
844
780
924
1052
924
620
396
276
292
308
340
372
292
196
72
24
32
-132
-492
-812
-924
-924
-1052
-1180
-1244
-1116
-988
-812
-556
-212
64
276
428
652
924
1308
1564
1820
2108
2620
2876
3132
3132
3260
3260
3260
3260
3388
3516
3516
3644
3772
4092
4348
4860
4860
4348
4092
3388
2876
2108
1372
652
80
-276
-620
-988
-1500
-1756
-1980
-2364
-2748
-3132
-3516
-4092
-4348
-4604
-4604
-4604
-4860
-5116
-5116
-4860
-4860
-4604
-4348
-4092
-3900
-3644
-3260
-2876
-2236
-1884
-1500
-1052
-460
72
428
716
812
988
1052
1052
988
1116
1244
1244
1116
1180
1436
1564
1436
1308
1244
1180
988
780
812
988
924
844
844
924
924
780
460
260
180
72
-48
-164
-148
-212
-340
-460
-460
-460
-588
-812
-988
-1052
-1116
-1244
-1372
-1308
-1116
-988
-924
-748
-492
-196
132
396
684
988
1180
1308
1564
1980
2364
2620
2748
2876
3004
3004
2876
2748
2748
2620
2748
3004
3132
3260
3260
3388
3516
3772
3644
3260
2876
2364
1820
1244
748
164
-308
-716
-876
-1116
-1500
-1980
-2364
-2620
-3004
-3260
-3644
-4092
-4348
-4604
-4860
-4860
-4860
-4860
-4860
-4604
-4348
-4092
-3900
-3772
-3388
-3004
-2492
-2108
-1628
-1116
-556
-16
396
812
1116
1308
1436
1500
1500
1500
1628
1564
1500
1436
1564
1564
1564
1564
1500
1436
1244
1052
876
748
652
460
356
324
228
80
-48
-88
-120
-132
-308
-460
-524
-620
-684
-748
-748
-812
-924
-988
-988
-924
-876
-876
-924
-748
-620
-524
-428
-308
-120
164
492
812
1116
1308
1436
1692
1980
2364
2620
2748
2876
3004
3132
3260
3388
3260
3260
3132
3004
2876
2748
2620
2620
2620
2492
2364
2236
2236
2108
1884
1820
1756
1436
988
460
-48
-492
-924
-1308
-1628
-1980
-2236
-2620
-3004
-3132
-3260
-3516
-3900
-4092
-4092
-4348
-4604
-4860
-4604
-4604
-4604
-4604
-4348
-4092
-3772
-3516
-3132
-2620
-2108
-1756
-1244
-492
96
460
716
988
1308
1500
1500
1564
1692
1628
1500
1372
1436
1500
1436
1372
1244
1244
1180
1052
844
652
556
276
56
-104
-196
-308
-492
-652
-716
-716
-748
-716
-748
-844
-844
-812
-812
-684
-652
-716
-812
-780
-684
-620
-428
-164
32
196
492
748
988
1244
1436
1564
1692
1884
2108
2364
2620
2748
2876
3004
3260
3388
3516
3516
3516
3388
3260
3132
2876
2620
2364
2108
1756
1692
1564
1500
1372
1244
1116
1116
1180
988
924
844
716
396
-72
-356
-684
-924
-1372
-1692
-1980
-2236
-2492
-2748
-2748
-2876
-3004
-3388
-3516
-3644
-3644
-3900
-4092
-4092
-4092
-4092
-4092
-3772
-3644
-3260
-3004
-2620
-2108
-1500
-988
-620
-308
80
460
780
988
1116
1180
1116
1116
1116
1116
924
812
652
524
428
308
244
112
-24
-180
-340
-428
-588
-780
-988
-1180
-1436
-1564
-1564
-1564
-1436
-1372
-1308
-1244
-1052
-812
-588
-356
-308
-260
-132
-40
88
260
460
652
876
1180
1500
1820
2108
2364
2620
2748
2748
2748
2876
2876
2876
2876
3004
3004
3132
3132
3132
3132
3132
3004
2876
2748
2492
2236
1980
1756
1500
1244
924
716
588
492
372
260
212
276
396
460
372
340
428
460
356
88
-196
-428
-716
-1052
-1372
-1500
-1564
-1756
-1980
-2236
-2236
-2364
-2492
-2748
-2876
-3004
-3132
-3132
-3132
-3004
-3004
-3004
-2876
-2620
-2364
-2108
-1980
-1692
-1372
-1052
-748
-492
-164
132
244
212
244
292
276
132
-88
-292
-356
-428
-492
-556
-620
-716
-876
-924
-844
-812
-924
-1180
-1372
-1436
-1500
-1500
-1500
-1372
-1244
-1052
-924
-652
-428
-212
0
212
460
716
924
1052
1180
1372
1500
1628
1820
2108
2236
2364
2492
2620
2748
2620
2620
2620
2492
2364
2236
2108
1980
1980
1884
1820
1756
1756
1692
1628
1500
1436
1308
1116
924
780
684
620
460
308
212
148
88
96
164
228
244
276
396
588
748
652
556
556
588
492
340
228
80
-80
-260
-396
-492
-556
-716
-876
-1052
-1180
-1244
-1372
-1436
-1564
-1692
-1820
-1980
-2108
-2108
-2108
-2236
-2236
-2236
-2236
-2236
-2108
-1980
-1820
-1692
-1628
-1628
-1564
-1500
-1500
-1500
-1500
-1564
-1564
-1500
-1436
-1372
-1308
-1244
-1180
-988
-924
-924
-924
-924
-748
-652
-588
-460
-396
-340
-196
0
244
460
652
780
1052
1308
1564
1756
1820
1980
2108
2236
2364
2364
2364
2236
2236
2236
2236
2364
2236
2236
2108
1980
1820
1628
1500
1308
1244
1244
1180
988
844
716
652
684
684
588
460
340
292
340
356
292
212
88
32
64
132
132
88
96
148
212
292
324
308
260
228
244
260
292
148
-32
-196
-260
-292
-372
-556
-652
-780
-924
-988
-1052
-1052
-1116
-1244
-1372
-1436
-1564
-1692
-1820
-1884
-1980
-1980
-2108
-2108
-2108
-1980
-1980
-1980
-1884
-1756
-1692
-1628
-1500
-1500
-1372
-1308
-1308
-1180
-1116
-1052
-812
-684
-524
-372
-324
-276
-164
8
132
196
260
340
428
492
620
748
844
924
988
988
988
1052
1116
1180
1244
1372
1436
1500
1436
1436
1436
1436
1436
1436
1436
1372
1372
1308
1244
1308
1308
1244
1180
1052
1052
1052
1052
1052
988
924
844
812
812
748
684
652
588
556
524
460
396
324
356
308
244
244
244
276
292
308
260
212
164
104
104
64
88
64
-16
-88
-180
-228
-340
-492
-620
-748
-812
-924
-1116
-1244
-1308
-1372
-1500
-1500
-1564
-1628
-1756
-1820
-1820
-1820
-1820
-1884
-1980
-1980
-1884
-1820
-1756
-1692
-1692
-1692
-1628
-1500
-1436
-1372
-1372
-1244
-1116
-988
-844
-716
-620
-492
-372
-196
-32
40
104
112
164
276
372
492
588
652
780
844
876
924
924
924
876
844
844
844
924
1052
1180
1308
1308
1372
1372
1436
1500
1372
1372
1308
1244
1116
1052
1052
1116
1116
1180
1244
1308
1372
1372
1308
1372
1372
1372
1308
1180
988
924
876
876
748
620
524
428
372
324
292
228
180
212
212
196
164
104
-16
-112
-180
-276
-356
-492
-588
-588
-524
-396
-372
-396
-492
-524
-588
-588
-652
-812
-924
-1116
-1180
-1180
-1180
-1244
-1372
-1436
-1436
-1372
-1372
-1436
-1500
-1500
-1436
-1500
-1500
-1564
-1564
-1500
-1436
-1308
-1180
-1116
-1116
-1052
-924
-780
-620
-556
-460
-492
-460
-356
-196
-8
96
148
132
148
196
276
340
428
492
460
428
396
308
212
132
56
0
-56
-96
-88
-24
104
212
356
556
652
684
684
652
652
588
524
524
492
492
556
620
684
844
924
1052
1116
1116
1180
1244
1308
1244
1244
1180
1116
1180
1180
1116
1052
988
844
780
780
716
684
652
652
556
460
396
396
340
228
132
48
-16
-80
-80
-48
-64
-104
-148
-148
-148
-132
-164
-212
-276
-356
-460
-556
-620
-780
-812
-844
-812
-716
-748
-748
-780
-812
-812
-780
-748
-748
-812
-924
-924
-924
-924
-876
-844
-844
-812
-812
-748
-652
-620
-524
-396
-340
-260
-196
-164
-112
-104
-56
-64
-64
-104
-148
-104
-56
-8
8
-32
-72
-112
-148
-212
-292
-372
-428
-428
-372
-340
-276
-244
-212
-132
-72
-32
0
72
88
104
120
164
228
276
308
396
460
588
620
588
588
684
780
844
988
988
988
988
988
988
988
924
844
748
684
556
356
196
120
64
24
24
40
48
88
132
148
148
104
64
48
48
24
16
48
32
32
80
132
212
260
244
260
292
244
164
88
16
-56
-104
-180
-212
-228
-244
-276
-292
-292
-356
-396
-372
-356
-356
-372
-460
-524
-524
-556
-524
-428
-396
-356
-324
-292
-260
-228
-212
-196
-132
-64
-24
0
-24
-72
-80
-88
-80
-48
-64
-132
-228
-308
-324
-324
-308
-292
-356
-428
-460
-460
-428
-396
-372
-308
-308
-308
-308
-356
-340
-244
-132
-24
88
132
148
212
324
460
556
588
588
588
588
652
716
748
748
716
652
652
652
652
588
492
396
324
260
132
0
-96
-164
-212
-244
-292
-340
-356
-324
-228
-112
-16
16
16
72
112
164
180
132
96
40
8
56
88
132
148
148
148
164
164
164
164
120
56
32
-8
-112
-164
-244
-276
-260
-260
-308
-324
-292
-260
-212
-164
-148
-148
-164
-180
-244
-244
-212
-180
-164
-164
-120
-96
-40
0
32
24
24
8
0
-24
-24
-16
-40
-56
-104
-164
-244
-292
-356
-372
-372
-356
-324
-308
-308
-356
-396
-324
-260
-212
-180
-164
-164
-112
-48
24
88
120
132
164
260
340
396
396
396
340
276
260
292
324
340
340
356
324
212
148
132
164
180
180
132
16
-80
-120
-148
-112
-80
-120
-132
-148
-132
-80
24
120
196
260
308
340
356
396
396
356
340
308
340
292
292
308
324
308
324
356
356
356
324
292
292
244
132
0
-72
-132
-132
-64
-24
-48
-104
-132
-132
-88
-64
-64
-112
-104
-112
-148
-132
-96
-120
-180
-180
-180
-148
-164
-212
-244
-260
-276
-260
-276
-292
-324
-396
-460
-460
-492
-524
-556
-588
-588
-492
-428
-372
-292
-260
-244
-196
-164
-180
-180
-164
-196
-164
-148
-132
-80
-16
-8
8
56
88
72
24
32
48
48
32
-16
-16
24
88
164
164
120
0
-56
-40
-16
-32
-80
-104
-132
-80
0
80
120
112
164
196
228
228
228
228
260
308
356
460
492
460
428
460
492
524
492
396
340
308
276
292
292
244
180
196
196
180
212
196
180
148
88
88
88
72
112
148
196
212
212
212
196
212
244
228
212
164
132
112
112
96
32
-48
-96
-120
-132
-180
-244
-244
-324
-324
-292
-324
-396
-492
-492
-460
-396
-428
-460
-460
-428
-396
-372
-292
-228
-212
-244
-212
-196
-164
-148
-164
-164
-180
-180
-148
-120
-132
-132
-148
-148
-148
-148
-212
-260
-292
-228
-212
-212
-228
-228
-164
-132
-132
-196
-244
-244
-276
-276
-308
-324
-276
-196
-96
0
48
96
148
196
276
324
324
340
356
308
308
340
292
244
196
196
260
308
308
260
228
196
164
148
132
72
-32
-64
-40
-32
-16
40
80
96
148
196
212
228
260
340
396
460
428
428
372
356
396
428
460
428
428
396
396
428
396
324
196
148
164
148
104
16
-64
-104
-148
-180
-196
-260
-340
-356
-340
-292
-228
-212
-164
-88
-8
40
56
32
8
24
56
40
0
-48
-72
-80
-40
8
40
40
8
0
-16
-56
-132
-228
-308
-356
-396
-428
-460
-556
-556
-556
-492
-460
-396
-428
-492
-492
-460
-396
-340
-340
-340
-308
-244
-196
-120
-48
32
80
164
196
212
228
244
244
228
212
148
80
24
24
16
32
0
-64
-120
-148
-148
-132
-88
-132
-212
-228
-228
-212
-164
-120
-104
-80
-24
0
64
112
164
228
276
308
292
292
308
340
396
460
524
556
588
556
524
524
460
428
396
340
340
276
260
212
196
148
148
164
104
48
-16
-32
-16
-8
-104
-132
-112
-72
16
96
104
72
48
64
96
80
80
64
0
-16
0
0
-24
-8
-16
0
32
8
-40
-112
-180
-228
-276
-324
-396
-460
-556
-588
-556
-524
-524
-524
-524
-492
-396
-372
-308
-276
-228
-180
-132
-80
-56
-32
32
104
148
148
112
132
148
164
180
164
132
40
-48
-96
-88
-104
-132
-164
-228
-276
-276
-228
-180
-180
-180
-180
-180
-164
-164
-180
-180
-112
-24
24
32
56
96
164
244
276
308
276
212
244
324
396
396
396
396
372
396
428
460
460
428
396
396
372
340
324
308
324
324
276
244
196
112
56
24
-8
-32
-56
-72
-64
-40
-8
32
64
64
24
0
-8
8
0
-8
-32
-40
-80
-88
-64
-48
-40
-88
-96
-132
-212
-260
-276
-356
-372
-428
-460
-460
-524
-524
-492
-492
-492
-460
-460
-428
-396
-324
-292
-244
-148
-112
-64
-32
40
132
196
276
276
260
228
228
244
276
260
196
148
80
64
72
48
-24
-88
-132
-164
-212
-276
-276
-276
-260
-180
-164
-148
-132
-164
-80
-8
40
80
64
40
96
180
244
308
340
372
356
372
428
428
460
492
556
524
492
460
396
428
428
460
396
356
308
292
260
260
244
180
132
24
-56
-104
-132
-148
-148
-196
-228
-196
-180
-180
-164
-196
-196
-196
-228
-196
-148
-180
-180
-180
-148
-180
-228
-228
-228
-196
-228
-244
-228
-244
-260
-308
-292
-292
-292
-292
-340
-340
-340
-308
-308
-292
-308
-308
-292
-276
-228
-148
-120
-88
-16
24
56
112
180
212
212
180
180
148
132
112
80
56
48
0
-40
-80
-148
-196
-228
-212
-212
-260
-260
-260
-308
-276
-260
-212
-164
-120
-72
-8
32
64
164
244
308
372
428
460
492
524
524
556
588
620
652
652
716
748
716
716
716
684
620
588
492
428
396
308
244
196
112
40
-8
-48
-96
-132
-196
-244
-260
-292
-308
-292
-276
-260
-244
-228
-212
-212
-228
-292
-308
-292
-276
-260
-292
-308
-292
-276
-260
-196
-180
-164
-132
-196
-228
-228
-276
-260
-260
-244
-228
-228
-228
-228
-212
-148
-112
-80
-40
-48
-16
8
56
112
120
112
104
80
80
120
132
132
120
112
56
-8
-64
-88
-64
-80
-88
-120
-164
-228
-276
-292
-324
-324
-356
-396
-428
-372
-292
-260
-228
-228
-212
-196
-148
-56
0
56
112
196
244
292
324
372
428
460
492
492
492
460
428
428
460
428
428
428
372
340
276
196
148
88
8
0
-48
-64
-56
-104
-148
-164
-164
-196
-196
-212
-244
-244
-212
-180
-164
-132
-56
24
96
132
148
112
80
72
48
48
56
56
72
88
104
112
112
132
132
132
148
120
48
8
0
0
48
64
72
96
104
132
148
180
164
112
88
96
148
196
196
212
212
180
196
148
88
24
-24
-64
-132
-212
-276
-324
-372
-396
-396
-356
-396
-460
-460
-460
-428
-396
-356
-356
-372
-324
-276
-244
-244
-212
-196
-164
-112
-72
-24
0
48
104
132
180
180
196
212
244
292
276
260
244
260
244
260
292
276
244
212
180
120
56
0
-40
-72
-104
-148
-180
-196
-228
-260
-244
-244
-276
-308
-340
-324
-292
-260
-212
-164
-120
-88
-72
-32
0
0
16
24
40
40
40
24
48
148
212
260
260
228
212
196
196
212
164
112
80
96
132
164
180
212
244
276
308
292
260
260
212
212
244
244
196
148
164
196
228
228
180
132
64
-16
-64
-112
-196
-292
-340
-372
-396
-396
-356
-356
-372
-324
-292
-244
-244
-244
-228
-196
-196
-196
-164
-164
-148
-120
-80
-32
16
40
48
104
148
164
196
164
148
164
132
132
112
132
148
196
180
148
112
64
64
80
64
8
-64
-112
-120
-132
-148
-148
-164
-196
-212
-244
-228
-276
-324
-324
-324
-324
-276
-228
-212
-196
-132
-88
-24
40
56
40
56
88
88
112
164
180
212
292
324
340
356
356
356
372
356
308
260
196
148
164
212
196
180
164
148
148
164
148
164
148
112
88
120
120
80
40
48
40
8
0
-8
-8
-72
-148
-196
-292
-340
-396
-428
-428
-460
-460
-460
-428
-428
-396
-396
-396
-396
-396
-356
-308
-308
-260
-212
-180
-164
-88
-56
-24
32
48
88
96
104
112
132
180
244
308
340
340
340
324
340
356
324
292
244
196
164
148
148
164
180
148
112
104
80
16
-8
-8
-32
-32
-56
-88
-104
-112
-96
-64
-56
-40
-48
-32
0
16
64
72
72
48
8
32
32
40
72
112
132
148
180
196
212
212
180
180
132
72
40
40
56
96
96
64
80
80
64
48
72
40
-16
0
-16
-16
-16
-32
-40
-40
-32
-16
-24
-32
-40
-64
-64
-80
-132
-164
-180
-244
-292
-340
-372
-396
-372
-356
-372
-356
-340
-356
-356
-324
-292
-308
-324
-308
-276
-244
-196
-164
-120
-96
-40
48
104
148
164
164
164
180
228
276
276
276
276
276
276
292
260
228
212
180
112
72
32
24
0
-16
0
-8
-32
-72
-56
-48
-72
-88
-112
-132
-104
-88
-96
-64
-80
-32
0
64
120
164
148
132
164
180
196
164
132
120
120
164
196
212
212
196
164
180
196
180
148
132
120
112
104
120
148
132
88
72
112
104
120
148
148
120
96
72
24
24
32
16
-24
-64
-120
-148
-148
-164
-164
-196
-244
-308
-324
-396
-428
-492
-524
-492
-524
-492
-492
-524
-492
-492
-460
-428
-372
-340
-276
-228
-196
-148
-120
-96
-56
16
120
212
260
260
292
340
396
428
460
492
460
428
