SAMPLES:	8911
BITSPERSAMPLE:	16
CHANNELS:	1
SAMPLERATE:	16000
NORMALIZED:	FALSE
-16
-16
-8
-8
-8
-8
-8
-8
-8
-8
-8
-8
-8
-8
-8
-8
-8
-8
0
0
-8
-8
0
0
0
0
0
0
0
0
0
0
8
8
8
8
0
0
0
0
0
0
0
0
0
8
0
0
0
0
0
0
0
0
0
0
0
0
0
0
0
0
0
0
0
0
0
0
0
0
0
0
0
0
0
0
0
0
0
0
0
0
0
0
0
0
0
0
0
0
0
0
0
0
0
0
0
0
8
0
0
8
8
0
8
0
0
0
0
0
8
8
0
0
0
0
0
0
0
0
0
0
0
0
0
0
8
8
8
8
8
0
0
0
0
8
0
0
0
0
0
0
0
0
0
0
0
0
0
0
0
0
0
0
0
0
-8
0
0
0
0
0
-8
-8
-8
-8
0
0
0
-8
0
-8
-8
-8
-8
-8
-8
-8
-8
-8
-8
-8
-8
-8
-8
-8
-8
-8
-8
-8
-8
-8
0
0
0
0
-8
0
-8
0
0
0
0
0
0
0
0
0
0
0
0
0
0
0
0
0
-8
0
0
0
0
0
0
0
0
0
8
8
8
8
0
0
0
8
8
8
8
8
8
8
8
16
16
16
8
8
16
8
16
16
16
16
16
16
16
16
16
16
16
16
16
16
8
8
16
16
16
16
8
8
8
8
8
8
8
8
0
0
0
0
0
0
0
0
0
0
0
0
-8
0
-8
-8
-8
0
0
0
0
0
0
-8
0
0
-8
-8
-8
-8
-8
-8
-8
-8
-8
-8
0
0
0
0
0
0
0
0
0
0
0
0
0
0
-8
0
-8
-8
0
0
-8
-8
-8
-8
-8
-8
-8
-8
-8
-8
-8
-8
-8
-16
-16
-16
-16
-16
-8
-8
-8
-8
-8
-8
-8
-8
-8
-8
-8
0
-8
-8
-8
-8
-8
-8
-8
-8
-8
0
0
0
0
0
0
0
0
0
0
0
0
0
8
8
8
16
16
16
16
16
8
8
8
8
8
8
16
16
16
16
16
16
16
16
16
16
16
16
8
16
16
16
16
16
16
16
16
16
8
8
8
8
8
8
16
16
16
8
8
0
0
0
0
0
0
0
0
0
0
0
0
0
0
0
0
0
0
0
0
0
0
0
-8
-8
-8
-8
-8
-8
-8
0
0
0
0
0
0
0
0
0
0
0
0
-8
-8
-8
0
-8
-8
-8
-8
0
-8
0
0
0
0
0
0
0
0
0
0
-8
-8
-8
-8
-8
-8
-8
0
0
0
0
0
0
0
0
0
0
0
0
0
-8
0
0
0
0
0
0
0
0
0
0
0
0
-8
-8
-8
-8
-8
-8
-8
-8
-8
0
0
-8
-8
-8
-8
-8
-8
-8
0
0
0
0
0
0
0
0
0
0
0
0
0
0
0
0
0
0
0
0
0
0
0
0
0
0
8
8
8
8
8
8
8
8
8
8
8
8
8
8
8
8
8
16
8
8
8
8
8
8
8
8
8
16
8
8
8
8
8
8
8
8
8
0
8
8
8
8
8
8
8
8
8
0
0
8
8
8
8
8
8
8
8
0
0
0
0
0
0
0
0
0
0
0
0
0
0
0
0
0
0
0
0
0
-8
-8
-8
-8
0
-8
-8
-8
-8
-8
-16
-16
-16
-16
-16
-16
-16
-16
-24
-24
-24
-24
-24
-32
-24
-24
-24
-24
-24
-24
-24
-24
-24
-24
-24
-24
-24
-24
-24
-24
-24
-24
-24
-24
-24
-16
-16
-16
-16
-16
-16
-16
-16
-16
-8
-8
-8
-8
-8
-8
0
0
0
0
8
0
8
8
8
16
16
16
16
24
24
24
32
32
32
32
32
32
32
40
40
40
40
32
40
48
48
40
40
40
32
32
40
40
32
32
32
32
40
32
32
32
32
32
32
32
32
24
24
16
8
8
8
8
0
0
0
0
0
0
0
0
-8
-8
-8
-8
-8
-8
-8
-16
-16
-16
-16
-16
-16
-16
-16
-16
-24
-24
-24
-24
-24
-24
-16
-16
-16
-16
-24
-24
-24
-24
-24
-24
-24
-24
-32
-32
-32
-32
-24
-32
-32
-24
-24
-24
-16
-16
-16
-16
-16
-16
-16
-16
-16
-24
-16
-8
-16
-8
-8
-8
-8
-8
-8
-8
-8
-8
-8
-8
0
0
0
0
0
0
0
0
8
8
8
8
8
8
8
8
8
8
8
8
0
0
0
0
8
8
8
16
16
16
16
16
8
8
0
0
8
8
16
16
8
8
16
16
16
16
8
0
8
16
16
16
8
8
8
0
0
8
0
0
0
0
0
0
0
0
0
0
0
0
0
8
0
0
0
0
0
0
-8
0
0
0
0
0
0
0
0
0
0
0
0
0
8
8
8
8
0
0
0
0
0
8
8
0
0
0
0
0
0
0
0
0
8
8
8
16
8
16
16
8
8
8
8
8
0
8
0
0
0
0
0
0
0
0
0
0
0
0
0
0
0
-8
-8
-8
0
0
-8
-8
-16
-8
-8
-16
-16
-8
-8
-16
-8
-8
-8
-16
-16
-8
48
32
-72
-80
-88
-104
-96
-72
-40
8
8
-64
-96
-64
-48
-32
0
0
-16
-48
-56
-8
-8
-8
0
0
0
0
8
0
0
-8
0
24
48
40
48
40
16
16
24
8
0
16
8
16
24
8
16
32
24
32
48
32
40
32
24
16
0
-8
0
16
8
24
132
132
16
16
32
16
-16
-16
-16
16
56
-32
-48
0
-16
8
64
56
64
16
-16
8
0
0
0
64
40
0
40
24
0
0
0
24
32
24
24
16
8
0
-8
16
-16
16
-8
-48
-16
-72
-104
-48
-8
-24
8
0
-16
-40
32
-88
-80
0
-96
-48
-80
-40
96
56
-56
-32
-64
-80
-112
-112
-104
-40
0
-96
-88
-40
-132
-16
64
0
32
24
0
-88
-64
16
0
16
64
-24
24
32
-72
-32
56
96
-16
48
96
8
40
8
32
80
48
40
8
48
0
-72
-40
32
32
16
72
80
40
32
24
0
32
-8
-16
16
0
-32
-24
0
0
40
48
56
96
16
8
32
-24
-24
24
0
72
64
-16
48
72
0
24
112
56
48
40
-24
-48
0
-56
-32
-24
-80
-16
16
-40
-40
72
8
-72
-40
-16
-16
0
-8
-32
40
32
-72
-16
16
-32
-24
0
-40
-8
-8
-24
8
32
40
8
0
0
-40
-40
0
-56
-56
8
-8
-48
40
56
-8
16
24
-8
16
-72
-80
-16
-40
-16
40
72
40
24
32
48
32
-16
-32
16
-24
-32
8
24
32
0
16
56
48
-8
-16
8
0
-48
-40
0
16
8
0
0
-32
0
0
-48
16
64
0
0
32
-24
-16
40
8
-32
-24
-16
-24
-40
-48
-16
-16
-48
-32
-32
-64
-24
-24
-88
-56
-16
-24
-40
-40
-8
-48
-64
0
-8
0
-8
-24
-96
-88
-16
-48
-8
40
-24
-16
24
0
0
32
80
-16
-40
56
24
-32
-16
48
56
0
-16
-16
16
40
8
72
104
40
-8
-24
16
40
8
40
32
32
0
0
96
56
0
48
80
48
8
16
48
64
72
64
104
64
-48
16
88
64
72
40
24
24
32
56
56
96
24
-48
24
72
80
72
56
16
16
64
32
40
72
8
-24
24
24
24
8
0
8
64
48
8
-8
-40
-16
8
8
16
-16
-64
-56
-16
0
0
0
-96
-120
-88
-112
-112
-72
-16
-16
-32
-72
-72
-80
-196
-196
-80
-16
-32
-64
-88
-132
-180
-120
-96
-104
-80
-112
-120
-112
-148
-164
-148
-56
-48
-16
16
-32
-148
-180
-104
-48
-72
0
48
-56
-112
-96
-56
-16
0
64
120
104
0
-88
-16
0
0
56
148
196
96
32
72
72
64
72
112
132
24
0
56
80
72
96
180
196
120
72
96
80
-32
-16
96
120
148
148
132
64
48
40
40
104
48
16
88
96
32
40
88
120
120
132
104
96
16
-48
-32
8
72
120
88
64
40
-32
-56
56
96
-8
-8
56
80
0
-80
-64
8
56
8
8
64
32
-96
-148
-48
-8
-56
-72
-56
-8
-64
-148
-164
-88
-40
-96
-104
-24
-56
-164
-212
-180
-132
-72
-40
-64
-88
-96
-148
-196
-180
-132
-72
-56
-8
-16
-96
-180
-132
-88
-64
-32
16
8
-32
-80
-48
0
-40
-64
-80
0
72
0
-32
16
96
64
-8
40
96
40
-48
-40
104
148
64
24
64
104
-8
-56
48
180
148
24
32
132
64
-48
32
196
196
80
0
32
32
-8
16
104
196
96
-16
0
24
16
-48
32
148
80
8
-48
-8
72
-40
-64
0
96
64
-72
0
0
32
8
-40
8
32
32
-64
-72
-32
-8
-8
-56
-16
24
32
16
0
0
-32
-56
-40
8
16
-8
-8
-32
-32
0
0
24
64
80
0
-24
0
-40
-32
16
48
80
40
-48
-64
-32
-40
-88
-24
24
-8
-8
8
8
-32
-24
-24
-24
32
40
8
-8
-88
-132
-48
-32
-48
-32
48
112
48
0
-80
-112
-112
-64
-72
-64
64
40
-72
-40
0
-32
-8
-24
-96
-32
48
-8
-64
40
48
16
0
-120
-64
96
24
-112
-24
112
180
0
-164
-72
104
40
-80
-16
64
64
-24
-112
0
56
16
-32
-40
32
24
8
0
-56
-16
80
40
-16
0
56
0
-48
-40
16
148
32
-104
8
80
-32
-88
-72
-24
72
64
-32
-16
32
-8
24
56
-8
-40
148
148
-88
-104
112
244
80
-120
-8
308
196
-148
-148
260
276
-88
-148
180
340
32
-244
0
356
196
-228
-96
396
212
-244
-212
196
324
-72
-276
64
372
120
-260
-88
244
120
-196
-148
212
212
-120
-244
0
164
0
-212
-64
180
24
-212
-148
56
32
-164
-180
0
104
-72
-244
-48
88
-104
-244
-112
56
16
-180
-228
-48
40
-120
-180
-16
64
-64
-196
-132
-56
-32
-88
-120
-24
-24
-72
-24
-40
-104
-80
0
-72
-196
-132
-48
-48
-72
-96
32
56
-32
-88
-32
0
-80
-40
16
-56
-148
-24
88
-32
-120
32
164
64
-164
-164
132
180
-104
-132
88
148
-8
-56
32
132
40
-16
164
164
56
-16
164
196
-56
-104
212
372
88
-56
40
276
228
-80
-88
212
396
132
-96
40
212
164
-32
-88
148
324
164
-56
-16
212
132
-56
-8
148
196
56
-56
80
40
-32
64
104
96
-48
16
112
-8
-40
-64
88
212
-64
-180
40
228
-56
-340
-16
228
-8
-180
-132
48
164
-112
-292
-32
120
-88
-244
-96
56
24
-48
-112
-56
-40
-120
-112
0
8
-40
-48
48
0
-196
-132
16
40
-120
-212
0
148
-96
-324
-80
292
132
-308
-292
32
180
-196
-324
48
324
-40
-396
-228
132
132
-96
-112
112
260
-80
-324
-212
8
8
-244
-48
196
276
8
-276
-196
24
-16
-120
0
196
120
-180
-80
-48
40
0
24
212
48
-292
-212
64
88
-72
-64
228
196
24
-88
-16
16
-48
0
-24
24
8
-24
40
64
-96
16
180
104
-64
-80
16
-120
56
180
56
64
16
0
8
-48
-56
120
324
48
-260
132
244
-132
-196
56
340
132
0
180
308
32
-244
-120
72
32
16
180
196
180
-56
-16
228
64
-212
-16
372
104
-196
8
244
112
-16
-8
148
212
8
-56
-88
-16
24
104
180
56
80
132
0
-228
-112
164
164
32
-132
8
0
-212
-212
104
356
72
-196
-72
112
16
-356
-244
180
164
48
-80
8
48
-132
-196
-132
-32
0
-72
0
-64
-180
-148
0
40
-164
-132
56
16
-196
-308
-180
-8
-228
-324
-48
180
32
-180
-96
-32
-148
-292
-244
0
64
-96
-40
64
-164
-212
-120
0
-72
-148
-212
-148
8
-24
-148
-40
56
-88
-164
-196
48
148
48
-112
-104
132
104
-196
-196
196
428
88
-228
24
340
228
-228
-292
308
460
72
-72
180
396
164
-80
56
372
340
16
0
260
212
0
104
260
356
228
0
132
356
148
-48
148
308
132
-32
-48
96
276
96
8
292
460
132
-212
-88
0
-32
-112
-24
324
492
32
-148
88
148
-164
-428
-80
148
8
-324
-164
324
132
-260
-164
148
64
-308
-460
-148
88
-212
-396
-48
180
-112
-324
-132
120
40
-356
-308
48
104
-396
-460
-16
196
-72
-228
8
112
-72
-460
-356
-24
32
-244
-324
132
96
-292
-276
72
164
-148
-324
-48
148
-80
-428
-180
276
104
-276
-148
260
212
-196
-308
-56
196
72
-180
8
164
64
-104
-88
164
88
64
-64
-96
-24
0
80
0
96
228
196
96
56
-8
16
56
56
112
164
164
120
132
88
-8
-8
104
180
96
132
212
164
96
104
96
104
132
132
148
120
132
164
120
-8
56
148
132
120
104
148
164
-64
-104
0
40
48
64
96
24
-80
-64
0
56
0
-48
24
-132
-308
-180
56
72
-88
0
164
16
-180
-260
-120
-148
-180
0
112
-24
-180
-132
-64
-32
-120
-104
104
16
-292
-212
72
96
24
-64
0
104
-88
-356
-196
120
112
-8
88
196
32
-212
-212
16
164
56
40
88
64
-96
-164
16
24
-56
-80
-112
-16
-72
-180
-56
148
120
-40
-48
-96
-228
-244
-120
64
292
196
-88
-148
-132
-112
-132
-40
132
180
32
-72
112
260
148
-48
16
96
-40
-244
-228
-16
96
132
132
180
112
-120
-180
-120
16
196
148
16
-104
-148
-120
-72
16
48
164
132
-132
-196
-120
8
64
72
112
104
96
-64
-120
16
48
56
-32
-88
-16
-24
8
8
24
88
0
-120
-120
-48
32
8
-24
72
80
48
24
-8
-8
-24
0
40
72
72
24
96
164
148
180
212
88
16
72
164
212
196
148
96
132
112
120
196
212
180
132
16
-8
-8
-32
-24
48
80
88
80
-40
-104
-64
-24
-88
-96
-32
-72
-164
-164
-80
-40
-80
-120
-148
-212
-276
-228
-112
-32
-48
-112
-212
-276
-244
-196
-132
-32
-32
-88
-148
-164
-164
-164
-148
-112
-48
-88
-196
-228
-132
-104
-148
-120
-104
-88
-180
-228
-64
32
16
64
132
164
148
164
180
260
260
276
324
372
324
292
340
356
428
492
460
428
356
292
276
396
396
356
396
340
276
260
148
72
104
64
-32
-72
-96
-196
-340
-396
-292
-276
-396
-524
-620
-652
-716
-684
-620
-620
-652
-748
-748
-684
-684
-684
-652
-652
-684
-684
-652
-524
-492
-396
-308
-212
-180
-164
-148
-104
-48
8
32
64
120
120
132
228
372
428
396
356
356
460
492
556
524
460
396
396
460
556
748
812
780
748
716
652
620
652
716
748
748
748
812
844
844
844
924
1180
1308
1180
924
844
1244
1820
1980
1756
1372
1244
1308
1372
1372
1500
1692
1308
556
-64
-56
340
396
64
-556
-1244
-1980
-2364
-2364
-2364
-2492
-3132
-3900
-4092
-4348
-4092
-4092
-4092
-4092
-4092
-4092
-4092
-3900
-3772
-3516
-3004
-2492
-2108
-1884
-1980
-1692
-1116
-340
164
428
396
396
652
1244
1980
2364
2236
1980
1820
1980
1980
1980
1980
1884
1564
1180
1052
924
876
876
924
988
780
356
104
244
492
620
524
292
180
120
276
492
652
620
556
652
780
924
844
748
620
492
524
780
988
1180
1500
1884
2364
2748
2876
3132
3260
2876
2620
2748
3900
4604
4604
3644
3004
3260
3132
2876
2748
2748
2620
1308
-132
-924
-748
-652
-988
-1372
-2108
-3132
-4348
-4860
-4348
-4092
-4348
-5372
-5884
-6140
-6140
-5628
-5116
-4860
-5116
-5372
-5116
-4604
-3900
-3644
-3260
-2620
-1980
-988
-524
-460
-276
340
1628
2620
3132
3004
2748
2748
2876
3260
3772
4092
4092
3260
2748
2108
1884
1980
2236
2236
1372
356
-588
-844
-524
-212
-132
-780
-1820
-2492
-2236
-1500
-988
-1052
-1628
-1980
-2108
-1820
-1244
-924
-924
-1052
-1116
-876
-620
-428
-196
104
428
492
396
260
308
780
1244
1564
1564
1436
1564
1980
2492
3004
3644
4604
4860
4092
2876
2876
4348
5884
5884
4860
4348
4348
3644
2748
3132
4604
4860
3388
1244
-148
-428
-40
524
684
-396
-2620
-4604
-5116
-4092
-3388
-3516
-4604
-6140
-7164
-7164
-6396
-5628
-5628
-6140
-6396
-6396
-6140
-5628
-5116
-4604
-3900
-3260
-2876
-2492
-1980
-1436
-620
620
1692
2492
2620
2236
2492
3132
4092
4348
4348
4092
3772
3900
3388
3004
2876
2748
2748
2236
1628
844
-32
-588
-260
428
8
-1180
-2492
-2748
-2108
-1436
-1180
-1500
-2236
-2876
-2620
-1500
-748
-780
-1308
-1500
-1244
-780
-132
196
56
72
492
1052
1500
1436
1436
1628
1980
2108
2236
1980
1980
2108
2620
3260
3772
3516
3388
4092
5116
5116
3772
2620
3772
5884
6396
5372
4092
4092
3900
3260
3132
4348
4860
3132
716
-716
-588
-72
-148
-428
-1308
-2876
-4604
-5116
-4604
-4092
-4348
-5628
-6652
-7676
-7932
-7164
-6396
-5884
-6396
-6908
-6908
-6652
-6140
-5628
-5116
-4604
-4092
-3772
-3260
-2492
-1692
-844
80
988
1436
1308
1436
2236
3388
3900
3900
3644
3516
3388
3388
3644
3900
3772
2876
2236
2108
2108
1820
1500
1180
748
212
-88
-104
-88
-372
-652
-844
-988
-1052
-1052
-716
-588
-588
-652
-684
-620
-492
-164
72
228
196
164
148
460
1052
1372
1372
1308
1244
1180
1180
1308
1500
1692
1564
1500
1756
2364
2748
3132
3516
4092
4348
3388
2492
2876
4604
6140
5628
4348
3644
4092
3900
3644
4092
4860
4604
2620
588
-132
340
876
844
324
-1244
-3260
-4604
-4348
-3132
-3004
-4348
-5884
-7164
-7420
-6908
-5884
-5372
-5884
-6908
-7164
-6908
-6396
-5884
-5372
-5116
-4860
-4604
-3900
-3260
-2364
-1756
-1244
-372
324
716
844
1308
2236
2876
3132
2876
2876
3260
3644
3900
3644
3260
2748
2364
2492
2876
2620
1628
844
524
652
716
524
164
-180
-620
-876
-748
-652
-716
-988
-1116
-1052
-1116
-1308
-1308
-876
-620
-492
-620
-716
-716
-556
-32
428
396
16
-88
164
652
988
876
812
684
812
1116
1500
1980
2236
2364
2620
3388
4348
4348
3260
2620
3260
5116
6140
5628
4860
4348
4604
4348
4348
4860
5372
4604
2748
1372
1052
1436
1564
1244
652
-876
-2620
-3644
-3260
-2620
-2876
-4092
-5372
-6396
-6652
-6140
-5372
-5372
-5884
-6908
-7164
-6652
-5884
-5372
-5372
-5116
-5116
-4860
-4092
-3132
-2108
-1692
-1372
-844
-180
372
780
1436
2236
2876
2620
2492
3004
3516
3644
3644
3644
3388
2620
1980
2364
3004
2492
1372
524
396
556
556
684
340
-652
-1628
-1436
-684
-356
-748
-1500
-1884
-1980
-1692
-1244
-988
-1244
-1692
-1820
-1564
-1180
-988
-924
-844
-716
-588
-396
-164
56
324
524
588
524
492
716
1116
1628
2108
2492
2748
3004
3516
4348
4860
4348
3516
3772
5372
6652
6396
5372
4860
5116
5116
4860
5116
5628
5372
3644
2108
1628
1884
1980
1436
620
-780
-2364
-3260
-3260
-2876
-3260
-4348
-5884
-6652
-6908
-6652
-5884
-5884
-6396
-7420
-7676
-7164
-6396
-6140
-5884
-5884
-5884
-5372
-4860
-3900
-3004
-2236
-1884
-1500
-988
-148
988
1884
2236
2236
2236
2492
3004
3644
4092
4348
4092
3388
2748
2620
3260
3900
3644
2620
1372
716
924
1820
2364
1980
556
-876
-988
16
988
924
-96
-1372
-1980
-1628
-684
96
-148
-1116
-1756
-1692
-1052
-324
-164
-428
-844
-1116
-844
-356
120
396
372
104
0
104
428
988
1436
1628
1692
1820
2108
2620
3260
4092
4348
3516
2492
2748
4604
6140
5884
4860
4092
4348
4348
4348
4604
5116
4604
2748
1052
652
1244
1692
1180
148
-1308
-2748
-3516
-3388
-2876
-3260
-4348
-5628
-6652
-6908
-6396
-5628
-5628
-6396
-7164
-7164
-6652
-6140
-5884
-5884
-5628
-5372
-5116
-4604
-3772
-3004
-2236
-1692
-1372
-876
-132
524
1116
1884
2620
2876
2364
2236
3132
4348
4604
4092
3644
3260
3260
3388
3900
4092
3132
1884
1500
1980
2236
1980
1436
924
428
0
132
428
260
-372
-876
-924
-988
-1180
-1244
-988
-988
-1372
-1628
-1692
-1564
-1436
-1308
-1052
-988
-1180
-1308
-988
-620
-292
-120
-16
104
228
356
716
1180
1628
2236
2492
2620
3004
3772
4348
4092
3516
3644
4860
6140
5884
5116
4860
5116
5116
4860
4860
5372
5372
4092
2364
1500
1692
1980
1692
988
-292
-1884
-2876
-3004
-2620
-2748
-3900
-5116
-6396
-6652
-6396
-5628
-5628
-6396
-7164
-7420
-6908
-6652
-6396
-6140
-6140
-5628
-5372
-4860
-4348
-3644
-3132
-2364
-1436
-1116
-988
-620
460
1820
2748
2620
1980
2236
2876
3644
4348
4348
3900
3260
2876
3004
3516
3644
3132
2492
1980
1692
1372
1436
1628
1436
684
-148
-428
-492
-340
-260
-276
-748
-1564
-1980
-1628
-924
-620
-748
-1244
-1628
-1692
-1436
-780
-244
-292
-748
-988
-716
-96
396
524
620
492
460
556
876
1564
1980
2108
2236
2364
2620
3260
4092
4604
4092
3132
3260
4860
6140
6140
5116
4860
4860
4604
4348
4604
5372
5116
3132
1436
924
1308
1564
1180
356
-1180
-2748
-3644
-3388
-3004
-3388
-4604
-5884
-6652
-6908
-6396
-5884
-5884
-6652
-7420
-7420
-7164
-6652
-6396
-6140
-5884
-5628
-5372
-4860
-4092
-3132
-2236
-1244
-844
-988
-780
164
1756
2876
3260
2876
2748
3004
3516
4604
5372
5116
4348
3388
3388
3772
4348
4348
4348
3132
1980
1692
2108
2748
2492
1628
524
-228
-460
-64
340
88
-780
-1884
-2364
-2108
-1564
-1116
-1180
-1980
-2620
-2876
-2492
-1820
-1436
-1500
-1980
-2236
-2108
-1500
-812
-324
-308
-588
-748
-428
48
652
1180
1372
1372
1500
1884
2748
3516
4092
4348
4092
3388
3260
4348
5884
6396
5372
4348
4348
4604
4860
4860
4860
4860
3644
2108
1180
1372
1628
1308
588
-684
-2108
-3004
-3388
-3004
-3132
-3900
-5116
-6396
-6908
-6396
-5884
-5628
-6396
-7164
-7676
-7164
-6652
-6140
-5884
-5884
-5628
-5372
-4860
-4092
-3132
-2108
-1244
-924
-1180
-924
196
1820
2876
3260
3004
2876
2748
3260
4604
5372
5372
4348
3516
3516
3900
4348
4604
4604
3516
2108
1884
2620
3132
2876
2108
1052
-56
-556
-80
812
716
-588
-1980
-2364
-2236
-1756
-1308
-1244
-1884
-2876
-3132
-2620
-1756
-1372
-1436
-1820
-2236
-2108
-1692
-924
-292
-120
-372
-620
-460
88
812
1500
1756
1692
1500
1820
2620
3388
4092
4092
4348
4092
3644
3900
4860
6140
6140
5116
4348
4348
5116
4860
4604
4348
4092
3132
1756
924
844
988
556
-460
-1564
-2748
-3516
-3900
-3772
-3900
-4860
-6140
-7164
-7164
-6652
-6396
-6396
-6908
-7420
-7676
-7164
-6652
-6140
-5884
-5628
-5628
-5116
-4604
-3516
-2492
-1980
-1692
-1308
-652
148
924
1820
2620
3004
2876
2876
3388
4348
4860
5116
4860
4348
3900
4092
4604
5116
4604
3516
2748
2748
3004
3004
2748
1980
1116
460
492
652
428
-180
-844
-1244
-1500
-1756
-1820
-1884
-2108
-2364
-2620
-2620
-2620
-2364
-2108
-1980
-1980
-2108
-2108
-1884
-1372
-844
-460
-340
-356
-228
276
844
1308
1500
1692
1884
2236
3004
3644
4092
4092
4092
4604
4860
4860
5116
5628
6140
6140
5372
4604
4860
5372
5116
4348
3900
3644
2876
1820
1116
924
652
-180
-1244
-2236
-2876
-3516
-3900
-4092
-4860
-5628
-6140
-6652
-6908
-6652
-6396
-6652
-6908
-7164
-7164
-6652
-6140
-5628
-5372
-5116
-4860
-4348
-3516
-2876
-2364
-1756
-988
-372
-48
428
1308
2108
2492
2748
2876
3260
3516
3644
4092
4348
4092
3772
3772
4092
4092
3644
3132
3004
2748
2492
2236
1980
1564
844
372
356
228
-180
-748
-1116
-1372
-1628
-1820
-2108
-2364
-2620
-2620
-2492
-2492
-2620
-2876
-2748
-2492
-2236
-1884
-1756
-1756
-1756
-1372
-780
-308
64
308
428
620
924
1436
1820
2236
2492
2748
3388
3644
4092
4348
4348
4860
5116
5116
4860
5116
5628
5884
5372
4604
4604
4604
4348
4092
3516
3132
2236
1308
652
460
180
-556
-1372
-2236
-3004
-3516
-3900
-4348
-4604
-5372
-5884
-6140
-6396
-6140
-5884
-5884
-6140
-6396
-6396
-5884
-5372
-4860
-4604
-4092
-3900
-3644
-3004
-2236
-1436
-924
-588
-164
324
780
1372
1980
2492
2748
2748
2876
3132
3516
3516
3772
3900
3772
3260
3132
3260
3388
3004
2620
2236
1980
1692
1308
1116
924
588
96
-260
-460
-652
-924
-1180
-1500
-1884
-2236
-2364
-2236
-2236
-2364
-2620
-2748
-2748
-2364
-1980
-1820
-1884
-1980
-1756
-1372
-844
-372
-88
0
120
492
988
1372
1628
1884
2108
2236
2748
3388
3900
4092
4092
4092
4604
4860
4860
4860
5116
5372
5116
4604
4092
4348
4348
4092
3260
2620
2364
1884
1116
356
-196
-748
-1436
-1980
-2620
-3132
-3900
-4604
-4860
-5116
-5372
-5628
-6140
-6396
-6396
-6140
-5884
-5884
-6140
-6140
-5628
-5116
-4604
-4348
-4348
-3900
-3260
-2492
-1692
-1244
-924
-556
148
748
1116
1564
2108
2620
3004
3132
3260
3388
3644
3900
4092
4092
3900
3644
3516
3644
3516
3260
2876
2620
2364
2108
1820
1500
1180
780
340
88
-132
-356
-652
-1052
-1436
-1692
-1980
-2236
-2236
-2236
-2364
-2492
-2492
-2492
-2364
-2108
-1980
-1820
-1692
-1564
-1308
-924
-460
-180
24
276
652
1052
1308
1564
1820
2108
2236
2492
3132
3644
3772
3516
3644
4348
4860
4604
4092
4092
4860
5116
4348
3772
3772
3900
3644
2748
2236
2108
1756
988
96
-460
-876
-1436
-1884
-2236
-2876
-3644
-4348
-4604
-4348
-4604
-4860
-5628
-5884
-5884
-5628
-5372
-5116
-5372
-5628
-5372
-4860
-4348
-3900
-3644
-3516
-3260
-2620
-1884
-1244
-924
-652
-88
556
1052
1372
1692
2236
2620
2876
2876
2876
3004
3260
3516
3644
3516
3260
2876
2876
2876
2876
2620
2108
1628
1372
1244
1244
988
524
64
-324
-652
-748
-812
-988
-1244
-1628
-1980
-1980
-1884
-1756
-1756
-1820
-1980
-1980
-1980
-1692
-1436
-1308
-1244
-1116
-924
-588
-292
0
308
620
812
876
1116
1436
1756
1980
2364
2876
3260
3388
3388
3516
4092
4860
4604
4092
3900
4348
4860
4860
4092
3772
3900
3900
3260
2492
2364
2236
1756
684
-212
-556
-844
-1180
-1692
-2364
-3132
-4092
-4348
-4348
-4348
-4604
-5372
-5884
-6140
-5628
-5372
-5116
-5372
-5628
-5628
-5116
-4604
-4092
-3900
-3772
-3516
-3004
-2236
-1564
-1308
-876
-260
372
876
1116
1436
1820
2236
2620
2748
2748
2492
2748
3260
3644
3644
3260
2876
2748
2748
2876
2876
2492
1980
1564
1500
1628
1500
988
524
96
-196
-292
-372
-620
-1052
-1436
-1564
-1628
-1692
-1756
-1820
-1884
-1884
-1884
-1820
-1628
-1500
-1436
-1308
-1180
-1052
-812
-428
-8
396
588
652
748
1116
1564
1884
2108
2364
2620
3004
3260
3388
3516
3900
4348
4604
4092
3644
3900
4348
4604
4092
3516
3388
3388
2876
2236
1820
1692
1436
652
-324
-876
-1180
-1436
-1820
-2236
-2876
-3644
-4348
-4604
-4348
-4348
-4860
-5372
-5884
-5884
-5372
-5116
-4860
-5116
-5116
-5116
-4860
-4092
-3644
-3516
-3388
-3004
-2492
-1820
-1372
-924
-356
212
588
812
1052
1436
1884
2364
2748
2620
2364
2364
2876
3388
3388
3132
2620
2236
2364
2748
2876
2620
1980
1372
1244
1500
1628
1308
748
212
-132
-228
-164
-196
-460
-924
-1244
-1436
-1372
-1372
-1308
-1308
-1372
-1436
-1500
-1372
-1052
-812
-780
-684
-620
-460
-112
276
556
684
652
684
988
1436
1820
1980
2108
2492
2876
3004
3004
3132
3772
4348
4092
3644
3516
4092
4348
4348
3772
3516
3516
3388
2748
2108
1884
1820
1372
492
-396
-876
-1180
-1372
-1564
-1980
-2876
-3772
-4348
-4092
-3900
-4092
-4604
-5628
-5884
-5628
-5116
-4604
-4860
-5116
-5372
-4860
-4348
-3900
-3644
-3516
-3388
-3132
-2492
-1820
-1436
-1116
-620
0
396
588
748
1116
1692
2108
2236
2364
2236
2236
2492
3132
3388
3132
2364
1980
2236
2492
2748
2492
1884
1308
988
1180
1500
1372
716
64
-212
-228
-56
-64
-356
-876
-1308
-1372
-1180
-1116
-1244
-1372
-1436
-1436
-1436
-1372
-1180
-988
-812
-748
-716
-588
-356
-24
428
652
780
844
924
1244
1628
1980
2492
2876
2876
2748
2748
3260
4092
4348
4092
3644
3516
3900
4348
4092
3772
3772
3516
3004
2364
2108
1980
1820
1308
460
-428
-1052
-1308
-1244
-1436
-2108
-3004
-3900
-4348
-4092
-3900
-4092
-4860
-5628
-5884
-5628
-4860
-4604
-4860
-5116
-5116
-4860
-4348
-4092
-3516
-3260
-3004
-2748
-2236
-1692
-1308
-924
-308
396
652
652
844
1500
2108
2364
2492
2492
2364
2492
2876
3260
3388
3004
2492
2492
2748
3004
2876
2620
1980
1500
1500
1820
1980
1500
748
228
80
132
96
-80
-428
-924
-1244
-1244
-1052
-1052
-1244
-1436
-1500
-1500
-1500
-1436
-1308
-1116
-1052
-1052
-924
-684
-428
-80
308
556
492
428
588
988
1436
1756
2108
2364
2236
2108
2364
3132
3900
4092
3388
2876
3132
3644
3772
3388
3132
2876
2620
2108
1628
1500
1436
1244
748
56
-620
-1180
-1500
-1436
-1500
-1980
-3004
-3772
-4092
-4092
-3900
-4092
-4604
-5116
-5372
-5116
-4604
-4348
-4348
-4604
-4860
-4604
-4092
-3644
-3388
-3260
-3004
-2620
-2108
-1692
-1244
-684
-132
212
340
588
988
1500
1980
2364
2364
2236
2236
2620
3004
3388
3260
2876
2620
2620
2748
3004
2876
2492
1884
1628
1756
1884
1756
1372
780
356
228
372
492
228
-324
-716
-844
-780
-716
-748
-844
-988
-1180
-1244
-1116
-988
-876
-748
-652
-684
-652
-396
-120
180
340
396
524
716
924
1244
1628
1980
2108
2108
2108
2236
2876
3388
3516
3132
2876
3004
3260
3388
3132
3132
3004
2748
2236
1820
1820
1820
1436
780
164
-308
-844
-1180
-1180
-1308
-1884
-2748
-3516
-3772
-3516
-3516
-3772
-4348
-4860
-5116
-5116
-4604
-4348
-4348
-4860
-4860
-4604
-4092
-3644
-3644
-3516
-3388
-2876
-2492
-1980
-1500
-1116
-812
-428
-16
324
684
988
1372
1692
1820
1884
1980
2108
2364
2492
2620
2620
2364
2236
2364
2492
2492
2108
1884
1756
1756
1820
1820
1564
1116
684
524
588
588
396
96
-212
-396
-460
-372
-356
-460
-748
-924
-924
-812
-748
-620
-556
-524
-588
-588
-396
-132
104
212
276
396
588
988
1372
1692
1692
1692
2108
2620
2620
2364
2492
3004
3132
2876
2620
2876
3132
2748
2236
2236
2364
1980
1436
1052
780
460
-120
-492
-524
-716
-1436
-2108
-2364
-2364
-2620
-3132
-3516
-3772
-3900
-4092
-4092
-3900
-4092
-4348
-4348
-4092
-3772
-3644
-3644
-3516
-3132
-2876
-2620
-2236
-1884
-1564
-1308
-924
-524
-212
0
340
716
988
1116
1244
1436
1756
1980
2236
2236
2236
2108
2108
2236
2364
2364
2108
1980
1820
1756
1820
1820
1628
1372
1116
1052
1116
1116
924
588
276
88
96
148
88
-80
-340
-556
-652
-652
-684
-748
-812
-812
-812
-812
-716
-652
-588
-524
-492
-428
-260
-132
104
460
684
748
780
1116
1564
1692
1628
1692
1980
2108
2108
2108
2364
2364
2108
1820
1756
1980
1980
1628
1308
924
524
164
-16
-56
-372
-924
-1308
-1436
-1500
-1756
-2108
-2364
-2620
-3004
-3132
-3004
-3004
-3132
-3388
-3388
-3132
-3132
-3260
-3132
-3004
-2876
-2748
-2492
-2364
-2236
-1980
-1628
-1244
-924
-684
-428
-32
308
460
556
716
988
1180
1372
1564
1628
1628
1692
1884
2108
2108
1980
1820
1820
1980
1980
1884
1756
1628
1692
1820
1820
1692
1436
1244
1244
1244
1180
876
588
372
244
212
228
148
0
-164
-340
-428
-524
-460
-428
-492
-556
-620
-588
-524
-396
-196
-64
-8
-32
0
164
524
780
812
748
844
1052
1244
1308
1372
1372
1308
1244
1308
1372
1308
1116
876
876
844
684
396
260
148
-196
-492
-652
-780
-1052
-1436
-1628
-1820
-2108
-2364
-2492
-2364
-2492
-2748
-2876
-3004
-3004
-3004
-2876
-2748
-2620
-2748
-2876
-2748
-2364
-2108
-1756
-1628
-1564
-1436
-1244
-812
-492
-340
-244
-120
88
356
652
924
1052
1116
1180
1372
1628
1884
1884
1980
1980
2108
1980
1980
1980
2108
2236
2236
2108
1980
1980
1884
1980
1980
1884
1692
1436
1308
1372
1372
1308
1116
780
556
492
524
524
396
132
-132
-292
-356
-356
-428
-556
-716
-924
-988
-924
-780
-716
-716
-684
-684
-652
-524
-340
-260
-228
-196
-64
88
180
228
340
556
588
556
588
588
492
396
396
460
428
212
8
-64
-164
-292
-428
-460
-652
-876
-1116
-1180
-1244
-1372
-1564
-1756
-1820
-1884
-1980
-1884
-1980
-2108
-2236
-2236
-2108
-2108
-2108
-1980
-1756
-1628
-1564
-1500
-1308
-1052
-924
-780
-556
-492
-372
-196
80
292
428
492
588
780
924
988
1116
1244
1308
1436
1628
1820
1884
1884
1980
2236
2236
2236
2364
2364
2492
2364
2108
1980
1980
1980
1980
1980
1884
1628
1436
1244
1052
924
684
492
428
308
132
-64
-180
-308
-428
-524
-620
-716
-988
-1116
-1052
-1052
-1052
-988
-988
-988
-988
-844
-652
-588
-620
-588
-428
-196
-64
48
64
148
292
460
588
588
460
396
356
372
428
372
196
0
-104
-180
-244
-340
-460
-652
-876
-988
-1116
-1244
-1372
-1628
-1820
-1980
-2108
-2108
-2108
-2108
-2108
-2236
-2236
-2236
-2236
-1980
-1820
-1756
-1756
-1756
-1692
-1436
-1116
-924
-716
-652
-556
-340
-72
196
396
588
780
988
1180
1500
1692
1820
1980
2108
2236
2236
2364
2492
2620
2748
2748
2748
2620
2620
2748
2748
2620
2364
2108
1980
1980
1980
1820
1564
1244
924
748
652
556
396
132
-228
-492
-556
-588
-716
-924
-1052
-1244
-1308
-1372
-1244
-1244
-1372
-1436
-1436
-1436
-1372
-1308
-1180
-1052
-924
-812
-780
-652
-492
-324
-112
8
32
0
40
244
428
524
492
396
324
292
356
372
212
0
-228
-340
-356
-324
-396
-620
-844
-1052
-1116
-1180
-1308
-1500
-1628
-1692
-1820
-1884
-1884
-1884
-1980
-1884
-1884
-1980
-1980
-1884
-1692
-1564
-1500
-1436
-1308
-1116
-924
-716
-492
-356
-276
-180
120
428
620
652
748
988
1180
1372
1628
1756
1884
1980
2108
2236
2364
2364
2492
2620
2748
2748
2748
2748
2748
2620
2492
2492
2364
2236
2108
1980
1884
1692
1436
1244
1052
876
652
428
212
24
-196
-428
-556
-620
-748
-924
-988
-988
-988
-988
-1052
-1180
-1308
-1372
-1372
-1244
-1052
-988
-988
-988
-924
-780
-588
-492
-372
-308
-308
-260
-120
32
112
112
24
-16
0
80
72
8
-96
-132
-164
-276
-396
-460
-492
-556
-652
-716
-812
-924
-988
-1052
-1116
-1244
-1372
-1436
-1500
-1500
-1500
-1500
-1436
-1436
-1564
-1628
-1564
-1500
-1436
-1436
-1308
-1180
-1180
-1052
-988
-876
-748
-652
-492
-292
-148
-8
112
276
428
588
748
876
988
1116
1116
1180
1436
1564
1564
1564
1628
1692
1756
1756
1820
1884
1820
1820
1820
1820
1756
1628
1500
1436
1372
1308
1180
1052
924
780
716
620
524
428
308
228
164
112
-16
-88
-132
-228
-260
-292
-292
-260
-196
-196
-228
-212
-164
-132
-104
-48
24
80
132
212
244
324
356
372
356
324
324
276
212
180
164
148
-8
-132
-228
-260
-260
-292
-340
-460
-524
-620
-684
-748
-924
-1052
-1180
-1180
-1180
-1244
-1372
-1436
-1500
-1500
-1500
-1500
-1436
-1436
-1500
-1436
-1372
-1372
-1308
-1180
-1052
-988
-924
-812
-748
-652
-620
-492
-428
-356
-292
-88
64
164
260
396
556
652
652
652
684
748
844
924
924
924
924
988
1116
1180
1180
1052
1052
1052
1052
1052
988
924
812
780
748
620
556
492
396
340
244
212
148
32
-48
-80
-96
-132
-180
-212
-244
-260
-276
-276
-196
-180
-212
-260
-228
-104
16
88
132
148
180
260
372
492
588
620
556
556
588
620
588
556
492
428
396
396
308
212
120
40
0
-80
-212
-356
-460
-524
-556
-556
-620
-652
-684
-716
-716
-748
-812
-844
-876
-924
-924
-988
-988
-924
-844
-748
-716
-716
-652
-620
-588
-492
-396
-260
-196
-212
-148
-16
40
132
244
276
356
428
492
524
556
588
620
652
652
716
812
844
812
780
716
620
684
716
748
748
652
524
460
428
396
396
308
148
0
-72
-72
-120
-180
-260
-324
-356
-396
-460
-492
-524
-524
-524
-556
-556
-588
-556
-524
-460
-396
-356
-340
-276
-260
-212
-180
-132
-112
-24
56
132
244
276
372
460
556
588
524
492
492
524
588
556
492
396
308
244
244
308
276
164
40
-48
-72
-96
-72
-104
-228
-356
-428
-428
-460
-460
-492
-524
-556
-588
-588
-588
-556
-524
-524
-524
-524
-524
-524
-460
-428
-396
-340
-356
-340
-340
-356
-324
-228
-148
-64
-32
-16
0
88
148
180
228
260
308
292
396
460
460
460
556
588
556
620
620
588
556
524
556
588
556
524
524
492
428
324
244
212
212
196
148
72
-24
-148
-228
-276
-292
-292
-340
-460
-556
-556
-588
-524
-492
-460
-428
-396
-340
-260
-196
-80
-48
-80
-40
16
104
244
356
372
396
428
460
524
556
588
556
556
460
460
492
492
460
428
396
276
196
180
196
148
16
-64
-132
-164
-72
8
-8
-64
-164
-212
-196
-164
-180
-308
-356
-396
-428
-460
-428
-428
-428
-460
-428
-396
-372
-372
-396
-396
-372
-356
-372
-356
-356
-308
-276
-324
-340
-244
-164
-164
-120
-88
-64
-64
-40
24
72
104
120
180
180
80
40
120
164
228
260
228
180
120
80
132
180
180
112
0
-32
-80
-180
-244
-260
-308
-372
-396
-372
-372
-356
-340
-356
-396
-428
-460
-396
-308
-212
-196
-212
-180
-148
-32
88
164
180
212
276
340
396
428
524
588
620
652
684
716
748
748
684
652
588
556
492
460
460
396
372
324
276
260
196
212
260
276
196
120
104
96
120
148
132
148
88
56
112
132
196
180
132
132
96
56
80
88
132
104
8
-8
40
56
0
-8
-80
-104
-104
-112
-40
-16
-32
-48
-132
-164
-180
-196
-228
-244
-260
-292
-356
-396
-428
-460
-396
-396
-460
-556
-652
-684
-620
-524
-492
-588
-620
-620
-588
-556
-588
-620
-684
-652
-684
-652
-620
-684
-748
-716
-652
-556
-524
-556
-588
-524
-428
-340
-244
-212
-180
-132
-32
132
276
356
372
396
460
588
652
716
780
780
716
716
684
716
748
716
748
716
652
620
620
620
684
684
588
556
492
460
492
524
492
396
340
276
324
356
276
212
164
164
132
164
196
244
228
164
164
196
180
164
148
148
104
56
40
-8
-8
-32
-80
-88
-120
-148
-132
-164
-120
-120
-196
-180
-132
-180
-244
-260
-228
-276
-260
-212
-260
-228
-244
-276
-196
-180
-244
-260
-276
-276
-244
-292
-372
-396
-396
-356
-340
-396
-492
-588
-588
-492
-428
-428
-524
-556
-556
-524
-492
-492
-524
-556
-556
-492
-396
-308
-212
-180
-148
-56
-16
64
180
228
244
276
308
356
460
492
588
652
652
652
684
748
780
748
684
588
492
460
372
340
324
308
260
196
112
64
32
72
88
56
24
8
40
56
24
0
-56
-120
-132
-112
-80
-80
-132
-196
-196
-164
-132
-96
-104
-96
-120
-164
-148
-132
-96
-112
-112
-32
-64
-56
-8
16
40
24
-8
-8
24
64
120
104
104
72
40
64
104
164
148
112
48
0
-16
0
-24
-40
-48
-96
-180
-244
-244
-196
-196
-260
-260
-308
-340
-340
-372
-372
-428
-524
-556
-556
-524
-460
-428
-428
-396
-372
-292
-180
-112
-96
-24
0
104
196
260
276
292
340
396
492
556
588
556
588
652
716
748
780
716
684
652
620
652
684
620
588
492
460
460
340
292
260
196
180
148
72
64
40
24
32
0
-88
-196
-196
-212
-212
-196
-180
-244
-340
-372
-372
-356
-396
-428
-460
-428
-396
-372
-372
-396
-396
-428
-428
-372
-308
-292
-276
-260
-340
-356
-340
-276
-212
-196
-212
-196
-196
-164
-80
-64
-64
-96
-104
-96
-88
-48
-8
0
0
-8
-48
-8
56
88
80
0
-64
-164
-180
-132
-112
-56
-88
-196
-228
-196
-164
-132
-180
-244
-324
-356
-276
-132
-72
-80
-88
-88
0
96
228
340
324
324
324
396
524
556
588
588
588
588
620
620
684
684
588
524
460
460
492
460
396
324
276
260
228
196
196
148
112
72
8
8
0
-40
-112
-180
-228
-276
-292
-260
-228
-212
-212
-228
-212
-228
-244
-228
-196
-180
-196
-212
-196
-164
-132
-132
-164
-112
-88
-96
-64
-64
-96
-132
-132
-120
-88
-96
-88
-72
-56
-16
24
80
56
24
24
64
96
104
120
148
164
112
72
64
24
-16
-16
-16
-40
-96
-164
-180
-132
-148
-180
-212
-244
-324
-356
-356
-324
-276
-260
-260
-244
-212
-164
-112
-80
-80
-72
-80
-80
-16
56
48
64
88
120
228
292
324
396
372
324
324
308
276
308
356
324
308
276
276
244
212
180
132
132
112
120
112
80
48
32
-16
-56
-88
-132
-132
-132
-132
-180
-212
-196
-196
-196
-196
-196
-228
-228
-228
-228
-196
-180
-148
-212
-196
-196
-196
-196
-164
-196
-244
-212
-180
-196
-180
-148
-120
-40
16
48
32
40
40
40
96
80
88
112
148
164
132
180
196
276
308
308
276
276
212
212
228
180
148
112
132
120
88
80
88
64
48
-8
-88
-104
-96
-96
-96
-132
-148
-132
-132
-120
-104
-164
-244
-228
-196
-132
-48
0
40
72
120
196
276
292
292
308
308
340
372
396
372
324
356
356
372
372
324
260
212
196
148
132
96
88
48
64
40
8
-56
-148
-196
-244
-292
-340
-396
-460
-460
-460
-492
-492
-492
-492
-460
-460
-428
-428
-428
-396
-372
-340
-324
-292
-276
-244
-228
-228
-228
-228
-180
-148
-132
-104
-96
-88
-48
0
48
96
96
120
164
212
276
276
292
324
292
324
356
308
276
228
212
212
228
196
132
80
88
72
0
0
-8
-8
-24
-56
-80
-120
-180
-228
-212
-212
-212
-212
-212
-228
-276
-260
-212
-196
-180
-180
-164
-112
-72
32
148
196
276
356
396
372
396
372
428
524
556
524
524
524
556
524
492
492
460
460
428
428
428
428
372
292
228
148
88
24
-8
-56
-132
-180
-180
-196
-244
-244
-276
-324
-396
-428
-460
-524
-556
-588
-556
-524
-492
-492
-492
-428
-428
-396
-396
-396
-396
-356
-308
-244
-228
-196
-148
-104
-104
-72
-16
8
56
120
164
196
212
260
276
324
356
372
428
460
460
460
460
428
428
396
372
356
324
260
180
88
64
48
0
-56
-148
-196
-244
-324
-372
-396
-428
-460
-460
-460
-460
-492
-460
-428
-396
-396
-396
-396
-356
-292
-180
-120
-104
-88
-56
-8
56
104
148
196
196
228
260
356
428
428
396
372
340
372
396
396
372
340
324
324
324
276
228
196
132
104
16
-32
-48
-80
-104
-148
-212
-276
-356
-396
-372
-356
-372
-396
-396
-396
-372
-324
-260
-260
-292
-260
-244
-164
-148
-120
-104
-56
0
56
148
212
244
260
260
308
372
396
428
460
460
492
524
556
588
620
620
620
588
524
524
492
460
428
428
396
308
276
212
132
40
-24
-120
-212
-244
-276
-308
-324
-356
-428
-428
-460
-492
-524
-556
-588
-620
-588
-588
-588
-620
-588
-556
-524
-524
-460
-396
-340
-308
-276
-228
-180
-132
-40
8
24
112
148
180
228
164
132
132
180
228
276
340
340
292
228
212
180
164
132
96
16
-32
-48
-40
-48
-88
-132
-180
-212
-212
-212
-212
-180
-260
-340
-356
-372
-340
-292
-308
-308
-308
-292
-244
-196
-180
-180
-164
-148
-88
8
80
132
132
132
148
212
276
340
356
340
340
372
460
556
620
620
588
588
556
556
588
620
588
556
524
460
428
428
428
372
308
228
180
132
96
96
72
16
0
-24
-64
-80
-132
-228
-292
-308
-308
-324
-308
-324
-396
-396
-372
-340
-324
-372
-372
-324
-276
-244
-180
-148
-164
-164
-164
-148
-104
-64
-32
0
-16
0
8
24
72
96
148
120
104
96
88
80
64
32
24
-8
-48
-32
-48
-64
-104
-180
-244
-292
-324
-308
-292
-324
-372
-428
-492
-460
-372
-324
-324
-340
-340
-356
-292
-180
-164
-196
-196
-164
-96
-24
32
40
56
56
64
120
180
196
196
244
260
340
396
428
492
524
556
524
492
492
524
524
524
524
492
460
492
492
492
492
428
340
276
212
164
132
96
24
-40
-88
-120
-120
-148
-212
-244
-324
-396
-396
-396
-428
-428
-460
-524
-524
-460
-428
-428
-460
-428
-428
-460
-396
-308
-228
-180
-148
-104
-24
56
96
132
212
228
228
260
308
356
428
460
460
428
428
428
428
396
340
308
276
244
212
196
132
80
16
-56
-88
-132
-180
-244
-324
-356
-396
-428
-428
-428
-428
-460
-428
-428
-396
-396
-340
-324
-324
-324
-324
-260
-244
-212
-180
-148
-64
-8
56
96
104
112
132
180
244
324
356
324
340
372
396
428
492
492
460
460
460
460
460
460
428
428
372
308
276
244
228
164
104
48
24
-24
-80
-80
-164
-244
-324
-372
-396
-396
-372
-396
-460
-492
-556
-556
-556
-524
-524
-524
-492
-492
-428
-396
-308
-292
-260
-212
-196
-180
-148
-104
-32
16
88
132
164
244
292
396
396
396
396
428
428
428
372
308
292
276
228
180
164
112
80
32
24
16
-56
-132
-148
-180
-244
-276
-292
-292
-276
-228
-228
-228
-228
-212
-164
-132
-88
-112
-132
-148
-112
-56
0
64
112
132
180
228
244
276
292
340
396
428
460
460
460
492
460
460
524
556
556
524
524
492
492
428
396
372
340
308
292
276
260
260
244
180
104
32
-48
-120
-164
-244
-292
-308
-396
-460
-492
-492
-524
-556
-620
-620
-652
-620
-588
-556
-556
-556
-556
-524
-492
-460
-396
-372
-308
-276
-228
-148
-88
-24
16
80
96
120
180
196
228
228
228
228
260
276
308
276
212
212
196
180
180
96
24
0
-32
-96
-132
-120
-132
-132
-148
-164
-196
-244
-260
-308
-292
-324
-372
-372
-340
-324
-308
-292
-308
-308
-276
-260
-196
-148
-132
-112
-104
-72
-16
40
88
104
112
132
164
228
260
308
324
324
324
340
372
396
428
428
396
396
396
396
396
396
396
396
356
340
324
340
340
324
292
212
196
164
112
80
40
0
-48
-96
-148
-212
-244
-228
-244
-244
-212
-196
-196
-180
-180
-164
-148
-112
-88
-80
-72
-56
-64
-32
-8
24
64
72
104
132
148
148
164
164
164
164
164
196
196
164
148
148
132
104
112
112
80
32
0
-48
-80
-96
-148
-164
-180
-228
-244
-212
-244
-228
-196
-196
-196
-212
-228
-228
-228
-228
-196
-196
-212
-212
-180
-180
-148
-132
-132
-164
-180
-196
-132
-80
-24
40
32
24
64
80
104
120
132
96
88
96
120
132
132
120
72
32
48
72
64
56
48
48
-8
-40
-64
-96
-120
-120
-132
-180
-196
-228
-260
-244
-244
-228
-260
-308
-308
-308
-276
-244
-228
-244
-228
-244
-212
-180
-96
-64
-80
-48
0
40
72
132
148
180
260
308
324
356
372
396
460
492
492
492
460
460
492
524
492
460
460
428
428
428
396
340
324
324
292
244
180
112
72
40
0
-16
-56
-104
-148
-164
-180
-196
-164
-180
-196
-164
-180
-196
-196
-212
-196
-228
-244
-212
-212
-212
-180
-164
-148
-132
-112
-104
-80
-32
0
24
16
40
48
56
56
64
96
132
148
164
164
164
180
180
180
164
196
164
148
148
132
120
96
56
16
0
-24
-32
-56
-88
-132
-164
-212
-308
-324
-340
-324
-340
-356
-396
-460
-460
-428
-396
-396
-372
-396
-372
-324
-308
-292
-292
-276
-244
-244
-212
-180
-164
-164
-148
-148
-120
-80
-72
-96
-72
-24
24
64
96
64
32
16
40
104
132
132
132
164
164
180
148
96
88
96
96
80
48
48
48
80
104
132
148
112
64
48
80
104
88
72
80
96
120
120
120
164
180
180
180
180
180
196
212
244
260
260
276
292
308
308
260
228
228
244
260
244
260
276
260
292
308
292
276
276
244
244
244
180
148
112
96
48
8
0
-24
-48
-48
-32
-40
-80
-112
-132
-112
-104
-112
-164
-212
-228
-260
-260
-244
-276
-292
-276
-276
-244
-212
-164
-132
-104
-104
-120
-104
-104
-80
-56
-48
-40
-56
-56
-40
-24
-48
-24
-32
-32
0
-8
-8
-8
8
32
40
80
80
16
-8
-48
-80
-96
-104
-148
-164
-180
-196
-196
-196
-180
-228
-276
-292
-292
-276
-260
-276
-324
-340
-356
-340
-324
-308
-324
-308
-308
-276
-260
-244
-196
-180
-164
-180
-180
-180
-132
-104
-96
-88
-56
-48
-48
-8
32
72
112
148
180
228
244
260
276
292
292
324
356
356
356
356
324
292
324
324
308
340
324
308
292
276
260
244
244
260
228
196
180
180
196
196
196
196
180
132
132
148
164
180
164
164
180
180
196
212
228
212
196
164
164
196
212
180
180
148
112
132
120
96
72
48
24
64
64
64
32
0
-40
-96
-96
-88
-132
-120
-112
-132
-120
-132
-132
-164
-196
-228
-212
-196
-244
-244
-276
-324
-340
-356
-340
-340
-324
-324
-292
-308
-308
-308
-324
-340
-340
-324
-292
-260
-244
-212
-196
-196
-196
-164
-148
-148
-104
-88
-64
-72
-80
-56
-48
-48
-24
-8
-16
8
0
16
40
40
0
-16
-24
-24
-32
-8
-16
-56
-72
-80
-80
-56
-16
-8
0
0
-24
-40
-32
