SAMPLES:	7109
BITSPERSAMPLE:	16
CHANNELS:	1
SAMPLERATE:	16000
NORMALIZED:	FALSE
56
56
32
16
8
8
16
8
8
32
8
0
16
16
0
0
0
8
0
-16
0
-16
-24
-24
-16
8
16
8
8
16
8
-16
-8
0
8
24
24
16
16
-8
-8
0
0
24
16
8
16
0
-24
-32
-24
0
0
0
0
0
-16
-32
-32
-24
-32
-32
-16
0
-8
-32
-32
-24
-24
-8
0
-8
-16
-32
-56
-32
0
0
0
0
0
-16
-32
-24
-16
-24
-8
0
0
0
0
-8
-32
-16
0
0
8
8
0
-8
-8
0
0
16
24
16
8
16
16
16
24
8
0
24
48
40
40
64
40
40
24
32
32
16
24
24
48
48
32
16
16
24
16
24
32
32
8
-16
-8
0
0
-16
0
24
0
-16
-24
-24
-16
-16
-24
8
16
-16
-24
-32
-48
-56
-48
-24
-16
-24
-32
-16
-24
-32
-24
-16
0
-8
0
0
-24
-64
-48
-40
-48
-48
-48
-8
0
-24
-16
0
-24
-40
-24
0
8
-8
-16
0
16
0
-16
8
8
0
0
0
8
0
-8
-24
-8
8
24
24
0
-8
-8
-16
-32
-8
16
16
24
24
32
-8
-24
-8
16
32
40
88
104
64
0
0
56
72
24
24
112
132
40
8
48
80
64
24
64
112
56
-8
0
8
8
16
8
40
16
-40
-48
-32
-48
-40
-16
0
8
0
-32
-40
-40
-72
-96
-56
-24
-56
-88
-40
-32
-72
-80
-40
0
-24
-80
-80
0
-8
-96
-112
-32
48
-16
-88
-32
24
16
-56
-132
-32
48
-24
-80
-16
72
72
0
-80
-24
40
-16
-56
0
48
48
48
8
8
32
32
8
16
24
24
48
80
56
40
56
80
64
24
16
40
72
32
0
24
56
64
48
24
40
96
64
0
40
80
56
0
-16
8
40
24
0
16
56
48
24
0
8
24
0
0
8
8
0
8
32
0
-16
-16
-16
-40
-40
-16
-24
-24
-8
0
-16
-16
-8
0
-48
-72
-48
-40
-48
-72
-56
-16
-32
-72
-80
-16
-8
-56
-80
-56
-32
-80
-112
-64
-8
-32
-56
-48
-16
-40
-64
-56
-32
-24
-80
-72
-40
-16
-24
-40
-32
-16
0
0
-16
-32
-8
24
8
16
-8
16
64
0
-64
0
72
56
16
0
32
104
72
-16
24
88
64
32
24
56
72
24
0
32
80
88
64
48
64
72
40
32
48
40
72
80
48
48
64
40
48
72
8
8
40
40
0
-24
8
72
56
-40
-16
64
64
0
-64
16
80
8
-64
-16
24
0
-48
-64
-16
8
0
0
16
-16
-48
-32
-8
8
-32
-24
0
-32
-64
-24
-40
-72
-16
-16
-64
-64
-64
-40
8
-16
-112
-32
24
-48
-80
-16
16
-32
-96
-56
8
24
-80
-112
40
132
-24
-196
-56
80
40
-56
-132
16
148
32
-120
-48
80
64
-16
-120
-32
88
48
-72
-64
88
148
0
-96
-8
120
56
-112
-80
96
164
-16
-132
40
180
56
-112
-80
56
80
-16
-56
24
56
-24
-40
24
64
24
0
32
48
-24
-56
0
32
8
32
48
56
32
-8
-8
0
-24
-24
32
40
8
-24
-32
-8
8
8
0
32
-24
-32
-8
-64
-72
-64
-16
48
-16
-80
-16
80
16
-148
-132
16
120
-8
-164
-40
120
72
-164
-132
132
132
-56
-148
0
132
-8
-148
-32
148
120
-24
0
96
40
-80
-48
40
72
48
24
48
48
8
32
56
40
40
80
32
-8
32
48
72
48
56
132
96
8
-8
16
-16
-8
72
104
80
8
40
64
24
-32
-32
72
88
-32
-56
48
56
-56
-56
56
40
-32
-80
-16
48
-24
-96
-24
56
0
-104
-72
-8
0
-132
-164
-8
24
-56
-148
-104
24
-32
-196
-132
24
32
-104
-164
-48
56
-48
-164
-56
16
-40
-120
-40
32
-32
-132
-72
64
0
-72
0
32
-8
-64
-48
40
24
-88
-80
32
72
-16
-32
24
72
32
-16
0
24
0
-32
0
56
72
40
16
40
48
56
0
-40
-8
16
-24
-24
80
88
72
56
72
72
8
-64
-40
0
-24
-24
80
148
72
0
0
64
16
-24
0
48
56
8
32
112
56
0
0
0
24
-16
-8
64
72
24
-16
32
88
48
8
0
32
56
32
16
32
56
56
0
-64
-56
-8
56
24
32
96
56
0
-72
-64
-24
0
-8
0
16
-16
-80
-48
0
-56
-32
0
24
0
-80
-88
-40
-32
-80
-40
88
56
-72
-72
0
0
-72
-56
-32
-8
-48
-96
-40
48
24
-24
-8
-16
0
-40
-132
-132
8
40
-24
-48
40
88
-32
-132
-72
72
64
-64
-72
40
132
32
-56
0
16
-32
-24
16
24
32
56
0
-40
-32
0
24
-8
-48
0
72
56
0
16
96
48
-8
-48
-32
8
0
-32
0
80
72
0
-24
-32
0
8
-8
0
32
48
0
-8
40
24
-24
-8
24
32
-8
8
24
32
16
-16
0
8
-24
-64
0
56
16
0
24
0
-16
0
0
0
-8
0
16
-8
-16
-24
-8
16
-16
-32
-16
-56
-64
0
40
24
0
-40
-8
0
-48
-56
8
40
-16
-48
-32
0
-16
-40
-16
8
32
8
-16
-8
16
0
-8
0
16
24
8
0
0
0
24
40
-8
-32
-24
-16
16
56
88
72
40
24
0
-24
-24
8
-8
-16
24
72
80
24
-8
-24
0
32
-8
-32
0
48
32
0
32
40
0
-8
-24
0
24
-8
-40
-8
16
16
0
16
24
8
-16
0
40
32
8
8
8
24
8
0
0
-16
8
8
0
-32
-8
24
0
8
24
40
16
-48
-72
0
16
-24
-32
0
0
-40
-48
-24
16
0
-40
-16
32
32
-40
-72
-16
40
8
-48
-40
-24
-40
-72
-32
8
0
-40
-48
-16
8
16
8
16
24
8
-40
-72
-40
8
16
-8
0
16
-24
-80
-64
0
40
16
-16
-32
-40
-48
-48
-16
24
48
8
-40
-40
-8
0
0
32
72
56
-24
-80
-32
24
24
24
72
120
72
0
0
32
32
40
64
64
56
-16
-32
32
48
56
24
0
-8
-24
-24
0
16
32
56
64
16
0
0
-24
-24
-24
8
0
-24
-24
-8
0
0
8
16
0
0
16
24
24
0
16
0
-8
-8
16
8
0
8
8
16
0
0
0
-8
-40
-40
-16
0
-16
-32
-16
-16
-48
-88
-112
-120
-96
-64
-48
-24
-24
-56
-72
-40
-16
-32
-40
-40
-16
0
0
0
8
48
80
88
112
148
148
112
112
132
164
132
104
132
164
164
148
132
120
132
112
104
148
148
112
96
88
88
64
24
0
8
0
-40
-64
-56
-64
-80
-96
-112
-120
-132
-164
-196
-196
-180
-180
-212
-228
-228
-244
-244
-228
-212
-180
-196
-196
-244
-212
-164
-132
-132
-148
-164
-180
-164
-96
-64
-64
-64
-48
-64
-56
-48
-32
-8
0
8
-8
-32
-48
-40
-24
-8
8
0
-8
0
24
64
80
64
48
32
40
56
88
112
148
148
148
148
132
164
196
212
228
276
260
212
212
228
292
340
356
372
396
356
308
324
340
372
356
324
324
340
324
340
356
340
340
308
276
260
260
260
260
260
212
212
180
88
40
16
16
-32
-112
-196
-260
-308
-372
-396
-460
-588
-684
-748
-812
-844
-924
-988
-1052
-1116
-1116
-1116
-1116
-1116
-1116
-1116
-1052
-1052
-988
-924
-812
-716
-684
-620
-524
-460
-356
-228
-48
64
120
164
196
260
340
428
460
492
556
652
716
716
684
684
716
716
716
716
748
684
556
524
588
620
652
620
524
428
396
396
428
492
524
492
396
356
396
428
428
396
372
372
292
292
460
684
780
748
780
1244
1692
1564
1052
780
1116
1628
1820
1564
1436
1372
1116
748
556
748
924
812
308
-372
-988
-1372
-1308
-1116
-1116
-1628
-2620
-3260
-3516
-3260
-2876
-3004
-3388
-3900
-4092
-4092
-3516
-3132
-2876
-2620
-2620
-2748
-2876
-2620
-1980
-1308
-780
-396
-212
-460
-684
-212
924
1980
1980
1436
988
876
1116
1692
2236
2364
1628
876
620
924
1116
1116
988
588
180
-164
-132
-32
0
32
48
-24
-396
-556
-396
72
556
684
524
104
-88
132
652
1116
1180
988
652
620
844
1116
1308
1308
1308
1244
1116
1052
1116
1308
1436
1500
1436
1436
1628
1692
1820
2108
2236
2236
2492
3260
3644
3388
2364
1820
2748
3772
3900
3132
2492
2620
2492
1692
988
1500
2108
1564
8
-1436
-1820
-1564
-1308
-1372
-1980
-3132
-4348
-5116
-4604
-4092
-4092
-4860
-5884
-6140
-5628
-5116
-4860
-4860
-4860
-4860
-4604
-4348
-4092
-3772
-3132
-2620
-1980
-1692
-1564
-1244
-652
396
1308
1628
1308
988
1308
2236
2876
3004
2492
1980
1820
1980
2236
2492
2108
1500
1052
988
1116
988
684
356
212
164
40
-148
-308
-324
-180
-24
-96
-340
-492
-292
244
716
716
396
56
148
588
1116
1372
1180
924
988
1180
1564
1884
1820
1628
1436
1500
1692
1820
1820
1820
1884
1756
1756
1980
2364
2620
2748
2876
3132
3644
3516
2876
2492
2876
3900
4604
3900
3004
2748
2876
2876
2364
1980
2108
2108
1052
-260
-1052
-1180
-988
-1180
-1692
-2492
-3772
-4604
-4604
-4348
-4092
-4860
-5884
-6396
-6140
-5884
-5372
-5372
-5628
-5628
-5628
-5116
-4860
-4348
-3772
-3004
-2748
-3132
-3004
-2236
-1052
-356
-212
356
1116
876
276
652
2364
3644
3004
1692
1244
1692
1980
2364
2876
2620
1564
260
460
1628
1980
1372
460
32
-8
112
308
684
588
0
-276
-340
-276
-96
164
556
812
556
244
64
212
844
1436
1500
1116
684
620
1052
1564
1820
1692
1308
1052
1244
1564
1820
1820
1564
1372
1308
1308
1500
1628
1884
1980
2108
2236
2236
2492
3004
3388
3132
2364
2108
2876
3900
4092
3132
2492
2492
2492
2108
1564
1884
2108
1436
64
-988
-1116
-812
-812
-1308
-2108
-3004
-4092
-4348
-4092
-3772
-4092
-5116
-5628
-5628
-5372
-5116
-5116
-5116
-5372
-5116
-4860
-4604
-4604
-4348
-3644
-2876
-2364
-2364
-2620
-2364
-1500
-308
372
652
556
524
924
1436
2108
2364
2620
2620
2364
2364
2108
2236
2236
2492
2492
2236
1628
1180
1308
1500
1628
1372
844
324
-40
112
556
652
308
-276
-620
-460
-120
112
104
-132
-396
-396
-148
132
372
276
148
148
244
492
812
988
1052
1052
876
876
1180
1564
1628
1564
1436
1372
1436
1564
1884
2236
2364
2364
2236
2236
2876
3516
3644
3004
2364
2236
3132
3900
3644
2876
2492
2620
2492
1884
1372
1756
2108
1180
-276
-1308
-1244
-748
-780
-1372
-2364
-3516
-4092
-4092
-3772
-3516
-4092
-5372
-5628
-5628
-5116
-4860
-4860
-5116
-5116
-5116
-4860
-4604
-4348
-4092
-3388
-3132
-2876
-2364
-1980
-1436
-1052
-556
276
748
588
620
1436
2236
2492
2108
1884
2492
2876
2876
2748
2748
2492
2236
2236
2492
2492
1884
1436
1500
1628
1436
1052
620
396
244
132
88
-120
-428
-556
-460
-372
-492
-780
-844
-684
-652
-620
-588
-556
-556
-428
-164
48
228
260
372
588
876
1116
1116
1180
1372
1628
1692
1692
1756
1980
2108
2236
2492
2748
2876
2748
2876
3260
3900
3900
3132
2492
2748
3772
4348
3644
2620
2364
2620
2492
1820
1308
1500
1628
684
-716
-1500
-1500
-1244
-1372
-1884
-2748
-3900
-4604
-4348
-3772
-3772
-4348
-5372
-5884
-5628
-5372
-4860
-5116
-5372
-5372
-5116
-4860
-4348
-4092
-4092
-3516
-3132
-2876
-2620
-2236
-1692
-716
-104
-112
-72
276
988
1692
2108
2236
2364
2364
2364
2748
3132
3388
3260
2748
2620
2620
2620
2492
2620
2364
1980
1692
1436
1436
1372
1116
748
428
8
-228
-308
-244
-164
-356
-652
-876
-876
-652
-428
-396
-460
-524
-556
-372
-120
196
428
524
524
620
812
1052
1308
1564
1692
1692
1628
1628
1820
2108
2492
2492
2492
2620
2748
2876
2748
2876
3132
3516
3644
3132
2492
2236
3004
3772
3388
2492
1820
1884
1884
1372
716
812
1116
556
-716
-1756
-1980
-1692
-1564
-1980
-2876
-3900
-4604
-4348
-4092
-4092
-4604
-5372
-5628
-5628
-5372
-4860
-4860
-4860
-5116
-5116
-4604
-4348
-4092
-3772
-3388
-3004
-2620
-2492
-2108
-1436
-620
-72
164
196
524
1308
1756
1980
2236
2364
2364
2492
2748
3132
3388
3004
2620
2620
2748
2620
2492
2364
2108
1500
1052
988
988
876
524
148
-180
-524
-844
-876
-812
-924
-1180
-1500
-1628
-1564
-1308
-1116
-988
-924
-988
-1052
-844
-396
8
180
276
292
460
812
1244
1628
1884
1980
1884
1980
2236
2620
2748
2876
2876
3004
3132
3260
3388
3388
3516
3644
4092
4092
3644
2876
2364
2876
3644
3772
2876
2108
2108
2108
1692
988
876
1180
812
-428
-1692
-2108
-1820
-1500
-1692
-2492
-3516
-4348
-4348
-3900
-3516
-3900
-4860
-5372
-5372
-5116
-4604
-4348
-4604
-4860
-4604
-4348
-3900
-3388
-3132
-3132
-2876
-2748
-2236
-1756
-1308
-748
-308
56
164
460
812
1372
1980
2108
2108
1756
1756
2364
2876
3004
2620
2236
1980
2108
2236
2364
2236
1756
1052
780
780
780
716
460
120
-356
-844
-988
-876
-748
-924
-1244
-1500
-1500
-1372
-1116
-924
-924
-1116
-1180
-1052
-780
-396
-88
80
96
56
276
748
1180
1500
1564
1436
1500
1756
1980
2236
2492
2492
2492
2620
2748
3004
3004
2876
2876
3132
3516
3644
3132
2364
1980
2492
3260
3132
2364
1756
1820
1756
1180
460
556
988
492
-924
-1980
-2108
-1692
-1436
-1820
-2620
-3516
-4092
-4092
-3516
-3260
-3772
-4604
-4860
-4860
-4348
-4092
-4092
-4092
-4092
-3772
-3388
-3132
-3132
-3004
-2364
-1756
-1692
-1756
-1436
-620
48
260
356
556
988
1372
1884
2492
2492
2108
1980
2364
3004
3132
2748
2364
2492
2492
2364
2108
1980
1692
1436
1116
924
620
132
0
8
-148
-620
-1180
-1372
-1180
-1116
-1180
-1308
-1564
-1564
-1500
-1308
-1052
-924
-1052
-924
-716
-524
-228
24
292
556
652
780
988
1244
1500
1756
1980
2108
2108
2108
2236
2364
2492
2620
2876
2876
2748
2620
2620
2748
3004
3260
3132
2620
1756
1692
2364
2876
2620
1628
1180
1244
1116
460
48
460
620
-148
-1564
-2364
-2108
-1628
-1564
-2108
-2876
-3772
-4092
-4092
-3388
-3260
-3900
-4860
-4860
-4604
-4348
-4092
-3900
-4092
-4092
-3900
-3516
-3260
-3132
-2876
-2364
-2108
-1980
-1820
-1244
-492
-32
72
308
524
812
1372
1884
2108
2108
1756
1884
2492
2748
2748
2492
2364
2236
2108
2108
2108
1980
1628
1244
924
748
556
460
460
244
-196
-748
-1052
-924
-748
-748
-924
-1052
-1180
-988
-780
-460
-396
-492
-428
-212
-32
164
340
492
748
988
1116
1308
1564
1980
2236
2364
2492
2492
2492
2620
2748
3004
2876
2620
2620
2748
2876
2748
2492
2364
2492
2876
3132
2748
1884
1308
1564
2364
2492
1692
876
748
812
524
-80
-64
372
48
-1116
-2236
-2492
-1980
-1692
-1820
-2364
-3260
-4092
-4348
-3644
-3260
-3644
-4348
-4860
-4860
-4604
-4092
-3900
-3900
-4092
-4092
-3772
-3260
-3132
-3132
-2876
-2108
-1692
-1692
-1692
-1052
-164
56
64
132
620
1116
1500
1884
1980
1692
1436
1820
2364
2620
2236
1692
1756
1884
1820
1628
1564
1372
988
684
428
292
148
88
-48
-324
-652
-876
-924
-716
-524
-652
-844
-988
-924
-620
-292
-132
-48
-88
-132
24
372
748
988
1052
1052
1180
1436
1692
1980
2236
2364
2364
2364
2364
2620
2876
2876
2748
2492
2492
2620
2876
2876
2492
2236
2236
2492
3004
3004
2492
1628
1180
1756
2492
2492
1564
924
988
988
396
-212
56
556
180
-1052
-2108
-2236
-1756
-1436
-1628
-2364
-3260
-3900
-3900
-3388
-3004
-3388
-4092
-4604
-4860
-4348
-4092
-3772
-3900
-4092
-4092
-3516
-3260
-3260
-3132
-2620
-2236
-1980
-1980
-1500
-876
-524
-292
-96
260
492
684
1180
1500
1500
1244
1436
1980
2108
2108
1884
1980
1820
1500
1372
1372
1372
1116
780
524
292
56
32
112
-32
-460
-844
-844
-716
-716
-684
-652
-780
-780
-588
-396
-212
-64
-72
-88
72
292
524
748
924
1052
1180
1244
1436
1756
2108
2236
2236
2108
2108
2236
2492
2748
2620
2492
2364
2364
2620
2876
2876
2492
2236
2108
2492
2876
3004
2492
1692
1308
1756
2492
2364
1756
1180
1180
924
196
-260
40
588
308
-876
-1980
-2364
-2108
-1692
-1692
-2364
-3388
-4092
-4092
-3644
-3260
-3388
-4092
-4604
-4604
-4348
-3900
-3644
-3772
-3900
-3900
-3644
-3260
-3132
-2748
-2108
-1884
-2108
-2108
-1500
-588
-244
-308
-96
524
524
372
844
1692
2364
1884
1244
1308
1756
1884
2108
2364
2108
1372
620
844
1628
1820
1244
460
32
-32
120
396
620
292
-460
-876
-748
-276
40
-24
-212
-396
-556
-460
32
492
652
428
112
132
652
1116
1436
1564
1372
1116
1116
1628
2236
2492
2236
1980
1820
1884
1980
2236
2364
2364
2108
1820
1884
2236
2364
2108
1692
1500
1628
1884
2108
1980
1436
988
1052
1372
1436
1244
924
812
492
-308
-620
-276
244
48
-1052
-2108
-2492
-2236
-1884
-1884
-2236
-3132
-3900
-4092
-3388
-3004
-3132
-3772
-4348
-4348
-4092
-3644
-3516
-3516
-3644
-3644
-3260
-2748
-2364
-2492
-2492
-2236
-1692
-1308
-1180
-988
-524
112
340
324
340
684
1244
1628
1884
1692
1308
1244
1884
2364
2364
1980
1500
1500
1628
1692
1500
1180
924
684
524
524
556
340
212
212
112
-112
-340
-308
-88
40
-8
-148
-276
-164
88
396
588
492
372
428
844
1244
1372
1308
1244
1436
1756
1980
1980
1980
1980
1980
2108
2236
2236
2108
1980
1980
1980
1980
1820
1884
1980
1692
1500
1308
1308
1564
1820
1756
1372
812
524
780
1116
1244
988
492
72
-260
-460
-428
-308
-372
-844
-1564
-2236
-2492
-2236
-1980
-2108
-2620
-3388
-3900
-3900
-3516
-3132
-3132
-3644
-4348
-4348
-4092
-3644
-3388
-3388
-3388
-3260
-3004
-2876
-2876
-2620
-2108
-1692
-1564
-1500
-1244
-812
-428
-40
292
492
556
652
1052
1564
1628
1372
1436
1692
1884
1756
1628
1756
1756
1500
1244
1180
1180
1116
988
924
684
372
228
460
716
684
292
-80
-120
48
276
428
460
292
196
372
684
988
1052
988
988
1116
1308
1372
1500
1628
1756
1820
1884
1884
1980
2108
2236
2236
2108
1884
1756
1756
1884
1820
1628
1436
1372
1436
1436
1372
1116
924
924
1052
1180
1052
844
620
588
652
620
524
428
428
260
-132
-524
-556
-428
-492
-924
-1372
-1628
-1756
-1820
-1884
-1980
-2364
-2748
-3004
-3004
-3004
-2876
-3132
-3388
-3388
-3388
-3388
-3260
-3004
-2876
-2876
-2748
-2876
-2748
-2748
-2364
-1884
-1692
-1628
-1564
-1180
-924
-588
-356
-40
340
396
492
620
844
988
1116
1244
1308
1372
1244
1308
1500
1436
1244
988
924
1052
988
780
588
460
428
492
492
396
308
88
32
80
120
180
196
196
180
196
276
492
684
780
844
844
876
988
1116
1244
1308
1372
1372
1372
1564
1628
1692
1756
1692
1564
1564
1564
1564
1564
1500
1436
1180
1116
1244
1244
1116
924
812
780
876
988
988
924
620
396
492
748
812
524
164
164
196
16
-276
-356
-276
-428
-844
-1180
-1244
-1180
-1308
-1564
-1884
-2108
-2364
-2492
-2364
-2236
-2492
-2876
-3004
-2876
-2620
-2492
-2620
-2748
-2876
-2620
-2364
-2364
-2236
-1980
-1692
-1628
-1436
-1244
-924
-684
-620
-396
-148
-24
80
356
652
780
684
684
924
1180
1180
1116
1052
924
844
876
988
988
876
588
492
556
556
460
396
356
260
196
96
112
148
212
292
396
356
292
308
492
716
716
684
716
844
1052
1180
1180
1180
1244
1308
1372
1436
1500
1372
1308
1308
1308
1372
1308
1180
1116
1116
1052
988
924
812
780
748
652
524
428
524
588
556
620
620
524
324
276
428
652
652
324
88
56
104
96
16
0
-40
-212
-588
-812
-876
-924
-924
-1052
-1308
-1692
-1980
-1980
-1820
-1820
-2108
-2364
-2492
-2364
-2236
-2364
-2492
-2492
-2492
-2492
-2364
-2108
-1980
-1884
-1820
-1692
-1500
-1372
-1180
-988
-780
-524
-460
-396
-244
-64
132
324
460
492
492
460
556
652
716
716
812
924
924
844
780
748
748
684
684
716
716
652
588
588
620
684
716
652
684
684
716
780
812
844
812
844
924
1116
1180
1180
1180
1116
1052
1052
1116
1116
1052
988
924
924
988
1052
988
924
844
876
844
812
780
748
652
588
588
652
684
652
652
652
716
684
524
396
524
652
620
460
292
180
80
16
8
-88
-260
-492
-684
-844
-876
-924
-1052
-1180
-1372
-1628
-1756
-1820
-1756
-1820
-2108
-2236
-2364
-2364
-2236
-2108
-2108
-2108
-2236
-2236
-1980
-1756
-1692
-1564
-1500
-1372
-1244
-1052
-844
-620
-492
-372
-244
-148
24
212
292
396
460
428
460
588
652
652
652
620
556
524
460
492
492
428
396
356
356
396
428
356
292
260
308
356
396
372
356
340
396
556
684
748
716
620
620
716
812
924
988
988
988
988
988
1052
1052
1052
1052
1052
1052
988
988
988
1052
1052
1052
988
988
988
924
924
988
988
988
924
988
924
924
924
844
812
844
748
620
492
396
324
180
64
-24
-120
-292
-428
-524
-684
-812
-988
-1116
-1308
-1500
-1628
-1820
-1884
-1884
-1980
-1980
-2236
-2364
-2364
-2236
-2108
-2108
-2108
-2236
-2108
-1980
-1884
-1692
-1628
-1564
-1564
-1372
-1116
-924
-844
-716
-524
-396
-276
-196
-56
56
148
212
244
292
292
260
308
428
524
524
460
396
460
524
460
460
492
524
492
428
396
396
460
556
588
524
492
460
492
620
684
716
716
748
844
988
1052
1116
1116
1052
988
988
1116
1244
1244
1180
1116
1180
1244
1244
1116
1052
1116
1116
1116
1052
988
988
1052
1116
1052
988
924
924
924
988
924
812
652
524
556
556
460
340
212
132
72
24
-96
-260
-428
-556
-684
-812
-924
-924
-1052
-1180
-1372
-1500
-1628
-1692
-1692
-1756
-1820
-1980
-1980
-1980
-2108
-2108
-2108
-1980
-1980
-1980
-1980
-1884
-1756
-1692
-1564
-1500
-1436
-1308
-1244
-1116
-988
-844
-716
-588
-396
-228
-132
-80
0
112
260
356
428
428
428
492
524
588
620
620
652
684
684
684
684
716
748
652
588
620
684
716
620
556
556
588
652
684
716
684
588
524
588
652
652
620
620
748
844
924
924
924
924
924
988
1052
924
844
812
876
988
924
844
876
924
988
924
812
748
780
844
876
876
748
684
716
748
716
620
396
228
180
196
148
104
-8
-72
-96
-148
-244
-460
-588
-620
-620
-748
-988
-1244
-1308
-1308
-1372
-1372
-1436
-1564
-1628
-1692
-1756
-1692
-1756
-1820
-1820
-1820
-1756
-1692
-1564
-1564
-1500
-1500
-1436
-1308
-1180
-1052
-924
-924
-812
-684
-492
-308
-180
-104
-72
24
196
372
428
428
460
524
588
684
780
780
844
876
876
812
780
812
844
812
716
684
684
684
684
652
556
460
428
428
356
372
356
292
292
292
276
308
396
396
396
396
396
428
460
492
556
620
652
684
684
748
748
780
812
812
812
780
748
748
748
748
748
716
652
588
556
524
492
428
396
292
148
72
16
8
-16
-164
-260
-324
-372
-428
-524
-588
-588
-620
-652
-748
-780
-844
-924
-988
-1052
-1116
-1180
-1180
-1244
-1308
-1308
-1308
-1308
-1244
-1244
-1308
-1372
-1308
-1244
-1308
-1308
-1244
-1052
-924
-876
-812
-748
-652
-588
-428
-324
-244
-196
-148
-40
16
104
148
212
308
396
460
524
556
588
556
652
684
652
652
620
588
588
652
620
588
492
428
492
524
524
524
460
428
428
396
372
396
428
492
556
588
588
588
652
716
748
780
812
748
748
812
844
844
844
876
924
924
924
876
924
924
812
748
684
652
652
588
556
460
428
324
276
212
164
112
8
-40
-88
-180
-260
-324
-356
-428
-556
-620
-652
-684
-684
-716
-876
-988
-988
-924
-876
-924
-1052
-1052
-1116
-1052
-924
-988
-1116
-1116
-1116
-1052
-1052
-1116
-1116
-1052
-1052
-1052
-1052
-988
-988
-988
-924
-812
-748
-780
-748
-748
-652
-588
-524
-460
-372
-324
-244
-112
-16
48
40
56
132
148
164
212
276
372
428
428
460
492
524
524
524
556
492
460
492
524
556
524
556
588
652
652
620
620
716
748
812
780
748
780
876
988
988
924
844
876
924
988
988
924
876
876
876
844
812
716
652
588
588
556
428
324
228
196
120
80
8
-64
-72
-72
-112
-212
-340
-428
-460
-396
-372
-396
-428
-492
-460
-460
-396
-340
-340
-372
-428
-428
-340
-308
-308
-244
-244
-292
-308
-260
-244
-292
-308
-340
-372
-428
-460
-460
-460
-492
-524
-492
-556
-620
-652
-652
-620
-684
-716
-780
-812
-716
-620
-588
-588
-588
-588
-588
-492
-396
-324
-292
-308
-308
-276
-180
-40
16
0
-8
0
32
64
132
164
164
148
148
164
228
308
396
396
396
428
396
396
396
460
492
492
524
524
524
524
588
620
684
684
652
620
588
620
684
684
588
524
524
492
556
524
428
340
292
292
260
180
96
40
64
40
-8
-104
-148
-120
-88
-112
-212
-260
-292
-260
-196
-148
-164
-228
-228
-196
-132
-64
-80
-112
-80
-16
-8
-16
0
-40
-32
-16
-64
-80
-148
-180
-212
-180
-212
-260
-276
-292
-308
-356
-324
-324
-356
-372
-428
-460
-492
-428
-356
-292
-292
-340
-308
-276
-196
-120
-88
-80
-120
-32
120
212
164
8
-64
16
120
148
132
64
40
104
120
88
72
56
96
148
132
56
-8
-40
-56
-24
-16
-40
-40
-112
-132
-104
-8
32
16
16
-8
-24
-40
-24
-8
24
0
-32
-40
0
80
112
148
132
112
132
196
228
228
180
148
148
104
96
132
164
212
180
104
56
88
212
292
244
132
16
64
132
212
276
244
212
260
324
324
292
276
276
244
244
260
228
196
212
228
228
212
132
72
64
40
16
-16
-104
-148
-132
-120
-164
-196
-276
-308
-340
-396
-356
-324
-292
-308
-324
-372
-372
-324
-276
-260
-244
-260
-260
-196
-132
-96
-132
-148
-96
-88
-64
-16
-32
-32
-8
-16
-16
-112
-164
-148
-104
-80
-120
-180
-244
-244
-212
-180
-164
-212
-244
-244
-244
-244
-276
-260
-164
-104
-164
-196
-180
-148
-120
-48
-32
-104
-196
-180
-40
72
120
104
72
72
180
244
244
244
196
148
104
72
112
196
244
244
196
180
228
276
356
356
260
196
244
308
340
396
428
396
340
324
292
276
292
324
356
356
308
292
276
292
324
292
196
96
8
16
80
64
-40
-148
-196
-148
-104
-96
-112
-132
-180
-196
-180
-196
-212
-196
-164
-164
-212
-260
-292
-196
-56
0
-8
-40
-48
-16
32
72
24
-16
-8
-16
32
24
0
16
72
96
88
48
16
64
72
80
48
-32
-88
-80
-104
-104
-132
-180
-196
-180
-196
-196
-180
-228
-244
-276
-308
-324
-292
-244
-260
-260
-260
-292
-324
-324
-260
-228
-212
-260
-196
-132
-80
-56
8
32
16
-16
-16
16
88
104
56
24
24
96
196
244
308
276
212
260
324
324
324
308
308
340
356
372
356
324
340
372
340
292
260
260
244
244
244
164
56
16
8
56
72
0
-104
-164
-228
-260
-244
-244
-260
-276
-276
-260
-276
-276
-292
-276
-212
-180
-212
-196
-180
-180
-80
-88
-132
-112
-56
-16
-32
-24
24
64
64
64
72
64
88
132
120
104
96
72
88
88
96
56
32
16
0
0
-32
-80
-112
-104
-120
-104
-104
-132
-180
-180
-196
-244
-276
-244
-228
-212
-180
-180
-212
-276
-260
-212
-180
-164
-196
-164
-148
-180
-196
-212
-196
-148
-120
-104
-80
-24
48
80
120
180
212
228
276
308
340
340
356
356
396
460
460
460
492
524
492
492
460
428
428
428
428
372
340
356
356
356
324
276
228
196
180
196
164
64
0
-40
-32
-16
-8
0
-16
-24
-40
-64
-80
-112
-132
-132
-96
-88
-112
-132
-120
-132
-148
-132
-104
-80
-40
-16
0
-32
-16
-16
-24
-40
-72
-64
-64
-120
-180
-164
-148
-96
-120
-132
-148
-164
-180
-180
-196
-196
-212
-292
-356
-372
-372
-396
-396
-396
-396
-492
-492
-492
-492
-492
-492
-492
-556
-588
-588
-524
-460
-428
-460
-460
-428
-356
-308
-276
-308
-276
-212
-148
-80
-56
0
56
80
112
148
132
148
228
324
396
428
460
492
492
556
556
556
524
524
492
524
524
524
556
556
524
524
492
428
428
428
428
396
308
276
292
276
260
244
228
228
196
164
180
196
180
120
80
88
104
96
120
164
180
164
164
228
212
244
260
244
276
244
212
228
244
260
244
212
148
104
96
132
196
164
64
-16
-48
-48
-48
-56
-104
-164
-228
-260
-260
-260
-276
-340
-428
-492
-556
-588
-588
-588
-588
-652
-748
-780
-812
-812
-780
-780
-780
-812
-812
-780
-748
-716
-716
-748
-748
-652
-588
-492
-460
-428
-460
-396
-340
-292
-244
-132
-64
-48
-32
24
112
196
244
276
276
292
340
356
396
428
428
428
492
492
492
492
460
460
492
492
492
460
428
396
396
340
324
308
276
244
228
244
228
244
212
212
244
260
292
276
244
196
212
244
292
340
340
372
340
324
324
340
372
396
356
356
340
276
244
260
308
308
292
212
164
132
88
96
120
48
-16
-56
-96
-80
-72
-88
-148
-228
-292
-324
-324
-308
-356
-460
-524
-588
-588
-588
-588
-620
-620
-684
-716
-748
-748
-780
-748
-716
-716
-716
-684
-684
-652
-588
-556
-524
-460
-428
-372
-308
-276
-228
-148
-80
-16
0
40
104
196
260
276
276
308
396
460
492
492
460
460
524
556
556
588
556
556
556
556
492
460
428
396
372
340
308
260
244
244
260
196
164
132
80
88
48
32
24
0
0
0
0
8
40
40
64
88
80
104
120
132
164
164
196
212
212
244
260
292
276
244
212
228
228
228
212
148
132
120
120
112
88
48
0
-40
-88
-104
-80
-120
-180
-260
-372
-428
-428
-492
-524
-556
-588
-652
-684
-684
-748
-748
-748
-780
-780
-780
-844
-812
-780
-748
-748
-780
-780
-748
-684
-588
-524
-492
-460
-428
-340
-276
-212
-148
-72
8
88
132
164
276
356
428
428
460
460
524
588
652
684
620
588
652
652
748
812
780
780
748
748
748
748
716
620
556
524
460
428
396
372
356
292
180
164
180
120
148
104
48
16
8
24
8
0
-8
-32
0
40
16
0
0
40
80
64
24
0
8
64
120
112
88
40
8
0
24
56
32
0
-8
-40
-64
-104
-132
-148
-148
-180
-260
-308
-340
-340
-372
-428
-460
-492
-524
-556
-556
-588
-620
-620
-652
-652
-684
-716
-684
-620
-620
-652
-684
-684
-620
-588
-588
-556
-588
-556
-524
-428
-372
-340
-308
-260
-212
-132
-64
8
96
164
228
276
308
372
428
524
556
524
556
588
620
684
748
748
748
716
748
780
748
716
684
684
652
652
620
588
556
492
428
396
372
356
356
308
244
180
112
88
112
72
32
16
-24
-72
-56
-32
-16
-16
-32
-8
0
24
24
0
-8
-16
0
-16
-32
-24
-24
-8
16
32
24
48
64
56
80
88
104
88
56
16
0
-8
-48
-80
-112
-164
-212
-228
-196
-212
-292
-340
-396
-428
-460
-492
-556
-620
-620
-620
-684
-748
-748
-780
-780
-780
-780
-780
-812
-844
-780
-748
-684
-684
-684
-652
-620
-620
-556
-492
-428
-428
-396
-324
-260
-180
-96
-32
40
104
148
244
324
356
396
428
460
492
524
588
652
716
780
812
812
812
812
844
844
780
748
684
652
684
684
684
620
556
492
492
460
460
428
396
372
308
292
244
180
180
196
164
120
72
48
40
24
64
112
96
72
64
88
72
56
40
16
0
8
32
32
32
56
72
56
56
40
40
48
24
-8
-40
-80
-64
-88
-120
-120
-164
-196
-228
-244
-292
-324
-372
-396
-428
-492
-556
-588
-588
-588
-620
-588
-588
-620
-620
-684
-684
-652
-684
-716
-684
-684
-684
-620
-652
-556
-492
-428
-356
-292
-244
-196
-180
-148
-132
-80
-8
40
48
64
88
148
244
292
308
356
428
460
492
524
524
556
556
556
524
524
492
524
556
524
492
460
428
428
460
428
372
356
308
324
324
292
228
180
148
96
80
64
40
16
32
8
0
-48
-56
0
32
24
16
-8
-40
-24
0
0
0
0
-48
-64
-40
-8
16
8
16
32
24
16
48
40
24
64
72
64
40
0
-16
-40
-80
-112
-132
-180
-228
-308
-340
-340
-356
-372
-396
-460
-492
-492
-492
-492
-524
-524
-524
-556
-556
-556
-588
-588
-556
-492
-428
-396
-372
-324
-276
-244
-180
-148
-112
-40
24
88
132
164
180
260
324
396
372
396
396
492
524
556
588
652
684
684
684
652
652
652
652
620
620
556
492
460
460
460
396
372
356
308
276
228
196
164
132
96
56
8
-24
-56
-104
-132
-148
-180
-228
-276
-276
-292
-324
-308
-308
-292
-308
-308
-308
-292
-260
-228
-196
-228
-228
-228
-228
-212
-180
-196
-164
-132
-96
-40
-24
-32
-56
-48
-16
-8
-8
-32
-96
-120
-132
-104
-120
-164
-164
-132
-112
-132
-104
-112
-148
-164
-180
-196
-196
-196
-228
-228
-260
-276
-260
-244
-244
-228
-244
-260
-212
-180
-148
-112
-148
-164
-120
-72
-16
-24
-24
-32
-16
40
96
112
148
164
196
244
260
276
276
276
276
308
308
324
340
356
356
340
308
292
308
308
292
308
292
292
308
308
276
260
212
180
132
132
164
148
104
72
16
-32
-40
-24
-16
-40
-56
-80
-88
-40
-24
0
0
-16
0
16
16
0
0
-24
-32
-16
0
32
64
104
132
96
72
24
32
88
104
88
24
-8
0
0
24
56
0
-16
-16
-32
0
0
-64
-148
-180
-212
-260
-260
-292
-324
-324
-308
-356
-372
-396
-396
-396
-396
-396
-428
-428
-428
-396
-428
-428
-396
-372
-308
-292
-260
-260
-228
-164
-132
-104
-96
-72
-32
8
56
120
164
180
196
212
244
244
292
340
340
356
372
356
340
356
372
324
292
276
276
324
292
292
276
212
196
196
180
148
104
96
96
56
24
-24
-40
0
0
-24
-40
-72
-96
-96
-80
-80
-88
-88
-56
-24
-56
-56
-56
-72
-64
-16
8
32
64
72
72
96
104
112
164
212
196
196
196
180
180
180
164
148
132
164
180
180
164
120
104
96
104
64
0
-32
-48
-40
-64
-88
-164
-244
-244
-244
-228
-228
-244
-276
-276
-260
-276
-292
-292
-292
-308
-276
-276
-308
-292
-260
-228
-228
-244
-244
-244
-196
-180
-148
-120
-80
-56
-16
-8
8
0
-8
0
-8
0
24
48
48
104
104
88
96
64
80
64
64
80
56
56
88
64
24
24
32
40
40
64
64
56
40
32
24
0
-24
-8
8
-8
-24
-24
0
16
40
40
16
0
8
32
64
80
88
80
72
56
64
80
112
148
164
180
180
196
228
260
276
260
244
244
228
228
212
196
196
228
228
212
180
132
112
112
104
88
40
-16
-32
-16
0
-16
-72
-120
-164
-164
-148
-148
-180
-228
-276
-276
-260
-244
-260
-244
-228
-244
-260
-244
-244
-212
-196
-212
-196
-196
-180
-112
-96
-104
-104
-104
-104
-88
-88
-88
-64
-40
-8
0
32
64
80
64
72
72
80
88
80
80
96
72
56
48
16
24
40
56
56
48
16
24
32
32
8
0
16
8
16
0
-16
-32
-40
-32
-16
-8
-32
-32
-24
-32
0
24
32
24
40
48
96
132
132
120
112
132
132
148
180
196
180
164
196
228
228
180
148
120
148
132
148
148
132
112
72
56
16
0
0
24
0
-40
-80
-80
-56
-72
-72
-72
-120
-132
-112
-132
-148
-164
-180
-180
-196
-180
-180
-212
-196
-164
-132
-104
-96
-112
-120
-80
-80
-104
-112
-80
-56
-40
-40
-64
-56
-72
-72
-64
-48
-64
-48
-40
-24
0
24
16
8
32
16
24
16
8
-16
-24
-40
-48
-48
-48
-56
-48
-16
-16
-32
-48
-56
-64
-48
-16
-16
-32
-64
-80
-40
-32
-16
0
8
16
24
24
24
16
16
48
24
48
88
88
104
132
132
148
148
164
212
244
244
244
228
212
196
180
212
212
180
148
148
180
164
180
212
228
228
196
164
132
112
112
148
120
72
72
48
56
72
48
0
-24
-32
-16
-16
-16
-48
-72
-64
-80
-80
-80
-112
-112
-112
-148
-180
-212
-228
-212
-212
-212
-196
-212
-212
-212
-196
-196
-180
-164
-164
-148
-164
-180
-164
-132
-120
-120
-120
-148
-148
-148
-164
-148
-148
-148
-164
-164
-132
-132
-132
-148
-164
-180
-148
-148
-132
-96
-104
-72
-72
-88
-72
-80
-80
-64
-48
-40
-16
0
8
0
40
64
56
80
96
120
120
132
148
164
148
180
196
244
292
276
308
308
308
324
340
340
340
340
324
308
324
308
276
292
292
292
260
244
228
260
228
212
180
148
148
120
88
56
24
8
24
0
-24
-72
-104
-96
-80
-56
-80
-132
-132
-148
-164
-164
-180
-196
-164
-148
-164
-180
-196
-196
-212
-212
-212
-244
-228
-196
-196
-164
-148
-164
-164
-148
-164
-164
-164
-148
-132
-132
-104
-80
-80
-72
-56
-72
-64
-56
-80
-88
-112
-148
-132
-120
-132
-132
-120
-88
-88
-80
-64
-88
-112
-104
-80
-72
-56
-64
-104
-80
-64
-64
-80
-96
-80
-64
-48
-8
8
0
24
32
56
96
104
104
112
148
180
212
196
212
228
244
292
324
324
308
260
260
292
292
308
292
308
324
308
308
308
292
276
244
228
196
132
132
120
148
164
180
212
196
164
132
104
56
32
0
-32
-40
-40
-56
-64
-64
-64
-72
-72
-88
-120
-148
-196
-228
-228
-212
-212
-196
-196
-196
-196
-212
-228
-244
-276
-212
-212
-212
-228
-260
-244
-228
-212
-228
-244
-244
-228
-228
-228
-228
-244
-228
-196
-180
-180
-164
-132
-120
-96
-80
-56
-56
-96
-112
-120
-104
-96
-64
-40
-8
0
8
16
40
48
56
72
64
64
56
64
56
80
80
96
120
164
212
244
228
228
228
228
244
244
276
276
292
324
308
308
308
276
292
276
260
244
196
196
164
148
120
104
96
64
64
56
8
-16
-24
-40
-56
-88
-112
-132
-148
-148
-148
-164
-212
-212
-196
-180
-148
-132
-120
-132
-196
-196
-180
-180
-164
-148
-180
-180
-164
-148
-132
-96
-96
-132
-120
-72
-56
-48
-32
-16
-16
-16
0
0
16
32
48
56
48
56
40
48
56
8
-8
8
24
48
88
88
96
88
104
104
120
132
120
120
104
120
148
148
148
132
112
120
96
88
96
88
80
80
80
80
88
72
32
24
40
40
16
24
32
40
48
40
24
32
48
40
8
32
24
8
0
16
24
40
56
32
16
-16
