SAMPLES:	8060
BITSPERSAMPLE:	16
CHANNELS:	1
SAMPLERATE:	16000
NORMALIZED:	FALSE
-40
-40
-40
-32
-24
-24
-24
-16
-24
-24
-16
-16
-8
-8
0
0
0
0
0
0
0
0
8
8
8
16
24
24
32
32
32
32
32
40
48
48
48
56
56
56
64
64
64
56
56
64
48
56
56
48
48
48
48
56
56
56
56
56
48
48
40
40
32
32
32
32
32
32
24
16
16
8
0
0
0
8
8
8
8
0
0
0
0
0
0
0
0
-8
-8
-8
-8
-16
-24
-24
-24
-24
-24
-16
-24
-24
-24
-32
-24
-24
-32
-32
-32
-40
-40
-48
-48
-48
-48
-48
-48
-48
-48
-40
-40
-40
-40
-40
-40
-40
-48
-40
-40
-40
-32
-32
-32
-32
-32
-24
-32
-24
-16
-16
-16
-8
-8
0
0
0
0
0
0
0
8
16
16
16
24
24
24
24
32
32
32
32
40
40
32
32
24
32
32
32
32
32
40
40
32
40
32
32
24
24
24
24
24
24
24
16
16
16
16
16
8
0
0
0
0
0
-8
-8
-8
-16
-8
-16
-16
-16
-24
-16
-24
-24
-32
-32
-32
-32
-32
-40
-24
-24
-32
-32
-24
-32
-32
-32
-24
-32
-24
-16
-24
-24
-24
-24
-24
-24
-16
-16
-8
-8
-8
0
-8
0
0
0
0
0
0
8
0
8
8
8
8
8
8
16
16
16
16
24
24
24
24
16
32
32
32
32
32
32
32
24
32
24
24
24
24
32
24
24
24
24
24
24
24
24
16
24
32
24
24
24
24
16
16
16
16
8
8
8
8
8
8
8
0
0
0
0
0
-8
-8
0
0
0
0
-8
-8
-8
-16
-8
-8
-16
-16
-24
-32
-32
-32
-32
-24
-24
-16
-16
-24
-24
-32
-32
-32
-32
-32
-24
-32
-24
-24
-32
-32
-32
-32
-32
-24
-24
-24
-24
-24
-24
-16
-16
-8
-16
-8
0
0
0
0
0
0
0
-8
-8
0
0
0
0
0
8
16
16
24
24
24
24
24
16
16
16
24
24
24
24
24
24
16
24
24
24
16
16
16
16
16
24
32
32
32
40
32
32
24
24
16
16
16
16
16
8
8
0
0
0
0
0
0
-8
-8
-8
-16
-16
-8
-8
-16
-16
-24
-16
-24
-24
-16
-16
-24
-24
-24
-24
-24
-24
-24
-32
-32
-32
-32
-24
-24
-24
-24
-24
-24
-24
-16
-16
-16
-16
-8
-8
-8
-8
-8
-8
0
0
0
0
0
0
0
0
0
8
8
8
8
16
16
16
16
16
8
8
0
8
8
8
8
8
8
8
8
8
16
16
16
16
16
24
16
24
16
16
16
16
16
16
16
8
16
16
16
16
8
8
8
16
16
16
16
16
16
8
16
8
8
0
0
0
-8
0
-8
-8
-8
-16
-16
-16
-16
-16
-16
-24
-24
-24
-16
-16
-24
-24
-24
-24
-24
-24
-24
-24
-24
-24
-16
-24
-24
-24
-24
-24
-16
-16
-16
-16
-16
-16
-16
-8
-8
0
-8
-8
0
0
0
0
0
0
0
0
8
8
8
8
8
16
24
24
32
32
32
24
32
32
32
32
40
32
24
24
24
24
24
24
24
24
16
16
16
16
16
16
24
24
24
24
24
24
16
16
16
8
8
8
8
8
0
0
0
0
0
0
0
0
0
-8
-8
-8
-8
-8
-8
-8
-8
-16
-16
-16
-24
-24
-24
-24
-32
-32
-32
-32
-32
-32
-32
-32
-32
-32
-32
-40
-40
-32
-32
-32
-40
-32
-40
-40
-32
-32
-32
-32
-32
-32
-32
-24
-24
-24
-16
-8
0
0
0
0
-8
0
0
0
0
0
0
0
0
0
0
8
0
8
8
8
16
16
24
16
24
24
24
24
24
24
24
24
24
24
24
24
24
24
24
16
16
16
16
16
16
8
8
8
8
8
16
24
24
16
24
16
16
16
16
16
8
8
8
16
16
16
8
8
8
8
8
16
16
16
16
8
8
8
0
0
0
0
0
0
0
0
0
8
8
8
0
8
8
0
0
8
0
0
0
0
0
-8
-8
-8
-8
-16
-16
-16
-16
-16
-16
-16
-16
-24
-24
-24
-24
-24
-24
-16
-16
-16
-16
-24
-24
-24
-24
-16
-16
-16
-24
-24
-24
-16
-16
-8
-8
-8
-16
-16
-24
-24
-24
-16
-16
-16
-8
-8
0
0
0
0
0
-8
-8
-8
-8
-8
-8
0
0
0
0
0
0
0
0
0
0
0
8
0
8
8
8
8
8
8
8
8
8
8
8
8
8
16
16
16
16
16
16
24
24
16
8
8
0
8
8
8
0
0
0
0
0
8
8
8
8
8
0
0
0
8
8
8
0
0
0
0
0
0
0
0
0
0
0
0
0
0
0
0
0
0
0
0
8
8
8
8
8
8
8
8
8
8
0
0
0
0
0
0
0
0
0
0
0
0
0
0
0
0
0
0
0
0
0
-8
-8
-8
-16
-24
-24
-16
-16
-16
-16
-8
-8
-8
-8
-8
-8
-16
-16
-8
-8
-16
-16
-16
-16
-8
-8
-8
-8
-8
0
-8
0
0
0
8
8
16
8
8
8
8
8
8
8
8
0
0
0
0
0
0
0
0
0
0
0
0
0
0
0
0
0
0
0
0
-8
-8
-8
-8
-8
-8
-8
-8
-8
0
0
0
0
0
0
0
0
0
0
0
0
0
0
0
0
0
0
8
8
8
16
16
16
8
8
8
8
8
8
8
8
8
8
8
16
8
8
8
8
8
8
8
8
8
0
0
0
0
0
0
0
0
0
0
0
0
0
0
0
0
0
0
0
0
0
0
0
0
-8
-8
-8
0
0
0
-8
0
-8
0
0
0
0
0
-8
0
0
0
0
0
0
0
0
-8
-8
-8
0
0
-8
0
-8
0
0
0
0
0
0
0
-8
-8
-8
-8
-8
-8
-8
-8
0
-8
-8
-8
-8
-8
-8
0
-8
0
0
0
0
0
0
0
8
0
0
0
0
0
0
0
8
0
0
0
0
0
0
0
0
8
8
0
8
8
0
8
8
16
16
8
8
8
8
16
16
16
8
16
8
8
8
8
8
8
8
8
8
0
8
0
8
8
8
0
0
0
0
0
0
0
0
0
0
0
0
-8
-8
-8
-8
-8
-8
0
0
-8
0
0
-8
-16
-16
-16
-16
-8
-8
-8
-8
-8
-16
-24
-16
-16
-16
-8
-16
-16
-24
-16
-8
-8
-8
0
-8
-8
-8
-8
-16
-8
-8
-8
0
0
0
0
0
0
0
0
0
0
0
0
0
0
0
0
0
0
8
8
0
0
0
0
0
0
0
8
0
8
8
8
8
8
16
8
8
8
0
8
0
0
8
8
0
8
8
8
8
8
16
16
8
8
8
8
8
0
0
8
8
8
16
16
16
16
16
8
8
16
8
8
16
16
8
0
0
8
0
8
0
0
0
0
0
0
0
0
0
0
0
0
0
0
0
-8
0
-8
-8
-8
0
-8
-8
-8
0
-8
-8
0
-8
-8
-8
-8
-8
0
0
0
0
-8
-8
0
0
0
0
0
0
0
0
0
8
0
0
8
8
8
0
0
0
-8
0
0
0
0
8
0
8
0
0
0
-8
-16
-16
-8
-8
-8
-8
-8
-8
0
0
0
0
0
0
0
-8
-16
-32
-16
0
8
16
32
40
-32
-56
-72
-72
-40
-8
0
32
24
-40
-72
-56
-56
-48
-32
104
308
80
-40
0
-132
-164
-72
-32
96
260
80
-120
-24
-56
-164
24
112
104
112
24
16
32
-8
-40
-8
16
0
16
72
56
-8
-32
-16
-32
-8
48
24
32
96
32
0
8
-32
-80
-24
24
0
24
56
-8
-8
24
0
-16
8
8
8
8
0
0
8
-16
-16
8
-8
-16
0
8
8
32
16
-8
-16
-24
-40
-8
0
0
16
8
8
8
0
-16
-8
-8
-16
0
0
8
0
-8
-8
-32
-32
-16
-8
-8
0
0
-8
0
-16
-32
-16
-8
-8
24
0
0
0
-8
-16
-24
-8
8
0
8
0
0
0
0
0
0
8
16
0
0
0
0
8
-8
8
16
8
8
0
0
0
0
16
8
-8
0
0
0
-8
0
0
0
8
0
0
16
-8
-16
8
8
16
0
8
16
24
8
24
96
72
-56
-132
-88
-64
-32
0
16
64
40
-48
-80
-64
0
72
88
48
56
-16
-96
0
16
-8
48
48
32
40
40
0
0
0
-16
8
64
132
88
-8
-56
-64
-96
-120
-80
0
56
80
72
8
-40
-80
-32
0
48
148
164
88
-40
-196
-292
-132
-80
-32
148
180
64
-112
-180
-212
-40
88
132
228
112
-80
-104
-80
-164
-88
24
80
96
148
64
-64
-96
-120
0
180
228
180
64
-72
-196
-164
-104
-56
64
112
48
-56
-180
-228
-120
0
88
196
148
-8
-72
-104
-120
-8
8
56
132
48
-32
0
-40
-120
0
40
64
180
132
0
48
24
-104
0
72
-24
80
164
0
0
0
-132
-80
48
-24
48
196
56
-96
-80
-112
-64
24
16
56
148
24
88
164
-16
-72
0
48
24
16
-32
-48
-24
-196
-244
-56
-96
-80
-8
-40
-64
-196
-164
-64
-48
0
16
40
16
-40
40
48
40
56
32
112
40
-24
56
104
72
32
48
40
-48
8
48
0
0
72
24
-40
-32
-64
-40
-32
-56
-48
88
96
-48
-48
0
-72
-48
32
40
0
-8
-24
-72
0
-24
-104
0
-8
0
72
40
-56
-80
-64
-56
-16
56
88
16
32
8
-32
-56
-32
-96
-32
104
72
48
56
-40
-72
40
72
132
164
132
80
0
-8
-16
-40
-8
104
164
132
132
40
-80
-64
-56
0
96
96
56
16
-32
-120
-88
-40
-8
32
64
80
56
-24
-120
-104
-16
48
96
164
112
8
-56
-148
-164
-104
-8
64
132
112
32
-72
-132
-88
48
132
148
148
72
-40
-180
-164
-72
-8
80
132
132
-8
-104
-112
-132
-24
56
56
80
32
-88
-120
-120
-180
-132
-16
-40
-80
-80
-132
-164
-132
-120
-40
16
8
16
56
0
-80
-104
-88
-120
-112
-24
8
16
-16
-56
-8
-8
-64
-24
48
24
0
32
8
-32
-24
16
96
104
72
72
40
-8
-8
24
32
72
88
56
64
48
32
56
48
16
0
48
40
32
16
0
-8
8
72
80
64
56
48
72
64
40
64
64
40
64
64
56
56
40
32
64
96
80
96
88
96
64
8
0
0
40
64
72
72
32
0
-56
-48
-40
-16
-24
-24
-40
-72
-104
-132
-148
-132
-80
-56
-16
-16
-80
-48
-64
-88
-40
-8
0
-24
-8
-16
-40
-56
-72
-56
-32
-32
-16
8
0
-48
-80
-64
-80
-72
-24
-40
-64
-88
-132
-180
-164
-148
-104
-32
-24
-56
-96
-132
-180
-148
-88
-96
-40
0
-24
-32
0
0
88
180
212
244
228
164
112
112
164
244
340
372
356
292
212
196
212
260
340
396
356
324
228
148
148
180
228
260
212
104
0
-88
-148
-132
-64
-56
-88
-132
-212
-324
-396
-428
-396
-372
-372
-396
-428
-492
-524
-524
-524
-524
-460
-460
-460
-492
-492
-492
-492
-428
-356
-308
-276
-244
-260
-260
-228
-180
-132
-88
-48
-16
16
40
24
32
88
180
260
308
340
308
244
212
260
324
396
460
460
460
428
396
324
396
492
588
652
588
556
524
428
428
524
620
652
684
684
556
460
460
524
748
1052
1244
1372
1116
924
1308
1692
1980
1980
1980
1756
1308
924
876
1244
1436
1052
684
56
-652
-1180
-1436
-1308
-1436
-1980
-2620
-3004
-3516
-4092
-4348
-4604
-4604
-4604
-4604
-4348
-4604
-4604
-4604
-4348
-3772
-3260
-2620
-2236
-1884
-1628
-1180
-588
-148
132
716
1372
1628
1692
1692
1692
1692
1628
1820
2364
2492
1820
1308
924
556
556
684
924
812
212
-324
-396
-460
-524
-340
-212
-64
88
164
260
196
-32
164
748
1180
1436
1436
1308
1116
1052
1308
1564
1628
1308
1116
988
924
812
556
620
524
428
588
588
460
196
212
748
1820
2748
2876
2492
2108
2876
4860
6140
5884
4604
3772
3772
4348
4604
5372
6140
5884
3900
1884
524
556
924
812
460
-492
-1980
-3772
-4860
-5116
-5116
-5372
-5884
-5884
-6140
-6652
-7164
-7932
-8316
-7676
-6396
-5116
-4348
-4348
-4860
-5116
-4348
-3004
-1500
-396
-48
-164
-104
556
1436
1980
2492
3260
4092
4348
4092
3516
2876
2364
2108
2492
2748
2492
1628
556
-228
-748
-876
-876
-716
-812
-1116
-1500
-1884
-2236
-2492
-2108
-1372
-652
-460
-620
-924
-1244
-1116
-428
524
1052
1180
924
652
492
460
620
924
1116
1180
1180
748
228
-72
-104
324
988
1436
1500
1308
844
652
924
1244
1628
2108
3004
3900
4092
3772
3132
4092
5628
7164
6908
5628
5116
5628
5884
5628
5884
7164
6652
4860
2492
1500
1884
1756
1244
132
-876
-2364
-4092
-4860
-5116
-5116
-5884
-6652
-6908
-7164
-7420
-8316
-8828
-8828
-8316
-7164
-6140
-5372
-5628
-6140
-5884
-5372
-3900
-2620
-1980
-1884
-1692
-924
164
1116
2108
2876
3004
3004
3260
3900
4092
3900
3516
3516
3644
2620
1884
1308
1116
812
588
924
556
-748
-2236
-2364
-1820
-1436
-1372
-1372
-1436
-1884
-2236
-1820
-1116
-1180
-988
-324
588
988
652
492
428
716
1372
2364
2876
2236
1436
924
1116
1500
1884
2108
1884
1500
1308
1564
1692
1756
1564
1564
1980
2364
2236
2108
1980
1980
1980
2236
2364
2748
3132
3516
3772
3900
3644
3644
4604
5372
5628
4604
3644
3516
4092
3772
3260
3772
4092
2876
748
-780
-620
-180
-340
-1308
-2364
-3260
-4604
-5116
-5372
-5372
-5628
-6396
-6652
-6908
-6652
-6652
-7164
-7676
-7676
-6652
-5628
-4860
-4860
-5372
-5372
-5116
-4092
-2748
-1980
-1820
-1980
-1820
-988
64
924
1308
1372
1372
1884
2748
3260
3260
3132
3132
3004
2748
2748
3004
2876
2364
2108
2364
1980
1180
524
524
876
1052
1052
844
96
-652
-716
-324
164
228
132
212
148
64
96
132
40
260
844
1436
1628
1116
428
40
88
492
1180
1500
988
460
292
356
812
1436
1756
1756
1564
1628
1884
1820
1436
1436
1980
2492
2620
2364
2108
1980
2236
2876
3772
3644
3388
3900
4860
5116
3644
2620
2876
3644
3900
3644
3900
3900
2876
780
-684
-260
812
1052
276
-1116
-2620
-3900
-4604
-4348
-3900
-4092
-4860
-5884
-6396
-6652
-6652
-6908
-7420
-7676
-6908
-5884
-5372
-5884
-6396
-6652
-6140
-4860
-3260
-2492
-2748
-3132
-3004
-1980
-588
372
876
924
1180
2108
3004
3260
3132
2876
2876
3388
3900
4092
4348
3644
2748
2492
2620
2620
2236
1692
1436
1308
988
492
132
-244
-524
-492
-372
-308
-556
-988
-1116
-988
-620
-356
-260
-492
-556
-324
88
556
588
396
460
684
876
1180
1244
1052
988
1052
1436
1980
2108
1756
1628
1884
2236
2364
2620
2364
1980
1980
2364
2876
3004
2876
3004
3516
3900
3516
3004
3900
5116
5372
4348
2876
2748
3388
3772
3388
3516
4092
3516
1692
-396
-988
0
588
292
-748
-2236
-3644
-4604
-4604
-4348
-4092
-4860
-5884
-6652
-7164
-7164
-7164
-7420
-7676
-7420
-6396
-5884
-5884
-6396
-6908
-6396
-5372
-3772
-2748
-2876
-3388
-3388
-2492
-924
524
1500
1756
1436
1180
1884
3132
3900
4348
4348
4348
4092
3516
3388
3644
3772
3644
3516
3260
2236
780
-112
276
1116
1308
684
-196
-1180
-1820
-1756
-1180
-748
-924
-1116
-1052
-812
-812
-812
-556
-64
652
1372
1756
1436
684
396
1052
2108
3004
3260
2620
1820
1436
1692
2364
2876
3004
2876
2492
2108
2236
2364
2364
2364
2492
2492
2492
2108
1884
2492
3132
3260
2748
2492
3388
4348
4604
3004
1692
2236
3388
3772
3132
3004
3260
2492
492
-924
-260
1052
876
-428
-1980
-3260
-4348
-4604
-4348
-3772
-3900
-5116
-6652
-7164
-7420
-7164
-6908
-7164
-7164
-7164
-6396
-6140
-6140
-6396
-5884
-5116
-4092
-3004
-2492
-2876
-3388
-3004
-1500
276
1564
1980
1820
1628
1820
2748
3772
4604
4860
4604
4348
3772
3644
3772
3516
3388
3388
3388
2620
1372
308
-180
112
460
492
64
-1052
-2236
-2492
-1980
-1500
-1308
-1628
-2108
-2364
-2364
-1980
-1436
-1180
-988
-556
-228
72
96
32
212
652
1308
1884
2108
1820
1628
1820
2236
2876
3132
3004
2748
2620
2748
3132
3260
3132
2876
2748
2748
2876
2876
2748
3260
3772
3900
3260
2620
3388
4860
5116
3772
2492
2876
4092
4092
3388
3260
3772
3004
1116
-308
148
1308
1116
-8
-1436
-2492
-3388
-3900
-3644
-3388
-3644
-4860
-6140
-6908
-6908
-6652
-6396
-6652
-6908
-6908
-6396
-6140
-6140
-6140
-5884
-5372
-4348
-3516
-3260
-3516
-3644
-3132
-1500
260
988
812
308
524
1564
2748
3644
3900
3900
3516
3132
3260
3772
4092
3772
3260
3132
2748
2108
1500
988
684
460
276
-24
-556
-1436
-2108
-2108
-1756
-1628
-1820
-2108
-2492
-2748
-2364
-1628
-1116
-1180
-1436
-1308
-924
-340
276
652
684
684
876
1372
1884
2108
2236
2364
2620
2876
3132
3132
2876
2748
3004
3132
3004
2748
2620
2492
2364
2492
2620
2748
2876
3004
3004
2492
2748
3900
4860
4092
1980
1436
3004
4604
4604
3388
3388
3260
2108
780
556
1756
2236
1116
-356
-1628
-2492
-3260
-3132
-2492
-2492
-3388
-5116
-6140
-6652
-6396
-5884
-5628
-6140
-6652
-6908
-6908
-6396
-6140
-5628
-5372
-4860
-4348
-4092
-3900
-3900
-3388
-2236
-492
748
988
396
0
844
2492
3900
4348
4348
3900
3132
2876
3516
4604
5116
4348
3388
2620
1980
1308
1116
1436
1372
652
-276
-924
-1628
-2108
-1980
-1500
-1436
-1980
-2748
-3132
-3004
-2748
-2108
-1500
-1308
-1692
-1884
-1692
-1052
-260
460
924
716
308
324
844
1692
2364
2748
2620
2236
1756
1980
2492
2876
3132
3132
2748
2236
1980
1980
2364
2620
2620
2492
2620
3132
3132
2620
2620
3900
5116
4860
3004
1980
3260
4860
5116
4348
4092
4092
3260
1980
1756
2748
3388
2108
396
-876
-1628
-2108
-2236
-1980
-2108
-3132
-4604
-5628
-6140
-5884
-5628
-5628
-6140
-6908
-7164
-7164
-6908
-6652
-6140
-5628
-5628
-5372
-5116
-4604
-4348
-3900
-3004
-1820
-988
-556
-372
-228
228
1180
2364
3260
3516
3132
2876
3004
3260
3644
4092
4092
3516
3004
2492
2108
1628
1180
1052
988
556
-40
-812
-1500
-1628
-1372
-1116
-1308
-1884
-2492
-2620
-2236
-1756
-1372
-1372
-1628
-1756
-1564
-924
-276
64
196
212
212
460
812
1244
1756
1980
1980
2108
1980
2108
2364
2748
3004
3004
2748
2364
2108
2108
2492
2748
2492
2236
2236
2620
3132
3388
3388
3772
4092
3772
2876
2620
3772
5372
5628
4604
3644
3516
3516
3004
2876
3388
3644
2492
524
-652
-988
-924
-876
-924
-1500
-2876
-4604
-5372
-5116
-4860
-4604
-5116
-5884
-6908
-7164
-6908
-6140
-5884
-5884
-5884
-6140
-6140
-5884
-5372
-4604
-4092
-3516
-2876
-2364
-2108
-1564
-716
460
1244
1436
1308
1372
1980
2492
3132
3644
3900
3388
2620
2492
2748
3388
3260
2620
1884
924
164
56
588
876
260
-780
-1436
-1564
-1564
-1436
-1244
-1372
-1820
-2236
-2236
-1820
-1564
-1436
-1180
-1052
-1116
-988
-716
-428
0
324
652
924
924
924
1180
1564
1980
2364
2620
2492
2364
2364
2492
2620
2748
2876
2748
2492
2364
2364
2748
3388
3900
4092
3900
3772
3644
3388
3132
3388
4860
5628
5116
3644
2876
3388
3772
3772
3516
3516
2748
1052
-308
-460
-104
-164
-780
-1564
-2620
-3772
-4604
-4604
-4092
-4348
-5116
-5884
-6396
-6908
-6652
-6140
-5628
-5628
-5884
-6396
-6396
-6140
-5372
-4860
-4348
-4092
-3772
-3516
-3004
-2236
-1116
96
620
620
524
924
1756
2364
3004
3516
3772
3388
3004
3132
3516
3900
3772
3388
3004
2236
1628
1308
1436
1436
844
80
-524
-924
-1308
-1372
-1244
-1372
-1820
-2364
-2748
-2492
-2364
-2108
-1820
-1884
-2108
-2108
-1884
-1436
-924
-684
-556
-396
-308
32
620
1052
1372
1628
1884
2108
2364
2492
2620
2748
2748
2876
2876
3004
3132
3132
3260
3644
4092
4348
4092
3900
4092
4092
3772
3516
4348
5372
5116
3772
2876
3132
3516
3388
3132
3004
2620
1244
-32
-356
48
132
-524
-1372
-2364
-3388
-4092
-4092
-3772
-3900
-4860
-5628
-6140
-6140
-5884
-5628
-5372
-5628
-5884
-6140
-5884
-5628
-5116
-4860
-4348
-4092
-3900
-3516
-3004
-2236
-1372
-588
-8
372
588
748
1500
2364
2876
3132
3132
3260
3388
3644
3900
4092
3900
3260
2876
2492
2236
2108
1628
1372
876
164
-356
-620
-876
-1180
-1500
-1884
-2108
-2364
-2620
-2492
-2492
-2748
-2748
-2620
-2364
-2236
-1980
-1756
-1436
-1244
-1116
-620
-212
148
588
812
1052
1308
1628
2108
2620
3004
3004
2876
2748
2876
3132
3260
3516
3388
3260
3900
4604
4604
3900
3516
3900
4348
4092
3516
4092
4860
4348
3260
2620
3132
3644
3132
2364
2236
2108
1116
96
-228
-148
-396
-1244
-1820
-2364
-3004
-3644
-4092
-4092
-4348
-4860
-5628
-5884
-5884
-5884
-5372
-5116
-5372
-5884
-5884
-5372
-5116
-4604
-4604
-4348
-4092
-3900
-3260
-2492
-1756
-1180
-924
-428
460
1244
1436
1308
1500
2364
3260
3644
3516
3388
3388
3260
3132
3516
3900
3644
2748
2108
1980
1500
1180
1116
1180
620
-588
-1500
-1692
-1436
-1436
-1500
-1884
-2748
-3388
-3388
-2620
-1980
-1980
-2492
-2620
-2492
-2236
-1692
-1116
-988
-924
-924
-428
132
524
924
1372
1820
1980
2236
2364
2620
2876
3004
3132
3260
3260
3260
3004
3388
4604
5372
5116
4092
3516
3772
4348
4348
4348
5116
5372
4348
3004
2748
3644
4092
3772
3132
2620
1692
396
-180
112
492
0
-1372
-2620
-3388
-3644
-3644
-3388
-3644
-4348
-5628
-6140
-6140
-5884
-5372
-4860
-5116
-5628
-5884
-5884
-5372
-4860
-4348
-4092
-4092
-4092
-3900
-3260
-2364
-1436
-876
-812
-556
-48
396
988
1692
1980
1884
1756
2108
3004
3260
3132
2876
3004
2748
2364
2492
2748
2620
1820
988
844
652
396
228
132
-372
-1116
-1756
-1756
-1500
-1692
-1820
-1980
-2236
-2620
-2492
-1980
-1756
-1884
-2236
-2108
-1884
-1756
-1372
-988
-652
-372
-180
40
492
924
1372
1820
1980
2108
2364
2620
2876
3132
3388
3644
3644
3516
3772
4604
4860
4860
4604
4604
4604
4092
3772
3900
5116
5372
4348
3004
2492
3132
3260
2876
2492
2236
1436
8
-812
-716
-340
-716
-1628
-2364
-3132
-3772
-4092
-3900
-3772
-4092
-4860
-5372
-5628
-5628
-5116
-4604
-4604
-4860
-4860
-4860
-4604
-4092
-3900
-3516
-3260
-3132
-3132
-2620
-1980
-1308
-812
-460
-24
428
652
588
748
1500
2492
2620
2236
1980
2492
3004
2876
2748
3004
2876
2236
1692
1884
2108
1564
812
684
876
372
-460
-924
-924
-876
-1180
-1500
-1756
-2236
-2492
-2236
-1884
-1980
-2364
-2620
-2364
-2108
-1980
-1756
-1628
-1692
-1564
-1244
-652
-260
-40
164
460
844
1244
1436
1564
1980
2364
2492
2620
2748
3004
3132
3132
3772
4348
4604
3900
3644
4348
4860
4348
3388
3644
4604
4860
3900
2876
3004
3388
2748
2108
1980
1980
1372
228
-356
-396
-588
-1308
-1820
-2108
-2620
-3388
-3900
-4092
-4092
-4348
-4860
-5116
-5116
-5372
-4860
-4604
-4348
-4604
-4860
-4604
-4092
-3516
-3260
-3004
-2876
-2620
-1980
-1116
-292
16
-112
-72
460
1180
1756
1980
2236
2364
2364
2364
2620
3004
3132
3004
2876
2876
2748
2108
1692
1820
1884
1692
1244
780
292
-80
-164
-72
-260
-924
-1500
-1756
-1692
-1500
-1628
-1884
-2108
-2236
-2364
-2108
-1820
-1628
-1692
-1884
-1884
-1628
-1372
-988
-620
-396
-356
-356
-244
164
556
812
1116
1372
1372
1372
1500
1756
1980
2236
2236
2364
2748
3260
3516
3388
3132
3516
4092
3900
3260
2876
3516
4092
3900
3004
2492
2620
2492
1980
1628
1436
1116
356
-396
-716
-924
-1500
-1980
-2236
-2620
-3132
-3772
-4092
-4092
-4092
-4604
-4860
-5116
-5116
-5116
-4604
-4348
-4092
-4092
-4348
-3900
-3388
-2876
-2236
-1884
-1628
-1436
-1052
-460
276
988
1628
1692
1308
1372
1980
2748
3132
2876
2876
3004
2876
2492
2748
2876
2876
2620
2108
1756
1500
1180
1308
1500
1116
324
-372
-556
-372
-396
-556
-924
-1628
-2364
-2364
-1980
-1564
-1628
-2108
-2236
-2108
-1980
-1628
-1372
-1244
-1244
-1244
-1116
-876
-556
-276
-56
132
276
428
588
844
1244
1500
1500
1436
1372
1692
1980
2236
2236
2236
2492
3004
3388
3260
3132
3388
3772
4092
3644
3260
3388
3644
3644
3132
3004
3004
2748
1980
1436
1372
1436
1052
164
-716
-1244
-1628
-1756
-1980
-2108
-2748
-3644
-4604
-4604
-4348
-4348
-4604
-5116
-5372
-5628
-5116
-4860
-4604
-4348
-4348
-4348
-3900
-3516
-3004
-2620
-2108
-1628
-1180
-716
-196
308
988
1628
1628
1500
1564
2108
2876
3132
3004
2876
2876
2620
2492
2876
3004
2876
2236
1564
1372
1308
1244
1244
988
276
-308
-684
-620
-524
-748
-1052
-1372
-1756
-1980
-1820
-1564
-1500
-1692
-1980
-1980
-1756
-1564
-1244
-924
-844
-812
-876
-780
-460
-64
228
428
460
372
492
716
1180
1692
1692
1564
1372
1372
1692
1980
2236
2236
2236
2364
2876
3260
3260
3132
3260
3644
4092
4092
3388
3132
3132
3516
3644
3388
3004
2620
2236
1628
1244
1244
1244
844
-164
-988
-1628
-1884
-1884
-1980
-2364
-3004
-3900
-4604
-4604
-4348
-4092
-4348
-4860
-5372
-5372
-4860
-4348
-4092
-4092
-4092
-3900
-3388
-2748
-2364
-2108
-1820
-1372
-876
-372
48
324
396
556
988
1564
1884
1692
1564
1820
1980
1980
1820
1980
2108
1980
1692
1372
1116
716
588
684
716
372
-228
-620
-588
-492
-652
-844
-1052
-1436
-1692
-1564
-1180
-1052
-1372
-1564
-1436
-1052
-844
-716
-588
-524
-524
-492
-228
16
132
244
460
620
716
780
924
1180
1500
1756
1980
1980
1884
2108
2236
2364
2492
2620
2492
2492
2748
3004
3132
3132
2748
2876
3388
3644
3772
3260
2492
2364
2492
2748
2876
2748
2236
1628
1116
588
556
684
556
-64
-1052
-1820
-2236
-2364
-2236
-2108
-2620
-3516
-4092
-4604
-4348
-3900
-3900
-4092
-4604
-4860
-4860
-4092
-3644
-3516
-3388
-3516
-3260
-2876
-2492
-1980
-1564
-1116
-748
-556
-396
-56
276
652
1052
1180
1180
1308
1308
1500
1884
2108
1980
1756
1564
1628
1692
1628
1564
1244
780
396
396
492
428
56
-396
-588
-716
-780
-812
-924
-1052
-1180
-1244
-1116
-1052
-1116
-1052
-780
-460
-396
-492
-556
-428
-244
-72
164
244
180
164
308
652
1052
1180
1116
1180
1308
1564
1820
1820
1756
1756
1884
1980
2236
2108
2108
2108
2236
2364
2236
2108
1980
2236
2748
3004
2748
1980
1372
1436
1980
2492
2492
1980
1244
556
260
260
684
748
340
-460
-1436
-1980
-2108
-1820
-1628
-1884
-2620
-3644
-4092
-4092
-3388
-2876
-3132
-3772
-4348
-4604
-4092
-3260
-2620
-2748
-3132
-3388
-3132
-2364
-1756
-1244
-1180
-1180
-1116
-780
-244
324
716
876
1052
1052
924
1052
1500
1980
1980
1820
1500
1308
1308
1436
1628
1436
924
396
180
276
428
372
104
-180
-524
-620
-396
-244
-292
-556
-812
-780
-652
-524
-372
-164
-164
-324
-372
-260
-8
164
276
396
524
524
428
556
844
1116
1244
1116
1116
1180
1244
1500
1628
1628
1628
1500
1436
1564
1692
1756
1692
1564
1564
1628
1500
1372
1372
1436
1756
1884
1820
1564
1180
1116
1308
1628
1692
1500
1052
428
132
88
180
276
8
-396
-1052
-1564
-1756
-1628
-1436
-1756
-2364
-3132
-3516
-3388
-3132
-2748
-2748
-3132
-3644
-3900
-3644
-2876
-2364
-2492
-2748
-3004
-2748
-2236
-1692
-1308
-1116
-1116
-988
-684
-292
72
396
620
684
812
924
1180
1436
1564
1500
1372
1308
1308
1308
1244
1244
1116
812
652
620
524
396
260
196
24
-180
-428
-524
-492
-492
-396
-428
-524
-620
-460
-244
-72
-16
-80
-72
-32
88
324
524
556
556
652
876
1052
1116
1116
1052
1052
1116
1308
1500
1500
1436
1308
1308
1308
1372
1436
1372
1244
1308
1436
1436
1244
1052
1116
1436
1756
1884
1692
1436
1116
1052
1180
1436
1564
1436
1052
524
292
372
556
620
340
-104
-652
-1116
-1308
-1308
-1180
-1372
-1884
-2620
-3004
-3004
-2748
-2492
-2620
-2876
-3132
-3388
-3260
-3004
-2492
-2364
-2364
-2620
-2620
-2236
-1756
-1372
-1180
-988
-988
-924
-652
-180
460
780
684
524
428
556
924
1244
1308
1116
652
396
524
716
812
716
396
48
-164
-148
-8
48
-64
-292
-524
-684
-684
-556
-372
-276
-276
-308
-372
-324
-164
112
340
356
292
212
324
620
876
924
844
748
812
1052
1244
1436
1436
1244
988
988
1308
1628
1756
1564
1308
1180
1180
1372
1500
1500
1500
1436
1244
1116
1116
1372
1692
1756
1564
1244
1116
1052
1052
1180
1180
1180
988
652
340
228
372
524
324
-180
-748
-1116
-1308
-1372
-1308
-1372
-1692
-2236
-2492
-2492
-2236
-2108
-2236
-2492
-2748
-2748
-2620
-2236
-1884
-1820
-2108
-2236
-1980
-1628
-1372
-1116
-988
-988
-988
-924
-588
-196
16
32
64
164
212
228
460
716
780
556
356
340
428
524
588
588
428
148
-24
0
96
132
0
-148
-276
-356
-324
-180
-64
-96
-212
-276
-196
-56
72
196
292
276
196
180
396
684
876
924
876
748
748
844
988
1116
1116
1116
1052
1052
1116
1244
1372
1308
1180
1052
1052
1116
1180
1116
1052
1052
988
844
812
876
1052
1116
924
844
748
748
924
1052
988
844
652
460
340
340
396
492
260
-196
-588
-684
-620
-652
-748
-924
-1308
-1756
-1980
-1820
-1692
-1820
-2236
-2492
-2364
-2236
-2108
-2108
-2108
-2236
-2236
-2236
-1980
-1692
-1564
-1500
-1500
-1372
-1308
-1116
-876
-556
-324
-244
-292
-324
-164
120
428
556
556
460
396
524
844
1052
924
684
556
620
812
988
924
780
492
356
356
428
556
556
460
428
492
524
524
492
460
460
588
652
620
524
492
492
524
524
556
652
652
684
652
652
556
460
556
652
716
748
684
556
524
492
588
780
812
748
652
652
780
876
844
748
716
684
684
684
684
716
716
588
396
244
276
356
260
32
-228
-460
-716
-812
-716
-812
-988
-1436
-1756
-1884
-1884
-1820
-1884
-1980
-2108
-2364
-2364
-2364
-2108
-2108
-1980
-1980
-1980
-1756
-1564
-1372
-1180
-924
-844
-748
-588
-396
-212
-40
56
180
180
196
340
524
748
780
812
812
876
844
924
1052
1052
924
844
812
780
716
684
716
684
588
620
620
556
524
556
620
652
556
460
492
556
588
556
524
524
492
492
428
396
396
396
324
228
244
324
356
372
396
396
396
428
492
524
588
556
556
652
780
780
748
716
716
812
876
924
844
748
716
684
652
652
620
428
180
32
-32
32
32
-132
-356
-620
-924
-1116
-1244
-1244
-1308
-1500
-1756
-1980
-1980
-1884
-1820
-1820
-1980
-2236
-2108
-1980
-1756
-1756
-1884
-1884
-1884
-1692
-1308
-1052
-924
-924
-924
-684
-428
-244
-132
40
148
228
244
292
396
428
556
620
556
460
396
492
620
620
588
524
460
396
492
684
748
588
396
372
460
556
684
716
716
620
460
524
684
812
876
780
684
684
652
620
716
812
876
844
716
588
524
524
588
716
716
556
396
308
324
460
588
588
556
460
460
620
748
716
652
588
556
620
684
588
524
428
396
492
492
356
196
56
-48
-196
-308
-428
-492
-620
-780
-924
-1180
-1244
-1308
-1308
-1372
-1564
-1820
-1884
-1820
-1820
-1820
-1884
-1820
-1820
-1756
-1564
-1372
-1308
-1244
-1116
-924
-844
-748
-588
-356
-212
-96
8
72
180
340
588
812
844
780
748
812
876
876
924
844
748
620
524
492
428
396
340
340
308
244
148
132
196
276
276
228
244
276
308
308
356
428
460
460
460
524
620
652
588
556
460
396
396
428
428
396
372
308
372
428
396
396
372
356
340
340
308
228
164
180
308
428
428
324
324
396
492
620
620
460
324
244
276
308
308
212
64
24
-80
-228
-308
-396
-460
-620
-924
-1180
-1372
-1436
-1436
-1436
-1500
-1628
-1884
-1980
-1980
-1884
-1884
-1980
-1980
-1980
-1884
-1756
-1564
-1308
-1244
-1244
-1116
-988
-780
-620
-460
-372
-292
-120
148
276
428
524
620
652
716
876
1052
1180
1180
1180
1180
1180
1116
1116
1052
1052
1052
1052
924
748
684
780
876
876
812
748
684
716
780
844
780
748
716
748
844
876
812
812
812
812
812
748
748
780
748
748
748
748
748
748
684
588
556
588
620
524
396
372
396
372
324
228
132
72
56
96
196
148
24
-56
-104
-32
0
-24
-88
-148
-244
-356
-372
-396
-492
-620
-876
-1052
-1116
-1116
-1180
-1244
-1372
-1564
-1692
-1884
-1980
-1884
-1884
-1980
-2108
-2236
-2236
-2236
-2236
-2108
-1980
-1980
-1980
-1980
-1820
-1628
-1436
-1244
-1180
-1116
-988
-748
-428
-260
-164
-24
104
276
428
652
812
876
924
988
1116
1244
1308
1372
1372
1308
1244
1180
1116
1052
1052
988
924
812
748
748
780
844
812
780
716
684
684
716
780
812
812
780
844
876
844
780
812
924
1052
988
844
844
876
924
924
844
844
876
924
876
924
924
924
844
748
684
716
780
812
716
556
396
340
324
396
460
324
148
16
0
24
88
0
-196
-396
-524
-524
-556
-588
-780
-988
-1180
-1308
-1372
-1436
-1564
-1692
-1756
-1884
-1980
-2108
-2108
-1980
-1980
-1980
-2108
-2108
-2108
-1980
-1884
-1756
-1628
-1564
-1564
-1436
-1308
-1180
-1052
-988
-876
-748
-556
-396
-228
-132
0
196
372
524
652
716
716
812
924
1052
1052
1052
1052
1052
1180
1180
1180
1116
1052
1052
1052
1052
988
924
812
812
812
780
844
780
780
812
812
844
876
812
716
748
780
748
684
588
556
556
620
716
780
684
588
588
652
780
876
844
748
748
748
812
876
844
780
588
460
524
588
588
492
308
180
148
88
8
-24
-120
-324
-428
-524
-556
-684
-876
-988
-1052
-1116
-1180
-1244
-1436
-1564
-1628
-1628
-1692
-1820
-1884
-1884
-1980
-1980
-1980
-1980
-1980
-1884
-1820
-1756
-1692
-1628
-1564
-1436
-1308
-1180
-1116
-1052
-876
-716
-556
-396
-356
-340
-260
-132
80
244
340
340
340
428
556
748
876
924
876
876
924
988
1116
1116
1116
1180
1244
1308
1308
1244
1116
1052
988
1052
1052
988
924
812
716
652
684
684
556
524
524
556
524
524
556
588
556
556
556
588
556
524
556
620
684
748
684
652
748
924
1052
988
988
924
876
924
1052
1052
988
844
716
652
652
620
492
396
212
40
0
-56
-164
-308
-524
-716
-780
-924
-1052
-1244
-1436
-1564
-1628
-1692
-1756
-1820
-1980
-1980
-1884
-1820
-1820
-1820
-1884
-1884
-1820
-1756
-1692
-1628
-1628
-1564
-1436
-1308
-1180
-1052
-988
-876
-748
-620
-492
-428
-340
-244
-132
-16
8
16
80
132
180
260
340
372
340
372
460
524
524
524
460
428
524
652
652
588
524
556
556
556
556
556
492
460
492
556
620
556
492
524
492
492
524
492
460
460
556
588
556
588
556
556
620
716
748
812
844
844
844
924
1052
1116
988
924
988
1116
1180
1180
1116
1116
1116
1052
1052
1116
1116
1116
988
812
652
620
524
428
276
104
-24
-132
-244
-372
-556
-716
-844
-924
-988
-1116
-1244
-1308
-1436
-1436
-1500
-1500
-1628
-1692
-1756
-1692
-1628
-1628
-1564
-1564
-1564
-1436
-1372
-1244
-1180
-1180
-1116
-1052
-876
-684
-556
-428
-372
-356
-340
-244
-164
-120
-48
16
112
164
212
228
260
292
276
276
244
196
212
244
260
292
276
276
292
340
340
308
260
196
164
180
212
212
196
164
148
148
148
180
104
48
-8
-16
48
64
40
24
80
148
228
276
308
340
356
396
492
588
620
684
684
716
844
988
1052
1116
1116
1180
1116
1116
1116
1180
1244
1180
1052
1052
1052
924
844
812
748
684
556
340
96
-56
-132
-164
-228
-396
-588
-748
-812
-844
-844
-924
-1116
-1244
-1308
-1308
-1244
-1244
-1308
-1436
-1500
-1500
-1372
-1244
-1116
-1052
-1116
-1116
-1052
-924
-716
-588
-524
-460
-396
-324
-212
-180
-132
-80
-96
-32
64
164
212
292
372
396
372
340
372
524
620
652
556
460
428
396
460
492
428
324
260
276
308
340
276
228
132
48
16
0
-16
-64
-164
-324
-356
-340
-308
-212
-164
-148
-132
-132
-164
-104
8
88
112
180
244
260
292
324
396
524
556
556
588
684
812
876
924
924
876
876
876
924
924
876
748
652
588
524
428
356
276
180
120
64
-16
-148
-340
-428
-428
-460
-524
-652
-780
-844
-844
-844
-844
-924
-988
-1052
-1052
-1052
-1052
-1052
-988
-1052
-1052
-988
-876
-748
-652
-588
-556
-556
-460
-340
-196
-64
-24
-32
40
132
244
428
524
556
556
588
588
588
652
652
652
716
716
684
620
620
620
588
524
492
492
428
396
396
372
308
196
96
40
0
-56
-148
-196
-308
-428
-460
-396
-356
-356
-460
-556
-588
-524
-428
-356
-276
-260
-308
-308
-276
-180
-48
40
148
212
212
212
244
396
556
620
588
652
684
716
812
876
844
780
716
652
620
588
556
492
428
356
308
212
148
104
48
-80
-228
-356
-492
-588
-588
-620
-716
-844
-988
-988
-1052
-988
-988
-988
-988
-1052
-1052
-988
-924
-924
-844
-812
-780
-780
-748
-684
-556
-460
-428
-340
-324
-244
-104
-48
-48
-8
40
112
212
292
324
396
428
492
588
652
716
716
748
748
780
844
844
876
812
876
876
876
876
876
876
844
748
652
524
396
308
276
228
112
0
-104
-164
-180
-196
-292
-428
-524
-524
-492
-396
-356
-396
-460
-428
-372
-292
-212
-212
-212
-148
-56
24
104
164
180
212
244
292
372
428
396
396
396
372
324
308
260
260
276
212
148
80
48
48
16
16
0
-72
-96
-88
-120
-132
-164
-244
-260
-324
-356
-396
-428
-460
-492
-492
-492
-460
-492
-492
-524
-524
-492
-492
-492
-460
-428
-428
-492
-524
-556
-524
-460
-396
-372
-340
-292
-228
-164
-96
-48
40
64
48
132
228
308
356
356
372
428
492
556
652
684
652
588
556
556
588
588
588
588
524
428
396
396
356
244
132
56
-32
-56
-72
-148
-244
-308
-324
-372
-428
-460
-524
-524
-460
-460
-460
-428
-428
-396
-308
-196
-112
-48
0
48
132
244
308
372
396
356
396
492
556
588
556
556
620
652
652
588
556
492
460
428
460
356
212
148
148
180
148
40
-40
-96
-164
-196
-244
-276
-372
-492
-524
-492
-524
-556
-620
-684
-684
-684
-684
-716
-748
-748
-652
-620
-620
-588
-588
-556
-428
-356
-340
-324
-244
-212
-196
-148
-88
-24
48
132
228
308
292
308
396
460
524
556
588
588
556
588
652
716
684
620
524
492
492
524
524
556
556
460
396
356
308
292
244
148
88
-24
-132
-196
-292
-396
-460
-524
-556
-620
-652
-620
-620
-652
-620
-588
-556
-524
-492
-428
-396
-340
-276
-228
-164
-96
-40
-8
80
148
228
276
340
396
396
460
492
492
524
524
492
460
428
428
396
372
292
212
164
132
112
96
72
0
-96
-164
-212
-212
-180
-212
-292
-396
-492
-524
-492
-460
-396
-428
-524
-588
-556
-524
-428
-356
-340
-396
-428
-460
-428
-308
-244
-196
-212
-244
-260
-196
-120
-40
-16
16
72
120
164
164
212
260
340
428
492
492
492
524
556
588
652
652
652
620
556
556
556
492
460
492
460
428
428
324
244
212
180
164
104
32
-8
-96
-164
-228
-324
-396
-428
-460
-460
-460
-460
-492
-460
-428
-356
-292
-292
-276
-212
-104
-8
48
132
212
228
260
340
372
396
428
428
396
396
356
356
372
396
396
340
260
212
180
164
148
112
96
8
-80
-132
-148
-180
-244
-324
-428
-492
-492
-460
-460
-492
-556
-620
-620
-588
-588
-588
-588
-620
-652
-588
-524
-492
-428
-428
-492
-460
-460
-396
-292
-212
-212
-196
-180
-132
-48
16
80
88
120
132
164
228
276
340
428
460
460
460
524
588
652
684
652
652
588
588
588
588
620
620
556
460
460
460
396
308
260
212
148
88
48
-8
-64
-148
-196
-244
-340
-428
-460
-428
-428
-460
-460
-460
-460
-396
-276
-228
-196
-212
-260
-260
-180
-96
8
96
80
48
16
24
96
180
244
276
228
180
196
228
292
324
324
276
212
148
120
148
164
164
164
96
40
-32
-56
-48
-48
-104
-228
-308
-340
-324
-324
-340
-356
-396
-460
-428
-372
-356
-356
-428
-460
-492
-460
-372
-356
-372
-356
-356
-340
-260
-212
-180
-112
-72
-40
16
56
72
96
148
212
292
372
396
372
396
428
460
460
428
428
492
492
492
524
556
492
460
492
524
492
428
396
324
260
308
324
244
132
64
40
48
48
48
-16
-120
-164
-196
-212
-212
-228
-260
-260
-292
-324
-340
-324
-244
-180
-164
-148
-196
-212
-212
-132
-64
-32
-24
-64
-104
-132
-72
8
112
148
80
48
80
112
164
180
164
120
48
24
0
-24
-8
0
-8
-24
-56
-132
-196
-212
-180
-180
-244
-340
-396
-396
-396
-372
-372
-428
-492
-492
-492
-428
-396
-396
-428
-460
-428
-396
-308
-228
-196
-180
-180
-164
-88
-24
24
80
132
148
164
180
212
292
356
396
428
428
460
460
492
492
492
460
428
396
428
428
460
492
428
356
324
324
324
324
324
244
164
148
132
120
80
48
-8
-24
-24
-40
-88
-132
-228
-244
-244
-260
-292
-340
-372
-396
-372
-340
-276
-244
-212
-212
-212
-164
-164
-148
-112
-48
-8
16
80
72
88
132
196
292
372
372
340
292
308
340
340
324
260
212
196
180
180
196
164
88
40
0
-24
-64
-96
-148
-180
-260
-340
-356
-356
-340
-396
-428
-460
-460
-428
-428
-396
-324
-292
-356
-372
-372
-356
-324
-244
-164
-132
-132
-120
-40
32
132
180
148
148
132
120
148
196
244
260
228
212
244
292
292
324
340
308
292
276
292
324
308
308
308
260
196
180
196
196
180
148
80
32
-24
-40
16
32
-16
-32
-80
-96
-104
-112
-148
-212
-244
-260
-292
-308
-324
-292
-276
-260
-228
-228
-260
-308
-308
-260
-180
-96
-48
-40
-72
-64
16
72
112
112
104
132
180
244
276
292
276
292
292
308
292
228
180
120
104
96
80
56
32
-24
-64
-64
-88
-104
-148
-212
-260
-292
-260
-212
-228
-260
-292
-324
-324
-324
-292
-292
-276
-276
-308
-276
-244
-164
-120
-80
-40
-8
40
64
132
180
180
180
196
228
228
228
212
228
244
212
244
260
260
244
244
228
244
276
260
292
308
340
324
244
212
180
180
180
164
148
88
48
24
8
16
32
8
-56
-132
-180
-180
-180
-212
-244
-292
-324
-356
-356
-340
-340
-356
-340
-292
-308
-308
-276
-196
-148
-132
-88
-56
-24
32
80
96
112
112
112
132
148
164
164
180
228
244
228
228
228
260
244
196
164
120
96
104
80
80
48
-8
-40
-48
-32
-24
-24
-72
-112
-112
-164
-180
-196
-196
-228
-228
-212
-244
-228
-228
-212
-164
-164
-164
-148
-132
-112
-80
-64
-40
-24
-8
0
48
96
132
132
180
228
228
260
276
244
212
164
148
180
228
212
148
132
120
120
104
104
120
80
40
8
-48
-80
-88
-88
-96
-120
-164
-196
-212
-196
-212
-196
-180
-244
-292
-276
-260
-244
-228
-260
-260
-260
-244
-212
-164
-132
-120
-64
-24
24
64
88
112
112
104
132
180
180
196
244
292
276
260
276
260
292
276
276
292
260
260
196
148
148
120
104
104
40
0
0
-32
-48
-64
-104
-132
-148
-148
-148
-164
-180
-196
-212
-180
-196
-212
-228
-228
-212
-148
-112
-132
-132
-132
-132
-72
-24
-8
-8
-16
-8
8
40
96
132
164
212
228
260
276
308
340
340
356
372
396
396
396
340
324
340
340
324
340
340
308
292
260
212
180
112
64
16
-8
-40
-88
-112
-196
-260
-308
-340
-356
-396
-460
-492
-492
-524
-556
-556
-524
-492
-460
-460
-460
-428
-428
-428
-356
-292
-244
-196
-164
-132
-96
-72
-16
16
40
56
80
96
112
148
196
164
164
180
180
212
180
164
164
180
164
132
104
96
88
72
56
32
0
-32
-56
-48
-64
-88
-96
-112
-120
-112
-104
-120
-148
-148
-120
-112
-132
-148
-164
-132
-148
-132
-96
-56
-8
24
16
8
32
32
72
120
104
72
48
64
120
180
244
260
292
324
340
356
396
396
396
356
356
372
372
340
340
324
324
308
276
260
212
196
164
164
132
88
32
16
8
-24
-56
-112
-132
-148
-180
-180
-212
-244
-276
-308
