SAMPLES:	9162
BITSPERSAMPLE:	16
CHANNELS:	1
SAMPLERATE:	16000
NORMALIZED:	FALSE
0
0
0
0
0
0
0
0
0
0
0
0
0
0
0
0
0
0
0
0
0
-8
0
-8
-8
-8
0
0
0
0
0
0
0
0
0
0
0
0
0
0
0
0
0
-8
0
-8
-8
-8
-8
-8
0
0
0
0
0
0
0
0
0
0
0
0
0
0
0
0
0
0
0
0
0
0
0
0
0
0
0
0
0
0
0
0
0
0
0
0
0
0
0
0
0
0
8
8
8
8
8
8
8
8
8
8
8
8
8
8
16
16
16
16
16
16
8
8
8
8
8
8
8
8
8
8
8
8
8
8
8
8
8
8
8
8
8
8
8
0
0
0
0
0
0
0
0
0
0
0
0
0
0
0
0
0
0
0
0
0
0
0
0
0
0
0
-8
-8
-8
-8
-8
-8
-8
-8
-8
-8
-8
-8
-8
-8
-8
-8
-8
-16
-16
-16
-16
-16
-16
-16
-16
-16
-16
-24
-16
-16
-16
-16
-16
-16
-16
-16
-16
-16
-16
-16
-16
-16
-16
-8
-8
-8
-8
-8
-8
-8
-8
-8
0
0
0
0
0
0
0
0
0
0
0
8
8
8
8
8
8
8
16
16
16
16
16
16
16
16
24
16
16
16
16
16
16
16
16
16
16
24
24
16
16
16
16
16
16
16
16
16
16
16
16
16
16
16
16
16
16
8
8
8
8
8
8
8
0
0
0
0
0
0
0
0
0
0
0
0
0
0
0
0
0
-8
-8
-8
0
-8
-8
-8
-8
-8
-8
-8
-8
-8
-8
-8
-8
-8
-8
-8
-8
-16
-16
-16
-16
-16
-8
-8
-8
-8
-8
-8
-8
-8
-16
-16
-8
-16
-16
-16
-16
-8
-8
-8
-8
-8
-8
-8
-8
-8
-8
-8
-8
-8
-8
-8
0
0
-8
-8
-8
0
0
0
0
0
0
0
0
0
0
0
0
0
0
0
0
0
0
0
0
0
0
0
0
0
8
0
8
8
8
8
8
8
8
8
8
8
8
8
0
8
8
0
0
0
8
8
0
0
0
0
0
0
0
0
0
0
0
0
0
0
0
0
0
0
0
0
0
0
0
0
0
0
0
0
0
0
0
0
0
-8
0
0
0
0
0
0
0
0
0
0
0
0
0
0
0
0
0
0
0
0
8
8
8
8
8
8
8
8
8
8
8
16
16
16
16
16
16
16
16
16
16
16
16
16
24
24
16
16
16
16
16
16
16
8
8
8
8
8
8
8
8
8
8
0
0
0
0
0
0
0
0
0
0
-8
-8
-8
-8
-8
-16
-24
-24
-24
-24
-24
-24
-24
-24
-24
-24
-24
-24
-24
-32
-32
-24
-24
-24
-24
-24
-32
-32
-24
-24
-16
-16
-16
-16
-16
-24
-24
-24
-16
-16
-16
-16
-16
-16
-8
-8
-8
0
0
0
0
0
0
0
0
0
0
0
0
0
0
8
8
8
8
16
8
8
16
8
8
16
16
16
16
16
16
16
16
16
16
16
8
16
16
16
16
16
8
16
16
16
16
16
16
16
16
16
16
8
8
8
0
0
0
0
0
8
8
8
8
8
8
8
0
0
0
0
0
0
0
0
0
0
0
0
0
0
0
0
0
0
0
0
0
0
0
0
0
0
-8
-8
-8
-16
-16
-8
-8
-8
-8
-8
-8
-8
-8
-8
-8
-8
-16
-16
-8
-16
-16
-16
-16
-8
-8
-8
-8
0
-8
-8
-8
-8
-8
-8
-8
-8
-8
-8
0
0
0
0
0
0
0
0
8
0
0
0
0
0
0
0
8
8
8
16
8
8
8
8
8
8
8
8
8
8
0
0
0
8
8
8
8
8
8
8
0
8
8
0
8
8
8
8
0
0
0
0
0
0
0
0
-8
-8
0
-8
-8
0
0
-8
0
-8
-8
-8
-8
-8
-8
-8
-16
-8
-8
-8
-8
-8
-8
-8
-8
-8
-8
-8
-8
0
0
0
0
0
-8
-8
-8
0
0
0
8
0
0
0
0
0
8
8
8
8
8
0
8
8
8
8
16
8
16
16
16
16
8
16
16
24
24
16
16
8
8
8
8
8
8
0
0
0
0
0
0
8
0
0
0
0
-8
0
0
0
-8
0
0
0
-8
-8
0
-8
-8
-8
-8
0
-8
0
0
-8
-16
-8
-8
-8
-8
-16
-8
-16
-16
-16
-16
-16
-8
-8
-8
-8
-8
-8
0
0
0
0
0
0
0
0
-8
-8
-8
0
0
0
0
0
0
0
8
8
0
0
0
0
0
8
104
40
-24
-8
-8
-24
-48
-32
-8
56
32
-56
-32
0
-32
-8
8
40
24
-8
0
8
0
-16
0
24
8
0
8
0
0
-8
16
24
16
32
24
16
8
16
8
8
0
8
16
16
16
16
8
16
0
0
16
16
0
0
16
-8
-16
-8
0
-8
-8
0
0
0
0
0
-8
0
-8
0
0
0
0
0
0
-8
0
0
-8
0
0
0
0
0
-8
0
0
-16
-16
0
-16
-24
0
0
48
56
0
-16
0
-16
-32
-24
-32
0
0
-48
-64
-32
-40
-40
-8
0
0
-16
-16
0
-16
-32
-16
-16
-8
0
0
0
0
-8
0
24
0
8
24
16
16
8
24
24
0
16
64
64
48
8
-16
-8
16
8
16
48
32
0
8
-32
-40
32
32
8
8
0
-16
-24
-16
0
24
16
0
8
16
16
0
-24
0
24
0
0
16
24
0
-8
8
8
-8
-8
0
8
8
-32
-16
8
-16
-16
24
8
0
16
-16
-16
0
-24
-32
0
-8
-16
-8
-16
-32
-16
-16
0
0
8
0
-16
-24
-24
-8
0
-24
-16
8
-16
-24
-8
8
8
0
0
8
0
0
0
0
-8
0
-8
8
40
0
0
16
0
0
-8
8
16
0
-8
24
40
-8
0
24
8
0
0
16
16
0
0
0
24
0
0
16
24
32
8
24
32
24
8
-16
0
16
-16
-32
0
-16
-32
0
0
-24
16
16
-16
16
0
-24
0
24
0
8
16
0
0
24
8
0
8
8
0
-8
0
-8
-8
0
-8
8
32
0
-40
-16
-24
-64
-32
-8
-32
-24
-16
-56
-56
-8
-16
-40
8
0
-56
-40
-24
-56
-56
-16
-8
-32
-16
-8
-24
-16
8
16
0
0
0
-8
-8
0
0
0
8
16
32
24
16
16
8
16
8
16
32
40
40
32
24
40
32
32
40
56
40
16
48
40
8
24
32
32
32
16
24
24
8
-8
0
8
0
16
16
16
16
8
8
0
8
24
24
24
8
0
0
0
0
0
16
0
-8
0
0
0
-16
-16
0
-16
-16
-8
-16
-16
-32
-32
-24
-8
-8
-8
0
-24
-32
-32
-40
-32
-24
-40
-56
-40
-32
-48
-56
-32
-40
-48
-40
-40
-48
-40
-48
-48
-16
-16
-40
-32
-24
-24
-24
0
-16
0
0
-16
-16
-8
-8
-24
-8
0
8
16
16
16
24
8
8
0
32
32
16
24
24
16
16
24
56
56
56
56
32
24
8
24
40
56
56
48
48
48
32
56
72
72
72
64
64
32
16
24
48
56
56
64
32
8
0
0
0
0
8
32
24
24
16
16
8
0
8
0
0
-16
-24
-24
-32
-32
-24
-32
-32
-40
-48
-48
-32
-32
-40
-40
-48
-56
-56
-72
-72
-48
-64
-80
-56
-56
-72
-80
-88
-80
-72
-64
-48
-32
-32
-40
-48
-40
-56
-56
-40
-16
-16
-16
-16
-24
-32
-32
-16
-8
0
0
8
16
16
16
16
32
40
24
24
24
16
16
24
48
56
64
56
64
64
56
56
64
80
80
88
88
88
80
72
72
96
88
72
72
72
56
40
56
72
80
56
40
40
24
8
-8
0
16
16
0
-8
-8
-32
-56
-64
-48
-40
-56
-64
-64
-64
-88
-88
-88
-80
-96
-80
-80
-88
-96
-104
-96
-96
-96
-88
-64
-56
-48
-32
-32
-56
-56
-56
-56
-40
-24
-16
0
-8
-32
-16
-24
-32
-40
-24
-32
-40
-40
-48
-32
-8
0
24
48
40
32
32
16
16
32
56
64
104
112
96
88
88
88
112
148
180
196
180
148
132
132
120
148
164
180
180
180
148
104
88
88
72
88
80
48
24
-16
-56
-72
-72
-80
-96
-104
-120
-132
-164
-180
-148
-148
-148
-120
-132
-148
-180
-180
-180
-164
-148
-132
-120
-132
-148
-132
-132
-96
-64
-24
0
-16
-32
-56
-56
-40
-24
-8
8
0
-32
-48
-72
-64
-48
-32
-8
-16
-48
-64
-80
-56
-8
24
40
16
-16
-48
-48
-16
0
32
88
96
96
96
104
112
148
196
260
308
324
324
308
308
340
492
652
716
748
748
716
684
620
620
684
716
716
652
556
428
292
120
0
-64
-112
-196
-308
-492
-716
-924
-1116
-1180
-1180
-1180
-1244
-1372
-1500
-1628
-1692
-1692
-1564
-1500
-1372
-1308
-1180
-1180
-1116
-988
-844
-652
-492
-340
-228
-196
-164
-104
0
148
292
428
492
556
556
492
492
492
556
620
684
716
684
588
588
652
716
716
716
652
588
524
588
652
684
716
620
524
524
524
492
620
620
524
524
356
244
132
-8
0
120
356
844
1436
1884
1980
2108
1980
1884
1756
1628
1884
2748
3260
3132
2492
1884
1500
1180
1052
1116
1500
1308
340
-844
-1820
-2364
-2620
-2748
-2620
-2620
-2876
-3772
-4604
-5372
-5884
-5884
-5628
-4860
-4348
-4092
-4092
-4348
-4348
-4092
-3388
-2620
-2108
-1756
-1820
-1820
-1692
-1116
0
924
1628
2108
2236
2236
1980
1980
2492
2876
3260
3260
3132
2748
2236
1980
1756
2236
2364
2108
1756
1180
620
244
120
228
492
588
308
40
-524
-1180
-1564
-1628
-1436
-1180
-1052
-1116
-1372
-1692
-1980
-1980
-1980
-1820
-1628
-1628
-1628
-1628
-1756
-1756
-1436
-1052
-588
-32
396
588
524
684
924
1116
1372
1628
1980
2492
3132
3644
4092
4860
5372
5628
5884
5116
4348
4348
5372
6140
6140
5628
5116
4348
3132
1980
1980
2748
2876
1980
228
-1180
-2108
-2876
-3260
-3388
-3516
-3900
-4604
-5372
-5884
-6396
-7164
-7676
-7420
-6652
-5628
-5372
-5628
-6140
-6140
-5628
-4860
-3900
-3260
-3004
-3004
-2876
-2236
-1372
-588
88
844
1756
2748
3260
3516
3260
2876
2876
3132
3772
4348
4604
4092
3260
2620
2364
2492
2492
2492
2492
1980
1052
372
-120
-276
-340
-308
-80
-180
-716
-1436
-1980
-2492
-2492
-2108
-1692
-1500
-1692
-2108
-2492
-2492
-2364
-1980
-1692
-1372
-1052
-988
-1308
-1308
-844
-492
24
924
1564
1884
1756
1500
1820
2236
2364
2620
3260
3516
3260
3260
3900
4860
4860
4860
5628
6396
5884
4860
4092
4604
5372
5628
5372
5372
4860
3900
2492
1308
1372
1980
1756
812
-588
-1756
-2492
-3260
-3772
-4092
-4092
-4348
-5116
-5628
-6140
-6652
-7420
-7932
-7676
-6908
-5884
-5372
-5628
-6140
-6396
-5884
-5372
-4604
-3900
-3388
-3132
-2876
-2492
-1820
-1308
-684
-104
684
1500
2108
2364
2364
2620
2748
3004
3132
3516
4092
4092
3900
3388
3260
3004
2620
2236
2108
2364
2364
1884
1500
1244
1116
812
748
844
716
260
-356
-556
-748
-1052
-1244
-1180
-988
-1052
-924
-988
-1116
-1244
-1500
-1564
-1116
-684
-492
-652
-812
-556
-196
-32
0
324
876
1116
1052
1436
1980
1756
1244
1628
2364
2620
2492
2492
2748
2876
2748
3260
4348
4860
4604
4092
3772
3132
2748
3516
4604
4860
4348
3772
3260
2236
1052
780
1692
2236
1436
132
-988
-1756
-2620
-3132
-3260
-3260
-3516
-4092
-4348
-5116
-5884
-6396
-6652
-6652
-5884
-5116
-4860
-5372
-5884
-6140
-5884
-5372
-4348
-3772
-3516
-3388
-3260
-2748
-2236
-1756
-1116
-492
148
844
1500
1980
1980
1884
2108
2492
3132
3772
4092
4092
3516
2748
2492
2748
2876
2876
3004
2876
2364
1628
1244
1052
924
924
988
876
244
-524
-1116
-1372
-1436
-1308
-1052
-988
-1052
-1244
-1692
-1756
-1820
-1628
-1244
-1180
-1116
-924
-780
-924
-812
-524
-64
492
620
524
716
716
988
1820
2108
1980
1980
2108
2236
1980
1980
2492
3132
3260
3004
3516
4604
5116
4860
4348
3772
3260
3516
4604
5628
5628
4860
3772
2876
1980
1628
2364
3132
2748
1180
-324
-1436
-1980
-2364
-2492
-2748
-3004
-3516
-4348
-5116
-5884
-6396
-6908
-6908
-6396
-5628
-5372
-5628
-6652
-6908
-6652
-5628
-4604
-3772
-3644
-3900
-4092
-3772
-2876
-1980
-1180
-652
-104
356
780
1180
1564
1980
2236
2620
3004
3260
3388
3260
3132
3132
3260
3388
3260
2748
2364
2108
1756
1500
1436
1180
652
80
-244
-396
-620
-844
-1180
-1372
-1628
-1980
-1980
-1980
-1980
-2236
-1980
-1436
-1180
-1244
-1180
-1180
-1180
-924
-308
-8
0
56
460
1244
1308
1436
1884
2492
2620
2364
2748
3132
3388
3004
2876
3516
4092
3772
3388
3260
3516
3772
4348
5116
5628
5628
4604
3260
2748
3260
4348
5116
4860
4348
3388
2108
988
556
924
1692
1628
428
-1116
-2492
-3260
-3516
-3644
-3516
-3644
-4092
-5116
-6140
-6908
-7164
-7164
-7164
-6652
-5884
-5628
-5884
-6652
-6908
-6396
-5628
-4604
-3772
-3516
-3772
-3900
-3644
-2876
-1628
-556
148
492
716
1116
1500
2108
2492
2748
3004
3260
3900
4348
4092
3772
3516
3644
3644
3388
3132
2876
2492
1756
1180
1052
924
588
180
-16
-228
-812
-1308
-1500
-1436
-1564
-1884
-2108
-2108
-2108
-2236
-1820
-1372
-1244
-1244
-1116
-988
-1052
-844
-492
-196
16
340
652
924
1052
1436
2108
2108
1884
2364
3260
3260
2620
2620
3260
4092
3516
2876
3388
4092
3388
3132
4092
5372
5628
4860
4092
3644
3260
3132
4092
5372
5372
4092
2492
1820
1308
924
1180
1980
1884
260
-1756
-3132
-3388
-3388
-3388
-3388
-3644
-4348
-5372
-6396
-6908
-6908
-6652
-6652
-6396
-6140
-6140
-6396
-6908
-6652
-5884
-4860
-4092
-3516
-3644
-4092
-4092
-3516
-2236
-876
-32
372
372
372
812
1692
2492
2876
3132
3388
3772
4092
3900
3900
3772
3644
3516
3516
3388
3004
2364
1628
1244
1116
924
812
428
-196
-812
-1372
-1692
-1980
-2108
-2236
-2364
-2620
-2620
-2492
-2492
-2492
-2364
-1980
-1564
-1436
-1180
-1116
-924
-324
148
340
652
924
1052
1052
1500
2236
2876
3260
3004
3388
3900
3644
3388
3516
3772
3772
3644
3644
3772
3772
3644
3900
4860
5372
5628
5116
4092
2748
2364
3388
4860
5372
4860
3516
2492
1500
812
924
1756
2236
1180
-748
-2364
-3132
-3132
-2876
-2620
-2748
-3644
-4860
-6140
-6652
-6908
-6908
-6652
-6396
-6396
-6396
-6652
-6908
-7164
-6652
-5884
-4860
-4348
-4348
-4860
-5116
-4604
-3388
-1980
-780
-276
-340
-460
-56
924
1884
2492
2748
3132
3516
3772
3900
3900
4092
4092
4092
4092
4092
3772
2876
1980
1564
1500
1692
1628
1372
780
-180
-1052
-1308
-1244
-1372
-1436
-1756
-2236
-2620
-2620
-2364
-2108
-1884
-1692
-1436
-1244
-1244
-1116
-780
-556
-120
396
780
1052
988
1052
1308
1820
2236
2620
2876
2748
2748
2876
3132
3388
3388
3260
3388
3388
3132
2876
3132
3644
4092
4348
4604
4860
4092
2620
2236
3260
4860
5372
4604
3388
2620
1884
1180
1180
2236
3004
1980
-148
-1820
-2620
-2620
-2364
-1980
-1980
-3004
-4604
-5884
-6140
-6140
-5628
-5372
-5628
-6140
-6396
-6652
-6652
-6396
-6140
-5372
-4604
-4348
-4604
-4860
-4860
-4348
-3132
-1692
-652
-492
-812
-1052
-652
556
1980
3004
3132
2620
2492
2492
2876
3388
4092
4348
3772
3004
2620
2364
2108
1980
1980
2108
1436
428
-244
-620
-684
-588
-492
-684
-1500
-2492
-2876
-2492
-2108
-1820
-1692
-1884
-2236
-2492
-2108
-1436
-924
-620
-460
-428
-372
-340
64
924
1564
1820
2108
1980
1980
2364
2748
3004
3644
3772
3260
2748
2620
3004
3644
3772
3644
3900
4092
3772
3772
4348
5116
4860
3900
3004
3260
4348
5116
4860
4092
3388
2876
2364
1980
2108
2748
2492
716
-1116
-1820
-1692
-1628
-1820
-2236
-3132
-4348
-5372
-5628
-5372
-5372
-5628
-6140
-6396
-6652
-6652
-6396
-6396
-6140
-5884
-5372
-5116
-5116
-5116
-5116
-4348
-3644
-2492
-1756
-1564
-1436
-1052
-396
372
1116
1820
2236
2108
2108
2620
3388
3644
3516
3516
3772
4092
3516
2876
2492
2364
2236
2236
2108
1756
924
-96
-652
-524
-212
-276
-876
-1564
-2108
-2620
-2364
-1820
-1372
-1564
-2108
-2492
-2492
-1980
-1564
-1052
-716
-748
-924
-876
-356
276
812
1244
1692
1820
1628
1820
2236
2748
3132
3388
3388
3132
2748
2620
3004
3516
3772
3772
3772
3772
4092
4348
4860
5116
4604
3516
3004
3516
4860
5116
4604
3516
3004
2620
2236
2236
2492
2748
1884
8
-1308
-1692
-1500
-1436
-1756
-2364
-3516
-4860
-5628
-5628
-5116
-5116
-5628
-6396
-6652
-6652
-6652
-6140
-5884
-5884
-5884
-5628
-5372
-5372
-5372
-5116
-4348
-3260
-2620
-2236
-2236
-1820
-988
-56
652
1052
1436
1692
1884
2364
3132
3772
3644
3260
3004
3260
3644
3644
3388
3132
2748
2108
1692
1820
1628
1244
492
104
0
-396
-844
-1180
-1372
-1564
-1756
-1692
-1692
-1884
-2236
-2236
-1884
-1628
-1500
-1500
-1500
-1308
-1052
-684
-212
132
244
524
924
1244
1564
1820
2108
2492
3004
3132
3132
3004
3132
3132
3260
3516
3772
3900
4092
4348
4860
4860
4860
4604
4092
3772
4092
5116
5628
4860
3772
3004
3260
3132
2876
2876
3004
2620
780
-844
-1436
-1180
-988
-1436
-2108
-3260
-4604
-5628
-5628
-4860
-4604
-5372
-6396
-7420
-7164
-6652
-5884
-5628
-5628
-5884
-6140
-6140
-5884
-5372
-4860
-4348
-3644
-3388
-3004
-2620
-1980
-1180
-32
1052
1244
1052
924
1436
2492
3388
4092
4092
4092
3644
3132
3388
3772
4348
4348
3644
3004
2364
1980
1756
1756
1500
988
356
-428
-924
-1436
-1692
-1756
-1884
-1884
-2492
-2876
-3132
-3260
-2876
-2620
-2364
-2620
-2748
-2748
-2492
-1756
-1372
-988
-684
-428
-16
372
780
1180
1564
1980
2364
2748
2876
2876
2876
3004
3388
3900
4092
4348
4604
4860
5372
5372
5372
5116
4604
4348
4604
5628
6140
5372
4092
3260
3516
3772
3516
3132
2876
2364
988
-356
-924
-748
-588
-1244
-2108
-3132
-4348
-5116
-5372
-4860
-4604
-5116
-6396
-7164
-7420
-6908
-6140
-5628
-5628
-5884
-6140
-6140
-5884
-5116
-4348
-3772
-3388
-3260
-3004
-2620
-1980
-1180
-148
844
1308
1564
1372
1564
2236
3132
3772
3900
3900
3772
3772
3772
3772
4092
4092
3644
3260
2748
2492
1980
1756
1564
1308
684
-180
-588
-924
-1052
-1244
-1564
-1980
-2492
-2876
-2748
-2620
-2620
-2876
-2876
-2876
-2748
-2364
-1980
-1820
-1820
-1692
-1436
-924
-428
-16
308
588
924
1244
1564
1884
2236
2620
3004
3260
3132
3260
3516
4092
4604
5372
5628
5372
4860
4348
4348
4604
5372
6140
5884
4860
3516
3132
3260
3516
3644
3260
2748
1372
-196
-924
-812
-244
-428
-1500
-2876
-4092
-4604
-4860
-4348
-4348
-5116
-6140
-7164
-7164
-6652
-5884
-5628
-5884
-6140
-6140
-5884
-5628
-5116
-4604
-4092
-3644
-3388
-3132
-2620
-1980
-1116
-196
556
1052
1180
1372
1628
2236
3132
3900
4348
4092
3772
3644
3900
4092
4092
4092
4092
3772
3132
2364
1884
1756
1692
1756
1500
844
-428
-1308
-1372
-924
-844
-1564
-2620
-3388
-3644
-3004
-2492
-2364
-2876
-3516
-3644
-3132
-2492
-2108
-1980
-1980
-1884
-1500
-1116
-684
-324
-32
396
844
1180
1372
1500
1628
2108
2876
3260
3388
3644
3900
4604
5372
5884
5884
5116
4348
4604
5628
6396
6396
5884
5116
4348
4092
4092
4604
4604
3900
2876
1372
164
-244
196
372
-260
-1628
-3260
-4092
-4604
-4348
-4092
-4348
-5628
-6908
-7420
-7164
-6396
-5884
-5884
-6396
-6908
-6908
-6140
-5628
-5116
-4604
-4348
-4092
-3772
-3260
-2620
-1628
-652
196
716
716
924
1500
2492
3132
3260
3260
3644
3900
4092
4348
4348
4348
3772
3004
3132
3772
4092
3260
2236
1628
1372
1244
1308
1500
812
-588
-1500
-1500
-1116
-1180
-1756
-2364
-2748
-3132
-3260
-2748
-2492
-2748
-3004
-3004
-2876
-2748
-2492
-2108
-1564
-1372
-1308
-1116
-1052
-780
-428
244
988
1116
988
988
1372
2108
2620
3004
3388
3772
4092
4860
5372
5372
5116
4604
4860
5372
5628
5884
5884
5372
4348
4092
4348
4604
4092
3388
2876
1980
780
24
-72
0
-524
-1628
-2876
-3644
-4092
-4348
-4348
-4604
-5372
-6396
-7164
-6652
-6140
-5628
-5884
-6140
-6652
-6652
-6140
-5628
-4860
-4604
-4348
-4092
-3772
-3260
-2364
-1436
-620
48
428
620
1180
1884
2748
3132
3260
3132
3388
3900
4092
4348
4604
4348
3772
3260
3644
4092
4092
3388
2620
2108
1692
1564
1692
1628
924
-112
-924
-1116
-1052
-1244
-1564
-1980
-2492
-3004
-3260
-3004
-2876
-2748
-2876
-2876
-3132
-3388
-3132
-2492
-1820
-1372
-1244
-1372
-1436
-1052
-260
684
1244
1180
988
988
1500
2364
3004
3132
3132
3132
3260
4348
5372
5628
5628
4604
4092
4348
5116
5884
6396
5628
4604
4092
3772
3772
4092
3772
3388
2364
780
-356
-620
-196
-164
-812
-2236
-3644
-4604
-4860
-4348
-4092
-4860
-5884
-7164
-7420
-6908
-6140
-5884
-5884
-6396
-6908
-6652
-6140
-5372
-4860
-4348
-4092
-3900
-3516
-3004
-2108
-924
112
844
988
844
1052
2108
3516
4348
4092
3772
3644
3900
4348
4604
4860
4860
4092
3260
3388
3772
4092
3388
2748
2236
1564
1052
988
1308
1052
80
-812
-1372
-1564
-1628
-1500
-1436
-1884
-2876
-3388
-3388
-2876
-2620
-2620
-3004
-3260
-3516
-3132
-2236
-1500
-1244
-1436
-1692
-1500
-748
-32
684
1052
876
652
684
1180
1980
2748
3132
3132
3516
4092
4348
4860
4860
4860
4860
4860
5116
5628
6140
5628
4604
4348
4348
4604
4348
3772
3388
2236
988
132
148
292
-196
-1372
-2492
-3260
-3900
-4092
-4092
-4604
-5372
-6396
-6652
-6652
-6396
-6140
-6140
-6140
-6396
-6396
-6140
-5628
-5372
-5116
-4860
-4092
-3772
-3132
-2364
-1500
-588
324
924
1308
1564
1980
2748
3772
4092
4092
3644
3900
4604
4860
4860
4860
4604
3900
3516
3388
3516
3260
2748
2364
2108
1500
780
492
396
64
-460
-1052
-1500
-1820
-2108
-2236
-2108
-2492
-3004
-3388
-3388
-3132
-3004
-3004
-3260
-3388
-3388
-3004
-2364
-1884
-1628
-1628
-1564
-1180
-620
-132
396
844
1052
1052
1180
1628
2236
2620
2876
3004
3260
3772
4348
4860
5116
4860
4604
4348
4604
5372
6140
5884
4860
4092
4092
4092
3900
3644
3388
2876
1500
372
96
132
-72
-1052
-1980
-2748
-3516
-4092
-4092
-4092
-4604
-5628
-6396
-6652
-6396
-6140
-5884
-5884
-5884
-6140
-6140
-5628
-5372
-4860
-4348
-4092
-3772
-3388
-2620
-1756
-812
180
396
460
780
1564
2620
3260
3516
3772
3900
3644
3644
4604
5116
5116
4604
4092
3772
3644
3388
3388
3516
2748
1756
1244
1244
1500
988
396
-88
-780
-1564
-1820
-1500
-1564
-1980
-2492
-2748
-3004
-3260
-3004
-2748
-2620
-2876
-3260
-3260
-2876
-2236
-1820
-1500
-1628
-1820
-1692
-1052
-164
556
780
524
372
556
1180
1980
2492
2748
2748
2748
3260
4092
4604
4348
4348
4604
4860
4860
4860
5372
5372
4604
4092
4092
4348
4092
3388
2748
2492
1692
652
196
212
-88
-1116
-2108
-2748
-3260
-3772
-4092
-4348
-4860
-5372
-6140
-6396
-6140
-5884
-5884
-5884
-5884
-5884
-5884
-5372
-4860
-4604
-4092
-3772
-3260
-2876
-2236
-1116
-396
-72
104
876
1820
2364
2492
2876
3644
3644
3260
3644
4348
4860
4348
4092
4092
3900
3516
3388
3644
3388
2364
1500
1436
1820
1436
812
356
-80
-716
-1116
-988
-988
-1436
-2236
-2492
-2492
-2620
-2748
-2876
-3004
-3004
-3132
-3132
-2876
-2748
-2748
-2492
-2108
-1820
-1692
-1500
-1180
-620
-180
56
308
556
748
1180
1564
1884
1980
2236
2620
3132
3772
4092
4348
4348
4348
4604
4860
5116
4860
5116
5372
5116
4604
3900
4092
4348
3900
3132
2364
1980
1308
652
180
0
-620
-1820
-2620
-3132
-3132
-3516
-4092
-4860
-5372
-5884
-6140
-6140
-5628
-5628
-5884
-6140
-5884
-5884
-5372
-5116
-4604
-4092
-3900
-3644
-3132
-2492
-1564
-1116
-620
-164
292
988
1628
2236
2620
2876
3004
3004
3388
3644
4092
4092
3772
3388
3260
3388
3516
3516
3132
2492
1884
1436
1564
1564
1308
716
16
-356
-588
-620
-812
-1116
-1564
-1980
-2108
-2108
-2108
-2492
-2748
-2748
-2748
-2492
-2492
-2492
-2364
-1980
-1692
-1500
-1308
-1244
-876
-428
8
340
428
524
812
1308
1820
2108
2236
2236
2364
2748
3388
4092
4348
4092
4092
4092
4604
4860
4604
4348
4604
4604
4604
4092
3644
3516
3132
2748
2236
1884
1372
620
-88
-556
-924
-1692
-2364
-2876
-3260
-3644
-4348
-4860
-5116
-5628
-5884
-6140
-5884
-5884
-5884
-5884
-5628
-5628
-5372
-5372
-4860
-4092
-3772
-3388
-2748
-2364
-2108
-1628
-844
164
620
812
1116
1884
2236
2364
2748
3132
3516
3516
3388
3516
3644
3388
3260
3516
3516
3132
2748
2364
2364
2108
1756
1436
1052
652
324
260
24
-396
-924
-1244
-1308
-1372
-1564
-1756
-1980
-2236
-2364
-2364
-2236
-2236
-2364
-2364
-2108
-1820
-1628
-1564
-1372
-1052
-652
-372
-112
228
460
716
924
1308
1692
1980
2108
2364
2748
3004
3516
3900
4092
4092
4092
4348
4604
4604
4604
4604
4604
4604
4348
3772
3516
3388
3132
2620
1980
1372
844
340
-180
-620
-1116
-1884
-2620
-3132
-3516
-3900
-4604
-5116
-5372
-5628
-5884
-6140
-6140
-6140
-5884
-5628
-5628
-5372
-5372
-5116
-4604
-3900
-3260
-3004
-2748
-2492
-1692
-1052
-340
244
652
1180
1628
2108
2492
3004
3260
3260
3388
3644
3772
3644
3516
3516
3516
3388
3004
2748
2620
2364
2236
2108
1820
1308
812
524
460
340
80
-324
-684
-988
-1244
-1436
-1500
-1628
-1980
-2364
-2492
-2492
-2492
-2364
-2236
-2108
-2108
-2108
-1980
-1756
-1436
-1116
-924
-684
-428
-292
0
372
748
1116
1372
1692
1980
2108
2364
2876
3516
3900
3772
3772
4092
4348
4604
4604
4604
4604
4348
4348
4092
3772
3516
3260
2876
2108
1628
1180
1116
684
-164
-876
-1628
-2236
-2620
-2876
-3132
-3772
-4604
-5372
-5372
-5116
-5372
-5628
-5884
-6140
-5884
-5884
-5372
-4860
-4860
-4860
-4348
-4092
-3644
-3132
-2492
-1980
-1500
-1116
-556
104
620
876
1372
1980
2364
2492
2748
3260
3388
3260
3260
3260
3388
3388
3644
3644
3388
2876
2492
2492
2492
2492
2236
1820
1308
924
684
652
556
180
-260
-780
-1116
-1116
-1180
-1308
-1500
-1884
-2108
-2108
-1980
-1820
-1756
-1884
-1980
-1884
-1756
-1500
-1308
-988
-844
-716
-524
-164
292
620
844
1052
1244
1500
1820
2108
2492
3004
3260
3516
3388
3516
4092
4348
4604
4604
4604
4348
3900
3900
4092
4092
3644
3132
2748
1980
1308
1052
988
588
-276
-1116
-1820
-2236
-2620
-2876
-3132
-3900
-4860
-5372
-5372
-5372
-5372
-5884
-6140
-6396
-6396
-6140
-5628
-5372
-5116
-5116
-4860
-4348
-3644
-3132
-3004
-2620
-2108
-1308
-588
-104
460
876
1244
1436
1820
2364
2748
3132
3260
3388
3388
3132
3260
3516
3772
3516
3260
3004
2876
2748
2748
2748
2492
1884
1372
1180
1244
1180
780
212
-260
-684
-812
-780
-844
-1116
-1500
-1820
-1980
-1980
-1980
-1980
-1980
-1980
-1980
-1980
-1884
-1692
-1372
-1180
-1052
-844
-588
-276
72
428
748
1052
1308
1628
1980
2364
2620
3132
3516
3644
3772
4092
4348
4860
4860
5116
5116
4860
4860
4860
4604
4348
4092
3516
3004
2364
1820
1500
1308
780
-72
-988
-1628
-1980
-2236
-2620
-3260
-4092
-5116
-5372
-5372
-5372
-5372
-5884
-6140
-6396
-6140
-5884
-5628
-5372
-5628
-5372
-5116
-4348
-3644
-3388
-3004
-2364
-1820
-1372
-876
-324
212
652
1052
1500
1884
2236
2492
2876
3132
3004
3004
3132
3388
3388
3260
3132
2876
2492
2364
2492
2620
2364
1884
1436
1116
924
748
556
276
24
-260
-588
-748
-876
-1116
-1436
-1628
-1756
-1884
-1980
-1980
-1980
-1980
-1980
-1884
-1820
-1628
-1436
-1244
-1052
-876
-684
-372
-88
180
428
588
844
1244
1692
2108
2364
2748
3132
3388
3516
3772
4092
4604
4604
4604
4604
4604
4604
4348
4348
4348
4092
3644
3004
2620
2236
1884
1564
1116
428
-556
-1436
-1884
-1980
-2364
-2876
-3644
-4604
-4860
-5116
-5116
-5116
-5628
-6140
-6140
-6140
-5628
-5372
-5372
-5372
-5116
-4604
-4092
-3772
-3516
-3260
-2876
-2236
-1628
-988
-492
-32
396
844
1372
1692
1980
2364
2748
2876
2876
2876
3004
3132
3132
3132
3260
3132
2876
2876
2748
2620
2492
2364
2108
1820
1564
1244
1052
876
716
524
276
40
-212
-428
-588
-684
-876
-1052
-1244
-1372
-1500
-1628
-1628
-1564
-1564
-1500
-1500
-1436
-1372
-1308
-1052
-620
-340
-276
-164
72
428
844
1244
1564
1820
2108
2364
2620
3004
3132
3516
3900
4092
4092
4092
4092
4092
4092
3900
3772
3772
3388
2876
2364
1980
1692
1372
812
132
-588
-1372
-1884
-2108
-2492
-3004
-3772
-4348
-4860
-4860
-4860
-5116
-5628
-6140
-6140
-5884
-5628
-5372
-5372
-5372
-5116
-4604
-4348
-4092
-3516
-3004
-2748
-2236
-1884
-1308
-924
-460
112
684
1180
1500
1820
2108
2236
2492
2748
2876
3004
3132
3004
3004
3132
3132
3004
2876
2748
2620
2492
2364
2236
2108
1756
1500
1372
1244
1116
1052
876
556
244
32
-104
-148
-244
-492
-620
-748
-924
-1052
-1052
-988
-988
-1052
-1180
-1180
-1180
-924
-716
-556
-460
-396
-276
-32
324
748
1052
1180
1244
1564
1980
2236
2492
2620
3132
3644
3772
3644
3644
3900
4092
3900
3644
3644
3516
3132
2620
2236
2108
1980
1628
924
164
-492
-1116
-1436
-1564
-1884
-2620
-3516
-4092
-4092
-4092
-4348
-4860
-5116
-5628
-5884
-5884
-5372
-5116
-5372
-5372
-5116
-4860
-4348
-4092
-3644
-3388
-3132
-2748
-2236
-1756
-1308
-924
-460
-40
112
260
620
1116
1692
1980
2108
2108
2108
2364
2620
3004
3004
2876
2620
2492
2492
2620
2620
2492
2364
2108
2108
1980
1820
1692
1436
1308
1180
1052
924
780
588
324
148
40
-80
-228
-396
-556
-684
-812
-876
-924
-988
-1052
-1052
-988
-876
-748
-652
-460
-196
-24
164
396
588
844
1180
1500
1692
1756
2108
2620
3132
3260
3260
3132
3260
3388
3516
3644
3644
3516
3132
2620
2364
2364
2364
2108
1436
844
308
-132
-460
-780
-1180
-1820
-2492
-3004
-3260
-3516
-3900
-4348
-4604
-4860
-5116
-5116
-4860
-5116
-5116
-5372
-5116
-4860
-4604
-4348
-4092
-3900
-3644
-3260
-2748
-2236
-1980
-1692
-1308
-876
-460
-80
244
556
780
988
1308
1628
1980
2236
2492
2492
2364
2492
2620
2748
3004
2876
2748
2620
2492
2364
2620
2620
2492
2236
1980
1692
1628
1628
1500
1372
1052
780
588
428
292
164
16
-148
-428
-620
-588
-620
-652
-748
-924
-1052
-988
-844
-556
-308
-324
-356
-324
-104
196
460
780
924
1052
1308
1756
1980
1980
1980
2364
2620
2620
2620
2620
2748
2620
2492
2364
2236
2108
1692
1180
844
588
164
-180
-396
-716
-1308
-1884
-2236
-2364
-2620
-3004
-3516
-3772
-4092
-4092
-4092
-4348
-4348
-4604
-4604
-4348
-4348
-4092
-4092
-3900
-3772
-3644
-3388
-2876
-2492
-2236
-1884
-1564
-1180
-812
-524
-132
292
524
684
924
1180
1500
1756
1980
2108
2236
2236
2364
2620
2748
2876
2748
2748
2748
2620
2620
2620
2620
2620
2492
2364
2108
1980
1820
1628
1500
1436
1372
1180
924
716
492
324
180
104
-16
-164
-356
-460
-492
-524
-524
-492
-524
-492
-492
-492
-492
-492
-340
-48
180
308
324
372
652
1052
1244
1244
1244
1308
1500
1628
1692
1820
1980
1756
1564
1500
1500
1500
1308
924
588
244
-40
-180
-292
-524
-988
-1500
-1884
-2108
-2236
-2492
-2748
-3004
-3388
-3516
-3516
-3388
-3516
-3644
-3772
-3772
-3644
-3644
-3516
-3388
-3260
-3132
-3004
-2748
-2492
-2108
-1820
-1436
-1180
-924
-748
-524
-212
88
324
492
684
924
1052
1244
1308
1436
1564
1692
1820
1980
1980
1884
1884
1980
2108
2364
2364
2236
2236
2236
2236
2236
2236
2108
1980
1820
1628
1564
1500
1372
1244
1116
988
844
652
588
492
372
244
96
80
-48
-72
-32
-16
-56
-148
-196
-132
32
212
324
396
524
620
716
876
988
1052
1180
1308
1436
1500
1436
1372
1372
1308
1308
1244
1116
988
812
620
428
196
-56
-324
-588
-844
-1052
-1372
-1692
-1820
-1980
-2364
-2620
-2748
-2876
-2876
-3004
-3132
-3260
-3388
-3260
-3260
-3132
-3004
-3004
-3004
-2876
-2748
-2492
-2236
-2108
-1884
-1756
-1628
-1500
-1244
-924
-652
-460
-308
-132
8
164
356
556
780
924
924
1052
1116
1180
1308
1436
1500
1564
1756
1820
1820
1756
1820
1884
1884
1980
1980
1980
1980
1980
1884
1884
1884
1820
1692
1628
1500
1372
1180
988
844
748
652
556
556
428
276
196
80
-24
-16
24
96
72
32
0
8
56
148
308
428
356
308
396
460
588
652
748
780
812
716
620
556
524
460
372
308
196
40
-164
-260
-372
-524
-652
-780
-924
-1116
-1308
-1500
-1628
-1820
-1980
-2108
-2236
-2364
-2364
-2236
-2236
-2236
-2364
-2492
-2492
-2364
-2236
-2108
-1980
-1884
-1884
-1820
-1628
-1308
-1116
-924
-748
-652
-652
-556
-396
-212
-64
64
212
340
492
556
652
812
924
988
1052
1180
1308
1436
1500
1500
1500
1500
1564
1628
1756
1756
1756
1692
1692
1692
1756
1820
1756
1628
1564
1436
1436
1308
1244
1180
1052
924
844
812
652
492
396
324
292
244
244
164
16
-72
-148
-120
-32
-16
-32
-88
-96
-96
0
104
148
212
276
292
308
276
244
340
428
460
356
228
164
104
96
120
64
-148
-396
-524
-524
-588
-652
-844
-1116
-1244
-1308
-1372
-1436
-1564
-1820
-1980
-2108
-2108
-2108
-2108
-2108
-2236
-2236
-2236
-2236
-2108
-1980
-1980
-1884
-1820
-1756
-1628
-1500
-1308
-1116
-988
-876
-812
-684
-492
-260
-104
-24
32
40
196
428
716
924
988
988
1052
1180
1308
1500
1628
1692
1692
1628
1692
1820
1820
1884
1884
1884
1884
1980
1884
1820
1756
1756
1692
1628
1500
1436
1308
1116
1052
924
876
812
684
652
524
428
308
180
180
120
0
-132
-180
-164
-80
0
0
24
0
-32
8
96
132
132
148
212
260
308
292
324
356
324
244
132
56
0
-24
-40
-120
-276
-492
-652
-716
-748
-812
-924
-1052
-1244
-1372
-1436
-1436
-1436
-1500
-1628
-1756
-1884
-1980
-1980
-1884
-1820
-1820
-1884
-1884
-1884
-1692
-1564
-1500
-1500
-1500
-1500
-1436
-1244
-988
-844
-748
-716
-620
-460
-292
-96
96
180
228
308
396
460
556
748
924
1116
1180
1180
1244
1308
1372
1500
1628
1628
1564
1564
1564
1628
1628
1628
1500
1436
1372
1372
1308
1180
1116
1052
924
844
716
652
556
460
428
356
260
164
164
120
72
8
-72
-112
-88
-24
48
164
148
40
24
80
180
244
340
396
324
324
356
428
460
460
428
460
460
428
340
228
112
40
0
-64
-196
-340
-492
-620
-716
-748
-780
-924
-1052
-1180
-1244
-1308
-1308
-1372
-1436
-1564
-1564
-1500
-1436
-1372
-1372
-1436
-1436
-1436
-1372
-1308
-1244
-1116
-1052
-988
-924
-924
-780
-652
-556
-428
-356
-324
-244
-148
-16
180
244
308
396
524
620
716
812
812
780
780
812
876
924
988
1052
1052
1116
1052
1052
1052
988
924
988
988
876
812
748
716
716
716
620
524
372
292
292
292
260
148
80
16
-48
-72
-56
-40
-112
-180
-196
-164
-104
-148
-88
-48
16
40
88
212
276
324
372
428
460
492
492
620
684
684
652
652
652
588
524
460
396
276
196
96
8
-88
-228
-308
-428
-492
-524
-620
-780
-924
-1052
-1116
-1052
-1052
-1116
-1180
-1244
-1308
-1244
-1180
-1116
-1052
-1052
-1052
-988
-924
-812
-684
-684
-620
-556
-588
-588
-524
-428
-340
-260
-212
-132
-24
0
40
112
148
196
228
244
356
428
428
428
428
460
492
524
492
524
556
588
620
652
620
556
524
524
588
620
588
460
428
324
308
324
244
148
56
-24
-56
8
32
32
-8
-80
-196
-228
-148
-80
-8
-8
-16
-64
-48
88
260
372
460
460
460
524
652
716
748
812
844
812
748
748
780
924
988
924
812
684
588
492
428
340
244
132
-32
-148
-244
-372
-524
-652
-716
-844
-988
-1052
-1052
-1116
-1180
-1116
-1116
-1244
-1180
-1180
-1116
-1052
-988
-1052
-1052
-924
-876
-812
-780
-748
-652
-588
-492
-396
-324
-292
-276
-196
-132
-16
24
64
148
260
324
356
396
396
372
340
396
492
524
524
588
588
620
652
684
652
652
588
524
524
620
588
492
428
356
292
228
180
132
148
148
88
8
-32
-72
-132
-212
-260
-372
-460
-524
-492
-492
-492
-428
-460
-428
-340
-260
-180
-148
-132
-40
56
164
228
292
372
428
524
652
748
748
780
812
812
844
876
876
812
780
716
620
556
460
324
244
148
48
-8
-132
-196
-292
-372
-460
-556
-620
-620
-652
-652
-684
-716
-812
-780
-716
-684
-652
-652
-684
-748
-684
-556
-492
-460
-396
-372
-356
-356
-292
-196
-132
-112
-80
-56
0
72
96
164
276
340
356
292
244
212
276
324
372
396
396
356
372
396
460
460
460
460
428
396
324
212
196
164
112
112
64
-24
-112
-164
-196
-228
-276
-356
-492
-556
-588
-588
-588
-652
-652
-652
-684
-652
-588
-556
-556
-588
-556
-460
-324
-212
-148
-96
-56
16
120
244
308
396
460
524
620
684
780
924
988
988
988
924
876
844
876
844
748
652
588
460
372
308
276
228
148
32
-56
-148
-244
-276
-308
-324
-340
-396
-460
-492
-524
-524
-524
-524
-556
-524
-492
-492
-492
-428
-396
-292
-212
-180
-164
-132
-164
-88
48
72
56
48
88
196
276
276
276
244
212
260
308
372
428
396
372
460
492
492
492
460
460
428
372
372
308
260
228
196
164
48
-104
-196
-196
-228
-260
-324
-428
-556
-620
-620
-556
-556
-620
-748
-812
-812
-812
-780
-716
-748
-812
-812
-748
-620
-524
-460
-428
-308
-212
-72
40
132
196
228
308
340
428
460
492
556
652
716
748
716
652
588
492
460
492
428
308
228
148
64
32
40
32
-16
-104
-148
-180
-212
-228
-212
-244
-276
-276
-340
-396
-396
-396
-340
-292
-260
-196
-212
-228
-180
-80
32
64
48
40
56
132
212
292
292
260
292
372
492
588
588
524
428
396
428
460
524
556
524
460
492
492
492
460
428
428
356
324
276
180
112
40
24
24
-88
-228
-292
-308
-340
-396
-372
-428
-524
-588
-620
-620
-620
-652
-684
-716
-780
-780
-748
-684
-684
-620
-524
-460
-428
-356
-276
-196
-164
-64
0
64
132
244
372
492
524
556
556
556
588
620
652
652
588
524
428
460
428
340
292
228
212
180
132
64
-16
-132
-228
-260
-276
-276
-324
-372
-396
-396
-428
-428
-372
-396
-396
-396
-396
-372
-372
-356
-260
-212
-180
-132
-104
-56
-16
-8
24
24
32
88
148
212
244
260
244
260
324
396
460
460
396
308
276
276
340
356
396
396
340
276
260
228
244
244
164
56
0
-16
-56
-72
-104
-196
-324
-396
-428
-428
-428
-460
-492
-556
-620
-620
-556
-492
-524
-588
-588
-620
-588
-460
-428
-372
-324
-292
-180
-40
32
132
228
292
372
428
492
524
556
556
588
620
620
588
588
620
620
620
588
588
556
460
460
396
308
260
180
112
56
-16
-64
-80
-80
-132
-180
-196
-276
-308
-324
-308
-244
-196
-196
-276
-356
-396
-340
-308
-244
-228
-292
-292
-244
-228
-132
-16
40
32
16
-8
32
48
48
120
120
148
196
212
228
260
244
292
340
356
340
308
276
244
228
228
212
212
228
196
132
96
48
8
-24
-104
-132
-228
-260
-276
-340
-372
-428
-460
-524
-556
-588
-652
-684
-684
-652
-652
-652
-652
-620
-620
-588
-556
-556
-492
-428
-340
-244
-148
-120
-96
-24
56
148
308
428
460
492
588
620
652
748
780
780
748
748
684
620
588
556
492
460
396
356
276
260
276
228
180
88
24
-24
-120
-164
-180
-228
-308
-340
-292
-292
-276
-244
-244
-276
-292
-308
-308
-308
-292
-308
-260
-228
-228
-196
-96
-16
16
72
96
72
72
88
148
180
180
196
212
180
180
228
276
356
396
396
396
396
396
396
428
460
492
460
396
356
324
340
292
228
148
72
48
-8
-80
-112
-228
-324
-396
-460
-492
-492
-524
-556
-620
-716
-748
-780
-780
-716
-716
-716
-716
-716
-684
-588
-492
-428
-396
-356
-324
-308
-180
-72
0
72
120
196
308
396
428
492
556
556
588
588
556
556
556
524
556
556
524
492
460
428
396
324
244
164
112
48
-8
-64
-112
-132
-196
-228
-276
-308
-324
-340
-324
-324
-396
-428
-396
-372
-340
-356
-340
-340
-340
-276
-244
-212
-196
-196
-164
-104
-16
8
32
56
64
104
180
212
244
228
244
292
356
396
396
428
460
460
460
492
492
492
460
460
492
460
396
356
260
196
180
164
120
48
-24
-132
-228
-276
-308
-396
-396
-428
-460
-428
-492
-588
-620
-588
-556
-492
-428
-428
-460
-492
-396
-308
-244
-180
-148
-112
-40
56
164
244
292
340
396
460
524
556
524
524
588
620
652
652
652
588
556
588
524
524
428
308
244
196
120
48
-40
-164
-260
-324
-372
-396
-428
-428
-428
-460
-524
-588
-652
-684
-716
-748
-780
-780
-780
-748
-684
-620
-620
-588
-524
-460
-396
-372
-340
-308
-276
-180
-112
-48
24
80
120
196
260
308
340
428
492
524
556
556
588
652
652
716
748
748
716
684
620
588
556
492
428
372
276
164
120
88
48
0
-72
-148
-212
-324
-340
-308
-356
-428
-492
-524
-524
-492
-428
-428
-460
-460
-460
-428
-396
-340
-244
-196
-164
-120
-88
-56
8
104
212
276
324
356
396
428
492
556
588
620
620
620
620
620
556
556
524
460
372
308
292
244
212
148
104
56
0
-72
-148
-212
-276
-340
-396
-428
-428
-460
-492
-524
-556
-588
-588
-556
-556
-588
-588
-588
-556
-492
-428
-428
-340
-276
-212
-132
-80
-56
-48
-40
-24
48
148
260
276
324
356
396
428
460
492
492
524
524
556
524
492
492
492
460
428
396
340
276
212
148
104
24
-112
-212
-276
-324
-396
-428
-492
-556
-588
-620
-620
-652
-716
-748
-748
-716
-652
-620
-620
-652
-652
-620
-524
-428
-308
-180
-132
-112
-64
8
88
180
308
396
492
556
588
620
684
780
844
876
812
748
748
748
716
716
652
620
556
492
460
428
396
356
260
148
72
16
-16
-72
-148
-212
-276
-340
-396
-460
-492
-556
-588
-620
-620
-652
-684
-684
-652
-620
-620
-588
-524
-492
-460
-396
-340
-260
-164
-120
-120
-56
-8
64
164
260
356
428
428
460
556
588
652
716
748
780
780
748
780
748
716
716
620
588
588
556
492
428
308
244
212
132
40
-72
-164
-228
-308
-372
-396
-428
-524
-620
-684
-684
-716
-812
-812
-780
-780
-748
-716
-748
-748
-716
-620
-524
-460
-428
-428
-396
-308
-196
-104
-32
48
48
96
164
212
276
324
324
372
428
428
460
428
396
396
396
396
372
340
276
228
196
164
112
96
88
8
-24
-48
-88
-132
-148
-164
-212
-276
-308
-324
-372
-372
-396
-428
-428
-428
-428
-372
-324
-292
-244
-180
-148
-120
-16
32
80
132
164
244
276
308
372
460
460
524
588
620
652
716
812
780
780
780
780
780
748
716
652
588
524
524
460
396
356
260
148
48
0
-64
-132
-212
-276
-340
-428
-492
-524
-588
-652
-716
-780
-844
-844
-844
-924
-924
-924
-876
-844
-748
-684
-652
-588
-556
-460
-428
-372
-292
-228
-132
-32
40
132
228
292
372
460
524
556
588
588
588
556
556
556
556
556
524
460
372
372
324
276
244
148
88
56
-16
-104
-164
-212
-260
-324
-356
-428
-556
-652
-684
-716
-652
-652
-684
-716
-716
-684
-652
-588
-588
-524
-428
-356
-292
-244
-212
-212
-148
-64
40
164
260
340
396
460
524
588
684
748
812
924
924
924
924
988
988
988
924
924
876
844
812
716
652
588
524
492
460
396
276
148
24
-32
-88
-148
-212
-276
-372
-428
-492
-524
-556
-652
-620
-620
-620
-620
-652
-716
-716
-652
-620
-556
-492
-460
-428
-372
-340
-228
-212
-196
-148
-120
-48
0
56
104
132
212
276
276
276
292
244
244
260
228
228
212
196
196
196
196
180
112
72
48
0
-32
-88
-132
-180
-228
-292
-324
-356
-396
-396
-428
-396
-396
-396
-428
-428
-492
-460
-356
-276
-212
-164
-132
-132
-96
-64
-24
32
96
148
212
228
292
372
428
492
460
524
556
588
620
620
652
652
716
684
684
684
652
588
524
492
428
428
396
324
260
196
164
104
104
56
-24
-120
-228
-340
-372
-460
-492
-524
-588
-620
-652
-652
-652
-652
-684
-684
-716
-748
-748
-748
-716
-684
-620
-556
-492
-428
-356
-276
-228
-164
-72
-24
32
88
132
196
260
292
356
396
396
396
372
356
356
396
396
396
340
260
212
228
244
196
164
120
32
-32
-80
-64
-96
-148
-196
-244
-276
-292
-324
-340
-340
-372
-396
-396
-396
-372
-340
-308
-244
-196
-120
-72
0
24
48
104
148
196
244
276
356
396
460
524
556
588
620
684
684
748
780
780
812
844
812
812
812
780
748
684
652
620
588
524
460
396
308
228
196
120
64
-24
-96
-164
-260
-308
-324
-396
-492
-588
-684
-748
-812
-812
-844
-812
-812
-812
-812
-780
-780
-748
-684
-652
-588
-620
-588
-524
-492
-428
-372
-308
-260
-212
-164
-96
-56
-24
-16
-8
32
72
112
132
132
112
96
88
64
40
40
8
-32
-72
-72
-104
-132
-112
-132
-164
-180
-196
-228
-228
-244
-276
-324
-340
-324
-308
-276
-260
-228
-228
-212
-164
-120
-72
-16
0
40
96
132
180
228
276
292
308
396
396
460
588
620
652
652
684
716
748
780
780
780
748
748
780
780
748
748
748
684
652
620
588
556
524
492
460
460
396
324
292
196
132
32
-40
-104
-132
-180
-228
-292
-372
-428
-460
-460
-460
-428
-460
-460
-492
-492
-492
-428
-396
-396
-372
-356
-340
-324
-292
-244
-196
-164
-132
-96
-96
-72
-56
-40
-48
-80
-72
-80
-96
-64
-32
-64
-104
-120
-164
-196
-164
-180
-212
-260
-340
-396
-396
-396
-428
-428
-428
-492
-524
-492
-460
-460
-492
-492
-524
-492
-460
-428
-428
-396
-396
-372
-324
-292
-196
-132
-96
-24
0
16
72
132
212
260
324
372
396
428
460
492
492
556
556
556
556
556
588
620
684
684
652
652
684
652
684
652
620
556
524
492
460
428
372
340
308
244
180
120
64
16
-8
-24
-56
-132
-196
-244
-308
-324
-324
-340
-340
-324
-324
-340
-340
-356
-356
-292
-292
-276
-260
-196
-212
-212
-148
-112
-96
-56
-32
-64
-80
-80
-40
-16
0
0
0
-8
-8
-8
-8
-8
-32
-24
-24
-40
-64
-72
-72
-48
-24
-56
-72
-88
-104
-132
-148
-132
-164
-164
-132
-88
-88
-80
-64
-48
-24
-8
32
40
32
0
-8
8
24
64
96
132
180
196
196
212
244
292
324
292
292
292
260
276
292
340
356
324
308
292
276
244
228
228
212
196
196
164
132
72
32
48
0
0
-32
-96
-132
-132
-164
-196
-196
-244
-276
-292
-292
-324
-324
-324
-356
-372
-396
-428
-428
-460
-428
-460
-460
-428
-428
-396
-372
-340
-324
-276
-276
-260
-244
-244
-228
-164
-132
-148
-132
-104
-96
-88
-24
16
72
80
72
56
80
72
88
120
88
80
48
64
72
64
56
32
24
48
64
64
24
-8
-24
-16
24
72
88
56
8
0
-16
8
72
120
132
132
148
164
180
228
292
324
340
324
308
308
308
356
396
396
356
356
396
396
428
460
460
460
428
428
428
428
428
396
396
396
396
428
428
428
396
356
340
324
324
308
244
148
64
-16
-48
-32
-32
-40
-80
-132
-196
-244
-292
-292
-340
-372
-396
-428
-460
-492
-556
-524
-524
-524
-524
-556
-556
-556
-556
-556
-556
-524
-492
-460
-428
-428
-428
-396
-396
-396
-396
-396
-372
-372
-340
-276
-260
-260
-260
-276
-276
-260
-212
-180
-180
-164
-164
-164
-148
-120
-64
-64
-88
-56
-80
-96
-104
-88
-56
-24
8
16
64
88
64
96
96
104
148
196
180
212
228
260
292
308
340
340
340
340
340
356
372
396
428
428
428
396
396
396
396
428
428
428
396
396
396
428
460
460
428
396
372
356
356
324
292
260
212
212
212
180
148
120
80
56
16
8
0
-16
-24
-40
-64
-72
-96
-148
-180
-196
-212
-244
-260
-260
-244
-244
-228
-228
-212
-180
-196
-180
-164
-164
-148
-132
-120
-96
-96
-96
-72
-64
-40
-32
-32
-32
-24
-48
-72
-80
-64
-72
-56
-72
-112
-132
-148
-164
-148
-112
-120
-120
-148
-196
-212
-228
-244
-228
-228
-212
-212
-228
-244
-212
-180
-180
-164
-148
-148
-148
-148
-148
-132
-120
-132
-112
-88
-64
-72
-48
-24
0
0
0
8
16
56
56
80
80
48
48
64
80
104
96
112
120
104
120
120
112
120
132
164
180
148
132
104
80
72
64
96
96
72
48
48
40
40
32
24
16
0
0
0
-24
-24
-8
-24
-8
24
32
48
72
32
24
32
40
56
64
56
56
56
48
56
48
56
72
88
88
96
96
112
164
148
112
72
40
16
24
72
88
72
48
8
0
0
16
48
72
80
88
48
0
0
0
-16
-32
-40
-72
-88
-96
-88
-64
-40
-24
0
0
0
8
8
16
32
48
64
48
40
40
16
8
32
48
24
48
48
48
64
48
24
16
32
24
24
24
16
-16
0
16
8
16
0
-40
-72
-64
-80
-56
-56
-56
-96
-112
-132
-148
-132
-148
-164
-180
-212
-244
-260
-276
-260
-212
-196
-212
-228
-196
-212
-196
-164
-132
-120
-132
-112
-112
-112
-96
-80
-80
-88
-64
-40
-24
8
16
16
24
8
0
8
16
48
72
104
96
96
48
16
16
32
32
24
72
56
56
96
148
132
112
104
112
80
88
88
88
96
104
120
120
132
132
132
120
104
112
104
80
88
80
112
148
148
148
164
164
164
180
164
148
132
132
132
132
148
180
164
164
180
180
180
180
196
180
148
132
132
148
164
180
180
132
64
16
-16
-32
-64
-80
-104
-148
-180
-180
-180
-180
-164
-148
-180
-212
-228
-228
-212
-212
-196
-164
-180
-196
-212
-228
-212
-196
-212
-180
-180
-196
-180
-148
-148
-132
-80
-72
-56
-32
-16
-40
-40
-64
-72
-96
-112
-88
-96
-96
-64
-56
-72
-72
-72
-72
-72
-80
-96
-112
-112
-148
-148
-132
-120
-96
-112
-120
-120
-120
-112
-88
-56
-48
-72
-80
-88
-80
-40
-24
16
16
8
16
24
56
64
96
148
148
132
164
164
180
180
180
212
212
212
228
244
244
244
228
228
196
180
196
196
196
180
196
212
212
212
212
196
164
164
120
72
64
0
-16
-16
-24
-32
-48
-24
-16
-8
-8
-56
-72
-88
-88
-80
-72
-72
-72
-72
-56
-8
-16
-24
-16
-40
-24
-8
16
0
8
24
0
8
40
64
40
48
88
80
64
88
72
40
24
16
24
8
0
-24
-64
-72
-80
-80
-72
-80
-64
-56
-80
-104
-148
-164
-164
-196
-196
-212
-260
-260
-244
-244
-228
-196
-196
-212
-196
