SAMPLES:	8711
BITSPERSAMPLE:	16
CHANNELS:	1
SAMPLERATE:	16000
NORMALIZED:	FALSE
0
8
0
0
8
0
0
0
0
8
8
8
0
0
0
0
0
0
8
8
8
8
8
8
8
8
8
8
0
0
0
0
0
0
0
0
0
0
0
-8
0
0
0
0
0
0
0
-8
-8
-16
-8
-8
-16
-16
-16
-16
-16
-16
-24
-16
-16
-16
-24
-24
-24
-24
-16
-16
-24
-24
-24
-24
-24
-24
-24
-24
-24
-32
-32
-32
-32
-32
-24
-24
-24
-24
-16
-24
-24
-24
-24
-24
-24
-24
-24
-24
-24
-24
-16
-16
-8
-8
0
0
0
0
0
0
0
0
0
0
8
8
8
16
16
16
24
24
24
32
32
40
40
40
40
40
32
40
40
40
40
48
48
48
48
48
48
48
48
48
56
56
48
48
48
40
40
40
40
40
40
40
40
32
32
32
32
24
24
24
16
16
16
16
16
16
16
8
8
0
0
0
0
0
0
-8
-16
-8
-16
-8
-8
-8
-16
-16
-16
-24
-24
-24
-24
-24
-24
-32
-32
-32
-32
-32
-32
-32
-24
-24
-24
-24
-24
-24
-24
-24
-24
-32
-32
-32
-32
-32
-32
-32
-40
-32
-32
-32
-32
-32
-24
-24
-32
-32
-32
-32
-32
-32
-32
-32
-32
-32
-24
-24
-24
-24
-24
-24
-16
-16
-16
-16
-8
-16
-8
-8
-8
-8
-8
-8
-8
0
0
0
8
8
8
8
0
8
0
8
8
8
8
8
8
16
16
16
16
16
16
16
24
16
16
16
16
16
16
16
16
16
16
16
8
8
8
8
16
16
16
16
16
16
16
16
8
16
8
16
16
16
16
16
16
8
16
16
16
16
16
24
24
24
16
16
16
16
16
16
16
16
16
16
16
16
16
16
16
16
16
16
16
24
16
16
16
16
16
16
16
16
16
8
8
8
8
8
8
8
0
0
0
0
0
0
0
0
-8
0
-8
-8
-8
-16
-16
-16
-16
-8
-8
-16
-16
-16
-16
-24
-24
-24
-24
-24
-24
-24
-24
-24
-32
-32
-24
-24
-24
-24
-24
-32
-32
-32
-32
-32
-32
-40
-32
-32
-32
-24
-24
-24
-24
-24
-24
-32
-24
-24
-32
-24
-32
-32
-24
-24
-24
-24
-24
-24
-16
-24
-24
-24
-24
-32
-24
-24
-24
-24
-16
-16
-16
-8
-8
0
0
0
0
0
0
0
0
0
0
0
8
8
16
16
16
16
16
24
24
32
32
32
32
40
40
40
40
40
48
48
48
48
48
48
48
48
48
48
48
48
48
48
48
48
56
56
48
48
48
48
40
40
40
40
32
32
32
32
24
24
24
24
24
24
24
16
16
8
8
8
8
8
0
0
0
0
-8
-16
-16
-8
-8
-8
-8
-16
-16
-24
-24
-24
-32
-24
-32
-24
-24
-24
-32
-32
-24
-32
-32
-32
-32
-32
-32
-32
-32
-32
-32
-32
-32
-40
-40
-40
-40
-40
-40
-40
-40
-32
-32
-32
-32
-32
-32
-32
-32
-32
-32
-32
-32
-32
-40
-32
-32
-32
-24
-24
-24
-16
-16
-24
-16
-16
-16
-8
-8
-8
0
0
0
0
0
0
0
0
8
8
8
16
16
16
16
16
16
24
24
32
32
32
32
32
32
32
24
32
40
40
32
32
32
32
32
32
32
32
32
32
40
40
32
32
32
32
24
24
24
16
16
16
8
8
8
0
0
0
0
0
0
0
0
0
0
-8
-8
-16
-8
-8
-8
-16
-16
-16
-24
-16
-24
-24
-16
-16
-8
-8
0
0
0
0
0
0
0
0
0
0
0
0
-8
0
-8
0
0
0
8
8
0
0
8
0
-8
-8
-8
0
0
0
0
0
-8
0
0
0
0
8
8
0
0
0
-8
-8
0
-8
0
0
0
0
0
0
0
0
0
0
8
16
16
24
16
0
8
16
8
16
16
8
16
8
0
8
0
0
0
8
16
0
8
16
0
0
0
-8
-8
-16
-8
0
-8
-8
-16
-8
-8
-8
-8
-16
-24
-24
-32
-32
-32
-24
-24
-24
-24
-24
-32
-32
-32
-32
-24
-32
-32
-24
-24
-32
-24
-24
-16
-8
-8
-16
-24
-16
-16
-8
0
0
0
0
-8
0
0
8
16
8
16
24
24
16
16
24
16
16
16
16
8
0
0
8
24
32
32
32
32
32
32
32
32
24
16
16
16
32
24
32
32
32
40
32
32
32
40
32
32
32
16
16
16
0
0
8
8
16
16
16
16
8
8
8
8
8
8
8
0
8
0
0
0
0
0
0
0
-24
-32
-40
-40
-32
-8
8
16
8
0
-32
-48
-72
-64
-48
-24
-16
-8
-16
-24
-32
-32
-48
-40
-40
-48
-32
-32
-16
0
8
0
0
-16
-24
-56
-32
32
-8
-112
-180
-212
-120
-96
-148
-32
56
-16
-132
-104
-88
-64
40
24
80
96
-24
0
24
8
64
24
16
32
-96
-324
-292
460
748
588
428
64
80
-48
-276
-164
212
492
244
-164
-356
-396
-148
-40
244
396
80
32
0
-48
8
-72
-8
24
8
64
24
-24
-244
-292
-244
-212
8
56
40
120
56
80
112
40
0
-48
72
120
32
16
-88
-88
-24
16
164
148
132
260
292
148
56
-8
-80
-132
16
132
72
48
-148
-164
-120
-72
96
164
0
16
-24
-96
-72
-164
-104
-104
0
0
-56
-40
-196
-196
-148
-88
0
16
16
-32
-56
-64
-72
-24
-16
-88
-16
8
-56
-56
-72
-164
-180
-32
72
164
132
88
16
-24
-148
-80
8
48
88
64
260
132
-40
-164
-148
-72
-212
32
180
-8
0
-164
-260
-56
40
196
180
164
-40
-260
-148
-292
-196
-8
0
132
164
164
120
-40
-104
-64
64
132
-8
164
132
0
96
148
132
-24
-8
148
112
24
-56
-148
-56
-132
72
228
228
228
-16
0
104
-40
-112
-40
-104
-180
-8
244
96
120
148
0
164
164
88
32
-80
-212
-212
-32
-96
-132
148
-16
-56
132
-48
-132
-24
-64
-16
72
56
-132
16
48
-148
180
308
212
120
16
112
180
72
112
132
80
-96
-16
64
164
96
-56
32
72
-40
-96
56
-112
-132
-80
-104
8
-64
-80
24
8
0
80
24
-180
-372
-244
0
-40
-72
-56
48
-148
-148
132
164
64
-72
-164
-132
-164
-244
-132
24
-32
-40
244
132
-148
-164
-244
-132
16
8
32
96
-24
-148
0
132
-72
-148
-24
16
-196
-212
-32
-64
-40
16
148
164
32
-196
-212
-64
-112
-148
88
196
-16
-196
-112
56
0
-32
24
148
164
-104
-196
16
48
-40
64
276
276
-16
-244
-104
-88
-112
0
164
244
132
-56
-24
196
148
-24
88
228
40
-88
64
164
-48
16
228
308
260
196
72
-32
-24
-164
-56
196
276
180
196
212
40
-180
-196
-56
56
112
196
228
56
-132
-196
-8
8
64
180
148
0
-80
-96
-112
-16
104
112
180
112
-88
-112
-132
-148
-104
80
120
80
-48
-88
0
-48
-80
132
164
0
-48
0
8
-164
-260
-196
-16
-16
32
72
56
8
-120
-48
40
-48
-80
-8
-24
-112
-112
0
-48
-80
-8
16
32
-48
-148
-120
-132
-212
-96
88
112
40
0
-40
-112
-212
-164
-112
-96
-80
-24
0
-80
-148
-16
24
0
32
132
64
-132
-164
-72
8
-32
-64
8
56
0
40
48
48
-120
-308
-164
-88
-48
40
148
180
80
40
48
16
-48
-80
-8
80
-24
-32
-8
-120
-120
48
180
196
148
96
40
-56
-96
-16
80
72
32
80
104
40
-96
-64
32
0
0
40
80
0
-132
-88
48
120
164
196
148
56
-32
-40
0
0
16
88
88
96
132
120
64
56
148
180
148
72
48
16
-8
0
16
64
96
16
0
80
112
56
-8
72
96
-88
-120
64
80
-104
-48
120
96
16
-48
-80
-8
-56
-164
-48
120
56
-88
-32
120
16
-148
-40
88
-16
-148
-72
8
-32
-120
-32
64
56
24
-32
-64
-88
-96
-164
-132
40
64
16
24
40
0
-88
-132
-112
-40
-64
-88
-56
-40
-120
-104
0
32
72
48
8
-48
-120
-212
-212
-64
-32
-40
72
164
8
-132
-24
24
-132
-112
0
-8
-72
-112
-72
40
64
-16
-16
88
32
-132
-96
0
-64
-132
0
120
148
132
104
32
-48
-80
-80
-104
-88
56
164
132
120
164
132
88
48
-8
56
120
96
16
32
164
104
88
196
180
88
0
-8
8
24
0
48
164
164
148
56
-8
-8
-40
-96
-48
88
96
0
-72
-80
-40
-96
-132
-32
96
0
-120
-72
-40
-48
-132
-244
-180
16
-16
-148
-80
8
-16
-112
-196
-88
16
-96
-120
-72
-48
-120
-80
-48
-32
-32
-72
-96
-32
0
-8
32
32
48
-112
-96
-32
16
8
72
212
276
164
-112
-104
0
-40
-120
-64
132
428
396
148
88
228
132
-96
-180
-56
228
196
32
164
356
308
112
40
64
-16
-148
-164
-48
80
112
40
88
180
40
-40
0
-120
-148
-80
-48
-48
32
56
-96
-120
-40
-40
-104
-164
-56
48
-56
-164
-148
-80
-96
-148
-32
80
104
24
-180
-120
40
-40
-148
-80
-72
-56
0
0
8
148
8
-164
104
148
-104
-196
24
228
96
-196
-196
88
324
8
-356
-72
292
196
-164
-276
32
324
164
-244
-228
120
180
-88
-340
-148
308
292
-196
-308
112
372
-40
-260
56
356
196
-112
-88
96
120
-72
-132
80
228
32
0
132
132
-48
-64
112
80
-132
-112
180
260
0
-196
-24
164
24
-260
-244
88
196
-64
-292
-72
196
72
-228
-196
56
80
-48
-80
-88
-48
8
0
-56
-24
-8
-24
-24
-16
0
-40
-132
-72
-56
-112
-16
56
96
120
40
-56
-32
56
0
-48
0
32
120
112
16
-16
-48
32
96
-24
-96
-32
148
96
-56
-56
32
88
32
-88
-32
72
132
0
-96
-16
0
96
-24
-132
-24
16
-24
-48
-32
132
244
48
-96
-24
120
40
-112
-32
180
148
16
64
132
64
-64
-120
24
260
148
-48
132
292
96
-132
-148
-24
24
-24
-164
0
276
148
-132
-164
72
164
-72
-244
-24
180
32
-164
-80
164
132
-164
-276
-56
16
-212
-292
24
196
16
-104
72
132
-48
-260
-212
-24
-24
-196
-180
48
96
-164
-292
8
72
-104
-244
-40
228
-8
-324
-260
48
164
-24
-24
228
340
-32
-396
-244
-32
-16
-112
-132
228
396
104
-132
-228
-104
56
48
-8
-32
164
276
8
-196
-96
396
356
-104
-292
-48
212
24
-164
120
492
428
-132
-228
292
276
-112
-196
180
396
104
-276
-132
164
180
-64
-16
276
308
80
-228
-96
148
132
-132
-228
40
244
40
-148
48
340
180
-196
-276
-64
-56
-212
-228
180
356
80
-48
16
148
-96
-356
-276
96
96
-148
-180
164
164
-56
-104
-96
88
-8
-292
-396
-164
0
-32
72
132
88
40
-88
-292
-196
-164
-120
64
104
88
64
56
-48
-212
-48
48
-8
24
148
164
-148
-228
-72
96
-48
-96
164
396
260
-212
-276
40
180
-72
-120
120
276
48
-112
88
292
132
-260
-180
180
48
-276
-132
196
324
132
-112
-40
212
-48
-428
-132
228
148
-40
-56
120
132
-120
-276
-72
148
48
-40
24
48
48
0
8
-96
-132
-24
0
-48
-112
40
112
-8
-132
-56
88
16
-212
-132
16
104
-48
-56
148
32
-180
-96
148
96
-88
-164
-48
80
-16
-276
-8
324
120
-40
32
164
120
-164
-372
-80
244
80
-180
-88
164
96
-56
-148
88
396
24
-356
-164
244
164
-56
-196
96
396
96
-244
8
460
196
-228
-180
260
396
-64
-396
40
428
72
-260
8
556
372
-260
-276
260
428
-40
-212
148
356
56
-324
-180
228
212
-104
-56
196
80
-228
-228
-32
-24
-48
16
164
148
-120
-196
-80
-132
-244
-276
-88
16
24
0
-56
72
80
-80
-180
-120
-80
-164
-164
88
120
-64
-104
-8
-40
-164
-228
-112
88
40
-64
-56
64
-48
-292
-244
-96
-72
-24
0
80
112
-16
-120
-72
56
-48
-244
-196
-120
-32
32
24
180
228
-16
-396
-356
-148
-48
-64
-64
212
524
260
-132
-32
120
-8
-292
-104
308
308
64
104
356
460
292
244
396
292
-8
-260
-80
196
308
356
396
524
372
-16
-164
-80
32
16
0
164
228
196
64
8
8
0
-120
-164
-80
-212
-340
-324
-104
-16
-120
-120
-24
-8
-276
-460
-292
-88
-48
-180
-132
16
-32
-260
-308
-196
-132
-64
-64
-120
-164
-196
-88
-80
-132
-56
96
112
0
-132
-104
24
80
-32
-40
120
96
-40
-180
-48
80
-112
-180
96
292
24
-132
-16
40
64
-164
-196
88
104
-180
-244
196
460
196
-40
40
276
96
-228
-164
292
492
260
276
492
428
164
72
112
292
340
196
96
308
276
64
196
460
492
340
228
212
148
88
80
180
276
260
212
120
16
0
-8
16
0
0
72
-64
-164
-212
-228
-164
-148
-164
-196
-308
-460
-556
-556
-428
-324
-324
-396
-428
-460
-556
-588
-556
-556
-524
-588
-556
-620
-652
-652
-620
-588
-524
-428
-428
-524
-556
-460
-372
-324
-324
-292
-212
-132
-96
-132
-56
72
96
-32
-48
112
228
340
396
524
620
556
460
428
460
460
428
460
556
620
620
684
844
748
588
588
588
588
492
492
716
652
556
556
652
716
652
492
524
716
652
428
492
716
684
684
876
1116
1116
988
812
924
1180
1180
988
1052
1180
1052
812
524
492
556
396
88
-96
-340
-652
-988
-1372
-1500
-1564
-1756
-1980
-2236
-2492
-2748
-3004
-3132
-3132
-3132
-3260
-3388
-3260
-3004
-3004
-2620
-2236
-2108
-2108
-1980
-1692
-1244
-988
-812
-588
-324
-196
8
308
716
1116
1180
1244
1308
1244
1116
1052
1180
1244
1244
1052
876
876
812
844
876
812
748
588
396
396
492
556
588
556
524
620
716
812
876
780
844
1116
1244
988
876
1116
1372
1180
924
924
988
988
684
748
1116
1180
924
1180
1756
1820
1308
1052
1884
3004
3388
2492
1628
1500
1884
2236
2492
2748
2748
2108
812
-164
-88
652
988
428
-556
-1564
-2236
-2620
-2492
-2236
-2364
-2876
-3644
-4092
-4348
-4348
-4604
-4604
-4348
-4092
-3644
-3516
-4092
-4348
-4092
-3004
-1884
-1116
-1052
-1628
-2236
-1980
-556
1116
1980
1628
988
492
492
1180
2236
3004
2876
2236
1372
876
924
1308
1820
1980
1756
1052
276
-340
-492
-120
356
556
196
-460
-1116
-1436
-1116
-396
120
308
72
-340
-620
-684
-324
260
716
684
428
196
64
164
460
924
1244
1116
780
372
132
260
716
1244
1628
1628
1500
1564
1820
2364
2876
3260
3900
4092
3644
2620
2236
3132
4348
4604
4092
3516
3132
2620
1980
1692
2108
2620
1980
556
-748
-1436
-1692
-1628
-1436
-1564
-2236
-3516
-4604
-5116
-5116
-4604
-4604
-4860
-5372
-5628
-5628
-5628
-5372
-4860
-4348
-3772
-3388
-3644
-4092
-3772
-2748
-1500
-372
276
372
8
-228
356
1756
3004
3260
2876
2236
1980
2108
2364
3004
3260
2876
1820
988
716
684
556
428
340
32
-524
-1052
-1244
-1180
-1052
-924
-780
-876
-1244
-1628
-1756
-1308
-652
-72
32
-80
-396
-524
-276
292
844
1052
988
780
716
924
1244
1564
1756
1756
1692
1628
1500
1500
1628
1980
2236
2748
3132
3388
3132
3260
3772
4092
4092
3388
3260
4092
4860
4604
3900
3644
3644
3260
2876
2620
3004
2620
1372
132
-556
-652
-844
-1116
-1564
-2492
-3644
-4604
-4860
-4860
-4860
-5372
-5884
-6396
-6396
-6396
-6140
-5884
-5628
-5884
-5628
-5116
-4860
-4604
-3900
-3004
-2364
-1980
-1820
-1372
-524
260
988
1628
2236
2364
1980
1980
2620
3516
3772
3516
3132
2620
1980
1884
2236
2236
1820
988
460
308
16
-372
-620
-780
-988
-1116
-1116
-1180
-1436
-1692
-1436
-780
-428
-524
-924
-1052
-716
-228
196
356
196
0
132
620
1180
1564
1500
1372
1372
1564
1756
1692
1564
1564
1500
1500
1500
1628
1628
1628
2108
2876
3516
3260
3004
3260
3644
3388
3004
3388
4348
4860
4348
3516
3516
3772
3388
2876
2876
3132
2620
1244
0
-556
-588
-492
-620
-1244
-2364
-3644
-4604
-4604
-4348
-4604
-5116
-5884
-6140
-6396
-6140
-5884
-5372
-5372
-5372
-5372
-4860
-4604
-4348
-3900
-2748
-2108
-1980
-2108
-1820
-716
324
1052
1564
2108
2108
1564
1692
2492
3516
3772
3004
2620
2364
2108
1884
2236
2492
2108
1052
196
212
292
32
-212
-428
-652
-988
-1244
-1052
-876
-1052
-1372
-1244
-1052
-1052
-1052
-924
-556
-340
-396
-396
-308
-308
-132
292
588
684
460
260
492
924
1180
1244
1308
1244
1116
1052
1180
1436
1564
1628
1820
2364
2876
3004
2876
3260
3772
3772
3260
2876
3772
4860
5116
4348
3644
3900
3900
3772
3516
3516
3388
2492
1180
340
40
-80
-356
-684
-1436
-2492
-3516
-4092
-4092
-4348
-4604
-5116
-5628
-6140
-6396
-6140
-5628
-5372
-5628
-5628
-5372
-5116
-5116
-4860
-4348
-3388
-2492
-2236
-2364
-2364
-1500
-88
924
1308
1372
1500
1436
1564
2236
3132
3772
3388
2748
2492
2492
2492
2620
2620
2492
1628
812
684
924
1052
620
148
-148
-428
-620
-492
-120
-228
-652
-876
-876
-844
-876
-812
-556
-340
-324
-460
-460
-428
-228
196
524
588
292
-64
-40
428
844
988
924
716
492
492
876
1308
1500
1436
1500
1980
2492
2876
3132
3388
3644
3644
3260
3260
4092
5116
5116
4348
3772
4092
4092
3900
3644
3772
3900
2876
1628
620
324
244
16
-396
-1244
-2492
-3644
-4092
-3900
-4092
-4604
-5372
-5884
-6396
-6652
-6140
-5884
-5628
-5884
-6140
-6140
-5884
-5628
-5372
-4604
-3900
-3516
-3516
-3260
-2492
-1436
-556
-24
308
556
652
1052
1820
2748
3132
2876
2492
2492
2876
3004
3260
3260
2876
2236
1692
1692
1980
1820
1628
1180
748
396
228
428
620
492
-24
-460
-588
-460
-228
-132
-180
-396
-588
-620
-460
-244
-132
-120
-212
-308
-372
-244
72
308
396
396
324
324
372
524
812
1052
988
988
1180
1308
1756
2364
2876
3132
3004
3260
3516
3516
3388
3516
4604
5372
4860
3900
3516
4092
4348
4092
3516
3388
3132
2236
1180
524
396
276
-16
-620
-1692
-2876
-3644
-3772
-3644
-3900
-4348
-5372
-6140
-6396
-6140
-5628
-5372
-5628
-6140
-6396
-5884
-5372
-4860
-4604
-4092
-3516
-3388
-3260
-2876
-1820
-876
-196
164
372
428
396
1116
2236
3260
3132
2492
2108
2364
2748
3132
3516
3644
2876
1820
1308
1820
2364
2108
1564
924
460
180
460
1052
1116
396
-460
-748
-556
-396
-212
-212
-372
-780
-1116
-1116
-780
-492
-492
-620
-876
-1116
-1180
-988
-492
-132
-80
-228
-308
-244
40
524
748
812
684
524
748
1180
1980
2620
2876
2748
2492
3260
3900
3900
3516
3388
4348
5116
4860
4092
3900
4348
4604
4092
3516
3260
3004
2236
1436
684
428
260
-120
-652
-1564
-2620
-3388
-3644
-3644
-3900
-4604
-5372
-5884
-6140
-5884
-5628
-5372
-5884
-6396
-6396
-5884
-5372
-5116
-5116
-4860
-4092
-3644
-3388
-3260
-2492
-1372
-396
-16
132
460
748
1308
1980
2620
3132
3004
2620
2748
3260
3516
3644
3644
3388
3132
2492
2492
2748
2876
2492
1820
1436
1372
1372
1244
1244
988
396
-16
-148
-112
-80
-228
-372
-556
-812
-924
-812
-748
-748
-684
-780
-924
-988
-988
-716
-276
-24
-80
-212
-180
88
524
812
876
780
588
748
1116
1692
2364
2620
2748
2620
2748
3388
3900
3644
3132
3516
4348
4860
4348
3516
3644
4092
4092
3644
2876
2876
2748
1884
924
260
64
-244
-620
-1308
-2108
-3004
-3644
-3772
-3900
-4348
-5116
-5628
-6140
-6140
-5884
-5628
-5884
-6396
-6652
-6396
-5884
-5628
-5628
-5116
-4604
-4348
-4092
-3644
-2748
-1980
-1308
-748
-244
164
460
924
1628
2492
3004
2876
2620
2748
3260
3772
4092
3900
3516
3004
2876
3132
3516
3260
2492
1820
1564
1628
1756
1820
1564
988
276
0
164
260
148
-148
-460
-652
-812
-812
-652
-460
-556
-780
-988
-1180
-1116
-924
-524
-308
-428
-556
-524
-260
132
460
492
396
340
308
588
988
1308
1756
2108
2236
2364
2364
2748
3772
4348
3900
3260
3388
4348
4860
4604
4092
4092
4348
4092
3516
3004
3004
3004
2236
1244
340
-228
-460
-524
-924
-1756
-2748
-3644
-3900
-4092
-4092
-4604
-5372
-6140
-6396
-6140
-5884
-5884
-6140
-6396
-6140
-5884
-5628
-5628
-5372
-4348
-3644
-3516
-3516
-3260
-2108
-780
-40
180
492
924
1116
1628
2364
3388
3516
2876
2748
3260
3772
3900
3900
3900
3516
2876
2236
2748
3260
2876
2108
1628
1436
1372
1244
1180
1052
492
-164
-372
-324
-340
-524
-716
-812
-924
-1244
-1436
-1308
-1244
-1244
-1244
-1372
-1564
-1628
-1372
-844
-428
-524
-812
-812
-460
-24
324
428
340
244
324
812
1500
2108
2236
2108
2236
2492
3004
3900
4348
4092
3260
3260
4092
5116
4860
4092
4092
4348
4092
3260
2748
3004
3260
2492
1180
56
-396
-372
-428
-812
-1628
-2876
-4092
-4092
-4092
-4092
-4604
-5372
-6140
-6396
-6140
-5884
-5884
-6140
-6396
-6140
-5884
-5372
-5372
-4860
-4092
-3644
-3516
-3388
-2492
-1372
-396
260
620
876
652
876
2108
3388
3900
3260
3004
3132
3388
3772
4348
4860
4348
3132
2364
2748
3388
3388
3004
2364
1692
1180
1180
1820
2108
1308
88
-428
-428
-428
-460
-428
-524
-1052
-1628
-1756
-1500
-1308
-1372
-1436
-1564
-1820
-1980
-1980
-1372
-844
-748
-988
-1308
-1116
-652
-88
276
396
228
-16
196
748
1436
1820
1884
1980
2108
2364
2620
3004
3644
4348
4092
3388
2876
3516
4860
5116
4348
3388
3260
3516
3260
2748
2364
2492
2108
1052
-164
-812
-924
-876
-1052
-1820
-3004
-4092
-4604
-4348
-4092
-4348
-5116
-5884
-6396
-6396
-5884
-5372
-5372
-5628
-5884
-5628
-5116
-4604
-3900
-3516
-3132
-2876
-2620
-1980
-1180
-324
492
1180
1244
1052
1436
2236
3260
3644
3644
3388
2876
3004
3644
4348
4348
3772
3004
2748
3004
3132
3132
2876
2236
1564
1372
1372
1372
1244
812
492
48
-556
-812
-684
-652
-684
-988
-1500
-2108
-2236
-1820
-1244
-1244
-1756
-2236
-2364
-1980
-1372
-988
-876
-1116
-1436
-1308
-716
-24
308
428
308
308
492
876
1628
1980
2108
2236
2364
2620
2876
3004
3388
4092
4604
4092
3260
2876
3772
4860
4860
3772
2876
2876
2876
2492
1820
1692
1884
1372
132
-1052
-1564
-1564
-1564
-1692
-2492
-3644
-4604
-4860
-4604
-4092
-4348
-5116
-5884
-6140
-5884
-5116
-4604
-4860
-5372
-5372
-4860
-4092
-3132
-2876
-3004
-2876
-2364
-1436
-812
-428
64
716
924
876
1052
1692
2748
3388
3388
2876
2364
2364
3132
4092
4348
3644
2620
2364
2492
2876
3004
2748
2108
1436
1116
1180
1372
1244
780
396
16
-460
-780
-844
-748
-652
-1052
-1628
-2108
-2236
-1756
-1308
-1244
-1692
-2236
-2364
-1820
-1052
-652
-748
-1116
-1244
-924
-260
396
716
588
460
588
924
1372
1820
2108
2236
2364
2620
3004
3260
3388
3516
3516
4092
4604
4092
3516
3132
3644
4348
4348
3388
2492
2492
2748
2236
1436
1052
1244
876
-132
-1244
-1884
-1980
-1980
-2108
-2620
-3516
-4604
-4860
-4348
-4092
-4348
-5116
-5628
-5884
-5372
-4860
-4348
-4348
-4860
-4860
-4348
-3516
-2876
-3004
-2876
-2236
-1756
-1308
-1052
-556
180
652
780
588
1052
1692
2236
2748
2748
2620
2108
2108
2876
3644
3644
3004
2492
2236
2364
2620
2748
2492
1820
1052
780
988
1180
1052
620
32
-492
-924
-1052
-780
-812
-1116
-1628
-1980
-2108
-1980
-1756
-1436
-1500
-1820
-2108
-1980
-1628
-1180
-924
-780
-684
-684
-524
-56
524
876
1052
1052
1116
1500
1820
2108
2364
2492
2620
2748
2876
3260
3388
3260
3388
3644
3900
4092
3772
3132
2876
3132
3388
3260
2748
2364
2236
1884
1180
684
684
844
524
-524
-1628
-2236
-2236
-1980
-1980
-2620
-3644
-4348
-4348
-3900
-3644
-3900
-4604
-5116
-5116
-4860
-4348
-3900
-4092
-4348
-3900
-3260
-2876
-2876
-2748
-2236
-1756
-1372
-1052
-588
-180
148
396
812
1180
1564
1820
1980
2236
2236
2108
2108
2492
2876
2876
2620
2236
1980
1884
1980
1980
1756
1308
876
748
748
556
276
-40
-324
-588
-876
-1052
-1244
-1436
-1564
-1628
-1628
-1692
-1820
-1692
-1564
-1436
-1436
-1372
-1180
-988
-780
-780
-588
-276
32
308
620
876
1052
1244
1436
1692
1980
2108
2108
2364
2492
2620
2748
3004
3132
3132
2876
2748
2876
3260
3644
3772
3388
2492
2108
2364
2876
2876
2364
1980
1500
1052
524
276
460
524
32
-1052
-2108
-2364
-2236
-1980
-2108
-2748
-3772
-4348
-4348
-3772
-3516
-3772
-4348
-4860
-5116
-4604
-3900
-3516
-3644
-3772
-3772
-3516
-3004
-2492
-1980
-1756
-1500
-1372
-1052
-620
-180
460
1116
1500
1436
1244
1372
1756
2364
2492
2492
2236
1884
1884
2236
2620
2620
2108
1628
1308
1308
1372
1372
1116
748
308
-96
-276
-148
-48
-196
-588
-1116
-1372
-1372
-1116
-988
-1052
-1308
-1564
-1564
-1308
-924
-652
-652
-684
-684
-588
-276
132
524
844
988
924
988
1244
1756
2236
2364
2236
2108
2108
2364
2748
2876
3004
3004
2876
2748
2748
2876
3004
3260
3260
3004
2620
2108
1980
1980
1980
1884
1500
988
492
148
-56
-56
-64
-396
-988
-1756
-2364
-2492
-2364
-2364
-2620
-3132
-3772
-4348
-4092
-3772
-3644
-3900
-4348
-4604
-4604
-4092
-3772
-3388
-3388
-3388
-3388
-3132
-2620
-2236
-1980
-1692
-1372
-1180
-1052
-748
-164
372
588
620
716
988
1372
1756
1980
1980
1756
1500
1692
2108
2364
2108
1692
1436
1436
1436
1436
1372
1116
748
492
372
292
104
-64
-104
-292
-652
-924
-924
-812
-716
-780
-844
-988
-1052
-844
-492
-132
-40
-196
-260
-80
276
716
1052
1180
1244
1244
1436
1756
2108
2236
2236
2364
2364
2492
2492
2748
2876
2748
2620
2748
2876
2748
2620
2492
2364
2364
2364
2364
2108
1756
1436
1308
1116
988
876
748
588
148
-356
-588
-588
-684
-1052
-1500
-1884
-2108
-2492
-2748
-2748
-2876
-3132
-3516
-3644
-3644
-3644
-3772
-3772
-3772
-3900
-3900
-3900
-3644
-3516
-3132
-2876
-3004
-3004
-2876
-2108
-1692
-1628
-1628
-1308
-780
-652
-396
56
524
716
652
812
1180
1372
1436
1692
1884
1756
1500
1564
1820
1884
1628
1500
1372
1052
812
924
1116
1052
524
112
88
212
228
40
-164
-372
-588
-620
-396
-196
-196
-356
-356
-260
-132
24
212
428
460
396
428
652
988
1244
1372
1372
1436
1500
1628
1884
2236
2236
2236
2108
2108
2236
2364
2364
2364
2364
2108
1980
1884
1820
1692
1692
1692
1628
1308
988
812
812
924
844
556
308
196
56
-132
-356
-588
-748
-988
-1308
-1628
-1692
-1756
-1980
-2364
-2492
-2620
-2748
-3004
-3004
-3132
-3388
-3388
-3516
-3388
-3388
-3516
-3388
-3004
-2620
-2748
-2876
-2876
-2492
-1884
-1692
-1628
-1628
-1180
-812
-652
-244
148
372
340
460
748
1052
1180
1308
1500
1628
1500
1372
1564
1884
1756
1436
1308
1244
1116
1052
1180
1180
780
308
180
356
460
340
88
-104
-260
-396
-196
64
132
8
-88
-32
8
112
260
588
812
652
492
556
988
1372
1500
1500
1372
1308
1308
1564
1980
2236
1980
1564
1436
1564
1692
1692
1628
1564
1372
1244
1244
1180
1180
988
876
876
812
716
556
556
460
340
292
276
180
-88
-228
-196
-212
-460
-684
-684
-716
-924
-1308
-1628
-1756
-1756
-1884
-2108
-2236
-2492
-2748
-2748
-2748
-2748
-2876
-3004
-2748
-2748
-2748
-2620
-2492
-2492
-2492
-2364
-1980
-1692
-1628
-1564
-1372
-1052
-748
-556
-356
-112
40
132
308
556
780
876
988
1116
1244
1116
1116
1244
1308
1308
1116
1052
988
924
924
1052
1052
844
588
524
588
620
492
340
308
244
212
260
292
308
292
324
428
556
588
524
556
620
748
924
988
988
988
988
1052
1244
1308
1308
1244
1244
1308
1244
1180
1180
1244
1372
1372
1244
1116
1052
1116
1180
1180
1052
844
780
780
844
780
684
588
396
212
228
340
356
148
-120
-308
-428
-588
-652
-684
-876
-1180
-1436
-1692
-1692
-1820
-1884
-2108
-2236
-2492
-2620
-2492
-2492
-2492
-2620
-2748
-2748
-2620
-2492
-2364
-2108
-2108
-2236
-2108
-1980
-1628
-1372
-1180
-1052
-1052
-924
-620
-292
-148
-80
-8
72
228
396
588
716
812
812
876
1052
1116
1116
1116
1116
1116
1052
1052
1052
1052
924
844
716
620
652
652
556
524
492
492
524
524
492
460
556
684
652
620
588
652
748
716
684
684
716
780
988
1180
1180
1116
1052
1116
1308
1436
1436
1372
1308
1244
1372
1564
1628
1436
1372
1372
1372
1244
1180
1244
1244
1180
924
844
876
748
588
524
492
372
120
-72
-180
-308
-588
-748
-876
-1052
-1308
-1564
-1692
-1692
-1820
-1980
-2108
-2236
-2364
-2492
-2492
-2492
-2492
-2620
-2620
-2492
-2364
-2364
-2364
-2236
-2108
-1980
-1980
-1692
-1500
-1372
-1244
-1116
-988
-844
-620
-396
-164
8
-48
-112
24
292
460
524
492
492
524
620
812
876
812
716
684
684
748
716
716
652
556
460
460
460
428
428
356
260
180
148
212
340
428
460
428
292
260
428
588
620
524
460
492
588
716
876
988
988
924
1052
1244
1244
1308
1500
1564
1436
1372
1372
1436
1628
1628
1628
1564
1500
1372
1436
1564
1564
1436
1180
1052
1052
924
780
716
620
460
180
-120
-244
-324
-460
-652
-844
-988
-1244
-1500
-1628
-1628
-1756
-1980
-2108
-2108
-2236
-2236
-2236
-2364
-2236
-2364
-2364
-2236
-2108
-1980
-1980
-1884
-1692
-1628
-1564
-1372
-1180
-1052
-876
-652
-460
-340
-292
-196
-24
132
180
196
276
372
460
620
748
748
684
684
780
876
876
812
748
716
716
716
716
684
684
620
524
524
524
588
524
460
372
340
356
372
308
260
212
180
260
340
356
372
340
260
308
396
428
460
460
460
524
588
652
780
844
844
876
988
1052
1052
1052
1116
1180
1116
988
988
924
844
780
716
684
524
340
196
132
180
48
-164
-340
-428
-556
-716
-844
-988
-1116
-1244
-1308
-1308
-1436
-1564
-1628
-1692
-1692
-1692
-1692
-1692
-1756
-1756
-1756
-1692
-1692
-1628
-1628
-1500
-1372
-1308
-1372
-1308
-1116
-988
-876
-812
-652
-524
-372
-228
-88
48
132
212
228
308
428
460
556
652
652
652
716
844
924
876
876
924
988
1052
988
988
924
924
924
924
844
748
684
684
748
812
780
684
588
588
620
652
556
492
524
524
588
588
620
620
524
524
620
716
780
844
844
780
748
844
924
1052
988
876
876
924
924
924
924
844
780
716
684
716
652
524
340
212
196
148
88
-64
-180
-308
-460
-556
-588
-652
-844
-1052
-1180
-1308
-1372
-1436
-1500
-1564
-1692
-1820
-1884
-1820
-1884
-1884
-1884
-1884
-1980
-1980
-2108
-1980
-1884
-1756
-1692
-1628
-1564
-1500
-1308
-1116
-924
-876
-812
-684
-492
-340
-196
-104
-64
-8
72
212
276
356
396
396
460
492
588
620
556
524
492
588
684
748
812
748
684
556
556
620
684
684
716
684
620
620
684
780
844
780
748
716
716
748
812
924
988
924
924
988
988
1052
1052
1052
988
876
876
988
988
988
924
844
844
844
844
924
924
924
844
684
556
556
460
372
292
212
148
132
104
-32
-132
-212
-292
-428
-524
-620
-684
-780
-924
-988
-1052
-1116
-1180
-1308
-1244
-1244
-1308
-1436
-1564
-1500
-1436
-1436
-1372
-1372
-1372
-1372
-1372
-1308
-1116
-1052
-988
-924
-876
-844
-780
-556
-356
-340
-372
-340
-244
-112
-56
16
88
96
104
148
228
324
308
292
292
276
276
244
244
196
212
212
260
228
196
196
244
276
340
396
372
372
396
492
556
588
620
620
620
620
652
652
716
780
780
780
780
780
812
844
844
844
780
716
716
716
652
588
556
588
588
556
556
556
556
556
460
460
524
460
428
356
324
244
212
164
148
132
32
-56
-96
-148
-244
-356
-460
-492
-492
-588
-716
-844
-924
-924
-988
-1116
-1180
-1244
-1308
-1308
-1308
-1308
-1308
-1372
-1244
-1180
-1116
-1116
-1116
-1052
-988
-876
-876
-844
-812
-780
-684
-588
-556
-556
-492
-396
-292
-228
-196
-104
-40
0
72
120
212
276
308
292
228
228
276
340
340
356
396
396
428
460
556
620
620
652
684
716
716
716
716
844
924
988
924
924
988
1052
1180
1116
1052
1052
988
1052
1052
1052
988
924
924
924
876
844
716
588
460
460
492
492
460
396
372
276
180
88
96
148
120
0
-164
-212
-164
-132
-164
-244
-308
-428
-460
-492
-556
-588
-652
-748
-844
-924
-924
-924
-924
-988
-1052
-1116
-1180
-1180
-1244
-1244
-1244
-1244
-1244
-1244
-1244
-1180
-1052
-988
-988
-988
-924
-844
-716
-652
-588
-492
-428
-428
-396
-244
-148
-64
-32
0
48
32
72
148
148
164
180
260
356
396
396
372
372
396
460
492
492
460
428
396
428
524
556
524
428
460
556
620
556
524
556
620
748
844
844
780
684
748
844
924
876
780
748
652
620
620
588
556
524
460
492
524
492
372
308
308
340
324
276
212
148
148
148
112
16
-24
-16
0
40
48
-8
-80
-132
-164
-164
-228
-308
-396
-492
-492
-492
-524
-620
-716
-716
-652
-588
-620
-812
-924
-988
-924
-780
-780
-812
-812
-780
-748
-716
-748
-716
-652
-588
-524
-492
-524
-524
-428
-356
-244
-196
-196
-180
-120
-40
-16
-32
-80
-96
-56
-48
-48
-88
-120
-88
-64
-64
-88
-64
32
72
64
8
-32
0
64
104
148
164
180
260
340
396
460
460
492
524
588
620
652
684
684
684
748
812
844
780
780
780
748
716
652
620
684
684
588
524
492
428
396
396
356
292
260
244
276
292
260
196
132
72
48
40
0
-48
-104
-148
-120
-132
-212
-308
-396
-460
-428
-428
-460
-492
-588
-556
-524
-524
-524
-556
-588
-588
-588
-588
-556
-620
-652
-620
-588
-524
-460
-460
-460
-396
-340
-308
-308
-244
-148
-80
-56
-56
-72
-72
-40
-16
-8
-56
-80
-88
-8
72
64
24
56
96
120
148
120
48
-32
-56
-32
-24
-24
-16
0
64
120
148
196
276
356
356
356
340
340
372
460
524
524
460
396
460
492
556
556
556
556
524
492
460
428
428
324
228
212
132
48
24
16
-72
-164
-212
-244
-244
-244
-260
-292
-292
-308
-324
-324
-372
-396
-372
-340
-308
-292
-308
-324
-324
-356
-356
-340
-308
-292
-276
-308
-276
-260
-244
-212
-196
-212
-244
-228
-244
-244
-276
-228
-196
-164
-148
-112
-80
-88
-64
-32
-24
-64
-64
-64
-8
96
80
32
32
56
112
180
196
180
196
148
164
196
196
212
196
228
244
260
292
244
244
292
340
372
340
276
228
260
276
276
196
180
180
196
196
164
196
212
244
196
212
244
244
260
260
260
212
212
212
180
180
164
148
132
148
164
120
132
112
32
-8
-88
-164
-196
-148
-148
-180
-292
-356
-372
-340
-292
-292
-308
-324
-324
-276
-212
-196
-180
-228
-260
-228
-164
-132
-164
-148
-112
-164
-148
-112
-96
-132
-164
-180
-132
-148
-148
-120
-196
-244
-292
-356
-372
-356
-396
-396
-356
-340
-324
-276
-260
-212
-196
-164
-148
-148
-112
-88
-64
0
32
16
32
72
132
180
164
148
164
244
292
292
324
324
260
212
180
212
244
228
196
212
196
112
104
132
164
212
228
228
244
260
228
228
212
196
196
196
260
276
260
228
212
244
260
276
260
292
292
308
276
228
164
120
104
80
96
64
8
-56
-132
-148
-148
-164
-180
-164
-196
-196
-196
-164
-196
-212
-212
-228
-164
-164
-196
-260
-276
-244
-196
-120
-104
-80
-32
-64
-96
-80
-64
-32
0
-24
-24
-32
-80
-88
-56
-48
-64
-80
-96
-88
-48
-8
8
24
40
56
64
32
24
72
64
32
-40
-64
-64
-24
8
-32
-104
-88
-32
0
0
-48
-72
-96
-64
8
56
32
-32
-64
-80
-40
-40
-64
-80
-120
-164
-164
-96
-96
-72
-96
-96
-56
-48
-72
-88
-80
-80
-112
-112
-120
-96
-48
-32
40
132
164
164
132
148
180
196
228
180
132
80
64
80
112
132
88
40
32
8
-8
-48
-48
-40
-72
-104
-164
-196
-180
-132
-88
-96
-148
-196
-180
-180
-164
-148
-132
-104
-64
-40
0
24
56
88
132
120
72
96
148
228
228
164
164
212
260
260
276
260
244
212
212
228
196
180
180
212
212
180
212
244
276
260
228
180
132
104
120
180
228
228
180
120
148
196
196
164
120
88
88
80
72
56
0
-72
-88
-48
-24
-64
-148
-164
-180
-180
-164
-180
-260
-292
-292
-292
-292
-308
-308
-276
-212
-112
-96
-88
-96
-80
-16
-56
-48
-16
0
-24
-40
-72
-96
-96
-104
-120
-120
-148
-196
-196
-212
-228
-292
-308
-292
-260
-292
-356
-396
-356
-308
-308
-308
-356
-356
-356
-324
-292
-292
-244
-244
-244
-180
-96
-72
-32
-48
-16
8
88
104
96
96
56
88
148
180
148
148
132
180
212
212
180
180
196
212
260
276
276
244
196
212
292
324
276
228
212
244
260
292
308
324
324
324
308
260
244
260
276
244
164
96
80
120
120
96
80
64
64
48
64
40
24
0
-32
-80
-96
-56
-64
-80
-56
-24
16
80
56
72
88
72
96
104
132
164
196
212
180
148
164
180
196
196
180
180
120
72
40
32
64
56
8
-32
-72
-104
-148
-180
-228
-228
-244
-292
-308
-340
-324
-308
-276
-260
-244
-244
-292
-292
-244
-260
-308
-324
-324
-292
-276
-260
-212
-196
-196
-164
-148
-148
-120
-112
-72
-104
-164
-180
-148
-132
-164
-180
-180
-164
-148
-132
-112
-80
-40
-48
-72
-32
-40
-40
-24
24
72
56
-16
-80
-48
-16
48
40
8
-32
-48
-40
0
56
80
88
48
48
56
80
80
80
48
-16
-56
-40
16
56
112
80
32
40
80
132
180
196
180
180
180
196
228
276
308
308
324
356
396
428
396
356
356
340
356
340
308
308
308
260
212
180
132
56
40
40
8
8
-8
-16
-24
-40
-80
-132
-148
-180
-180
-164
-180
-196
-180
-148
-148
-88
-56
-32
-64
-64
-64
-40
0
56
80
80
132
164
212
196
148
96
104
164
196
164
148
120
112
104
72
72
64
72
40
8
-24
-56
-88
-104
-104
-132
-132
-148
-196
-244
-276
-260
-276
-292
-324
-372
-396
-460
-428
-428
-460
-460
-492
-556
-556
-524
-460
-428
-460
-460
-460
-492
-460
-460
-460
-428
-396
-356
-324
-276
-228
-164
-96
-56
-40
40
164
228
260
292
308
308
308
356
396
428
428
396
396
428
460
460
460
492
492
460
428
396
356
324
356
324
276
276
260
244
228
196
164
164
148
120
72
24
16
24
-8
-16
0
0
40
24
-24
-40
-40
24
132
148
112
88
72
112
132
132
120
64
24
24
48
16
24
24
72
112
112
64
24
0
16
88
132
80
40
48
24
32
-16
-24
-48
-56
-72
-96
-112
-132
-148
-180
-196
-212
-196
-196
-228
-276
-292
-276
-276
-292
-340
-372
-356
-356
-292
-196
-228
-260
-244
-228
-260
-244
-228
-260
-228
-180
-132
-72
-24
-40
8
64
48
40
24
64
120
164
196
180
180
212
196
212
244
228
196
196
228
212
164
132
120
104
80
80
72
32
0
-48
-104
-132
-132
-148
-180
-228
-276
-292
-292
-276
-260
-260
-244
-260
-228
-196
-148
-120
-64
-16
32
72
80
96
112
196
244
260
276
244
228
260
276
276
244
260
260
260
276
260
228
180
164
148
148
132
132
132
64
40
16
-8
0
8
8
0
-64
-112
-180
-260
-260
-260
-260
-260
-276
-292
-324
-324
-308
-260
-244
-292
-308
-308
-276
-212
-180
-180
-164
-196
-196
-148
-80
-8
8
64
80
96
132
212
292
356
396
396
396
428
460
524
556
556
556
492
492
460
460
460
428
396
356
324
324
276
228
196
148
112
80
32
0
-16
-56
-148
-228
-260
-228
-244
-212
-196
-228
-228
-244
-244
-212
-196
-164
-164
-180
-180
-148
-120
-104
-120
-148
-164
-164
-164
-120
-72
-104
-120
-132
-120
-112
-148
-148
-120
-132
-148
-164
-180
-212
-228
-260
-244
-228
-244
-260
-260
-244
-260
-276
-260
-228
-292
-324
-308
-276
-308
-340
-324
-340
-308
-324
-308
-308
-340
-356
-372
-324
-260
-212
-228
-228
-196
-196
-148
-164
-132
-64
-24
0
40
96
148
212
276
356
396
396
428
460
492
524
588
620
620
652
684
716
716
684
684
684
684
684
652
588
556
492
492
460
460
428
428
372
340
276
212
180
132
64
16
-16
-56
-96
-104
-96
-96
-112
-148
-120
-112
-112
-112
-104
-80
-56
-80
-80
-48
-48
-64
-32
0
8
16
16
16
8
16
32
40
80
56
24
16
8
40
32
0
8
-8
-56
-80
-96
-72
-104
-164
-196
-228
-228
-228
-260
-276
-308
-396
-428
-460
-492
-524
-556
-556
-620
-620
-620
-620
-620
-652
-652
-620
-620
-620
-588
-588
-556
-524
-492
-460
-460
-428
-396
-308
-292
-228
-164
-88
-40
0
64
104
164
196
276
324
340
324
340
356
396
460
460
492
492
492
460
460
428
460
492
492
460
428
396
324
276
276
244
212
180
148
96
64
48
40
48
56
40
32
32
40
56
56
88
88
80
96
104
120
120
120
112
120
148
196
228
244
260
228
196
212
244
308
324
292
244
212
164
180
228
244
180
132
112
104
132
88
64
48
0
-24
-80
-96
-120
-164
-228
-260
-276
-308
-276
-260
-276
-308
-396
-396
-396
-428
-396
-396
-396
-396
-428
-460
-396
-396
-396
-356
-340
-292
-260
-212
-196
-164
-148
-96
-72
-48
-24
-16
0
48
64
80
88
96
148
164
244
324
308
292
292
276
276
292
260
244
212
180
196
164
132
132
88
16
-16
-80
-88
-56
-112
-120
-148
-180
-196
-196
-196
-196
-196
-212
-196
-212
-228
-196
-180
-180
-148
-112
-56
0
16
40
56
40
48
64
88
104
132
132
132
148
180
196
180
180
180
148
112
104
104
112
148
132
104
72
32
-16
0
0
-40
-48
-96
-112
-112
-112
-96
-120
-132
-132
-164
-180
-212
-228
-260
-276
-276
-276
-244
-196
-180
-196
-196
-148
-112
-112
-120
-112
-80
-56
-8
64
120
132
180
228
276
292
292
324
356
396
396
428
460
460
492
556
556
524
460
460
492
492
460
428
396
372
356
308
260
228
180
132
88
32
16
-24
-72
-96
-132
-164
-196
-228
-228
-244
-276
-260
-292
-324
-308
-340
-340
-340
-372
-356
-324
-356
-356
-340
-308
-292
-292
-260
-244
-212
-164
-164
-164
-180
-196
-148
-132
-112
-112
-112
-120
-120
-120
-112
-72
-64
-80
-72
-64
-64
-88
-72
-80
-104
-88
-48
-40
-64
-88
-120
-132
-148
-148
-164
-164
-164
-180
-180
-148
-132
-148
-164
-180
-180
-212
-212
-212
-196
-164
-148
-164
-148
-88
-32
24
24
8
16
32
80
164
228
292
340
356
372
428
460
492
524
524
524
524
524
524
524
556
556
524
492
460
428
396
396
340
276
228
212
228
228
212
180
120
64
24
0
-16
-8
-24
-48
-72
-72
-64
-56
-64
-80
-80
-88
-72
-88
-80
-64
-40
-40
-32
-8
0
0
8
0
0
-8
-16
-32
-64
-40
-40
-40
-40
0
8
0
24
24
0
-24
-16
-24
-64
-72
-88
-88
-80
-104
-96
-148
-228
-260
-276
-276
-292
-308
-356
-428
-428
-460
-460
-524
-556
-588
-588
-620
-588
-556
-556
-524
-492
-492
-428
-396
-396
-396
-356
-308
-260
-196
-196
-164
-88
24
96
132
148
196
228
260
340
396
396
428
428
460
492
492
428
428
460
428
428
428
396
396
396
356
340
308
292
260
260
260
228
180
132
88
72
24
-8
-8
-32
-64
-64
-80
-72
-56
-64
-72
-80
-88
-80
-56
-64
-64
-56
-32
-32
-16
-16
-40
-24
-8
0
16
16
40
72
96
112
72
48
40
40
64
104
88
112
148
164
148
132
104
96
80
56
40
8
-16
-24
-24
-40
-40
-80
-120
-148
-132
-132
-148
-180
-180
-180
-196
-196
-180
-196
-180
-148
-132
-132
-180
-164
-180
-180
-148
-148
-132
-88
-48
-16
16
48
72
80
80
112
148
132
96
104
148
164
164
180
180
180
148
148
112
72
64
80
88
64
32
40
48
8
16
-24
-56
-72
-96
-112
-120
-88
-104
-148
-148
-132
-148
-164
-164
-164
-164
-180
-180
-148
-164
-164
-148
-164
-164
-132
-112
-80
-32
-8
8
16
16
40
56
88
88
120
132
132
164
180
228
244
260
244
244
244
228
212
196
212
212
196
148
132
96
96
72
32
0
-40
-56
-88
-104
-120
-112
-120
-120
-132
-164
-196
-212
-244
-260
-228
-228
-196
-164
-148
-164
-148
-148
-148
-120
-88
-32
-24
-8
0
8
40
80
96
96
120
148
164
196
196
196
228
228
244
244
244
260
244
196
164
164
164
180
180
164
132
72
40
40
48
56
32
32
-16
-32
-40
-88
-96
-120
-164
-180
-228
-276
-260
-244
-228
-212
-228
-228
-244
-228
-196
-180
-196
-180
-196
-212
-228
-196
-180
-164
-148
-164
-148
-96
-32
-16
0
8
0
24
48
80
96
104
112
132
132
104
132
132
148
180
164
164
148
104
80
80
88
64
24
0
8
32
24
-8
-24
-56
-72
-72
-64
-56
-88
-132
-132
-132
-120
-80
-40
-56
-56
-72
-64
-24
0
-16
-40
-32
-32
-32
-16
16
40
80
88
80
64
64
80
112
164
164
196
180
196
196
164
164
180
196
180
212
196
180
164
132
112
104
96
64
72
56
16
8
16
8
24
0
-32
-48
-88
-104
-104
-96
-88
-56
-72
-112
-132
-132
-120
-112
-120
-80
-56
-80
-96
-56
-8
0
-8
0
0
8
16
40
64
80
80
56
48
40
80
88
96
132
104
72
48
24
0
40
48
56
40
8
-16
-16
8
8
-48
-104
-120
-148
-132
-104
-104
-132
-148
-164
-164
-196
-196
-180
-212
-228
-212
-196
-196
-212
-228
-212
-212
-212
-228
-180
-164
-164
-132
-112
-104
-64
-72
-72
-32
0
0
8
24
48
64
64
80
112
120
120
132
148
164
164
180
180
196
180
164
164
148
148
132
112
132
132
148
148
104
64
72
48
24
24
-8
-32
-64
-56
-32
-32
-40
-48
-32
-8
32
24
24
24
8
24
40
48
24
24
40
40
40
80
88
104
132
132
148
180
196
196
180
164
180
180
164
164
132
112
88
64
72
80
56
48
40
32
40
32
8
16
-8
-16
-48
-40
-48
-64
-80
-96
-80
-88
-112
-120
-120
-120
-104
-96
-104
-120
-112
-148
-132
-96
-80
-96
-96
-112
-112
-132
-148
-120
-132
-120
-120
-132
-148
-132
-132
-104
-80
-72
-56
-80
-88
-104
-80
-88
-96
-88
-96
-112
-104
-112
-120
-132
-120
-112
-132
-132
-120
-120
-120
-120
-112
-104
-96
-96
-72
-32
-80
-96
-80
-80
-72
-64
-48
-72
-64
-32
0
64
56
64
72
88
104
112
132
132
132
132
164
148
180
196
196
212
260
260
260
276
260
260
244
228
212
196
180
164
148
148
132
120
132
120
96
64
40
56
72
56
8
0
0
16
8
16
8
-32
-56
-64
-64
-64
-40
-48
-56
-56
-48
-48
-48
-64
-32
-24
-48
-16
8
16
32
56
48
48
64
80
120
104
96
112
96
96
104
120
120
132
148
148
132
120
88
56
48
32
16
-8
-24
-48
-56
-80
-104
-104
-112
-132
-132
-164
-196
-244
-292
-308
-292
-260
-228
-244
-244
-276
-292
-244
-212
-212
-196
-212
-244
-196
-164
-148
-132
-148
-148
-132
