SAMPLES:	7760
BITSPERSAMPLE:	16
CHANNELS:	1
SAMPLERATE:	16000
NORMALIZED:	FALSE
0
0
0
0
0
0
0
0
0
0
0
0
0
0
0
0
0
0
0
0
0
8
0
0
0
0
0
8
8
8
8
8
0
0
0
8
8
0
0
0
0
0
0
0
0
0
0
0
0
0
0
0
0
0
0
0
0
0
0
0
0
0
0
0
-8
-8
-8
-8
-8
-8
-8
-8
-8
-8
-8
-8
-8
-8
-8
-8
-8
-8
-8
-8
-8
-8
-8
0
0
-8
0
0
0
0
0
0
0
0
0
0
0
0
0
0
0
0
0
0
0
8
8
8
8
8
8
8
8
8
16
16
16
16
16
16
8
8
8
8
16
16
16
8
8
8
8
8
8
8
8
8
8
8
8
8
8
8
0
0
0
0
0
0
0
0
0
0
0
0
0
0
0
0
0
0
0
-8
-8
-8
-8
-8
-8
-8
-8
-8
-8
-8
-8
-8
-8
-8
-8
-8
-16
-16
-16
-16
-16
-16
-8
-8
-8
-16
-16
-8
-8
-8
-8
-8
-8
-8
-8
-8
-8
-8
0
0
-8
0
0
0
0
0
0
0
0
0
0
0
0
0
0
0
0
0
0
0
0
0
0
0
0
0
0
0
0
0
0
0
0
8
8
8
8
8
8
8
8
8
8
8
8
8
16
8
16
8
16
8
8
8
8
8
8
8
8
8
0
0
0
0
0
0
0
0
0
0
0
0
0
0
0
0
0
0
0
-8
-8
0
-8
0
0
0
0
0
0
0
0
0
0
-8
-8
0
0
0
0
-8
-8
0
-8
0
0
0
0
0
0
0
0
0
0
0
0
0
0
0
0
0
0
0
0
0
0
0
0
0
0
0
0
0
0
0
0
0
0
0
0
0
0
0
0
8
0
8
8
8
0
0
0
0
0
0
0
0
0
0
8
8
8
8
8
8
0
8
0
0
0
0
0
8
8
8
8
0
8
0
0
0
0
0
0
0
0
0
0
0
0
0
0
0
0
0
0
-8
-8
-8
-8
-8
-8
-8
-8
-8
-8
-8
-8
-16
-16
-16
-16
-16
-16
-16
-16
-16
-16
-8
-8
-8
-8
-8
-8
-8
-8
-8
-8
-8
-8
-8
-8
0
0
0
0
0
0
0
0
0
0
0
0
0
0
0
8
8
0
8
8
8
0
0
0
0
0
8
8
8
8
8
16
16
16
16
8
8
8
8
8
8
8
8
8
8
8
8
8
8
8
8
8
8
8
8
8
8
8
0
0
0
0
0
0
0
0
0
0
0
0
0
0
0
0
0
0
0
-8
-8
-8
-8
-8
-8
-8
-16
-8
-8
-16
-8
-8
-8
-8
-8
-8
-8
-8
-8
-8
-8
-8
-8
-8
-8
-8
-8
-8
-8
-8
-8
-8
-8
0
0
0
0
0
0
0
0
0
0
0
0
0
0
0
0
0
0
0
8
8
8
8
8
8
16
16
16
16
8
8
8
8
8
0
8
0
0
0
8
8
8
8
8
8
8
8
8
8
8
8
8
8
8
0
0
0
0
0
0
0
0
0
0
0
0
0
0
0
0
0
0
0
0
-8
-8
-8
-8
-8
-8
-8
-8
-8
-8
0
0
0
0
0
0
0
-8
-8
-8
-8
-8
-8
-8
0
0
0
0
-8
-8
-8
0
0
0
0
0
0
0
0
0
0
0
0
0
0
0
0
0
0
0
0
0
0
0
0
0
0
0
0
0
0
0
0
0
0
0
0
0
8
8
8
8
8
0
0
8
8
8
8
8
8
8
0
0
0
0
0
0
0
0
8
8
8
8
8
8
0
0
0
0
0
0
0
0
0
0
0
0
0
0
0
0
0
0
0
0
0
0
0
0
0
0
0
-8
-8
-8
-8
-8
-8
-8
-8
-8
0
0
-8
0
0
0
0
0
-8
0
0
0
0
0
0
0
0
0
0
0
-8
0
-8
-8
0
0
0
0
0
0
0
0
0
0
0
0
0
0
0
0
0
0
0
0
0
0
0
0
0
0
0
0
0
0
0
0
0
0
0
0
0
0
0
0
0
0
0
0
0
0
8
0
0
0
0
0
0
0
0
0
0
0
0
0
0
0
0
0
0
0
0
0
0
-8
-8
-8
0
0
0
0
0
0
0
0
0
0
0
8
8
8
8
8
0
0
0
0
0
8
8
8
8
8
8
8
8
8
8
0
8
8
8
16
8
8
8
8
8
8
8
0
0
0
0
0
0
0
0
8
0
8
0
0
0
0
0
0
0
0
0
0
0
0
0
0
0
0
0
0
0
-8
0
0
0
0
0
-8
-8
-8
0
-8
-8
-8
0
0
-8
0
0
0
-8
-8
-8
-8
-8
0
0
0
0
0
-8
0
0
0
0
0
0
0
0
0
-8
-8
-8
-16
-8
-8
0
-8
-8
-16
-8
-32
16
112
-16
-56
-24
-64
-64
-48
-32
24
56
-16
-72
-32
-40
-48
8
32
32
0
-48
8
0
-32
8
16
8
16
8
8
0
-16
0
32
24
40
48
24
8
24
8
8
24
8
16
40
32
24
24
24
24
24
24
40
32
8
24
16
0
0
8
16
24
24
24
16
8
8
16
16
16
32
16
8
32
24
16
24
16
8
0
0
0
0
-8
0
-16
-16
-16
40
292
80
-132
-56
-132
-120
-112
-88
32
132
24
-164
-132
-40
-96
8
72
48
32
-180
-104
-8
-132
-8
56
8
8
-8
-8
-80
-80
-16
-8
56
48
0
40
-32
-64
0
-8
-8
-24
-24
8
-16
-56
-48
-16
8
-24
32
104
8
-40
-8
0
-48
-88
-40
8
0
0
32
16
-24
-48
0
40
32
40
16
0
0
-16
-8
40
24
8
24
24
24
-16
0
32
16
8
48
56
8
-16
0
24
24
32
32
32
56
24
32
24
16
0
0
40
32
40
48
16
0
8
-8
16
24
0
24
32
0
-8
0
16
-8
8
40
8
40
16
-24
-16
24
24
-32
8
40
-40
-32
8
8
-16
8
40
-24
0
0
-56
-32
8
-24
-8
32
-8
-56
0
-24
-104
16
16
-56
-16
-40
-56
-56
-24
-72
-56
0
-24
0
0
-32
-72
-104
-64
-24
-56
-8
-8
-64
-64
-48
-40
0
56
0
40
40
-32
-40
0
-32
-32
80
40
0
32
8
-8
0
24
40
48
32
24
8
0
24
0
0
72
48
8
56
64
0
-48
0
-32
0
132
40
8
-8
0
48
8
32
56
32
64
0
-48
-40
-8
24
0
80
104
0
40
-8
-80
32
24
56
16
-24
32
-72
0
24
-24
64
40
8
-24
8
-48
-72
56
32
-16
56
24
-32
-8
-40
-16
8
-16
-24
32
-8
-32
-40
0
0
-40
-16
24
32
-56
-80
-40
0
-16
-56
56
56
-72
-40
-8
-40
-40
8
16
16
8
-24
-16
0
0
-24
32
104
16
-72
-32
-48
-80
0
16
16
56
-72
-112
-80
-120
-56
32
40
48
-32
-24
0
-40
-8
40
48
0
16
-24
-80
-8
0
64
164
88
32
40
-32
-32
24
64
72
0
0
-8
24
16
-48
0
64
56
8
56
40
-24
-24
0
8
-8
-16
0
16
8
-24
-32
-48
-32
-48
-24
-8
0
-48
-80
0
0
8
16
24
32
-40
-96
-112
-24
0
-40
0
16
16
-8
-40
8
32
-56
-40
40
16
-48
16
48
32
32
-24
16
48
40
80
96
72
-56
-48
16
16
88
96
48
40
24
-24
16
72
56
48
132
88
-48
0
0
8
48
40
132
64
-56
-56
-24
0
0
16
24
56
16
-24
-16
8
-24
0
56
56
-8
-80
-40
-8
-40
-8
80
48
0
-48
-8
0
-72
-64
8
32
32
32
0
-32
-48
-88
-64
16
0
-32
-48
-64
-80
-96
-64
0
8
8
-24
-96
-132
-148
-112
-48
-16
-8
0
-8
-80
-96
-64
-40
-40
-32
8
16
-48
-104
-80
-48
-16
0
56
56
0
-64
-40
-16
16
8
0
80
24
-24
-8
8
16
0
48
88
32
0
8
8
8
24
64
88
104
48
0
80
80
24
56
72
72
48
24
48
16
0
48
48
56
40
16
-16
-16
0
24
24
8
16
8
-40
-48
8
24
16
56
56
24
-8
-40
-16
0
32
48
40
64
32
-24
-16
8
16
40
72
80
40
-40
-88
-40
-8
-24
0
40
32
-56
-64
-40
-56
-72
-72
-40
-40
-40
-40
-56
-8
-8
-40
16
56
0
-24
16
24
0
0
48
64
48
64
72
56
0
-24
-8
24
56
16
32
72
32
-8
8
24
0
-16
-24
-16
-48
-112
-96
-32
-16
-32
-16
-32
-64
-96
-132
-104
-72
-96
-80
-56
-64
-96
-112
-80
-56
-64
-80
-72
-56
-64
-96
-72
0
-16
-32
16
16
-8
-32
-24
0
0
0
16
40
40
24
64
88
72
32
40
40
8
0
24
64
48
32
24
40
56
0
-32
8
40
40
16
40
32
16
24
56
48
88
132
80
64
132
120
64
96
80
88
132
120
132
212
212
164
120
104
132
148
164
164
228
212
132
132
132
88
40
80
112
72
8
-32
-56
-88
-104
-96
-72
-96
-132
-148
-196
-196
-244
-292
-292
-228
-260
-308
-324
-356
-372
-396
-372
-356
-356
-324
-340
-356
-324
-276
-276
-276
-228
-180
-164
-148
-132
-104
-104
-88
-56
-24
-8
-24
0
16
64
96
132
132
148
148
112
148
180
164
148
260
276
276
308
196
292
308
180
132
356
460
244
148
212
372
492
196
0
340
492
212
-32
148
428
308
72
96
324
356
96
-72
40
228
120
-8
80
244
228
112
64
112
196
164
48
56
112
112
72
64
120
132
64
-32
-96
-88
-112
-196
-228
-228
-276
-372
-428
-460
-524
-588
-556
-620
-684
-780
-780
-844
-876
-876
-812
-748
-748
-748
-716
-684
-652
-620
-620
-556
-492
-460
-372
-340
-260
-180
-180
-132
-72
40
0
8
72
104
228
228
356
428
428
492
428
524
716
524
524
684
748
652
524
620
620
716
716
588
780
844
812
748
684
716
684
684
684
556
492
556
556
428
428
492
524
428
308
356
308
180
148
180
196
164
132
120
132
148
120
80
72
112
260
292
244
212
148
112
148
244
324
396
372
244
120
80
72
32
8
0
-72
-244
-396
-524
-652
-780
-844
-844
-988
-1052
-1116
-1308
-1436
-1500
-1564
-1564
-1564
-1500
-1436
-1500
-1500
-1436
-1436
-1436
-1308
-1180
-1116
-1116
-1116
-988
-812
-684
-748
-620
-324
-72
-96
-244
-112
104
80
-32
104
164
324
428
196
276
524
492
396
356
492
652
588
356
428
588
716
652
556
844
1052
844
716
988
1116
1116
876
780
1116
1052
716
924
1436
1308
988
876
1052
1180
924
556
748
1244
1116
716
748
1052
924
684
556
748
876
556
428
492
716
748
812
1116
1244
1052
812
780
812
812
684
684
924
924
620
196
80
96
0
-228
-372
-460
-748
-1116
-1500
-1756
-1980
-1980
-2108
-2236
-2364
-2492
-2748
-3004
-3132
-3132
-3132
-3132
-2876
-2620
-2620
-2492
-2364
-2236
-2108
-1980
-1692
-1308
-1244
-1308
-1180
-844
-652
-340
112
556
876
812
588
620
780
812
844
1244
1436
1180
924
1116
1116
1308
988
876
1244
1244
924
460
620
748
588
620
924
1308
1180
812
924
844
876
924
924
876
924
556
556
988
924
684
652
1052
1116
924
524
372
684
876
428
72
652
1116
620
196
340
812
988
372
-96
556
1116
428
80
524
988
748
308
652
1372
1308
684
492
876
1052
716
684
988
1052
748
356
276
164
-72
-196
-56
-8
-460
-924
-1180
-1308
-1436
-1628
-1820
-1980
-2236
-2492
-2620
-2748
-2748
-3004
-3004
-2876
-2748
-2620
-2748
-2748
-2492
-2364
-2236
-2108
-1820
-1500
-1244
-1180
-876
-524
-556
-620
-372
120
620
844
780
844
988
812
588
876
1244
1500
1436
1180
1116
1052
988
988
924
812
1244
1500
988
652
716
988
716
492
716
1180
1308
372
0
812
1180
620
40
652
1436
780
24
148
812
988
196
0
988
1372
228
-620
212
924
588
164
292
876
748
96
164
876
1052
524
428
924
1052
876
716
812
1244
1628
1820
1756
1564
1308
1244
1436
1564
1628
1692
1564
1052
292
148
492
652
396
-8
-396
-780
-1180
-1564
-1756
-1820
-1980
-2108
-2364
-2492
-2620
-3004
-3388
-3644
-3516
-3132
-3004
-3132
-3260
-3132
-2748
-2364
-2236
-2108
-2108
-1980
-1628
-1116
-780
-588
-396
-396
-292
24
588
1116
1308
1244
1180
1244
1244
1244
1308
1500
1500
1244
1180
1116
1052
924
620
652
684
556
396
308
276
164
40
180
396
340
164
120
356
460
372
324
556
588
260
260
684
988
620
132
244
556
812
556
428
1052
1180
588
228
524
652
356
460
812
1052
1052
780
748
1116
1564
1564
1436
1500
1692
1980
2364
2492
2364
2108
1980
2108
2236
2364
2236
1980
1500
1052
652
684
876
844
308
-492
-1116
-1564
-1884
-2236
-2364
-2492
-2748
-3260
-3644
-3772
-4092
-4348
-4604
-4348
-3900
-3900
-3900
-4092
-4092
-3900
-3516
-2748
-1980
-1692
-1980
-2236
-1980
-1244
-588
-56
460
812
924
876
988
1372
1980
2236
2364
2492
2236
1884
1500
1500
1756
1884
1884
1756
1500
1116
716
428
324
340
356
372
324
56
-292
-492
-372
-96
72
228
48
-212
-276
-396
16
588
588
620
588
428
396
292
276
556
988
1052
876
844
780
748
812
924
1308
1436
1180
1052
844
988
1308
1692
2108
2364
2108
2364
2876
3004
2620
2236
2364
2748
3132
3132
2876
2620
2236
1756
1244
1052
1244
1180
748
-96
-988
-1564
-1820
-1884
-1980
-2108
-2748
-3644
-4348
-4604
-4604
-4604
-4604
-4604
-4604
-4604
-4604
-4604
-4604
-4604
-4348
-3644
-3260
-3132
-3132
-3004
-2108
-1052
-428
-524
-684
-212
588
1180
1756
2364
2492
1884
1372
1628
2620
3260
3004
2620
2236
1564
1116
1180
1756
1980
1500
652
324
148
-148
-292
-308
-164
-260
-556
-748
-924
-1244
-1116
-684
-228
-56
-260
-652
-1052
-876
-180
652
844
428
40
-112
56
460
988
1308
1244
924
652
876
1180
1180
1308
1564
1980
1884
1372
1116
1500
2108
2748
3132
3388
3644
3772
3260
2876
3004
3644
4092
4348
4092
3516
3132
2748
2364
2236
2364
2492
2108
924
-460
-1436
-1692
-1436
-1372
-1756
-2492
-3516
-4604
-4860
-4860
-4604
-4604
-5116
-5628
-5884
-5884
-5628
-5372
-5116
-4860
-4348
-4092
-4092
-3900
-3644
-3260
-2620
-1820
-844
-260
-396
-684
-292
988
2364
2620
2364
2236
2236
2108
2236
2876
3260
3260
2492
1884
1756
1564
1308
1308
1500
1500
812
-72
-556
-460
-212
104
196
-180
-924
-1436
-1372
-780
-228
-148
-276
-588
-924
-924
-716
-292
164
396
396
340
212
80
164
460
924
1180
1052
652
428
524
844
1308
1628
1692
1500
1244
1308
1820
2492
2876
3004
3132
3772
4092
3644
2876
2748
3772
5116
5116
4348
3516
3260
2876
2492
2492
2876
3132
2236
620
-620
-1244
-1372
-1180
-1180
-1564
-2620
-4092
-5116
-5372
-5116
-4604
-4860
-5628
-6140
-6652
-6396
-5628
-5116
-4860
-4860
-4604
-4604
-4348
-4092
-3644
-2748
-1692
-876
-652
-812
-876
-212
988
2236
3132
3132
2492
1980
2108
2876
3772
4348
3900
3004
2108
1692
2108
2364
2492
2236
1500
588
-40
-228
-32
356
292
-16
-588
-1308
-1756
-1564
-924
-356
-428
-924
-1436
-1628
-1564
-1244
-716
-524
-716
-1116
-1372
-1116
-716
-180
164
148
-16
-196
-340
-308
56
460
684
684
588
684
684
844
1244
1820
2492
2748
2748
2620
3132
4092
4604
4092
3388
3388
4348
5116
5116
4604
4348
4092
3644
3132
3004
3516
3388
2492
1116
-120
-748
-876
-924
-1052
-1692
-2748
-4092
-4860
-5116
-4860
-4604
-5116
-5884
-6396
-6396
-6140
-5628
-5372
-5372
-5116
-4860
-4604
-4348
-4092
-3644
-2748
-1692
-924
-716
-924
-924
-148
1180
2492
3004
2748
2108
1980
2492
3260
3900
4092
3772
3004
2364
2108
2236
2364
2364
2108
1564
844
180
-120
104
492
524
-16
-844
-1564
-1628
-1052
-460
-324
-924
-1500
-1756
-1692
-1180
-684
-620
-876
-1244
-1244
-988
-684
-492
-308
-196
-132
-72
-104
0
228
460
652
780
812
716
684
924
1308
1628
1980
2364
2620
2748
2876
3516
4348
4604
3644
2876
3516
4860
5628
5116
4092
3900
3644
3260
2876
3004
3388
2876
1500
80
-780
-1052
-1052
-988
-1308
-2364
-3900
-5116
-5116
-4860
-4604
-4860
-5628
-6652
-6908
-6652
-5884
-5372
-5372
-5372
-5372
-5372
-4860
-4604
-4348
-3516
-2620
-1980
-1308
-556
-492
-556
-80
1308
2876
3004
2364
2108
2748
3260
3260
3772
4092
4092
3388
2620
2876
2876
2620
2364
2620
2620
1628
460
56
716
1116
988
556
-372
-1308
-1564
-844
88
180
-748
-1500
-1692
-1372
-844
-620
-748
-1052
-1244
-1244
-924
-620
-588
-492
-324
8
80
-132
-180
48
460
812
924
780
684
812
1180
1692
1980
2108
2108
2492
2748
3132
3772
4348
4348
3644
3004
3644
4860
5372
4860
4092
3900
3900
3388
2876
2876
3132
2876
1692
372
-524
-924
-988
-924
-1180
-2364
-3772
-4860
-4860
-4604
-4348
-4604
-5628
-6652
-6908
-6396
-5628
-5116
-5372
-5884
-5884
-5628
-5116
-4604
-4348
-3644
-3004
-2236
-1436
-1244
-1500
-1244
-8
1820
2492
1820
1308
1628
2236
2620
3132
3772
3900
3132
2236
2620
3004
2748
2364
2364
2492
1628
620
396
1052
1436
1052
620
-96
-812
-1244
-812
80
80
-1052
-1980
-1980
-1500
-988
-812
-988
-1500
-1980
-1980
-1180
-652
-652
-844
-988
-812
-556
-428
-180
104
292
460
524
492
620
924
1372
1692
1884
1820
1628
1980
2876
3644
3900
3644
3644
4348
4604
4604
4092
4348
5116
5116
4860
4348
4348
4348
3772
3260
3004
3132
2876
1820
556
-308
-652
-684
-812
-1436
-2620
-3772
-4604
-4604
-4348
-4348
-4860
-5628
-6396
-6396
-5884
-5372
-5372
-5628
-5628
-5628
-5372
-4860
-4348
-3900
-3260
-2748
-2236
-2236
-2108
-1244
-32
988
1244
1244
1244
1308
1756
2364
3388
3772
3388
2620
2364
2748
3132
3132
3132
2876
2108
1308
1308
1692
1980
1564
924
356
-132
-428
-372
-16
8
-524
-1244
-1628
-1564
-1308
-1052
-1116
-1436
-1980
-2236
-1980
-1564
-1180
-1180
-1244
-1500
-1436
-1052
-652
-212
72
132
-96
-164
104
588
1052
1244
1244
1116
1180
1436
1980
2876
3260
3388
2876
2876
3644
4604
5116
4348
3900
3772
4092
4604
4604
4348
4092
3516
3004
2364
2236
2364
2236
1372
276
-716
-1180
-1308
-1564
-1980
-2748
-3644
-4348
-4860
-4860
-4860
-5116
-5628
-5884
-5884
-5628
-5372
-5372
-5116
-5116
-5116
-4860
-4604
-4092
-3644
-2876
-2108
-1820
-1564
-1308
-876
148
988
1692
1884
1884
1756
2108
2876
3388
3644
3516
3260
3132
3004
3132
3260
3388
3004
2620
2236
1980
1756
1564
1564
1372
924
340
56
-132
-164
-164
-244
-620
-1372
-1756
-1628
-1308
-1180
-1308
-1756
-2108
-2108
-1980
-1372
-1052
-1116
-1372
-1500
-1244
-716
-164
64
16
-120
-32
372
844
1180
1372
1372
1308
1436
1820
2236
2748
3132
3260
3004
2876
3388
4348
4860
4604
3900
3516
3644
4092
4348
4348
4092
3388
2620
2108
1884
1884
1980
1500
308
-844
-1628
-1692
-1628
-1820
-2364
-3260
-4348
-5116
-5116
-4860
-4604
-4860
-5628
-6140
-6140
-5628
-5116
-4860
-4860
-4860
-4860
-4604
-3900
-3260
-2748
-2364
-2108
-1820
-1500
-924
-164
652
1244
1308
1308
1500
1884
2364
2876
3132
2876
2364
2108
2492
3004
3132
2876
2620
2108
1692
1628
1980
2108
1628
1052
652
308
180
148
212
48
-524
-1052
-1244
-1116
-924
-924
-1116
-1372
-1820
-1980
-1692
-1180
-876
-988
-1180
-1244
-1116
-780
-372
-24
64
-56
-8
260
652
1180
1500
1564
1628
1628
1884
2236
2620
2876
3260
3260
3132
3132
3644
4348
4604
4348
3772
3388
3516
3900
4092
4092
3644
2876
2236
1820
1628
1564
1564
1180
196
-988
-1820
-1980
-1820
-1980
-2492
-3260
-4348
-4860
-4860
-4604
-4092
-4604
-5116
-5628
-5628
-5116
-4604
-4348
-4348
-4348
-4348
-4092
-3388
-2876
-2364
-1980
-1628
-1564
-1500
-812
88
924
1052
1116
1180
1180
1500
1884
2748
3132
2748
2108
1820
2108
2364
2748
2748
2492
1692
1308
1372
1692
1756
1308
812
276
72
40
212
292
-88
-620
-1116
-1244
-1244
-1052
-1052
-1244
-1564
-1980
-1884
-1820
-1436
-1116
-1116
-1116
-1244
-1116
-780
-324
104
308
292
196
396
812
1308
1692
1884
1980
1884
1980
2236
2748
3132
3388
3388
3260
3260
3516
4092
4604
4348
3772
3132
3132
3516
3516
3260
3004
2620
2108
1564
1180
1116
1244
924
180
-748
-1628
-2108
-2236
-2108
-2364
-3004
-4092
-4604
-4604
-4348
-4092
-4348
-4860
-5372
-5372
-5116
-4604
-4348
-4092
-4348
-4092
-3900
-3388
-3004
-2620
-1884
-1372
-1372
-1500
-1244
-260
556
988
988
1180
1372
1244
1692
2492
3132
3004
2364
1980
2236
2364
2492
2876
2748
2236
1500
1244
1500
1756
1692
1244
780
228
-40
48
308
292
-260
-844
-1180
-1180
-1116
-988
-988
-1244
-1628
-1820
-1628
-1308
-1052
-988
-924
-988
-1052
-876
-460
112
340
308
180
96
460
988
1500
1756
1692
1500
1500
1884
2364
3004
3260
3132
2876
2620
2876
3644
4348
4092
3388
2876
2876
3260
3260
3004
2876
2620
1884
1052
812
1052
1180
716
-212
-1116
-1820
-2108
-2108
-1980
-2236
-3132
-4092
-4348
-4348
-4092
-4092
-4348
-4604
-4860
-5116
-4860
-4348
-4092
-4092
-3900
-3772
-3516
-3260
-2876
-2108
-1564
-1500
-1500
-1116
-556
-32
324
748
1116
1052
924
1180
1884
2492
2620
2364
2108
1980
1980
2236
2748
2748
2108
1436
1308
1692
1884
1692
1500
988
556
276
460
748
524
-40
-428
-620
-716
-716
-716
-716
-812
-1116
-1308
-1244
-1116
-988
-812
-684
-588
-652
-716
-556
-180
180
340
324
340
556
924
1308
1564
1628
1628
1756
2108
2364
2748
2876
2876
2748
2748
3132
3644
3900
3644
3004
2876
3132
3260
3004
2620
2748
2364
1884
1052
716
988
988
428
-372
-1116
-1692
-2108
-2108
-1980
-2364
-3260
-4092
-4348
-4092
-4092
-4092
-4604
-4860
-4860
-4860
-4604
-4348
-4092
-4092
-3772
-3644
-3516
-3132
-2492
-2236
-2108
-1884
-1180
-684
-716
-588
8
876
988
684
876
1308
1692
1820
2108
2236
1980
1564
1884
2492
2620
2108
1628
1628
1692
1692
1692
1628
1244
684
524
748
812
428
-96
-276
-292
-372
-492
-556
-684
-924
-988
-988
-876
-988
-1116
-988
-684
-556
-588
-620
-556
-324
-40
164
340
396
492
780
988
1244
1372
1436
1692
1980
2236
2492
2748
2748
2620
2748
3132
3772
3772
3260
3004
3260
3644
3772
3260
2876
2748
2492
2236
1692
1372
1244
1052
556
-56
-652
-1180
-1564
-1756
-1884
-2236
-3004
-3644
-3900
-3772
-3772
-3900
-4348
-4604
-4604
-4604
-4092
-3900
-4092
-4092
-3900
-3388
-3132
-2876
-2748
-2492
-2108
-1692
-1244
-812
-556
-428
-96
396
812
1052
1116
1244
1372
1436
1564
1820
1884
1884
1884
1884
1980
1756
1564
1436
1308
1244
1180
1116
924
684
460
396
460
372
148
-72
-308
-396
-428
-556
-684
-876
-924
-844
-748
-716
-812
-844
-812
-716
-588
-524
-492
-428
-308
-80
48
276
428
588
684
876
1116
1436
1756
1884
1980
1980
2236
2876
3132
3132
2748
2876
3260
3388
3132
2876
3004
3004
2748
2108
1980
1980
1756
1244
716
292
-64
-460
-780
-1052
-1436
-2108
-2620
-2748
-2748
-3004
-3388
-3900
-4092
-4092
-3900
-3772
-3772
-4092
-4092
-3900
-3516
-3132
-3004
-2748
-2492
-2108
-1756
-1500
-1244
-924
-524
-132
196
372
492
780
1180
1564
1628
1628
1628
1820
1980
2108
2108
1884
1692
1628
1756
1820
1628
1308
988
844
844
988
988
780
396
148
180
356
428
340
104
-164
-292
-244
-196
-244
-396
-652
-684
-684
-652
-620
-652
-620
-588
-556
-492
-492
-428
-308
-104
72
196
428
620
812
988
1180
1628
1756
1692
1628
1884
2236
2364
2364
2236
2492
2492
2364
2108
1980
2108
1756
1308
988
748
428
16
-212
-396
-748
-1308
-1692
-1884
-1980
-2236
-2620
-2876
-3132
-3260
-3260
-3260
-3260
-3388
-3516
-3388
-3132
-3004
-3004
-2876
-2748
-2364
-1980
-1756
-1436
-1244
-1052
-716
-308
40
244
356
524
876
1116
1180
1180
1244
1436
1500
1436
1500
1500
1500
1500
1500
1500
1372
1180
1052
1116
1180
1244
1116
876
588
588
684
812
748
428
212
148
148
260
428
428
276
40
-48
32
132
196
88
-8
-32
-32
-24
40
132
164
244
340
396
460
460
524
748
988
1116
988
988
1244
1436
1500
1372
1500
1564
1500
1308
1244
1372
1372
1116
844
684
492
180
16
-40
-260
-684
-1052
-1244
-1244
-1308
-1564
-1820
-2108
-2364
-2492
-2492
-2364
-2364
-2492
-2620
-2492
-2492
-2364
-2236
-2108
-1980
-1884
-1756
-1628
-1436
-1308
-1180
-988
-716
-588
-492
-308
-72
72
148
324
396
396
396
428
524
588
652
684
748
844
812
748
748
924
988
924
924
924
988
924
924
924
988
988
988
988
924
988
1052
1116
1052
1052
988
924
876
1052
1116
988
924
748
684
716
780
748
620
620
684
652
524
396
324
372
460
428
292
180
196
276
308
212
228
228
96
-132
-228
-148
-132
-112
-228
-396
-620
-876
-876
-684
-588
-748
-988
-1180
-1244
-1180
-1180
-1180
-1180
-1308
-1436
-1372
-1180
-1116
-1244
-1308
-1308
-1244
-1116
-988
-988
-876
-844
-844
-716
-652
-620
-588
-460
-372
-356
-396
-396
-324
-260
-196
-196
-244
-260
-196
-104
-16
-16
-56
-132
-104
24
132
148
132
228
324
396
492
524
460
524
652
876
988
1052
1116
1180
1180
1372
1500
1564
1628
1628
1628
1628
1628
1692
1756
1756
1692
1500
1372
1180
1180
1180
1180
1116
924
748
588
588
556
492
396
212
0
-104
-88
-164
-308
-492
-620
-716
-780
-780
-812
-876
-924
-924
-988
-1116
-1180
-1244
-1244
-1180
-1180
-1244
-1436
-1436
-1500
-1436
-1372
-1308
-1308
-1308
-1308
-1244
-1052
-876
-716
-684
-652
-620
-524
-428
-396
-308
-260
-164
-40
56
88
72
132
228
292
292
260
196
104
64
24
-24
-64
-164
-244
-212
-260
-356
-492
-556
-492
-460
-428
-396
-356
-212
-148
-164
-132
-48
72
212
308
396
556
652
748
924
1052
1244
1436
1500
1564
1628
1692
1692
1756
1884
1980
1980
1884
1884
1820
1756
1692
1564
1436
1372
1244
1052
924
812
748
620
556
340
180
56
-64
-212
-260
-396
-588
-716
-812
-780
-844
-988
-1180
-1180
-1244
-1372
-1308
-1308
-1372
-1436
-1564
-1628
-1628
-1628
-1564
-1436
-1436
-1500
-1436
-1436
-1308
-1180
-1116
-1052
-1052
-988
-844
-684
-524
-356
-260
-164
-96
16
196
260
308
356
308
340
396
460
460
460
372
340
324
276
260
164
16
-120
-180
-148
-196
-292
-276
-340
-396
-396
-396
-340
-324
-292
-260
-164
-48
104
292
372
460
588
620
716
876
988
1052
1180
1244
1244
1308
1308
1372
1436
1436
1436
1436
1372
1372
1372
1372
1308
1180
1116
1052
1052
1052
988
780
588
428
356
396
372
132
-120
-308
-396
-460
-556
-620
-716
-876
-1052
-1052
-1116
-1180
-1244
-1372
-1436
-1500
-1628
-1756
-1692
-1564
-1564
-1500
-1436
-1436
-1500
-1436
-1244
-1052
-924
-924
-924
-876
-748
-556
-396
-228
-96
-8
64
228
428
556
588
620
620
588
620
620
620
652
684
748
716
620
620
620
620
524
372
308
212
80
-64
-112
-180
-260
-228
-276
-276
-260
-324
-372
-356
-260
-164
-88
8
88
104
180
340
492
620
652
652
684
780
988
988
1052
1052
1052
988
1052
1180
1180
1116
1052
1052
1116
1052
988
924
812
780
748
716
588
556
524
372
212
16
-104
-180
-276
-492
-684
-812
-924
-1052
-1116
-1244
-1372
-1564
-1692
-1756
-1820
-1756
-1820
-1820
-1820
-1884
-1884
-1980
-1820
-1756
-1628
-1564
-1500
-1372
-1180
-1116
-924
-748
-588
-492
-396
-260
-104
40
244
460
588
684
748
812
876
924
1052
1052
1116
1116
1180
1308
1308
1308
1244
1244
1244
1180
1052
924
780
684
652
620
524
372
228
132
120
164
180
120
8
-96
-148
-72
32
148
180
196
228
148
180
276
372
396
356
340
324
372
460
556
556
588
588
524
524
588
652
620
556
524
524
556
652
684
684
620
588
492
428
340
260
212
64
-120
-276
-460
-556
-620
-716
-844
-988
-1116
-1180
-1308
-1436
-1564
-1564
-1692
-1756
-1756
-1820
-1820
-1820
-1820
-1756
-1692
-1564
-1500
-1436
-1244
-1116
-988
-812
-684
-588
-492
-396
-276
-164
-112
0
72
148
228
324
356
396
524
588
652
684
748
812
812
748
748
780
812
812
812
748
748
716
684
684
588
492
460
524
524
524
460
428
396
396
396
460
460
428
428
372
396
428
460
428
460
460
396
396
372
356
396
396
340
292
292
396
460
460
428
324
308
372
460
556
588
460
356
340
396
428
460
396
276
180
88
40
-40
-96
-164
-292
-460
-556
-620
-684
-748
-844
-988
-1052
-1180
-1244
-1244
-1308
-1308
-1308
-1244
-1244
-1244
-1244
-1116
-1052
-924
-924
-924
-876
-748
-588
-492
-428
-428
-428
-340
-196
-80
-32
-24
-8
24
112
180
260
276
260
324
428
556
652
684
620
652
684
652
556
556
556
524
524
588
588
492
492
492
460
460
396
460
492
492
524
492
460
460
460
556
588
524
396
324
340
396
396
324
244
104
80
88
120
104
16
24
40
8
-104
-196
-228
-212
-148
-132
-148
-132
-96
-104
-48
0
-32
-132
-164
-104
-16
8
-48
-148
-260
-308
-356
-372
-372
-460
-556
-652
-684
-748
-844
-876
-924
-924
-924
-988
-988
-988
-924
-844
-748
-652
-652
-620
-556
-492
-396
-292
-260
-244
-212
-148
-24
72
104
132
196
260
340
428
492
556
524
556
620
652
716
748
716
716
716
716
748
684
556
492
524
588
620
588
556
524
492
492
460
556
524
524
588
588
556
524
492
492
524
524
492
460
428
372
340
340
276
180
40
-48
-64
-16
-56
-164
-244
-308
-276
-228
-196
-228
-356
-396
-428
-428
-372
-324
-308
-324
-340
-372
-340
-244
-164
-120
-132
-148
-244
-308
-292
-276
-260
-324
-428
-460
-524
-524
-524
-524
-556
-620
-684
-716
-748
-716
-716
-716
-716
-748
-716
-716
-588
-492
-524
-588
-588
-556
-492
-428
-372
-340
-340
-308
-212
-120
-32
40
72
132
180
212
292
356
396
428
460
460
524
588
588
620
620
588
620
588
588
588
524
460
492
556
652
684
684
652
652
684
716
748
748
716
716
716
716
716
748
716
684
556
460
396
356
276
228
212
148
32
-80
-164
-196
-180
-180
-244
-372
-428
-492
-524
-492
-524
-556
-556
-524
-556
-556
-588
-556
-460
-396
-324
-340
-396
-460
-340
-228
-180
-164
-228
-228
-196
-180
-196
-212
-244
-260
-228
-196
-164
-196
-244
-244
-276
-324
-308
-340
-324
-292
-340
-396
-396
-372
-340
-260
-244
-244
-308
-308
-260
-120
-72
0
40
64
132
196
212
308
372
372
396
460
492
460
460
460
492
492
460
492
396
372
340
308
244
228
244
244
228
276
260
276
276
292
396
396
372
372
372
396
396
396
356
308
276
260
260
244
180
72
-8
-8
-24
-88
-132
-180
-244
-276
-308
-372
-428
-460
-460
-492
-524
-556
-620
-620
-524
-428
-428
-396
-396
-492
-460
-372
-292
-228
-276
-308
-308
-244
-148
-64
-32
-104
-148
-112
-72
-16
96
132
148
120
56
96
112
132
180
132
64
16
-72
-112
-56
-72
-132
-180
-276
-260
-164
-104
-72
-88
-104
-48
16
104
212
228
164
148
196
292
324
396
460
492
492
460
428
428
460
492
492
460
372
340
356
428
428
340
212
120
132
196
228
180
164
164
132
164
148
148
196
148
80
72
56
24
8
-32
-16
-40
-148
-260
-276
-292
-324
-324
-308
-340
-396
-428
-428
-428
-428
-396
-460
-492
-492
-524
-556
-620
-620
-588
-556
-492
-460
-460
-524
-492
-460
-396
-324
-292
-372
-372
-340
-292
-212
-148
-120
-132
-132
-104
-56
24
88
148
212
212
164
196
260
308
308
228
196
180
212
228
212
196
180
164
148
196
228
260
244
228
260
308
276
324
396
428
460
492
620
652
652
620
652
716
748
748
748
716
716
684
684
652
524
396
340
324
324
292
180
132
32
-32
-24
-32
-56
-80
-148
-260
-244
-244
-244
-228
-212
-244
-276
-324
-356
-308
-340
-428
-524
-620
-620
-620
-588
-556
-524
-556
-556
-492
-460
-460
-428
-460
-524
-524
-492
-460
-428
-428
-428
-396
-324
-260
-276
-308
-340
-324
-324
-340
-260
-196
-212
-212
-180
-148
-132
-104
-96
-112
-148
-132
-96
-32
16
48
88
96
104
104
112
164
196
164
148
104
96
148
148
164
180
148
96
64
64
112
196
228
228
228
260
276
356
428
460
524
588
620
716
780
812
780
812
812
844
876
844
844
844
780
716
620
556
524
492
492
428
356
244
120
88
64
40
0
-120
-244
-340
-340
-340
-340
-356
-460
-524
-556
-556
-556
-556
-556
-556
-556
-524
-524
-556
-556
-556
-524
-556
-588
-588
-556
-556
-556
-524
-492
-492
-492
-460
-428
-372
-324
-324
-308
-356
-396
-372
-340
-276
-244
-260
-228
-196
-164
-132
-80
8
24
56
96
132
148
196
228
212
244
228
292
308
276
292
276
260
244
164
96
64
72
80
80
88
48
16
24
56
104
180
212
212
212
228
244
244
276
308
340
340
396
428
492
492
556
556
588
620
620
588
556
556
524
460
372
292
260
228
196
196
180
96
-16
-72
-40
-64
-132
-244
-340
-396
-428
-396
-372
-356
-396
-460
-492
-460
-428
-428
-372
-396
-396
-356
-356
-276
-244
-244
-212
-196
-196
-244
-292
-292
-292
-212
-228
-260
-276
-308
-260
-196
-148
-180
-228
-244
-212
-180
-148
-132
-132
-132
-104
-16
24
40
80
148
196
228
276
244
180
196
260
228
164
96
56
40
64
64
64
48
24
32
40
0
-48
-72
-80
-48
24
24
0
-24
-16
32
56
64
96
148
180
212
260
292
308
340
428
492
524
524
460
460
524
524
556
524
492
428
396
372
324
292
228
180
132
72
48
24
-40
-96
-164
-244
-292
-324
-372
-356
-356
-396
-396
-428
-460
-428
-396
-460
-460
-428
-460
-396
-372
-356
-356
-308
-324
-372
-372
-308
-276
-228
-228
-228
-212
-164
-132
-112
-96
-120
-104
-48
-56
-32
-40
-40
-40
-64
0
56
148
132
104
112
132
164
180
164
164
164
164
164
180
180
164
112
72
64
24
56
104
132
132
112
80
24
0
8
40
16
0
-40
-104
-96
-72
-64
-88
-104
-132
-132
-64
0
48
88
112
132
104
120
228
308
340
396
396
396
428
460
492
492
460
396
356
340
324
324
276
212
80
16
-8
-8
-24
-120
-164
-196
-196
-196
-212
-260
-260
-276
-292
-244
-180
-164
-164
-196
-244
-292
-308
-276
-260
-260
-308
-276
-308
-324
-276
-196
-120
-104
-96
-96
-112
-80
-48
-16
-16
-48
-32
0
72
112
132
164
180
196
212
324
396
396
292
260
244
244
212
164
164
132
120
148
132
164
148
104
56
24
24
8
40
16
8
8
-64
-96
-120
-180
-228
-212
-228
-276
-308
-356
-396
-428
-372
-356
-356
-324
-340
-340
-324
-308
-228
-212
-164
-72
0
32
88
88
96
164
180
164
164
180
148
164
196
180
120
40
56
56
24
8
0
-56
-132
-148
-164
-132
-148
-180
-244
-308
-276
-292
-308
-244
-180
-164
-164
-180
-212
-196
-132
-64
-32
-32
-24
-48
-32
8
64
96
104
164
212
244
292
356
396
396
396
396
396
396
396
428
460
460
460
460
492
492
492
460
492
460
492
524
524
460
372
340
308
276
244
212
132
64
16
8
0
-32
-80
-132
-196
-212
-196
-212
-228
-276
-356
-396
-372
-396
-428
-460
-460
-492
-524
-524
-492
-460
-428
-396
-356
-356
-324
-292
-228
-164
-120
-104
-72
-56
-40
-8
8
-8
-40
-48
-8
56
80
56
32
16
8
40
72
104
64
24
-16
-64
-96
-132
-148
-180
-196
-196
-196
-228
-228
-212
-276
-244
-228
-244
-292
-308
-308
-324
-324
-308
-308
-292
-228
-132
-80
-56
8
120
164
196
228
260
260
260
340
372
372
340
356
340
372
396
396
428
460
492
460
460
460
460
492
524
524
556
524
556
588
588
524
460
396
324
308
292
244
196
132
48
16
-8
-24
-56
-132
-196
-212
-292
-372
-396
-372
-356
-308
-308
-308
-324
-340
-292
-260
-308
-356
-396
-428
-460
-428
-372
-340
-324
-340
-324
-260
-212
-164
-120
-104
-24
24
56
88
72
48
48
24
32
88
72
32
24
24
24
32
8
-16
-72
-148
-180
-244
-276
-324
-396
-396
-372
-356
-396
-396
-396
-372
-340
-292
-276
-292
-260
-196
-132
-56
48
132
180
228
292
324
356
396
428
492
492
492
524
492
492
460
396
396
428
428
460
492
460
428
396
396
396
396
396
356
340
372
356
372
356
292
228
132
72
24
-32
-72
-88
-148
-228
-308
-356
-372
-396
-428
-556
-652
-716
-716
-748
-748
-716
-812
-812
-748
-684
-620
-524
-460
-396
-356
-308
-244
-212
-148
-164
-112
-72
-24
8
24
96
164
260
276
340
396
460
460
524
492
460
428
396
396
396
372
340
308
308
308
260
212
180
132
148
104
24
-40
-104
-112
-88
-64
-64
-112
-132
-132
-132
-120
-72
-88
-104
-96
-24
40
8
-16
-24
-40
-24
24
56
80
72
72
148
212
260
308
340
372
372
396
372
356
356
308
276
276
212
180
164
132
88
72
80
56
24
0
-24
-80
-96
-120
-164
-180
-212
-244
-324
-396
-428
-460
-428
-428
-428
-460
-556
-620
-684
-716
-716
-684
-684
-652
-620
-588
-588
-524
-428
-396
-324
-244
-164
-96
-72
-56
32
96
120
164
228
276
324
356
340
372
372
396
396
396
396
356
308
276
244
244
228
180
196
164
148
148
88
48
0
-48
-80
-112
-112
-56
-8
24
0
-32
-64
-88
-72
-32
48
80
48
88
132
148
180
180
180
196
180
228
260
292
308
292
292
308
396
460
524
524
524
524
524
524
524
524
524
492
460
428
372
292
228
180
132
104
64
-24
-72
-132
-180
-212
-260
-276
-324
-372
-428
-460
-492
-492
-492
-524
-556
-556
-588
-588
-620
-620
-620
-652
-652
-652
-652
-620
-588
-556
-492
-460
-396
-372
-356
-340
-340
-276
-196
-132
-80
-32
8
64
104
164
244
292
340
356
372
396
396
396
372
356
340
292
276
276
228
164
104
48
24
0
0
-8
-72
-132
-180
-164
-196
-196
-196
-244
-260
-260
-228
-148
-120
-96
-40
-16
8
40
88
148
148
180
228
276
324
324
324
308
324
308
308
324
340
340
324
324
324
308
308
340
372
356
356
356
372
396
372
340
292
276
276
212
132
112
56
40
64
24
-32
-88
-148
-228
-276
-292
-396
-460
-492
-524
-524
-556
-556
-524
-492
-460
-460
-428
-428
-428
-372
-308
-228
-180
-148
-148
-180
-148
-112
-88
-24
8
48
64
56
80
56
72
104
148
132
120
56
24
80
112
104
56
0
-48
-24
0
32
48
16
-8
-16
8
0
-32
-32
-72
-72
-56
-64
-64
-64
-56
-56
-72
-120
-148
-112
-72
-56
-8
-8
0
24
64
104
112
120
104
132
132
132
196
244
276
276
308
324
276
244
244
244
180
148
148
96
56
80
88
88
72
40
8
-8
0
40
40
56
88
104
112
104
64
0
-24
-88
-88
-80
-88
-88
-104
-88
-132
-212
-276
-292
-260
-196
-164
-132
-120
-120
-104
-104
-96
-64
-56
-40
-48
-24
0
-8
24
48
88
112
80
80
104
132
120
112
96
48
40
56
56
64
64
56
56
48
64
56
24
8
-16
-56
-64
-88
-96
-120
-132
-164
-132
-132
-132
-112
-96
-64
-64
-72
-64
-80
-80
-88
-112
-112
-132
-148
-180
-148
-132
-148
-120
-64
-16
-16
-40
-48
-40
-40
8
72
112
164
164
180
180
164
164
132
80
48
56
88
104
96
72
64
64
80
132
148
164
132
112
112
148
164
164
164
148
120
104
64
72
72
48
40
24
8
0
0
-8
-24
-56
-132
-180
-164
-164
-148
-148
-180
-228
-260
-244
-196
-148
-148
-132
-104
-64
-24
-16
-8
16
32
72
104
88
96
72
48
48
40
72
96
132
148
104
40
-8
-24
-32
-16
0
-16
-24
-32
-24
0
8
0
-16
-40
-40
-32
-32
-16
-40
-32
-40
-40
-64
-40
0
16
64
64
56
0
-48
-40
-32
-32
-48
-80
-80
-88
-88
-64
-56
-64
-80
-88
-56
-24
48
56
88
132
164
212
276
292
260
212
180
180
164
164
148
132
148
104
56
40
8
-32
-32
-16
0
0
0
0
-8
-56
-88
-104
-148
-148
-148
-148
-180
-244
-260
-260
-244
-228
-212
-212
-228
-244
-260
-244
-260
-276
-260
-228
-196
-148
-104
-96
-80
-64
-32
0
32
64
120
148
148
180
180
164
196
244
244
228
212
180
180
164
148
120
80
64
64
72
48
0
-96
-164
-180
-212
-228
-212
-212
-180
-132
-104
-112
-80
-64
-72
-64
-24
-16
-16
-8
16
48
24
-24
-72
-72
-48
-24
56
80
72
88
104
132
164
212
228
260
308
308
308
308
324
340
356
396
396
396
372
396
396
396
396
372
372
356
340
276
228
164
112
48
0
-24
-32
-48
-72
-148
-228
-292
-356
-340
-324
-340
-372
-396
-428
-428
-428
-428
-460
-428
-396
-356
-276
-260
-228
-212
-180
-180
-196
-180
-148
-96
-64
-40
-24
-40
-56
-32
-8
-8
8
24
8
40
64
56
72
112
120
112
88
80
48
0
0
16
32
32
16
8
0
0
-32
-64
-88
-104
-88
-96
-88
-112
-132
-132
-132
-164
-196
-164
-148
-148
-120
-88
-80
-64
-40
16
48
64
112
120
132
120
112
80
88
120
148
196
196
212
196
228
260
276
276
276
292
308
356
396
372
324
276
244
212
196
164
112
88
64
32
40
48
16
-24
-64
