SAMPLES:	9110
BITSPERSAMPLE:	16
CHANNELS:	1
SAMPLERATE:	16000
NORMALIZED:	FALSE
-8
-16
-16
-16
-8
-8
-8
-8
-8
-8
-8
-8
-8
-8
-8
0
0
0
0
0
0
0
0
0
0
0
0
0
0
-8
-8
0
0
0
0
0
0
0
0
0
0
0
0
0
0
0
0
0
0
0
0
0
0
0
0
0
0
0
0
0
0
0
0
0
0
0
0
0
0
0
0
8
0
0
0
0
0
0
0
0
0
0
0
0
0
0
0
0
0
0
8
8
8
8
8
0
0
0
0
0
0
0
0
0
0
0
0
0
0
0
8
0
0
0
0
0
0
0
0
0
0
0
0
0
0
0
0
0
0
0
0
0
0
0
0
0
0
0
0
0
0
0
0
0
0
0
0
0
0
0
0
0
0
0
0
0
0
0
0
0
0
0
0
0
0
0
0
0
0
0
0
0
0
0
0
0
0
0
0
0
0
0
0
0
0
0
0
0
0
0
0
0
0
0
0
0
0
0
0
0
0
0
0
0
0
0
0
0
0
0
0
0
0
0
-8
-8
-8
-8
-8
-8
-8
-8
-8
-8
-8
-8
-8
-8
-8
0
0
0
0
0
0
0
0
0
0
0
0
0
0
0
0
0
0
0
0
0
8
0
0
0
8
8
8
8
8
8
8
8
8
8
8
8
8
8
0
0
0
0
0
8
0
0
0
0
0
0
0
0
0
0
0
0
0
0
0
0
0
0
8
8
0
0
0
0
0
0
0
0
0
0
0
0
0
0
0
0
0
0
0
0
0
0
0
0
0
0
0
0
0
0
0
-8
-8
0
0
0
-8
0
0
0
0
0
0
-8
-8
-8
0
0
0
0
0
0
0
-8
0
-8
0
0
0
-8
-8
0
0
0
0
0
0
0
0
0
0
0
0
0
0
0
0
0
-8
-8
0
0
0
0
0
0
0
0
0
0
0
0
0
0
0
0
0
0
0
0
0
0
0
0
0
0
0
0
0
0
0
0
0
0
-8
0
0
0
0
0
0
0
0
0
0
8
8
0
0
0
0
0
0
0
0
0
0
0
0
8
8
16
8
8
8
8
8
8
0
0
0
0
0
0
0
0
0
8
8
16
8
0
0
0
0
8
8
8
8
8
8
0
0
0
0
0
8
8
8
8
0
0
0
0
0
0
0
0
0
0
0
0
8
8
8
0
0
0
0
0
0
0
0
0
0
0
0
0
0
0
0
0
0
0
0
0
0
0
0
0
0
-8
-8
-8
0
-8
-8
-8
-16
-8
-8
0
-8
-8
-8
-8
-8
-16
-16
-16
-16
-8
-16
-16
-16
-8
-16
-24
-24
-16
-16
-16
-8
-8
-16
-16
24
8
-48
-40
-48
-64
-48
-8
0
32
24
-40
-56
-32
-32
0
16
32
16
-24
-24
-8
-8
0
16
8
0
0
0
0
8
24
24
32
32
32
16
8
8
8
16
24
16
24
32
24
16
16
24
24
24
32
32
16
8
0
16
16
8
16
16
16
24
16
16
16
8
8
8
24
32
24
8
8
16
0
8
16
8
16
0
8
8
8
0
8
0
8
16
8
8
8
0
-8
0
0
0
0
16
72
-16
-48
-24
-48
-40
0
8
0
48
-16
-132
-32
-16
-32
8
0
0
-24
-56
-56
-8
-8
-8
0
-40
-16
-16
-48
-32
-8
-8
-8
24
16
48
40
-64
-96
-72
-24
-24
-16
16
8
-16
-88
-120
-24
24
48
64
24
-40
-88
-72
0
40
48
24
0
-32
-72
-8
-8
16
48
32
72
40
-32
-8
0
0
32
40
64
-24
-48
-16
0
0
16
8
32
32
8
8
32
-8
-32
32
32
-8
-8
0
0
-8
-8
64
8
-16
24
8
40
72
-32
-40
-16
0
0
-8
24
0
-24
-32
16
-8
-8
112
-32
-64
40
-64
-64
96
32
-8
64
16
-40
-16
0
0
40
24
40
48
-8
-32
8
16
48
32
-8
-16
-32
-64
-16
24
64
64
-40
0
16
-40
0
0
0
8
-8
-56
-88
-56
-72
0
64
8
8
-24
-104
-24
32
40
32
48
0
-64
8
40
-32
64
104
-16
16
24
0
-40
32
88
32
16
16
-40
-40
32
32
0
32
40
-64
-8
64
-16
56
64
-56
-16
-32
-64
8
16
-32
-48
32
-16
-56
-24
-56
-8
0
0
56
0
-48
-32
-88
-24
24
48
-8
-16
-8
-104
-72
0
-24
0
64
0
-112
-72
8
-24
16
120
64
-64
-80
-80
-32
56
88
80
40
0
-104
-88
32
56
32
48
0
-64
-96
-56
80
112
8
-24
0
-64
-88
8
72
32
8
-56
-32
-8
8
0
24
64
0
-32
-8
0
0
-8
32
80
0
-40
-32
48
24
8
72
40
-24
-40
72
88
8
48
0
-16
40
24
0
40
64
-8
0
56
24
0
8
64
88
0
0
-8
-96
-8
88
48
-8
24
-24
-80
0
48
-8
0
24
-8
-56
24
48
-48
16
16
0
-32
-32
-32
-40
32
8
-8
0
-56
-48
-24
40
64
16
8
-64
-24
-8
-32
0
0
-16
-32
-16
24
0
-64
-32
0
-24
-16
0
-16
-24
24
8
-16
16
-32
-72
-40
16
0
-72
-64
0
40
24
16
-32
-56
-40
-40
8
24
-8
-48
-24
56
24
-8
-8
-8
-32
-40
-16
-24
-24
-48
-40
16
16
-40
-40
0
0
-8
-40
-16
-32
-64
-8
32
40
8
-32
-16
32
56
48
40
56
16
40
80
64
64
56
72
88
56
32
-8
8
64
88
104
56
8
-40
0
120
96
32
-16
-48
-64
-32
56
72
48
0
0
24
8
-16
-40
0
40
16
0
-8
-8
-24
8
72
32
-16
-88
-56
24
32
0
-24
-24
-32
-32
8
0
-40
-64
-64
-56
-40
-32
-48
-8
56
48
-24
-64
-104
-96
-56
0
0
-48
-72
-80
-48
8
8
-16
-40
-40
-48
-72
-64
-72
-40
-24
-40
-32
-48
-80
-72
-16
16
16
-24
-48
-32
-16
0
32
32
24
40
48
32
40
24
16
96
96
64
64
48
32
24
72
96
96
88
96
104
72
72
120
120
132
120
120
88
56
80
96
120
104
80
56
24
32
40
40
32
24
-24
-56
-32
-8
-16
-32
-48
-80
-112
-132
-104
-96
-112
-80
-72
-96
-104
-148
-148
-120
-104
-112
-120
-112
-104
-88
-88
-56
-40
-72
-88
-72
-64
-72
-72
-24
-24
-48
-64
-72
-64
-56
-56
-72
-72
-72
-88
-56
-48
-64
-72
-88
-80
-64
-40
-48
-32
-16
-40
-24
-8
32
56
72
104
72
104
120
164
164
196
244
228
244
292
396
460
460
492
492
492
524
524
588
620
588
524
492
460
428
428
396
396
276
120
24
-40
-40
-80
-132
-244
-372
-492
-652
-684
-716
-748
-844
-988
-1052
-1180
-1180
-1180
-1116
-1116
-1116
-1244
-1244
-1180
-1052
-924
-780
-716
-716
-684
-588
-428
-308
-196
-120
-56
-48
-8
104
324
492
524
524
524
556
620
748
876
988
924
748
684
716
812
876
924
924
844
716
684
780
748
652
620
524
556
748
1244
1564
1372
1116
1244
1692
1692
1308
1180
1820
2492
2236
1500
1308
1628
1628
1308
1180
1308
1244
716
48
-396
-492
-588
-748
-924
-1628
-2492
-3260
-3388
-3260
-3388
-3388
-3772
-4348
-4860
-5116
-4348
-4092
-4092
-4348
-4348
-4092
-4092
-3900
-3644
-3260
-2620
-1980
-988
-844
-1052
-924
132
2364
3132
2620
1820
1980
3004
3260
3772
4092
4604
3900
2620
2748
3004
3132
2748
2492
2620
1500
324
-148
684
1244
492
-428
-1436
-1884
-2364
-1884
-844
-988
-1884
-3132
-3260
-2620
-2236
-1980
-1820
-1756
-2108
-2364
-2236
-1884
-1436
-1180
-684
-588
-876
-1052
-844
-64
652
876
844
988
1308
1980
2748
3644
3900
4092
4092
3900
4092
4092
4860
5884
6140
5628
4604
4604
4860
4860
4860
4604
4860
3772
2108
924
924
1756
1628
812
-588
-2364
-3388
-3900
-3132
-3004
-3772
-4860
-5884
-6396
-6652
-6396
-5628
-5628
-6140
-6652
-6652
-6396
-6140
-5884
-5372
-4348
-3900
-3900
-3772
-3516
-2364
-988
308
1436
1180
588
428
1884
4092
4860
4348
3516
3516
3644
3644
4092
4604
4860
3772
2748
2492
2364
2492
2364
2748
2492
1116
-588
-1116
-340
-8
-212
-844
-1980
-2876
-3388
-2492
-1436
-1628
-2748
-3644
-3516
-3260
-2876
-2364
-2108
-1980
-2364
-2364
-1980
-1628
-1116
-652
56
340
24
-276
112
1052
1628
1980
2108
2236
2748
3644
4604
5372
5116
4348
3644
4348
5884
7420
7420
6396
5116
4860
5372
5372
5628
5628
5372
4092
2492
1308
684
1244
1436
748
-748
-2748
-4092
-4604
-4092
-3900
-4348
-5628
-6908
-7676
-7932
-7164
-6652
-6652
-6908
-7420
-7420
-7420
-7164
-6652
-5884
-5116
-4604
-4348
-4348
-4092
-2876
-1372
-72
844
988
620
588
1372
3388
5116
4860
3644
2876
3260
3900
4092
4604
4604
4348
2876
1692
1820
2236
2620
2364
2108
1308
-492
-1436
-924
588
924
-292
-1980
-3004
-2748
-1980
-988
-460
-1628
-3004
-3644
-2876
-1564
-1244
-1308
-1500
-1628
-1692
-1308
-652
0
524
556
844
988
780
1116
1756
2620
2876
2620
2236
2620
3516
4604
5372
5884
5884
5116
4092
4092
5372
7164
7676
6908
5372
4604
4604
4860
4860
4860
5116
4092
2108
80
-876
-244
716
556
-924
-3260
-5372
-6140
-5372
-4348
-4604
-5884
-7420
-8828
-8828
-7932
-6652
-6396
-6652
-7164
-7420
-7164
-6652
-6140
-5372
-4348
-3772
-3644
-3772
-3644
-2620
-844
924
1692
1564
1052
812
1692
3260
5372
5884
4348
3132
3132
4092
4860
4860
4604
4348
3644
2492
2236
2492
2364
2108
1628
1436
492
-876
-1372
-620
340
-244
-1564
-2876
-3260
-3004
-2364
-1628
-1884
-3260
-4348
-4092
-3004
-2108
-2108
-2492
-2876
-2876
-2492
-1692
-1116
-748
-620
-492
-88
228
460
988
1756
2236
2364
2236
2364
3388
4348
5372
5884
6140
6396
6140
5628
5628
6396
7932
8316
7676
6140
5628
5884
5628
5116
4604
5116
4604
2364
228
-924
-324
292
-164
-1564
-4092
-5884
-6396
-5884
-5116
-5372
-6652
-8316
-9340
-8828
-8316
-6908
-6652
-7164
-7676
-7676
-6908
-6140
-5884
-5372
-4604
-3772
-3260
-3132
-3132
-2108
-428
1116
1980
1500
1244
1820
2876
4348
4860
5372
5372
4604
4348
4860
5628
5628
4860
4348
4348
4860
4092
2876
2620
2492
2364
1980
1628
1116
-112
-988
-988
-396
-716
-1980
-3132
-3516
-3132
-3004
-3004
-3260
-4092
-4604
-4604
-4092
-3644
-3644
-3772
-3772
-3388
-3132
-2748
-2492
-2108
-1436
-1116
-620
-164
292
924
1436
1980
2364
2492
2876
3388
4348
5116
5628
5628
6396
7164
7164
6908
6140
6396
7932
8828
8316
6652
6140
5884
5628
5116
4604
4604
3644
1628
-48
-844
-340
-556
-1436
-2748
-4348
-5884
-6652
-6396
-6140
-6396
-7420
-8828
-9340
-8828
-8316
-7420
-7164
-7676
-8316
-7932
-7164
-6652
-6140
-5884
-5116
-4348
-4092
-3516
-3004
-1884
-780
324
1436
1244
1052
1308
2620
4348
4860
4604
4092
4348
4348
4604
5116
5372
5372
4348
3772
4092
3900
3516
3260
3388
3260
2364
1308
924
1180
924
372
-16
-716
-1436
-1980
-1692
-924
-1308
-2364
-3260
-3388
-3004
-2748
-2620
-2748
-2876
-3260
-3132
-2236
-1692
-1372
-1308
-1052
-524
-120
324
924
1820
2108
2236
2236
2620
3388
4092
4604
5116
5372
5628
5884
7164
7676
7420
6140
5628
6908
7932
7676
6396
5628
5628
4860
3900
3132
3132
3132
1500
-276
-1884
-2108
-1980
-2364
-3132
-4604
-5884
-7164
-7420
-6908
-6908
-7420
-8316
-9340
-9340
-8828
-7676
-7420
-7420
-7676
-7676
-7164
-6652
-6396
-5884
-5372
-4348
-3644
-3132
-3004
-2236
-780
324
1052
1180
1116
1564
2492
3644
4604
4860
4348
3772
4092
5116
5884
5628
4860
4348
4092
4092
4092
4092
3772
3132
2492
2236
2236
1692
876
492
396
96
-492
-1180
-1436
-1436
-1436
-1500
-1980
-2748
-3260
-3132
-2748
-2492
-2748
-3132
-3132
-2876
-2492
-1980
-1628
-1244
-1052
-988
-428
292
988
1436
1756
1980
2236
2492
3004
3772
4348
4860
5116
5372
5372
6396
7676
7932
7164
5628
5628
7164
8316
7676
5884
5372
5116
4348
3388
3004
3644
2876
924
-988
-2108
-1980
-2108
-2492
-3388
-4860
-6396
-7420
-7420
-6652
-6652
-7420
-8316
-8828
-8828
-8316
-7420
-6908
-7164
-7420
-7420
-6908
-6396
-5884
-5372
-4604
-3772
-3388
-2876
-2492
-1116
132
812
1308
1308
1628
2236
3132
4348
4860
4860
3772
3516
4348
5116
5628
4860
4092
3772
3388
3516
3644
3516
2876
1980
1372
1308
1308
924
324
-276
-812
-1308
-1692
-1884
-1820
-1980
-2236
-2620
-3132
-3516
-3516
-3132
-2876
-2876
-3132
-3260
-3132
-2620
-1820
-1116
-812
-748
-716
-244
620
1628
2236
2364
2364
2620
3132
3772
4604
5116
5116
5372
5628
5884
6140
7164
8316
8316
7164
5628
5628
7164
7932
7164
5628
4860
4348
3260
2364
2236
2876
1980
-228
-2236
-3132
-3004
-2876
-3260
-4092
-5628
-7420
-8316
-7932
-7164
-6908
-7676
-8828
-9340
-9340
-8828
-7420
-6908
-7164
-7420
-7420
-6652
-6140
-5372
-4860
-4092
-3388
-2620
-2236
-1692
-492
716
1564
1980
2236
2620
3132
4092
5116
5884
5628
4860
4348
5116
6140
6140
5372
4860
4348
4092
4092
4092
3900
3132
2236
1820
1820
1500
780
48
-372
-684
-1116
-1628
-1980
-2236
-2364
-2492
-2748
-3388
-3900
-4092
-3900
-3516
-3388
-3644
-3772
-3516
-3004
-2364
-1884
-1564
-1372
-1052
-396
556
1308
1756
1980
2236
2620
3004
3644
4092
4604
4860
5372
5628
5884
5884
6140
7676
8316
7932
6396
5372
5884
7420
7676
6140
5116
4348
3644
2748
1884
1980
1980
620
-1436
-3004
-3516
-3388
-3644
-4092
-4860
-6140
-7932
-8828
-8316
-7420
-7164
-7932
-8828
-9340
-9340
-8316
-7164
-6652
-6908
-7420
-6908
-5884
-5116
-4604
-4092
-3388
-2492
-2108
-1692
-844
460
1436
1980
2492
2748
3132
3644
4604
5628
6140
5372
4604
4860
5628
6140
5884
5372
5116
4604
4092
4092
4092
3900
3004
1980
1500
1308
876
396
104
-292
-988
-1820
-2236
-2108
-2236
-2620
-2876
-3388
-3900
-4092
-3900
-3644
-3516
-3644
-3772
-3644
-3132
-2620
-2108
-1564
-1180
-924
-684
56
924
1692
2236
2748
3260
3516
3516
4092
4604
5116
5372
5628
6140
6140
6140
6140
6908
7932
8316
7164
5884
5628
6140
6396
5884
4860
4092
3260
2236
1180
716
844
460
-988
-2748
-4092
-4348
-4604
-4604
-4860
-6140
-7676
-8828
-8828
-7932
-7420
-7676
-8316
-8828
-8828
-8316
-7420
-6652
-6652
-6652
-6652
-5884
-5372
-4860
-4092
-3388
-2748
-2236
-1436
-620
340
780
1372
2236
2876
3260
3644
4348
4860
5116
4860
4860
5372
5628
5372
5116
4860
4604
4348
4092
4092
3900
3260
2236
1756
1692
1564
1116
396
-212
-812
-1244
-1628
-1884
-2108
-2620
-2876
-3004
-3132
-3516
-3772
-3772
-3516
-3260
-3132
-3004
-2876
-2748
-2236
-1500
-844
-428
-260
148
988
1756
2236
2620
3004
3388
3772
4092
4604
4860
5116
5372
5884
6140
6396
6140
6140
6396
6908
7676
7420
6652
5116
4604
5116
5628
5116
4092
3004
2108
1116
260
-196
-72
-556
-2108
-3644
-4860
-4860
-4860
-4860
-5372
-6140
-7676
-8316
-8316
-7676
-7164
-7164
-7676
-8316
-8316
-7676
-6652
-6140
-5884
-5884
-5884
-5116
-4348
-3644
-3132
-2748
-2108
-1436
-652
196
812
1308
1884
2492
3132
3388
3644
3900
4092
4604
4860
5116
4860
4348
4348
4604
4604
4092
3644
3260
3132
2748
2492
1980
1372
620
212
96
-180
-716
-1372
-1980
-2364
-2620
-2620
-2620
-2748
-3004
-3132
-3260
-3132
-2876
-2620
-2364
-2236
-2108
-1884
-1564
-988
-308
212
620
1052
1372
1756
2236
2876
3516
3900
4092
4092
4348
4604
4860
5116
5372
5628
5884
5884
5628
5372
5372
6140
6908
6396
5116
3644
3260
3900
4092
3516
2620
1628
524
-588
-1116
-812
-588
-1500
-3260
-4604
-5372
-5116
-5116
-4860
-5116
-6140
-7676
-8316
-7420
-6652
-6396
-6652
-7164
-7420
-7164
-6652
-5628
-4860
-4860
-4860
-4348
-3900
-3516
-3004
-2492
-1692
-1052
-652
-396
588
1564
1820
2620
2876
3132
3260
3516
4092
4860
5116
4604
3900
3900
4092
4348
4092
3772
3260
2492
2236
2236
2236
1756
988
292
-88
-212
-812
-1116
-1308
-1884
-2236
-2620
-2748
-2620
-2748
-2748
-2620
-2748
-2876
-2876
-2620
-2108
-1756
-1436
-1308
-1052
-844
-308
492
1116
1500
1628
1980
2492
3132
3772
4348
4604
4860
4860
4860
5116
5372
5628
5628
5884
5884
5628
5372
5116
5116
5372
6140
6140
5116
3900
2620
2748
3260
3132
2364
1372
460
-684
-1564
-1756
-1756
-1628
-2620
-4092
-5116
-5628
-5628
-5372
-5372
-5628
-6652
-7676
-7932
-7420
-6652
-6396
-6140
-6652
-6908
-6908
-6396
-5372
-4860
-4604
-4348
-4092
-3644
-3132
-2492
-1884
-1308
-524
112
652
748
812
1692
2748
3516
3644
3388
3260
3260
3644
4092
4860
4860
3900
3260
2876
2876
3004
2876
2620
2108
1180
460
244
428
292
-120
-588
-1116
-1628
-1980
-2108
-1980
-1884
-2108
-2364
-2492
-2492
-2364
-2108
-1692
-1308
-1308
-1372
-1116
-748
-372
96
524
876
1180
1436
1820
2236
2620
3004
3516
3772
4092
4348
4348
4604
4860
4860
5116
4860
4860
5116
5116
5116
4604
4348
4348
4860
5372
5116
4348
2876
2108
2492
2492
2492
1884
988
40
-1180
-1692
-1628
-1372
-1692
-2876
-3772
-4860
-5116
-4860
-4860
-4604
-5372
-6140
-6652
-6652
-6396
-6396
-5884
-5628
-5884
-5884
-5884
-5372
-4860
-4348
-3900
-3516
-3260
-3132
-2876
-2364
-1436
-684
-276
24
228
588
924
1564
2108
2620
2748
2620
2748
2876
2876
3132
3132
3260
2876
2364
1980
1692
1884
1820
1628
1244
652
180
-276
-396
-324
-620
-924
-1308
-1628
-1756
-1884
-1820
-1884
-1820
-1692
-1756
-1756
-1756
-1692
-1436
-1052
-620
-428
-308
-276
-180
180
684
1180
1500
1756
1980
2236
2492
2876
3388
3772
4092
4092
4092
4348
4348
4604
4604
4604
4604
4604
4348
4348
4092
3772
3772
3900
4092
4092
3516
2620
1884
1692
1628
1628
1628
1308
652
-340
-1308
-1692
-1564
-1436
-1756
-2492
-3260
-4092
-4604
-4604
-4604
-4348
-4860
-5372
-5628
-5884
-5628
-5372
-5116
-5116
-5116
-4860
-4860
-4604
-4348
-4092
-3644
-3132
-2492
-2236
-2108
-1980
-1692
-1052
-340
148
524
556
652
988
1436
1756
1756
1756
1884
2108
2236
2236
2108
1884
1692
1756
1756
1500
1244
876
652
524
292
0
-228
-356
-524
-716
-876
-988
-988
-988
-924
-924
-1052
-1052
-924
-780
-716
-684
-588
-460
-260
-24
212
460
684
876
1116
1372
1628
1756
1884
2108
2492
2748
2748
2876
2876
3132
3516
3644
3644
3388
3260
3132
3260
3388
3388
3260
2748
2492
2364
2236
2364
2364
2364
2236
1692
1180
780
748
844
924
924
524
0
-556
-812
-924
-1180
-1500
-1884
-1980
-2236
-2620
-3004
-3260
-3516
-3772
-4092
-4092
-4092
-4092
-4092
-4348
-4092
-4092
-4092
-4092
-3772
-3516
-3516
-3260
-3004
-2876
-2748
-2620
-2364
-2108
-1884
-1564
-1244
-988
-812
-620
-276
-80
80
260
428
620
748
988
1180
1308
1244
1116
1180
1372
1372
1308
1244
1244
1116
1052
1052
1116
988
780
620
588
652
652
652
620
588
620
684
812
812
716
652
748
924
988
988
924
924
1052
1180
1308
1308
1244
1308
1436
1692
1884
1756
1628
1628
1628
1820
1980
1980
1884
1820
1884
1980
1980
2108
1980
1820
1692
1628
1692
1756
1980
2108
1980
1692
1308
1116
1180
1436
1500
1244
924
620
460
292
-80
-460
-844
-1116
-1244
-1500
-1884
-2364
-2876
-3132
-3260
-3260
-3516
-3772
-4092
-4348
-4348
-4348
-4348
-4348
-4604
-4604
-4348
-4092
-3900
-3900
-4092
-3900
-3644
-3260
-3004
-2876
-2620
-2236
-1756
-1308
-988
-924
-844
-524
80
588
780
812
780
1052
1372
1692
1884
1820
1756
1756
1980
2108
2108
1884
1692
1692
1756
1884
1884
1692
1500
1372
1436
1500
1436
1244
1052
1116
1308
1244
1116
988
844
876
844
812
844
844
812
876
844
780
812
844
924
988
1052
1180
1308
1308
1372
1564
1692
1692
1628
1628
1756
1820
1980
1884
1692
1628
1564
1692
1820
1980
1980
1980
1884
1756
1564
1500
1436
1372
1308
1372
1308
1052
812
372
-32
-396
-556
-812
-1116
-1308
-1692
-2108
-2492
-2748
-2748
-3004
-3260
-3516
-3772
-3900
-4092
-4092
-4092
-4348
-4348
-4348
-4092
-4092
-3900
-3772
-3772
-3644
-3388
-3260
-3004
-2876
-2492
-2108
-1756
-1500
-1372
-1244
-1052
-652
-228
120
396
524
716
924
1052
1180
1308
1372
1372
1500
1692
1756
1820
1628
1500
1500
1500
1564
1564
1500
1372
1308
1308
1308
1308
1244
1244
1180
1180
988
844
748
652
620
716
748
716
588
492
524
652
748
716
684
748
876
924
1052
1180
1180
1244
1244
1244
1308
1500
1628
1564
1564
1628
1692
1756
1756
1628
1564
1564
1628
1884
1980
1884
1820
1756
1628
1628
1564
1500
1500
1500
1372
1116
716
276
-32
-212
-356
-492
-780
-1244
-1628
-1980
-2108
-2236
-2492
-2748
-3004
-3260
-3388
-3516
-3644
-3772
-4092
-3900
-3900
-3772
-3900
-3772
-3772
-3644
-3388
-3260
-3260
-3132
-2876
-2620
-2236
-1820
-1564
-1436
-1244
-988
-524
-148
120
340
492
716
988
1244
1436
1436
1436
1564
1756
1820
1884
1820
1756
1628
1500
1500
1500
1564
1500
1436
1372
1308
1180
1052
988
924
812
748
684
556
396
228
196
260
308
340
260
164
164
212
244
292
324
308
428
620
748
748
748
780
924
1052
1116
1180
1180
1244
1372
1436
1500
1500
1436
1436
1372
1500
1564
1628
1820
1980
2108
1980
1980
1884
1884
1884
1980
1980
1884
1692
1436
1244
988
620
292
64
-88
-308
-716
-1180
-1628
-1980
-2108
-2364
-2492
-2748
-3132
-3388
-3644
-3772
-3900
-4092
-4092
-4348
-4348
-4348
-4092
-4092
-4092
-4092
-3772
-3516
-3388
-3260
-2876
-2492
-2236
-1884
-1628
-1436
-1180
-924
-492
-16
276
524
748
988
1116
1308
1436
1564
1692
1756
1980
2108
2108
1980
1820
1884
1980
1980
1980
1820
1628
1500
1564
1500
1308
1052
844
780
780
716
556
356
260
228
228
260
244
164
96
132
212
276
292
228
228
356
524
652
716
716
780
924
1052
1244
1308
1244
1308
1372
1564
1692
1756
1820
1820
1980
2108
2236
2364
2492
2620
2620
2748
2620
2492
2492
2492
2492
2364
2108
1980
1628
1308
924
524
212
-104
-356
-684
-1180
-1756
-2236
-2492
-2748
-3132
-3516
-3900
-4348
-4604
-4604
-4860
-5116
-5116
-5372
-5372
-5372
-5116
-4860
-4860
-4860
-4604
-4348
-4092
-3772
-3516
-3260
-2876
-2492
-2108
-1692
-1436
-1052
-588
-104
308
716
988
1180
1564
1820
1980
1980
1980
2236
2492
2620
2748
2748
2620
2492
2492
2492
2492
2492
2236
2108
1980
1820
1692
1564
1308
1180
1116
988
780
556
356
372
428
324
180
48
32
64
120
132
-40
-132
-112
-64
80
228
292
292
308
460
716
844
988
1052
1116
1308
1500
1628
1692
1820
1980
2236
2364
2364
2364
2492
2748
3004
3132
3004
2876
2748
2748
2876
2876
2748
2492
2236
1980
1692
1372
1052
556
120
-276
-652
-1052
-1500
-1884
-2236
-2620
-3132
-3516
-3772
-4092
-4348
-4604
-4860
-5116
-5372
-5372
-5372
-5372
-5372
-5116
-5116
-4860
-4860
-4604
-4348
-4092
-3772
-3516
-3260
-2876
-2492
-1980
-1692
-1308
-988
-652
-228
112
460
780
1052
1372
1564
1692
1884
1980
2236
2364
2492
2492
2620
2620
2492
2492
2620
2620
2620
2364
2108
1884
1884
1884
1692
1436
1116
876
780
684
588
396
212
32
-112
-164
-228
-308
-356
-396
-372
-356
-340
-276
-244
-120
56
212
244
276
428
620
844
988
1180
1308
1564
1820
1980
2236
2236
2364
2364
2620
2748
2876
3004
3132
3132
3260
3260
3260
3132
3004
2876
2748
2620
2236
1980
1692
1500
1180
716
276
-148
-524
-812
-1180
-1564
-1980
-2492
-2876
-3260
-3516
-3772
-4092
-4348
-4604
-4860
-5116
-5116
-5372
-5372
-5372
-5116
-5116
-4860
-4860
-4604
-4604
-4092
-3772
-3388
-3132
-2876
-2492
-2108
-1628
-1308
-988
-716
-428
24
460
988
1308
1436
1500
1692
1980
2364
2492
2492
2492
2492
2620
2620
2748
2748
2620
2620
2492
2236
1980
1820
1692
1564
1244
924
652
460
428
428
292
80
-148
-372
-428
-372
-340
-356
-428
-556
-620
-492
-292
-212
-228
-196
-24
180
276
396
588
844
1116
1244
1308
1436
1628
1980
2236
2364
2364
2364
2492
2620
2876
3004
3004
3004
3004
3004
3004
3004
2876
2748
2492
2364
2236
1980
1692
1436
1244
924
556
120
-244
-620
-988
-1308
-1692
-2108
-2620
-3004
-3388
-3516
-3772
-4092
-4348
-4604
-4860
-4860
-4860
-4860
-4860
-4860
-4604
-4604
-4348
-4092
-4092
-3772
-3516
-3260
-3004
-2620
-2236
-1980
-1564
-1180
-988
-652
-324
132
524
716
924
1116
1436
1692
1884
1980
2108
2236
2364
2364
2364
2236
2236
2108
2108
1980
1820
1692
1564
1372
1180
988
780
556
356
276
180
148
24
-180
-292
-324
-276
-244
-228
-276
-276
-228
-148
-104
-32
104
324
428
492
588
748
924
1116
1308
1436
1564
1692
1884
2108
2236
2364
2492
2620
2620
2620
2492
2492
2492
2620
2492
2492
2364
2236
2236
2236
2108
1884
1628
1372
1244
1180
988
748
396
96
-164
-460
-716
-988
-1244
-1436
-1756
-2108
-2492
-2748
-3004
-3132
-3260
-3388
-3772
-4092
-4092
-4092
-4092
-4092
-4092
-4092
-4092
-3900
-3644
-3388
-3388
-3260
-3132
-3132
-2748
-2492
-2236
-1980
-1692
-1500
-1308
-1052
-812
-460
-104
112
340
524
716
988
1244
1436
1500
1500
1564
1628
1884
1980
1980
1820
1692
1756
1756
1756
1692
1500
1372
1244
1244
1116
1052
876
812
812
780
780
652
524
428
460
524
556
588
524
460
524
684
812
876
924
876
876
988
1116
1244
1308
1308
1372
1436
1500
1628
1692
1820
1756
1692
1628
1564
1692
1756
1692
1628
1628
1564
1500
1500
1436
1372
1308
1244
1052
988
876
812
780
588
396
180
-40
-196
-340
-492
-716
-988
-1180
-1436
-1692
-1884
-2108
-2364
-2492
-2748
-2876
-3004
-3132
-3260
-3388
-3516
-3644
-3644
-3644
-3644
-3644
-3516
-3516
-3516
-3388
-3388
-3132
-2876
-2620
-2492
-2236
-2108
-1884
-1628
-1372
-1116
-876
-620
-292
-80
120
260
428
620
844
1052
1244
1372
1372
1436
1628
1820
1884
1820
1692
1628
1628
1692
1692
1692
1628
1500
1500
1436
1372
1372
1244
1180
1180
1116
988
988
924
844
876
924
988
988
924
924
924
1052
1052
988
988
1052
1052
1180
1180
1116
1180
1244
1244
1308
1244
1308
1308
1372
1372
1372
1372
1436
1436
1564
1628
1628
1564
1436
1436
1436
1436
1308
1180
1116
1052
1052
988
844
684
492
356
212
24
-228
-428
-620
-844
-1052
-1372
-1628
-1884
-2108
-2364
-2364
-2620
-2876
-3132
-3388
-3388
-3516
-3644
-3772
-3772
-3900
-3900
-3772
-3772
-3772
-3644
-3388
-3260
-3132
-2876
-2748
-2492
-2236
-2108
-1820
-1564
-1372
-1116
-924
-652
-396
-148
64
356
588
716
876
1052
1180
1308
1436
1500
1628
1692
1692
1692
1692
1692
1628
1628
1692
1692
1628
1564
1436
1436
1436
1372
1308
1308
1244
1244
1244
1180
1116
1052
1116
1052
1052
988
988
924
924
924
924
924
924
876
876
924
1052
1116
1116
1116
1116
1244
1308
1308
1244
1244
1244
1372
1436
1436
1436
1436
1436
1436
1436
1372
1308
1308
1244
1244
1116
988
844
780
684
588
396
180
-40
-228
-428
-588
-812
-1052
-1308
-1564
-1756
-1884
-2108
-2364
-2620
-2748
-2876
-3004
-3132
-3260
-3388
-3516
-3516
-3388
-3516
-3516
-3516
-3388
-3260
-3004
-2876
-2748
-2748
-2492
-2236
-2108
-1820
-1692
-1436
-1244
-1052
-780
-492
-244
-64
88
244
396
556
748
988
1116
1244
1308
1372
1500
1564
1628
1564
1564
1564
1564
1628
1564
1500
1500
1564
1564
1564
1500
1436
1308
1180
1116
1052
1052
988
924
876
844
924
988
988
924
844
812
780
716
716
748
748
716
684
716
748
876
988
1052
1052
1052
1052
1116
1244
1244
1180
1116
1180
1244
1244
1244
1244
1180
1244
1180
1180
1180
1052
988
924
844
684
556
460
324
212
96
-64
-244
-492
-684
-924
-1052
-1244
-1500
-1692
-1884
-2108
-2364
-2492
-2620
-2748
-2876
-3004
-3004
-3132
-3132
-3004
-3004
-3004
-3004
-3004
-2876
-2748
-2620
-2492
-2364
-2236
-2108
-1884
-1628
-1436
-1244
-1052
-812
-556
-396
-308
-228
-64
148
340
524
588
652
716
924
1116
1180
1180
1116
1116
1180
1244
1308
1308
1244
1180
1180
1244
1244
1244
1180
1116
1116
1052
988
924
924
924
876
812
780
780
844
924
924
812
684
684
716
780
876
876
844
780
812
876
988
1052
1116
1116
1180
1244
1244
1308
1372
1372
1436
1436
1436
1436
1372
1308
1308
1372
1436
1308
1180
1116
1116
1052
1116
1052
812
588
492
372
276
112
-104
-324
-556
-652
-748
-844
-1052
-1308
-1500
-1692
-1884
-2108
-2364
-2364
-2492
-2492
-2620
-2620
-2748
-2748
-2748
-2620
-2620
-2620
-2620
-2492
-2492
-2364
-2236
-2236
-2108
-1980
-1884
-1692
-1500
-1308
-1244
-1116
-988
-780
-556
-460
-396
-260
-80
56
196
292
260
340
460
556
652
652
684
716
748
844
924
924
876
844
844
876
924
876
812
716
748
844
812
748
716
748
780
812
876
924
924
924
924
876
924
988
924
924
924
988
1052
1116
1180
1180
1180
1244
1244
1308
1372
1372
1500
1500
1500
1500
1500
1564
1564
1628
1564
1436
1436
1372
1372
1308
1308
1180
1116
924
812
748
684
524
356
164
16
-64
-148
-292
-460
-652
-780
-876
-988
-1180
-1436
-1628
-1756
-1820
-1884
-1980
-2108
-2236
-2364
-2364
-2364
-2364
-2364
-2364
-2364
-2364
-2236
-2236
-2108
-2108
-1980
-1980
-1884
-1820
-1692
-1500
-1372
-1244
-1116
-1052
-988
-876
-748
-652
-556
-460
-372
-308
-244
-148
-16
48
88
104
148
196
228
260
308
396
428
428
356
372
428
428
460
460
428
396
428
492
588
652
684
716
716
748
844
988
1052
1116
1116
1116
1116
1180
1308
1436
1436
1436
1372
1372
1372
1500
1628
1692
1756
1756
1756
1692
1692
1692
1756
1756
1756
1756
1692
1692
1628
1628
1564
1500
1372
1244
1116
1052
924
748
588
460
324
148
16
-72
-180
-260
-372
-524
-652
-812
-924
-1052
-1116
-1244
-1372
-1500
-1564
-1628
-1692
-1756
-1820
-1884
-1884
-1884
-1980
-1980
-2108
-1980
-1980
-1980
-1980
-1980
-1980
-1980
-1884
-1820
-1820
-1820
-1756
-1692
-1628
-1500
-1436
-1436
-1372
-1244
-1116
-988
-988
-988
-988
-876
-748
-620
-492
-492
-460
-460
-292
-164
-132
-72
-40
16
72
148
196
292
396
524
620
716
748
812
876
924
1052
1116
1116
1180
1244
1308
1372
1436
1436
1500
1564
1628
1692
1756
1692
1692
1692
1756
1820
1820
1820
1820
1820
1884
1884
1820
1756
1756
1692
1692
1692
1628
1436
1372
1308
1308
1244
1116
988
924
780
652
524
460
340
212
112
-24
-148
-244
-276
-324
-428
-588
-716
-780
-812
-924
-988
-1052
-1116
-1180
-1180
-1180
-1180
-1244
-1308
-1372
-1436
-1436
-1372
-1372
-1372
-1436
-1436
-1500
-1500
-1436
-1436
-1436
-1500
-1564
-1564
-1564
-1500
-1436
-1436
-1436
-1436
-1436
-1372
-1436
-1372
-1308
-1244
-1308
-1308
-1244
-1244
-1116
-1052
-988
-924
-924
-876
-812
-684
-588
-492
-460
-492
-460
-396
-308
-148
16
112
180
276
356
492
652
812
924
1052
1116
1244
1308
1436
1564
1628
1756
1884
1884
1980
2108
2108
2364
2364
2364
2364
2364
2364
2364
2492
2364
2364
2236
2108
2108
1980
1980
1820
1756
1564
1500
1372
1180
988
876
716
588
428
260
164
72
-32
-148
-276
-396
-524
-620
-684
-812
-924
-1052
-1116
-1244
-1244
-1308
-1308
-1308
-1372
-1372
-1436
-1436
-1436
-1436
-1436
-1436
-1372
-1308
-1244
-1244
-1244
-1180
-1180
-1116
-1116
-1116
-1180
-1180
-1052
-1052
-1116
-1116
-1116
-1116
-1116
-1116
-1116
-1116
-1180
-1116
-1116
-1116
-1116
-1116
-1052
-988
-924
-924
-988
-988
-924
-844
-812
-844
-876
-924
-844
-748
-652
-588
-492
-396
-276
-180
-112
-72
56
244
396
492
588
716
844
1052
1180
1308
1372
1500
1628
1756
1884
2108
2236
2236
2364
2492
2492
2492
2620
2620
2620
2620
2620
2492
2492
2492
2492
2364
2236
2108
1980
1884
1756
1628
1500
1308
1116
924
780
652
524
372
260
120
-16
-196
-356
-492
-588
-684
-812
-924
-1052
-1180
-1244
-1244
-1244
-1308
-1436
-1500
-1500
-1500
-1436
-1436
-1372
-1372
-1436
-1436
-1436
-1372
-1308
-1308
-1308
-1308
-1244
-1180
-1052
-988
-924
-924
-988
-924
-924
-876
-844
-844
-876
-924
-924
-924
-924
-844
-844
-876
-988
-988
-988
-924
-876
-924
-988
-1052
-1116
-1116
-1116
-1116
-1116
-1180
-1180
-1180
-1180
-1180
-1116
-1052
-988
-876
-812
-716
-588
-428
-276
-164
-80
48
180
396
620
780
988
1116
1244
1436
1564
1692
1884
2108
2236
2364
2364
2492
2492
2620
2748
2748
2748
2748
2748
2620
2748
2620
2492
2364
2364
2236
2108
1980
1820
1692
1500
1372
1180
988
812
620
460
340
212
104
-8
-180
-356
-492
-588
-684
-780
-876
-988
-1052
-1052
-1052
-1052
-1052
-1116
-1180
-1180
-1116
-1052
-1052
-1052
-1052
-1052
-988
-924
-844
-812
-780
-812
-812
-748
-748
-748
-748
-716
-684
-652
-620
-620
-588
-588
-556
-588
-620
-620
-620
-652
-716
-748
-780
-812
-780
-812
-844
-924
-924
-988
-1052
-1052
-1116
-1116
-1116
-1180
-1244
-1308
-1308
-1308
-1308
-1244
-1244
-1180
-1052
-988
-876
-812
-716
-588
-492
-372
-212
-96
16
148
324
460
620
780
924
1052
1244
1436
1564
1628
1692
1820
1884
1980
2108
2108
2108
2108
2108
2108
2108
2108
1980
1980
1884
1820
1692
1692
1628
1564
1436
1244
1052
924
876
812
684
492
324
180
80
0
-56
-120
-212
-244
-292
-356
-396
-396
-396
-428
-460
-556
-588
-620
-588
-492
-492
-492
-524
-524
-460
-396
-356
-396
-396
-396
-396
-356
-372
-324
-324
-356
-340
-308
-324
-372
-428
-428
-428
-396
-460
-492
-556
-588
-620
-684
-780
-876
-988
-1052
-1116
-1180
-1180
-1244
-1308
-1308
-1372
-1372
-1372
-1436
-1436
-1436
-1308
-1308
-1308
-1244
-1180
-1116
-988
-924
-844
-780
-684
-556
-396
-260
-132
-8
112
276
428
524
652
748
924
988
1052
1180
1180
1244
1308
1436
1500
1564
1564
1564
1564
1564
1564
1564
1436
1436
1372
1308
1308
1244
1180
1116
1052
924
780
716
652
588
556
428
308
196
96
56
32
-24
-96
-132
-120
-132
-180
-180
-196
-196
-196
-148
-88
-96
-80
-56
-40
-16
16
32
56
72
72
96
148
164
164
196
180
196
180
132
96
72
64
64
32
0
-80
-164
-228
-276
-292
-356
-460
-588
-716
-780
-876
-924
-988
-1052
-1116
-1180
-1244
-1308
-1308
-1308
-1308
-1308
-1372
-1372
-1436
-1372
-1308
-1244
-1180
-1180
-1116
-988
-924
-844
-748
-620
-492
-356
-276
-212
-96
32
196
324
396
396
460
556
652
748
844
924
876
924
924
988
988
988
988
988
924
924
876
844
812
780
716
652
588
556
492
460
428
396
340
292
228
228
228
212
132
56
40
40
24
72
88
80
80
132
244
324
340
292
324
340
396
460
492
524
556
620
684
716
684
652
652
684
748
780
748
684
652
652
620
588
492
340
228
180
148
48
-104
-228
-356
-396
-460
-588
-716
-876
-988
-1052
-1052
-1116
-1244
-1372
-1436
-1500
-1500
-1564
-1564
-1564
-1500
-1436
-1436
-1436
-1436
-1436
-1308
-1180
-1116
-1052
-988
-924
-780
-620
-492
-428
-356
-276
-148
-16
104
212
244
292
356
460
556
620
716
748
812
812
844
844
924
924
924
924
844
780
716
652
620
588
492
372
308
244
212
148
72
32
-16
-48
-64
-112
-164
-180
-196
-228
-212
-244
-276
-244
-196
-148
-132
-132
-104
-32
72
164
228
292
308
356
428
524
588
588
652
684
716
780
844
924
988
988
988
988
988
988
924
924
924
876
780
684
620
620
620
492
396
292
180
80
24
-72
-196
-372
-556
-652
-684
-780
-876
-924
-1052
-1052
-1116
-1180
-1244
-1244
-1244
-1244
-1244
-1180
-1180
-1180
-1180
-1180
-1116
-1052
-988
-924
-876
-844
-748
-716
-620
-556
-492
-396
-292
-180
-88
-56
-32
0
88
148
212
260
308
356
372
428
460
428
396
396
372
396
372
356
356
340
308
308
244
212
196
180
196
164
132
80
64
96
104
120
112
104
88
72
80
64
80
104
112
148
196
228
276
340
356
372
396
396
428
492
524
588
620
620
652
684
684
748
748
780
748
716
716
684
652
652
620
588
588
556
556
524
460
340
212
112
88
48
8
-72
-212
-308
-396
-428
-492
-556
-684
-748
-812
-844
-844
-924
-924
-924
-924
-924
-924
-924
-988
-988
-988
-924
-876
-924
-924
-876
-780
-684
-652
-588
-556
-524
-428
-340
-276
-228
-180
-104
-72
-24
24
64
112
112
112
112
132
148
180
180
196
196
164
164
148
164
180
148
120
104
96
96
80
56
48
0
0
56
48
24
16
0
40
72
96
112
112
132
180
228
244
244
196
196
260
324
340
372
372
396
460
492
556
588
620
620
620
652
620
684
716
748
716
716
684
684
716
716
684
620
524
460
396
340
324
276
196
112
64
-24
-96
-148
-212
-276
-340
-396
-492
-524
-524
-588
-620
-620
-652
-652
-652
-652
-652
-652
-652
-620
-620
-652
-652
-652
-556
-492
-460
-460
-460
-428
-372
-324
-308
-276
-292
-292
-260
-244
-196
-180
-164
-148
-120
-104
-80
-64
-40
-24
-16
-24
0
56
40
64
72
24
0
8
40
48
64
72
56
72
104
120
132
120
96
72
40
16
16
32
80
112
132
164
212
228
228
212
228
244
292
292
292
324
356
396
492
556
524
524
556
556
588
588
588
524
492
492
492
524
524
460
428
428
396
372
308
244
212
164
120
56
-8
-56
-104
-112
-180
-276
-356
-428
-460
-460
-524
-556
-588
-652
-652
-684
-684
-684
-748
-748
-780
-748
-716
-684
-684
-652
-652
-620
-588
-556
-524
-524
-460
-428
-396
-428
-396
-356
-324
-260
-260
-260
-212
-132
-96
-48
-32
-32
0
24
72
96
88
104
132
180
196
212
244
244
260
292
244
228
228
212
244
292
340
356
324
324
340
356
356
396
396
396
428
460
492
556
556
556
524
524
556
588
588
588
556
588
588
620
684
716
748
780
748
716
684
684
652
652
652
588
524
460
428
396
356
324
244
164
56
-24
-48
-88
-96
-132
-228
-340
-428
-460
-460
-460
-524
-620
-684
-748
-748
-748
-780
-812
-844
-876
-844
-876
-924
-924
-988
-988
-988
-988
-924
-924
-924
-876
-844
-780
-780
-780
-748
-748
-748
-684
-652
-620
-556
-492
-428
-396
-356
-292
-244
-228
-196
-164
-132
-112
-56
0
32
56
72
88
112
164
196
244
260
244
244
260
260
276
292
324
340
308
340
356
356
396
492
492
492
492
492
492
556
620
652
620
620
652
652
652
652
652
652
684
748
748
748
748
716
716
748
748
716
684
652
684
652
652
620
524
460
428
428
396
356
308
260
196
164
120
80
64
32
-40
-120
-180
-212
-228
-276
-340
-396
-396
-372
-356
-340
-372
-428
-460
-492
-492
-524
-588
-588
-620
-588
-556
-556
-556
-556
-588
-588
-556
-556
-556
-556
-556
-524
-492
-492
-492
-492
-460
-460
-428
-428
-460
-460
-396
-372
-324
-292
-260
-244
-228
-212
-164
-164
-148
-132
-148
-164
-164
-148
-120
-64
-16
16
-16
-32
-32
8
64
132
132
148
148
132
164
180
148
148
180
228
276
308
308
324
340
356
428
428
428
460
460
492
524
588
588
556
556
588
588
556
524
492
524
492
460
428
396
356
324
276
244
212
196
212
196
164
120
56
32
32
16
-24
-88
-132
-132
-132
-132
-196
-276
-340
-308
-292
-292
-324
-372
-428
-428
-396
-396
-428
-460
-492
-492
-492
-460
-428
-460
-524
-524
-524
-524
-492
-460
-460
-428
-396
-356
-356
-396
-372
-324
-292
-228
-180
-132
-112
-96
-72
-56
-32
-8
-32
-64
-32
0
40
64
64
104
148
164
212
260
260
276
292
372
428
396
460
492
492
492
492
492
492
492
460
428
428
428
396
428
428
428
428
396
396
372
372
372
340
340
308
276
244
260
260
260
228
196
180
148
148
148
132
96
72
64
40
40
48
40
16
24
0
-56
-112
-120
-112
-96
-112
-180
-244
-260
-244
-180
-164
-196
-260
-308
-324
-324
-356
-372
-372
-372
-324
-292
-292
-292
-292
-308
-324
-356
-396
-396
-428
-428
-428
-460
-492
-492
-492
-492
-524
-556
-556
-556
-556
-524
-460
-428
-396
-356
-308
-276
-276
-260
-260
-244
-228
-244
-228
-228
-244
-228
-180
-148
-104
-48
-24
24
72
96
132
180
212
228
244
260
308
340
356
372
396
460
492
492
524
556
620
620
620
684
652
652
652
684
684
684
684
684
684
684
652
620
588
556
556
524
492
428
372
340
308
308
308
308
292
244
196
180
120
64
40
32
16
-32
-56
-72
-96
-120
-132
-164
-228
-276
-292
-308
-324
-324
-340
-356
-396
-396
-396
-428
-428
-428
-428
-460
-428
-460
-460
-460
-460
-460
-428
-460
-492
-492
-460
-428
-372
-396
-428
-428
-396
-356
-340
-324
-340
-340
-340
-308
-260
-244
-228
-228
-244
-228
-212
-212
-212
-196
-196
-164
-120
-88
-56
-72
-48
-16
-16
8
80
112
132
180
212
228
260
276
292
308
324
324
324
340
340
324
340
340
340
356
340
340
340
356
372
396
372
372
372
396
428
428
428
428
396
396
396
396
356
308
292
292
324
340
308
276
244
196
196
196
148
96
40
0
-8
-16
-32
-72
-88
-96
-96
-104
-132
-132
-148
-180
-196
-180
-212
-228
-228
-244
-260
-260
-244
-260
-276
-260
-292
-324
-324
-340
-372
-356
-340
-324
-308
-292
-276
-308
-372
-396
-340
-324
-324
-340
-372
-396
-372
-356
-308
-276
-292
-308
-292
-308
-292
-292
-260
-212
-212
-196
-164
-148
-148
-120
-104
-88
-64
-48
-16
24
64
56
80
112
148
228
228
244
244
228
260
324
356
372
372
372
396
428
460
492
524
524
492
492
460
428
460
460
460
460
460
460
428
428
428
396
396
396
356
308
292
260
260
228
164
132
132
132
104
64
16
-32
-64
-56
-88
-148
-164
-180
-180
-180
-212
-228
-276
-308
-324
-308
-308
-308
-340
-324
-308
-292
-292
-324
-340
-340
-324
-244
-196
-180
-196
-228
-260
-292
-276
-276
-260
-244
-260
-260
-260
-276
-308
-292
-276
-260
-228
-228
-228
-244
-260
-276
-260
-228
-228
-196
-212
-228
-228
-212
-180
-164
-132
-120
-80
-40
-40
-8
0
24
64
104
120
132
180
164
180
180
212
260
260
244
276
276
276
340
340
356
396
396
396
396
396
396
396
396
396
396
396
372
340
356
324
308
292
276
276
260
260
260
244
212
180
164
132
112
96
80
48
32
16
16
0
-8
-24
-64
-80
-120
-132
-120
-148
-180
-196
-196
-196
-212
-212
-228
-212
-196
-180
-148
-132
-148
-148
-120
-112
-132
-180
-196
-212
-180
-164
-180
-196
-228
-244
-228
-180
-164
-180
-212
-212
-228
-244
-244
-228
-196
-180
-196
-180
-180
-212
-212
-196
-196
-180
-164
-132
-132
-132
-96
-56
-40
-24
0
0
-8
0
0
8
32
40
64
72
48
56
64
64
120
148
148
164
212
228
244
260
260
308
324
340
340
308
276
244
260
276
276
292
292
292
276
276
276
260
228
212
228
212
180
132
132
88
56
48
24
8
-16
-24
-16
-24
-32
-40
-48
-64
-88
-104
-104
-120
-132
-132
-148
-148
-148
-164
-164
-180
-180
-180
-164
-164
-148
-148
-120
-120
-104
-96
-120
-132
-148
-148
-148
-164
-164
-132
-148
-148
-148
-148
-148
-132
-120
-112
-132
-148
-164
-164
-164
-164
-180
-164
-164
-196
-212
-212
-196
-180
-148
-132
-132
-132
-132
-132
-104
-80
-88
-96
-80
-64
-56
-40
-16
-40
0
8
24
56
64
88
132
148
180
212
244
308
292
292
308
292
308
324
356
356
356
372
396
396
372
372
340
324
324
324
356
340
324
308
260
244
212
180
148
132
132
88
56
32
0
0
-8
-8
-16
-24
-40
-48
-64
-64
-72
-104
-148
-212
-212
-212
-196
-180
-132
-132
-120
-148
-120
-88
-80
-56
-48
-48
-40
-24
-48
-56
-40
-40
-48
-40
-24
-8
-8
-16
-48
-56
-80
-88
-88
-88
-72
-72
-104
-132
-148
-180
-196
-212
-228
-228
-244
-228
-228
-212
-212
-260
-276
-276
-276
-276
-276
-276
-260
-244
-260
-244
-228
-212
-180
-164
-164
-180
-196
-180
-132
-96
-56
-40
-16
8
32
80
112
104
132
132
132
164
180
228
260
292
340
356
340
340
340
340
340
308
292
276
260
244
180
148
164
164
196
196
164
148
112
96
72
56
40
8
0
-8
8
48
48
8
8
8
0
-8
-8
-8
0
8
48
72
80
88
96
104
88
72
72
56
32
24
64
64
32
8
0
8
8
16
56
64
64
40
24
32
32
32
24
8
-16
-56
-72
-72
-72
-88
-112
-132
-164
-148
-148
-120
-112
-148
-164
-180
-164
-164
-180
-164
-164
-196
-196
-164
-164
-164
-164
-180
-196
-196
-164
-148
-112
-80
-88
-80
-72
-48
-24
0
8
0
16
8
8
32
40
64
88
112
72
56
56
40
48
56
40
40
40
40
48
40
40
16
32
-8
-24
-16
-32
-56
-64
-48
-56
-40
-56
-72
-72
-72
-48
-32
-24
-32
0
0
8
0
0
0
16
48
72
80
80
88
88
80
80
104
132
120
132
132
120
132
132
164
180
180
164
164
164
164
164
132
132
132
148
132
104
88
88
88
72
64
40
8
-8
-48
-56
-48
-40
-64
-104
-112
-132
-148
-148
-148
-164
-180
-212
-228
-228
-228
-260
-260
-228
-244
-228
-228
-212
-196
-196
-164
-120
-104
-96
-80
-72
-16
0
8
32
64
88
112
112
112
120
104
96
132
132
164
180
196
212
212
228
228
212
212
196
196
164
132
96
104
96
64
56
32
24
16
48
40
16
-8
-40
-48
-64
-56
-48
-64
-64
-64
-80
-72
-88
-96
-96
-96
-80
-80
-72
-88
-56
-48
-56
-40
-64
-72
-56
-56
-48
-56
-56
-72
-64
-56
-24
-8
-8
0
-8
8
16
16
24
16
16
16
8
0
0
24
40
40
56
56
48
24
16
-8
-24
-24
-40
-40
-56
-80
-96
-88
-96
-104
-104
-112
-132
-132
-104
-112
-120
-132
-120
-112
-112
-112
-120
-104
-80
-48
-16
8
0
-8
0
0
32
64
80
96
112
104
104
104
148
148
148
164
164
164
164
180
196
212
196
196
180
164
164
164
164
132
112
148
148
112
80
48
8
24
56
80
80
64
56
40
40
8
-8
-64
-104
-96
-88
-72
-88
-148
-132
-132
-112
-88
-88
-96
-112
-80
-64
-56
-72
-80
-56
-48
-8
0
8
16
0
8
16
24
56
88
132
132
148
148
120
96
72
48
8
-8
-24
-56
-72
-80
-88
-80
-40
-48
-56
-64
-96
-148
-180
-180
-164
-180
-212
-244
-244
-244
-260
-244
-244
-276
-308
-308
-276
-260
-244
-228
-196
-180
-148
-132
-104
-88
-72
-56
-56
-32
0
24
56
72
72
88
132
148
196
212
244
244
260
260
244
260
260
244
244
244
260
260
244
228
212
212
228
196
180
212
196
180
164
164
148
112
80
64
64
56
40
40
32
32
16
-24
-48
-56
-40
-40
-56
-32
-40
-64
-64
-48
-48
-40
-8
-16
-8
-24
-24
-32
-32
-8
24
8
0
-24
-16
8
16
32
56
40
8
8
8
8
0
0
-24
-56
-48
-48
-56
-40
-48
-64
-88
-104
-132
-132
-164
-180
-164
-148
-164
-132
-120
-132
-164
-196
-212
-212
-196
-196
-196
-180
-196
-196
-196
-180
-132
-148
-148
-112
-96
-72
-64
-56
-40
-40
-48
0
16
16
40
48
72
96
96
104
132
148
164
164
148
164
164
164
164
148
132
132
104
88
112
88
72
48
40
40
24
32
16
0
-32
-48
-32
-40
-48
-64
-72
-48
-64
-80
-64
-40
-24
-8
24
56
32
8
32
56
72
80
80
88
96
132
164
196
196
196
212
212
228
244
228
228
244
244
244
212
196
180
164
148
148
120
120
88
80
80
40
16
-16
-24
-40
-64
-80
-120
-132
-164
-180
-196
-212
-228
-244
-228
-244
-244
-244
-244
-244
-244
-276
-292
-308
-308
-276
-244
-212
-196
-164
-132
-112
-80
-64
-72
-32
-16
8
32
40
56
64
72
88
96
112
148
148
148
148
148
132
164
164
148
96
64
8
-8
-32
-64
-72
-96
-96
-88
-88
-104
-120
-132
-132
-132
-132
-148
-180
-196
-196
-164
-132
-132
-120
-120
-132
-148
-132
-104
-88
-88
-80
-56
-40
-16
-8
0
8
24
32
48
56
56
64
96
132
180
196
196
196
212
212
260
260
244
244
228
244
244
260
244
244
244
228
228
228
196
132
132
112
120
132
148
132
88
72
64
64
56
40
-8
-48
-88
-96
-72
-64
-56
-24
0
-8
0
0
0
0
-8
-24
-48
-64
-88
-96
-80
-40
16
8
0
0
-16
-16
-8
-8
-24
-32
-56
-88
-88
-80
-80
-88
-96
-112
-148
-148
-164
-164
-164
-180
-164
-196
-196
-180
-180
-196
-196
-228
-228
-244
-244
-212
-196
-212
-228
-180
-148
-104
-80
-64
-56
-96
-72
-48
-32
-8
0
-8
-8
8
32
56
72
96
132
132
132
164
148
180
196
180
196
164
164
148
180
196
148
132
148
132
132
132
148
148
132
120
112
88
80
88
72
88
72
24
24
8
0
0
16
8
-8
-16
-16
-8
0
0
0
-8
-8
16
32
16
8
-8
-24
-24
-16
-8
0
0
0
24
40
64
40
40
40
40
32
8
8
8
-8
-8
8
0
0
-8
-24
-32
-16
-8
-8
-16
-32
-32
-32
-72
-88
-120
-148
-164
-180
-148
-148
-132
-148
-132
-132
-132
-148
-164
-148
-148
-148
-112
-104
-120
-148
-148
-132
-96
-88
-64
-64
-56
-48
-24
0
16
16
8
-8
-8
-8
8
24
48
88
80
80
72
64
72
96
148
164
212
212
212
196
212
212
228
244
244
244
244
244
196
180
164
148
148
164
164
148
132
132
132
132
164
164
148
112
72
48
48
40
16
16
0
0
-16
-32
-40
-48
-64
-96
-120
-120
-148
-164
-180
-196
-196
-228
-228
-244
-244
-276
-292
-276
-260
-260
-260
-276
-260
-260
-228
-212
-228
-244
-196
-196
-180
-148
-148
-132
-148
-120
-104
-96
-96
-88
-72
-56
-16
-16
8
16
24
24
40
56
48
64
104
96
72
72
56
64
80
96
104
104
88
96
96
96
120
120
120
120
112
104
88
72
72
56
40
