SAMPLES:	8761
BITSPERSAMPLE:	16
CHANNELS:	1
SAMPLERATE:	16000
NORMALIZED:	FALSE
40
40
40
40
40
40
40
32
32
32
40
32
32
40
32
32
24
24
24
24
24
24
24
24
16
16
16
16
8
8
16
8
8
8
0
0
0
0
0
0
0
0
0
0
0
0
0
-8
-8
-8
-16
-16
-16
-16
-16
-8
-8
-8
-8
-8
-16
-16
-16
-16
-16
-16
-16
-24
-24
-16
-16
-16
-24
-24
-24
-24
-24
-24
-24
-24
-24
-24
-24
-24
-24
-24
-24
-16
-24
-24
-24
-24
-24
-16
-16
-16
-16
-16
-16
-16
-16
-16
-16
-16
-8
-16
-16
-16
-16
-16
-16
-16
-16
-8
-8
-8
-8
-8
-8
0
0
0
0
0
0
0
0
0
8
8
8
8
8
8
16
16
16
24
24
24
24
24
16
16
24
24
24
24
24
24
32
32
32
32
32
32
24
16
16
24
24
24
32
24
24
24
16
16
16
16
16
16
16
16
16
8
8
8
8
8
0
0
0
0
0
0
0
0
0
0
0
0
0
0
0
0
-8
-8
-16
-8
-8
0
0
0
-8
-8
-8
-8
-8
-8
-8
-16
-8
-8
-8
0
-8
-8
-8
-16
-16
-8
-8
-16
-16
-16
-8
-16
-8
0
-8
-8
-8
-16
-8
-8
-8
-16
-8
-8
-16
-16
-16
-24
-24
-24
-16
-16
-16
-16
-16
-16
-16
-16
-16
-16
-8
-16
-16
-16
-16
-16
-8
-8
-8
-8
-8
-8
0
0
0
0
0
0
0
0
0
8
8
8
8
8
8
0
0
8
16
16
24
32
24
24
24
24
24
24
24
24
32
32
32
32
32
32
32
32
40
32
32
24
24
24
24
24
24
16
16
16
16
16
16
8
8
8
8
8
0
8
8
8
8
8
0
0
0
-8
-8
-8
-8
-8
-8
-16
-8
-8
-8
-8
-8
-8
-16
-16
-16
-24
-24
-24
-24
-32
-24
-16
-16
-24
-24
-24
-24
-24
-24
-24
-24
-24
-24
-24
-16
-8
-16
-8
-16
-24
-40
-32
-32
-24
-16
-8
-8
0
0
-8
0
0
-8
-8
-8
-16
-24
-24
-24
-16
-8
0
0
0
0
8
8
8
0
0
0
0
0
0
8
0
0
0
0
8
16
16
24
16
24
24
16
24
24
16
16
16
16
16
16
16
32
32
32
32
32
32
24
24
24
32
24
24
32
24
16
24
16
8
8
16
8
16
8
16
16
16
16
8
0
0
0
0
0
0
0
-8
0
-8
-8
-16
-8
-8
-8
-16
-40
0
8
132
56
-88
-64
-120
-164
-148
-56
16
104
56
-96
-104
-48
-132
-56
56
40
32
-8
-24
-16
-32
-40
0
16
16
32
56
16
-8
-8
-8
0
16
40
56
48
48
48
16
0
-32
-40
0
24
48
48
56
56
8
0
0
-16
-32
-16
0
0
-24
-8
0
-24
-8
0
0
0
8
0
8
0
0
-8
-24
-16
-24
-8
0
-8
-24
-16
-16
-24
-24
-8
-24
-8
-8
-16
16
16
0
-8
-8
-40
-40
-24
-32
-24
0
-8
-8
8
-16
-32
-24
-40
-32
-8
-16
-24
-24
-24
-32
-16
0
0
0
0
-16
-8
0
8
0
-8
8
16
8
0
0
8
24
16
0
32
24
0
0
-16
-8
8
16
24
56
24
32
56
96
196
96
0
-72
-56
-72
-72
32
56
88
0
-112
-120
-112
-80
0
196
460
356
132
132
8
-148
-164
-164
-56
180
228
16
-104
-80
-244
-164
40
132
228
212
196
64
-16
0
-132
-148
16
64
180
132
64
40
-56
-56
-56
80
148
96
132
88
32
-72
-180
-164
-164
-132
-48
-80
-96
-96
-88
72
132
40
80
72
0
24
40
0
-24
-80
-164
-244
-164
-104
-88
-8
-56
-64
-16
-88
-64
-80
-64
48
-8
-16
0
-80
-132
-120
-112
8
112
40
-56
-72
-96
-196
-96
-72
-48
48
-40
0
0
-132
-80
-56
-132
8
56
48
32
88
48
8
40
-32
16
96
16
-16
0
8
0
-120
-88
0
16
-16
132
228
80
40
32
-24
0
96
96
132
164
72
16
120
40
-16
80
8
48
40
24
80
32
24
8
-32
0
-8
8
56
24
8
8
16
-40
0
40
-16
64
120
16
0
0
-32
24
40
16
72
16
-72
-48
0
56
56
-8
-8
-56
-48
-16
-8
88
72
0
16
72
16
-72
-16
0
8
0
-8
24
40
96
-16
8
48
-80
-120
-64
-88
-88
40
-32
-164
-112
-196
-292
0
120
24
64
-16
-96
-112
-80
-32
88
132
80
88
80
-48
-132
-40
-8
56
120
148
56
8
-40
-96
16
32
-32
16
56
0
-40
-32
-40
-48
-64
-8
120
56
-16
32
-32
-72
0
0
24
32
24
24
72
96
-24
0
0
-80
-48
32
80
8
0
32
0
0
24
16
-16
-56
-72
-48
-48
-120
-112
-16
-24
-32
-56
-132
-104
8
-48
-8
132
-16
-112
-16
16
-24
40
120
32
40
32
-56
-80
-64
-112
-88
24
80
48
-8
-40
-64
-88
-56
32
56
0
-8
-32
-24
-32
-16
72
88
48
80
132
96
32
24
0
32
64
72
96
88
0
-16
80
56
16
72
56
64
64
0
-8
24
-40
-32
88
120
24
0
0
-40
16
24
48
56
8
-16
-8
32
-8
-40
0
-32
-32
32
8
-8
-8
-88
-96
-32
-8
0
16
16
-24
-8
-40
-104
-32
-48
-64
-16
40
8
-40
-32
-56
-16
8
0
24
16
-16
-32
-32
-16
-8
0
0
24
48
-16
-32
-40
-56
-32
24
40
-16
-8
-56
-96
-72
-16
8
24
40
24
40
0
-64
-24
24
8
8
80
48
-40
-96
-88
-8
0
24
72
72
24
-64
-88
-48
-24
0
24
80
96
64
-24
-24
-8
-48
0
64
104
64
-8
-48
-48
-48
-16
8
40
64
56
40
16
-8
-64
-64
-16
32
56
48
40
0
-40
-40
-48
8
24
24
48
24
16
-8
-32
-32
8
32
24
56
40
-32
-64
-72
-16
24
32
40
64
8
-48
-24
0
-8
0
16
8
-8
-48
-32
-24
-8
-8
32
88
64
24
-8
-8
-24
-40
24
32
48
48
8
24
-24
-72
-48
0
0
16
64
16
0
-8
-40
0
24
24
8
16
-16
-72
-56
-56
-56
-32
-8
8
-8
-40
-48
-48
-64
-56
-16
0
16
0
16
8
0
-32
-48
0
8
0
-8
16
40
-8
-24
-8
-16
-32
0
16
24
16
0
16
24
8
0
40
80
32
8
16
16
0
-40
0
72
32
0
40
40
-16
-32
-8
-8
-24
-32
-8
40
24
0
-8
-24
-16
-16
-8
8
0
-8
-16
-32
-40
-16
24
0
-40
-16
8
8
-40
-24
16
-16
-16
-8
24
32
16
16
40
56
16
8
40
24
-8
0
40
56
16
0
24
24
-40
-32
24
40
0
-8
40
88
56
-16
0
56
24
0
24
56
56
40
-16
0
16
-8
8
40
72
64
0
-24
-16
0
-32
-32
0
16
24
24
0
0
-16
-24
-16
-16
8
16
0
-48
-56
-16
-32
-56
-72
-32
16
-24
-64
-32
-16
-56
-72
-40
0
16
-24
-48
-16
-32
-88
-48
0
-8
-24
-24
-32
-24
-48
-80
-56
8
16
8
8
16
-24
-96
-96
-56
0
32
8
16
32
-8
-72
-72
-16
8
0
0
24
32
0
-48
-48
16
40
-8
0
40
24
-72
-80
-40
-16
-8
0
40
72
32
-56
-64
-8
0
0
48
64
40
8
-24
-24
24
24
48
88
96
88
40
24
32
16
48
88
96
88
72
72
64
56
56
88
148
120
96
80
80
80
48
56
72
56
56
88
48
-16
0
24
32
24
0
32
64
0
-40
24
72
0
-32
16
32
0
-40
-64
-16
-16
-72
-56
16
8
-88
-96
-72
-56
-64
-64
-24
-32
-48
-72
-80
-80
-80
-96
-80
-64
-56
-64
-80
-88
-96
-112
-96
-48
-48
-88
-112
-104
-112
-96
-80
-72
-48
-56
-88
-104
-104
-88
-112
-104
-56
-32
-40
0
-32
-88
-32
-16
-16
-24
-16
-16
-8
-32
-56
-8
48
0
0
8
-40
-48
0
48
104
112
96
88
120
80
16
56
120
148
148
180
212
212
180
148
180
228
228
196
164
164
196
180
164
164
196
212
164
120
112
88
0
-48
16
48
8
8
24
72
40
-24
-40
0
-16
-64
-88
-80
-96
-148
-148
-120
-104
-112
-72
-72
-104
-148
-180
-180
-196
-212
-164
-112
-96
-120
-164
-164
-148
-148
-180
-132
-88
-120
-120
-120
-112
-96
-72
-96
-80
-32
-72
-104
-56
-24
-16
-8
40
72
40
72
32
40
56
88
196
228
228
212
164
132
132
96
80
164
196
148
112
196
212
132
48
80
148
148
104
80
88
40
-8
-24
48
112
56
-64
-96
-24
-72
-132
-112
-96
-132
-164
-180
-148
-120
-180
-196
-164
-164
-180
-164
-180
-196
-196
-212
-164
-148
-148
-148
-64
-16
-56
-96
-88
-88
-112
-148
-96
40
88
40
16
16
-40
-104
-96
-48
-24
-16
88
148
132
72
48
56
64
40
40
120
96
16
0
132
164
148
180
244
228
104
88
112
164
180
196
292
372
372
260
244
324
340
212
196
260
292
244
180
260
260
180
148
212
244
212
148
132
112
80
8
0
0
-16
-64
-96
-112
-164
-244
-308
-324
-340
-308
-324
-324
-324
-356
-396
-428
-396
-396
-428
-396
-396
-396
-396
-428
-396
-356
-356
-356
-308
-260
-212
-212
-244
-180
-56
-32
-40
-32
0
8
-32
-32
0
56
24
16
72
80
48
40
24
72
164
180
148
148
56
-32
0
64
96
148
244
228
148
96
196
212
120
88
196
292
180
88
148
244
212
112
164
308
292
244
260
308
428
492
524
780
988
876
652
588
556
492
492
588
748
780
588
396
228
8
-80
-88
-132
-212
-396
-620
-924
-1052
-1180
-1244
-1308
-1308
-1436
-1564
-1628
-1756
-1884
-1884
-1756
-1564
-1308
-1180
-1180
-1244
-1180
-1116
-924
-652
-428
-228
-132
-24
196
428
588
780
924
924
924
924
876
844
844
876
924
924
812
684
652
524
428
492
524
556
428
228
104
180
372
428
428
524
588
460
196
56
212
428
652
684
716
652
396
196
8
180
428
492
356
372
524
652
844
988
1180
1308
1372
1692
2236
2620
2492
1980
1692
1756
2108
2364
2492
2492
2236
1308
524
104
196
460
356
-132
-844
-1756
-2492
-2876
-2876
-3004
-3260
-3644
-4092
-4348
-4604
-4860
-4860
-4860
-4348
-4092
-3516
-3388
-3516
-3644
-3644
-3004
-2108
-1180
-812
-988
-1052
-812
-356
228
988
1564
1756
1628
1500
1628
1628
1884
2108
2364
2364
2108
1564
1052
620
492
684
924
780
396
-164
-620
-716
-588
-308
24
0
-228
-340
-460
-460
-244
24
324
524
556
588
620
428
460
780
1116
1116
988
924
812
812
652
716
1116
1180
1052
924
988
1180
1436
1980
2364
2492
2364
2236
2748
3644
4604
4604
3900
3132
2876
3388
4092
4348
4604
4348
3004
1436
748
1052
1756
1820
924
-324
-1628
-2620
-3132
-3004
-2876
-3260
-4092
-4604
-5116
-5628
-5884
-6140
-6140
-5884
-5372
-5116
-5116
-5372
-5372
-5116
-4092
-3132
-2364
-2236
-2620
-2748
-1980
-492
556
1052
1116
1052
1308
1692
2364
3132
3388
3004
2492
2364
2236
2108
1980
1820
1756
1436
924
556
72
-396
-588
-460
-244
-396
-812
-1244
-1500
-1500
-1180
-844
-556
-620
-684
-652
-492
-356
-148
196
460
620
748
780
748
748
844
988
1180
1244
1308
1244
1052
1116
1308
1564
1436
1372
1500
1980
2620
3004
3132
2876
2620
3388
4604
5372
4860
3772
3132
3772
4604
4860
5372
5372
4348
2620
1372
1628
2492
2748
1820
460
-1116
-2492
-3004
-2876
-2620
-2876
-4092
-5372
-5884
-6396
-6652
-6652
-6908
-6908
-6652
-6652
-6396
-6396
-6652
-6140
-5116
-4092
-3388
-3132
-3260
-3388
-3004
-1820
-96
1116
1564
1564
1372
1500
1980
2748
3644
4092
3900
3388
2876
2236
1756
1980
2364
2748
2364
1372
396
-556
-844
-180
524
524
-180
-1180
-1756
-1564
-1052
-428
-16
-228
-652
-652
-340
148
556
844
1244
1500
1436
1244
1116
988
1308
1980
2236
2236
1756
1052
876
1308
1980
2236
1980
1308
812
844
1308
2108
2748
2748
2236
1756
2364
3900
4860
4348
3132
2620
3516
4348
4860
4604
4604
4348
3260
2236
1692
2236
2620
1980
924
-460
-1628
-2492
-2748
-2492
-2620
-3388
-4860
-5884
-6396
-6396
-6140
-6396
-6652
-6908
-7164
-6652
-6396
-6396
-6140
-5628
-4860
-4092
-3644
-3516
-3516
-3260
-2364
-924
260
684
716
812
1116
1820
2876
3644
3772
3388
2876
2748
2620
2620
2748
2748
2364
1692
1116
652
276
104
196
308
-80
-844
-1308
-1372
-1116
-780
-460
-396
-684
-988
-812
-308
132
428
524
492
556
652
844
1180
1308
1436
1500
1436
1180
1116
1116
1308
1564
1564
1308
924
620
716
1116
1436
1500
1692
1884
1980
2108
2108
3260
4604
4604
3772
2492
2748
4348
5372
5372
5116
5116
4604
3516
2748
2876
4092
4348
3132
1500
-260
-1308
-1564
-1116
-812
-1436
-3004
-4860
-5628
-5884
-5372
-5116
-5628
-6396
-6908
-6908
-6652
-6396
-6396
-6140
-5372
-4860
-4604
-4604
-4348
-4092
-3388
-2236
-652
48
-356
-988
-812
812
2492
3132
3132
2876
2236
1628
1884
2876
3772
3260
2108
1436
924
396
372
988
1372
876
-356
-1180
-1436
-1436
-988
-356
-120
-748
-1628
-1820
-1372
-652
-88
324
372
64
-276
-276
112
620
988
1180
1180
876
492
428
748
1180
1564
1628
1244
780
356
356
780
1180
1436
1244
812
1052
1692
2236
2492
2492
3388
4348
4348
3260
2236
3260
5116
5884
5372
4860
4604
3900
3132
3004
3900
4860
4348
2620
748
-620
-924
-652
-80
-260
-1564
-3644
-5116
-5372
-5116
-4604
-4604
-5628
-6652
-7420
-7164
-6652
-6140
-6140
-5884
-5628
-5372
-5372
-5116
-4860
-3900
-3132
-2108
-1436
-1244
-780
-428
164
1244
2236
2748
2620
2492
2620
3132
3260
3132
3260
3004
2620
2492
2364
2492
1980
988
620
716
652
292
-40
-324
-492
-620
-556
-260
-396
-684
-684
-396
0
40
-64
-8
104
276
556
812
716
428
492
812
1180
1052
684
428
356
620
844
876
716
428
212
292
524
556
524
556
1052
1980
2364
1980
1756
2620
3900
4348
3388
2364
3132
4604
5372
5116
4604
4860
4092
3388
3132
3772
4604
3772
1980
460
-460
-588
-428
-260
-716
-2236
-4092
-5116
-5116
-4860
-4604
-5116
-6140
-6908
-7420
-6908
-6396
-6140
-6140
-6140
-6140
-5628
-5372
-5116
-4860
-4348
-3260
-2236
-1628
-1628
-1564
-620
524
1500
2108
2108
1980
1692
2236
3260
3900
3900
2876
2364
2364
2364
2748
2876
2620
1692
924
812
1052
1180
876
684
556
308
180
244
396
460
340
356
556
460
356
396
652
924
924
716
652
588
556
716
876
876
652
212
8
148
428
588
620
148
-244
-292
-180
260
524
780
1180
1500
1628
1372
1820
3004
4092
3772
2236
1980
3516
5116
5372
4348
4348
4604
4092
3260
3132
4092
4348
3132
1820
684
-40
-652
-620
-260
-844
-2236
-3900
-4604
-4604
-4604
-4604
-5116
-5884
-6652
-7164
-6652
-6140
-5884
-5884
-6140
-6140
-5884
-5628
-4860
-4348
-4092
-3772
-3132
-2492
-1980
-1628
-844
180
1116
1500
1244
1308
1884
2620
3260
3644
3388
2876
2492
2492
3132
3260
2876
2364
1980
1436
1180
1180
1308
1436
1052
524
228
-64
-96
244
652
748
276
-308
-396
-112
132
492
588
244
-180
-340
8
652
780
492
244
32
196
340
428
492
492
396
292
372
260
356
460
652
1116
1436
1756
1820
1692
1980
3132
4092
3900
2748
1756
3132
5116
5628
4604
3900
4092
4092
3388
3132
3772
4348
3388
2108
988
276
-212
-260
80
-244
-1756
-3388
-4348
-4348
-4092
-4092
-4604
-5628
-6652
-7164
-6652
-5628
-5628
-5884
-6140
-6396
-6140
-5628
-5116
-4604
-4348
-4092
-3388
-2748
-2236
-1980
-1372
-308
780
1180
1052
1308
1500
2364
2876
3260
3516
3004
2620
2620
3260
3644
3132
2492
1820
1884
1980
1980
1980
1436
924
588
748
1116
924
356
120
244
396
396
180
-8
-196
-164
80
308
64
-292
-260
8
356
324
64
-112
-180
48
372
524
372
148
0
88
260
356
356
356
460
780
1436
1756
1628
1372
2236
3516
3900
2748
1628
2492
4348
5116
4348
3516
3900
3900
3388
3004
3644
4348
3644
2236
988
340
32
-24
308
-24
-1436
-3132
-4092
-4092
-3772
-3772
-4348
-5116
-6140
-6908
-6396
-5628
-5372
-6140
-6396
-6396
-6140
-5628
-5372
-4860
-4348
-4348
-3772
-3260
-2620
-2108
-1564
-428
556
988
924
876
1436
2492
3516
3772
3516
3004
2876
3132
3772
4092
3900
3004
2364
2364
2620
2748
2492
1980
1372
988
1052
1244
1308
844
428
180
88
88
-48
0
48
-16
-196
-428
-492
-524
-396
-196
24
-64
-356
-620
-652
-428
-212
-112
-212
-340
-492
-524
-396
-88
180
228
212
212
588
1180
1692
1628
1436
2236
3260
3388
2492
1756
2876
4860
5372
4348
3644
4092
4092
3644
3004
3516
4348
3772
2492
1180
324
56
212
556
196
-1308
-3004
-3900
-3772
-3388
-3388
-4092
-5116
-6396
-6908
-6140
-5116
-5372
-5884
-6652
-6396
-6140
-5628
-5372
-5116
-4604
-4092
-3772
-3260
-3004
-2492
-1692
-524
556
988
988
812
1436
2620
3644
3772
3260
3132
3260
3772
4092
4092
3900
3132
2492
2620
3132
3132
2492
1980
1692
1564
1436
1436
1308
988
652
460
428
88
-196
-180
24
8
-212
-492
-524
-492
-428
-260
-132
-260
-620
-780
-588
-244
-104
-212
-356
-588
-780
-652
-356
48
164
-24
-148
-8
556
1180
1628
1436
1052
1756
2876
3388
2748
1820
2492
4348
5116
4348
3644
4092
4348
3900
3132
3388
4092
3644
2620
1564
748
340
196
324
96
-1116
-2876
-3772
-3772
-3644
-3644
-4092
-5372
-6396
-6908
-6140
-5372
-5628
-6396
-6908
-6652
-6140
-5628
-5372
-5116
-4604
-4348
-3900
-3388
-2876
-2236
-1628
-748
340
924
1180
1244
1628
2620
3516
3900
3644
3644
3772
4092
4348
4348
4092
3644
3132
3260
3388
3132
2620
1980
1692
1756
1692
1500
1244
716
428
308
356
308
-64
-356
-428
-492
-588
-716
-924
-1052
-924
-876
-684
-748
-1052
-1116
-1052
-812
-588
-652
-684
-716
-780
-652
-396
-212
-148
-132
-112
148
716
1244
1756
1564
1756
2748
3644
3516
2364
2364
4092
5372
5116
3900
3900
4348
4604
4092
3644
4092
4348
3388
2364
1564
1052
716
556
460
-212
-1756
-3004
-3516
-3388
-3516
-3900
-4604
-5884
-6652
-6652
-5884
-5372
-5884
-6652
-6908
-6652
-6140
-5628
-5372
-5116
-4860
-4604
-3900
-3132
-2492
-1980
-1308
-524
396
924
1052
1436
2236
3132
3516
3516
3388
3516
3900
4092
4348
4092
3644
3132
3004
3132
3260
2876
2236
1628
1372
1244
1372
1372
924
292
-196
-228
-104
-164
-340
-492
-748
-988
-1116
-1052
-924
-988
-1116
-1180
-1308
-1436
-1436
-1180
-844
-684
-748
-844
-844
-844
-652
-396
-104
16
-72
-148
-72
396
1116
1820
1980
1564
1628
2620
3772
3772
2748
2620
3900
5116
5116
4092
4092
4604
4604
3900
3772
4092
4092
3260
2236
1500
1052
780
748
460
-396
-1756
-2876
-3132
-3260
-3388
-3900
-4604
-5628
-6396
-6396
-5884
-5628
-5884
-6396
-6396
-6140
-5884
-5628
-5372
-5116
-4604
-4092
-3388
-2748
-2364
-1980
-1116
-212
684
988
1116
1628
2108
2876
3388
3644
3516
3644
4092
4092
4348
3772
3388
3388
3260
3260
3132
2748
2236
1692
1564
1692
1692
1308
812
460
260
148
48
-104
-228
-492
-588
-716
-924
-1052
-1052
-988
-988
-1116
-1308
-1372
-1372
-1372
-1244
-1180
-1116
-1052
-988
-988
-924
-844
-620
-428
-196
-212
-260
-164
492
1244
1564
1564
1564
2236
3132
3388
2876
2620
3388
4348
4860
4348
4092
4348
4604
4348
3772
3772
3772
3516
2620
1692
1052
684
524
324
-228
-1244
-2364
-3132
-3388
-3388
-3644
-4348
-5116
-6140
-6140
-5628
-5372
-5628
-6140
-6140
-5884
-5628
-5116
-5116
-4604
-4348
-3772
-3260
-2748
-2236
-1884
-1180
-212
492
988
988
1308
1980
2748
3388
3132
3004
3132
3388
3900
4092
3772
3132
2876
2620
2876
3132
2748
2364
1628
1372
1436
1564
1564
1116
588
132
40
-72
-104
-164
-428
-716
-988
-1180
-1180
-1116
-1116
-1180
-1436
-1564
-1628
-1564
-1436
-1372
-1308
-1372
-1244
-1244
-1180
-988
-844
-524
-324
-276
-228
-120
132
588
1436
1884
1980
1980
2108
3004
3772
3900
3388
3132
3772
4604
5116
4604
4348
4348
4348
4092
3772
3644
3644
3260
2492
1564
876
428
260
72
-492
-1436
-2492
-3260
-3516
-3388
-3516
-4092
-5116
-5884
-5884
-5372
-5116
-5372
-5628
-5884
-5628
-5372
-5116
-4604
-4348
-4092
-3644
-3260
-2748
-2364
-1820
-1116
-396
212
372
556
1116
1756
2236
2364
2364
2492
2748
3004
3132
3388
3132
2620
2620
2748
2748
2620
2236
1980
1628
1308
1372
1564
1436
988
492
132
104
-40
-244
-276
-492
-812
-1116
-1308
-1372
-1372
-1308
-1308
-1372
-1564
-1756
-1756
-1628
-1372
-1180
-1116
-1180
-1180
-1052
-684
-308
-132
-56
-64
16
260
620
924
1372
1820
1980
2236
2108
2748
3516
3900
3644
3260
3644
4348
4860
4604
4348
4348
4092
4092
3644
3388
3516
3260
2748
1820
1052
524
324
212
-292
-1052
-2108
-2876
-3132
-3132
-3260
-3772
-4604
-5372
-5372
-5116
-4860
-5116
-5372
-5628
-5372
-5116
-4604
-4348
-4092
-3900
-3644
-3132
-2620
-2236
-1564
-876
-260
80
260
460
1052
1692
2108
2364
2364
2236
2236
2492
3004
3132
2876
2492
2364
2364
2492
2364
2236
1980
1436
1180
1244
1308
988
556
260
40
-180
-372
-428
-588
-876
-1116
-1244
-1372
-1500
-1500
-1500
-1564
-1692
-1884
-1884
-1820
-1628
-1500
-1372
-1372
-1308
-1180
-924
-716
-460
-372
-212
72
292
492
620
924
1244
1884
2364
2492
2492
2364
3132
3900
4092
4092
3900
4092
4348
4604
4348
4604
4604
4348
3900
3260
2876
2876
2748
2492
1692
716
-104
-396
-324
-524
-1180
-2236
-3132
-3644
-3644
-3644
-3900
-4604
-5116
-5628
-5372
-5116
-5116
-5116
-5116
-5116
-4860
-4604
-4348
-4092
-3516
-3132
-2620
-2236
-1884
-1564
-988
-292
324
652
684
812
1308
1884
2236
2364
2364
2364
2492
2620
2748
2748
2492
2364
2236
2236
2108
1820
1628
1436
1308
1180
988
716
372
212
132
72
-24
-228
-396
-524
-652
-748
-844
-1052
-1180
-1180
-1116
-1052
-1116
-1244
-1372
-1308
-1116
-876
-716
-684
-652
-620
-340
-8
276
524
556
556
716
988
1436
1980
2236
2236
2236
2492
3004
3644
3900
3900
3772
3644
3644
4092
4092
4348
4092
3644
3132
2620
2364
2492
2492
2108
1244
164
-524
-620
-524
-652
-1308
-2492
-3388
-3772
-3900
-3772
-3900
-4348
-5116
-5372
-5628
-5372
-4860
-4860
-4604
-4860
-4860
-4604
-4348
-3516
-3004
-2748
-2620
-2492
-2108
-1500
-716
-80
324
556
492
620
988
1436
1980
2236
2108
1692
1756
1980
2236
2364
2236
1980
1564
1372
1500
1628
1500
1180
924
716
652
588
524
428
196
148
120
-16
-196
-244
-212
-244
-428
-652
-716
-652
-652
-620
-588
-716
-844
-780
-556
-276
-196
-308
-396
-212
48
324
588
812
1052
1116
1116
1372
1884
2364
2492
2364
2364
2748
3388
3644
3772
3772
3644
3772
3900
4092
4348
4092
3900
3388
2876
2492
2492
2492
1980
1372
492
-276
-556
-716
-988
-1500
-2364
-3260
-3772
-3900
-3900
-4092
-4604
-5372
-5372
-5372
-5116
-4860
-4860
-5116
-5116
-5116
-4348
-3900
-3644
-3388
-3132
-2748
-2364
-2108
-1436
-780
-356
-56
80
164
396
924
1436
1756
1692
1436
1372
1436
1692
2108
2236
1980
1564
1308
1372
1628
1692
1564
1308
988
812
924
1052
1052
844
524
428
460
524
556
492
308
80
-72
-164
-72
-96
-180
-276
-396
-396
-396
-356
-260
-164
-148
-164
-88
-16
196
324
340
492
684
780
1052
1372
1564
1628
1628
1884
2492
2876
2876
2748
3004
3260
3260
3132
3132
3388
3516
3132
2748
2492
2492
2236
1980
1628
1116
460
-228
-588
-652
-924
-1564
-2492
-3004
-3388
-3516
-3516
-3772
-4348
-4860
-5116
-4860
-4604
-4604
-4604
-4604
-4604
-4348
-3900
-3516
-3132
-3132
-3004
-2620
-1884
-1308
-924
-652
-396
-88
120
460
876
1116
1244
1436
1564
1564
1500
1564
1756
1980
1884
1692
1500
1372
1436
1500
1564
1500
1244
1052
988
988
1052
1052
988
844
716
652
652
716
652
556
460
340
324
276
164
0
-244
-396
-340
-212
-180
-308
-524
-620
-460
-260
-196
-40
-16
-56
32
292
716
988
988
748
876
1436
2108
2364
2108
1980
2236
2620
2876
2876
2876
3004
3004
2748
2620
2492
2492
2236
1980
1628
1244
716
276
0
-196
-524
-1244
-1980
-2236
-2364
-2620
-2876
-3388
-3772
-4092
-4092
-4092
-4092
-4092
-4348
-4092
-3900
-3772
-3644
-3644
-3260
-2876
-2620
-2364
-2108
-1756
-1372
-1052
-716
-428
-292
-148
196
652
924
924
924
988
1116
1180
1244
1372
1244
1116
1116
1308
1372
1308
1116
1116
1052
988
988
1116
1180
1052
988
876
844
812
812
924
988
924
652
428
372
396
428
396
324
180
0
-48
-48
0
-164
-292
-276
-228
-244
-244
-180
-72
16
148
324
460
524
588
924
1372
1564
1436
1372
1692
1980
2108
2236
2364
2492
2236
1980
1980
2236
2364
2108
1820
1372
988
748
716
780
396
-244
-924
-1372
-1628
-1692
-1980
-2364
-2748
-3260
-3388
-3516
-3388
-3388
-3644
-3772
-3644
-3644
-3516
-3388
-3260
-3004
-2876
-2620
-2364
-2108
-1756
-1436
-988
-652
-492
-372
-16
428
780
988
988
924
988
1116
1436
1692
1628
1436
1436
1500
1564
1628
1564
1372
1180
1180
1308
1308
1180
1052
1180
1308
1308
1244
1116
1052
1052
1052
1052
988
844
684
620
684
588
492
372
276
196
8
-120
-164
-148
-212
-372
-428
-460
-428
-460
-428
-292
-212
-228
-260
-16
276
260
148
244
652
988
1052
924
876
1052
1116
1180
1308
1308
1180
924
924
988
988
652
308
196
96
-164
-524
-812
-1052
-1244
-1500
-1628
-1884
-2236
-2492
-2364
-2364
-2620
-2876
-3004
-2876
-2748
-2620
-2620
-2492
-2492
-2492
-2108
-1692
-1372
-1244
-1116
-844
-652
-460
-180
132
356
396
428
492
588
716
924
1052
988
924
780
844
1052
1052
924
812
812
924
988
924
812
876
924
988
988
924
924
1052
1180
1308
1308
1244
1180
1244
1372
1500
1500
1308
1180
1052
924
988
1052
1052
924
748
556
492
492
492
460
292
120
80
120
104
56
-32
-40
0
88
196
212
164
180
196
276
396
396
356
260
260
228
260
260
164
16
-132
-180
-228
-276
-396
-556
-748
-876
-924
-1116
-1308
-1500
-1564
-1564
-1692
-1820
-1980
-1980
-1884
-1884
-1884
-1980
-1980
-1884
-1820
-1756
-1692
-1564
-1436
-1244
-1116
-1052
-924
-716
-524
-372
-340
-340
-308
-196
-32
132
164
148
120
104
196
292
244
148
104
228
428
524
460
372
396
492
684
876
924
844
876
988
1180
1308
1372
1436
1500
1564
1564
1564
1500
1564
1628
1692
1756
1756
1564
1308
1308
1372
1372
1308
1180
924
716
588
620
588
396
132
-88
-64
32
24
-132
-292
-396
-428
-372
-372
-356
-396
-460
-460
-340
-340
-396
-460
-428
-396
-396
-460
-524
-524
-556
-556
-588
-620
-652
-748
-876
-844
-844
-876
-924
-1052
-1052
-988
-988
-1052
-1116
-1180
-1180
-1052
-988
-924
-924
-924
-924
-924
-780
-716
-620
-556
-556
-588
-556
-524
-372
-260
-244
-324
-460
-460
-324
-228
-196
-180
-196
-132
0
112
180
112
24
104
324
524
524
492
492
652
924
1116
1244
1308
1244
1308
1372
1564
1692
1628
1692
1692
1692
1820
1884
1820
1628
1564
1564
1628
1628
1500
1308
1116
988
924
876
748
620
428
276
164
-8
-212
-372
-524
-588
-620
-652
-716
-924
-988
-1052
-1052
-1116
-1180
-1180
-1180
-1116
-1116
-1052
-1116
-1116
-1052
-1052
-988
-924
-876
-780
-684
-716
-684
-652
-620
-524
-492
-524
-524
-492
-556
-460
-396
-356
-324
-396
-372
-308
-276
-276
-372
-428
-492
-460
-372
-340
-324
-372
-428
-492
-492
-524
-556
-556
-588
-556
-460
-372
-356
-396
-396
-308
-132
-8
0
-72
-120
0
212
324
356
396
492
684
876
988
1052
1052
1116
1244
1372
1372
1436
1372
1372
1436
1500
1564
1628
1564
1500
1436
1500
1500
1436
1436
1436
1436
1308
1180
988
876
812
684
556
428
180
-56
-212
-356
-460
-492
-684
-876
-1052
-1116
-1052
-1116
-1180
-1308
-1308
-1372
-1372
-1308
-1308
-1308
-1244
-1244
-1244
-1116
-988
-876
-876
-876
-780
-588
-492
-396
-276
-260
-196
-96
16
112
132
104
164
260
276
244
180
132
148
212
180
132
32
-88
-120
-96
-80
-180
-276
-372
-396
-372
-396
-460
-492
-524
-620
-556
-492
-524
-556
-556
-524
-460
-356
-356
-460
-428
-276
-96
24
48
16
24
104
292
492
524
492
556
620
780
924
988
1052
1052
1116
1180
1308
1308
1308
1308
1372
1372
1308
1244
1180
1180
1180
1116
1052
924
876
812
684
620
492
308
212
120
-24
-212
-428
-556
-652
-748
-844
-924
-988
-1052
-1180
-1244
-1244
-1244
-1244
-1180
-1180
-1180
-1116
-1116
-1052
-1052
-988
-812
-652
-588
-556
-460
-396
-260
-180
-48
120
244
292
340
356
356
396
492
556
556
460
340
340
372
428
428
260
88
-24
-40
-24
-32
-64
-148
-276
-340
-308
-244
-244
-324
-372
-396
-428
-372
-356
-372
-356
-340
-308
-276
-276
-212
-72
48
104
104
40
-16
72
196
292
292
244
276
396
556
620
652
588
524
588
716
844
924
812
780
844
844
876
812
748
748
812
812
748
588
460
460
524
460
372
164
-24
-104
-132
-148
-244
-396
-620
-748
-844
-844
-844
-924
-988
-1116
-1180
-1116
-1116
-1052
-988
-988
-988
-924
-924
-876
-780
-652
-524
-460
-428
-356
-180
0
48
72
132
212
260
356
428
460
460
492
588
684
652
556
556
620
652
652
524
340
244
180
212
244
228
148
16
-64
-40
72
148
72
-112
-196
-164
-180
-212
-196
-164
-164
-212
-292
-260
-180
-164
-132
-164
-196
-148
-96
-96
-164
-148
-72
-40
16
8
-16
-40
8
148
212
132
80
132
212
292
372
356
308
276
324
396
428
396
308
228
212
260
292
244
180
104
56
104
64
-40
-164
-244
-260
-244
-340
-492
-588
-684
-684
-652
-652
-652
-716
-716
-684
-588
-556
-556
-620
-588
-492
-396
-324
-260
-212
-196
-88
120
260
276
244
292
396
556
716
748
748
684
684
716
812
876
812
748
748
716
716
652
524
428
396
396
396
292
148
48
40
56
72
56
-64
-212
-292
-244
-164
-196
-292
-356
-324
-276
-244
-244
-324
-396
-340
-276
-276
-292
-324
-372
-340
-324
-292
-260
-228
-196
-180
-112
-104
-120
-112
-104
-72
16
104
132
132
164
212
292
356
396
372
428
492
460
356
324
356
396
356
308
260
212
196
132
0
-148
-244
-308
-340
-340
-396
-460
-556
-684
-716
-716
-684
-620
-620
-684
-748
-780
-716
-652
-588
-524
-460
-460
-372
-276
-180
-48
24
88
132
164
212
244
372
492
492
460
492
524
556
620
620
588
524
460
428
428
428
372
292
244
228
244
276
244
212
164
104
148
148
96
32
0
8
16
56
-16
-80
-120
-132
-120
-96
-72
-96
-164
-212
-244
-292
-244
-196
-276
-324
-324
-324
-356
-340
-244
-164
-72
-56
-32
-72
-80
-64
0
88
104
112
104
148
228
196
228
276
260
148
88
132
244
324
228
104
8
0
-16
0
-104
-180
-196
-260
-276
-324
-324
-340
-356
-372
-396
-460
-492
-492
-492
-492
-492
-428
-428
-428
-372
-324
-292
-260
-180
-96
0
104
196
244
276
340
428
524
652
716
716
652
684
716
716
748
748
684
652
620
620
620
556
524
492
492
524
524
460
372
308
244
212
212
180
180
164
96
56
8
-32
-80
-104
-104
-104
-132
-228
-308
-340
-356
-396
-428
-460
-492
-524
-460
-428
-428
-460
-524
-524
-524
-460
-460
-460
-460
-460
-428
-356
-244
-212
-228
-196
-80
-8
-16
-48
-48
24
48
48
-16
-112
-112
-48
32
48
-40
-148
-212
-228
-212
-196
-212
-276
-396
-460
-460
-428
-460
-556
-588
-588
-588
-524
-492
-460
-428
-396
-396
-372
-276
-228
-212
-196
-180
-112
-16
72
148
212
212
276
356
460
524
524
556
588
588
620
652
716
716
684
716
716
684
684
684
652
620
588
556
588
620
588
524
492
460
492
556
492
492
492
428
396
324
244
196
196
244
212
104
48
0
-64
-148
-180
-164
-180
-212
-260
-324
-356
-372
-356
-340
-292
-260
-260
-308
-324
-356
-308
-228
-132
-72
-132
-180
-148
-72
-24
32
72
56
32
24
48
40
8
8
-8
-32
-64
-96
-96
-96
-104
-180
-228
-292
-356
-372
-460
-492
-428
-428
-492
-556
-620
-620
-556
-492
-460
-428
-556
-620
-556
-428
-340
-292
-324
-372
-372
-276
-180
-212
-196
-96
8
48
48
80
104
212
292
372
396
396
356
356
396
492
524
492
396
340
372
428
428
396
396
396
428
460
428
428
396
396
428
428
428
340
260
212
228
212
148
88
16
-16
-40
-32
-48
-120
-148
-148
-180
-228
-244
-292
-324
-292
-276
-308
-324
-340
-308
-292
-276
-212
-148
-132
-72
-24
-32
-40
-40
-24
-8
40
64
32
8
16
48
132
180
180
120
96
88
72
72
56
-8
-56
-48
-16
-16
-48
-80
-88
-88
-72
-96
-132
-212
-244
-244
-260
-244
-244
-244
-180
-148
-148
-132
-112
-96
-8
56
40
64
88
164
244
292
276
276
324
396
428
428
428
460
492
492
492
492
492
492
492
396
260
260
260
244
260
196
96
64
48
8
-40
-132
-196
-228
-212
-196
-276
-356
-428
-428
-428
-460
-492
-492
-460
-460
-492
-460
-428
-460
-460
-460
-460
-492
-492
-492
-460
-428
-396
-372
-340
-324
-324
-244
-148
-120
-72
-40
-16
48
72
96
148
228
276
244
228
276
356
372
308
228
180
212
324
372
356
276
132
88
148
212
196
132
56
0
0
8
0
-16
-16
-24
-32
-8
-24
-40
-56
-8
32
24
48
56
96
148
228
276
292
308
276
324
396
428
460
460
524
492
492
556
556
556
556
492
492
492
460
396
356
260
228
196
132
48
-8
-48
-96
-112
-148
-260
-324
-308
-276
-308
-356
-396
-492
-524
-492
-492
-492
-556
-620
-620
-620
-684
-716
-716
-748
-716
-684
-620
-588
-620
-652
-684
-620
-556
-524
-492
-460
-372
-324
-244
-180
-132
-56
16
48
112
180
196
228
212
244
212
212
244
292
308
308
324
340
396
340
276
228
164
164
196
260
244
148
80
80
120
164
180
132
96
48
48
24
16
8
24
104
132
132
148
132
132
104
112
132
164
228
212
228
260
340
356
340
324
308
356
428
492
460
428
396
340
324
340
308
276
228
164
148
132
80
32
0
0
40
-16
-72
-96
-96
-104
-96
-120
-196
-228
-228
-212
-196
-228
-292
-372
-396
-340
-292
-292
-308
-340
-396
-396
-356
-292
-292
-324
-372
-396
-396
-308
-244
-244
-260
-244
-260
-212
-180
-164
-88
-24
24
48
24
-24
-48
-32
56
120
104
80
0
-16
104
212
276
180
104
88
80
112
132
120
72
40
24
40
48
48
32
32
24
8
-24
-64
-104
-56
8
48
0
-32
0
24
56
72
48
32
48
64
112
164
196
244
308
340
308
260
260
260
244
244
228
196
148
96
80
16
-32
-8
40
80
48
24
-32
-80
-40
-48
-80
-104
-120
-132
-88
-104
-148
-196
-212
-180
-132
-96
-120
-148
-196
-244
-228
-196
-196
-228
-292
-340
-356
-340
-308
-244
-244
-260
-260
-212
-212
-212
-180
-132
-72
-56
-40
-40
-48
-8
72
132
164
180
196
196
228
276
260
292
276
276
308
340
340
340
324
324
308
324
308
260
228
196
180
180
196
148
112
72
32
32
-8
-32
-8
-24
-64
-112
-148
-180
-148
-96
-88
-96
-148
-196
-180
-132
-96
-80
-64
-32
0
40
56
40
40
24
48
72
64
72
40
32
72
40
24
8
-16
16
32
24
8
0
0
-24
-32
-40
-56
-32
-24
-40
-80
-104
-132
-132
-112
-104
-112
-196
-244
-260
-276
-276
-276
-292
-324
-340
-372
-340
-276
-260
-244
-212
-228
-196
-164
-120
-56
-16
0
64
120
132
148
148
164
180
196
228
276
324
324
276
292
292
292
292
308
276
244
260
244
228
212
164
164
196
212
148
56
0
0
32
56
40
8
-64
-132
-132
-88
-72
-96
-148
-180
-196
-164
-164
-148
-164
-196
-148
-164
-132
-148
-132
-88
-48
0
48
72
56
48
80
120
148
132
112
96
132
196
244
228
148
80
104
212
244
212
148
96
104
132
132
112
64
48
40
24
0
-48
-96
-148
-120
-104
-88
-120
-212
-276
-276
-276
-308
-276
-308
-308
-308
-276
-244
-244
-260
-244
-212
-180
-148
-132
-148
-104
-56
-8
8
0
24
48
104
132
132
104
148
196
212
212
180
148
132
180
228
212
164
132
132
132
148
148
132
132
104
96
72
40
32
24
40
24
-48
-104
-132
-180
-164
-148
-180
-196
-244
-276
-276
-244
-212
-212
-212
-292
-324
-292
-260
-180
-132
-132
-148
-132
-88
-16
24
64
56
64
112
164
228
260
292
276
260
260
292
324
308
308
324
292
292
244
212
244
228
180
164
132
80
56
72
72
40
16
-32
-88
-104
-88
-64
-104
-180
-196
-244
-292
-244
-212
-164
-120
-120
-112
-132
-132
-148
-112
-80
-112
-104
-120
-80
-24
16
48
40
24
40
96
112
112
96
104
112
120
148
164
132
148
164
212
244
244
164
104
112
132
180
196
148
148
180
164
164
132
64
0
-32
-8
-8
-72
-148
-212
-260
-276
-292
-276
-276
-308
-324
-340
-324
-340
-308
-244
-244
-212
-196
-196
-164
-96
-48
-48
-64
-96
-56
-16
0
32
72
80
56
96
120
148
180
164
132
164
164
120
120
80
56
32
0
-8
-16
-40
-32
-8
-56
-88
-132
-148
-120
-104
-88
-96
-164
-228
-228
-196
-180
-212
-196
-196
-212
-148
-112
-132
-104
-96
-72
-24
16
32
48
72
112
180
196
196
228
228
228
212
244
260
260
244
276
308
324
356
356
340
340
324
276
244
244
260
244
212
132
48
24
72
96
16
-24
-48
-72
-88
-80
-132
-164
-148
-212
-308
-372
-396
-356
-308
-292
-292
-292
-292
-292
-260
-244
-212
-196
-180
-120
-96
-80
-56
-16
-16
16
40
80
104
132
164
196
228
244
244
244
260
228
196
196
260
244
228
244
244
228
148
132
132
112
80
80
64
8
24
24
0
-8
-48
-104
-164
-148
-148
-132
-112
-120
-120
-120
-164
-164
-120
-72
-72
-96
-80
-72
-56
-40
-32
0
24
24
8
0
48
56
64
80
112
112
64
24
-16
-16
8
0
0
0
-64
-80
-72
-72
-88
-104
-132
-132
-132
-148
-164
-180
-148
-164
-196
-212
-228
-244
-260
-308
-276
-260
-292
-260
-244
-228
-196
-180
-164
-164
-180
-132
-132
-96
-72
-40
0
48
88
132
148
148
164
164
164
228
308
308
292
276
324
340
324
372
372
324
292
324
372
372
340
292
228
228
212
228
196
148
112
24
-16
-24
0
-16
-56
-80
-88
-132
-148
-164
-180
-180
-196
-228
-276
-260
-260
-212
-212
-196
-164
-148
-148
-148
-104
-64
-48
-8
8
24
24
32
80
88
120
148
164
180
180
180
180
196
212
228
212
164
164
180
148
164
164
132
104
112
112
104
104
72
64
64
32
-8
-48
-80
-112
-120
-132
-180
-212
-228
-212
-180
-164
-164
-196
-228
-276
-276
-244
-260
-276
-260
-212
-196
-164
-196
-196
-164
-120
-64
-72
-40
-56
-72
-48
-24
24
40
48
88
72
64
72
72
120
80
72
96
104
132
148
148
120
88
88
88
64
40
0
-16
-24
-40
-56
-40
-64
-64
-48
-64
-72
-72
-64
-96
-96
-80
-80
-80
-96
-72
-40
-24
0
0
8
0
32
80
80
88
72
40
72
96
88
132
120
112
148
148
132
96
72
96
96
96
96
40
32
24
40
64
56
56
8
-32
-40
0
8
-8
-24
-88
-120
-80
-64
-72
-56
-40
-24
-16
-16
-40
-56
-56
-32
-16
-24
-24
-40
-40
-8
0
-40
-56
-72
-48
16
32
40
56
40
72
164
180
164
148
148
148
164
196
196
180
132
132
164
164
164
148
132
164
148
120
88
32
0
0
16
8
-32
-88
-104
-164
-196
-180
-196
-228
-228
-228
-212
-212
-228
-228
-228
-228
-244
-244
-228
-212
-180
-164
-164
-164
-148
-120
-56
-24
-32
-64
-120
-112
-56
-48
-80
-88
-120
-120
-80
-40
-16
-8
8
64
88
88
88
56
88
132
180
180
196
196
164
164
180
196
164
120
112
112
112
132
120
120
120
132
148
148
120
72
24
16
24
8
-40
-72
-64
-80
-48
-32
-24
-32
-16
-16
-48
-56
-40
0
0
-8
-16
-32
-24
0
40
80
120
96
56
40
56
96
132
132
96
96
88
96
104
80
64
72
40
24
-32
-88
-104
-148
-132
-112
-120
-148
-180
-180
-196
-228
-228
-244
-276
-260
-260
-244
-212
-212
-148
-112
-88
-48
-32
-40
-40
-32
-16
-16
-24
0
-8
-40
-40
-32
-24
16
24
48
80
88
72
72
104
112
104
96
112
132
120
148
132
132
120
120
132
148
148
120
104
120
164
196
196
180
164
180
196
180
132
96
40
0
8
0
-24
-56
-80
-88
-48
-16
0
-24
-56
-40
-48
-80
-80
-96
-96
-80
-64
-48
-64
-56
-40
-32
0
32
48
48
48
72
72
80
64
64
64
104
96
56
32
-8
-40
-8
0
-8
-32
-48
-56
-56
-64
-96
-132
-180
-212
-196
-164
-164
-180
-196
-196
-180
-148
-148
-164
-164
-148
-132
-132
-148
-148
-132
-80
-40
-32
-48
-48
-32
-40
-40
-48
-64
-48
-16
0
0
-24
-32
-16
16
40
40
64
72
80
120
96
64
80
88
120
148
180
196
212
196
164
196
212
196
196
212
180
196
180
132
104
72
40
32
56
8
-40
-48
-40
-24
-16
-48
-104
-148
-148
-112
-104
-80
-72
-72
-80
-64
0
24
16
0
16
40
48
48
56
112
148
148
148
96
80
96
132
164
112
72
64
88
132
164
148
104
72
40
0
-8
-32
-56
-96
-148
-148
-148
-148
-148
-148
-148
-148
-164
-164
-164
-164
-148
-180
-212
-244
-244
-196
-164
-148
-180
-212
-212
-180
-132
-132
-148
-132
-132
-132
-132
-120
-80
-24
32
56
56
24
40
104
132
148
120
96
56
72
120
180
212
228
228
212
244
228
260
260
260
260
228
212
180
132
104
72
40
16
-8
-72
-104
-80
-40
-16
-40
-88
-112
-112
-120
-104
-56
-88
-132
-164
-148
-80
-56
-24
-24
-32
-24
0
32
32
32
48
48
64
80
64
64
88
72
72
64
64
72
72
112
72
24
0
-16
0
24
56
0
-16
-24
-24
-16
-24
-48
-72
-96
-104
-112
-72
-64
-64
-64
-104
-120
-120
-112
-96
-64
-40
-40
-40
-72
-72
-32
-24
-8
0
-24
-40
-16
0
0
32
32
0
-16
0
24
56
88
80
56
64
96
104
96
80
40
40
80
104
120
112
112
104
48
16
-8
-16
0
8
-32
-48
-72
-96
-88
-80
-80
-72
-88
-120
-132
-196
-180
-164
-164
-112
-80
-120
-148
-148
-148
-112
-72
-56
-40
-48
-56
-16
-16
0
64
96
88
112
132
112
148
164
196
212
212
180
132
132
164
164
148
132
72
32
40
64
32
0
-8
-40
-56
-56
-64
-88
-88
-88
-104
-96
-104
-120
-132
-120
-80
-48
-56
-24
-32
-24
-8
0
-24
-48
-40
-8
24
32
40
32
24
32
40
48
64
72
56
64
80
80
72
96
120
112
80
112
148
164
180
196
196
228
228
260
260
244
212
180
180
180
196
180
132
80
16
-16
-16
-56
-56
-80
-80
-88
-112
-148
-196
-228
-196
-196
-164
-164
-196
-228
-212
-180
-132
-80
-88
-72
-96
-104
-72
-32
-8
-16
-32
-40
-64
-72
-48
-40
-40
-40
-48
-72
-88
-96
-104
-96
-88
-112
-132
-180
-196
-196
-196
-212
-244
-260
-212
-212
-212
-228
-260
-260
-244
-212
-196
-164
-180
-148
-120
-88
-32
-48
-80
-80
-72
-56
-56
-104
-112
-80
-56
-40
-16
-24
0
24
32
40
48
72
88
132
164
180
180
196
196
196
228
244
276
324
356
372
356
340
340
372
428
428
460
460
428
428
372
340
324
276
244
228
212
196
180
164
132
120
120
96
72
64
80
96
112
72
32
16
16
56
72
80
72
32
16
16
0
-8
8
8
16
32
40
0
-48
-56
-64
-96
-112
-132
-180
-196
-196
-212
-212
-228
-244
-260
-292
-276
-276
-292
-292
-292
-324
-308
-308
-292
-292
-276
-292
-324
-324
-292
-260
-228
-212
-212
-228
-260
-244
-212
-148
-132
-132
-148
-148
-132
-64
-32
-24
-8
-32
-32
0
16
40
40
40
32
24
32
72
96
112
148
148
104
112
120
104
148
180
196
180
164
180
180
164
164
164
132
120
88
64
64
48
8
0
8
-8
-24
-40
-64
-64
-24
-32
-40
-40
-24
8
48
48
56
24
8
64
64
64
72
72
48
40
80
104
104
104
96
88
112
132
132
104
96
104
120
96
72
104
112
132
148
132
120
88
64
24
0
0
-8
-16
-8
0
-8
-16
0
0
-8
16
8
-8
-8
-16
-40
-56
-48
-72
-72
-56
-80
-80
-88
-104
-132
-132
-148
-120
-120
-132
-120
-104
-112
-132
-120
-112
-104
-104
-112
-104
-88
-64
-40
-32
-24
-16
8
32
48
56
48
64
56
56
56
40
48
24
16
48
48
32
0
0
-8
-24
-32
-40
-32
-32
-48
-40
-24
-48
-48
-32
-16
0
0
0
-8
-24
-16
8
8
16
24
8
16
16
32
32
40
48
32
40
8
-8
-40
-24
-8
0
0
-24
-32
-40
-40
-48
-64
-72
-32
-8
0
0
0
-8
-24
-24
-16
-24
-48
-72
-96
-112
-120
-72
-40
-8
0
8
24
40
40
48
48
8
0
16
0
0
0
-24
-40
-32
0
24
16
32
48
32
40
56
64
72
56
48
64
104
132
132
148
132
148
132
132
148
112
132
132
120
120
120
132
132
148
148
132
132
132
132
112
48
-8
-56
-56
-48
-16
-40
-40
-32
-32
-24
-16
-32
-32
-32
-48
-32
-40
-72
-80
-56
-48
-24
-40
-72
-80
-80
-88
-80
-72
-48
-48
-56
-64
-88
-64
-40
-40
-48
-56
-56
-32
-24
-56
-40
-24
0
0
0
-40
-80
-48
-16
8
8
-8
-24
-32
-16
-16
-16
-16
-24
-32
-32
-24
-24
-8
0
0
0
-16
0
8
0
0
-16
-40
-56
-32
-56
-96
-96
-104
-112
-88
-72
-72
-64
-80
-72
-56
-40
-16
16
8
-8
-8
-32
-56
-40
-16
-24
-24
-16
-8
-24
8
56
64
40
48
24
8
40
56
56
24
8
8
24
48
56
64
40
40
48
48
40
32
32
48
56
80
96
112
120
132
96
72
72
72
64
64
48
40
16
24
40
40
48
32
16
0
-8
-48
-48
-24
-40
-32
-24
-32
-40
-40
-16
-32
-32
-56
-72
-56
-56
-48
-40
-64
-64
-64
-56
-40
-16
0
24
24
16
24
24
0
0
0
0
16
24
32
32
8
8
16
32
56
88
88
88
88
104
88
72
88
64
64
96
104
88
104
112
112
112
132
132
120
96
56
48
72
56
48
72
48
32
32
8
-16
-24
-16
-24
-48
-64
-80
-88
-64
-48
-56
-72
-104
-148
-148
-164
-164
-180
-180
-148
-148
-164
-164
-148
-132
-104
-104
-132
-148
-148
-112
-80
-64
-80
-96
-104
-80
-80
-80
-72
-64
-56
-80
-64
