SAMPLES:	8515
BITSPERSAMPLE:	16
CHANNELS:	1
SAMPLERATE:	16000
NORMALIZED:	FALSE
0
0
0
0
0
0
0
0
0
0
0
0
0
0
0
0
0
0
0
0
0
0
0
0
0
0
0
0
0
0
0
0
0
0
0
0
0
0
0
0
0
0
0
0
0
0
0
0
0
0
0
0
0
0
0
0
0
-8
-8
-8
-8
-8
-8
0
0
0
0
0
0
0
0
0
0
0
0
0
0
0
0
0
0
0
0
0
0
0
0
0
0
0
0
0
0
8
8
8
0
0
0
0
0
0
0
0
0
0
0
0
0
0
0
0
0
0
0
0
0
0
0
0
0
0
8
0
0
8
0
0
0
0
0
0
0
0
0
0
0
0
0
0
0
0
0
0
0
0
0
-8
-8
0
0
-8
-8
-8
-8
0
0
0
0
0
0
0
0
0
0
0
0
0
0
0
0
0
0
0
0
0
0
0
0
0
0
0
0
0
0
0
0
0
0
0
0
0
0
0
0
0
0
0
8
0
0
0
0
0
0
0
0
0
0
0
0
0
0
0
0
0
0
0
0
0
0
0
0
0
0
0
0
0
0
0
0
0
0
0
0
0
0
0
0
0
0
0
0
0
-8
-8
-8
0
0
0
0
-8
-8
-8
0
0
0
0
0
0
0
0
0
0
0
0
0
0
0
0
0
0
0
0
0
0
0
0
0
0
0
0
0
0
0
0
0
0
0
0
0
0
0
0
0
0
0
0
0
0
0
0
0
0
0
0
0
0
0
0
0
0
0
0
0
0
0
0
0
8
8
0
0
0
0
0
0
0
0
0
0
0
0
0
0
0
0
0
0
0
0
0
0
0
0
0
0
0
0
0
0
0
0
0
0
-8
0
0
0
0
0
0
0
0
0
0
0
0
0
0
0
0
0
0
0
0
0
0
0
0
0
0
0
0
0
0
0
0
0
0
0
0
0
0
0
0
0
0
0
0
0
0
0
0
0
0
0
0
0
-8
0
0
-8
0
0
0
-8
-8
-8
-8
-8
0
0
0
0
0
0
-8
0
0
0
0
0
0
0
0
0
0
0
0
0
0
0
0
0
0
0
0
0
0
8
8
8
8
8
0
0
0
0
0
0
0
0
0
0
0
0
0
0
0
0
0
0
0
0
0
0
0
0
0
0
0
0
0
0
0
0
0
0
0
0
0
0
0
0
0
0
0
0
0
0
0
0
0
0
0
0
0
0
0
0
0
0
0
0
0
0
0
0
0
0
0
0
0
0
0
0
0
0
0
0
0
0
0
0
0
8
0
0
0
0
0
0
0
0
0
0
0
0
0
0
0
0
0
0
0
0
0
0
0
0
0
-8
-8
-8
-8
-8
0
0
-8
-8
-8
-8
-8
-8
-8
-8
-8
-8
-8
-16
-16
-16
-16
-8
-8
-8
0
0
-8
-8
0
-8
-8
0
0
0
0
0
0
0
0
0
0
0
8
8
8
8
8
0
8
8
8
8
8
8
8
8
8
16
16
8
8
16
8
16
16
16
16
8
8
8
8
8
8
8
8
8
8
8
0
0
0
0
8
8
8
8
8
8
8
0
0
0
0
0
0
0
0
0
0
0
0
0
0
0
0
0
-8
0
0
-8
-8
-8
-8
-8
-8
-8
-8
-8
-8
-8
-8
-8
-16
-8
-8
-8
-8
-8
-8
-8
-8
-8
-8
-8
0
0
0
0
-8
0
-8
-8
-8
-8
-8
-8
-8
-8
-8
-8
0
0
0
0
0
0
0
-8
0
0
0
0
0
0
0
0
0
0
0
0
0
0
0
0
0
0
0
0
0
0
0
0
0
0
0
0
0
0
0
0
8
8
8
8
8
8
8
8
8
8
8
8
8
8
8
8
8
8
8
8
8
8
8
8
8
8
8
8
8
8
8
0
0
0
0
0
0
8
8
8
0
0
0
0
0
0
0
0
0
-8
-8
0
0
0
0
0
0
0
0
0
0
0
0
0
0
0
0
0
0
0
0
0
0
0
0
0
0
0
0
0
0
0
0
0
0
0
0
0
0
0
0
0
0
0
0
0
0
0
-8
0
0
0
0
0
0
-8
0
0
-8
0
0
-8
-8
-8
0
0
0
0
-8
-8
-8
-8
-8
-8
-8
-8
-8
-8
0
0
0
0
0
0
0
0
0
0
-8
-8
-8
-16
-8
-8
-8
-8
-8
0
0
0
0
0
0
0
0
0
0
0
0
0
0
0
0
0
0
0
0
0
0
0
0
0
0
0
0
0
0
0
0
0
0
0
0
0
0
8
0
0
8
8
8
8
8
16
8
16
16
16
16
16
8
8
8
16
24
16
16
16
16
16
16
16
16
16
16
8
16
8
8
8
8
16
8
8
8
8
0
0
0
8
8
0
0
0
0
0
0
0
0
0
0
0
0
-8
-8
-8
-8
-8
-8
-8
-8
-16
-8
-8
-8
-8
-8
-16
-8
-16
-16
-8
-8
-16
-16
-16
-16
-16
-16
-16
-16
-16
-16
-16
-16
-16
-16
-16
-16
-16
-16
-16
-16
-16
-16
-16
-16
-8
-8
-16
-16
-16
-16
-8
-8
-8
-8
-8
-8
0
0
0
0
0
0
0
0
0
0
0
0
0
0
8
8
8
8
8
8
8
8
8
8
8
16
16
16
16
16
16
16
8
8
8
8
8
8
16
16
8
8
8
16
8
16
8
8
8
8
8
0
8
8
8
8
8
8
8
8
8
8
8
8
8
8
8
8
8
8
0
0
0
8
8
8
0
8
0
8
8
8
8
0
0
0
0
0
0
0
0
0
0
0
0
0
0
0
0
0
0
-8
-8
-8
0
0
-8
0
0
-8
-8
-8
-8
-8
-16
-16
-16
-8
-8
-8
-8
-8
-16
-16
-8
-16
-16
-16
-16
-8
-16
-8
-8
-16
-8
-16
-16
-16
-16
-8
-8
-8
-8
-16
-16
-8
-8
-8
-8
-16
-16
-8
-8
-8
-8
-8
-8
-8
-8
0
-8
0
-8
0
0
0
0
0
0
0
0
0
0
0
0
0
0
0
0
8
8
8
8
8
8
8
8
8
8
8
8
16
16
16
8
16
16
8
16
16
16
16
16
16
16
16
16
16
16
8
16
16
16
16
16
40
24
-8
-8
-8
-16
0
0
0
8
0
-16
-16
-8
0
0
8
8
0
-16
0
0
0
0
8
0
0
0
0
8
8
8
16
32
16
8
0
0
0
16
8
24
0
0
0
0
0
0
8
8
8
0
-8
-8
0
0
-8
-16
0
-16
-24
-24
-8
-8
-16
-16
-16
-16
-16
-16
-8
-16
-8
-16
-24
-8
-8
-24
-16
0
-16
-8
-8
0
0
-8
-8
0
0
0
0
-8
-16
-16
8
-8
-8
0
-16
-24
8
8
0
-8
-8
-8
-24
-8
-16
0
8
8
-24
-24
0
0
0
40
32
-8
0
0
0
8
16
24
16
0
-8
0
0
0
8
16
24
16
0
0
8
0
8
24
24
0
8
16
16
8
8
24
32
24
16
16
8
0
8
16
0
0
8
-8
0
24
0
8
16
0
0
16
8
8
0
8
32
8
-8
-8
-32
-16
0
-16
0
8
-32
-48
-24
-16
0
16
16
0
-16
-48
-40
0
-8
16
24
-8
0
-24
-32
0
0
16
32
16
0
0
-8
8
24
24
24
24
-16
-32
16
-8
-8
40
0
-8
0
0
-24
0
8
-16
16
8
-40
-48
-8
-48
-24
8
0
-16
-40
-8
-40
-16
0
-16
-16
-32
-16
-8
-16
-8
-16
0
-8
-16
-8
-24
0
0
-24
0
24
-8
-32
0
8
16
32
24
16
0
0
24
32
16
32
32
8
16
8
8
32
24
16
16
0
0
0
0
0
8
8
16
8
-16
0
0
0
16
24
16
-8
-8
0
8
8
16
24
0
8
0
0
8
8
0
32
24
0
0
-8
-16
8
40
16
32
0
-16
0
0
0
24
0
-16
0
-16
0
8
-8
-8
0
0
0
0
-24
-40
0
-8
-32
-8
-16
-24
-40
-16
0
-8
0
-16
-40
-8
-16
-56
-24
-8
-24
-16
0
0
-8
-16
-16
40
56
8
24
0
-32
-8
-24
-16
16
-8
-24
-8
8
-16
-32
8
8
8
-16
-40
-24
0
-8
0
16
-8
-40
0
16
32
40
0
8
32
0
0
40
24
24
24
16
16
16
0
0
32
32
16
-16
-24
24
32
32
40
0
-32
-16
-24
8
32
16
-8
-24
0
-24
-32
-24
0
16
-8
0
-8
-32
-32
0
40
64
24
-8
-16
-16
16
16
24
40
24
0
0
24
32
56
64
56
48
16
0
24
72
56
48
64
8
0
32
48
56
48
40
8
8
16
24
56
48
8
-8
8
0
-40
-24
0
0
-32
-56
-56
-48
-48
-16
0
-24
-56
-96
-96
-56
-40
-48
-48
-72
-120
-132
-112
-96
-40
-56
-80
-80
-112
-132
-112
-64
-32
-32
-72
-88
-104
-104
-56
0
0
-24
-64
-80
-80
-64
-32
-16
0
8
-16
-40
-48
-24
-24
8
64
48
16
-16
-16
16
48
112
132
112
88
64
80
132
196
212
244
244
212
180
164
228
292
308
324
292
212
164
148
180
212
228
180
132
80
24
32
24
32
0
-96
-148
-212
-260
-244
-212
-196
-228
-276
-340
-356
-356
-324
-292
-292
-308
-356
-340
-308
-276
-228
-180
-164
-164
-180
-180
-132
-72
-40
-24
-24
-64
-80
-64
24
112
112
72
0
-32
-8
48
112
164
164
80
48
64
112
196
228
212
196
104
56
180
340
428
524
588
524
428
372
524
812
988
988
780
652
652
684
812
924
1052
988
716
460
260
260
356
372
228
-104
-460
-812
-924
-924
-844
-924
-1244
-1628
-1980
-2108
-1980
-1980
-1980
-2108
-2236
-2364
-2364
-2364
-2236
-1980
-1692
-1628
-1628
-1692
-1564
-1244
-812
-292
-24
8
-56
80
492
988
1308
1436
1500
1372
1436
1628
1820
1980
1980
1884
1820
1628
1436
1372
1372
1372
1308
1052
684
428
260
260
276
260
64
-292
-588
-652
-492
-492
-556
-652
-812
-716
-524
-212
64
428
716
924
1180
1244
1308
1436
1820
2364
3004
3388
3260
2748
2620
2876
3260
3516
3388
3260
2748
1980
1436
1244
1244
1116
588
-260
-1180
-1980
-2492
-2492
-2620
-2748
-3388
-4092
-4604
-4860
-4860
-4604
-4348
-4348
-4860
-5116
-5116
-4604
-4348
-4092
-3516
-3004
-2620
-2236
-1884
-1372
-652
164
780
1180
1500
1756
1980
2620
3260
3516
3644
3644
3516
3644
3644
3644
3516
3260
2876
2492
2108
1756
1500
1180
812
588
120
-396
-924
-1308
-1500
-1628
-1820
-2108
-2364
-2620
-2876
-2876
-2876
-2876
-3004
-3132
-2876
-2748
-2620
-2492
-2364
-2364
-1980
-1564
-988
-524
-372
0
876
1980
2748
3132
2748
2748
3132
3772
4860
5884
5884
5372
4604
4348
4348
4860
5372
5884
5372
3900
2492
1756
1820
2364
2364
1756
492
-988
-1980
-2236
-1980
-1820
-2364
-3516
-4604
-5372
-5372
-5116
-4860
-4604
-4860
-5372
-5628
-5884
-5628
-5116
-4348
-3772
-3516
-3644
-3644
-3388
-2236
-988
-96
396
428
492
812
1692
2620
3260
3516
3388
3516
3516
3644
3900
4092
4092
3900
3516
3132
2876
2364
2108
2108
1980
1372
716
-24
-276
-620
-924
-1116
-1500
-1980
-2492
-2748
-3004
-3132
-3388
-3644
-3772
-4092
-4092
-4092
-4092
-4092
-3900
-3644
-3516
-3132
-2620
-1820
-1116
-748
88
1116
2236
3004
2748
2620
3004
4348
5884
6908
6652
6140
5884
5884
6396
6908
7420
7676
6908
5628
4348
3772
4092
4604
4092
3004
1372
-40
-924
-988
-876
-1244
-2236
-3900
-5116
-5884
-5628
-5116
-5116
-5884
-6652
-7164
-7164
-7164
-6908
-6908
-6396
-5884
-5628
-5628
-5628
-5372
-4092
-3004
-1980
-1564
-1500
-1244
-428
748
1820
2620
2876
2748
2876
3388
4092
4604
4860
4860
4604
4604
4348
4092
4092
4092
4092
3516
3004
2236
1436
1052
1052
988
396
-716
-1756
-2364
-2236
-2108
-2364
-3004
-3900
-4604
-4604
-4092
-3900
-3900
-4348
-4604
-4604
-4348
-3516
-2876
-2620
-2364
-1980
-1436
-684
112
844
1628
2748
3516
4092
4604
4604
4860
5372
6652
7676
7932
7420
6652
6652
6908
7164
7164
6908
6652
5372
4092
3260
3004
3260
2748
1756
276
-1244
-2364
-2876
-2748
-2876
-3644
-4860
-6140
-6908
-6908
-6396
-6140
-6396
-6908
-7676
-7676
-7420
-6908
-6652
-6396
-5884
-5628
-5372
-4860
-4348
-3132
-2108
-1116
-684
-812
-556
428
1756
2876
3388
3132
3132
3260
3772
4604
5372
5372
4604
3900
3900
4092
4348
3900
3388
2748
2108
1692
1372
1180
716
-132
-748
-1052
-1372
-1980
-2364
-2492
-2748
-3132
-3516
-3772
-3900
-4092
-4092
-4092
-4092
-4092
-4092
-3644
-3004
-2492
-1980
-1500
-924
72
1308
2492
3644
3644
3004
3132
4348
6396
7676
7420
6652
6140
6396
6908
7420
7676
7676
7164
5628
4604
4092
4348
4604
4092
2748
924
-428
-1180
-1372
-1372
-1980
-2876
-4348
-5372
-6140
-6140
-5628
-5372
-6140
-7164
-7676
-7676
-7420
-7164
-7164
-6908
-6396
-6140
-5884
-5884
-5372
-4348
-3132
-2236
-2108
-2108
-1628
-524
1116
2364
3004
3004
2876
3260
4092
5372
6140
5884
5372
5116
5116
5372
5372
5372
4860
4348
3644
3004
2620
2236
2108
1564
988
0
-1116
-1884
-2236
-1980
-1980
-2620
-3772
-4860
-4860
-4860
-4604
-4348
-4604
-5116
-5372
-5372
-4860
-4092
-3644
-3388
-3132
-2876
-2364
-1372
-428
396
924
1564
2492
3388
4348
4860
5372
5628
5628
6396
7164
7932
7676
7164
6908
6908
7164
6908
6652
6396
5372
4092
3260
3004
3004
2236
1116
-180
-1244
-2108
-2620
-2876
-3516
-4348
-5372
-6140
-6396
-6652
-6652
-6652
-6908
-7164
-7420
-7420
-6908
-6396
-6396
-6140
-5884
-5116
-4604
-4092
-3388
-2492
-1628
-716
-196
-40
620
1564
2620
3388
3644
3516
3644
4092
4604
4860
5116
4604
4348
3900
3900
4092
3644
3132
2620
2364
1756
1180
492
-64
-428
-988
-1308
-1628
-2108
-2748
-3132
-3260
-3260
-3388
-3900
-4092
-4348
-4348
-4348
-4092
-3900
-3772
-3516
-3132
-2620
-1980
-1372
-716
-148
588
1500
2620
3772
4348
4092
4092
4604
5884
7164
7676
7420
6908
6908
6652
6652
7164
7420
7164
6140
4604
3772
3644
3900
3644
2620
988
-460
-1436
-1884
-1980
-2236
-3004
-4092
-5372
-5884
-6140
-5628
-5628
-6140
-6652
-7164
-7420
-7164
-7164
-6908
-6652
-6140
-5884
-5628
-5628
-5116
-4092
-2876
-2108
-1820
-1628
-1116
-180
1052
2108
2876
3004
2876
3132
3900
4860
5116
5116
4604
4348
4092
4348
4348
4092
3772
3132
2492
2108
1820
1436
988
428
-120
-876
-1692
-2236
-2492
-2364
-2620
-3132
-4092
-4604
-4604
-4348
-4092
-4092
-4092
-4604
-4860
-4348
-3644
-3132
-2748
-2620
-2236
-1980
-1308
-292
716
1372
1756
2236
3388
4604
5628
6140
5884
5884
6140
7420
8316
8828
7932
7164
7164
7164
7420
7420
7164
6652
5116
3644
2876
3004
3132
2364
924
-748
-2108
-2876
-3132
-3132
-3644
-4604
-6140
-7164
-7420
-7420
-6908
-6908
-7420
-8316
-8316
-8316
-7676
-7164
-7164
-6908
-6396
-5884
-5628
-5116
-4348
-3132
-2108
-1180
-812
-492
120
1180
2492
3900
4348
3900
3516
4092
5116
6140
6140
5628
5372
4860
4604
4860
5116
4860
4092
3004
2492
2108
1564
1052
716
212
-684
-1692
-2364
-2620
-2748
-3132
-3516
-4092
-4860
-5372
-5372
-4860
-4604
-4604
-5116
-5372
-5116
-4348
-3516
-2876
-2620
-2492
-2108
-1372
-212
844
1564
2236
2876
3644
4348
5116
5884
6652
6908
6652
7164
7932
7932
7676
7420
7420
7420
6908
6396
5884
5628
4604
3644
2876
2620
2108
1052
-16
-988
-1884
-2748
-3260
-3772
-4348
-5116
-5884
-6140
-6396
-6652
-6908
-6908
-6908
-7164
-7420
-7164
-6652
-6396
-6140
-5884
-5116
-4348
-3900
-3516
-2876
-2108
-1244
-308
292
812
1244
1692
2364
3260
4092
4092
4092
4092
4348
4604
4604
4604
4348
4092
3772
3260
2876
2620
2364
1884
1372
924
148
-716
-1244
-1308
-1244
-1692
-2364
-3004
-3644
-3644
-3644
-3516
-3516
-3772
-4348
-4604
-4348
-3900
-3644
-3132
-3004
-2748
-2492
-1980
-1180
-132
492
1052
1756
2748
3644
4348
4604
4604
4860
5628
6652
7420
7420
6908
6652
6652
6652
6652
6652
6396
5628
4092
3260
3132
3132
2748
1756
460
-620
-1436
-1980
-2236
-2364
-3132
-4092
-5116
-5628
-5884
-5884
-5628
-5884
-6396
-6908
-7164
-6908
-6652
-6396
-6396
-6140
-5628
-5372
-4860
-4348
-3644
-2620
-1884
-1436
-988
-460
524
1628
2492
3004
3260
3644
3900
4348
4860
5116
5116
4860
4604
4604
4604
4604
4092
3644
3004
2492
1980
1692
1372
652
-132
-844
-1372
-1820
-2236
-2492
-2876
-3388
-3900
-4348
-4348
-4348
-4604
-4860
-4860
-4860
-4860
-4860
-4348
-4092
-3516
-3004
-2620
-2236
-1820
-1180
-308
620
1372
1884
2492
3388
4348
5116
5884
6140
6396
6396
6652
7676
8316
8316
7420
7164
7164
7164
6908
6652
6140
5372
4348
3644
3004
2492
1884
1052
276
-812
-1756
-2620
-3260
-3644
-4348
-5116
-5884
-6396
-6908
-7164
-6908
-6908
-7164
-7676
-7932
-7420
-7164
-6908
-6652
-6396
-5884
-5628
-4860
-4092
-3388
-2620
-1500
-556
-428
-132
460
1692
2876
3516
3644
3772
4092
3900
4092
5116
5372
5372
4604
4092
4348
3900
3772
3516
3516
2876
1820
1052
620
652
228
-324
-652
-1372
-2108
-2748
-2620
-2492
-2876
-3516
-4092
-4348
-4348
-4348
-4092
-3772
-3772
-3900
-3772
-3260
-2620
-2108
-1628
-1116
-492
-112
620
1628
2748
3516
3644
4092
4860
5372
5628
5884
6396
6908
7164
6908
6652
6396
6396
6140
5884
5628
5116
4348
3388
2748
2364
1980
1244
492
-460
-1308
-1980
-2492
-2876
-3644
-4348
-4860
-5372
-5628
-5884
-6140
-6140
-6396
-6396
-6652
-6652
-6652
-6140
-5628
-5372
-4860
-4604
-4348
-3900
-3132
-2364
-1628
-924
-492
-88
340
924
1692
2364
2620
2876
2876
2876
3132
3516
3772
3772
3516
3004
2748
2620
2492
2492
2108
1564
988
524
196
-24
-80
-244
-620
-1116
-1564
-1884
-1980
-2108
-2108
-2236
-2364
-2620
-2876
-2876
-2620
-2364
-2108
-2108
-2108
-2108
-1820
-1116
-244
396
988
1820
2620
3260
3900
3900
4348
4860
5372
6396
6652
6652
6140
5884
5884
6140
6140
5884
5628
4860
3644
2876
2748
2876
2492
1500
164
-1116
-1692
-1980
-2108
-2236
-3132
-4092
-5116
-5372
-5372
-5372
-5372
-5884
-6396
-6652
-6652
-6652
-6396
-6396
-6140
-5884
-5372
-5116
-4860
-4348
-3516
-2492
-1980
-1564
-988
-196
372
1180
2236
3004
3388
3260
3388
3772
4348
4604
4604
4860
4604
4348
4092
3900
3900
3388
2876
2620
2364
1980
1116
460
8
-196
-684
-1372
-1756
-2236
-2620
-2748
-3004
-3132
-3772
-4092
-4348
-4348
-4092
-4348
-4348
-4348
-4092
-3644
-3388
-3004
-2620
-2364
-1692
-924
-164
396
988
1884
2620
3516
3900
4604
5372
5884
6140
6396
6652
6908
7164
7164
7164
7164
6908
6396
6140
5884
5628
4860
4092
3388
2748
2236
1628
924
148
-748
-1564
-2236
-2748
-3388
-4092
-4604
-5372
-5628
-6140
-6396
-6652
-6652
-6908
-6908
-6908
-6908
-6908
-6396
-6140
-5884
-5372
-5116
-4604
-4092
-3516
-2748
-1820
-1180
-844
-324
276
876
1564
1980
2364
2492
2620
2876
3260
3516
3388
3388
3260
3260
3260
3132
2876
2620
2236
1884
1692
1500
1244
988
620
260
-40
-276
-556
-812
-1052
-1308
-1436
-1692
-1884
-2108
-2108
-1980
-1980
-1980
-1980
-1884
-1564
-1116
-524
120
524
1116
1628
2364
3132
3388
3516
3644
4348
5116
5372
5628
5372
5372
5372
5116
5116
5116
4860
4604
3644
3260
2620
2236
1884
1436
924
24
-812
-1436
-1820
-2108
-2620
-3132
-3644
-4348
-4604
-4860
-5116
-5372
-5628
-5884
-5884
-5884
-5884
-6140
-5884
-5628
-5372
-4860
-4348
-4092
-3516
-3004
-2364
-1692
-1052
-620
-212
372
1052
1628
1980
2108
2364
2620
3004
3260
3516
3644
3516
3260
3132
3004
2876
2620
2236
1884
1564
1180
876
524
132
-196
-356
-652
-876
-1180
-1628
-1884
-2108
-2236
-2364
-2492
-2620
-2876
-2876
-3004
-2748
-2492
-2236
-1980
-1884
-1692
-1372
-924
-292
212
748
1308
1820
2620
3260
4092
4604
4860
4860
5116
5628
6396
6652
6652
6396
6140
5884
5628
5628
5372
5116
4604
3644
2876
2364
1884
1372
780
80
-748
-1564
-2364
-3004
-3516
-3900
-4348
-4604
-5372
-5884
-6140
-6396
-6396
-6396
-6396
-6652
-6652
-6652
-6396
-5884
-5628
-5116
-4860
-4348
-3900
-3260
-2492
-1756
-1180
-588
0
492
1052
1628
2236
2876
3260
3388
3388
3516
3644
3900
4092
4092
4092
3644
3260
3004
2876
2620
2364
1820
1372
924
460
80
-180
-396
-812
-1308
-1756
-2108
-2364
-2620
-2620
-2748
-3004
-3260
-3516
-3516
-3516
-3260
-3004
-2748
-2492
-2364
-2108
-1628
-1052
-460
228
876
1308
1820
2236
2748
3516
4092
4604
5116
5372
5628
5884
5884
6140
6140
6140
6140
5884
5372
5116
4860
4348
4092
3516
3004
2364
1756
1116
492
32
-492
-1052
-1628
-2236
-2748
-3132
-3644
-4092
-4348
-4860
-5116
-5372
-5372
-5628
-5884
-5884
-5884
-5628
-5372
-5116
-5116
-4860
-4604
-4092
-3644
-3132
-2620
-2108
-1692
-1308
-876
-492
-112
292
716
988
1116
1244
1436
1628
1820
1980
2108
1980
1884
1820
1756
1756
1628
1436
1308
1116
1052
988
876
748
524
308
148
72
96
48
-132
-292
-396
-492
-524
-556
-588
-588
-524
-588
-556
-460
-292
-56
308
780
1244
1628
1980
2236
2492
2620
2876
3004
3388
3644
3900
4092
4092
4092
3772
3516
3516
3388
3260
2876
2364
1980
1564
1244
844
428
0
-396
-748
-1116
-1500
-1980
-2364
-2748
-3004
-3260
-3516
-3900
-4092
-4348
-4348
-4348
-4348
-4348
-4348
-4348
-4348
-4092
-3900
-3644
-3388
-3132
-2620
-2236
-1820
-1436
-988
-524
-96
276
620
844
1180
1564
1820
1980
2108
2236
2236
2236
2364
2364
2364
2236
2108
1884
1692
1500
1308
1116
844
588
308
132
0
-228
-492
-748
-988
-1244
-1436
-1564
-1628
-1692
-1820
-1980
-1980
-2108
-2108
-1980
-1980
-1756
-1628
-1436
-1244
-1116
-780
-460
-88
308
684
1052
1436
1820
2236
2748
3132
3516
3900
4092
4348
4604
4860
5116
5372
5372
5372
5372
5116
4860
4604
4348
3900
3516
3132
2748
2236
1628
988
428
-104
-588
-988
-1564
-2108
-2748
-3260
-3644
-4092
-4604
-4860
-5116
-5372
-5372
-5628
-5628
-5628
-5628
-5628
-5628
-5372
-5116
-4860
-4348
-4092
-3516
-3132
-2748
-2364
-1980
-1436
-924
-460
-48
260
588
988
1372
1692
1820
1980
2108
2364
2492
2620
2620
2620
2492
2364
2364
2364
2236
2108
1884
1692
1500
1308
1116
924
780
620
428
244
8
-196
-460
-652
-812
-924
-988
-1116
-1180
-1244
-1180
-1180
-1116
-1052
-924
-780
-588
-308
-16
164
460
812
1180
1628
1980
2236
2364
2620
3004
3388
3644
3772
3900
3900
3900
3900
3772
3644
3388
3260
3004
2620
2236
1756
1308
876
588
308
-48
-556
-1116
-1628
-1980
-2364
-2620
-3004
-3388
-3644
-4092
-4348
-4348
-4348
-4604
-4604
-4604
-4604
-4348
-4348
-4092
-3900
-3516
-3260
-3004
-2620
-2364
-1980
-1500
-1052
-716
-428
-148
196
460
716
1052
1180
1372
1564
1692
1756
1820
1820
1756
1756
1692
1564
1436
1244
1244
1244
1116
924
812
684
556
428
276
196
96
24
-48
-180
-340
-460
-524
-556
-524
-492
-492
-524
-524
-396
-180
-24
88
180
260
460
748
1052
1244
1372
1564
1820
2236
2620
2876
3132
3260
3260
3516
3644
3900
3900
3900
3772
3644
3388
3132
2876
2492
2236
1884
1564
1180
812
356
-112
-524
-924
-1372
-1756
-2108
-2492
-2876
-3260
-3644
-4092
-4348
-4604
-4604
-4604
-4604
-4604
-4860
-4860
-4604
-4604
-4348
-4092
-3900
-3644
-3388
-3004
-2620
-2364
-2108
-1628
-1180
-812
-428
-120
132
340
588
924
1180
1308
1436
1500
1692
1756
1820
1756
1628
1564
1628
1628
1564
1436
1244
1116
1052
924
844
716
556
492
428
340
196
80
-48
-132
-180
-228
-260
-308
-340
-324
-244
-180
-196
-132
-8
120
396
524
716
924
1180
1500
1756
2108
2364
2620
3004
3388
3644
3772
3900
4092
4092
4348
4604
4604
4348
4348
4092
3644
3388
3004
2620
2364
2108
1628
1116
588
40
-460
-988
-1436
-1980
-2492
-3004
-3388
-3772
-4092
-4348
-4860
-5116
-5116
-5116
-5372
-5372
-5628
-5628
-5628
-5372
-5116
-4860
-4860
-4348
-4092
-3772
-3516
-3004
-2620
-2236
-1820
-1436
-988
-620
-276
56
428
812
1116
1372
1564
1756
1980
2108
2236
2108
2108
2236
2236
2236
2236
2108
1980
1756
1692
1628
1436
1244
988
780
652
588
428
244
48
-104
-212
-308
-428
-524
-620
-652
-556
-556
-588
-588
-524
-428
-228
40
228
372
556
812
1116
1500
1756
1884
2108
2492
2748
3132
3260
3388
3516
3644
3900
4092
4092
4092
4092
3900
3644
3516
3260
3004
2620
2364
1980
1628
1180
684
148
-324
-716
-1052
-1500
-1980
-2364
-2876
-3260
-3516
-3772
-4092
-4348
-4604
-4604
-4860
-4860
-4860
-4860
-4860
-4604
-4604
-4348
-4092
-3772
-3516
-3260
-2876
-2620
-2364
-1980
-1692
-1308
-988
-684
-396
-180
72
308
556
748
876
988
1052
1116
1116
1180
1180
1244
1244
1180
1052
988
988
988
988
876
748
620
620
588
492
372
292
244
260
276
244
212
196
196
292
396
524
556
524
652
844
1116
1308
1500
1628
1756
1980
2236
2492
2748
2876
3132
3260
3516
3516
3644
3644
3644
3772
3772
3644
3516
3388
3132
2748
2492
2236
1884
1436
1052
748
276
-164
-620
-1116
-1564
-1980
-2364
-2620
-3004
-3388
-3772
-4092
-4348
-4604
-4604
-4860
-4860
-4860
-4860
-4860
-4860
-4604
-4604
-4348
-4092
-3900
-3644
-3388
-3004
-2620
-2364
-1980
-1692
-1308
-988
-588
-276
-8
228
428
684
924
1116
1244
1308
1436
1500
1564
1564
1500
1500
1436
1436
1372
1308
1244
1116
988
924
812
780
716
620
556
556
524
492
340
260
228
212
244
308
324
428
492
588
716
780
844
924
1116
1244
1500
1628
1820
1980
2108
2364
2620
2876
3004
3260
3260
3388
3516
3644
3516
3644
3516
3516
3388
3260
3004
2748
2364
1980
1756
1436
1052
620
120
-308
-652
-988
-1308
-1820
-2236
-2748
-3132
-3388
-3644
-4092
-4348
-4604
-4604
-4860
-4860
-5116
-5116
-5116
-4860
-4860
-4604
-4604
-4348
-4092
-3900
-3516
-3132
-2876
-2620
-2236
-1820
-1436
-1052
-780
-556
-228
24
340
620
812
988
1180
1244
1372
1500
1628
1628
1564
1628
1628
1692
1756
1692
1628
1564
1500
1500
1436
1372
1244
1180
1180
1052
988
812
652
588
524
524
556
492
356
276
260
396
524
556
620
652
812
988
1180
1308
1372
1564
1692
1980
2236
2364
2492
2492
2620
2620
2748
2876
2748
2748
2620
2620
2492
2364
2108
1884
1628
1372
1116
844
556
228
-164
-524
-876
-1244
-1564
-1820
-2108
-2364
-2492
-2748
-3132
-3388
-3516
-3644
-3772
-3772
-3900
-3900
-3900
-3900
-3772
-3644
-3388
-3260
-3132
-3004
-2748
-2492
-2108
-1884
-1692
-1372
-1116
-844
-588
-308
-64
132
340
524
652
780
812
876
1052
1116
1116
1116
1116
1116
1116
1116
1052
924
844
844
812
812
844
780
684
588
556
556
588
588
620
588
556
588
588
652
684
716
716
780
924
988
1180
1308
1436
1564
1564
1692
1980
2108
2364
2364
2364
2492
2492
2620
2620
2620
2492
2364
2236
1980
1884
1628
1244
1052
780
556
340
72
-292
-652
-924
-1180
-1436
-1820
-2108
-2492
-2620
-2748
-3004
-3260
-3388
-3516
-3516
-3644
-3644
-3644
-3644
-3644
-3644
-3516
-3388
-3260
-3004
-2748
-2492
-2236
-1884
-1628
-1372
-1116
-812
-492
-180
24
196
428
716
924
1116
1180
1244
1308
1372
1436
1500
1564
1564
1500
1500
1500
1436
1372
1308
1180
1116
1052
1052
1052
924
780
684
620
588
556
524
556
492
428
396
396
396
428
460
492
492
556
588
684
780
924
1052
1180
1308
1436
1628
1756
1980
2108
2108
2108
2236
2236
2236
2236
2236
2108
1980
1756
1564
1372
1244
1052
844
620
340
-24
-324
-588
-812
-1116
-1372
-1628
-1980
-2108
-2364
-2620
-2748
-3004
-3260
-3388
-3516
-3516
-3644
-3644
-3516
-3516
-3516
-3516
-3388
-3260
-3132
-2876
-2748
-2492
-2236
-2108
-1820
-1564
-1244
-1052
-812
-556
-276
16
292
460
588
748
876
988
1180
1308
1372
1436
1436
1500
1500
1500
1564
1500
1436
1372
1372
1372
1436
1372
1308
1308
1244
1244
1180
1116
1116
1116
1052
988
924
812
780
812
876
924
924
924
924
924
988
1052
1052
1052
1052
1180
1308
1500
1564
1564
1564
1500
1500
1564
1628
1628
1564
1500
1372
1244
1116
988
844
652
524
356
244
72
-120
-340
-588
-780
-988
-1180
-1244
-1500
-1756
-1980
-2236
-2364
-2492
-2620
-2620
-2620
-2748
-2748
-2748
-2876
-2748
-2748
-2748
-2748
-2620
-2620
-2492
-2364
-2108
-1980
-1820
-1628
-1436
-1308
-1116
-924
-748
-620
-460
-276
-112
16
132
228
340
396
460
524
556
588
652
748
812
812
812
844
844
924
988
1052
1052
988
1052
1116
1116
1180
1180
1116
1116
1116
1116
1180
1180
1180
1180
1180
1180
1244
1244
1244
1308
1372
1372
1436
1436
1436
1564
1564
1628
1628
1692
1756
1756
1756
1756
1756
1692
1628
1564
1436
1244
1052
876
716
620
492
292
80
-132
-372
-588
-812
-924
-1116
-1308
-1564
-1692
-1884
-1980
-2108
-2236
-2364
-2364
-2492
-2492
-2620
-2620
-2620
-2620
-2492
-2492
-2492
-2364
-2236
-2108
-1980
-1980
-1820
-1756
-1628
-1436
-1244
-1116
-988
-876
-716
-588
-428
-308
-212
-104
-8
120
292
396
428
492
524
556
620
620
716
812
876
924
924
924
988
1052
1052
1116
1180
1180
1180
1116
1180
1244
1244
1180
1180
1116
1116
1116
1180
1180
1180
1116
1116
1116
1052
1052
1116
1116
1052
1052
1116
1116
1180
1180
1180
1180
1180
1180
1244
1244
1116
1052
988
924
924
844
684
556
460
372
244
132
0
-180
-324
-524
-684
-748
-844
-988
-1116
-1308
-1436
-1564
-1692
-1692
-1756
-1820
-1884
-1980
-2108
-1980
-2108
-2108
-1980
-1980
-1980
-1980
-1980
-1980
-1884
-1820
-1756
-1692
-1564
-1500
-1436
-1308
-1180
-1116
-988
-988
-924
-812
-716
-556
-428
-292
-180
-112
-40
40
164
292
428
524
588
684
844
988
1116
1244
1308
1308
1436
1500
1628
1692
1692
1692
1692
1692
1756
1756
1756
1692
1692
1692
1628
1564
1500
1436
1372
1372
1308
1308
1180
1116
1116
1116
1052
1052
988
924
844
844
780
684
588
524
492
460
356
244
132
48
-24
-112
-212
-308
-396
-492
-524
-556
-620
-716
-780
-876
-988
-988
-1052
-1116
-1180
-1244
-1244
-1308
-1308
-1372
-1372
-1372
-1436
-1436
-1500
-1500
-1500
-1500
-1500
-1500
-1564
-1564
-1628
-1564
-1500
-1500
-1500
-1500
-1500
-1500
-1500
-1436
-1372
-1372
-1308
-1244
-1116
-988
-924
-812
-716
-588
-428
-276
-180
-64
80
276
428
556
652
748
876
988
1180
1308
1372
1500
1500
1564
1692
1820
1980
1980
1980
2108
2108
2108
2108
2108
2108
1980
1980
1980
1980
1980
1820
1692
1628
1564
1564
1500
1372
1244
1180
1052
988
876
780
684
556
492
396
340
212
104
8
-56
-104
-180
-228
-308
-356
-396
-396
-460
-588
-652
-780
-780
-812
-876
-988
-1116
-1180
-1244
-1244
-1372
-1436
-1500
-1564
-1564
-1628
-1628
-1692
-1756
-1756
-1756
-1756
-1820
-1820
-1884
-1884
-1884
-1884
-1884
-1884
-1884
-1884
-1820
-1692
-1628
-1500
-1436
-1372
-1244
-1180
-1052
-988
-924
-812
-684
-524
-396
-212
-72
56
196
356
524
716
876
988
1180
1244
1436
1564
1628
1756
1820
1884
1980
2108
2108
2108
2108
2108
2108
2108
2108
2108
1980
1980
1980
1820
1692
1692
1628
1500
1372
1244
1180
1052
988
924
812
684
524
428
356
292
228
148
120
56
-8
-56
-112
-180
-228
-292
-340
-356
-356
-372
-340
-324
-308
-340
-396
-372
-396
-356
-340
-356
-428
-492
-588
-588
-556
-620
-620
-716
-844
-924
-988
-1052
-1116
-1244
-1308
-1436
-1500
-1564
-1628
-1628
-1692
-1692
-1692
-1756
-1756
-1756
-1756
-1692
-1692
-1628
-1628
-1564
-1500
-1436
-1308
-1180
-1116
-1052
-876
-716
-524
-340
-180
-24
148
324
524
748
924
1052
1180
1308
1436
1564
1692
1756
1884
1980
1980
2108
2108
2108
2236
2108
2108
2108
2108
2108
1980
1884
1756
1628
1564
1372
1244
1052
876
716
524
396
276
148
40
-64
-132
-212
-308
-396
-460
-556
-588
-620
-620
-684
-748
-748
-716
-684
-684
-684
-652
-620
-524
-428
-356
-372
-396
-356
-308
-260
-212
-228
-276
-292
-308
-276
-292
-276
-308
-356
-428
-492
-524
-620
-684
-748
-780
-876
-924
-1052
-1180
-1180
-1244
-1244
-1308
-1436
-1564
-1564
-1564
-1564
-1628
-1628
-1692
-1756
-1692
-1564
-1500
-1372
-1308
-1180
-988
-876
-684
-460
-292
-104
88
308
556
748
988
1180
1372
1564
1692
1884
1980
2108
2236
2236
2364
2492
2492
2492
2492
2492
2492
2364
2364
2364
2364
2236
2108
1980
1820
1692
1564
1436
1308
1180
988
844
684
524
428
292
164
64
-64
-196
-356
-492
-588
-684
-716
-780
-876
-924
-924
-924
-924
-924
-876
-924
-924
-876
-844
-780
-780
-780
-780
-780
-716
-684
-652
-684
-652
-716
-780
-780
-812
-812
-844
-876
-924
-988
-1052
-1052
-1116
-1116
-1116
-1180
-1244
-1308
-1308
-1308
-1308
-1372
-1372
-1436
-1436
-1372
-1372
-1308
-1308
-1308
-1244
-1180
-1116
-988
-844
-716
-556
-428
-260
-96
40
196
324
460
620
780
924
1052
1180
1308
1372
1500
1564
1628
1692
1756
1820
1884
1884
1884
1820
1820
1692
1692
1628
1564
1500
1436
1308
1244
1116
1052
988
924
812
716
620
556
460
428
340
276
148
48
-40
-64
-132
-164
-132
-180
-180
-212
-276
-276
-276
-292
-292
-292
-292
-276
-244
-212
-228
-228
-228
-212
-228
-228
-212
-196
-212
-196
-196
-228
-260
-276
-308
-372
-460
-556
-652
-652
-684
-748
-780
-812
-924
-1052
-1116
-1116
-1180
-1244
-1308
-1308
-1372
-1372
-1372
-1436
-1372
-1372
-1308
-1244
-1116
-988
-876
-780
-652
-524
-428
-244
-48
104
212
292
396
460
620
716
844
924
988
1052
1052
1180
1244
1308
1372
1308
1308
1244
1244
1308
1372
1308
1244
1180
1052
1052
988
924
924
780
652
588
492
396
340
276
212
164
120
40
-16
-104
-148
-164
-212
-212
-276
-308
-276
-260
-260
-292
-356
-372
-396
-428
-428
-396
-396
-372
-356
-308
-244
-228
-244
-260
-292
-308
-308
-292
-324
-292
-292
-276
-276
-324
-324
-340
-340
-324
-324
-396
-460
-524
-556
-588
-556
-556
-556
-620
-620
-652
-684
-684
-684
-652
-652
-588
-588
-556
-460
-396
-324
-212
-104
-40
24
64
104
196
324
428
492
556
620
684
748
812
876
844
812
780
748
748
748
780
780
812
780
748
748
716
652
620
588
524
460
428
396
356
324
276
228
148
112
80
56
64
40
-32
-72
-104
-120
-132
-120
-132
-164
-196
-212
-180
-164
-132
-88
-56
-80
-32
8
48
64
80
80
40
8
-16
0
-8
-24
-56
-96
-132
-180
-196
-212
-228
-260
-308
-372
-460
-524
-588
-588
-588
-652
-684
-716
-748
-780
-780
-812
-844
-876
-876
-924
-924
-844
-780
-748
-716
-684
-620
-524
-428
-324
-244
-180
-112
-64
32
88
132
196
260
324
396
460
524
524
556
588
620
652
620
556
524
524
556
556
556
588
524
492
492
492
492
492
524
460
396
324
276
228
228
212
212
212
180
180
180
180
196
228
244
244
244
228
244
292
340
324
324
308
308
340
356
396
428
460
460
460
460
428
428
396
428
396
308
228
164
48
-40
-120
-196
-276
-372
-428
-492
-556
-588
-684
-748
-844
-988
-988
-988
-1052
-1052
-1116
-1116
-1116
-1116
-1052
-988
-924
-924
-876
-812
-716
-620
-556
-492
-428
-340
-292
-196
-112
-48
16
112
180
228
276
324
396
492
524
620
652
620
620
620
652
652
652
652
588
588
524
556
556
556
492
396
396
340
276
244
244
180
112
80
8
-56
-112
-132
-148
-148
-180
-180
-212
-148
-112
-132
-104
-104
-88
-72
0
80
96
120
132
148
180
212
276
308
324
324
340
356
356
324
292
260
212
180
148
80
32
0
-24
-48
-72
-88
-132
-180
-228
-244
-276
-324
-340
-340
-372
-396
-428
-460
-492
-556
-556
-588
-556
-588
-620
-588
-588
-588
-524
-524
-524
-492
-460
-428
-324
-244
-212
-196
-148
-104
-24
24
80
88
112
148
164
196
244
292
324
372
372
372
396
372
428
460
460
428
396
356
356
396
428
428
396
356
292
260
260
276
276
228
196
180
132
112
112
132
148
132
132
148
132
132
180
180
180
164
132
112
88
120
164
164
164
180
164
164
196
228
228
212
196
164
132
112
104
104
32
-24
-104
-212
-260
-308
-372
-396
-428
-460
-492
-524
-556
-620
-684
-716
-716
-684
-684
-684
-684
-748
-748
-748
-684
-684
-652
-652
-652
-620
-588
-524
-460
-356
-308
-196
-88
0
64
132
228
260
324
396
460
492
524
556
556
588
620
620
684
684
684
684
620
588
556
524
524
492
428
396
356
260
164
132
88
64
8
0
0
-32
-56
-40
-32
-24
-16
-8
-16
-16
8
16
16
40
72
88
132
164
180
196
228
276
324
324
324
324
340
340
356
356
340
356
340
324
308
276
228
148
96
64
32
-16
-64
-164
-228
-292
-340
-396
-428
-492
-588
-620
-652
-716
-780
-812
-876
-876
-924
-924
-924
-924
-988
-924
-876
-812
-780
-748
-684
-620
-524
-492
-460
-356
-324
-276
-196
-120
-24
40
132
212
260
276
356
396
428
460
460
460
460
556
556
588
620
556
492
460
492
492
492
460
396
340
324
356
356
324
292
276
276
260
228
212
148
132
104
80
80
56
32
0
-16
-8
-8
-8
0
8
0
8
56
96
132
164
196
196
212
212
180
180
196
228
228
228
228
228
212
196
180
164
120
72
48
72
56
0
-40
-132
-180
-212
-244
-276
-324
-356
-396
-428
-492
-492
-524
-524
-524
-524
-524
-556
-524
-492
-460
-396
-356
-356
-340
-292
-244
-180
-132
-104
-72
-24
32
88
112
120
132
112
120
132
164
196
212
228
244
228
228
244
260
276
308
308
276
228
212
196
196
196
164
132
112
80
80
72
72
56
8
0
24
8
0
-24
-40
-80
-120
-96
-88
-56
-48
-64
-32
-32
-32
0
0
8
24
40
48
64
88
132
148
180
196
164
132
132
120
88
64
32
-16
-56
-56
-40
-64
-80
-96
-148
-148
-180
-196
-228
-260
-308
-340
-372
-396
-428
-460
-460
-492
-492
-492
-492
-492
-492
-492
-492
-460
-396
-356
-324
-292
-260
-212
-164
-104
-64
16
72
104
196
260
324
372
460
492
556
588
588
588
588
620
620
588
524
492
460
492
524
492
492
460
428
428
396
396
396
324
276
244
196
180
180
148
120
72
0
-32
-40
-48
-40
-48
-72
-96
-112
-132
-112
-72
-96
-88
-96
-96
-64
-40
-32
-8
-8
8
80
88
96
88
48
40
48
72
88
40
-8
-56
-104
-132
-148
-148
-196
-244
-260
-292
-356
-372
-428
-492
-556
-588
-620
-684
-716
-748
-780
-812
-844
-812
-780
-748
-684
-652
-620
-588
-524
-492
-396
-324
-276
-212
-132
-72
-24
40
88
148
228
276
340
428
460
492
556
620
620
652
684
684
716
716
748
748
716
716
684
684
652
588
524
492
428
396
396
324
308
292
244
180
96
40
-8
-24
-72
-96
-132
-164
-212
-228
-212
-212
-212
-244
-260
-228
-164
-148
-120
-120
-132
-132
-112
-88
-48
0
32
56
72
88
104
104
104
112
88
72
56
40
0
-8
-8
-32
-64
-88
-104
-112
-104
-148
-180
-244
-324
-372
-396
-428
-460
-524
-588
-588
-588
-620
-620
-588
-588
-620
-620
-588
-556
-492
-428
-340
-276
-212
-120
-72
-32
16
56
112
164
196
276
356
396
492
492
524
556
588
620
652
652
652
684
684
684
652
620
588
588
556
524
460
428
428
372
324
260
196
148
88
40
0
-48
-104
-164
-196
-228
-260
-276
-276
-292
-292
-276
-228
-228
-228
-196
-180
-148
-112
-80
-96
-104
-80
-64
-40
-8
8
72
96
132
180
180
164
180
148
132
132
96
56
16
8
-56
-80
-120
-180
-212
-228
-292
-308
-324
-372
-396
-428
-460
-492
-492
-556
-556
-588
-620
-620
-588
-588
-556
-556
-524
-492
-428
-396
-308
-260
-212
-148
-104
-32
40
96
148
212
244
292
356
396
492
556
588
620
652
652
652
684
684
684
652
652
620
588
556
556
524
428
396
308
244
228
228
180
148
104
48
0
-32
-88
-148
-228
-308
-340
-356
-372
-372
-356
-356
-324
-308
-292
-260
-260
-228
-212
-180
-180
-196
-180
-164
-120
-64
-16
24
56
88
132
148
164
180
196
196
164
148
120
104
80
80
80
80
48
8
-24
-56
-104
-148
-148
-196
-228
-260
-276
-340
-396
-428
-460
-492
-492
-492
-492
-492
-460
-428
-396
-340
-308
-260
-196
-148
-112
-72
-48
-16
64
164
212
292
340
340
396
428
460
492
524
524
556
620
620
620
652
620
588
588
524
492
460
428
372
308
260
212
164
132
112
64
24
-24
-72
-104
-148
-180
-228
-260
-308
-308
-324
-340
-356
-372
-372
-356
-324
-308
-276
-276
-244
-212
-148
-72
-32
-16
8
56
88
132
148
148
164
180
180
228
292
292
292
276
244
244
180
164
132
88
32
0
-72
-132
-212
-276
-324
-324
-340
-396
-428
-492
-492
-556
-588
-620
-620
-620
-652
-652
-620
-620
-588
-556
-524
-524
-492
-460
-372
-324
-276
-212
-148
-88
-40
8
64
104
164
196
244
292
340
396
428
492
524
588
652
652
684
684
652
620
556
492
428
396
396
372
324
276
244
228
212
196
164
120
80
40
0
-40
-80
-112
-132
-120
-132
-104
-72
-24
56
88
88
132
148
132
164
212
244
244
276
308
340
356
396
396
372
356
372
356
340
324
324
308
260
244
212
164
148
88
24
-24
-80
-132
-164
-196
-244
-324
-372
-428
-460
-460
-492
-556
-588
-620
-652
-684
-684
-684
-748
-748
-748
-716
-684
-620
-620
-620
-588
-556
-460
-396
-340
-292
-228
-164
-120
-72
-16
0
16
80
132
164
180
196
228
244
276
260
260
244
196
164
180
132
104
72
32
24
0
-24
-8
-24
-64
-88
-104
-112
-132
-132
-120
-148
-196
-180
-164
-164
-104
-72
-48
-24
24
80
132
180
196
196
228
260
292
340
396
428
460
460
492
556
588
588
620
652
652
652
652
652
620
588
524
460
428
372
340
324
292
212
164
132
104
88
48
8
-56
-164
-196
-212
-212
-212
-228
-244
-260
-276
-276
-276
-260
-244
-244
-180
-148
-148
-132
-132
-112
-64
-48
-32
-40
-24
-24
-32
0
40
32
32
8
8
24
0
-16
-24
-48
-88
-104
-132
-196
-244
-292
-324
-372
-396
-396
-396
-396
-396
-428
-460
-460
-492
-492
-492
-492
-492
-492
-492
-460
-428
-428
-396
-340
-276
-212
-164
-132
-112
-96
-32
0
32
56
88
132
196
260
324
308
308
340
372
396
428
460
460
460
428
460
428
396
356
340
292
244
212
180
132
112
96
40
-8
-80
-132
-180
-228
-260
-308
-324
-356
-372
-340
-340
-324
-324
-292
-260
-212
-180
-180
-120
-72
-32
0
24
40
88
132
180
244
276
308
356
396
460
492
492
492
492
460
492
492
492
492
492
428
396
372
340
308
260
196
180
132
104
112
88
88
72
40
-8
-72
-132
-164
-180
-228
-244
-276
-308
-308
-308
-276
-260
-260
-244
-244
-228
-196
-180
-164
-120
-96
-88
-96
-88
-72
-48
-32
8
56
88
96
96
88
72
80
96
104
120
132
96
56
24
0
-48
-72
-112
-180
-212
-228
-244
-260
-260
-308
-340
-372
-428
-460
-460
-428
-428
-460
-428
-396
-396
-372
-308
-276
-244
-148
-112
-96
-40
-16
0
40
72
96
148
180
228
228
244
276
292
308
356
396
396
396
396
396
396
396
396
356
308
260
212
196
132
88
80
56
16
-16
-40
-112
-148
-164
-180
-180
-212
-244
-244
-244
-260
-260
-276
-276
-276
-244
-212
-196
-164
-112
-72
-16
48
80
96
104
148
164
164
148
132
132
164
180
244
276
292
292
308
324
292
276
244
244
196
164
148
104
56
40
24
-16
-64
-88
-132
-180
-196
-228
-260
-276
-292
-292
-292
-292
-292
-308
-276
-276
-260
-244
-228
-196
-164
-132
-64
-32
0
48
80
120
164
180
228
276
276
292
324
340
356
396
396
396
428
428
396
372
372
340
276
260
244
244
212
180
148
132
88
40
24
-16
-48
-80
-112
-148
-196
-228
-244
-260
-276
-292
-308
-340
-308
-308
-308
-260
-260
-228
-212
-212
-196
-180
-164
-148
-164
-180
-180
-212
-180
-148
-148
-132
-132
-112
-88
-64
-24
-16
-40
-40
-48
-72
-96
-88
-112
-96
-104
-132
-148
-180
-196
-196
-196
-228
-244
-276
-292
-292
-292
-308
-292
-308
-308
-276
-260
-260
-244
-228
-212
-148
-96
-72
-40
-16
8
32
48
48
56
64
120
196
260
292
324
340
396
428
460
492
524
524
524
524
524
524
524
492
492
492
492
524
460
428
428
396
396
356
324
276
212
212
212
196
164
132
112
120
120
112
96
72
48
40
64
64
64
48
56
56
32
48
40
24
24
48
48
32
24
48
64
72
88
88
40
8
0
0
0
-40
-80
-112
-148
-164
-180
-212
-228
-260
-292
-324
-324
-372
-396
-428
-492
-492
-556
-556
-620
-652
-652
-684
-716
-684
-684
-652
-620
-620
-588
-588
-556
-524
-492
-460
-428
-428
-396
-324
-276
-244
-196
-164
-132
-112
-104
-80
-56
-32
0
24
72
120
132
180
228
260
276
324
324
324
308
308
324
308
308
324
340
356
372
356
324
276
244
244
260
276
260
244
260
260
260
276
260
276
308
324
340
340
340
356
372
372
356
340
340
340
356
372
396
396
372
396
396
396
396
396
372
340
324
292
228
196
164
132
112
96
56
16
0
-24
-64
-72
-112
-148
-164
-196
-260
-292
-292
-324
-340
-356
-372
-396
-428
-460
-460
-460
-460
-460
-460
-460
-428
-396
-396
-372
-356
-356
-324
-308
-292
-260
-260
-260
-212
-180
-148
-132
-120
-96
-96
-96
-72
-40
-32
-16
0
-8
-24
-56
-64
-48
-24
-32
-16
-16
-56
-80
-88
-48
-16
-8
0
8
-16
-8
0
-8
-32
-80
-72
-48
-32
-8
0
0
16
32
32
48
72
80
104
148
148
148
132
132
148
164
196
196
196
212
228
244
276
292
308
292
308
308
308
308
276
260
228
196
164
148
148
132
132
112
88
88
80
56
56
32
0
-24
-64
-88
-88
-104
-88
-80
-72
-72
-80
-56
-64
-64
-56
-56
-56
-48
-48
-40
-48
-48
-32
-40
-40
-56
-72
-88
-88
-96
-72
-56
-48
-48
-48
-56
-56
-56
-56
-64
-64
-56
-72
-80
-80
-96
-120
-148
-180
-196
-212
-180
-148
-132
-164
-164
-148
-132
-104
-88
-88
-112
-104
-80
-48
-24
-8
16
32
48
56
72
80
120
132
180
196
228
244
244
292
308
308
308
292
292
292
292
276
260
228
196
132
