SAMPLES:	6258
BITSPERSAMPLE:	16
CHANNELS:	1
SAMPLERATE:	16000
NORMALIZED:	FALSE
148
32
0
72
48
0
0
24
112
132
-24
-24
132
-16
-40
64
132
72
64
112
32
0
-80
-88
40
64
32
72
0
-64
-132
-56
-8
-24
8
-24
-16
-96
-104
-80
-104
-80
0
0
-32
24
-64
-56
-16
-72
-80
16
8
-64
-48
-40
-88
-164
-132
-112
-88
-88
-8
-16
-80
-32
-112
-164
-148
-212
-148
-8
-56
-80
0
-8
-80
-72
-32
40
64
32
40
16
-80
-132
-148
-32
40
64
96
112
16
-56
-16
-8
32
64
64
40
56
8
-16
16
40
40
64
104
0
-8
0
-64
-8
96
112
88
148
164
80
16
48
80
48
40
64
112
120
32
0
112
112
56
120
180
148
24
0
80
32
-8
40
80
72
64
48
24
-16
-48
-32
48
48
0
72
32
-16
-8
0
16
8
-48
-32
16
-8
-48
-40
-24
-80
-48
16
40
16
-32
-24
-56
-80
-80
-32
8
-40
-96
0
56
-80
-80
-32
-80
-80
-40
-48
0
0
-56
-8
24
-56
-88
-24
0
0
24
40
16
-24
-48
-24
-40
-48
-32
8
-8
-64
-64
8
8
-72
-24
16
-32
-132
-104
-24
-8
-48
-32
64
56
-32
-88
-16
-24
-72
-16
40
40
16
0
56
132
32
-48
-40
40
-40
-112
8
132
112
0
24
120
72
-8
-32
0
56
16
-8
24
56
8
-8
64
80
32
40
0
-64
-72
-32
16
24
48
56
16
-32
-72
-80
-40
0
8
-8
0
-24
-88
-64
-16
16
40
40
16
-32
-48
-56
-132
-120
-8
8
-24
16
32
24
0
-112
-64
64
40
0
64
72
0
-32
-48
0
72
56
64
56
48
16
-56
-56
0
40
72
80
72
72
64
0
-56
24
40
16
8
-8
24
72
24
0
24
24
0
32
32
-16
0
48
40
16
32
88
48
-24
-16
24
56
48
32
72
72
64
64
40
0
-32
0
0
-32
-32
8
72
24
0
56
8
-40
-88
-80
-16
32
8
0
64
8
-88
-24
40
8
-32
-24
-32
-48
-64
-80
-56
-24
-8
24
48
-32
-96
-48
-56
-132
-104
0
24
-48
-132
-72
16
-48
-164
-104
8
8
-80
-132
-24
0
-164
-196
-56
32
-32
-132
-56
24
-8
-120
-64
40
24
-48
-32
24
-8
-64
-8
56
16
-48
0
132
32
-132
-40
64
16
-32
-8
72
132
56
-48
32
88
16
0
56
40
0
80
72
48
80
80
88
72
32
8
32
80
56
48
64
48
96
88
64
24
40
104
48
0
32
72
16
0
8
48
80
40
0
80
72
0
0
40
96
40
-40
-32
48
48
-40
-32
32
48
16
-40
8
72
16
-24
-8
64
48
-24
-24
16
40
-8
-32
8
0
-40
-24
-16
-24
-56
-24
-16
-24
-56
-56
-16
-24
-72
-88
-32
-8
-72
-88
-48
-8
-24
-88
-104
-64
-72
-112
-96
-56
-56
-48
-48
-72
-48
-48
-56
-48
-64
-88
-96
-24
0
-40
-40
-24
-32
-56
-48
-40
-16
0
-32
-16
0
-40
-40
-8
8
-24
0
48
40
56
24
8
48
112
88
8
40
80
56
48
24
40
104
112
16
-8
72
80
40
32
40
80
104
64
64
120
96
-8
-8
48
80
48
24
16
32
56
24
32
88
64
-8
8
40
0
-64
-48
16
16
-56
-16
88
24
-96
-88
16
8
-80
-80
16
56
-56
-164
-64
16
-32
-132
-48
40
-24
-148
-112
48
0
-180
-164
40
64
-96
-148
0
164
48
-148
-112
64
72
-24
-40
40
64
-8
-32
8
40
8
16
40
56
0
0
48
8
-32
8
112
112
32
-24
64
96
-24
-32
80
148
88
0
8
72
0
-48
16
112
80
0
0
48
112
0
-40
64
96
32
8
40
56
40
-56
-72
0
32
24
-16
8
32
-48
-120
-64
32
-8
-132
-104
32
-16
-180
-148
0
16
-72
-148
-80
8
-80
-196
-132
16
0
-88
-112
-80
24
-8
-132
-104
-24
-8
-132
-120
-16
-24
-56
-72
24
112
0
-48
32
96
8
-148
-32
120
56
-132
-120
96
148
-8
-196
-32
196
40
-104
40
228
196
-32
-180
-56
148
80
-88
32
292
260
-24
-148
-16
180
72
-148
104
396
292
72
112
196
72
-72
0
244
148
-228
-244
72
-16
-428
-460
80
396
24
-244
-80
120
-96
-340
-96
276
276
40
72
228
196
0
-72
96
228
180
180
276
196
72
32
112
260
292
228
148
88
-72
-180
-180
-120
0
40
40
72
32
-164
-308
-260
-88
-72
-148
-88
-24
-132
-292
-308
-164
-64
-164
-228
-72
-64
-276
-372
-228
-32
-16
-112
-80
8
-64
-276
-292
-148
-56
-104
-148
-112
-80
-80
-180
-164
-32
32
24
-16
16
64
-16
-72
-32
96
180
164
112
132
132
96
56
24
64
104
88
40
64
48
48
56
-48
-40
80
80
8
0
40
80
96
112
132
164
104
8
48
80
56
104
148
148
104
40
16
72
112
24
64
212
244
96
24
120
132
64
48
132
180
112
0
40
180
164
24
24
112
32
-72
-132
-80
16
-16
-96
-40
88
-24
-212
-212
-180
-96
-48
-72
-120
-120
-180
-212
-164
-196
-196
-132
-80
-88
-96
-104
-164
-164
-148
-180
-132
-32
-32
-132
-148
-24
40
0
-104
-148
-80
-64
-196
-228
-88
64
112
40
48
148
96
-72
-64
104
260
260
212
212
212
212
132
104
276
396
356
324
292
308
340
292
324
396
428
324
196
120
132
244
212
148
148
180
80
-120
-164
-48
24
16
-32
-16
0
-148
-340
-396
-324
-308
-340
-372
-340
-396
-556
-652
-588
-428
-356
-356
-396
-428
-460
-492
-524
-524
-460
-356
-356
-340
-308
-260
-260
-244
-164
-88
-104
-132
-180
-164
-132
-104
48
132
120
96
80
72
24
40
132
212
180
40
56
180
148
64
72
228
228
112
132
164
196
148
260
428
428
372
196
132
244
212
308
524
652
524
396
460
492
556
588
684
780
716
492
460
556
620
588
652
716
652
556
492
492
524
524
524
524
652
556
396
356
340
340
276
228
196
180
112
0
-132
-212
-308
-460
-620
-716
-684
-780
-988
-1116
-1180
-1308
-1436
-1564
-1564
-1628
-1820
-1980
-1980
-1980
-1884
-1820
-1692
-1564
-1500
-1564
-1500
-1372
-1180
-1052
-924
-780
-620
-524
-460
-372
-260
-164
-24
88
112
96
112
244
460
652
684
684
588
620
652
588
716
924
988
924
748
748
988
988
924
988
1244
1244
1052
876
924
1116
1116
924
924
1180
1180
924
684
924
1308
1308
1244
1436
1980
2108
1820
1980
2876
3260
2620
1628
1500
2108
2748
2876
2492
2364
1820
924
120
-80
324
620
396
-492
-1500
-2236
-2748
-2876
-2748
-2492
-2620
-3132
-3772
-4348
-4604
-4348
-4348
-4092
-3772
-3004
-2748
-3004
-3388
-3260
-2364
-1436
-652
-48
228
-228
-988
-780
524
2108
2492
2364
2236
1692
1052
652
1244
2108
2236
1820
1244
620
-212
-652
-396
148
492
120
-524
-1180
-1980
-2108
-1692
-1052
-524
-492
-812
-1116
-1308
-1116
-492
164
524
812
588
104
-64
88
524
988
1244
1308
1052
556
164
396
876
1244
1308
1116
812
324
164
524
1180
1692
1980
2108
2364
2492
2492
2620
3388
4348
4604
3644
2876
3260
4348
4604
4348
3900
3772
3260
2108
1244
1564
2108
1756
460
-812
-1628
-2236
-2620
-2876
-2876
-3388
-4348
-5116
-5884
-5884
-5884
-5884
-5884
-5884
-5628
-5372
-5372
-5628
-5372
-4604
-4092
-3260
-2364
-1980
-1820
-1980
-1564
-260
1052
1980
2364
2364
2108
1884
1980
2620
3388
3772
3516
3132
2364
1244
684
988
1756
1980
1372
372
-812
-1756
-1756
-780
-96
-260
-1052
-1820
-2236
-2236
-1820
-1052
-620
-492
-524
-524
-652
-684
-324
340
1052
1308
1244
748
40
16
812
1756
2236
1884
1244
684
492
924
1756
2108
1980
1756
1436
1116
1052
1308
1756
2236
2748
2876
3132
3132
3644
4860
5116
4348
3388
3388
4604
5884
5884
5372
4860
4092
2876
2108
2364
3388
3388
1756
-372
-1980
-2364
-2364
-2236
-2492
-3260
-4604
-6140
-6908
-6908
-6652
-6908
-7164
-7420
-7164
-7164
-7164
-7164
-6908
-6140
-5116
-4348
-4092
-4092
-4348
-3900
-2620
-428
1116
1180
308
-88
1308
2876
3644
3644
3644
3772
2876
2364
2620
3516
3644
2364
1564
1116
876
244
8
460
324
-716
-1628
-1436
-1180
-1244
-1372
-1308
-988
-1244
-1308
-988
-748
-524
-132
492
1052
1052
748
652
1052
1436
1820
2108
1820
1500
1308
1372
1756
1980
1980
1628
1372
1372
1500
1436
1180
1244
1308
1244
1052
924
924
1052
1628
2364
2876
3132
3388
4092
4348
3772
2748
3004
4604
6140
6140
5372
4604
3772
2748
2236
2748
3900
4092
2364
-244
-2236
-2620
-1820
-1052
-1116
-2492
-4604
-6396
-6908
-6396
-5884
-5628
-6396
-7420
-7932
-7676
-6908
-6396
-6140
-5628
-5116
-4604
-4348
-4860
-4860
-3900
-2492
-924
32
-24
-112
372
1244
2236
2876
3260
3260
3004
2876
3260
4092
4092
2876
1980
1980
2492
2236
1692
1180
492
-244
-524
-40
104
-524
-1500
-1628
-988
-924
-1116
-1500
-1628
-1372
-1052
-492
-212
-356
-620
-308
372
876
876
396
180
308
620
1244
1436
1180
716
524
876
1308
1436
1180
924
876
988
1308
1372
1308
1180
1116
1372
1756
1980
2236
2492
2876
3516
4348
5116
4860
3772
2620
3516
5884
7164
6396
4860
4092
3644
3004
2748
3388
4604
4092
1628
-924
-2364
-1980
-1180
-620
-1116
-2876
-5372
-6908
-6652
-5628
-4860
-5372
-6908
-7932
-8316
-7676
-6652
-6140
-5884
-5628
-5372
-5372
-5372
-5372
-4860
-3388
-2236
-1308
-1180
-1436
-1372
-428
1692
3132
3260
2364
1692
2492
3260
3900
4092
4348
3772
2364
1980
2492
3260
2748
1756
1436
1052
396
-292
32
324
212
-396
-812
-780
-1244
-1500
-1180
-556
-428
-988
-1436
-1308
-812
-372
132
324
-80
-556
-716
-180
588
780
492
196
24
228
620
924
1052
1052
988
1116
1436
1564
1564
1372
1436
1884
2236
2236
2108
2236
2748
3260
3644
4092
4860
5372
4860
3772
3132
4348
6140
6652
5884
4604
4092
3516
2748
2492
3132
3900
2876
524
-1756
-2492
-1884
-1180
-1052
-2364
-4348
-6396
-6908
-6140
-5372
-5116
-6140
-7676
-8316
-8316
-7164
-6140
-5884
-6140
-6396
-6140
-6140
-5628
-5116
-4092
-3260
-2620
-2108
-1884
-1692
-988
148
1500
2364
2364
1980
1756
2492
3516
4348
4348
3900
3516
3260
3260
3516
3644
3260
2748
2364
1820
1500
1244
1180
1308
1180
780
56
-556
-748
-460
-16
-64
-620
-1436
-1628
-1372
-748
-356
-620
-988
-1308
-1180
-620
-80
112
-48
-292
-228
164
588
844
924
844
924
1244
1436
1564
1756
1980
2108
2108
2108
2108
2364
2620
2876
3388
3516
3516
3516
4348
5628
5372
4092
2748
3388
5372
6140
5628
4092
3644
3132
2364
2108
2620
3516
2620
524
-1500
-2364
-2108
-1500
-1116
-1980
-3644
-5628
-6652
-6140
-5372
-5116
-5884
-7164
-8316
-8316
-7164
-6396
-6140
-6396
-6652
-6652
-6140
-5628
-5116
-4604
-3772
-3132
-2748
-2620
-2364
-1436
-340
780
1500
1820
1628
1564
2236
3004
4092
4348
3900
3516
3260
3388
3900
4348
4092
3644
2876
2364
2236
2236
2236
2108
1500
876
340
16
56
148
0
-396
-1052
-1564
-1564
-1244
-924
-780
-1052
-1436
-1564
-1308
-812
-356
-196
-372
-524
-556
-228
372
684
780
652
652
988
1500
1980
2236
2236
2108
1980
1980
2236
2620
3004
3132
3132
3132
3260
3644
4348
5372
5628
4348
3132
2876
4092
5628
5628
4604
3516
3004
2364
2364
2492
2876
2876
1308
-588
-2108
-2236
-1692
-1244
-1564
-3004
-4604
-5884
-5884
-5116
-4604
-4860
-6140
-7420
-7676
-7164
-6140
-5628
-5884
-6396
-6652
-6140
-5628
-4860
-4348
-3516
-3004
-2876
-2876
-2492
-1436
-460
396
924
1308
1244
1116
1628
2492
3644
4092
3772
3388
3004
3132
3516
4092
4092
3388
2364
1980
2236
2364
2236
1756
1244
556
104
80
196
112
-292
-716
-1116
-1436
-1564
-1308
-988
-924
-1372
-1756
-1884
-1756
-1180
-588
-292
-428
-876
-988
-396
340
876
988
748
492
620
1180
2108
2620
2492
2108
1980
2236
2620
3004
3388
3516
3260
3132
3260
3516
4092
4092
4860
5116
4348
3132
2492
3260
4604
5116
4092
2748
2236
1980
1820
1692
1756
1884
988
-588
-1980
-2492
-2108
-1628
-1820
-3004
-4348
-5628
-5628
-5116
-4348
-4604
-5628
-6908
-7164
-6652
-5628
-4860
-5116
-5628
-5884
-5628
-4860
-4092
-3644
-3004
-2492
-2620
-2620
-2236
-1116
164
588
684
1116
1692
1436
1500
2492
4092
4604
3388
2748
3004
3516
3900
4348
4348
3772
2364
1564
2364
3132
2876
1820
812
164
-244
-180
460
620
-556
-1980
-2492
-2108
-1628
-1500
-1564
-1980
-2748
-3132
-2620
-1628
-924
-988
-1436
-1628
-1500
-1116
-292
588
924
652
276
460
1180
1980
2748
2876
2620
2236
2108
2620
3260
3772
3644
3260
3004
3004
3516
3900
4092
4092
4092
4092
3900
3132
2492
2748
3644
4348
3516
2108
1564
1564
1628
1372
1052
1052
588
-748
-1980
-2364
-1980
-1756
-1980
-2876
-3772
-4604
-4860
-4604
-4348
-4348
-4860
-5884
-6140
-5884
-5372
-4860
-4604
-4860
-5116
-4860
-4348
-3900
-3260
-2748
-2364
-2492
-2492
-1820
-812
112
556
716
1116
1116
1244
1756
2748
3644
3516
3004
2492
2876
3516
4092
4092
3516
2620
1980
1884
2364
2492
2108
1180
340
-164
-340
-228
-80
-260
-1116
-1980
-2364
-2108
-1884
-1820
-1820
-2108
-2492
-2620
-2108
-1500
-988
-924
-1116
-1244
-1116
-556
396
1116
1180
924
716
1116
1884
2620
3004
3004
2620
2492
2620
3132
3644
3772
3516
3132
2748
2876
3388
3900
3900
3516
3132
3388
3388
2876
2236
2364
2876
3260
2492
1372
1116
1372
1564
1244
428
112
80
-396
-1116
-1756
-2108
-2236
-2364
-2620
-3132
-3900
-4348
-4604
-4348
-4348
-4604
-5116
-5628
-5628
-5116
-4604
-4348
-4604
-4860
-4860
-4348
-3388
-2748
-2620
-2876
-2876
-2108
-1052
-372
-228
16
428
812
988
1372
2236
2876
2876
2620
2492
2748
3004
3260
3516
3388
2620
1884
1884
2236
2364
1980
1116
428
-80
-460
-308
-72
-428
-1180
-1884
-2108
-1980
-1820
-1692
-1692
-1884
-2236
-2364
-1980
-1436
-988
-876
-876
-844
-780
-396
260
924
1116
988
876
1052
1564
2108
2620
2748
2748
2492
2492
2748
3260
3388
3260
3132
2876
2748
3004
3260
3516
3260
2876
2876
3260
3388
2876
2236
2108
2748
3004
2492
1628
1372
1628
1500
988
460
588
588
-104
-1052
-1756
-1756
-1628
-1756
-2108
-2748
-3644
-4092
-4092
-3772
-3772
-4348
-4860
-5116
-5116
-4860
-4348
-4348
-4348
-4604
-4348
-4092
-3644
-3260
-2492
-1980
-2364
-2620
-2108
-876
308
492
324
716
988
844
1116
2236
3388
3132
2108
1628
2108
2364
2748
3004
3004
2108
844
556
1436
1980
1436
372
-556
-1052
-1052
-684
-228
-492
-1628
-2492
-2620
-1884
-1372
-1244
-1500
-1756
-1980
-1980
-1436
-716
-292
-244
-396
-396
-196
212
844
1436
1564
1308
1116
1244
1756
2492
3004
3132
2620
2108
2108
2620
3388
3516
3132
2492
2492
2748
3260
3516
3260
2748
2620
3132
3388
3132
2492
2236
2748
3004
2492
1692
1692
2108
1756
924
228
556
620
-32
-988
-1564
-1692
-1884
-1980
-2236
-2748
-3516
-4348
-4092
-3900
-3900
-4348
-4860
-5372
-5116
-4604
-4092
-4092
-4348
-4348
-4348
-3644
-3004
-2620
-2236
-2364
-2364
-1980
-1244
-260
96
212
276
524
684
924
1692
2236
2492
2108
1628
1564
1756
2108
2620
2620
1820
988
684
988
1308
1116
492
-164
-684
-780
-588
-460
-620
-1116
-1756
-1980
-1756
-1436
-1308
-1244
-1436
-1564
-1564
-1372
-988
-620
-324
-180
-292
-372
-64
396
988
1308
1244
1116
1116
1500
2108
2492
2748
2620
2236
2108
2492
3004
3132
3132
2748
2620
2620
3004
3388
3388
3132
2748
2876
3388
3260
2748
2108
2236
2748
2748
2236
1628
1756
1820
1180
396
244
716
652
-228
-1372
-1980
-1980
-1980
-1820
-1980
-2876
-3772
-4092
-3772
-3388
-3516
-4092
-4604
-4860
-4604
-4092
-3644
-3644
-3900
-4092
-3516
-3004
-2364
-1980
-1884
-2108
-2236
-1564
-556
88
196
276
524
492
428
812
1820
2492
2364
1692
1116
1116
1436
2108
2492
2108
1116
180
244
924
1372
924
24
-780
-1180
-988
-428
-196
-716
-1628
-2108
-1980
-1436
-1116
-1052
-1308
-1628
-1820
-1628
-1244
-844
-620
-620
-684
-716
-460
-64
460
876
988
844
716
876
1436
2108
2492
2492
2236
1884
1980
2492
3004
3260
3004
2620
2492
2748
3260
3644
3388
2748
2364
2748
3388
3516
3004
2236
1980
2108
2236
2108
1884
1692
1372
748
96
16
260
292
-228
-1116
-1884
-2236
-2236
-1980
-1980
-2492
-3388
-4092
-3900
-3516
-3388
-3644
-4092
-4348
-4348
-3900
-3516
-3388
-3516
-3644
-3260
-2748
-2364
-2364
-2236
-1884
-1436
-1052
-780
-292
48
16
-40
212
924
1500
1500
1436
1372
1308
1244
1500
1980
2108
1756
1052
924
1116
1244
1180
924
620
228
-120
-196
-112
-356
-748
-924
-924
-988
-1308
-1436
-1308
-1052
-844
-748
-812
-924
-924
-716
-244
120
164
56
48
276
620
924
1116
1244
1308
1436
1756
2108
2236
2236
2236
2236
2492
2492
2620
2492
2492
2492
2364
2492
2620
2748
2620
2236
2108
2236
2620
2620
2236
1692
1436
1500
1500
1500
1308
1180
988
492
40
-180
-64
-132
-492
-1052
-1692
-2108
-2364
-2236
-2236
-2492
-3132
-3644
-3900
-3900
-3644
-3516
-3516
-3900
-4092
-4092
-3772
-3388
-3004
-3004
-3004
-3004
-2876
-2492
-1980
-1372
-1308
-1244
-1052
-684
-308
-96
228
492
620
620
780
988
1116
1180
1244
1308
1244
1116
988
1116
1244
1180
988
780
460
164
148
308
340
8
-428
-588
-524
-340
-356
-524
-716
-876
-812
-556
-292
-212
-244
-260
-196
8
276
492
620
524
428
556
924
1308
1500
1564
1564
1500
1500
1820
2236
2364
2364
2236
2236
2364
2620
2748
2620
2364
2364
2492
2620
2620
2364
1980
1980
2236
2236
2236
1884
1500
1372
1308
1180
924
924
876
588
16
-556
-524
-396
-524
-876
-1372
-1756
-2108
-2236
-2364
-2492
-2748
-3132
-3388
-3388
-3260
-3260
-3388
-3388
-3516
-3388
-3260
-3004
-3004
-2876
-2620
-2364
-2108
-1980
-1692
-1436
-1372
-1180
-924
-588
-428
-276
-112
64
180
292
652
988
1052
844
812
988
1052
1052
988
988
844
716
620
652
588
396
244
228
104
-148
-340
-340
-212
-228
-428
-524
-556
-492
-340
-212
-164
-244
-228
-148
-8
132
244
276
308
308
396
588
780
988
988
988
988
1180
1372
1564
1692
1756
1756
1756
1756
1980
2108
2108
1980
1884
1980
1980
1980
1884
2108
2108
2108
1884
1628
1436
1372
1372
988
748
652
684
428
-88
-460
-460
-292
-396
-844
-1372
-1756
-1884
-1980
-1884
-2108
-2492
-3004
-3132
-2876
-2492
-2620
-3004
-3132
-3004
-2492
-2236
-2108
-2236
-2236
-2108
-1756
-1436
-1180
-1052
-988
-924
-684
-340
-112
24
228
492
588
492
492
716
1116
1372
1244
924
748
876
1052
1244
1180
924
684
620
684
812
844
620
260
72
88
132
88
-112
-308
-396
-460
-492
-340
-180
-88
-96
-244
-308
-340
-228
48
228
228
96
56
164
396
588
748
780
748
876
988
1244
1436
1372
1308
1308
1500
1756
1820
1884
1820
1756
1628
1628
1884
2108
1980
1628
1308
1308
1372
1244
988
812
748
428
-72
-492
-524
-428
-620
-1116
-1564
-1820
-1884
-1820
-1884
-2108
-2492
-2876
-3004
-2876
-2620
-2620
-2876
-3260
-3260
-2876
-2492
-2236
-2236
-2236
-2236
-1980
-1692
-1308
-988
-780
-620
-524
-292
-24
292
588
780
876
924
844
924
1180
1436
1500
1372
1180
1116
1244
1436
1500
1308
1052
876
812
812
876
812
620
356
196
212
276
228
120
16
-104
-164
-164
-148
-132
-180
-244
-260
-276
-244
-148
-56
-96
-112
-112
-8
180
292
396
396
428
556
812
1052
1180
1116
1116
1116
1308
1564
1756
1884
1884
1820
1820
1980
2108
2108
1820
1500
1500
1564
1500
1244
1052
1052
924
460
-8
-196
-180
-324
-620
-988
-1436
-1756
-1820
-1756
-1756
-2108
-2492
-2876
-2748
-2620
-2492
-2620
-2748
-2876
-2748
-2492
-2236
-2108
-2108
-2108
-1884
-1628
-1372
-1244
-1116
-876
-524
-292
-88
56
196
428
652
876
1052
1116
1052
1052
1116
1180
1180
1180
1116
1116
1052
988
844
716
684
652
652
556
396
228
132
120
104
80
-24
-88
-148
-212
-228
-260
-292
-308
-324
-308
-276
-356
-396
-308
-244
-164
-112
-132
-164
-64
32
196
372
428
492
588
684
780
924
1052
1116
1180
1372
1500
1500
1564
1628
1756
1756
1628
1500
1500
1564
1500
1436
1180
988
812
652
428
180
0
-148
-372
-684
-1052
-1308
-1500
-1628
-1756
-1884
-2108
-2364
-2492
-2492
-2492
-2492
-2492
-2620
-2492
-2364
-2108
-1980
-1884
-1884
-1756
-1436
-1052
-844
-716
-620
-460
-292
0
276
428
588
716
876
1052
1116
1180
1308
1500
1564
1628
1500
1372
1308
1372
1436
1500
1372
1116
924
876
988
924
780
588
396
324
356
460
428
276
112
80
228
292
164
0
-48
8
-8
0
-48
-112
-196
-260
-104
24
16
-88
-132
0
164
276
324
228
196
212
356
460
428
428
524
684
780
780
780
780
844
924
924
924
844
684
556
492
396
212
132
0
-196
-396
-524
-620
-844
-1116
-1308
-1372
-1500
-1756
-1980
-2108
-1980
-2108
-2236
-2492
-2492
-2492
-2364
-2236
-2236
-2236
-2108
-1980
-1756
-1564
-1436
-1308
-1116
-924
-716
-524
-324
-148
16
196
340
492
588
684
924
988
988
988
988
1180
1244
1308
1244
1244
1308
1308
1244
1180
1180
1180
1116
1052
988
924
812
876
988
988
844
652
588
684
780
780
812
748
620
620
716
812
780
620
524
588
588
556
524
460
396
428
428
428
428
396
396
460
588
556
460
340
356
428
556
588
620
652
652
716
652
588
524
556
652
652
492
260
88
-8
-8
-48
-212
-492
-748
-988
-1052
-1116
-1180
-1436
-1756
-1980
-2108
-2108
-2236
-2236
-2364
-2620
-2620
-2620
-2620
-2620
-2492
-2364
-2364
-2236
-2236
-2108
-1980
-1756
-1564
-1372
-1244
-1116
-924
-652
-396
-164
0
164
260
396
556
716
780
780
812
844
924
924
924
1116
1180
1308
1308
1180
1244
1372
1436
1436
1500
1436
1436
1436
1436
1372
1372
1372
1308
1308
1244
1244
1116
988
924
924
988
1052
988
844
844
876
844
716
556
460
460
428
428
396
324
324
276
276
308
356
356
324
356
340
340
396
396
340
396
396
356
324
324
396
396
228
72
-40
-32
16
-80
-276
-492
-684
-780
-876
-988
-1180
-1372
-1564
-1628
-1756
-1884
-1980
-2108
-2108
-2236
-2364
-2364
-2364
-2364
-2364
-2364
-2236
-2108
-2108
-1980
-1980
-1820
-1692
-1564
-1436
-1244
-1052
-844
-652
-524
-460
-308
-88
132
340
492
588
684
780
924
988
1116
1244
1244
1308
1436
1436
1372
1436
1500
1500
1564
1500
1500
1500
1564
1628
1628
1564
1564
1500
1500
1500
1436
1308
1244
1180
1116
1052
988
924
876
812
748
652
556
492
460
460
492
428
356
212
120
132
148
104
80
8
-56
-96
-56
64
132
120
72
96
148
212
228
196
120
64
0
8
72
88
72
-16
-104
-196
-244
-228
-260
-308
-460
-748
-924
-1052
-1116
-1180
-1308
-1372
-1564
-1756
-1820
-1884
-1820
-1884
-1980
-1980
-1980
-1980
-1980
-1884
-1884
-1820
-1820
-1756
-1628
-1564
-1500
-1308
-1116
-988
-876
-812
-652
-460
-276
-112
-24
32
132
228
324
460
556
620
748
748
780
844
988
1116
1180
1244
1180
1116
1180
1372
1372
1372
1244
1244
1308
1436
1500
1564
1436
1372
1372
1436
1500
1500
1436
1308
1180
1180
1180
1116
1052
988
844
748
748
684
588
428
276
180
132
132
96
40
-24
-80
-148
-148
-164
-244
-276
-276
-212
-148
-196
-260
-244
-196
-120
-88
-88
-132
-164
-132
-72
-64
-132
-260
-324
-324
-308
-308
-396
-556
-716
-844
-924
-924
-924
-1052
-1180
-1244
-1244
-1244
-1244
-1244
-1372
-1372
-1436
-1372
-1308
-1308
-1372
-1308
-1244
-1116
-1052
-988
-876
-812
-812
-780
-684
-556
-492
-428
-308
-164
-56
48
64
56
72
164
276
356
396
396
372
396
396
428
588
684
716
716
684
684
748
844
988
1052
988
988
988
1052
1180
1244
1308
1244
1180
1116
1180
1244
1244
1180
988
876
876
876
924
844
780
620
492
428
356
324
196
56
-32
-56
-80
-196
-244
-212
-212
-228
-212
-276
-244
-180
-196
-196
-132
-96
-72
-40
-64
-8
8
64
88
72
148
148
120
72
-16
-96
-148
-244
-324
-396
-492
-588
-620
-652
-684
-780
-924
-988
-988
-1052
-1116
-1180
-1244
-1308
-1308
-1308
-1244
-1180
-1180
-1180
-1116
-1116
-1116
-988
-876
-812
-716
-684
-620
-556
-460
-356
-260
-196
-180
-148
-48
80
148
164
228
244
244
340
428
556
588
620
620
684
716
780
812
780
812
844
876
924
988
988
924
924
988
1052
1052
988
924
924
1052
1052
988
844
716
652
652
716
684
524
372
244
196
276
244
148
0
-148
-212
-212
-180
-96
-96
-164
-228
-228
-148
-120
-96
-24
0
-8
0
8
64
80
64
112
148
212
180
88
8
40
96
132
80
-88
-148
-148
-132
-164
-276
-396
-460
-524
-524
-588
-684
-748
-812
-844
-844
-924
-988
-1116
-1052
-1052
-924
-924
-988
-988
-924
-812
-716
-684
-652
-588
-524
-460
-396
-428
-396
-308
-212
-120
-72
-64
-24
40
132
180
148
196
228
228
228
276
324
340
396
428
428
428
492
556
588
556
556
588
588
588
556
524
492
556
588
588
588
524
428
428
460
396
244
180
180
212
228
148
8
-120
-148
-132
-72
-72
-148
-276
-324
-276
-196
-180
-212
-196
-132
-40
64
164
148
180
228
244
292
396
460
492
492
460
492
556
556
524
492
524
588
588
524
428
340
292
324
276
164
16
-104
-132
-132
-180
-244
-356
-460
-588
-556
-524
-588
-620
-716
-780
-780
-748
-716
-652
-588
-588
-588
-620
-684
-684
-556
-428
-460
-556
-556
-428
-276
-196
-196
-196
-180
-148
-132
-96
-72
-88
-32
0
8
48
16
56
164
164
148
164
148
228
260
244
260
292
260
228
276
308
340
340
340
324
228
212
212
276
324
308
212
104
48
48
72
8
-96
-212
-244
-228
-180
-196
-228
-212
-196
-196
-228
-148
-104
-88
-120
-112
-24
24
48
96
164
180
196
212
292
356
356
340
340
396
428
428
460
460
460
428
396
372
292
228
228
228
132
56
0
16
40
0
-8
-40
-96
-132
-132
-132
-180
-292
-356
-372
-356
-356
-340
-276
-228
-244
-292
-308
-292
-292
-244
-212
-212
-260
-308
-292
-212
-132
-132
-164
-212
-180
-72
16
48
56
8
-24
-48
-48
-24
56
120
120
112
40
40
164
308
396
356
276
228
228
308
396
460
396
292
244
244
244
212
180
132
112
88
32
0
-48
-96
-88
-80
-180
-292
-396
-372
-308
-340
-356
-460
-556
-556
-524
-396
-324
-356
-396
-340
-276
-148
-16
-8
-40
-88
-16
40
48
80
96
104
196
260
308
340
276
212
244
356
428
428
356
244
324
396
396
308
244
164
132
120
112
96
0
-40
-16
56
96
80
64
0
0
0
8
24
-64
-180
-228
-260
-292
-276
-308
-324
-324
-308
-260
-276
-260
-276
-260
-244
-212
-148
-164
-164
-180
-148
-104
-104
-56
-80
-120
-48
64
148
88
40
72
164
244
324
324
228
148
148
180
228
244
228
180
180
212
212
180
148
132
148
132
72
0
-32
-32
-16
-32
-72
-164
-212
-212
-212
-244
-324
-396
-396
-340
-276
-212
-196
-228
-244
-196
-56
16
32
-16
-56
-8
80
148
148
164
196
244
292
340
356
340
396
372
396
396
396
428
428
396
356
324
260
196
164
180
196
132
8
0
8
-24
-56
-88
-148
-164
-180
-196
-228
-260
-340
-396
-428
-396
-428
-492
-492
-492
-524
-492
-396
-292
-308
-396
-492
-492
-396
-308
-244
-260
-324
-372
-356
-292
-196
-112
-96
-48
-24
-8
8
80
132
180
196
196
196
228
276
308
372
396
372
396
428
460
492
524
428
308
260
228
276
292
276
228
196
180
164
148
112
88
-8
-80
-120
-132
-180
-228
-228
-244
-260
-244
-212
-196
-196
-164
-132
-32
24
-8
-24
8
64
112
132
180
228
244
276
308
324
356
340
340
372
396
396
428
428
428
340
260
244
276
276
260
228
148
64
40
32
24
16
-40
-132
-196
-228
-244
-212
-228
-292
-340
-396
-396
-428
-428
-428
-460
-460
-492
-460
-460
-428
-396
-428
-460
-460
-428
-372
-340
-308
-308
-292
-228
-196
-132
-96
-120
-132
-132
-88
8
104
132
80
56
112
180
228
276
292
292
292
292
276
308
244
212
244
196
148
96
64
56
8
-32
-40
-56
-48
-48
-104
-112
-164
-244
-292
-292
-260
-228
-228
-276
-308
-308
-308
-212
-164
-132
-88
-48
0
40
88
148
212
228
260
308
356
396
460
460
396
460
492
492
492
460
396
356
396
460
460
396
340
308
292
292
276
228
148
72
40
8
0
-8
-72
-132
-164
-180
-196
-276
-292
-340
-396
-428
-460
-460
-524
-556
-556
-556
-524
-460
-492
-460
-492
-524
-492
-428
-396
-340
-324
-308
-244
-196
-120
-96
-48
8
-16
8
104
196
244
276
308
340
372
396
460
524
492
460
428
428
460
492
460
460
460
460
460
396
372
340
308
292
260
196
148
120
132
148
88
24
-48
-104
-120
-112
-120
-164
-260
-340
-308
-276
-260
-244
-276
-356
-356
-276
-180
-148
-104
-80
-72
0
32
72
80
48
8
24
32
56
64
24
0
8
72
96
88
48
32
56
104
112
48
-32
-104
-104
-88
-72
-112
-180
-276
-340
-324
-292
-292
-324
-372
-428
-396
-428
-428
-428
-396
-492
-492
-460
-460
-492
-524
-492
-428
-396
-428
-428
-428
-324
-260
-180
-164
-164
-112
-56
32
112
132
112
120
196
292
396
428
396
428
524
620
684
652
620
588
588
652
716
684
652
588
588
588
556
524
492
492
460
396
372
356
324
260
196
180
148
104
48
16
-8
-32
-64
-88
-120
-164
-180
-196
-164
-120
-120
-132
-96
-40
8
48
16
32
72
80
96
96
64
32
40
32
72
96
80
32
24
72
132
180
148
56
-8
-32
-40
-56
-88
-164
-196
-228
-228
-260
-276
-292
-292
-356
-372
-396
-428
-492
-524
-556
-620
-556
-588
-652
-684
-684
-620
-588
-588
-588
-588
-588
-556
-492
-492
-524
-492
-396
-308
-276
-276
-292
-244
-164
-88
-64
-40
8
80
164
260
292
276
276
340
460
524
556
524
524
588
620
652
620
556
556
588
588
556
524
460
460
428
396
356
308
260
260
228
164
120
48
0
0
-16
-24
-48
-88
-120
-120
-96
-72
-80
-88
-120
-132
-132
-56
32
48
80
112
164
196
212
244
244
228
244
276
324
340
308
308
292
308
372
372
324
292
244
180
148
164
112
104
80
8
-24
-48
-96
-120
-148
-196
-244
-308
-372
-396
-396
-396
-396
-460
-492
-524
-556
-588
-588
-556
-588
-620
-652
-652
-620
-556
-524
-524
-524
-524
-492
-460
-428
-428
-396
-308
-244
-196
-180
-132
-72
-8
64
164
180
180
196
244
340
372
396
396
428
460
492
492
460
428
428
524
556
492
428
356
340
324
324
292
212
148
104
132
104
56
-24
-96
-112
-164
-196
-212
-228
-276
-292
-292
-292
-260
-228
-228
-180
-164
-164
-120
-72
-40
0
40
40
8
0
72
132
180
212
196
164
164
196
228
260
292
276
244
228
212
228
244
276
292
292
212
164
148
104
88
88
64
48
24
-16
-8
-16
-40
-64
-96
-104
-148
-228
-228
-212
-228
-212
-228
-276
-340
-356
-308
-276
-276
-260
-276
-308
-276
-228
-196
-180
-164
-180
-164
-132
-40
16
56
132
196
212
212
212
276
356
396
396
356
340
324
308
308
308
292
276
276
244
180
148
148
120
96
56
8
-64
-96
-148
-180
-244
-340
-356
-428
-428
-396
-340
-356
-396
-396
-428
-460
-492
-460
-396
-396
-396
-396
-396
-356
-292
-196
-148
-104
-96
-88
-72
-24
40
104
96
104
132
164
244
324
372
372
372
396
428
428
428
428
396
372
356
340
340
324
340
372
308
228
180
112
56
64
88
48
40
-8
-88
-104
-132
-164
-212
-228
-244
-260
-276
-260
-260
-244
-228
-244
-212
-196
-212
-180
-180
-180
-164
-196
-228
-260
-196
-88
-32
-8
0
8
24
24
88
120
180
244
244
212
180
212
212
276
292
276
260
228
212
164
180
212
196
164
120
112
120
96
72
80
32
-8
-56
-132
-212
-228
-196
-148
-132
-132
-196
-228
-228
-196
-132
-148
-180
-196
-196
-180
-132
-80
-16
16
24
48
48
80
120
164
164
180
132
112
148
164
180
180
180
212
244
260
244
228
244
212
164
132
96
72
72
72
56
16
-32
-32
-32
16
16
-16
-80
-148
-180
-180
-180
-228
-260
-260
-276
-260
-260
-276
-308
-308
-308
-292
-276
-340
-324
-324
-324
-276
-260
-260
-244
-228
-212
-180
-132
-112
-72
-32
8
32
40
16
24
72
72
120
104
104
112
112
88
96
112
104
112
88
80
80
72
40
24
8
16
56
64
48
40
0
-40
-32
-64
-80
-56
-48
-64
-64
-40
-64
-48
-40
-24
0
24
32
32
40
40
56
104
164
212
244
228
228
244
260
292
308
308
276
308
372
428
428
372
324
308
324
324
292
260
228
228
276
260
212
196
132
120
148
104
40
0
-8
-8
-24
-56
-148
-212
-212
-196
-180
-196
-228
-260
-308
-324
-292
-244
-260
-324
-356
-372
-340
-308
-292
-292
-324
-340
-308
-244
-212
-196
-180
-164
-120
-112
-96
-88
-40
32
96
88
72
64
24
24
64
48
32
0
0
16
64
64
24
24
8
40
40
8
-32
-32
-48
-64
-48
-48
-88
-80
-104
-164
-180
-212
-212
-196
-164
-164
-164
-164
-180
-164
-120
-96
-80
-80
-64
-40
-56
-16
16
64
56
64
72
88
164
244
260
276
292
324
356
428
428
428
372
396
428
460
492
428
396
340
356
340
292
244
196
164
196
212
180
96
16
-32
-56
-72
-148
-228
-324
-340
-324
-276
-292
-292
-308
-324
-292
-260
-260
-308
-340
-340
-276
-260
-292
-308
-292
-244
-212
-120
-80
-88
-88
-48
32
64
40
0
-32
-16
40
80
104
132
132
164
196
196
180
164
132
164
164
164
132
104
112
80
96
80
40
8
32
40
56
16
-24
-32
-48
-88
-164
-228
-260
-292
-292
-260
-260
-276
-324
-324
-244
-148
-148
-180
-180
-212
-196
-96
-64
