SAMPLES:	8761
BITSPERSAMPLE:	16
CHANNELS:	1
SAMPLERATE:	16000
NORMALIZED:	FALSE
0
0
0
0
0
0
0
0
0
0
0
8
0
8
8
8
0
0
0
0
8
0
8
8
8
8
8
16
8
8
8
8
8
8
8
0
0
0
0
0
0
0
0
0
0
0
0
0
0
0
0
0
0
0
0
0
0
0
0
0
0
-8
-8
-8
-8
-16
-8
-8
-8
-16
-8
-8
-8
-8
-8
-8
-8
-16
-16
-16
-8
-16
-8
-8
-8
-8
-8
0
-8
-8
-8
-8
-8
-8
-8
-8
-8
0
-8
0
0
0
0
-8
0
0
-8
0
-8
0
0
0
0
0
0
0
-8
0
-8
-8
-8
-8
-8
-8
-8
-8
0
0
0
0
0
0
0
0
0
0
0
0
0
0
0
0
0
0
8
8
8
8
8
8
8
16
16
16
16
16
16
16
16
16
16
16
16
16
16
16
16
16
16
16
16
16
16
16
16
8
8
8
8
8
8
8
8
8
8
8
8
8
8
8
8
8
0
8
0
0
0
0
0
0
0
0
0
0
0
0
0
0
0
-8
-8
-8
-8
-16
-8
-16
-16
-8
-8
-8
-8
-8
-8
-8
-16
-16
-16
-16
-16
-16
-16
-16
-16
-16
-8
-8
-8
-8
-8
-8
-8
-16
-8
-8
-8
-8
-8
-8
-8
0
0
0
0
0
0
0
0
0
0
0
0
0
0
8
8
8
8
8
16
8
8
8
0
0
0
0
0
0
0
0
0
0
8
8
16
8
8
0
-8
-8
-8
0
0
0
0
0
0
0
0
0
0
0
0
0
0
0
-8
0
-8
-8
-8
-8
-8
-8
-8
-8
0
0
-8
-8
-8
-8
-8
-8
-8
-8
-8
-8
-16
-8
-8
-16
-8
-8
-8
0
0
0
0
0
0
0
0
0
0
0
0
0
0
0
0
0
0
0
0
8
8
16
16
16
24
24
16
24
24
16
16
16
16
24
24
24
24
32
24
32
32
24
24
24
24
24
16
16
24
16
24
24
16
16
16
16
16
16
8
8
8
8
8
8
0
0
0
0
8
8
0
0
0
0
0
0
0
0
0
0
-8
-8
-16
-16
-16
-16
-16
-16
-16
-16
-16
-16
-24
-16
-16
-16
-16
-16
-16
-24
-24
-32
-24
-24
-24
-24
-16
-16
-24
-24
-24
-24
-32
-32
-32
-32
-40
-32
-32
-24
-24
-24
-24
-24
-8
-16
-24
-16
-16
-16
-16
-16
-16
-8
-8
-16
-16
-16
-16
-8
0
0
0
0
0
0
0
0
0
0
0
0
0
0
0
0
8
8
24
24
32
24
24
24
16
24
24
32
32
32
32
32
32
40
48
48
40
40
40
40
48
48
32
32
32
24
32
24
24
16
16
16
16
24
24
32
24
24
16
8
8
0
0
0
0
0
0
0
0
-8
-8
0
0
0
0
0
-8
-16
-8
-8
-8
-8
-8
-8
-16
-16
-16
-16
-8
-8
0
0
0
-8
-8
-8
-8
-8
-8
-8
-8
0
0
0
-8
0
-8
-8
-8
-16
-8
-8
-8
-8
-8
-16
-16
-16
-16
-16
-24
-16
-16
-24
-24
-24
-16
-16
-24
-16
-24
-24
-24
-16
-8
0
0
-8
-16
-16
-24
-8
-8
0
0
0
0
0
0
0
8
0
0
8
8
8
16
16
16
16
16
16
24
24
24
16
24
24
24
16
24
32
24
32
32
40
32
24
24
24
32
40
32
24
0
-24
-48
-40
-16
-16
-24
-32
-56
-48
-64
-56
-16
0
8
-16
-16
-32
-32
-32
-16
0
0
-24
-8
-8
-40
-8
-16
-16
16
8
8
24
32
8
16
32
8
16
16
0
0
24
8
16
16
8
16
16
24
24
40
16
0
0
-16
-24
-16
-32
24
0
-64
-32
-56
-88
-80
-40
-8
32
56
16
-32
-8
-24
-48
8
0
32
8
40
48
0
80
72
-16
8
32
-8
40
72
72
96
104
104
72
72
56
24
64
32
80
64
-8
-32
-80
-56
-8
-40
32
8
-40
-80
-164
-112
-112
16
80
104
64
-56
-112
-80
-48
-16
64
132
180
72
8
-96
-228
-132
-104
-32
120
132
56
-40
-148
-260
-164
-32
-24
104
228
8
-112
-104
-260
-164
8
8
120
228
72
-64
-120
-180
-260
-64
72
72
164
80
-96
-112
-180
-212
-80
0
88
80
88
-16
-88
-32
-48
32
120
88
88
64
-8
-56
-40
-64
-56
24
56
56
148
80
8
64
72
32
64
112
64
120
104
8
72
132
-40
0
120
24
0
56
16
56
132
80
24
48
0
-24
96
96
24
24
8
-32
16
48
48
32
80
8
8
32
-132
-104
0
-64
-16
64
48
-16
8
16
-132
32
-8
-132
8
-24
-148
-56
-56
-96
-104
32
8
-24
80
-56
-8
-8
-72
-40
-48
-40
8
56
112
0
-64
-104
-120
-104
-72
0
-32
-72
-72
-72
8
-32
-88
8
24
16
8
0
-112
-132
-80
-80
-40
0
-96
-56
48
-8
-56
-72
-148
-228
-104
40
24
56
56
-56
-80
-16
-56
-40
164
132
64
112
0
-228
-164
8
32
212
260
40
0
-16
-88
24
132
120
180
196
88
40
-32
-64
0
120
180
212
212
24
-72
-40
-56
-16
104
180
164
148
112
-32
-120
-88
-132
48
228
148
104
40
-120
-228
-132
-132
-8
212
212
120
72
-112
-292
-212
-16
24
132
228
8
-148
-196
-228
-148
40
88
48
112
8
-132
-72
-64
-64
16
88
80
48
32
-16
0
8
0
72
56
24
0
0
8
40
32
24
88
48
24
32
16
0
24
48
0
16
16
-104
-120
-8
0
-16
64
40
-24
0
-40
-80
-56
-32
-56
-16
24
-24
-40
-8
-64
-56
-48
-48
-32
-8
-8
0
56
-16
-80
-72
-56
-48
-40
56
24
-16
24
-24
-72
-56
-64
-72
-32
-16
-64
-48
-32
-120
-104
-56
-112
-112
-80
-72
-24
8
16
-48
-24
-56
-112
-24
-8
-40
-24
32
-40
-64
-64
-120
-72
-8
24
80
96
32
0
32
8
48
148
104
120
120
48
72
104
72
132
196
228
212
164
164
132
132
164
148
132
148
120
64
40
72
24
16
48
16
0
0
-24
0
40
40
24
48
-8
-96
-88
-64
-64
-72
-40
-24
-32
-64
-88
-40
-72
-72
-40
8
32
16
0
-32
-56
-104
-72
-32
-8
-16
-32
-24
-48
-72
-88
-32
-16
-8
8
0
-16
-48
-72
-56
-8
-16
-16
-56
-88
-132
-132
-104
-72
-8
-8
-24
-24
-72
-56
-48
-16
0
0
8
-16
-24
-8
24
96
132
180
180
164
148
132
132
164
164
180
180
148
132
48
8
-8
-16
0
-16
-16
-80
-112
-132
-164
-148
-180
-148
-164
-180
-180
-196
-180
-196
-196
-180
-164
-148
-164
-164
-164
-148
-164
-132
-88
-104
-104
-104
-104
-120
-104
-112
-80
-80
-80
-32
-40
-72
-88
-64
-64
-40
32
64
48
32
56
32
32
40
120
212
196
196
180
196
148
132
212
308
396
372
460
460
396
324
308
428
460
492
620
652
716
748
844
924
812
716
924
1180
1436
1436
1308
1180
1052
780
652
812
988
988
780
428
8
-356
-652
-812
-924
-1052
-1308
-1564
-1980
-2236
-2620
-3132
-3388
-3388
-3132
-2876
-2876
-3132
-3260
-3388
-3260
-2876
-2492
-2236
-1884
-1692
-1436
-1180
-1052
-924
-620
-180
324
812
924
844
780
812
1116
1436
1756
1820
1628
1500
1244
1052
924
924
924
988
1052
876
588
180
-24
112
492
924
1116
1116
844
588
460
652
924
1308
1564
1756
1628
1308
988
748
876
1052
1308
1564
1436
988
372
64
196
276
588
1308
1756
2236
1980
1756
2108
2748
3132
2620
2236
2620
3388
3644
3516
3388
3516
3004
1820
748
876
1500
1436
748
0
-620
-1436
-2364
-2876
-2748
-3004
-3644
-4092
-4092
-4348
-4604
-5372
-5884
-5628
-5372
-4860
-4348
-4348
-4348
-4604
-4348
-3772
-3260
-2876
-2620
-2108
-1308
-556
-16
260
396
492
876
1628
2364
2748
2620
2492
2236
1980
1884
1820
1884
1884
1692
1372
1052
748
260
72
196
356
396
148
-56
-132
-228
-48
-228
-180
-72
132
556
132
64
64
340
524
196
428
588
748
620
0
120
716
876
812
620
748
1244
1116
924
844
1308
1692
1244
1308
1628
1884
1628
1052
1116
1692
1980
1820
1756
1980
1884
1564
1564
2236
2876
3004
2364
1628
1692
1980
1980
2108
2364
2620
2236
1308
588
340
492
260
-132
-460
-684
-924
-1500
-2108
-2620
-3004
-3388
-3516
-3260
-3132
-3388
-3772
-4348
-4604
-4604
-4348
-4092
-3900
-3772
-3516
-3260
-3260
-3260
-3132
-2876
-2492
-1980
-1244
-716
-652
-924
-988
-652
-292
196
588
780
844
588
324
148
292
492
620
876
988
924
652
556
684
428
396
684
1180
1436
1116
876
924
1116
1116
716
1116
1756
2108
1884
1244
1692
1756
1564
1820
1820
1980
2236
2236
1980
1564
1692
1564
1372
1692
1564
1692
1820
1692
1372
1244
1372
1116
1180
1436
1244
1180
988
924
988
1052
1116
1180
1308
1436
1820
2364
2108
1308
652
652
1052
1436
1756
1884
1820
1244
132
-588
-556
-244
-196
-460
-748
-1116
-1692
-2364
-2876
-3132
-3388
-3388
-3388
-3260
-3260
-3644
-4348
-4860
-5116
-4860
-4348
-3772
-3644
-3772
-3772
-3900
-3772
-3388
-3132
-3004
-2748
-2236
-1436
-1052
-780
-684
-620
-620
-524
-64
524
988
1180
1244
1308
924
556
716
1180
1692
1820
2108
2236
1980
1308
1180
1628
1980
2364
2364
2364
2364
2492
2236
1884
1756
1564
2364
2876
2108
2108
2236
1820
1116
1180
1692
1692
1500
924
876
1436
924
396
652
924
620
428
780
652
228
180
356
428
460
180
164
556
492
260
812
1244
844
652
1180
1980
2620
2364
1628
988
988
1500
1980
2108
2364
2364
1820
780
-96
-196
260
460
212
-80
-620
-1372
-2108
-2620
-2748
-2748
-2876
-3132
-3132
-3388
-3900
-4348
-4860
-5116
-4604
-4092
-3516
-3516
-3772
-4092
-4092
-3644
-3260
-2620
-2108
-1980
-1692
-1372
-988
-748
-588
-324
260
988
1500
1500
1372
1436
1500
1436
1628
1820
1980
1884
1628
1564
1564
1116
684
780
1308
1500
1116
812
588
492
396
588
844
1116
812
524
556
460
620
812
780
780
924
988
780
428
88
132
924
1244
1180
924
524
372
276
356
748
988
780
588
620
988
988
876
748
924
1180
1180
1436
1628
1756
1564
1372
1692
2236
2620
3004
3388
2876
1980
1436
1980
2620
2620
2620
2876
2620
1372
-48
-340
372
924
460
-228
-780
-1564
-2492
-3004
-3004
-2876
-3132
-3516
-3644
-3644
-4092
-4860
-5372
-5116
-4604
-4092
-3644
-3644
-4092
-4604
-4604
-3900
-2876
-2236
-1980
-1820
-1564
-1500
-1244
-780
-428
-96
372
876
1436
1500
988
844
1244
1628
1692
1980
2108
1980
1564
1180
1244
1244
1052
988
1052
1116
876
556
340
324
428
652
1052
748
460
132
292
460
276
812
1116
652
228
492
620
460
88
372
1116
1500
748
276
988
988
492
716
1180
1628
1500
844
1052
1372
1628
1372
1436
1884
1692
1436
1564
1980
2364
2364
2236
2492
3004
3132
2748
1980
1692
1820
2364
2748
3004
2876
2236
1244
164
-308
32
620
812
308
-812
-1980
-2620
-2748
-2748
-2620
-2748
-3004
-3772
-4348
-4860
-4860
-5116
-5372
-5116
-4348
-4092
-4348
-4860
-5116
-5116
-4348
-3516
-2748
-2364
-2492
-2620
-2364
-1756
-1052
-260
396
988
1308
1436
1436
1308
1372
1980
3004
3516
3388
2748
2236
1980
1980
2492
3004
3004
2236
1436
988
844
812
876
1052
1116
988
812
260
-180
-372
-104
588
924
988
652
228
-588
-716
0
556
812
588
180
-180
-244
-396
-180
228
324
120
228
244
72
-120
-96
356
716
844
716
652
620
876
1692
2492
2492
1980
1980
2748
3516
3388
2620
2620
3132
3644
3644
3388
3516
3260
2492
1500
1180
1628
1884
1628
652
-148
-988
-1756
-2108
-2108
-2108
-2492
-3388
-4348
-4604
-4860
-5116
-5372
-5372
-5372
-5372
-5116
-5116
-5372
-5372
-5116
-4604
-3644
-3260
-3260
-3388
-3260
-2492
-1244
-244
24
-292
-324
428
1436
2364
2876
3132
3132
2748
2620
2748
3132
3260
3260
3388
3260
2876
2108
1436
1308
1372
1628
1436
988
212
-556
-812
-684
-356
-308
-428
-588
-876
-1116
-1308
-1180
-812
-588
-276
-292
-588
-780
-876
-716
-196
492
428
276
132
0
96
460
876
988
1052
684
620
876
1180
1372
1372
1500
1564
1820
2364
3004
3132
2748
2876
3772
4604
4348
3132
3004
3772
4348
4092
3772
3900
3772
2876
1628
1308
1980
2236
1692
588
-292
-1116
-1884
-2236
-2108
-1980
-2620
-3644
-4604
-5116
-5116
-5116
-5116
-5628
-5884
-5628
-5628
-5628
-5884
-5884
-5372
-4860
-4092
-3900
-4092
-4092
-3644
-2748
-1756
-988
-748
-748
-556
428
1308
1564
1628
1820
2492
2748
2748
3132
3388
2876
1980
2108
2876
3260
2876
2108
1884
1564
1052
924
1180
1180
684
244
96
-112
-748
-1116
-812
-588
-620
-812
-924
-988
-1116
-924
-844
-748
-620
-556
-620
-556
-308
-48
-8
-372
-492
340
924
684
588
1052
1180
924
988
1500
1980
1756
1308
1756
2748
3132
3004
2876
3004
3260
4092
4604
4348
3388
3388
4092
4860
4604
3900
4092
3900
2876
1692
1756
2620
2492
1244
-48
-684
-1436
-1884
-1980
-1884
-2108
-3388
-4604
-5372
-5116
-4860
-4860
-5116
-5628
-5628
-5884
-5884
-5628
-5628
-5372
-4860
-4348
-4092
-4092
-4348
-4092
-2876
-1628
-652
-340
-556
-588
-196
844
2492
3260
3004
2492
2492
3004
3388
3516
3644
4092
3772
3004
2620
2364
2236
2108
1980
2108
1692
652
-324
-396
-56
96
-104
-876
-1436
-1980
-2108
-1756
-1500
-1628
-1980
-2108
-2108
-1884
-1820
-1884
-1628
-1372
-1180
-1116
-1180
-1116
-988
-620
-244
132
180
-48
88
428
988
1372
1436
1308
1308
1500
1692
2364
3260
3644
3260
2876
3260
4348
4604
3772
3516
4348
5628
5372
4348
4092
4604
4348
3388
2748
3132
3516
2620
1116
196
-212
-748
-1116
-1180
-1436
-2236
-3772
-4860
-5116
-4604
-4604
-4860
-5372
-6140
-6396
-6140
-5628
-5372
-5628
-5628
-5372
-4860
-4604
-4348
-4092
-3644
-3004
-2108
-1180
-716
-844
-780
-96
1116
2492
3004
2876
2620
2364
2620
3132
3772
4348
4092
3516
2876
2492
2236
2108
2364
2748
2748
1980
748
-104
-180
356
924
1116
260
-1052
-1980
-1820
-988
-460
-524
-1052
-1628
-1980
-1884
-1436
-1116
-1116
-1180
-1116
-1116
-1244
-1244
-988
-684
-292
40
64
-132
-212
96
652
1116
1244
1052
988
1052
1628
2492
3388
3516
3132
2876
3388
4092
4092
3516
3516
4604
5628
5372
4092
3644
4092
4092
3260
2876
3260
3004
1820
492
-24
-196
-748
-1308
-1628
-1980
-2748
-4092
-4860
-5116
-4860
-5116
-5372
-5884
-6652
-6652
-6396
-5628
-5372
-5628
-5884
-5628
-5116
-4604
-4092
-3900
-3516
-2876
-2108
-1436
-1052
-844
-396
588
1756
2620
2876
2876
2876
3132
3260
3644
4092
4348
4348
3772
3388
3260
3004
2620
2620
2620
2492
1884
1052
524
244
244
356
356
-212
-1052
-1500
-1436
-1116
-1052
-1308
-1692
-1980
-2236
-2108
-1692
-1500
-1564
-1692
-1756
-1692
-1564
-1372
-988
-652
-372
-212
-228
-292
-164
212
780
1244
1372
1308
1116
1308
1980
3004
3644
3644
3260
3260
4092
4604
4348
3772
4092
5372
5628
4860
4348
4604
4860
4348
3516
3516
3772
3260
1980
1052
716
372
-276
-812
-1244
-1884
-3004
-4092
-4348
-4604
-4604
-5116
-5628
-6396
-6652
-6396
-6140
-5884
-5884
-6140
-6396
-6140
-5628
-5116
-4860
-4348
-3900
-3260
-2492
-1980
-1628
-1244
-396
844
1756
1692
1244
1436
2364
3260
3644
3772
3900
3644
3132
2876
3388
3772
3644
3004
2620
2108
1500
1244
1500
1884
1500
652
-16
-372
-396
-308
-64
-148
-844
-1628
-1820
-1436
-1052
-1052
-1308
-1628
-1884
-1980
-1692
-1372
-1116
-1180
-1372
-1308
-1180
-924
-524
-132
132
164
0
0
324
924
1436
1564
1564
1820
2492
3132
3132
3132
3644
4348
4348
3772
3772
4604
5628
5372
4604
4348
4860
4860
4092
3644
3772
3900
3260
2108
1308
876
372
-132
-556
-1052
-1884
-3132
-3900
-4348
-4348
-4348
-5116
-5884
-6396
-6396
-6396
-6140
-5884
-6140
-6396
-6396
-5884
-5628
-5116
-4860
-4348
-3900
-3132
-2492
-1756
-1500
-1372
-684
460
1692
1884
1692
1884
2748
3260
3132
3260
3644
4092
3772
3260
3388
3260
2876
2748
3004
3004
1980
1180
988
1436
1500
1116
684
96
-492
-716
-396
-148
-492
-1180
-1500
-1372
-1308
-1436
-1564
-1564
-1692
-1756
-1820
-1628
-1564
-1628
-1500
-1308
-1116
-1116
-988
-780
-428
-96
16
56
180
396
844
1244
1628
2108
2492
2748
2620
2876
3644
4092
4092
3644
3900
4860
5628
5116
4348
4348
4860
4860
4092
3644
3772
3644
2876
1884
1308
924
324
-164
-460
-924
-1980
-3132
-3772
-3772
-3644
-4092
-4860
-5628
-6396
-6140
-5884
-5628
-5628
-6140
-6396
-6140
-5628
-5116
-4860
-4604
-4092
-3388
-2876
-2492
-2236
-1628
-876
308
1180
1436
1244
1244
2108
3004
3516
3772
3644
3516
3004
3132
3516
4092
3772
3132
2748
2364
2108
1884
1980
1980
1436
748
340
324
428
340
88
-104
-588
-1052
-1116
-876
-748
-924
-1244
-1564
-1692
-1692
-1564
-1308
-1244
-1436
-1628
-1628
-1372
-1052
-780
-652
-684
-812
-844
-652
-180
228
396
324
212
716
1628
2364
2364
2236
2748
3388
3644
3132
3388
4348
5372
5116
4348
4348
4860
5116
4348
3900
4092
4092
3388
2236
1692
1436
924
308
-120
-460
-1500
-2620
-3260
-3388
-3260
-3772
-4604
-5372
-5628
-5884
-5884
-5628
-5628
-5884
-6396
-6396
-5884
-5372
-4860
-4604
-4348
-4092
-3516
-3132
-2620
-1820
-988
-244
212
340
652
1116
1756
2364
2748
3004
2876
2748
2748
3260
3388
3388
3260
2876
2748
2492
2492
2620
2620
2236
1628
1244
1116
1180
1180
1052
780
340
16
-88
0
-104
-244
-524
-780
-924
-1052
-988
-988
-1052
-1244
-1308
-1372
-1244
-1116
-1052
-988
-924
-876
-812
-716
-556
-228
32
244
428
492
1052
1692
2108
2108
2108
2748
3516
3772
3132
3132
4092
4860
5116
4604
4348
4604
4604
4092
3644
3900
3900
3516
2492
1628
1052
588
324
104
-228
-1308
-2620
-3516
-3516
-3260
-3516
-4348
-5116
-5884
-6140
-5884
-5628
-5628
-5884
-6396
-6396
-5884
-5628
-5372
-5116
-4860
-4348
-4092
-3644
-3004
-2236
-1500
-924
-620
-244
164
620
1372
2108
2748
2748
2492
2492
2876
3516
3644
3772
3388
2876
2748
2876
3132
3132
2748
2108
1820
1692
1820
1884
1628
1244
748
396
308
356
260
40
-228
-620
-780
-924
-988
-812
-844
-1052
-1308
-1372
-1308
-1180
-1052
-924
-988
-1052
-988
-684
-428
-324
-260
-244
-164
-40
356
1116
1500
1564
1372
1756
2748
3388
3260
2748
3004
3900
4604
4604
4348
4348
4604
4348
3772
3772
4092
4348
3772
2748
1884
1116
748
844
924
428
-924
-2364
-2876
-2748
-2492
-2876
-3772
-4860
-5372
-5628
-5372
-5116
-5116
-5628
-6140
-6140
-5628
-5116
-4860
-4860
-4604
-4348
-4092
-3516
-2876
-2236
-1756
-1244
-876
-428
-120
428
1116
1756
2108
2108
2108
2236
2492
2748
3132
2876
2620
2364
2364
2620
2876
2748
2236
1820
1564
1436
1692
1756
1500
1052
620
524
524
588
524
428
244
24
-148
-212
-164
-228
-356
-588
-780
-924
-876
-844
-748
-748
-988
-1052
-876
-588
-428
-396
-460
-324
-132
0
292
812
1116
1116
1052
1564
2492
3132
2876
2364
2620
3388
4092
4348
4092
4092
4092
3900
3516
3516
3644
3644
3388
2492
1692
988
716
812
780
292
-924
-2236
-2876
-2748
-2492
-2748
-3644
-4604
-5372
-5372
-5116
-4860
-5116
-5628
-5884
-5884
-5628
-5116
-4860
-4860
-4860
-4348
-3900
-3260
-2876
-2492
-1980
-1436
-1116
-780
-260
524
1116
1436
1564
1692
1820
1980
2492
3004
3132
2876
2492
2364
2492
2748
2876
2876
2492
1980
1820
1980
2236
2108
1820
1436
1180
1116
1116
1180
1116
876
556
340
228
228
340
356
148
-132
-396
-524
-428
-396
-396
-492
-684
-780
-716
-556
-524
-556
-588
-460
-244
0
460
716
748
588
620
1372
2364
3004
2620
2108
2236
2748
3644
3900
3900
3772
3516
3260
2876
3004
3388
3644
3132
2108
1244
588
556
716
716
148
-1116
-2364
-3004
-2748
-2364
-2620
-3516
-4604
-5116
-5372
-5116
-4860
-4860
-5372
-5628
-5884
-5628
-5116
-4860
-4860
-4604
-4604
-4092
-3516
-3004
-2748
-2108
-1628
-1244
-1116
-716
244
988
1244
1308
1500
1628
1756
2236
2748
3132
2876
2364
2364
2620
2876
3004
2876
2620
2236
1884
1980
2236
2236
1980
1628
1308
1180
1180
1244
1308
1116
748
460
228
260
356
356
228
72
-180
-308
-196
-164
-72
-164
-396
-492
-396
-276
-212
-196
-292
-340
-324
-40
524
812
716
492
684
1116
1980
2492
2492
2108
1692
1884
2748
3516
3772
3644
3388
3004
2620
2364
2748
3516
3516
2492
1116
428
492
780
924
588
-260
-1756
-2748
-2748
-2108
-1980
-2748
-4092
-4860
-4860
-4604
-4348
-4092
-4348
-5116
-5628
-5628
-4860
-4348
-4348
-4604
-4348
-4092
-3644
-3388
-2748
-2108
-1756
-1628
-1308
-844
-260
228
684
1052
1116
924
1116
1756
2492
2620
2364
1980
1820
1980
2364
2748
2876
2364
1820
1564
1884
2236
2236
2108
1692
1436
1372
1500
1564
1500
1180
812
652
684
748
684
652
524
356
112
-40
40
112
40
-132
-260
-396
-556
-588
-460
-308
-276
-396
-428
-132
324
492
428
308
292
620
1308
1980
2364
1980
1436
1244
1884
2876
3516
3516
3132
2748
2236
2108
2364
3132
3388
2748
1436
588
396
588
812
652
16
-1244
-2364
-2492
-2108
-1692
-2108
-3132
-4092
-4604
-4348
-3900
-3516
-3900
-4604
-5372
-5372
-4604
-4092
-4092
-4092
-3900
-3900
-3644
-3132
-2620
-2108
-1820
-1564
-1308
-988
-620
-180
324
684
652
588
876
1372
1820
1980
1980
1692
1564
1692
2108
2492
2492
1980
1564
1500
1820
2108
2108
1980
1820
1500
1436
1564
1692
1628
1372
1116
924
876
924
924
876
716
556
372
308
260
228
148
0
-112
-164
-104
-104
-96
-180
-324
-340
-212
-64
180
396
340
132
24
428
1180
1820
1980
1756
1436
1372
1692
2364
2876
3132
2876
2364
1980
1820
2108
2748
2876
2364
1500
620
276
460
812
748
104
-1052
-1884
-2108
-1884
-1820
-2108
-2748
-3516
-4092
-4092
-3644
-3516
-3900
-4348
-4604
-4604
-4348
-3772
-3644
-3644
-3644
-3644
-3388
-2748
-2236
-1884
-1692
-1564
-1372
-988
-556
-88
356
492
428
428
748
1244
1564
1692
1628
1372
1244
1372
1756
1980
1884
1372
1052
1052
1308
1564
1756
1692
1372
1116
1116
1372
1564
1564
1308
988
876
924
924
924
876
620
396
244
148
196
260
132
-80
-196
-244
-212
-88
-48
-112
-340
-460
-372
-228
-8
164
196
8
-48
228
812
1436
1692
1628
1436
1372
1628
1980
2364
2748
2876
2620
2108
1884
1980
2492
2620
2364
1692
1116
652
428
620
748
324
-556
-1244
-1564
-1628
-1692
-1980
-2364
-3004
-3388
-3516
-3388
-3516
-3772
-4092
-4092
-4092
-4092
-3900
-3516
-3516
-3516
-3516
-3132
-2748
-2492
-2236
-1980
-1756
-1564
-1180
-716
-356
-180
-180
-104
148
460
748
924
1116
1116
1116
1116
1308
1500
1628
1692
1628
1628
1628
1628
1628
1820
1980
1884
1692
1564
1628
1820
1884
1884
1692
1564
1436
1372
1436
1436
1372
1180
988
988
924
716
556
428
324
324
260
164
32
-148
-180
-96
-16
-16
64
16
-32
-24
-64
276
716
1052
988
812
876
1180
1500
1628
1692
1884
1980
1884
1628
1564
1692
1884
1756
1436
1116
876
588
396
276
64
-460
-1180
-1564
-1564
-1692
-1980
-2364
-2748
-3132
-3388
-3388
-3388
-3516
-3900
-4092
-4092
-4092
-3900
-3900
-3900
-3772
-3644
-3516
-3132
-2876
-2620
-2364
-2108
-1820
-1500
-1308
-988
-460
-72
-8
32
244
556
780
924
988
1052
988
1116
1372
1564
1564
1436
1436
1564
1692
1820
1820
1884
1884
1884
1884
1820
1884
1980
1980
1980
1980
1820
1756
1692
1628
1628
1564
1372
1180
1052
1180
1180
988
716
428
244
260
372
396
180
-96
-228
-212
-64
148
196
104
-64
32
524
876
924
748
812
988
1244
1436
1564
1820
1820
1692
1564
1628
1884
1820
1628
1372
1116
924
780
652
492
180
-308
-844
-1116
-1244
-1564
-1820
-2108
-2492
-2748
-2876
-3132
-3132
-3260
-3516
-3644
-3644
-3644
-3516
-3516
-3516
-3516
-3388
-3132
-2876
-2620
-2364
-2236
-1980
-1756
-1372
-1116
-876
-620
-396
-164
24
132
228
460
684
876
988
988
1052
1052
1180
1308
1436
1372
1308
1372
1436
1628
1628
1564
1564
1628
1628
1692
1628
1692
1692
1564
1500
1436
1500
1436
1308
1180
1052
988
876
748
716
620
460
260
104
-8
16
-8
-120
-212
-244
-228
-164
-80
-16
88
212
324
308
324
460
716
924
988
988
1116
1244
1244
1244
1308
1308
1372
1308
1180
1052
876
716
620
492
292
0
-308
-556
-748
-924
-1180
-1436
-1820
-2108
-2236
-2236
-2364
-2492
-2748
-2876
-3004
-3004
-2876
-2876
-2748
-2748
-2620
-2492
-2364
-2236
-1980
-1692
-1500
-1308
-1116
-844
-556
-260
-80
0
164
428
780
1052
1052
924
924
988
1180
1308
1308
1244
1052
1052
1116
1244
1308
1244
1116
1052
1052
1116
1116
1180
1180
1116
1116
1052
1180
1308
1372
1308
1244
1116
1052
924
924
988
988
844
684
556
492
524
492
396
244
56
16
88
148
148
-32
-260
-308
-196
-64
0
24
8
-16
16
120
308
460
428
396
428
460
492
428
372
324
180
64
0
64
48
-80
-308
-588
-780
-924
-924
-1052
-1244
-1500
-1692
-1820
-1884
-1820
-1820
-1884
-2108
-2108
-1980
-1884
-1884
-1980
-1980
-1980
-1820
-1628
-1500
-1372
-1308
-1180
-1052
-876
-716
-492
-308
-148
-72
-8
80
260
524
684
652
620
556
652
876
1052
1052
924
844
844
844
988
1052
988
876
876
988
1052
1116
1052
1052
1116
1244
1308
1372
1436
1436
1500
1500
1500
1436
1372
1372
1308
1244
1180
1116
1116
1052
988
844
748
684
556
396
260
228
228
148
48
-72
-96
-64
-148
-276
-396
-356
-292
-292
-340
-372
-372
-428
-460
-396
-244
-228
-324
-428
-428
-460
-556
-652
-748
-780
-748
-780
-876
-988
-1116
-1180
-1180
-1244
-1308
-1372
-1372
-1436
-1500
-1628
-1692
-1692
-1692
-1628
-1564
-1500
-1564
-1564
-1500
-1372
-1244
-1116
-988
-844
-652
-492
-340
-244
-132
-40
132
308
340
308
396
556
716
780
780
812
876
988
1180
1180
1116
988
988
1052
1116
1180
1116
1052
924
988
1052
1116
1052
1052
1052
1052
1116
1180
1244
1244
1180
1244
1244
1244
1180
1116
1052
988
844
780
748
716
652
588
524
396
292
244
148
80
8
-132
-292
-396
-492
-492
-396
-428
-460
-556
-684
-684
-492
-396
-428
-460
-492
-492
-492
-428
-396
-396
-460
-492
-460
-492
-588
-652
-620
-492
-492
-620
-748
-812
-876
-876
-876
-876
-988
-1116
-1180
-1116
-1052
-1116
-1180
-1180
-1180
-1244
-1244
-1116
-1052
-1116
-1052
-924
-876
-716
-620
-588
-492
-428
-324
-132
40
148
180
164
228
428
588
652
652
684
748
844
924
988
988
924
924
988
1052
1052
1052
1052
988
1052
1116
1052
1052
988
1052
1116
1116
1052
988
988
1052
988
924
924
924
924
876
780
684
588
524
588
588
556
492
372
276
132
32
-40
-72
-132
-260
-396
-460
-396
-372
-308
-276
-428
-620
-684
-684
-588
-492
-524
-684
-780
-812
-780
-684
-620
-652
-684
-684
-684
-652
-620
-620
-524
-492
-556
-588
-556
-588
-588
-588
-620
-684
-748
-780
-812
-780
-780
-780
-780
-780
-780
-812
-780
-748
-748
-716
-684
-716
-652
-620
-556
-492
-396
-308
-132
-16
80
180
260
356
524
684
780
812
780
780
844
988
1116
1116
1052
988
988
1052
1116
1116
1116
1052
988
1052
1116
1052
988
924
924
924
924
844
780
780
780
780
780
780
780
716
652
684
684
620
524
396
396
372
324
212
72
-8
-24
-56
-164
-324
-460
-620
-684
-684
-716
-780
-924
-988
-1116
-1116
-1052
-988
-988
-1116
-1180
-1116
-988
-924
-924
-924
-812
-780
-780
-780
-780
-716
-652
-588
-588
-620
-556
-428
-356
-396
-428
-396
-308
-292
-292
-292
-308
-340
-356
-324
-260
-212
-212
-308
-356
-340
-324
-260
-196
-212
-228
-308
-308
-164
16
72
16
16
-8
-32
104
324
428
396
276
244
428
620
652
620
652
684
684
684
716
780
812
812
780
812
844
924
988
924
876
924
876
924
924
924
924
812
780
844
924
924
924
812
748
780
748
716
588
556
460
372
308
276
260
212
96
-104
-180
-212
-244
-276
-356
-460
-620
-748
-780
-716
-748
-812
-844
-924
-1052
-1052
-988
-876
-876
-924
-844
-780
-684
-684
-684
-684
-556
-492
-556
-524
-396
-292
-228
-244
-260
-196
-164
-148
-80
-32
-120
-276
-372
-308
-148
-72
-212
-396
-428
-324
-308
-276
-308
-396
-492
-428
-340
-292
-164
-96
-40
-48
-64
-64
0
56
64
80
112
164
164
228
260
372
524
428
372
396
460
460
396
356
460
524
524
492
524
556
524
460
492
588
620
524
340
340
428
492
460
524
492
428
372
340
396
396
396
260
148
96
112
164
164
148
40
-56
-164
-292
-340
-324
-244
-244
-356
-460
-428
-396
-340
-396
-396
-460
-492
-556
-556
-460
-492
-588
-524
-324
-260
-308
-324
-308
-228
-120
-48
-16
16
64
88
164
196
212
276
308
340
276
244
180
164
196
276
340
276
96
-40
-32
-48
-64
-96
-120
-164
-228
-212
-120
0
0
-56
-56
0
24
64
148
96
-24
-132
-64
48
120
48
0
80
120
64
32
164
196
72
-8
0
120
228
148
72
104
64
0
16
96
80
24
-24
0
104
88
56
112
196
132
24
40
132
260
308
196
56
80
48
-40
0
80
24
-148
-372
-356
-260
-228
-340
-460
-396
-428
-492
-492
-428
-428
-588
-684
-620
-460
-428
-556
-620
-588
-492
-428
-324
-276
-308
-260
-164
-48
32
80
88
88
164
276
372
396
356
372
396
492
588
492
460
524
556
556
588
524
460
428
428
428
428
308
196
212
244
244
228
212
196
196
120
88
120
164
148
88
48
32
0
-8
-72
-132
-112
-120
-164
-196
-196
-164
-88
-80
-180
-228
-228
-244
-164
-104
-148
-180
-196
-228
-196
-88
0
-8
-64
-32
8
104
112
80
112
132
64
112
228
324
292
196
112
56
-16
-8
64
96
0
-196
-260
-228
-180
-164
-228
-308
-356
-340
-292
-228
-228
-308
-356
-340
-260
-260
-356
-324
-276
-292
-292
-276
-244
-244
-164
-40
0
0
-24
-56
16
96
104
104
148
228
260
276
308
356
356
340
428
556
556
460
396
396
396
396
356
308
196
120
96
132
212
196
180
164
72
-32
16
96
40
-96
-196
-212
-164
-132
-132
-164
-196
-276
-276
-196
-132
-164
-228
-276
-308
-292
-340
-244
-104
-132
-196
-212
-164
-72
-24
-32
-104
-72
-48
-64
0
56
56
48
48
16
24
64
112
148
120
64
16
32
32
0
24
80
8
-32
-8
32
88
48
-32
-164
-244
-244
-148
-120
-260
-372
-428
-396
-260
-112
-164
-356
-460
-396
-276
-180
-132
-164
-196
-244
-164
40
132
96
56
112
132
196
276
324
356
356
396
428
556
652
684
652
620
524
492
556
556
588
588
492
396
356
372
428
396
340
276
244
244
196
164
164
80
0
-72
-112
-64
-48
-180
-396
-556
-460
-324
-292
-372
-428
-524
-556
-556
-428
-396
-460
-492
-524
-524
-460
-324
-276
-340
-428
-396
-340
-244
-164
-120
-48
-32
-48
16
164
276
260
132
88
212
276
276
276
276
228
164
164
212
292
260
132
88
64
16
-32
24
16
-88
-212
-292
-244
-260
-276
-292
-356
-396
-460
-492
-324
-244
-324
-396
-372
-292
-276
-228
-164
-132
-164
-228
-180
-24
24
32
64
96
196
228
276
340
396
524
492
460
524
556
620
684
652
588
492
492
524
556
556
460
396
372
396
428
396
356
292
260
196
64
0
-24
-48
-120
-228
-308
-324
-260
-244
-292
-292
-372
-492
-492
-428
-356
-340
-396
-460
-460
-428
-340
-244
-212
-244
-244
-260
-212
-88
-16
16
32
16
48
148
196
196
180
164
180
148
164
196
180
24
-72
-32
48
120
72
40
24
-32
-80
-72
0
24
-16
-148
-228
-212
-196
-164
-196
-164
-228
-396
-428
-340
-276
-276
-340
-428
-428
-428
-428
-324
-276
-356
-396
-324
-196
-112
-112
-64
0
40
104
180
276
324
356
396
492
524
524
556
684
716
748
684
620
620
524
524
556
556
460
396
356
372
276
148
132
112
104
80
24
-32
-88
-164
-244
-260
-292
-276
-324
-356
-396
-428
-428
-428
-428
-428
-356
-340
-396
-396
-356
-324
-292
-228
-244
-260
-196
-180
-72
16
-32
-88
-56
0
120
228
244
196
244
292
308
396
428
396
340
340
340
356
372
260
148
132
132
96
104
104
56
-8
-32
-24
-24
-96
-212
-292
-340
-356
-340
-324
-308
-324
-396
-492
-492
-460
-356
-340
-324
-292
-292
-292
-260
-132
-48
0
16
80
164
212
228
308
372
372
356
372
372
428
460
524
524
460
428
396
396
340
308
276
212
164
132
148
104
24
-8
-64
-40
-48
-88
-104
-132
-212
-308
-372
-372
-396
-428
-460
-492
-492
-460
-396
-356
-356
-396
-396
-396
-340
-260
-228
-196
-196
-244
-212
-180
-96
-24
16
56
80
112
180
260
324
356
340
340
372
396
396
372
372
356
340
324
308
308
308
244
164
132
132
164
120
64
40
-40
-112
-132
-64
-96
-164
-244
-324
-324
-276
-212
-228
-276
-324
-396
-340
-292
-276
-292
-356
-356
-276
-212
-132
-132
-120
-88
-16
48
80
120
180
228
244
292
308
356
340
356
428
460
460
460
460
460
460
428
396
356
372
356
308
276
212
120
56
64
56
0
-72
-112
-164
-148
-132
-164
-196
-324
-460
-524
-492
-492
-460
-524
-524
-524
-524
-460
-396
-372
-356
-324
-292
-244
-180
-164
-148
-88
-24
0
40
120
196
228
260
324
308
324
372
396
396
324
276
308
372
396
324
260
228
196
180
196
148
104
24
0
32
8
0
-8
-24
-132
-212
-196
-164
-196
-244
-308
-308
-340
-372
-396
-372
-340
-324
-324
-308
-276
-292
-292
-244
-228
-196
-148
-148
-64
0
-24
-40
16
72
132
196
228
228
228
228
276
372
396
372
308
276
276
292
292
244
196
148
132
132
180
164
112
88
72
48
24
24
-24
-72
-112
-196
-244
-244
-276
-260
-260
-308
-356
-396
-372
-324
-276
-212
-212
-244
-228
-180
-132
-72
-24
-8
32
64
72
88
180
260
276
308
356
356
372
396
396
396
372
356
428
492
492
396
324
244
228
244
244
228
212
212
212
148
132
80
48
48
64
24
-88
-132
-132
-132
-148
-164
-228
-308
-308
-308
-292
-260
-292
-324
-308
-292
-308
-340
-356
-372
-396
-372
-340
-276
-228
-228
-212
-212
-180
-164
-132
-88
-88
-64
-8
16
8
0
8
24
56
132
164
132
80
24
-16
-8
0
24
8
-8
-32
-64
-88
-88
-56
-72
-80
-132
-196
-260
-276
-228
-228
-260
-276
-260
-244
-228
-212
-164
-164
-196
-180
-120
-32
24
104
132
180
228
260
244
244
292
340
340
292
308
356
428
460
460
492
460
428
492
492
492
428
356
308
276
276
276
276
276
228
180
164
180
196
196
148
64
8
-32
8
0
-80
-148
-164
-164
-148
-164
-212
-228
-244
-212
-196
-180
-196
-260
-260
-228
-244
-276
-276
-276
-260
-228
-164
-180
-164
-112
-56
-16
16
64
64
72
132
148
164
120
80
80
120
148
148
112
48
24
16
0
32
8
-48
-104
-132
-120
-164
-164
-212
-292
-324
-340
-340
-308
-292
-292
-324
-356
-340
-340
-308
-292
-260
-244
-244
-260
-292
-196
-104
-56
-16
0
16
32
72
120
180
180
164
228
276
340
396
396
396
396
396
396
396
428
428
428
396
396
324
292
276
292
292
260
180
132
120
148
148
112
80
24
-8
0
24
-40
-120
-228
-260
-244
-292
-324
-356
-372
-356
-356
-356
-356
-372
-372
-356
-324
-324
-324
-324
-324
-308
-276
-228
-112
-48
-56
-8
48
40
88
132
164
196
196
196
244
244
244
244
244
276
276
260
276
276
276
228
180
148
132
148
132
64
24
-32
-88
-104
-112
-88
-96
-148
-180
-164
-148
-148
-148
-180
-196
-228
-212
-212
-212
-180
-148
-132
-132
-88
-72
-16
56
104
120
132
120
112
148
164
180
180
196
212
180
148
120
120
148
164
180
148
112
80
64
56
56
48
40
32
16
0
-48
-80
-112
-104
-96
-104
-96
-112
-120
-148
-148
-164
-212
-212
-164
-148
-164
-196
-228
-228
-228
-244
-244
-212
-196
-180
-148
-164
-164
-148
-104
-64
-24
-8
0
56
88
96
96
88
56
88
132
196
260
244
244
228
244
244
228
244
260
292
260
180
164
164
180
180
132
80
64
48
48
88
132
88
32
32
24
40
32
32
24
32
48
32
8
16
-8
-40
-48
-56
-48
-8
16
72
72
96
112
80
96
96
48
0
0
8
8
16
48
0
0
-16
-40
-56
0
32
8
-8
-24
-24
-48
-40
-32
-24
-24
-48
-72
-72
-104
-148
-148
-148
-148
-164
-196
-228
-228
-244
-276
-292
-276
-276
-276
-292
-276
-276
-356
-372
-324
-260
-228
-212
-228
-244
-212
-148
-132
-132
-112
-80
-48
0
16
48
48
0
16
8
40
64
88
120
148
164
148
104
104
132
148
132
104
96
80
72
40
48
56
80
112
164
164
132
88
32
24
40
48
64
48
40
64
64
48
96
104
56
80
112
132
148
164
180
196
164
180
196
228
244
260
276
260
244
228
244
244
244
228
212
196
148
164
196
180
164
132
96
64
80
64
72
64
32
16
0
0
-8
0
-24
-48
-48
-56
-104
-132
-132
-132
-132
-180
-196
-196
-228
-228
-212
-244
-276
-292
-308
-292
-260
-228
-244
-244
-196
-180
-180
-212
-148
-148
-132
-104
-88
-64
-72
-72
-48
0
-32
-32
-16
0
-8
-8
0
-8
-16
-16
-24
-40
-32
-16
-8
-24
-80
-120
-112
-132
-148
-96
-88
-132
-164
-212
-212
-180
-180
-180
-164
-196
-212
-164
-164
-164
-132
-132
-104
-32
0
-16
0
0
32
32
24
80
148
180
180
196
164
132
148
164
228
260
260
228
196
228
276
324
324
292
244
260
276
292
308
276
260
244
244
228
212
196
212
196
196
164
148
112
64
88
104
96
48
-8
-8
-16
-56
-80
-96
-112
-104
-112
-104
-104
-96
-104
-104
-80
-88
-72
-48
-48
-24
-24
-24
-8
-16
8
24
32
24
24
0
-8
0
8
8
32
24
72
72
16
0
8
32
64
56
8
-8
-64
-72
-48
-64
-112
-132
-164
-180
-164
-164
-180
-212
-244
-228
-228
-244
-228
-244
-276
-276
-276
-244
-212
-228
-228
-212
-228
-228
-196
-180
-120
-80
-64
-80
-104
-120
-72
-48
-24
40
16
40
56
80
132
164
148
112
132
164
212
212
196
180
132
132
148
180
196
180
164
132
80
64
48
48
72
96
80
48
64
80
72
64
56
0
-24
0
0
0
-8
-16
-48
-40
-24
-56
-48
-24
-16
-8
-16
-24
0
16
-8
8
32
8
0
0
16
8
24
16
40
32
24
32
32
40
64
72
88
104
96
96
88
64
40
48
32
24
8
16
32
24
16
-8
-40
-56
-72
-24
-8
0
16
32
32
24
72
80
56
56
88
96
88
96
72
56
40
32
8
-24
-8
8
80
80
48
40
24
48
88
132
48
0
8
-8
8
0
-24
-8
0
8
16
24
16
32
32
8
-16
-64
-112
-72
-56
-72
-104
-132
-132
-104
-72
-72
-104
-132
-148
-164
-148
-148
-196
-212
-228
-228
-212
-212
-228
-244
-228
-212
-212
-212
-212
-228
-212
-212
-196
-164
-148
-164
-148
-88
-72
-88
-56
-56
-96
-112
-96
-88
-88
-40
-40
-56
-48
0
16
56
80
88
104
120
72
48
32
32
56
40
24
-8
-16
-16
24
72
72
88
80
96
104
88
88
96
104
88
120
148
164
180
180
196
212
180
180
196
212
228
244
228
244
292
324
308
260
228
228
212
228
228
228
196
196
196
212
244
244
228
212
212
196
180
180
196
180
164
148
112
64
72
80
56
40
32
0
-32
-24
-40
-56
-96
-120
-120
-148
-132
-104
-132
-148
-132
-112
-132
-120
-96
-148
-148
-196
-212
-196
-180
-196
-180
-180
-212
-228
-228
-228
-228
-244
-260
-276
-244
-212
-228
-212
-196
-196
-212
-196
-196
-180
-196
-212
-196
-148
-148
-132
-148
-180
-196
-196
-164
-180
-164
-148
-148
-164
-164
-148
-120
-132
-120
-56
-40
-72
-80
-64
-40
-64
-32
8
0
0
8
40
56
32
24
8
32
64
80
96
112
112
132
148
164
180
164
164
164
148
112
112
148
164
164
180
164
148
196
212
244
228
212
212
196
148
164
196
196
164
164
148
132
164
148
104
88
88
80
96
120
96
72
80
72
88
80
96
88
48
48
32
40
48
64
64
56
16
16
8
24
48
56
56
64
48
40
24
16
16
8
0
0
16
-8
8
-40
-72
-80
-112
-148
-132
-96
-96
-112
-112
-132
-164
-132
-148
-148
-148
-180
-164
-164
-164
-180
-180
-164
-132
-104
-104
-96
-64
-80
-104
-104
-96
-72
-64
-40
-16
0
32
40
64
56
56
88
96
104
132
132
104
96
64
48
88
72
80
112
104
72
64
40
40
40
16
16
24
0
-8
-16
-16
-32
0
-24
-88
-112
-104
-120
-120
-148
-180
-196
-196
-196
-196
-212
-212
-228
-228
-212
-180
-180
-180
-148
-180
-196
-180
-148
-148
-148
-120
-96
-104
-112
-72
-48
-24
0
24
24
0
8
40
40
64
72
48
40
48
80
120
148
148
180
148
112
132
132
96
80
88
96
88
104
96
104
132
132
132
148
104
96
132
132
132
120
112
104
104
96
96
120
120
112
112
104
120
132
180
196
180
164
148
132
120
132
148
132
132
148
132
148
148
148
148
148
164
196
180
132
112
80
80
64
56
56
64
48
64
24
-40
-80
-96
-72
-56
-56
-96
-132
-132
-120
-88
-72
-80
-96
-112
-164
-196
-180
-196
-212
-228
-244
-228
-228
-228
-228
-244
-196
-180
-212
-212
-228
-228
-260
-276
-276
-244
-228
-196
-148
-148
-164
-180
-196
-164
-148
-132
-132
-180
-212
-164
-148
-148
-132
-132
-164
-180
-180
-164
-164
-148
-148
-132
-132
-96
-88
-104
-88
-48
-24
-8
24
8
16
40
48
64
96
96
120
148
132
164
164
180
212
196
212
244
244
276
292
308
340
340
324
292
308
340
356
372
356
356
372
396
396
396
356
324
292
276
260
244
260
276
276
276
244
212
180
180
148
104
48
16
24
16
-8
-40
-64
-48
-40
-32
-16
-48
-112
-120
-120
-120
-80
-72
-80
-132
-148
-180
-212
-196
-180
-180
-164
-164
-196
-212
-244
-228
-196
-212
-212
-228
-244
-244
-244
-260
-260
-260
-276
-260
-244
-244
-260
-260
-276
-276
-228
-244
-244
-244
-244
-228
-212
-196
-148
-80
-88
-80
-56
-48
-64
-104
-80
-56
-24
0
24
8
-16
-32
-32
-8
32
72
80
96
112
132
132
148
164
180
180
180
164
120
112
148
164
164
164
180
180
180
196
196
180
148
132
148
148
148
132
112
64
56
32
24
32
32
32
40
24
24
48
48
72
48
16
0
-8
-24
0
0
8
40
24
40
72
64
32
24
16
24
56
80
88
80
40
24
16
16
24
40
16
32
48
40
48
48
32
24
0
-24
-32
-56
-72
-64
-56
-80
-88
-80
-56
-24
-8
-8
-8
-24
-32
-24
-32
-64
-80
-104
-120
-96
-56
-56
-88
-64
-64
-88
-72
-96
-112
-104
-112
-88
-48
-32
-24
-32
-40
-24
0
0
0
0
-8
-32
-16
-8
8
32
40
56
40
24
24
40
24
32
56
48
64
32
48
80
96
104
104
104
72
80
80
64
40
16
-8
0
0
16
32
16
32
24
0
0
-8
-16
-8
-40
-56
-24
-8
-8
0
-24
-56
-40
-24
-24
-24
-48
-88
-120
-132
-112
-96
-72
-72
-80
-120
-132
-132
-120
-96
-120
-164
-180
-148
-164
-164
-164
-148
-148
-180
-180
-164
-132
-132
-148
-148
-112
-104
-72
-32
-8
0
8
16
56
88
88
72
80
88
104
96
96
88
80
88
104
148
180
212
212
196
148
112
132
164
212
228
212
196
212
260
292
292
276
260
228
228
212
196
196
196
148
120
120
120
148
148
148
132
80
40
32
32
40
48
40
24
8
-8
-56
-56
-48
-40
-24
-24
-48
-56
-48
-72
-96
-96
-104
-96
-88
-80
-96
-112
-148
-148
-148
-148
-132
-164
-180
-180
-212
-196
-164
-164
-164
-180
-180
-180
-148
-132
-148
-148
-196
-180
-164
-164
-148
-148
-164
-180
-164
-112
-96
-64
-64
-88
-64
-64
-56
-24
-40
-48
-64
-80
-88
-56
8
8
0
0
16
40
32
64
96
72
56
56
64
64
56
72
56
72
88
104
104
120
112
88
104
120
132
148
148
132
132
104
80
96
80
104
132
132
88
64
64
80
88
80
80
64
48
56
48
32
24
8
0
32
32
16
0
-40
-40
16
40
56
80
56
32
8
8
40
64
64
56
56
40
16
40
32
32
48
56
64
56
24
8
0
-8
-32
-48
-40
-56
-24
-24
-40
-64
-80
-88
-80
-88
-112
-132
-164
-148
-132
-132
-112
-96
-96
-104
-88
-96
-120
-96
-104
-112
-132
-164
-180
-148
-120
-112
-104
-96
-96
-88
-64
-64
-40
-24
-32
0
48
48
40
32
40
64
72
96
96
72
72
64
64
88
88
88
96
112
120
120
132
148
148
148
148
132
132
148
112
80
88
56
56
88
96
96
64
8
-8
-8
-24
-8
0
-56
-88
-96
-112
-96
-80
-112
-112
-112
-148
-120
-64
-56
-48
-32
-56
-56
-72
-104
-80
-56
-72
-88
-96
-96
-96
-40
-32
-32
-24
-64
-96
-88
-40
-32
-24
-8
-24
-16
-16
-16
-24
-32
0
0
0
8
24
32
40
40
40
64
56
48
88
120
112
96
104
120
112
88
72
40
40
56
96
96
56
64
80
48
80
80
56
40
24
32
56
64
80
96
80
88
88
88
104
104
96
96
104
88
80
72
80
80
64
32
8
8
0
0
16
0
-16
-40
-40
-64
-72
-64
-80
-80
-104
-88
-72
-88
-112
-112
-112
-104
-88
-96
-132
-164
-148
-148
-132
-104
-112
-132
-132
-132
-132
-112
-88
-72
-56
-40
-24
-40
-56
-72
-56
-32
-16
0
-8
8
0
16
24
16
0
-8
-16
-8
-16
-8
-24
-80
-40
-16
-16
0
0
8
32
48
56
64
64
64
48
16
16
8
8
-8
0
8
0
32
64
64
48
32
16
24
32
16
16
16
8
0
0
0
-16
0
40
64
72
112
120
104
120
112
120
132
148
132
120
112
88
56
48
56
48
56
72
80
48
24
24
16
16
-8
-32
-64
-112
-104
-80
-48
-40
-48
-56
-48
-32
-24
-56
-72
-80
-88
-32
-8
16
8
0
0
0
-16
-24
-56
-80
-64
-40
-64
-80
-64
-64
-40
0
-8
-8
-16
-48
-56
-64
-56
-96
-112
-120
-120
-88
-80
-88
-96
-88
-96
-88
-72
-64
-48
-40
0
0
0
0
0
-8
0
0
0
16
24
48
64
80
64
88
112
132
132
132
132
112
88
72
96
96
112
120
112
120
120
96
96
88
96
132
148
132
96
104
96
80
80
88
80
80
88
72
64
24
0
-8
-8
-24
-56
-96
-96
-104
-120
-96
-96
-132
-132
-148
-148
-112
-148
-164
-148
-148
-132
-120
-120
-120
-104
-88
-72
-56
-40
-24
-32
-16
-16
0
16
-8
-16
-16
-16
-16
-16
-24
-16
-8
0
0
-24
-32
-56
-24
0
0
0
