SAMPLES:	8324
BITSPERSAMPLE:	16
CHANNELS:	1
SAMPLERATE:	16000
NORMALIZED:	FALSE
-8
0
0
0
0
8
8
16
16
16
16
24
24
24
32
32
32
32
32
32
32
32
32
40
40
32
32
24
24
24
24
24
24
24
16
16
16
16
16
16
16
16
16
8
8
0
0
0
0
0
0
-8
-8
-8
0
0
0
0
0
0
0
0
0
0
0
0
0
0
0
0
0
0
0
0
0
0
0
0
8
0
0
0
0
0
0
0
0
0
0
-8
-8
-8
-8
-8
-8
-8
-8
-8
-8
-8
-8
-8
-8
-8
-16
-16
-8
-16
-8
-8
-8
-8
-8
-8
-8
-8
0
-8
0
0
-8
-8
-8
0
0
0
0
0
0
0
0
0
8
8
8
8
8
8
8
8
8
8
16
16
16
16
16
16
16
16
16
8
16
16
8
8
8
8
8
8
8
8
8
0
8
0
0
0
0
0
0
0
0
0
0
0
0
0
0
0
0
-8
-8
-8
-8
-8
-16
-8
-8
-16
-16
-16
-16
-16
-16
-16
-16
-24
-24
-24
-24
-24
-24
-24
-24
-24
-24
-24
-24
-24
-24
-24
-24
-24
-24
-24
-24
-24
-16
-24
-24
-16
-16
-16
-8
-8
0
0
-8
0
0
0
0
0
0
0
0
8
8
16
16
16
16
16
24
24
24
24
24
24
24
32
32
32
32
32
32
32
32
32
32
32
40
40
40
40
40
40
32
32
32
32
32
32
32
24
16
24
16
16
16
16
8
8
8
0
0
0
0
0
0
0
-8
-8
-8
-8
-8
-8
-8
-8
-16
-16
-16
-16
-16
-24
-16
-16
-24
-16
-16
-24
-24
-24
-24
-24
-24
-24
-24
-24
-24
-24
-24
-24
-16
-16
-16
-16
-16
-16
-8
-8
-16
-16
-16
-16
-16
-8
-8
-8
-16
-8
-8
0
0
0
0
0
0
0
0
0
0
0
0
0
0
0
0
0
0
0
0
0
0
0
0
0
0
0
0
0
0
0
0
0
0
8
8
0
8
8
8
8
8
8
8
8
8
8
16
16
16
16
16
16
16
16
16
8
8
8
8
8
8
0
0
0
0
0
0
0
0
0
0
0
0
0
0
0
0
0
-8
-8
-8
-8
-8
0
-8
0
-8
-8
-16
-16
-16
-16
-8
-8
-8
-8
-8
-8
-8
-8
-8
-8
-8
-8
-16
-8
-8
-8
-8
-8
0
0
0
0
0
0
0
0
0
0
0
0
0
0
0
0
0
8
8
8
8
8
8
16
16
16
16
16
24
24
24
24
24
24
16
16
16
24
24
16
24
16
16
24
24
16
16
16
16
16
8
8
8
8
8
0
0
0
0
0
0
0
0
0
0
0
0
0
-8
-8
-8
-8
-16
-16
-16
-16
-16
-16
-24
-16
-16
-16
-16
-16
-16
-16
-16
-16
-8
-16
-16
-16
-24
-24
-16
-16
-24
-24
-24
-24
-24
-16
-16
-16
-16
-16
-16
-16
-16
-16
-16
-16
-16
-8
-8
-8
-8
-8
-8
0
0
0
0
0
0
0
0
0
0
0
0
8
0
0
0
0
0
8
8
8
8
8
8
8
8
16
16
16
16
16
16
8
16
16
16
24
24
24
24
32
24
24
24
24
24
24
32
24
24
24
24
24
24
16
16
16
16
16
16
16
16
16
16
8
8
8
8
0
0
0
0
0
0
0
-8
-8
-8
-8
-16
-16
-16
-16
-16
-16
-16
-24
-16
-24
-24
-16
-16
-24
-24
-24
-24
-24
-24
-24
-24
-24
-24
-24
-24
-24
-24
-16
-16
-16
-16
-16
-16
-16
-16
-16
-8
-8
-8
0
0
0
0
0
8
0
8
8
8
8
8
8
8
8
16
16
16
16
16
16
8
16
8
8
8
8
8
8
8
8
16
16
16
16
16
8
8
8
8
0
0
0
0
8
8
8
8
8
8
8
8
8
0
0
0
0
0
0
0
0
0
0
0
0
0
0
0
-8
-8
-8
0
0
-8
-8
-8
-8
-8
-8
-16
-8
-16
-16
-8
-8
-8
-8
-8
0
-8
-8
-8
-8
-8
-8
-8
-8
-8
-8
-8
0
-8
-8
-8
-8
0
0
0
0
0
0
0
0
0
0
0
0
0
0
0
0
8
0
0
0
0
0
8
8
8
8
8
8
8
8
8
8
8
8
8
8
8
16
16
16
8
16
16
16
16
8
8
8
0
0
0
0
0
0
0
0
0
0
0
0
0
0
0
0
0
0
0
0
0
0
0
0
0
0
0
0
-8
-8
-8
-8
-8
-8
-8
-8
-16
-16
-16
-8
-8
-16
-8
-8
-16
-8
-8
-8
-8
-8
-8
0
0
0
0
-8
-8
-8
0
0
0
0
0
0
0
0
0
0
0
0
8
8
8
8
8
16
8
8
8
8
8
8
8
8
16
16
16
16
16
16
8
8
8
8
8
8
8
8
8
8
8
8
0
0
0
0
0
0
0
0
0
0
0
0
0
0
-8
-8
-8
-8
-8
-8
-8
-8
-16
-8
-8
-8
-8
-8
-16
-16
-16
-16
-8
-8
-8
-8
-16
-8
-8
-16
-16
-16
-24
-24
-16
-24
-24
-24
-24
-24
-24
-16
-24
-16
-16
-16
-8
-8
-8
-8
-8
-8
0
0
0
0
0
0
0
0
0
0
8
8
8
8
8
8
16
24
24
24
24
16
24
24
24
24
24
24
32
24
24
32
32
40
32
32
32
32
32
24
24
24
24
16
16
16
16
16
16
16
16
8
16
8
8
8
0
0
0
0
0
0
0
0
0
0
0
0
-8
-8
-8
-8
-8
0
0
0
-8
-8
-8
-8
-8
-8
-8
-8
-16
-16
-16
-24
-24
-24
-16
-16
-16
-24
-24
-16
-16
-16
-16
-16
-16
-24
-24
-24
-32
-24
-24
-24
-16
-16
-16
-16
-24
-24
-16
-24
-16
-16
-24
-24
-16
-16
-16
-16
-16
-16
-16
-16
-16
-16
-8
0
0
0
8
8
0
8
8
8
8
16
8
8
16
16
16
16
16
24
32
32
40
40
32
32
32
32
24
32
32
32
32
32
32
32
32
32
32
32
40
40
32
32
32
32
24
16
8
8
16
8
8
8
8
8
8
8
8
0
0
0
0
0
0
0
0
0
-8
0
0
-8
-8
-8
-16
-16
-16
-16
-8
-8
-16
-8
-16
-16
-24
-24
-24
-24
-24
-24
-24
-24
-24
-24
-24
-24
-24
-24
-24
-16
-16
-16
-16
-16
-24
-24
-24
-24
-24
-24
-32
-16
-24
-24
-16
-24
-16
-8
-8
-8
0
0
0
-8
0
-8
0
16
8
-8
-32
-24
-16
-16
-24
0
16
24
0
-8
0
8
24
0
0
8
24
8
16
32
32
24
32
32
24
48
40
32
0
8
8
0
0
-8
8
0
0
-24
-16
0
0
0
0
8
0
8
8
8
0
8
8
0
8
0
0
0
8
0
16
32
32
8
24
24
0
0
-16
0
0
-8
-8
0
0
-16
0
8
16
-16
0
0
16
0
-8
-8
0
0
-24
0
0
16
0
8
0
32
24
0
32
16
8
0
16
0
0
0
32
8
-8
0
0
32
-8
0
0
24
0
0
8
8
8
0
16
16
8
0
0
0
0
-8
-8
16
8
0
0
0
0
-8
-24
-24
-8
-8
-24
-24
0
-8
0
-24
-16
-8
-16
0
-8
-8
-16
-8
0
-16
-32
-8
-8
0
-16
-24
0
0
-24
-32
0
0
-16
-24
0
8
0
-16
-16
0
0
-48
-72
132
48
-32
-16
56
48
-112
-104
-24
48
32
-56
-80
72
80
-64
-80
24
96
-40
-80
16
40
0
-96
-32
48
-8
-56
-8
56
48
-32
-24
24
16
-24
-16
48
56
0
0
24
24
-8
-8
16
0
8
0
0
40
16
32
32
32
72
24
0
-8
0
40
0
-8
-16
8
56
32
0
8
80
72
0
-8
8
32
8
32
8
16
8
-8
8
24
24
-24
56
24
24
-56
-8
56
-32
32
-32
48
0
24
-8
-8
48
8
16
-56
56
-40
-8
-56
24
32
-40
-32
-24
64
-72
-64
-24
48
-16
-80
-72
40
16
-96
-80
0
56
-104
-64
48
-32
-24
-40
-104
64
-16
-104
-96
104
88
-132
-64
24
48
-80
-40
0
64
-8
-96
-8
32
0
-64
0
0
0
-48
-8
8
-16
0
-56
0
8
-40
40
32
8
-24
16
32
-40
-40
-16
8
16
8
-32
48
48
-16
8
-32
72
16
-64
8
56
-8
-40
148
0
-32
16
56
-64
48
0
-120
132
104
-88
-88
164
0
-104
40
40
-32
-8
-40
-16
196
-32
-196
72
228
-32
-196
148
112
56
-72
-120
80
164
0
-196
96
244
-56
-164
132
148
-64
-32
0
56
72
-8
-164
164
164
0
-132
8
148
-56
-40
-32
96
148
40
-148
0
180
0
-164
32
180
16
-132
-56
72
132
-64
-132
8
180
24
-276
16
164
0
-104
0
132
-72
-260
0
228
-88
-228
-8
276
-16
-244
0
132
72
-244
-24
164
-32
-180
-120
104
228
-148
-228
72
120
-40
-276
-72
148
72
-72
-228
0
244
-120
-228
56
148
0
-148
-180
-104
16
64
48
-164
32
244
-132
-212
-104
164
-40
-164
40
56
-24
-196
-72
0
276
-64
-260
-16
104
228
-180
-180
-24
308
-24
-276
-40
164
80
-260
56
120
228
-72
-196
196
324
-48
-292
0
196
80
-72
-80
-40
164
120
-56
148
164
-164
48
32
80
32
40
96
24
180
-96
24
164
-72
-228
132
460
64
-212
-64
260
276
-64
-196
48
244
-8
-24
-64
96
48
-40
212
-48
-148
-164
96
196
-64
-132
56
260
32
-372
-96
396
-104
-492
0
244
356
-180
-340
132
396
-104
-684
180
356
-132
-460
64
40
164
96
-524
80
308
8
-652
-16
180
180
16
-276
-80
96
356
-556
-132
148
104
64
-228
-120
-96
164
120
-196
-56
88
16
-16
-260
-260
132
96
48
-276
64
492
-196
-244
8
260
-40
-180
-164
-56
260
-148
-196
196
228
-180
164
180
-212
-276
64
276
-24
-96
-96
-40
308
24
-244
104
428
64
-340
164
308
-276
-244
-32
396
276
-212
-96
228
372
-196
-428
148
324
164
-228
-96
292
112
-260
212
308
180
-196
-356
40
64
-24
-260
40
428
164
-556
72
244
132
-396
-212
588
96
-180
-652
-244
276
48
-228
212
276
104
-164
-212
-88
-32
40
-356
-180
324
48
-372
-48
180
492
356
-492
-396
72
-24
-492
0
148
180
260
356
0
-212
88
-524
-56
308
-8
120
-40
120
212
112
-196
-164
96
428
-228
-164
180
-396
164
104
164
0
48
180
-196
64
132
-112
48
212
308
64
-244
-56
-164
96
276
-372
-132
396
24
40
-112
-64
64
-228
-148
-104
428
-64
-780
340
748
-132
-396
-308
396
80
-324
-356
-48
748
-244
-524
324
460
-132
-620
-228
748
196
-588
-716
-8
1052
-8
-652
132
780
-72
-588
-244
324
8
-292
-212
120
748
-88
-812
48
460
16
-652
-356
620
88
-396
180
356
196
-684
-292
340
396
-356
-924
428
1500
-244
-876
88
988
-132
-1500
-64
620
652
-748
-524
924
1116
-112
-1180
16
324
196
-1244
-292
1052
748
-72
-148
524
620
-244
-1436
396
716
-96
-988
-196
1372
324
-684
-16
924
212
-684
-620
292
-56
-148
80
492
1308
244
-1116
112
260
-72
-56
-556
-228
428
812
-396
-684
588
148
-196
396
-40
-652
396
428
-308
356
-308
-340
-212
-120
96
80
372
-588
-32
652
-148
-684
-148
-324
372
132
8
-228
-324
-8
-748
132
-64
-460
-24
228
-356
-180
372
-228
-80
-64
72
-292
88
-340
-620
-72
524
524
-1180
-112
524
24
-588
-276
372
-148
88
-212
292
308
180
-588
80
748
-48
-96
-620
-180
-104
1052
460
-260
428
292
148
-260
-292
-40
556
72
-48
324
492
-32
-492
132
56
812
492
-588
0
428
620
-492
164
780
460
196
56
-48
24
-64
-492
-164
460
1308
-748
-372
372
308
0
-428
396
56
-132
-460
-396
308
244
-924
72
988
812
-620
-1180
80
556
556
-1116
-748
460
292
-556
-492
780
460
-1308
-988
1052
988
-652
-2236
-228
1628
748
-1116
-1500
988
1052
-492
-1372
48
988
-652
-1116
-684
988
748
-1180
-1052
1372
1436
-372
-1244
-556
716
244
-460
-1180
196
1052
-396
-556
924
812
292
-1052
-876
460
588
-180
-1308
340
1116
164
-396
48
260
-132
-780
-292
180
180
-196
276
588
396
8
-844
396
148
-308
212
460
0
-492
-356
396
556
340
-340
-812
1052
588
-556
-308
244
588
-324
-212
164
428
244
-652
-276
1244
1052
-524
-1052
-196
1116
684
-132
-460
260
924
-396
-148
96
244
96
-260
120
876
780
-748
-876
652
1500
0
-716
-652
524
428
-180
24
556
524
-524
-460
-120
228
-492
-924
260
716
780
-396
-988
-244
164
-164
-1052
-340
180
276
620
148
-556
-32
180
-396
-988
-652
428
620
212
-716
0
988
-228
-748
-748
-104
228
-812
-620
164
924
292
-684
276
428
-356
-876
-492
148
652
24
-372
428
1180
524
-652
164
460
8
-716
-924
396
524
48
-244
372
924
56
-556
-812
-428
-196
112
212
588
620
-64
-112
-292
396
-180
-748
-276
460
812
148
-460
-492
212
260
88
-308
-72
276
-180
-88
-24
-48
-396
-132
524
340
-16
-148
180
-372
148
428
-292
-428
-292
356
260
356
-396
-716
-72
524
-72
-212
24
-428
120
112
-96
80
212
-228
-716
-88
428
56
-132
112
148
620
372
-396
-244
-164
-212
524
812
260
-260
-524
-244
-8
-104
-228
80
652
620
260
-428
-396
-212
-180
244
556
460
-260
-120
96
148
276
96
0
-396
-148
244
228
-132
0
620
556
-80
-844
16
64
-620
-164
492
684
-112
-620
-196
748
620
-164
-812
-196
8
-212
120
148
372
120
0
24
148
56
-460
-396
-64
88
276
244
-164
-324
260
460
356
-228
-620
-228
64
308
212
180
340
56
-460
-372
-372
-460
-492
-120
812
924
212
-492
-652
-180
96
-8
24
-104
356
164
88
276
-308
-524
-308
-48
-56
-324
-396
-56
-180
396
228
180
276
-460
-120
-80
-196
-16
-16
104
244
64
-292
-372
64
64
-104
88
-324
-148
460
40
-276
-276
120
396
-48
-276
40
492
-80
-428
-48
56
8
-396
-372
460
876
716
0
-132
16
132
164
-244
-684
0
812
308
32
-120
-80
212
260
64
-72
244
-8
-340
104
620
652
308
-276
-292
276
32
-244
-276
16
48
164
716
148
-324
-64
-104
8
104
-244
-524
-32
228
-196
72
324
-16
-196
-276
-556
-460
-64
-80
-120
260
260
-196
-308
-372
-460
-228
-148
-244
24
292
64
-196
-180
48
196
132
-244
-356
-48
16
96
56
196
396
148
8
-56
-164
-120
-212
-24
460
844
260
-340
-340
-120
148
324
244
-212
196
556
308
-120
-80
0
260
396
-324
-460
72
340
-32
0
180
244
-48
-620
-372
132
180
-164
-56
212
340
120
-524
-684
-148
180
0
132
524
524
-132
-524
-276
72
56
-428
-324
428
460
-148
-652
-556
64
196
-164
0
64
-80
-324
-260
88
308
80
-164
-8
48
-132
-620
-492
0
556
588
180
-80
-556
-684
-556
-164
88
372
356
132
132
-80
-340
-492
-276
148
396
260
80
-80
-132
96
340
524
276
132
24
-80
-16
228
396
396
324
324
340
32
-164
-104
244
372
212
196
244
8
-180
56
244
80
-148
-148
-8
132
16
-228
-308
-72
308
340
64
-120
-8
-32
-148
-64
212
308
132
-8
-40
-40
-260
-292
-24
324
524
164
-80
8
112
8
-32
112
72
-88
-132
-148
16
32
-120
-112
-56
96
164
-72
-396
-396
-24
196
132
-72
-260
-212
-324
-492
-428
-340
-40
148
-8
-244
-228
-356
-652
-556
-340
-112
8
-164
-356
-492
-308
-196
-212
-372
-492
-88
212
-112
-324
-260
-228
-212
48
356
396
88
-228
-356
-276
-16
132
164
396
652
588
88
-180
-24
340
684
684
588
588
428
228
276
244
356
524
428
228
120
292
260
88
244
620
684
308
80
228
428
164
-24
24
24
56
-64
0
-148
-164
180
96
-72
8
120
8
-132
48
180
-64
-308
-396
-40
260
16
-292
-244
-64
-180
-428
-276
196
308
0
-372
-396
-356
-276
-260
-228
-148
-260
-460
-652
-460
-180
-148
-180
-324
-340
-340
-524
-716
-652
-428
-88
24
-196
-428
-652
-652
-556
-396
-276
-356
-308
-308
-180
-88
-164
-196
-80
-180
-196
-32
228
460
396
460
396
492
372
244
460
684
924
716
556
684
652
428
372
588
748
780
652
652
988
684
356
428
684
812
684
556
460
460
324
212
0
0
0
-104
-276
-428
-428
-428
-372
-372
-356
-324
-196
-164
-292
-324
-492
-652
-924
-780
-428
-292
-228
-120
64
-132
-556
-524
-164
120
260
324
292
88
8
72
132
212
196
120
0
-40
-148
-260
-244
-228
-132
-132
-96
-180
-260
-324
-372
-132
120
-40
-428
-652
-620
-652
-684
-524
-492
-428
-276
-212
-492
-620
-324
-396
-492
-588
-524
-460
-460
-276
-40
32
0
-64
24
228
460
588
556
556
812
988
1052
1180
1180
1052
652
356
396
748
1052
988
1052
1180
1052
780
588
652
876
876
812
652
524
260
8
-148
-80
56
72
-72
-292
-324
-460
-684
-524
-292
-292
-372
-492
-588
-812
-1052
-1052
-988
-988
-780
-556
-652
-684
-620
-684
-684
-428
-308
-396
-340
-396
-428
-396
-524
-620
-588
-460
-356
-324
-396
-428
-428
-308
-88
-8
-48
-196
-324
-340
-372
-340
-148
0
132
148
88
-56
-228
-164
-80
72
212
340
228
32
72
164
276
396
588
812
988
924
748
780
1052
1244
1180
1180
1052
924
652
492
652
812
812
876
876
588
308
228
524
844
924
684
428
460
372
244
492
876
1052
1116
1244
1372
1244
1180
1244
1436
1500
1308
1180
1500
1980
1980
1308
716
372
-80
-748
-1308
-1372
-1116
-1180
-1564
-1884
-1980
-2236
-2620
-2876
-2876
-2748
-2748
-2876
-3004
-2876
-2492
-2364
-2364
-2620
-2748
-3004
-3004
-2876
-2748
-2364
-1980
-1980
-1980
-2108
-1980
-1756
-1692
-1500
-988
-524
-396
-428
-460
-112
148
120
356
684
1052
1116
1180
1500
1820
2108
1980
1980
2236
2364
2108
1980
2108
2364
2364
2236
2236
2364
2364
2236
2108
2236
2236
2108
2236
2236
2236
2108
1884
1820
1756
1372
1052
876
844
876
812
588
356
148
8
-260
-396
-80
308
292
396
684
780
372
-64
556
1884
3132
3772
4092
4604
4348
3132
1052
80
780
1628
1564
1052
716
428
-556
-2236
-3516
-3516
-3004
-3004
-3516
-3644
-3388
-3388
-4092
-4604
-4092
-3644
-3644
-4092
-4604
-4604
-4092
-3772
-3644
-3004
-1884
-748
-244
-620
-1980
-3004
-3516
-3132
-2364
-1500
-988
-1052
-1564
-2492
-3004
-2876
-1692
-244
876
1500
1628
1052
180
-24
428
1436
2108
2492
2236
1628
924
260
228
620
1500
2236
2620
2364
1820
1308
988
1436
2236
2876
2876
2236
1628
1052
988
1116
1564
2236
2876
2876
2364
1692
1180
988
924
1372
1980
2236
1980
1308
780
652
620
716
876
1052
1308
1308
1308
1308
1372
1564
1628
1436
1308
1372
1436
1500
1180
1244
2108
3132
4092
4604
5116
4860
3644
1500
16
196
988
1244
1116
924
308
-1244
-3516
-4860
-4604
-4348
-4604
-4860
-4860
-4604
-4860
-5372
-5884
-5628
-5372
-5372
-5372
-5116
-4860
-4860
-4860
-4604
-3388
-2364
-1980
-1980
-988
-556
-1308
-2364
-2620
-2108
-1820
-1820
-1820
-1180
-988
-1564
-2236
-1884
-260
1180
1500
1244
1500
1436
924
492
1116
2236
2748
2876
2492
2364
1980
1372
988
1116
2236
3004
3260
2876
2364
2108
1820
1820
2364
3004
2748
2108
1436
1180
1180
1308
1628
1980
2236
2364
2236
1884
1500
1308
1372
1692
2108
2492
2364
1820
1244
1244
1628
2108
2236
2492
2620
2620
2620
2620
2236
1884
1628
1628
1692
1436
1052
372
524
924
988
428
-356
24
1244
2748
3516
3900
3900
3004
1180
-684
-1116
-340
212
-164
-748
-1180
-1820
-3260
-4860
-5372
-5116
-4860
-5372
-5372
-5116
-5116
-5628
-6140
-5884
-5628
-5372
-5372
-5372
-5372
-5116
-4860
-4092
-3260
-2492
-2108
-2108
-1500
-684
-716
-1820
-2748
-2364
-1628
-1372
-1628
-1564
-1308
-1436
-1884
-1820
-684
748
1436
1372
1628
1980
1980
1692
1756
2620
3516
3772
3388
3004
2492
2108
1756
1884
2364
3004
3260
2876
2492
2236
2108
1820
1884
2236
2492
2236
1756
1436
1244
1180
1372
1756
2364
2620
2492
2108
1564
1372
1692
1980
2236
2236
2108
1980
1628
1436
1692
2236
2620
2876
2876
2748
2492
1980
1692
1692
1820
1980
1980
1628
1180
652
196
-372
-212
244
492
196
-276
96
1308
2748
3388
3644
3516
3004
1500
-212
-1180
-924
-196
-148
-556
-1052
-1756
-3132
-4860
-5884
-5628
-5116
-5372
-5372
-5372
-4860
-5116
-5628
-6396
-6396
-5628
-5372
-5116
-4860
-4604
-4348
-4092
-3516
-2876
-2236
-1756
-780
-396
-1052
-1980
-2492
-2108
-1884
-1756
-1564
-1308
-1308
-1980
-2364
-2108
-780
812
1884
2364
2748
2620
1980
1372
1884
3132
3772
3900
3644
3388
2748
1980
1436
1308
1884
2620
2876
2620
2236
1692
1244
1244
1980
2748
2620
1980
1564
1436
1436
1500
1756
2364
3004
3260
3004
2620
2236
2108
2108
2108
2492
2620
2364
1628
1308
1500
1692
1756
1820
2236
2492
2364
1980
1756
1884
2108
2236
2108
1980
1436
780
72
-212
-356
-524
-260
16
276
0
-780
-924
276
2108
3516
3900
3388
2492
716
-1180
-2108
-1692
-748
-164
-228
-988
-2108
-3516
-5116
-5884
-5628
-5116
-4860
-5116
-5116
-5116
-5372
-5628
-5884
-5884
-5372
-4860
-4348
-4348
-4604
-4860
-4348
-3388
-2492
-1820
-1756
-1884
-1500
-428
196
-276
-1244
-1180
-924
-1244
-1884
-1980
-1564
-1244
-988
-340
924
1884
1980
1244
844
1308
1820
1884
1980
2876
3644
3516
2876
2492
2364
1820
1564
1756
2364
2748
2876
2620
2236
2236
2492
2748
3004
3260
3260
3004
2492
2364
2748
2620
2492
2620
2620
2620
2492
2236
1980
1884
1884
2108
2236
2108
1884
1436
1116
988
1308
1692
1980
1884
1692
1436
1180
1116
988
924
812
748
716
356
-120
-652
-844
-924
-1244
-1500
-1564
-1500
-1500
-1756
-1692
-652
988
2236
2364
2108
2108
1564
244
-1244
-1628
-780
-24
8
-620
-1372
-2108
-3132
-4348
-5116
-4604
-4092
-4348
-4604
-4604
-4348
-4348
-5116
-5116
-4604
-4348
-4092
-4092
-4092
-3900
-3516
-3132
-2620
-2108
-1564
-1436
-1500
-1180
-588
460
924
324
-620
-1564
-1980
-2492
-2620
-2108
-924
396
812
812
492
428
588
620
844
1884
2876
2876
2492
2748
3260
3260
2748
2492
2492
2364
2364
2364
2108
2108
2364
2748
2876
3004
3004
2620
2236
2364
3004
3388
3132
2876
2620
2364
2108
1820
1564
1756
2236
2492
2492
2364
2108
1564
988
812
1052
1436
1564
1564
1436
1436
1372
1180
924
812
924
924
492
64
-88
-132
-132
-228
-428
-684
-1052
-1564
-1820
-1436
-524
-104
-460
-716
-428
396
1244
1980
2492
2620
2236
1180
-244
-1116
-988
-588
-356
-556
-988
-1436
-2108
-3132
-4348
-4860
-4604
-4604
-4604
-4604
-4604
-4604
-5116
-5372
-5116
-4604
-4348
-4348
-4604
-4348
-3772
-3260
-3004
-2748
-2364
-2108
-1980
-1692
-780
-120
-524
-1756
-2364
-1980
-1692
-1692
-1980
-1436
-652
-396
-460
-164
748
1820
2108
1980
2236
2492
2492
2236
2620
3644
4348
4092
3388
3004
3004
2876
2620
2492
2620
3004
3132
2876
2748
2620
2492
2236
2364
3132
3516
3132
2364
1980
2108
2236
2236
2364
2492
2364
2108
1884
1692
1628
1564
1500
1564
1756
1820
1372
620
372
748
1116
1244
1372
1436
1180
780
396
120
48
40
32
96
132
16
-356
-780
-1052
-988
-924
-924
-876
-652
-652
-876
-988
-620
276
1244
1884
1980
1692
1628
1372
492
-524
-812
-260
48
-324
-1116
-1628
-2236
-3132
-4092
-4604
-4604
-4604
-4860
-5116
-5116
-4860
-4860
-5372
-5628
-5372
-4860
-4860
-5116
-4860
-4604
-3900
-3388
-3004
-2748
-2236
-1756
-1372
-1116
-924
-988
-1500
-1980
-1692
-1180
-924
-1180
-1244
-748
-180
148
492
988
1564
1980
2108
2108
2364
2748
3004
3260
3644
4092
4092
3516
3004
2748
2620
2748
2748
2748
2748
2876
2876
2620
2620
2876
2876
2748
2748
2876
3004
2748
2364
2364
2492
2620
2620
2620
2620
2492
2364
2236
2236
2236
2236
2108
1756
1436
1372
1308
1116
988
924
988
1052
924
924
1052
1052
924
876
844
652
492
292
164
88
-72
-340
-716
-1052
-1372
-1244
-844
-428
-396
-652
-652
-228
524
1180
1628
1436
1180
844
260
-620
-1500
-1500
-1180
-988
-1436
-2108
-2492
-3132
-4092
-5116
-5372
-5116
-4860
-5116
-5372
-5372
-5116
-5372
-5628
-5628
-4860
-4604
-4348
-4348
-4092
-3644
-3132
-2876
-2492
-2236
-1980
-1756
-1692
-1756
-1372
-212
308
32
-812
-1180
-1180
-1308
-988
-132
1308
1980
1820
1436
1372
1692
1820
1756
2108
3132
3772
3516
3132
3260
3516
3132
2492
2364
2876
2748
2492
2364
2364
2620
2748
2748
2620
2876
2748
2492
2236
2876
3388
3132
2620
2492
2492
2236
1756
1628
1756
1980
1980
1980
1980
1692
1244
988
812
988
1308
1436
1564
1372
1180
1116
924
684
588
620
684
652
620
588
356
164
132
212
244
88
-132
-524
-876
-924
-748
-556
-460
-588
-780
-844
-396
588
1436
1692
1500
1308
924
260
-620
-1116
-780
-308
-460
-1180
-1884
-2364
-3132
-4348
-5116
-4860
-4348
-4348
-4604
-4604
-4348
-4604
-4860
-5116
-4860
-4604
-4604
-4860
-4604
-4092
-3772
-3388
-3132
-2876
-2364
-1980
-1980
-1756
-1308
-1052
-876
-56
924
924
-104
-1116
-1244
-1052
-748
-148
1052
2108
2364
1820
1180
1052
1564
2108
2364
3132
4092
3772
3132
2876
3260
3260
3004
2748
2876
3004
2876
2620
2364
2364
2748
3132
3260
3132
3004
2492
1884
2108
2748
2876
2492
2108
1820
1500
1052
780
876
1244
1564
1756
1692
1500
1052
556
260
164
460
716
620
372
212
48
-104
-24
164
460
524
324
56
-132
-80
-8
180
428
428
88
-524
-1180
-1372
-1052
-620
-276
-180
-244
-460
-356
276
1052
1436
1244
1116
1052
556
-396
-1244
-1244
-924
-876
-1372
-1756
-1884
-2236
-3388
-4348
-4348
-3900
-3772
-4348
-4604
-4348
-4604
-4860
-5372
-4860
-4604
-4348
-4604
-4604
-4092
-3388
-2876
-2620
-2236
-1628
-1180
-652
-48
340
-64
-924
-1244
-812
-356
-460
-428
132
492
196
-56
308
1180
1980
2364
2492
2748
2876
2748
2620
3004
3644
4092
4092
3772
3644
3516
3260
3132
3132
3388
3772
3772
3388
3004
2620
2364
2236
2492
2748
2620
1980
1372
1180
1308
1372
1372
1436
1500
1308
1052
844
684
556
396
372
492
556
372
-104
-716
-876
-492
-132
64
40
-32
-148
-196
-120
0
16
-96
-148
-8
64
-112
-492
-780
-812
-844
-748
-684
-716
-988
-1244
-1180
-924
-716
-876
-988
-652
16
652
812
492
196
112
48
-104
-308
-340
-324
-588
-1180
-1692
-1884
-2108
-2748
-3516
-4092
-3900
-3772
-3900
-4092
-4348
-4348
-4604
-4604
-4348
-4092
-3900
-3772
-3772
-3388
-2748
-2236
-2108
-1980
-1628
-1308
-1180
-748
-276
-180
-292
428
1628
1980
1180
40
-276
-48
356
988
2108
3132
3132
2364
1756
1980
2492
2876
3132
3644
4348
4348
3772
3260
3516
3772
3644
3516
3516
3260
2748
2108
1756
1820
2108
2492
2236
1980
1820
1500
1180
1180
1820
2108
1884
1436
1116
812
492
324
428
716
988
988
620
64
-308
-524
-588
-292
96
340
196
-112
-396
-372
-228
-112
-8
24
-56
-180
-356
-524
-620
-620
-460
-292
-372
-684
-1052
-1308
-1436
-1308
-1116
-988
-1052
-1116
-988
-620
72
524
324
8
164
228
-260
-1052
-1308
-924
-716
-1116
-1692
-1820
-1980
-2748
-3772
-4348
-4348
-4092
-4348
-4604
-4348
-4092
-4092
-4348
-4348
-4092
-3644
-3772
-3772
-3516
-2876
-2236
-1980
-1820
-1244
-748
-556
-428
-244
260
924
1180
1308
988
620
180
-32
356
1244
2108
2620
2748
2620
2620
2492
2492
2748
3132
3772
4092
4092
3900
3900
3772
3516
3516
3516
3516
3004
2620
2236
2108
2108
2108
2108
2108
2108
1884
1564
1308
1372
1564
1564
1436
1436
1180
684
340
212
212
372
620
716
492
196
-40
-180
-260
-212
-72
24
96
24
-132
-148
-132
-120
-64
8
180
132
-56
-276
-396
-324
-428
-428
-148
-64
-244
-524
-748
-780
-780
-876
-1052
-988
-812
-812
-988
-1116
-812
-340
-120
-48
-32
80
24
-148
-396
-652
-748
-876
-1180
-1500
-1820
-2108
-2364
-3004
-3772
-4092
-4092
-4092
-4348
-4348
-4348
-4348
-4092
-4348
-4092
-3900
-3644
-3388
-3260
-2876
-2492
-1980
-1756
-1564
-1308
-988
-620
-212
72
396
556
524
684
988
1180
1052
988
1180
1500
1884
2236
2492
2492
2492
2492
2620
2876
3260
3388
3388
3516
3772
3772
3388
3132
3132
3004
2876
2620
2492
2364
2236
2236
2108
2108
1980
1884
1628
1436
1436
1500
1372
1308
1372
1180
876
588
492
396
324
260
244
180
80
-48
-244
-460
-588
-556
-428
-292
-196
-112
-112
-132
-132
-48
80
148
196
260
292
276
104
-104
-196
-180
-148
-148
-132
-64
-244
-588
-812
-812
-748
-684
-652
-716
-748
-716
-356
80
396
396
148
-148
-324
-228
-96
-148
-244
-492
-876
-1436
-1980
-2492
-2748
-3004
-3260
-3516
-3772
-3900
-4092
-4348
-4348
-4092
-4092
-4092
-3772
-3516
-3260
-3004
-2748
-2364
-1980
-1564
-1244
-1116
-988
-780
-556
-148
244
780
1308
1436
1116
684
492
556
620
844
1436
2108
2364
1980
1564
1436
1756
2108
2492
2876
3260
3388
3132
2876
3004
3132
3132
3004
2876
2620
2236
1820
1500
1308
1308
1500
1564
1308
988
812
620
460
588
924
1052
748
396
120
-16
-244
-340
-164
64
228
148
-48
-244
-396
-460
-372
-148
148
324
324
260
308
396
460
556
620
684
588
588
588
492
356
428
556
556
524
492
460
292
64
-56
-24
-24
-148
-340
-460
-428
-308
-164
88
428
652
684
356
8
-148
-244
-260
-372
-428
-620
-1052
-1628
-2236
-2620
-2876
-3132
-3388
-3388
-3260
-3388
-3516
-3516
-3516
-3388
-3388
-3388
-3132
-2876
-2748
-2748
-2620
-2364
-1980
-1820
-1692
-1564
-1436
-1244
-924
-588
-308
-212
-180
-164
-244
-212
-56
244
556
844
1244
1564
1820
1884
1884
2108
2236
2364
2620
2876
3132
3132
3004
3004
2876
2748
2492
2236
2108
2108
1980
1756
1692
1692
1564
1372
1244
1244
1244
988
748
620
524
460
372
324
228
72
-64
-180
-180
-104
-32
8
8
24
0
-64
-120
-88
96
212
428
620
652
588
492
588
588
620
716
748
780
748
684
684
620
492
460
356
340
244
24
-56
-112
-196
-260
-228
-212
-260
-196
-80
40
164
228
228
112
-104
-356
-556
-684
-716
-844
-988
-1244
-1628
-2108
-2364
-2620
-2876
-3004
-3004
-3004
-2876
-2876
-3132
-3260
-3260
-3004
-2876
-2748
-2748
-2876
-2748
-2620
-2364
-2108
-1980
-1820
-1756
-1564
-1308
-1116
-988
-812
-556
-196
132
244
244
308
524
748
1052
1372
1564
1692
1692
1820
1980
2236
2492
2492
2620
2876
2876
2876
2748
2748
2620
2492
2364
2364
2236
2108
1980
1884
1884
1884
1820
1692
1564
1564
1372
1244
1116
1052
924
780
684
620
428
228
212
132
24
48
64
32
0
-96
-148
-40
56
132
164
212
340
340
244
228
260
324
292
292
276
212
120
16
32
-8
-48
-228
-356
-356
-396
-460
-620
-684
-780
-844
-924
-844
-780
-812
-716
-588
-492
-492
-492
-652
-876
-1052
-1116
-1244
-1372
-1500
-1628
-1756
-1884
-2108
-2236
-2364
-2364
-2492
-2492
-2492
-2492
-2364
-2492
-2492
-2492
-2364
-2364
-2364
-2364
-2236
-1980
-1884
-1628
-1436
-1308
-1244
-1052
-844
-684
-492
-428
-292
-132
24
196
340
524
780
988
1116
1436
1692
1820
1980
2236
2364
2492
2620
2620
2620
2748
2876
3004
3004
3004
3004
2876
2620
2620
2492
2492
2492
2364
2364
2236
2108
1980
1884
1692
1436
1308
1116
988
844
684
588
460
396
324
228
72
-112
-196
-164
-96
-48
-96
-112
-120
-196
-148
-148
-112
0
40
88
164
164
24
-148
-292
-396
-460
-460
-460
-524
-684
-812
-812
-812
-988
-1180
-1244
-1244
-1244
-1180
-1244
-1180
-1116
-1116
-1116
-1052
-924
-988
-988
-924
-924
-988
-1180
-1308
-1180
-1116
-1116
-1244
-1372
-1500
-1628
-1692
-1692
-1756
-1884
-1980
-2108
-2108
-2108
-2108
-2108
-2108
-1980
-1756
-1628
-1628
-1628
-1500
-1436
-1372
-1244
-1052
-988
-924
-812
-620
-372
-212
-196
-96
132
324
524
684
876
1052
1180
1308
1500
1756
1980
2108
2108
2236
2492
2620
2620
2876
2876
2876
2876
2748
2876
2876
2748
2620
2620
2620
2492
2364
2108
1980
1756
1692
1692
1628
1500
1308
1180
988
812
748
652
524
428
356
308
228
148
132
64
48
16
-72
-244
-340
-308
-212
-244
-372
-460
-372
-356
-428
-492
-460
-396
-492
-620
-684
-716
-812
-812
-844
-844
-844
-988
-1116
-1180
-1116
-1052
-1052
-1116
-1116
-1052
-1052
-988
-924
-844
-812
-844
-876
-988
-1052
-1244
-1372
-1436
-1436
-1436
-1500
-1628
-1628
-1756
-1884
-1884
-1756
-1756
-1820
-1980
-2108
-1980
-1820
-1756
-1628
-1564
-1436
-1244
-1180
-1116
-1116
-1116
-1052
-988
-812
-652
-556
-524
-460
-356
-276
-164
0
148
260
396
652
844
988
1116
1372
1628
1820
1980
2236
2236
2236
2364
2364
2492
2492
2620
2620
2620
2620
2492
2492
2492
2492
2364
2236
2108
1980
1820
1628
1500
1436
1372
1308
1244
1180
988
812
684
652
588
556
492
396
460
492
428
196
40
-16
-88
-180
-212
-260
-340
-396
-428
-356
-396
-428
-460
-428
-372
-340
-292
-340
-396
-492
-556
-652
-620
-460
-428
-492
-588
-556
-460
-620
-748
-780
-716
-748
-780
-748
-748
-780
-876
-988
-988
-924
-988
-1116
-1180
-1116
-1180
-1308
-1308
-1372
-1372
-1500
-1628
-1692
-1628
-1628
-1564
-1564
-1500
-1436
-1436
-1436
-1372
-1308
-1308
-1308
-1180
-1116
-1116
-1116
-1180
-1180
-1116
-1116
-1052
-924
-924
-844
-716
-588
-492
-460
-372
-180
24
164
324
524
716
812
924
1180
1372
1564
1628
1692
1820
1820
1820
1884
1980
2108
2108
2108
2108
2108
1980
1884
1820
1756
1692
1628
1564
1564
1564
1500
1372
1308
1308
1308
1244
1180
1180
1116
1052
1116
1052
924
748
556
428
356
292
164
-16
-96
-104
-112
-164
-244
-324
-372
-324
-260
-196
-180
-260
-308
-372
-428
-492
-524
-492
-524
-524
-356
-356
-492
-556
-556
-460
-524
-620
-652
-652
-556
-588
-652
-588
-588
-652
-716
-716
-684
-652
-716
-716
-588
-524
-556
-620
-652
-748
-748
-748
-812
-812
-780
-748
-812
-876
-876
-924
-988
-988
-924
-876
-844
-844
-876
-844
-924
-924
-812
-780
-748
-780
-924
-924
-876
-812
-748
-620
-428
-324
-228
-164
-8
72
104
180
324
524
716
812
812
876
924
1116
1180
1244
1244
1180
1180
1308
1436
1436
1436
1308
1244
1308
1244
1052
924
780
716
716
684
588
492
396
428
556
684
716
620
524
460
396
340
308
212
80
0
-64
-120
-132
-88
-112
-164
-180
-148
-196
-308
-324
-228
-132
-72
-56
8
-16
-104
-196
-228
-196
-72
48
48
112
228
244
164
212
276
244
148
120
196
132
-24
-148
-132
-96
-72
-96
-180
-244
-308
-340
-372
-428
-492
-588
-684
-780
-780
-780
-780
-844
-924
-988
-988
-1052
-1116
-1116
-1116
-988
-876
-748
-684
-620
-588
-620
-556
-492
-460
-492
-524
-492
-396
-292
-260
-244
-196
-120
8
104
104
148
244
340
356
428
492
588
716
812
988
1116
1180
1244
1244
1244
1244
1180
1052
988
988
1052
988
844
748
620
492
428
428
460
372
428
492
524
524
428
340
260
276
292
244
228
120
0
-132
-228
-292
-308
-260
-260
-324
-356
-396
-396
-428
-460
-428
-492
-556
-588
-492
-428
-372
-292
-244
-244
-324
-396
-428
-428
-356
-260
-196
-196
-212
-244
-308
-308
-324
-372
-460
-524
-460
-340
-292
-292
-292
-292
-324
-292
-228
-212
-180
-196
-212
-180
-180
-196
-260
-324
-396
-492
-556
-524
-460
-460
-492
-492
-460
-428
-460
-428
-396
-260
-64
56
96
80
16
-48
-40
8
72
80
80
104
180
244
212
180
244
340
428
460
460
428
428
524
652
716
780
844
924
1052
1052
1116
1116
1116
1116
1116
1116
1052
1052
988
988
924
924
924
844
748
684
588
524
492
492
492
396
340
260
180
132
64
40
16
24
24
-32
-88
-132
-180
-228
-292
-308
-324
-356
-396
-492
-556
-556
-588
-556
-556
-588
-620
-684
-716
-748
-812
-844
-876
-924
-876
-924
-924
-924
-924
-988
-988
-924
-876
-876
-876
-844
-812
-780
-748
-748
-652
-588
-588
-588
-556
-524
-556
-556
-460
-492
-492
-460
-428
-428
-396
-428
-396
-356
-292
-244
-212
-180
-132
-80
-96
-104
-40
40
132
180
228
260
276
292
324
396
428
428
428
460
524
524
428
396
492
524
556
652
652
684
716
748
844
924
924
924
988
1052
1180
1116
1116
1180
1180
1116
1116
1052
1052
988
988
1052
1116
1052
924
844
812
780
716
652
588
492
396
308
228
180
132
104
104
112
132
88
0
-40
-48
-56
-104
-196
-228
-276
-308
-372
-460
-588
-684
-684
-748
-780
-780
-812
-780
-748
-780
-812
-844
-924
-924
-924
-924
-876
-876
-844
-924
-924
-844
-844
-844
-812
-748
-748
-748
-652
-556
-524
-460
-460
-524
-556
-556
-588
-620
-556
-492
-428
-428
-428
-460
-492
-492
-460
-372
-340
-356
-356
-340
-308
-244
-228
-228
-212
-196
-196
-132
-16
16
8
88
196
308
356
324
276
244
260
308
340
356
396
428
492
492
556
556
524
588
716
780
812
812
844
876
876
924
988
988
988
1052
1052
1052
1052
988
988
924
924
876
748
684
716
684
588
492
492
492
460
340
228
132
56
-24
-72
-120
-104
-72
-112
-112
-88
-120
-180
-228
-228
-196
-212
-260
-324
-356
-396
-396
-428
-460
-460
-460
-460
-492
-556
-620
-684
-620
-588
-492
-492
-460
-428
-428
-396
-356
-308
-340
-372
-396
-356
-308
-260
-228
-164
-148
-212
-228
-244
-260
-228
-228
-212
-196
-164
-180
-196
-164
-120
-132
-180
-196
-196
-212
-244
-260
-260
-276
-308
-372
-372
-324
-308
-260
-228
-212
-196
-196
-180
-164
-148
-132
-72
-24
-16
-48
-80
-112
-72
-8
40
104
132
132
148
212
244
276
324
340
356
428
492
524
524
524
620
780
780
716
684
652
620
588
588
620
588
524
460
396
340
308
212
180
180
196
196
104
-8
-96
-80
-32
0
16
-24
-40
-80
-132
-164
-212
-244
-212
-180
-196
-244
-292
-276
-276
-292
-276
-276
-292
-308
-260
-180
-148
-120
-40
72
132
120
72
32
16
48
48
64
72
48
-8
-8
40
80
88
88
120
148
148
164
148
148
164
196
228
244
244
244
244
164
56
56
0
-112
-164
-212
-228
-244
-244
-260
-260
-260
-260
-244
-292
-324
-372
-396
-428
-396
-356
-356
-308
-292
-276
-260
-212
-228
-228
-244
-212
-196
-244
-228
-260
-244
-212
-180
-180
-148
-88
-32
40
72
96
148
212
276
372
372
292
228
148
180
212
196
196
164
112
24
8
40
24
8
40
64
80
56
-48
-72
-32
-16
16
40
0
-24
-64
-96
-64
40
88
56
32
8
-8
-8
-64
-32
8
48
88
72
56
32
0
-24
8
96
164
148
148
164
148
132
148
180
148
148
132
164
148
120
96
64
72
48
0
-40
-32
0
24
64
132
212
196
164
96
16
16
0
48
120
164
72
0
-8
-32
-72
-104
-56
-16
0
0
-24
-72
-96
-104
-88
-56
-32
-32
-56
-112
-148
-72
-8
0
32
72
24
-32
-8
56
72
80
104
112
96
88
112
120
120
56
24
48
56
48
0
0
0
0
-8
16
32
-8
-32
-56
-56
-56
-104
-212
-260
-212
-180
-180
-180
-180
-164
-148
-132
-80
-64
-88
-132
-212
-260
-276
-260
-276
-308
-276
-228
-244
-276
-228
-196
-244
-212
-148
-104
-56
-64
-96
-104
-48
32
80
112
104
112
120
80
104
96
72
96
132
196
132
48
32
0
-40
0
32
0
0
-8
-16
0
32
24
48
96
132
112
80
40
72
132
132
148
180
196
148
120
112
56
56
72
40
16
8
24
16
48
96
120
132
180
196
180
164
164
164
132
132
132
104
56
48
40
80
80
48
24
8
0
8
8
-8
0
0
16
-16
-40
-72
-112
-88
-48
-8
16
8
-16
0
48
72
104
132
164
180
164
164
164
148
148
148
180
180
148
64
0
-8
-16
-24
-24
0
-8
-72
-72
-56
-32
-24
-56
-48
-16
0
-48
-132
-180
-228
-244
-244
-212
-196
-196
-180
-148
-120
-164
-180
-244
-276
-276
-324
-340
-324
-292
-276
-228
-180
-164
-180
-228
-228
-180
-104
-24
8
8
16
-8
-40
-16
-32
-32
-16
16
48
72
48
0
-24
-16
0
48
80
80
88
56
40
32
64
104
56
16
56
104
104
104
132
164
180
180
132
104
56
32
48
64
88
72
8
-32
-64
-40
-48
-48
-56
-64
-72
-88
-64
-56
-72
-88
-88
-64
-24
8
40
88
96
96
132
164
196
212
196
228
292
308
292
292
292
292
276
260
228
180
104
48
96
112
80
32
24
48
56
72
120
148
132
104
72
0
-24
-32
-40
-56
-48
-56
-96
-112
-112
-132
-148
-180
-212
-180
-180
-132
-72
-72
-48
-72
-104
-132
-180
-196
-212
-228
-260
-292
-244
-196
-112
-32
0
0
0
0
-8
-32
-64
-64
-40
-8
-16
0
16
16
16
-8
0
-8
-64
-132
-132
-96
-112
-96
-64
-96
-148
-180
-180
-132
-164
-164
-148
-104
-48
-40
-56
-48
-40
0
32
64
56
-8
-120
-164
-148
-120
-120
-96
-104
-120
-112
-112
-72
-48
-48
-16
40
88
164
196
180
244
292
308
308
324
324
308
324
372
460
524
524
492
492
428
372
308
292
292
228
180
180
148
88
80
80
64
64
104
132
104
64
40
8
-24
-72
-96
-88
-88
-80
-64
-56
-24
-32
0
32
64
48
8
0
-8
-8
-64
-96
-120
-132
-164
-180
-196
-228
-228
-180
-148
-88
-40
-96
-112
-112
-104
-96
-112
-112
-164
-164
-164
-196
-212
-260
-260
-228
-228
-212
-164
-148
-164
-180
-180
-164
-180
-212
-276
-308
-292
-244
-196
-212
-196
-164
-148
-104
-24
16
32
8
0
16
0
-32
-40
-24
-24
-32
-56
-56
-72
-80
-48
-8
8
16
8
0
48
104
132
132
148
164
148
148
132
148
148
164
180
148
148
180
164
148
196
228
244
276
276
276
292
324
340
308
292
260
212
180
148
120
64
40
32
48
0
-24
-56
-80
-72
-96
-96
-48
-8
-8
8
56
72
88
132
164
148
132
132
96
72
40
24
-24
-24
-56
-56
-80
-96
-104
-132
-120
-104
-120
-148
-148
-164
-196
-212
-212
-212
-180
-132
-88
-112
-132
-132
-104
-88
-96
-96
-72
-88
-112
-120
-148
-148
-148
-164
-164
-132
-104
-72
-72
-96
-64
-16
0
8
32
16
16
40
24
8
0
16
24
-8
-32
0
0
40
112
148
164
148
120
96
112
132
132
104
104
104
64
56
48
64
72
96
104
132
104
56
48
40
72
88
104
104
112
96
72
48
48
96
148
148
148
132
88
48
24
0
16
32
-8
-64
-88
-132
-164
-180
-164
-148
-180
-164
-164
-132
-88
-56
-24
0
16
0
-24
0
8
0
-24
-24
-56
-64
-88
-148
-180
-196
-196
-180
-164
-132
-132
-180
-196
-196
-196
-212
-244
-212
-148
-88
-64
-56
0
16
56
104
148
180
164
148
164
196
180
228
260
260
180
164
164
164
180
196
228
212
164
132
148
112
64
72
88
148
164
164
164
148
148
132
132
148
132
80
64
48
24
-32
-56
-72
-48
-24
-48
-72
-104
-120
-132
-132
-112
-132
-164
-164
-180
-196
-196
-180
-196
-212
-196
-164
-164
-148
-164
-132
-80
-56
-48
-88
-112
-148
-148
-132
-120
-72
-40
-16
-40
-16
0
-16
-48
-56
-80
-120
-104
-96
-120
-132
-112
-88
-48
-24
-48
-32
0
8
0
8
32
64
72
88
104
88
64
40
72
96
112
72
32
0
-56
-88
-64
-24
0
0
16
24
32
64
56
32
40
72
104
112
120
164
164
196
228
228
228
228
228
196
196
180
148
112
104
88
80
56
48
56
16
0
0
32
56
72
112
88
96
88
88
96
96
80
56
40
24
32
32
48
64
80
120
132
96
48
0
-56
-64
-32
-32
-64
-80
-72
-80
-48
-24
-48
-96
-164
-164
-196
-212
-196
-180
-148
-148
-132
-112
-88
-104
-132
-88
-64
-56
-32
-48
-80
-96
-132
-148
-132
-148
-132
-120
-132
-132
-132
-164
-212
-228
-212
-196
-148
-120
-56
-8
-32
-48
-40
-8
0
-8
-40
-40
0
16
24
24
48
40
-8
-40
-24
-24
-48
-96
-112
-72
-48
-48
-72
-80
-56
-48
-48
24
80
112
132
180
228
244
244
228
260
276
260
228
196
164
180
164
148
148
164
148
120
120
112
148
148
132
148
148
112
120
132
132
120
112
72
8
16
24
24
8
16
16
32
16
-8
-16
-8
0
8
0
-16
-32
-56
-64
-80
-96
-72
-88
-120
-120
-148
-164
-196
-228
-212
-228
-244
-196
-164
-132
-104
-72
-56
-40
-16
32
40
24
8
24
