SAMPLES:	8645
BITSPERSAMPLE:	16
CHANNELS:	1
SAMPLERATE:	16000
NORMALIZED:	FALSE
-16
-16
-16
-16
-16
-8
-8
-8
0
0
0
8
0
8
16
16
24
24
16
16
8
8
16
16
24
32
40
40
48
48
40
48
56
48
48
48
48
48
48
40
48
40
40
48
48
56
56
56
56
56
56
56
56
56
48
48
40
32
32
32
32
24
24
32
32
24
24
16
8
8
8
8
0
0
-8
-8
-16
-16
-16
-24
-24
-32
-40
-48
-40
-48
-48
-48
-48
-56
-56
-56
-64
-64
-64
-64
-64
-64
-64
-64
-72
-64
-64
-64
-64
-56
-56
-56
-56
-56
-64
-64
-56
-56
-56
-48
-48
-40
-40
-40
-40
-32
-32
-24
-16
-16
-16
-16
-16
-8
-8
-8
-8
0
0
8
8
8
16
24
24
24
32
40
40
48
48
48
56
56
56
56
56
56
56
56
56
64
64
64
56
56
56
56
64
64
64
64
64
64
56
48
48
48
40
40
40
40
40
48
48
40
40
32
32
32
24
24
16
16
8
0
0
0
0
0
-8
-8
-8
-8
-8
-16
-24
-32
-32
-32
-32
-32
-40
-32
-40
-40
-40
-40
-40
-40
-40
-48
-40
-48
-48
-56
-56
-56
-64
-64
-64
-64
-48
-48
-40
-32
-32
-32
-40
-32
-32
-32
-24
-24
-16
-8
-8
0
0
0
0
0
8
8
16
16
16
24
24
32
32
32
32
32
32
40
40
40
40
48
40
40
40
40
40
40
40
40
40
32
32
32
24
24
24
8
8
8
0
0
-8
-16
-24
-16
-16
-24
-16
-8
-16
-16
-24
-24
-32
-32
-40
-40
-40
-40
-40
-40
-40
-40
-48
-40
-48
-48
-48
-56
-48
-40
-48
-32
-40
-48
-48
-48
-48
-40
-32
-32
-24
-24
-24
-16
-24
-24
-8
0
-8
0
0
0
0
0
-8
0
0
0
8
16
16
8
8
8
8
16
16
24
40
32
32
40
40
40
48
48
48
48
40
40
40
40
48
48
56
56
56
56
56
64
64
64
56
48
48
40
40
40
40
48
48
48
48
48
40
48
48
48
48
40
40
40
40
40
40
40
32
32
32
24
16
8
8
0
8
8
8
16
8
8
0
0
0
0
-8
-16
-24
-24
-32
-32
-32
-40
-40
-48
-40
-48
-56
-56
-56
-64
-56
-64
-64
-80
-80
-88
-96
-88
-88
-88
-80
-88
-80
-80
-88
-88
-88
-80
-80
-80
-80
-72
-72
-72
-72
-64
-64
-56
-56
-48
-40
-40
-24
-24
-16
-8
-8
-8
0
0
0
0
0
0
0
8
16
24
24
32
32
40
48
40
48
48
48
56
56
56
56
56
56
64
64
56
56
56
56
56
48
48
40
40
40
32
32
32
24
24
24
24
24
16
16
16
16
16
16
16
8
8
8
0
0
0
0
0
0
0
0
0
8
0
0
8
0
0
0
0
8
8
8
8
8
8
0
8
0
0
0
0
0
0
0
0
8
8
8
8
8
8
8
8
8
8
8
0
0
0
0
0
0
0
0
0
0
8
0
0
0
0
0
0
0
0
0
0
0
0
0
0
0
0
0
-8
0
0
-8
-8
-8
-16
-16
-16
-8
-8
-8
-8
-8
-8
-16
-24
-24
-24
-24
-24
-24
-32
-32
-32
-24
-32
-24
-16
-24
-24
-24
-16
-24
-24
-24
-24
-24
-32
-32
-32
-40
-40
-40
-40
-40
-40
-40
-40
-32
-32
-24
-32
-24
-24
-24
-24
-24
-24
-24
-16
-16
-16
-16
-16
-8
-16
-8
0
0
0
0
0
0
0
0
0
0
8
0
0
16
16
16
16
16
16
24
32
24
32
32
40
48
48
40
48
40
48
48
48
48
48
48
48
48
48
56
56
56
56
48
48
56
56
56
56
56
56
56
56
64
56
56
56
56
56
56
56
48
48
48
40
32
40
32
32
32
24
8
8
8
8
8
8
0
0
0
-8
-16
-16
-24
-32
-32
-40
-32
-40
-48
-56
-64
-64
-64
-64
-72
-72
-80
-80
-80
-80
-88
-80
-80
-88
-88
-80
-88
-80
-80
-80
-72
-72
-72
-64
-64
-64
-56
-56
-48
-40
-48
-40
-40
-40
-32
-32
-24
-16
-8
0
0
0
8
8
8
16
16
16
8
8
16
24
16
16
24
24
24
24
32
40
32
40
32
40
40
40
40
40
32
32
24
32
40
32
32
32
32
24
32
16
32
32
24
24
32
16
32
64
48
16
-16
16
16
0
-16
0
40
32
8
-8
8
32
16
0
0
24
16
-8
-8
24
16
0
0
0
0
-8
-8
-8
0
0
0
-8
0
0
0
0
0
0
0
-16
-24
-8
-16
-24
-16
-16
-8
-8
-16
-8
0
-16
-16
-8
-16
-16
-8
-8
-8
0
0
0
-8
0
-8
0
0
0
0
0
-8
-8
0
0
0
-8
0
0
0
0
8
16
8
0
0
0
0
0
0
0
0
8
0
0
0
0
0
0
8
8
8
16
8
16
8
0
8
8
0
0
8
16
0
8
8
16
8
16
0
32
40
-24
-16
0
16
0
-16
16
24
8
-8
-32
-16
8
-16
-8
0
8
-16
-32
-16
0
-8
-24
-24
-16
-8
-48
-32
-16
-16
-32
-32
-16
-16
-24
-40
-32
-24
-16
-24
-32
-40
-32
-8
-16
-16
-8
-8
-24
-32
-8
0
0
0
0
16
0
0
16
32
16
8
24
32
24
16
16
40
56
16
16
56
56
24
8
48
48
48
40
0
40
64
24
-16
32
56
24
16
8
24
16
8
16
16
16
48
8
-16
16
0
0
0
0
8
0
16
-16
-16
-16
0
-32
-24
-40
-24
-8
-40
-48
-16
16
-48
-24
-16
0
-16
-48
-24
-16
0
-56
-48
0
8
-32
-40
0
-8
-8
-56
-48
-24
16
-8
-56
8
0
0
-32
-24
-16
16
0
-48
0
8
0
-8
-32
-32
32
32
-48
-8
56
40
-16
-16
0
40
40
-48
-64
56
40
-56
-8
48
64
8
-40
-16
56
48
-56
0
48
56
0
-32
-8
16
40
-8
-32
16
72
0
-16
8
24
16
16
0
-24
56
8
-24
0
48
-16
-16
32
-8
24
8
24
16
64
48
-16
40
0
16
16
8
-8
16
40
24
-8
0
56
16
32
-48
32
48
24
-24
-48
48
24
40
-96
0
96
16
-112
-40
24
-8
-16
-96
0
0
32
-56
-24
24
-24
-24
-48
-40
-32
-48
-32
0
-32
-80
-64
0
-40
-72
-56
-16
-8
-72
-88
-24
40
-16
-112
-40
40
-16
-72
-40
0
8
-8
-72
-40
80
80
-48
-72
88
16
-56
0
0
32
72
-8
-8
32
88
-32
16
104
24
-8
-8
56
8
40
-8
24
48
80
48
-40
48
48
8
-16
8
8
8
16
48
24
96
40
-56
40
24
8
-40
64
-40
-24
64
32
16
8
64
0
96
24
-64
-8
32
48
-32
40
-24
0
72
32
-8
0
24
0
32
0
16
16
-24
-24
0
72
8
-80
-16
72
88
-96
-148
0
148
24
-148
-80
132
132
-120
-112
8
132
-80
-180
-80
88
148
-96
-132
24
164
16
-120
-164
8
196
32
-196
-164
132
112
-48
-164
-72
164
72
-260
-164
112
24
-148
-104
24
120
40
-164
-164
132
96
-112
-164
8
64
-112
0
-32
24
64
-64
-72
80
16
-148
-72
32
48
-96
0
48
0
24
-16
96
-16
-24
24
-88
-8
96
8
-148
-72
96
148
56
-96
-104
32
112
48
-112
-8
40
88
48
-32
24
72
24
-40
120
56
-8
-72
-16
104
80
-24
-40
24
-24
132
-64
0
-16
80
48
-40
-40
-40
64
0
-40
8
196
-148
-40
8
96
0
32
32
-80
88
-48
-48
-8
72
48
40
80
-64
-24
40
0
-24
24
56
-16
40
-56
40
88
-56
48
48
32
-48
-148
0
96
132
-24
-72
56
164
-212
-196
104
164
8
-56
104
40
-64
-120
-120
40
228
-24
-148
40
148
-8
-64
80
88
-64
-148
-120
32
-32
-32
-8
96
180
-40
-96
-164
80
16
-96
-56
56
56
-132
64
-64
88
32
-80
-48
-48
0
-164
120
-40
-16
112
104
-32
-132
132
-164
-72
56
-16
-24
-40
-24
24
72
-64
-64
8
24
-16
-8
0
-56
64
-148
8
56
8
-88
-80
-24
32
260
-340
-120
228
260
-228
-260
148
-132
32
-88
-16
104
308
-112
-460
260
340
-196
-308
56
228
148
-148
-276
96
340
-8
-308
72
324
-120
-260
-164
292
428
-228
-148
212
460
56
-324
-212
112
244
-80
-72
228
64
-180
32
324
148
-112
-260
-48
292
80
-308
-56
244
120
104
-132
180
-24
-292
-40
96
228
-180
-40
112
212
148
-180
-308
-64
260
-132
-88
-88
24
40
-132
196
-80
-104
-32
-196
132
0
-132
-24
-96
0
-96
120
16
-460
-104
396
64
32
-244
-228
-56
132
180
-356
16
244
32
-64
-80
-292
-180
244
64
-56
260
164
-260
-164
64
148
0
-228
-196
212
196
-16
-212
-32
276
56
0
-64
-40
-48
0
104
112
64
132
-260
16
132
80
120
-228
120
164
324
24
-212
-104
260
180
104
148
-244
32
56
0
-88
132
48
0
340
-72
48
148
-164
-428
40
460
112
-164
-72
-132
340
292
-556
-164
324
112
-180
-292
180
56
-180
8
56
428
-196
-492
-164
120
180
-244
-164
24
148
56
-228
48
0
-104
-120
104
112
-292
-276
-32
72
-132
356
-56
-164
212
0
0
-96
16
-340
96
684
-148
-324
32
0
72
24
-16
-24
180
16
-292
-112
396
276
-292
-260
260
460
-180
-588
-132
372
428
-244
-340
228
164
-276
-396
32
324
180
-524
-56
620
148
-396
-556
56
588
-24
-524
-260
180
56
-164
180
276
180
-244
-372
-180
212
228
-428
-164
372
588
-40
-372
-196
32
148
-308
-120
56
276
48
72
180
148
40
-356
-324
276
88
-228
-292
88
428
276
-24
-132
-244
-56
180
-292
-276
0
276
24
212
-64
88
8
-460
-40
148
276
-80
-148
64
372
340
-396
-244
-56
340
88
-356
148
148
24
-112
40
260
-228
-96
164
112
0
-16
-212
260
356
-120
-56
-132
8
0
80
292
112
-80
-180
120
396
-132
-276
-112
460
324
132
-180
-112
132
-64
40
56
308
-8
132
24
-56
228
-88
-340
-24
396
164
56
64
-164
-276
228
180
-324
72
96
-196
112
196
8
-244
56
-32
-396
260
-8
-556
72
396
32
-276
-356
-56
16
-180
-180
-16
196
-48
-460
-212
-8
132
-228
-396
132
244
-148
-196
-228
-48
0
-292
164
180
-132
-308
-356
228
244
-492
-260
292
112
-164
-292
-8
104
32
-164
-180
372
48
-556
-88
396
148
-148
-212
-96
228
212
-396
-308
492
372
-164
-88
276
64
-228
-80
-132
292
428
-180
-212
340
588
-88
-324
-24
48
180
64
-228
132
428
24
-212
260
324
-96
-292
-48
212
56
-56
-24
228
324
148
-276
-32
228
88
-16
-32
356
88
-180
-40
164
324
-148
-112
260
492
324
-120
-396
-96
308
228
0
-24
492
324
-96
-72
80
104
-56
-72
196
428
260
-340
-428
292
428
32
-244
-88
212
260
-40
-324
-244
64
72
-104
88
164
40
-276
-180
244
0
-324
-292
-196
48
-56
-40
-148
-244
0
32
-48
-196
-396
-460
-148
32
196
-196
-180
-48
-132
-244
-324
-8
-104
-396
-180
-16
0
-88
-356
-180
80
148
-228
-460
-132
132
-16
-356
-492
292
492
-292
-260
-96
0
-244
-276
16
260
356
88
-276
-40
148
-72
-244
-132
196
196
180
-8
-40
244
164
-164
-120
244
292
-132
-132
180
340
372
132
196
212
148
-88
-308
-132
292
492
228
132
196
164
-148
-292
-56
120
324
292
96
0
56
132
-64
-56
72
80
104
180
228
308
244
-24
32
228
72
-180
-56
340
324
72
88
228
196
-112
-212
-132
64
72
16
132
196
228
64
-228
-372
-148
40
-64
-164
56
196
228
24
-340
-292
-164
-16
164
96
-96
-148
-104
-212
-196
-104
-196
-164
-56
-196
-356
-244
-180
-40
88
196
32
-460
-524
-308
104
24
-72
32
80
16
-96
-104
-228
-244
-80
356
276
80
-56
-276
-164
72
120
-96
-132
8
0
-56
-56
-112
-16
32
-96
0
96
-196
-396
-180
228
244
-104
-244
32
228
-16
-428
-356
16
180
64
104
396
276
-164
-292
-164
164
164
-64
88
276
396
104
-148
16
164
180
64
56
148
164
324
132
-24
148
104
-24
-32
0
32
80
228
308
104
24
104
-56
-244
-80
212
260
132
164
212
72
-164
-212
-72
48
164
104
8
64
180
8
-112
80
228
24
-308
-180
120
228
-56
-132
48
212
104
-148
-148
72
132
-48
-64
24
120
-56
-244
-88
40
-40
-228
-132
132
56
-196
-244
-32
80
-48
-196
0
148
0
-180
-164
-16
-32
-148
-228
-180
40
132
-32
-228
-64
80
-24
-112
-104
-32
16
96
120
96
0
-24
0
0
32
-32
0
16
80
56
16
56
0
-80
-148
96
112
0
0
-8
8
-40
-88
-104
-72
-196
-212
-56
180
112
-148
-64
16
120
-48
-164
-8
16
-24
-164
-180
-24
80
-56
-96
56
148
-56
-292
-164
72
148
88
104
8
-16
0
0
-24
-104
-96
-16
148
64
16
-56
-80
-64
72
0
-64
32
0
24
32
64
-8
0
0
72
112
48
-56
-148
0
8
96
132
104
164
72
48
-72
-132
-196
-88
96
212
244
80
-96
-132
0
0
-32
-56
48
196
120
48
-32
48
132
112
112
24
-24
-72
-32
148
244
180
88
0
64
104
-8
-16
96
88
112
164
148
-8
-132
-64
-56
40
40
40
24
-8
8
120
80
0
72
40
40
24
-48
-164
-96
56
164
72
-56
-32
8
-8
-96
-164
-64
0
-88
-80
-8
40
40
-16
-120
-72
-96
-80
-164
-148
-64
-64
8
0
-64
-88
8
-16
-120
-164
-72
-24
-120
-96
-48
80
8
-132
-228
-180
0
-8
-40
0
16
-32
-120
-212
-148
32
48
-32
-24
80
-48
-228
-148
48
132
-16
-56
0
-8
-48
-32
0
48
104
24
8
64
-24
-196
-104
196
260
180
16
-56
-72
-96
-24
-8
56
148
120
24
40
40
-80
-48
16
132
132
88
0
16
48
-8
16
72
148
148
88
104
112
88
-16
-96
56
228
148
56
104
120
24
-72
0
132
212
164
32
16
88
56
-48
-8
80
148
104
-48
-212
-180
-40
0
0
80
164
72
-120
-244
-180
-64
-40
-8
80
64
8
-132
-228
-164
-40
16
56
72
48
-8
-80
-132
-72
-8
8
88
96
48
-24
-112
-120
-56
56
164
112
80
-40
-132
-48
32
96
64
132
164
16
-148
-292
-260
-80
88
148
104
48
-96
-212
-276
-196
-24
96
72
16
88
16
-96
-180
-148
32
104
16
-32
0
64
-8
-64
0
32
72
8
-16
16
0
-104
-120
-48
72
120
0
-104
-112
-80
-56
-104
-48
132
180
8
-112
-72
-72
-132
-132
-24
8
-8
-80
-180
-112
-40
-48
0
48
48
16
-80
-88
16
24
40
32
72
48
-16
-8
0
104
96
56
56
164
148
56
56
72
120
112
104
48
88
212
212
72
24
16
0
16
0
8
56
132
96
8
40
80
56
-8
0
24
40
-8
-88
-72
-24
-32
-48
-72
-8
24
8
-16
0
16
-8
-80
-48
40
-24
-40
-24
8
-40
-48
-64
-132
-80
-16
64
80
80
64
0
-96
-148
-120
-72
0
0
0
-64
-80
-148
-164
-132
-132
-16
40
48
-80
-132
-40
0
8
48
56
-24
-96
-148
-88
24
148
228
180
132
0
-120
-180
-72
64
164
196
212
164
0
-132
-132
-16
0
32
64
112
180
112
-16
-88
-8
112
148
32
-8
-8
0
-48
-16
32
56
64
-72
-88
-120
-48
-48
-96
-96
32
148
8
-64
-96
-48
-24
-32
-8
24
64
0
-132
-180
-132
-16
-16
0
32
32
-64
-180
-132
-56
80
164
228
180
132
32
-24
-16
-40
64
96
196
148
88
72
16
-40
-32
0
0
96
64
72
40
56
72
56
0
-16
56
32
64
40
8
0
0
0
0
-56
-72
-72
-80
-48
-48
-56
-80
-132
-120
-112
-96
-148
-164
-104
-64
-32
-64
-80
-88
-112
-132
-112
-56
0
16
24
80
132
88
-40
-96
-56
-32
-24
0
40
72
32
0
-32
-40
8
64
96
132
196
244
196
120
120
180
164
72
32
8
56
80
96
112
120
120
40
40
80
64
-32
-64
32
96
112
32
-8
-64
-104
-104
-72
-48
-80
-80
-96
-72
8
-56
-180
-148
-104
-120
-148
-196
-196
-148
-112
-112
-80
-80
-132
-228
-244
-180
-104
-132
-196
-132
-72
-56
-104
-180
-132
-96
-80
-32
0
-24
8
80
72
32
24
8
16
8
48
48
96
148
164
244
324
324
228
180
260
292
292
244
260
308
260
164
148
212
180
164
196
292
276
196
132
96
112
96
104
72
104
132
112
56
16
8
-40
-24
-32
-40
-72
-96
-80
-96
-148
-212
-180
-228
-276
-260
-244
-228
-244
-228
-244
-196
-212
-228
-292
-356
-356
-308
-276
-244
-180
-180
-228
-324
-396
-372
-324
-276
-212
-104
-80
-180
-196
-180
-96
-104
-148
-72
88
96
72
64
132
244
260
164
80
180
180
148
148
292
460
492
396
356
340
340
244
96
112
356
556
524
396
324
324
244
96
132
324
396
324
276
276
276
120
-88
-164
-132
-72
-196
-276
-276
-180
-196
-324
-340
-356
-356
-396
-372
-292
-164
-148
-212
-212
-244
-276
-292
-324
-308
-180
-132
-148
-180
-132
-64
-96
-88
-56
-64
-88
-72
-32
48
120
112
40
-8
-40
-80
-104
-96
-16
56
120
164
228
228
164
0
-88
-16
180
260
292
260
228
180
120
48
-8
88
212
308
372
460
492
324
180
180
292
260
196
148
276
396
356
228
104
148
64
0
0
80
212
308
276
196
292
244
276
340
460
620
588
428
212
164
120
56
-96
-212
-196
-164
-244
-396
-492
-588
-716
-988
-1052
-1052
-1116
-1116
-1052
-988
-988
-1052
-1180
-1244
-1180
-1180
-1180
-1180
-1052
-988
-876
-812
-716
-716
-780
-780
-748
-620
-556
-460
-372
-396
-460
-428
-340
-228
-148
8
276
428
556
556
620
716
780
844
924
924
988
924
924
1052
1180
1244
1180
1116
1180
1116
988
924
924
988
1116
1308
1436
1244
988
812
716
716
684
684
716
876
876
812
620
460
308
396
620
924
1116
844
876
1244
2108
2876
3004
2876
2364
2236
2236
1756
988
524
684
988
748
-180
-1052
-1564
-1820
-2492
-3132
-3388
-3388
-3260
-3516
-3516
-3260
-3260
-3516
-3644
-3388
-2748
-2236
-2620
-2748
-2236
-1564
-1180
-1116
-1244
-588
748
1564
1116
-260
-1052
-1436
-1436
-1436
-1180
-556
-460
-1052
-1756
-1820
-1500
-988
-924
-492
428
988
652
72
164
652
1180
1116
988
924
620
180
-56
-24
340
844
988
924
844
652
244
-80
164
780
1180
1116
780
492
324
164
148
652
1436
1980
2236
1884
1500
1244
1116
988
924
1244
1500
1372
988
844
1244
1756
2108
2108
2108
2492
3516
5116
6396
6396
5116
3132
1980
1884
1884
1628
1500
1820
1884
780
-1308
-3004
-3516
-3388
-3516
-3644
-3388
-3004
-3260
-3772
-4092
-3900
-3772
-4348
-4604
-4092
-2876
-2236
-2364
-2748
-2236
-1308
-924
-1244
-1628
-1692
-1436
-1116
-428
212
72
-652
-1500
-1756
-1884
-2364
-2876
-2620
-1308
212
924
556
-340
-988
-1180
-1052
-372
652
1116
1244
1180
1052
652
-88
-924
-1372
-1116
-428
-80
-340
-844
-988
-556
-56
492
780
716
492
428
716
1180
1436
1500
1628
1500
1308
1052
844
780
924
1372
1884
2364
2236
1884
1372
1052
1052
1244
1436
1564
1564
1628
1980
2620
3132
3004
2876
2748
3516
5116
6652
7164
5884
3900
2364
2108
1980
1628
1372
1564
1820
1180
-588
-2492
-3388
-3644
-3900
-4092
-3900
-3516
-3516
-4092
-4092
-4092
-4092
-4604
-5116
-4860
-3900
-3132
-3004
-3132
-2748
-1820
-1116
-1116
-1628
-1884
-1756
-1436
-1116
-876
-924
-780
-148
48
-588
-1692
-2364
-2364
-1980
-1116
-80
1052
1116
228
-924
-1564
-1564
-1372
-1116
-396
844
988
276
-716
-1180
-1116
-748
-212
132
372
180
0
-104
164
684
1244
1372
1372
1756
1884
1756
1628
1884
2236
2492
2236
1756
1372
988
716
620
876
1500
1980
2236
1980
1820
1756
1692
1436
1308
1628
2108
2364
2620
3004
3260
3132
2876
2876
3772
5372
6396
6396
4860
2876
1756
1436
1372
988
812
1052
1052
-16
-2108
-3772
-4348
-4348
-4604
-4604
-4348
-3772
-3900
-4348
-4604
-4348
-4348
-4604
-4860
-4348
-3260
-2620
-2620
-2620
-2108
-1180
-684
-844
-1180
-1244
-1180
-1052
-748
-620
-748
-1116
-1436
-556
428
120
-1116
-1884
-1436
-588
16
-72
8
212
-132
-988
-1628
-1372
-652
-212
-292
132
460
-276
-1244
-1372
-492
396
620
148
-88
-40
0
-8
-16
196
748
1308
1500
1692
1692
1244
684
844
1692
2108
1756
988
620
556
652
716
716
1052
1436
1820
2108
2108
1980
1500
1180
1244
1884
2492
2876
3132
3388
3644
3644
3516
3644
4860
6396
6908
5628
3516
2236
1884
1884
1628
1372
1692
1820
844
-1116
-3004
-3772
-3772
-3900
-4092
-3772
-3260
-3388
-4092
-4348
-4348
-4348
-4604
-4860
-4348
-3260
-2364
-2364
-2620
-2364
-1500
-780
-716
-1116
-1372
-1372
-1180
-812
-716
-988
-1052
-748
-716
-1244
-1980
-2492
-2620
-2236
-1308
-164
620
104
-1052
-2108
-2236
-1820
-1372
-876
-24
812
748
-56
-844
-1052
-1052
-812
-276
292
556
292
-132
-524
-460
-88
396
684
1052
1372
1372
1116
924
1180
1500
1500
1308
1116
876
652
652
748
1052
1372
1628
1628
1564
1564
1564
1628
1628
1692
1820
1980
1980
2108
2364
2876
3132
3260
3388
3772
4860
5884
6652
5628
3772
2236
1820
2236
2236
1980
1820
1980
1628
0
-2108
-3388
-3516
-3388
-3388
-3388
-3004
-2876
-3388
-4092
-4348
-4092
-4092
-4348
-4348
-3516
-2364
-1980
-2236
-2364
-1756
-1052
-780
-1052
-1372
-1244
-988
-748
-844
-588
-324
-748
-1500
-2236
-2236
-2236
-2492
-2364
-1500
40
780
340
-924
-1692
-1980
-1884
-1564
-684
524
988
652
-72
-396
-556
-780
-876
-460
276
780
716
164
-228
-148
228
620
924
1244
1436
1372
1244
1308
1500
1564
1436
1116
924
620
524
396
428
748
988
1052
988
988
780
748
684
684
988
1244
1436
1308
1372
1692
2364
3004
3260
3516
3900
4860
5884
6396
5628
3772
2236
1756
1980
1980
1884
1756
1692
1116
-524
-2492
-3516
-3644
-3644
-3772
-3644
-3260
-3004
-3388
-4092
-4092
-4092
-4092
-4348
-4092
-3132
-1980
-1692
-1980
-1980
-1500
-812
-588
-844
-1052
-988
-748
-492
-132
-64
-588
-1308
-1820
-1820
-1756
-1884
-2108
-1756
-716
212
492
-48
-716
-1116
-1244
-1244
-748
148
748
780
620
372
-56
-524
-844
-780
-276
428
684
428
32
-180
-104
96
308
652
1052
1308
1372
1436
1436
1308
1116
1116
1052
924
652
492
492
684
748
684
652
684
588
556
556
588
748
876
1116
1244
1436
1564
1884
2364
2876
3388
3516
3900
4860
5884
6396
5372
3388
1980
1628
1756
1692
1564
1628
1692
924
-924
-2748
-3516
-3644
-3644
-3772
-3388
-2876
-2748
-3260
-3900
-4092
-4092
-4092
-4348
-3900
-2876
-1980
-1820
-1980
-1820
-1308
-780
-780
-1052
-1180
-924
-652
-460
-396
-652
-684
-924
-1244
-1564
-1884
-2108
-2364
-1980
-1180
32
844
492
-428
-1244
-1564
-1436
-988
-428
556
1116
988
524
164
-80
-356
-372
-56
620
876
716
276
-24
8
324
748
988
1180
1244
1180
1180
1372
1436
1308
1180
1116
1052
780
524
372
372
588
924
1116
988
812
716
652
748
812
844
988
1180
1500
1820
2492
3132
3516
3516
3644
4348
5372
5884
5372
4092
2876
2236
2108
1884
1564
1372
1308
780
-396
-1980
-3132
-3644
-3772
-3900
-3772
-3388
-3260
-3388
-3772
-4092
-4092
-4092
-4092
-3900
-3260
-2364
-1884
-1884
-1980
-1692
-1244
-924
-876
-1052
-1180
-1244
-1244
-1052
-1308
-1820
-2236
-1980
-748
-260
-924
-2108
-2236
-1628
-924
-556
-148
620
812
8
-924
-1116
-556
-48
0
372
1244
1372
556
-324
-196
396
876
812
524
524
428
212
-88
96
652
1244
1564
1692
1820
1756
1308
1052
1436
1884
1884
1372
780
460
260
180
148
212
460
876
1052
1052
988
652
460
356
652
1308
1884
2236
2492
3004
3260
3260
3260
3900
4860
5628
4604
3132
2108
1756
1692
1244
988
1180
1372
524
-1052
-2492
-3388
-3644
-3900
-4092
-3644
-3004
-2748
-3132
-3516
-3644
-3644
-3900
-4092
-3516
-2492
-1884
-1820
-1884
-1884
-1564
-1244
-1180
-1180
-1244
-1180
-988
-844
-924
-1308
-1756
-1980
-924
-24
-396
-1628
-2364
-1980
-1180
-716
-588
260
588
24
-844
-1244
-684
-112
72
196
988
1372
716
-196
-276
340
684
716
620
716
716
460
148
32
396
1116
1692
1980
2108
1980
1436
1116
1180
1628
1820
1500
1116
924
652
524
492
460
556
748
988
1116
1308
1116
988
812
780
1116
1564
2108
2492
3004
3388
3260
3388
3772
4348
4860
4348
3260
2364
1980
1692
1308
988
924
844
196
-988
-2108
-2748
-3132
-3388
-3644
-3388
-3004
-2876
-3132
-3260
-3388
-3388
-3516
-3516
-3132
-2492
-1980
-1628
-1564
-1628
-1436
-1244
-1244
-1180
-1116
-1116
-1052
-988
-1180
-1436
-1884
-1820
-1244
-876
-780
-1244
-1500
-1564
-1436
-1308
-924
-340
-80
-228
-748
-1052
-1116
-988
-844
-356
372
492
112
-292
-292
-48
244
372
460
524
396
340
260
132
164
492
924
1308
1628
1692
1372
1052
1116
1244
1308
1244
1052
924
652
588
684
748
780
924
1116
1244
1436
1372
1308
1180
1116
1308
1628
1980
2108
2492
2876
3260
3388
3388
3772
4604
4860
4092
3132
2492
2236
1756
1052
524
716
780
228
-780
-1756
-2236
-2748
-3260
-3516
-3132
-2748
-2876
-3132
-3132
-3004
-2876
-3132
-3516
-3132
-2364
-1692
-1436
-1436
-1308
-1244
-1116
-876
-652
-652
-876
-988
-924
-876
-1116
-1500
-1980
-1564
-228
324
-396
-1820
-2364
-1980
-1564
-1244
-748
356
716
-180
-1372
-1820
-1308
-684
-396
24
988
1116
396
-324
-112
460
652
396
356
684
748
460
-56
-212
308
1180
1628
1692
1692
1372
844
748
1116
1564
1436
924
460
428
340
340
396
492
780
1116
1372
1244
844
524
588
924
1244
1756
2236
2492
2620
2748
2748
2620
2876
3644
4092
3772
3004
2492
2364
1884
844
64
24
324
64
-844
-1692
-1980
-2236
-2876
-3388
-3388
-2876
-2748
-2876
-3004
-2620
-2364
-2492
-2876
-2876
-2236
-1564
-1372
-1372
-1308
-1052
-924
-924
-924
-844
-876
-988
-1052
-1116
-1180
-924
-460
-492
-1116
-1980
-2236
-2108
-1884
-1692
-1116
-340
0
-244
-812
-1052
-1116
-988
-876
-396
396
812
716
372
212
276
292
148
260
556
812
812
652
652
812
924
924
1116
1372
1564
1564
1564
1756
1820
1500
1052
876
876
844
620
524
780
1180
1436
1308
988
844
876
924
988
1116
1372
1500
1436
1628
2108
2492
2748
2876
2876
2748
2876
3388
3772
3516
2620
1980
1756
1628
988
212
-112
-8
-40
-684
-1628
-2236
-2492
-2748
-3004
-3132
-3004
-3004
-3132
-3132
-2748
-2364
-2364
-2876
-3004
-2620
-1980
-1436
-1436
-1500
-1436
-1116
-876
-684
-588
-844
-1244
-1372
-1244
-924
-988
-1436
-1756
-1692
-1500
-1308
-1500
-1692
-1564
-1116
-844
-780
-588
-492
-652
-924
-876
-620
-292
-164
-112
24
180
132
-32
-56
40
244
356
460
620
780
876
924
988
1244
1436
1436
1244
1244
1308
1308
1308
1244
1180
1180
988
748
780
876
876
924
988
1116
1180
1180
1180
1180
1244
1116
1244
1308
1500
1980
2492
3004
3388
3132
3004
3260
3772
3900
3132
2364
2108
2236
1820
988
324
88
-148
-780
-1564
-1980
-2108
-2364
-2748
-2876
-2748
-2620
-2876
-3132
-3004
-2620
-2492
-2492
-2620
-2364
-1756
-1372
-1116
-1052
-812
-524
-260
-196
-460
-844
-1244
-1372
-1372
-1436
-1628
-1756
-1756
-1820
-1980
-1980
-1884
-1692
-1436
-1116
-924
-844
-844
-748
-556
-372
-292
-324
-340
-292
-132
16
180
260
164
164
372
620
780
748
588
620
924
1244
1308
1180
988
1052
1180
1308
1244
1244
1308
1372
1436
1436
1308
1052
876
716
924
1116
1180
1052
812
748
844
1052
1052
1180
1308
1372
1564
2108
2876
3260
3132
2492
2620
3260
3388
2876
2108
1692
1628
1180
460
-96
-324
-492
-1116
-1884
-2236
-2236
-2364
-2620
-2748
-2492
-2364
-2620
-2876
-3004
-2620
-2364
-2492
-2492
-2108
-1500
-1052
-1116
-1372
-1308
-1052
-844
-812
-876
-988
-1116
-1308
-1308
-1244
-1308
-1692
-1980
-1820
-1308
-924
-988
-1180
-924
-428
-244
-164
-112
-72
-96
-48
196
308
308
132
24
120
308
524
492
292
292
492
780
924
924
876
780
716
876
1244
1372
1308
1116
1116
1244
1372
1372
1180
1180
1308
1500
1500
1308
1052
812
684
620
844
924
924
876
924
1180
1244
1500
1820
2364
2620
2492
2492
2620
2876
2748
2236
1756
1756
1628
1180
652
292
148
-428
-1244
-1980
-2236
-2108
-2108
-2364
-2364
-2236
-2236
-2364
-2620
-2492
-2236
-2236
-2364
-2236
-1884
-1692
-1628
-1628
-1500
-1308
-1052
-988
-1052
-1052
-1052
-1116
-988
-876
-924
-1180
-1436
-1436
-1244
-988
-780
-716
-620
-556
-556
-524
-460
-356
-276
-196
-24
148
132
16
-112
-180
-228
-292
-340
-308
-180
40
164
228
308
292
308
460
684
876
876
876
1052
1244
1500
1564
1500
1436
1500
1564
1628
1692
1692
1692
1628
1564
1564
1564
1436
1244
1180
1244
1372
1500
1500
1628
1980
2364
2492
2236
2108
1980
1980
2108
2108
1980
1628
1244
812
428
0
-428
-748
-924
-988
-1308
-1628
-1980
-2236
-2364
-2620
-2620
-2620
-2620
-2748
-2620
-2492
-2364
-2236
-2364
-2236
-2108
-1884
-1820
-1756
-1692
-1500
-1180
-988
-1052
-1052
-924
-924
-924
-780
-684
-588
-428
-324
-308
-212
-120
-180
-244
-164
0
148
228
180
148
96
40
24
8
48
72
32
-32
-8
24
0
-56
0
132
260
428
588
652
716
876
1052
1308
1436
1500
1500
1436
1372
1372
1500
1628
1628
1564
1436
1308
1244
1052
924
924
1180
1436
1436
1372
1180
1116
1116
1052
1052
1308
1564
1692
1692
1692
1628
1500
1244
924
812
924
924
620
276
0
-228
-492
-844
-1116
-1372
-1564
-1980
-2236
-2364
-2364
-2620
-2876
-2876
-2748
-2620
-2364
-2364
-2364
-2236
-2236
-1980
-1820
-1628
-1564
-1500
-1308
-1052
-780
-524
-524
-524
-492
-372
-308
-396
-460
-460
-372
-212
-72
-112
-244
-260
-228
-148
-56
-40
-104
-148
-112
-24
0
-120
-260
-244
-112
96
244
180
80
120
292
460
556
556
620
684
812
1052
1180
1180
1180
1180
1244
1500
1564
1564
1628
1692
1692
1756
1756
1692
1564
1436
1372
1372
1500
1500
1436
1436
1500
1628
1628
1500
1436
1372
1308
1116
1052
1116
1116
1052
988
924
844
588
356
292
340
356
228
-8
-292
-524
-716
-924
-1244
-1500
-1564
-1692
-1884
-2108
-2236
-2236
-2364
-2492
-2492
-2364
-2364
-2236
-2236
-2108
-1980
-1756
-1628
-1564
-1436
-1372
-1372
-1308
-1244
-1116
-924
-876
-812
-716
-812
-780
-812
-780
-684
-588
-524
-524
-588
-620
-620
-652
-652
-620
-556
-428
-260
-132
-132
-228
-292
-132
80
340
524
588
716
844
988
1116
988
924
924
1116
1180
1308
1372
1372
1372
1436
1628
1692
1692
1756
1756
1756
1884
1884
1756
1628
1564
1500
1500
1308
1180
1180
1180
1308
1308
1244
1180
1052
844
748
844
924
748
588
620
748
748
620
244
120
132
180
292
276
164
0
-64
-228
-372
-556
-924
-1180
-1244
-1180
-1244
-1500
-1692
-1820
-1884
-1980
-2108
-2108
-2108
-1980
-1820
-1756
-1628
-1564
-1564
-1500
-1372
-1308
-1180
-1180
-1052
-988
-924
-924
-924
-924
-876
-844
-844
-876
-844
-812
-812
-780
-716
-684
-748
-812
-812
-684
-492
-276
-104
-32
-80
-56
24
72
324
524
556
684
844
924
924
924
844
844
924
1052
1116
1180
1180
1244
1308
1308
1372
1500
1564
1564
1564
1564
1628
1692
1692
1628
1564
1436
1308
1180
1052
1116
1244
1372
1308
1180
988
876
748
652
588
588
652
684
684
684
620
588
396
180
120
148
148
132
104
40
-24
-80
-164
-356
-556
-716
-812
-876
-1052
-1180
-1308
-1372
-1436
-1564
-1692
-1756
-1628
-1692
-1692
-1692
-1628
-1564
-1500
-1500
-1500
-1436
-1436
-1500
-1564
-1564
-1436
-1372
-1372
-1372
-1308
-1308
-1372
-1372
-1372
-1244
-1180
-1180
-1180
-1116
-924
-876
-780
-684
-492
-356
-228
-112
-56
0
56
180
324
492
652
716
780
924
1116
1244
1180
1180
1244
1372
1500
1500
1500
1564
1564
1500
1564
1628
1692
1756
1756
1692
1628
1564
1500
1436
1436
1436
1500
1564
1436
1308
1116
988
844
748
716
748
844
780
652
556
556
492
428
428
524
524
356
228
212
324
340
276
120
-80
-180
-260
-356
-492
-588
-652
-652
-652
-716
-876
-988
-1052
-1116
-1180
-1116
-1116
-1052
-988
-1052
-1116
-1052
-1116
-1052
-1052
-988
-988
-988
-1052
-1116
-1180
-1308
-1436
-1564
-1564
-1500
-1500
-1564
-1628
-1692
-1628
-1564
-1500
-1500
-1500
-1436
-1308
-1180
-1116
-1052
-844
-716
-588
-524
-524
-356
-132
56
244
324
260
276
356
460
620
748
844
988
1180
1308
1372
1244
1116
1052
1116
1308
1500
1564
1564
1564
1628
1692
1628
1564
1436
1436
1564
1628
1692
1692
1692
1628
1564
1372
1308
1180
1116
1052
1052
1116
1052
924
812
780
812
924
876
716
652
588
492
292
164
56
-56
-164
-244
-292
-460
-684
-812
-780
-684
-748
-924
-1116
-1116
-1052
-988
-988
-988
-924
-988
-1052
-1052
-988
-924
-988
-988
-844
-716
-716
-812
-924
-988
-988
-1052
-1180
-1308
-1308
-1372
-1436
-1500
-1500
-1500
-1500
-1436
-1244
-1116
-1052
-988
-988
-844
-780
-748
-716
-620
-524
-428
-260
-148
-72
-64
-56
-32
16
80
180
244
292
308
340
460
588
652
684
684
684
748
812
924
1052
1116
1244
1308
1308
1372
1372
1308
1308
1308
1372
1372
1308
1244
1116
1180
1180
1244
1244
1180
1244
1372
1308
1116
988
876
924
924
988
924
716
524
356
276
228
196
112
0
-48
-260
-428
-652
-780
-780
-684
-620
-684
-844
-988
-988
-876
-716
-652
-556
-524
-588
-620
-588
-524
-460
-492
-492
-460
-428
-492
-652
-812
-844
-924
-988
-1116
-1052
-988
-988
-1052
-1116
-1052
-988
-924
-844
-748
-652
-524
-460
-460
-460
-460
-460
-396
-356
-396
-396
-372
-340
-260
-180
-104
-40
-8
-48
-80
-48
-16
40
164
324
356
308
228
212
212
276
428
588
684
716
716
748
780
716
588
524
524
620
780
812
876
924
988
988
988
1052
1052
988
1052
1052
1052
988
924
876
876
876
780
684
556
460
324
260
276
276
180
-16
-180
-228
-244
-372
-524
-492
-492
-460
-492
-524
-524
-524
-492
-372
-228
-196
-180
-164
-148
-96
-88
-148
-244
-356
-396
-428
-556
-588
-620
-716
-876
-876
-876
-844
-748
-748
-716
-684
-684
-684
-620
-556
-460
-428
-340
-212
-104
-132
-228
-260
-244
-276
-276
-228
-180
-132
-132
-132
-120
-80
-24
-16
-16
8
40
96
48
132
276
356
276
164
104
104
196
180
244
324
372
428
460
428
292
212
244
396
556
620
588
556
620
684
716
652
652
652
716
780
716
588
428
276
276
396
428
324
132
-24
-64
-40
-96
-244
-340
-356
-324
-292
-292
-324
-396
-460
-460
-372
-292
-396
-492
-396
-340
-196
-56
0
8
72
148
212
276
292
244
148
64
64
96
112
88
8
-112
-212
-244
-164
-112
-40
-48
-112
-148
-104
0
0
-16
64
196
260
212
132
48
0
-32
-56
-96
-88
-80
-132
-148
-228
-292
-340
-308
-196
-132
-112
-228
-308
-244
-180
-180
-228
-244
-260
-260
-244
-148
-72
-64
-96
-56
48
132
96
-40
-112
-24
104
180
180
164
164
148
196
244
260
276
340
356
356
356
196
48
-8
-40
-24
-8
-24
-96
-132
-132
-164
-260
-324
-396
-556
-620
-620
-620
-684
-716
-748
-716
-556
-428
-372
-356
-292
-180
-80
-16
48
196
308
308
308
356
356
324
260
244
260
228
228
148
132
164
132
96
72
120
196
164
104
120
180
276
372
492
588
652
588
588
620
652
620
556
372
228
292
260
276
212
80
40
72
132
132
96
40
64
56
64
132
132
8
-40
16
80
148
104
16
0
16
64
104
80
0
-96
-88
-8
8
72
24
0
48
64
132
120
80
24
32
180
212
132
48
-32
-148
-164
-96
-148
-276
-372
-396
-396
-492
-620
-716
-844
-812
-716
-652
-716
-924
-988
-924
-844
-780
-684
-588
-524
-428
-428
-308
-196
-164
-120
-40
-16
-16
0
-40
-56
-24
-32
-16
-32
-88
-96
-88
-132
-132
-40
40
40
48
80
48
96
180
196
308
396
428
492
588
588
556
524
460
428
396
372
244
196
212
244
276
292
308
308
324
356
396
372
292
292
276
276
324
356
308
212
244
324
340
308
340
356
308
260
212
96
56
56
72
112
148
196
180
148
196
276
308
292
276
228
164
228
276
196
24
-40
-104
-228
-324
-396
-396
-524
-620
-716
-780
-748
-780
-812
-924
-876
-780
-812
-876
-876
-780
-652
-588
-460
-356
-372
-356
-276
-180
-96
-64
-80
-88
-48
-96
-164
-244
-260
-196
-180
-112
-56
-64
-64
-120
-132
-8
64
40
48
88
132
196
292
396
428
524
652
780
812
812
780
684
652
620
620
556
492
396
276
180
148
196
164
96
48
96
132
180
96
16
64
132
212
212
164
112
32
-24
0
48
24
0
-16
-80
-72
-32
-8
-16
40
164
164
80
24
48
48
104
164
148
96
32
-8
-56
-120
-164
-148
-148
-120
-148
-276
-372
-492
-620
-748
-748
-716
-684
-620
-652
-652
-556
-524
-556
-556
-556
-460
-372
-276
-196
-196
-148
-24
64
80
-8
-132
-120
-56
-16
-8
-96
-120
-132
-196
-212
-212
-196
-212
-180
-24
104
132
148
180
228
308
428
524
556
588
652
684
684
652
620
588
556
524
492
428
356
276
260
228
212
228
244
276
260
196
148
104
80
80
96
132
132
120
104
80
120
212
244
244
260
244
292
292
244
196
164
180
180
196
196
196
112
80
180
228
180
56
-40
-96
-48
8
-32
-48
-88
-132
-148
-292
-428
-492
-556
-588
-652
-620
-652
-716
-748
-748
-812
-876
-844
-924
-988
-924
-812
-652
-588
-588
-492
-396
-428
-396
-292
-276
-244
-148
-164
-228
-228
-212
-260
-244
-196
-120
-16
0
72
212
260
324
356
396
428
460
460
492
524
588
588
556
684
684
684
684
652
620
588
556
492
396
340
196
88
40
8
56
64
48
40
32
40
0
-24
0
24
16
-8
24
16
-8
-8
-40
-80
-56
-32
-56
-40
32
112
148
164
148
148
196
196
244
292
308
324
292
308
324
292
244
276
292
276
244
164
132
104
96
48
-72
-148
-276
-428
-556
-492
-460
-492
-428
-428
-396
-396
-460
-556
-620
-588
-524
-460
-396
-356
-372
-340
-276
-276
-324
-308
-308
-340
-396
-396
-396
-372
-276
-212
-164
-132
-88
-88
-148
-132
0
112
212
244
244
260
276
292
276
308
340
396
428
460
492
428
372
324
356
372
340
276
228
120
64
40
80
112
164
164
132
148
132
88
64
16
56
148
196
196
148
104
64
24
-24
24
48
56
-8
-56
-32
-16
16
88
164
228
260
228
180
120
48
16
8
16
-56
-120
-112
-120
-132
-180
-164
-112
-132
-228
-276
-324
-428
-460
-460
-460
-428
-428
-460
-428
-428
-396
-396
-372
-292
-212
-180
-148
-104
-80
-72
-120
-132
-112
-148
-164
-132
-88
-56
-24
0
24
112
164
148
180
228
244
228
244
244
260
244
292
308
340
324
324
340
372
460
460
460
428
356
276
196
132
72
56
88
112
104
72
24
16
8
-16
-40
-56
-80
-80
-72
-132
-164
-180
-228
-196
-164
-164
-180
-212
-228
-228
-196
-132
-40
16
56
64
40
56
32
48
88
132
164
244
276
212
180
112
88
96
80
32
-32
-120
-164
-148
-96
-88
-104
-88
-148
-228
-260
-340
-356
-308
-292
-228
-180
-148
-180
-212
-148
-40
0
8
16
24
-8
-16
-16
-56
-80
-96
-64
-72
-104
-132
-120
-112
-48
48
16
8
24
64
120
132
164
228
292
372
396
340
292
260
228
212
228
276
340
356
340
340
244
164
120
32
8
8
0
-24
-56
-48
-16
-48
-32
-56
-96
-148
-212
-212
-244
-244
-244
-212
-180
-196
-212
-164
-72
-8
8
0
0
-56
-56
-24
-56
-48
-24
0
40
24
-16
-48
8
16
-16
-24
-8
8
40
40
-8
-32
-16
-32
-32
-56
-56
-32
-64
-132
-212
-292
-260
-148
-56
-8
-32
-80
-32
-48
-112
-112
-80
-64
-112
-88
-64
-8
-48
-112
-112
-88
-72
-104
-112
-16
64
0
-48
-80
-72
-48
24
112
148
180
228
244
196
196
292
324
260
260
292
260
260
244
228
196
164
212
244
276
196
96
32
-16
-8
8
-32
-96
-96
-96
-120
-56
-24
-56
-72
-56
-32
0
0
-32
-40
-16
0
0
-8
-24
-48
-32
8
64
88
96
72
64
104
56
40
48
-8
-32
-16
-16
8
0
-32
-24
-48
-56
-96
-88
-16
-24
-64
-88
-56
-56
-64
-72
-80
-88
-112
-164
-164
-132
-120
-72
-112
-132
-96
-64
-32
-8
0
0
0
64
112
88
80
16
0
-16
-64
-80
-48
24
72
132
104
56
48
56
72
120
196
212
196
196
196
212
148
80
8
0
48
40
48
80
120
88
112
148
64
-64
-196
-228
-244
-244
-292
-292
-308
-276
-244
-212
-228
-228
-260
-292
-244
-228
-196
-212
-212
-164
-148
-132
-148
-120
-104
-120
-56
-8
-8
0
0
40
88
96
112
104
120
148
148
88
32
64
88
96
104
132
112
56
8
0
64
72
80
104
80
24
8
16
-24
-112
-132
-180
-180
-148
-148
-120
-56
0
0
32
80
120
64
16
16
80
196
212
212
244
292
308
292
244
196
196
180
96
56
80
72
24
32
96
132
132
132
212
244
276
244
228
180
180
180
148
164
164
120
88
132
164
164
88
16
-40
-132
-112
-72
-56
-64
-72
-64
-48
-48
-96
-164
-212
-212
-212
-164
-120
-104
-120
-64
-8
-24
-8
0
0
0
40
72
72
80
64
16
24
32
0
8
0
-24
-16
-8
0
-24
-64
-148
-180
-196
-212
-180
-148
-148
-180
-180
-164
-260
-340
-372
-460
-524
-588
-588
-588
-556
-460
-396
-340
-308
-356
-396
-324
-260
-228
-196
-196
-132
-16
-8
-24
-24
-48
-48
-32
-24
-72
-64
-8
0
-16
16
72
72
56
132
228
180
148
164
244
308
396
460
428
460
460
492
460
428
428
396
340
396
396
324
276
228
244
212
212
180
64
40
56
8
0
24
24
40
72
96
132
164
120
88
80
112
164
212
276
292
324
276
228
228
244
212
196
164
148
212
196
148
164
164
96
72
120
132
80
40
0
-40
-64
-56
-56
-132
-120
-96
-132
-148
-212
-276
-308
-324
-340
-396
-460
-428
-396
-396
-356
-356
-396
-356
-276
-228
-180
-212
-260
-228
-148
-80
-56
-96
-132
-148
-180
-180
-196
-212
-244
-260
-244
-212
-164
-148
-96
-48
48
64
40
64
112
104
132
148
104
56
48
-8
-64
-8
-24
-32
-16
-32
-48
-64
-120
-196
-292
-356
-372
-308
-292
-292
-228
-244
-212
-132
-112
-96
-64
0
24
88
112
112
132
148
212
244
260
260
244
244
276
340
324
276
260
292
340
396
428
356
276
228
260
324
308
276
260
244
244
292
292
292
276
244
196
120
72
0
-72
-80
-104
-132
-132
-180
-228
-276
-228
-196
-196
-196
-276
-260
-212
-164
-104
-120
-132
-80
-40
-8
-8
-16
-40
-56
-40
-16
-24
-40
-56
-24
0
32
72
80
56
112
196
196
180
180
212
244
292
308
308
260
196
104
40
56
80
24
0
-24
-16
-16
-80
-132
-164
-164
-164
-148
-132
-104
-32
-48
-72
-48
-56
-56
-40
-24
-16
0
24
8
24
48
64
48
0
-24
-48
-8
40
56
56
32
-40
-56
-64
-64
-32
-80
-112
-72
-48
-96
-164
-228
-244
-180
-180
-148
-120
-120
-164
-212
-196
-196
-228
-292
-356
-372
-396
-396
-396
-428
-460
-396
-340
-292
-228
-244
-244
-180
-104
16
32
-8
-16
0
0
40
104
88
56
24
72
88
64
112
132
196
244
260
276
292
340
340
292
340
396
340
340
340
276
260
244
164
148
164
164
112
88
88
64
40
32
-8
-40
0
0
-32
0
64
132
132
148
148
104
56
88
104
120
132
132
132
132
180
164
104
132
164
180
164
180
196
180
196
164
164
148
80
64
104
72
80
112
132
132
120
88
32
-32
-40
-8
-24
-32
-24
-40
-56
-56
-112
-104
-104
-112
-148
-212
-244
-276
-340
-396
-356
-308
-276
-276
-324
-308
-228
-196
-196
-196
-228
-196
-180
-196
-180
-164
-132
-148
-164
-180
-228
-212
-196
-228
-196
-148
-120
-96
-72
-72
-64
-56
-72
-48
-8
24
40
24
16
24
-24
-80
-104
-132
-96
-56
-56
-56
-56
-120
-132
-164
-120
-64
-64
-24
-8
32
88
104
88
96
96
120
132
164
212
196
148
164
244
276
260
212
148
112
132
112
132
212
228
196
180
180
164
148
164
164
148
148
132
104
120
80
72
96
132
132
164
120
72
104
120
112
72
40
48
24
-16
0
-8
-32
-32
-72
-40
-8
-8
-16
8
-16
0
80
80
32
56
96
72
80
80
56
48
96
132
72
48
0
-72
-72
-80
-96
-32
24
32
48
8
-40
-8
0
-32
-32
-72
-180
-196
-180
-180
-212
-260
-292
-276
-292
-324
-292
-308
-324
-324
-340
-308
-276
-260
-244
-212
-228
-228
-196
-196
-164
-132
-112
-80
-88
-88
-72
-56
-32
0
24
8
16
72
56
-24
-48
-24
80
164
180
212
180
196
212
196
212
244
228
244
260
276
244
260
292
244
308
324
308
292
276
212
212
260
228
148
112
104
88
56
-8
-48
-16
-8
16
96
132
96
80
132
104
104
80
24
-48
-64
-32
-32
-56
-104
-132
-148
-148
-180
-180
-196
-164
-196
-244
-196
-212
-196
-244
-276
-244
-228
-196
-180
-196
-228
-212
-228
-212
-212
-228
-260
-276
-276
-244
-196
-212
-228
-276
-308
-276
-212
-148
-132
-132
-72
-64
-40
-32
-32
-8
8
88
120
132
148
164
148
164
196
212
148
148
120
132
180
196
212
244
308
308
308
292
308
356
396
396
396
396
340
276
276
244
212
196
148
196
228
244
196
180
228
228
212
132
0
-56
-96
