SAMPLES:	7927
BITSPERSAMPLE:	16
CHANNELS:	1
SAMPLERATE:	16000
NORMALIZED:	FALSE
72
72
40
16
16
64
32
32
-24
48
88
-16
0
64
16
0
40
-8
8
24
0
-16
0
0
0
-16
-24
-8
-16
8
-56
-16
16
-16
-48
0
8
-56
0
-56
-16
-8
-32
-16
-56
24
-16
-80
-16
16
-32
-32
-16
-8
0
0
-72
-24
56
-56
-16
0
-16
-8
8
-48
-8
0
8
-80
16
48
-88
48
-16
0
8
-40
0
16
8
-16
-24
48
0
-72
56
-8
-32
32
-32
0
-48
24
32
-104
32
48
-64
-24
64
0
-40
0
32
-40
-56
40
-24
-24
0
40
0
-8
24
0
0
-8
40
-48
8
32
-16
-8
24
0
0
48
-8
8
0
40
-48
0
96
-48
8
64
-8
24
40
-8
16
48
0
16
0
72
-16
-48
96
32
-48
56
64
-16
0
40
24
-32
24
16
-8
16
24
-8
0
48
-40
-16
48
-16
-48
24
0
-72
48
-24
-56
8
48
-96
0
104
-88
0
16
24
-48
-8
72
-56
-8
40
-8
-16
8
-24
0
40
-40
-8
96
-32
-56
48
32
-32
-32
56
8
-24
0
40
-16
-24
16
-8
0
-8
16
-16
32
-8
-24
96
-32
-56
56
48
-72
-16
56
-24
-48
16
16
-80
32
0
-48
0
-24
-32
16
-16
-56
24
-16
-40
-48
8
-40
-56
-16
-24
-8
-56
-32
-24
16
-96
-40
48
-16
-64
16
0
-56
32
-48
-64
-24
40
-48
-104
56
0
-72
-24
40
8
-40
-8
16
24
-16
16
32
-8
24
-24
72
16
-80
88
56
-24
40
80
0
24
16
48
8
48
0
-32
132
0
-32
80
80
-24
32
88
8
40
16
64
0
32
80
-32
0
88
8
-24
24
56
8
-64
64
24
-8
32
0
0
72
8
-56
8
96
-8
-112
132
0
-88
32
32
-40
8
72
-112
8
88
-40
-96
88
64
-120
0
96
-48
-56
80
-72
-8
16
-48
-32
16
8
-96
80
56
-148
-8
96
-112
-72
64
-24
-72
-16
8
-80
-32
24
-40
-56
56
-24
-80
8
-24
-24
-64
-48
-8
0
-40
-96
-16
24
-96
-96
8
-8
-24
-56
0
-8
-16
-16
-72
24
16
-48
-40
16
16
0
-48
8
88
-32
-32
32
16
-24
8
16
32
8
24
32
-32
40
-40
64
32
-48
8
64
32
-40
32
48
40
-16
16
24
32
0
24
24
40
48
-40
24
32
32
8
24
0
96
8
-32
32
-8
72
-40
16
64
48
-8
-24
32
56
-48
-40
132
-8
-40
40
0
32
8
0
32
0
32
-48
-32
88
0
-24
24
0
32
-48
0
40
-48
56
-32
-64
72
-32
-24
24
-40
64
24
-56
24
-24
32
-48
24
40
-48
24
8
0
-24
16
0
-8
-32
40
-32
-24
40
-48
-24
-8
-8
-40
0
0
-72
0
16
-56
-16
24
-72
-8
16
-40
-64
8
0
-72
32
24
-112
40
80
-112
16
32
-16
16
0
0
-24
48
-40
-64
120
24
-80
48
64
-32
-32
24
16
-16
8
0
16
8
-40
-8
-40
32
-32
-72
40
-24
-64
-64
48
-16
-112
56
-8
-72
-8
0
-48
-72
24
-24
-56
-32
8
0
-40
-56
32
0
-48
0
-16
56
0
-40
0
56
-24
-96
88
40
-72
32
88
-104
8
80
-56
0
88
0
-16
132
-24
-48
112
48
-32
112
56
-16
0
64
8
-8
148
0
-8
112
24
-48
72
88
-24
40
72
32
0
80
24
-16
120
64
-48
40
104
24
0
32
56
0
-40
8
8
64
56
-64
56
88
-56
-32
64
24
-40
-24
64
-24
-16
32
-48
8
8
-48
-32
0
-40
-40
32
-104
-80
56
-48
-132
-56
48
-132
-104
40
-64
-64
24
-112
-88
48
-88
-132
-72
104
-164
-148
88
-104
-16
-72
-80
16
-8
-148
-8
40
-48
-164
-16
88
-212
16
64
-80
-32
80
0
-148
-40
148
0
-148
104
80
-72
-8
0
56
64
-8
-40
64
120
-64
-88
132
64
-96
148
40
-16
80
16
24
8
72
-16
48
112
-56
16
132
-48
-64
112
132
-16
-56
164
0
-32
-48
0
228
-120
-48
228
-16
-48
-8
40
32
-32
40
-16
32
96
-112
40
132
-80
0
16
32
0
0
32
0
8
-24
24
120
-32
-64
104
72
-72
-16
148
-88
-32
132
-72
0
-16
32
56
-24
24
0
64
0
-148
64
164
-120
-16
88
32
0
-40
56
56
-96
40
40
-8
56
-120
-48
164
-72
-88
104
64
-48
-112
72
64
-88
-104
-32
48
0
-164
-16
88
-120
-64
0
-32
-48
-48
-48
-64
-56
8
-72
-132
64
-64
-88
32
-132
-8
16
-104
-32
-32
-8
-72
-120
104
8
-72
8
-112
64
64
-196
0
88
-24
-72
0
132
-16
-24
80
0
-40
104
24
-88
0
56
56
-64
-8
80
24
0
-8
72
8
-24
-64
32
96
-40
8
-40
96
32
-48
40
32
-8
24
32
0
80
-104
72
64
-104
-16
72
88
-164
0
164
-16
-148
40
112
-16
-16
0
72
-8
-112
16
96
56
-80
16
96
0
0
0
40
-8
24
-24
72
56
-112
56
80
-40
-56
88
112
-56
-72
180
88
-132
72
56
0
48
8
32
-40
-16
0
24
96
-40
-48
148
16
-164
24
48
-24
-8
-24
72
56
-40
-148
80
96
-164
-32
48
96
-132
-132
112
16
-132
-48
80
16
-64
-120
48
32
-120
-40
16
104
-96
-72
-24
8
16
-96
-8
0
40
-72
-48
-40
-16
-16
-48
-24
-48
8
-56
-24
-8
-64
0
64
-40
-80
72
-8
-32
8
8
-96
80
72
-104
32
40
24
0
-8
32
80
-48
-112
80
120
-40
-48
120
0
48
32
-64
16
112
-32
-72
104
64
-64
-8
104
-8
8
16
40
8
0
-32
8
112
-24
-32
24
24
8
-40
32
48
-24
0
24
8
-40
32
132
-56
-96
72
24
-72
-24
-8
120
16
-148
24
80
-80
-56
48
48
-56
-24
48
-48
24
40
-64
72
48
-112
24
40
-80
-56
48
24
-80
0
32
-48
0
-8
-48
40
8
-80
-8
16
-88
-24
16
-32
-16
32
8
-64
-8
16
-16
-32
8
0
0
0
-8
8
32
-24
-24
8
-40
32
-48
-64
24
-40
-88
0
40
-64
-8
72
-16
0
40
-24
-48
64
56
-24
8
24
16
56
24
0
96
72
-40
16
104
32
-40
64
96
8
40
24
32
48
24
16
24
72
-16
0
56
32
0
-8
0
40
8
-16
48
8
-40
-56
32
8
-40
48
8
-32
0
0
-80
-64
0
-16
-8
24
0
-40
-32
-32
-24
-8
-48
-16
-16
-56
-24
-64
-56
-72
-40
-32
-24
24
-24
-64
-32
8
0
-56
-40
64
0
-48
16
48
-24
-80
16
56
24
-24
-16
0
-8
-16
16
40
16
8
24
64
0
-8
16
-8
-8
8
32
-8
-64
-40
0
-8
0
24
24
0
0
8
0
-40
-24
16
40
0
0
48
32
24
32
96
72
0
8
8
56
32
-16
40
56
16
16
64
104
0
-56
24
16
-8
-8
-16
8
0
-16
40
40
0
-56
-16
0
-48
-40
8
0
-40
0
8
-16
-24
-8
-8
-8
-24
-8
-72
-72
-8
-16
0
0
-8
-8
-8
-56
-56
-16
-24
-72
-40
24
0
-88
-112
0
16
-48
-24
32
8
-72
-56
32
24
-40
-24
24
16
0
-40
-16
0
-48
-40
40
16
-56
-48
0
32
0
32
104
48
0
0
32
32
-24
0
56
-8
-24
-16
-16
-16
16
32
64
64
0
0
-16
32
80
40
56
104
132
132
120
148
120
120
132
132
180
180
132
148
196
164
112
80
104
148
112
72
88
48
0
8
48
104
56
8
-24
-80
-104
-148
-120
-72
-80
-148
-148
-196
-276
-292
-260
-212
-196
-212
-244
-244
-308
-340
-324
-276
-260
-260
-228
-244
-244
-276
-276
-228
-196
-180
-196
-164
-196
-244
-180
-148
-164
-132
-80
-120
-132
-104
-96
-80
-64
-32
8
56
80
56
48
112
104
104
196
180
196
196
148
212
244
308
292
292
396
396
340
340
460
460
428
588
652
652
620
556
556
524
460
460
556
652
684
684
812
924
924
924
844
716
652
748
876
924
812
588
308
80
-96
-112
-32
16
-72
-428
-844
-1244
-1436
-1500
-1436
-1436
-1564
-1756
-1980
-2108
-2364
-2364
-2492
-2236
-2108
-1820
-1628
-1628
-1820
-1820
-1564
-1180
-780
-492
-428
-492
-492
-428
-244
-56
88
244
324
372
308
112
-16
32
244
396
492
524
396
308
324
460
620
620
620
684
652
652
716
716
780
876
1116
1244
1180
988
780
812
924
1052
988
780
588
428
396
812
1180
1980
2492
3004
3388
3644
3772
3260
2364
1564
2492
3772
4860
4604
3516
2620
1628
988
924
1308
1564
1436
428
-748
-2620
-3772
-3900
-3260
-2620
-3004
-3516
-4348
-4860
-5884
-6396
-6396
-5884
-5116
-4092
-3260
-3388
-3900
-4348
-4092
-3132
-1980
-988
-340
-428
-924
-876
-164
988
3004
4348
4348
3900
2876
2748
2236
1980
2748
3388
3644
2492
1308
588
-212
-556
80
988
1244
-244
-1756
-2620
-2876
-2492
-1884
-748
-308
-1052
-1884
-1884
-1756
-2108
-1820
-340
876
684
80
-228
-556
-748
132
1692
1980
684
-556
-924
-988
-1116
-460
460
460
196
308
524
104
-340
-32
620
1244
1372
1372
1436
1628
2876
4604
6652
6652
5116
3388
2492
3772
5372
7164
7164
6396
5116
4092
3004
2620
2748
3516
3516
2236
428
-1980
-3516
-4092
-3516
-3132
-3388
-4092
-4860
-5884
-7164
-8316
-8828
-8316
-7164
-5884
-5372
-5372
-6140
-6652
-6140
-4604
-3004
-1756
-1116
-1436
-1980
-1884
-988
260
1308
2364
3516
4092
4604
4604
4348
4604
3516
3388
3388
3388
3516
2364
1980
1116
524
0
-308
-372
-748
-1180
-1436
-1692
-2108
-2620
-3004
-2364
-1692
-988
-1180
-1564
-1692
-1564
-988
-588
-180
-308
-588
-56
876
1308
1052
812
716
556
652
780
716
-32
-428
-32
492
924
812
556
780
1116
1564
1756
1372
812
556
1180
2236
3388
4092
4348
5116
6908
7420
6652
4092
3132
4348
6140
7676
7676
6908
5628
3644
2236
2108
2748
3260
2620
1244
-780
-3388
-4860
-5116
-4092
-3772
-4348
-5116
-5628
-7164
-8828
-9340
-8828
-7932
-7164
-6140
-5372
-5628
-6140
-6140
-5116
-3644
-2236
-1116
-812
-1628
-2364
-1980
-428
1308
2236
3004
3388
3260
3004
2620
2620
4092
4348
3644
1980
716
988
32
-212
372
1180
684
-1308
-2876
-3004
-3004
-2492
-1308
-356
-524
-2748
-3900
-2620
-556
260
196
716
716
-196
-924
88
1308
1052
1052
2236
3260
2108
244
324
1180
1500
1980
2492
1692
-684
-1980
-924
988
1820
1500
1244
780
196
396
924
1308
988
988
1820
2620
3004
3132
3900
5884
7420
7420
5372
2748
3004
5116
7676
8828
7676
5884
3644
2108
2236
3132
4092
3772
1980
-492
-3516
-5116
-4860
-3260
-2748
-3772
-5116
-6396
-7420
-8316
-8828
-8828
-7932
-6908
-6396
-5884
-6140
-6908
-6908
-5628
-3516
-1756
-1052
-1372
-2620
-3516
-2620
-180
2364
3260
2748
1980
1756
2108
2876
3516
3388
3132
3772
3772
2876
1180
460
1052
1244
1308
1244
876
-716
-2620
-3388
-2108
-620
0
-428
-1500
-2364
-2876
-2108
-428
780
524
-556
-1116
-1052
-780
-460
308
1180
1116
212
-356
-524
-716
-780
-32
924
924
-276
-1564
-1980
-1564
-684
588
1116
556
-620
-876
64
1436
2236
2492
2108
1564
1436
1756
2620
3516
4348
5116
5628
7164
7676
6908
4604
3260
4604
7164
8316
6908
4604
3644
3644
3516
3388
3388
3132
1756
-396
-2236
-3516
-4092
-3772
-2876
-3004
-4348
-6396
-7420
-7164
-7420
-7932
-7420
-6908
-6908
-7164
-7164
-6396
-5628
-4860
-4092
-3260
-2876
-2748
-2876
-2748
-2620
-1820
-104
1628
2108
1500
876
1436
2364
3388
4604
4860
4348
1884
428
460
1692
2748
3004
2748
1180
-876
-2236
-1564
-132
780
588
-164
-1500
-3004
-3260
-1884
356
1372
684
-684
-1820
-2236
-2108
-1052
396
780
72
-844
-1308
-1308
-1116
-340
684
924
8
-1308
-2108
-2236
-1564
-340
876
1052
8
-844
-748
396
1692
2876
3132
2492
1372
876
1692
2748
3772
4604
4860
4860
5372
6652
7676
6908
4860
4092
5372
7164
8316
7420
6140
4860
3644
3260
3260
3772
3644
2364
132
-2236
-4092
-4092
-2876
-1628
-2364
-4604
-6908
-8316
-8316
-7932
-7164
-6908
-7420
-8316
-8828
-7932
-6652
-5884
-5628
-5372
-5116
-4860
-4348
-3900
-4092
-3900
-2492
-372
988
1052
260
-164
492
1980
3644
4604
4604
3388
2620
2620
3260
4092
3900
4092
3132
1820
1052
924
1692
1884
1500
1052
396
-428
-876
-684
56
396
-180
-876
-1116
-1116
-1436
-1308
-652
-308
-748
-1244
-1308
-1564
-1980
-1244
132
844
148
-812
-1116
-1052
-924
-40
924
844
-8
-428
112
652
1244
2108
2748
2620
2236
2108
2364
2492
2492
2876
3388
4092
4348
4348
4604
6140
7164
7164
5628
3516
3004
3900
5884
6908
6652
5372
3388
1628
988
1980
3132
3004
1308
-1308
-3772
-4860
-4092
-2108
-1180
-2492
-5116
-7164
-8316
-8316
-7420
-6396
-6140
-7164
-8316
-8316
-7420
-6396
-5884
-5372
-5372
-5628
-5372
-4604
-4348
-4092
-3516
-2108
-460
196
244
56
48
556
1820
3516
5372
5372
3644
1980
1628
3260
4604
5628
5628
4092
1820
340
924
2748
3772
3260
1884
308
-876
-1500
-924
652
1244
40
-1756
-2620
-2620
-2364
-1884
-748
-556
-2108
-3516
-3004
-1980
-1564
-1116
-276
-340
-1500
-1980
-1308
-524
-308
32
876
988
228
64
1052
2108
2748
3388
3644
3132
1980
1692
2620
3516
4092
4092
4092
3772
3644
4092
5116
6396
6652
6140
4348
2876
3132
4092
5628
5884
5372
4092
2364
1052
988
2108
3132
2876
1052
-1308
-3516
-4092
-2620
-844
-620
-2492
-5372
-7164
-7420
-6652
-5116
-4348
-5116
-6652
-8316
-7932
-6652
-5116
-4348
-4604
-5372
-6140
-5884
-4860
-4092
-3516
-3132
-2492
-1884
-1628
-1308
-684
-244
324
1052
1980
2492
2876
3004
3004
3004
3004
4092
4348
4348
3772
3388
3260
2876
2876
3132
3388
2620
1820
1116
780
244
112
196
-148
-652
-1308
-1628
-1980
-2236
-2236
-2108
-2108
-2364
-2748
-2748
-2492
-1980
-1372
-924
-924
-1116
-1180
-748
-196
212
396
588
844
1116
1884
2620
2876
2876
3004
3388
3644
3772
3772
3644
3516
3644
4092
4348
4092
3388
3004
3004
3388
3772
4092
3900
3132
2108
1180
1372
2108
2620
2364
1692
1116
292
-276
-356
0
244
-40
-844
-1820
-3004
-3516
-3004
-2108
-1500
-2108
-3260
-4348
-5116
-4860
-4348
-3516
-3260
-3900
-4860
-5372
-5116
-4348
-3260
-2620
-2876
-3772
-4348
-4348
-3516
-2492
-1820
-1692
-1980
-2364
-2108
-1308
-356
324
588
812
1052
1372
1756
2108
2492
2748
3004
3388
3644
3516
3260
3004
2876
3004
3132
3004
2492
1692
924
460
556
684
524
-48
-924
-1436
-1500
-1436
-1436
-1372
-1628
-1980
-2108
-1820
-1500
-1244
-1180
-924
-780
-716
-460
-32
428
620
716
988
1244
1372
1628
2108
2492
2620
2620
2620
2748
2748
2876
3004
2748
2620
2620
2620
2492
2236
1980
1564
1180
1116
1052
812
460
292
164
32
40
112
56
-164
-324
-428
-620
-748
-684
-492
-396
-396
-396
-492
-620
-492
-120
-32
-260
-620
-1116
-1372
-1180
-780
-588
-780
-1116
-1500
-1820
-1820
-1628
-1564
-1628
-1756
-1884
-2236
-2364
-2364
-1980
-1692
-1564
-1628
-1884
-2108
-2236
-1884
-1564
-1372
-1500
-1628
-1756
-1628
-1308
-844
-588
-588
-620
-652
-748
-684
-460
-212
-104
-104
-120
-308
-460
-460
-228
-96
-80
-40
-228
-460
-428
-244
148
460
652
812
844
876
1052
1372
1564
1692
1884
2108
2364
2364
2492
2620
2492
2620
2748
2876
2876
2620
2492
2492
2492
2364
2236
2236
2108
1756
1500
1308
1180
988
812
652
340
8
-308
-492
-620
-620
-556
-652
-876
-1116
-1180
-1180
-1116
-924
-1052
-1116
-1116
-1052
-924
-844
-780
-684
-588
-356
-180
-196
-292
-340
-212
-16
104
132
96
16
-56
24
164
260
292
292
372
428
308
164
148
148
212
308
292
96
-104
-180
-180
-244
-356
-396
-556
-748
-844
-924
-924
-924
-1052
-1180
-1308
-1436
-1628
-1820
-1980
-2108
-2236
-2364
-2364
-2620
-2748
-2748
-2620
-2620
-2620
-2492
-2364
-1980
-1756
-1500
-1372
-1308
-988
-460
56
356
556
684
844
1244
1756
2108
2236
2492
2620
2748
2876
3132
3260
3132
3132
3260
3132
3004
2876
2748
2620
2364
2236
2108
1756
1436
1308
1180
1052
876
556
196
-196
-340
-356
-428
-684
-988
-1116
-1180
-1180
-1052
-1052
-1116
-1180
-1180
-1052
-924
-876
-876
-684
-588
-620
-620
-556
-460
-372
-340
-260
-244
-260
-276
-148
-16
-8
48
148
276
308
396
460
524
556
556
684
684
556
492
524
588
652
652
652
428
260
212
148
112
-16
-72
-96
-260
-396
-556
-716
-844
-988
-988
-1180
-1308
-1436
-1756
-2108
-2108
-1980
-1820
-1820
-1980
-2236
-2364
-2364
-2108
-1756
-1564
-1500
-1436
-1308
-1116
-844
-492
-196
40
228
308
428
620
844
1052
1180
1372
1500
1564
1628
1692
1884
2108
2108
2108
1884
1820
1820
1820
1756
1628
1436
1372
1372
1244
1116
1052
924
780
684
524
308
196
132
80
64
-40
-196
-276
-196
-112
-148
-260
-260
-308
-324
-308
-228
-228
-372
-356
-244
-164
-228
-356
-428
-428
-356
-212
-120
-56
-164
-292
-180
-8
132
276
292
196
56
48
120
228
356
372
324
212
0
-72
48
180
292
340
292
112
-24
-64
-16
48
-40
-88
-112
-276
-372
-460
-524
-684
-924
-988
-924
-988
-1052
-1052
-1116
-1180
-1244
-1244
-1308
-1436
-1372
-1244
-1180
-1052
-988
-924
-924
-844
-652
-492
-428
-428
-372
-276
-132
40
72
96
104
132
260
340
396
460
428
428
460
372
428
556
652
748
684
524
396
308
372
524
588
492
292
244
196
308
556
620
492
356
228
212
212
212
196
212
228
356
460
460
428
428
620
652
588
524
460
428
460
556
620
556
428
492
556
588
716
716
716
620
460
460
460
372
356
340
292
228
132
120
72
-8
-32
-48
-88
-164
-196
-180
-212
-260
-212
-180
-228
-276
-212
-180
-244
-260
-212
-196
-260
-292
-260
-340
-396
-292
-196
-80
-228
-524
-620
-588
-492
-292
-164
-308
-556
-652
-556
-356
-292
-276
-340
-428
-460
-460
-428
-492
-492
-492
-340
-196
-244
-372
-372
-276
-196
-88
-132
-308
-492
-556
-428
-308
-260
-292
-428
-460
-524
-556
-524
-460
-556
-652
-588
-556
-524
-524
-492
-556
-524
-428
-260
-164
-120
-56
-32
96
324
620
844
988
1052
988
876
988
1116
1180
1308
1308
1308
1244
1180
1244
1372
1436
1372
1308
1116
1052
988
924
844
716
620
460
340
276
120
16
-40
-80
-276
-492
-556
-524
-460
-460
-556
-620
-748
-812
-716
-716
-748
-748
-684
-684
-652
-524
-492
-460
-356
-260
-244
-212
-164
-164
-276
-260
-212
-120
-32
16
-24
-88
64
196
308
428
428
372
244
228
340
396
396
428
308
132
112
164
244
260
228
212
120
-48
-260
-396
-372
-244
-180
-180
-308
-492
-588
-684
-684
-620
-588
-684
-812
-924
-988
-1052
-924
-652
-556
-620
-684
-748
-876
-812
-684
-428
-196
-212
-276
-180
0
180
340
524
620
588
588
780
876
812
812
924
1116
1180
1180
1244
1244
1116
1180
1308
1436
1436
1372
1180
1052
988
988
1052
1052
844
524
260
64
-80
-164
-276
-396
-492
-716
-924
-1116
-1180
-1052
-988
-988
-1052
-1308
-1372
-1308
-1244
-1116
-1052
-988
-844
-780
-620
-396
-356
-340
-340
-260
-72
48
112
112
164
164
244
460
620
620
556
524
492
460
492
556
588
460
308
340
372
396
356
308
132
-112
-260
-228
-104
-72
-96
-120
-120
-148
-180
-112
-40
-80
-132
-164
-196
-292
-292
-244
-212
-180
-260
-372
-428
-428
-428
-428
-460
-460
-460
-396
-372
-356
-356
-292
-120
0
-24
-96
-112
-88
-8
212
428
492
428
428
588
716
844
924
876
844
780
780
844
924
924
876
876
924
924
844
780
652
492
428
460
460
324
96
-96
-164
-164
-212
-196
-276
-492
-588
-556
-492
-588
-748
-716
-652
-556
-524
-492
-556
-716
-716
-588
-396
-396
-492
-524
-460
-372
-276
-164
-120
-148
-180
-180
-104
16
80
48
16
-80
-212
-228
-196
-228
-180
-104
-56
-40
-132
-260
-308
-276
-132
-64
-16
-32
-148
-164
-80
0
0
-16
-32
-104
-196
-212
-148
-72
-88
-80
-120
-212
-244
-180
-96
-112
-212
-276
-180
-104
-64
-132
-276
-356
-276
-132
-48
-24
-24
16
88
148
212
228
244
308
372
492
652
684
556
460
492
588
748
844
924
780
716
748
876
924
988
924
876
812
716
588
524
492
460
460
428
292
104
64
56
180
212
148
8
-104
-164
-164
-120
-104
-120
-180
-212
-132
-164
-276
-372
-396
-308
-212
-196
-260
-340
-396
-340
-244
-112
-104
-196
-244
-228
-244
-324
-308
-244
-308
-340
-292
-276
-324
-396
-428
-428
-460
-396
-340
-428
-588
-684
-684
-492
-308
-324
-428
-588
-652
-684
-620
-556
-492
-492
-428
-340
-340
-372
-396
-292
-164
-196
-212
-228
-228
-196
-88
56
164
164
180
228
180
180
196
324
460
460
428
356
308
228
292
396
428
460
396
396
356
276
244
292
324
356
324
260
212
132
80
112
260
292
244
120
-24
-48
56
212
308
228
112
164
276
428
428
396
372
308
324
460
620
620
460
356
324
356
356
396
460
396
340
308
340
308
196
148
180
212
164
64
8
-40
-64
-56
-56
24
-40
-180
-164
-88
-120
-180
-212
-228
-308
-460
-460
-460
-524
-556
-620
-716
-780
-812
-812
-844
-876
-924
-924
-924
-844
-844
-876
-780
-748
-812
-844
-844
-748
-588
-524
-428
-372
-292
-120
104
260
308
260
260
396
524
620
748
844
844
716
684
748
812
812
780
684
588
492
524
524
492
428
324
260
180
148
96
64
-16
-148
-196
-196
-212
-148
-96
-132
-164
-132
-80
-132
-212
-276
-228
-120
16
72
-72
-196
-164
-48
56
104
80
-32
-104
-56
8
0
0
32
48
16
0
-24
-16
56
120
180
164
80
64
196
324
460
492
340
276
244
324
460
460
460
356
260
292
396
460
372
164
-72
-196
-340
-292
-276
-292
-524
-524
-620
-196
24
-372
-716
-1436
-1564
-2108
-1980
-1628
-812
-132
132
-80
-356
-556
-988
-812
-812
-148
56
324
492
620
748
556
620
620
588
620
988
1180
1244
1180
1116
924
812
812
844
844
812
924
924
748
396
196
72
-8
-40
88
40
-96
-276
-228
-180
-148
-212
-148
276
88
-72
-372
-716
-924
-1052
-844
-716
-372
-64
212
72
196
-164
-556
-924
-1052
-684
-684
-460
-492
-292
-324
-396
-492
-524
-748
-812
-524
-356
-24
-72
0
-32
132
324
396
340
244
244
340
524
620
588
372
244
260
428
716
924
1052
988
812
556
292
64
-148
-260
-228
-80
16
0
-132
-292
-372
-428
-460
-588
-684
-748
-652
-556
-524
-588
-684
-620
-524
-396
-428
-324
-244
-212
-164
0
164
180
212
120
132
120
244
340
524
556
460
460
460
460
460
524
492
372
260
212
196
180
212
292
428
396
260
260
244
180
120
164
80
0
0
132
164
148
164
148
196
148
88
24
8
56
132
120
0
-72
-120
-132
-48
132
132
32
-112
-244
-308
-356
-340
-324
-244
-260
-212
-120
-24
-80
-64
40
96
104
32
0
-48
-88
-72
56
148
132
180
356
308
164
180
260
260
96
104
-56
-244
-428
-396
-212
-212
-276
-372
-372
-460
-524
-524
-460
-620
-748
-716
-620
-460
-396
-396
-460
-492
-428
-460
-396
-292
-228
-88
-16
-32
-16
40
48
88
112
212
228
372
428
396
460
396
292
56
196
212
96
24
88
164
212
260
260
308
104
132
-32
72
212
48
96
112
164
88
56
132
164
40
72
16
64
164
-96
-148
16
120
132
-56
8
196
164
324
260
260
292
8
-40
32
212
164
120
212
228
212
260
260
64
212
460
428
428
396
292
80
96
212
428
460
372
196
96
164
-64
16
-72
-164
-148
-276
-228
-292
-372
-492
-492
-428
-556
-524
-492
-620
-524
-588
-556
-396
-588
-492
-356
-132
-324
-460
-56
-32
-196
-340
-112
32
212
16
132
292
-8
0
112
492
356
460
492
244
228
48
308
356
276
180
308
324
164
-96
-16
24
-16
8
-212
148
0
-428
-96
-72
-228
-228
-340
-24
-244
-556
-340
-244
-180
-428
-588
-308
-212
-492
-260
-88
-180
-588
-244
-120
-340
-132
-88
112
-56
96
-308
-72
260
0
164
340
428
48
308
180
56
308
196
428
556
324
396
460
308
428
196
620
652
196
460
-88
196
524
180
148
196
164
180
-64
32
96
-212
148
72
-228
-356
-428
-556
-260
-56
-148
-460
-652
-652
-652
-492
-356
-180
-148
-148
-460
64
164
-428
0
164
356
228
88
276
620
460
24
104
812
716
-16
556
620
428
260
356
340
460
356
48
428
308
-40
-228
228
0
-428
-180
-24
-228
-396
-104
-148
-112
-244
-244
-212
-460
-180
-24
-492
-148
164
-212
-24
340
-148
-180
308
-308
40
428
-276
-132
276
112
-292
244
716
-396
-132
356
-292
-72
-16
-96
132
-196
-276
-228
-308
356
-164
-356
-8
180
-32
-524
196
228
-396
-292
460
0
96
164
-460
164
-292
-96
56
32
148
-460
64
-112
-620
-212
276
-396
-396
-356
-340
-196
-524
40
-620
-164
112
-620
-620
8
64
-372
180
-80
112
32
32
32
64
524
148
-24
492
308
0
460
276
96
652
120
40
112
0
460
0
276
396
104
-180
-24
-308
112
396
-356
-148
-112
8
-492
132
372
-212
372
-72
-428
588
96
-652
372
652
-96
-132
556
492
-132
460
260
244
748
-72
120
372
120
56
228
524
-48
-260
148
0
-324
276
-324
-524
164
-460
-112
0
72
-212
-88
356
-524
-132
556
-164
-244
684
164
164
524
88
8
180
196
0
396
556
180
-64
652
244
-196
228
24
88
56
-148
-212
-16
-148
-524
40
396
-652
-212
132
-492
-620
-460
-8
-428
-96
-276
-716
148
-260
-588
308
-396
-428
112
-492
-324
-32
-120
-684
-460
-80
-324
-324
-148
-588
-228
-120
-812
-460
-80
-684
-748
180
-196
-260
80
-396
-292
-196
-212
-228
-120
276
96
-132
460
-228
-104
340
-112
212
276
556
524
56
428
652
-8
356
460
492
524
148
492
396
228
0
132
652
-64
-148
104
276
104
-396
16
-180
212
120
-88
652
244
-112
112
212
112
396
460
460
96
620
276
104
988
-64
132
428
276
212
620
620
228
164
396
276
-148
-40
196
372
48
-196
-8
196
-132
-164
88
148
-228
-88
340
-524
-164
64
-324
-148
-164
-228
-212
396
16
-748
-212
396
-524
-652
48
96
-524
-876
-292
-260
-196
-812
-96
212
-780
-812
-588
-196
-460
-716
-428
16
-212
-356
-260
-276
-148
-260
-292
-148
-40
-8
-164
-292
308
-96
-132
292
148
64
228
40
244
652
-32
112
340
492
-112
-308
1244
372
-292
396
132
460
324
-684
292
844
-844
-324
308
196
-324
-492
340
-24
-88
-492
-428
524
-56
-748
428
652
-308
-196
260
372
72
132
8
16
308
64
212
492
324
148
112
292
244
88
588
56
-80
588
212
-180
324
-64
-24
492
80
56
-324
324
-396
-460
492
-104
-356
88
-196
-228
104
-132
228
-40
-96
-588
-324
-148
-812
-48
-244
-292
-308
-620
-340
-244
-684
-620
-180
-460
-324
-340
-164
-684
-228
16
-492
-80
-396
0
228
-120
-292
148
340
-120
-324
428
716
0
16
428
556
524
372
340
684
492
196
104
812
652
524
876
324
524
180
16
324
428
492
-8
0
292
0
-148
104
-88
32
-40
-164
-56
-244
180
-492
-72
228
-428
-8
40
-16
-396
164
244
-132
-80
324
-244
148
372
-396
260
556
148
48
588
-88
180
120
-228
104
324
-8
-244
556
324
-260
112
492
-180
-340
96
-32
-24
-460
-228
196
-88
-196
-460
-132
-40
-276
-492
-88
148
-460
-356
-372
-148
-276
-876
-652
-492
-492
-556
-716
-460
-652
-684
-492
-988
-292
-180
-588
-460
-492
-308
-428
-812
-292
-180
-292
-132
-64
396
-112
-196
148
72
292
340
356
524
212
24
588
524
492
652
652
652
-48
780
620
0
620
308
324
428
48
132
588
-16
32
428
132
-80
-96
492
-64
-120
-132
292
428
-64
112
324
428
-132
-72
356
276
-228
72
244
396
-72
-620
684
-72
-132
396
244
164
-88
0
96
16
-96
196
120
876
-460
-180
1116
-276
-212
460
588
-180
120
244
308
260
-180
276
308
196
-460
260
372
-80
-132
-88
276
-212
-40
-340
40
40
-556
-132
16
-56
-428
-356
-396
-244
-652
-492
-148
-460
-324
-588
-164
-276
-556
-428
-524
-324
-292
-492
-340
-40
-524
-428
-32
-112
-244
132
0
-196
652
-164
-8
228
-48
-24
-180
-48
40
72
-356
-308
-48
88
-428
-120
-164
40
164
-588
-112
-24
-196
-524
-72
180
-276
-56
-372
-196
396
-308
-56
748
120
-88
148
292
112
0
652
-8
460
716
-196
356
924
40
112
924
340
212
292
324
492
588
356
460
716
620
-132
324
652
-72
180
324
180
164
96
212
396
32
80
180
-164
396
148
-112
120
8
-104
-428
-428
-112
-164
-716
0
-324
-356
-324
-556
88
-492
-716
-164
-212
-492
-492
-260
-96
-620
-716
-120
-620
-228
-24
-396
24
8
-260
-212
32
132
-48
32
460
104
96
292
356
396
180
308
428
524
308
292
340
56
72
164
56
96
292
-104
-48
-48
-56
-88
-164
-372
-428
-96
-308
-396
8
-132
-428
-132
-356
-372
-24
-244
-324
-88
-72
-48
164
0
-132
428
396
-396
292
260
40
492
-8
180
460
244
112
164
260
460
308
196
396
492
132
-132
260
428
-196
292
340
72
460
244
-48
492
356
-396
104
24
-180
-56
8
-40
-276
-8
-292
-492
-112
-292
-588
-228
-260
-356
-556
-228
-244
-620
-620
-780
-340
-428
-428
-460
-372
-180
-780
-684
-8
-112
-196
-96
-228
-32
120
-308
96
260
524
24
180
748
-32
324
356
228
244
460
396
276
492
228
96
460
428
-164
684
180
-132
396
-164
64
-8
24
-64
-48
276
-148
120
428
-428
-64
24
-356
-80
-308
292
-148
-72
308
-260
40
-96
-164
372
164
-112
180
96
88
-228
-16
276
-148
276
180
-72
460
32
0
428
-244
112
356
180
588
-32
180
588
88
260
260
212
244
120
132
-112
180
356
16
244
104
-64
-8
24
-396
-212
-88
-460
-356
-228
-684
-260
-556
-524
196
-748
-372
-492
-620
-396
-1052
-292
-112
-716
-356
-260
-324
-196
-340
80
-132
-228
-16
-196
64
148
64
120
340
-72
164
196
228
308
276
524
64
340
492
292
80
324
196
96
276
-80
228
356
-48
-72
396
396
-228
356
396
-148
-96
-112
276
-132
-292
-148
-132
0
-260
-180
148
72
-460
-148
24
-56
-276
244
308
-308
180
212
-16
228
16
-164
556
276
-164
556
340
80
-24
212
324
32
212
428
228
212
112
120
460
24
244
8
88
396
-260
48
244
-244
0
-228
-132
48
-292
-228
-64
-212
-396
-556
-292
-260
-620
-228
-652
-556
-180
-492
-556
-492
-112
-588
-460
-324
-260
-340
-460
-372
-228
0
-212
-276
-56
8
-292
-40
276
180
0
244
308
-180
-72
120
340
460
-132
428
556
-88
24
260
492
48
-8
276
120
-24
48
212
228
80
16
276
96
120
-48
196
260
-148
132
148
-56
-196
260
-88
-260
180
0
-72
120
0
-40
308
-120
8
212
80
-132
32
428
112
80
260
212
-112
-88
64
164
372
132
180
244
48
180
132
104
356
112
132
260
132
356
8
164
132
32
396
148
0
244
276
-96
164
164
-132
80
-212
-148
-196
56
-196
-396
112
-244
-748
-132
-16
-620
-396
-180
-48
-460
-372
-132
-164
-308
-292
-64
-196
-8
-244
-196
-164
148
-104
-196
260
244
0
-112
132
212
244
0
148
64
244
-148
24
180
-148
132
48
-180
40
148
-428
-276
104
-212
-396
88
-180
-460
-80
-460
-260
-24
-460
-372
-80
-180
-556
-212
96
-308
88
-180
-324
-40
-180
-164
-16
132
-260
88
196
-228
-260
396
104
-212
460
64
132
340
96
148
556
132
112
588
164
88
428
340
180
340
492
260
308
460
244
356
556
260
428
356
-16
-72
40
492
-80
148
356
-80
-212
-88
-72
-8
24
-48
-180
-88
-112
-556
-72
-244
-428
-132
-340
-324
-132
-276
-80
-276
-132
-164
-212
-96
-212
88
164
-120
-212
164
164
112
-24
276
180
80
340
244
24
132
396
196
40
120
460
180
24
180
244
228
24
-148
196
196
-112
-428
-260
8
-556
-96
-40
-96
-196
-96
-292
-716
80
-324
-620
-180
32
-164
-372
88
-88
-196
112
-112
-88
96
-196
8
8
-228
8
-64
-56
40
64
180
56
292
228
32
164
-212
-64
80
-244
180
460
132
88
-80
428
276
-88
132
292
196
-196
244
292
64
40
132
48
-148
48
-276
-228
132
-276
-324
32
-492
-428
-132
-428
-228
-112
-120
-428
-228
-112
-716
-340
132
-340
-148
196
-104
48
64
16
132
244
180
48
372
396
112
164
460
428
0
148
492
492
212
396
492
292
180
132
148
244
212
112
396
180
-24
-212
-64
180
-244
32
340
-148
-96
-104
-212
-96
-32
-132
-292
-120
-244
-148
-196
-276
-148
-196
-24
-308
-244
-148
-180
164
-460
-212
324
-260
-196
-40
-80
260
-180
-8
260
212
292
-492
356
372
-244
80
492
428
80
-88
276
428
-96
-16
132
556
-180
0
372
8
-16
-24
-72
-32
-56
-80
56
48
-276
-212
324
-72
-428
-48
-64
-276
0
-24
-72
-228
-112
-228
-148
-120
-244
32
-132
80
-180
-228
-180
-308
-180
80
0
-16
-8
-212
-428
-180
16
-372
-80
132
-428
-228
132
-292
-164
112
276
-148
-260
292
-24
-228
244
56
0
164
-132
-96
228
148
0
-72
356
-96
-16
112
64
228
212
56
-212
260
-228
-104
112
396
-132
-104
308
-308
32
196
48
212
292
-88
396
112
56
276
276
340
180
428
164
276
324
112
180
372
292
148
112
556
356
-196
340
428
148
-40
0
428
132
-180
-148
16
260
-324
-396
212
0
-324
-112
-40
-88
-396
-180
-112
-524
-104
-244
-132
0
-372
-32
16
-308
-180
48
-180
-228
-8
88
-228
-132
112
-120
-56
-196
-48
148
-292
-308
-48
132
-16
-292
-132
324
-80
-396
32
180
132
-372
-112
260
-64
-148
-56
56
164
-164
-120
132
-48
-164
16
-40
64
-196
-104
0
-396
32
-88
0
148
-324
-88
132
-308
-180
-24
8
148
-492
-180
0
-212
-212
-372
132
148
-244
-132
-112
96
132
-104
148
260
-24
276
24
-40
492
-40
460
132
48
308
-72
180
292
308
72
244
244
196
244
8
228
324
16
-148
292
340
-112
40
428
88
-340
132
16
-104
-16
0
24
8
164
-228
-196
164
-8
-148
16
40
56
180
32
132
164
244
96
64
460
0
-164
56
308
48
-88
356
276
-56
-48
-80
196
196
-112
0
-112
132
120
-492
-56
276
-64
-244
-340
132
0
-180
-340
-196
112
-180
-492
72
396
-428
-396
-148
228
-228
-492
-56
-48
-96
-588
8
148
-396
-132
-212
-212
-180
-460
-104
-164
-64
-276
-212
148
-64
-196
-260
132
-96
-244
-16
112
-244
-148
0
16
356
16
80
196
244
-16
0
340
148
64
260
164
120
428
148
132
72
492
260
-372
0
-32
-80
-8
80
80
-64
-120
-40
-104
-56
-180
-180
72
-276
-356
56
292
-88
-460
164
132
-372
24
132
48
0
-16
32
164
308
-212
56
396
-32
-56
428
-64
40
244
-396
-32
324
212
-56
196
228
-196
-72
308
-244
16
244
-292
8
40
32
-48
8
292
-48
-16
244
-196
96
148
-56
164
48
80
64
-8
260
276
-64
164
64
-88
-104
24
164
-64
0
-80
88
104
-148
104
120
0
-148
16
196
-132
16
180
40
-56
56
164
56
104
40
-64
340
308
-196
196
428
-16
180
308
164
164
-104
80
40
-164
-112
-40
228
-56
-260
212
260
-196
-244
-24
-96
-292
-460
-132
-32
-228
-460
-308
-72
-228
-260
-180
-132
-260
-112
-40
-72
-64
-164
8
-260
-148
72
8
0
-56
-56
96
-16
-340
-148
-104
-212
-228
-16
-88
-180
-80
-308
-212
-56
-132
-340
-276
-132
-276
-8
0
-88
-164
104
-180
-276
88
-244
-64
-80
72
-120
-196
-8
-324
-8
48
-212
24
428
-196
-96
196
-72
-80
-32
308
-48
56
32
212
428
32
-16
356
396
-180
212
460
428
244
340
396
228
396
244
244
356
428
292
292
308
396
340
212
132
324
460
-104
88
212
148
-40
-196
148
120
0
-104
72
308
-132
-120
212
-48
-196
88
196
-64
-180
120
196
-88
40
32
56
40
-228
-48
88
112
-292
24
356
80
-228
-56
276
-64
-180
0
212
-48
-148
-56
-40
-8
-212
-164
24
-104
-244
-24
-24
-132
-228
-244
32
-64
-292
-308
0
72
-428
-340
-64
-324
-372
-260
-228
-64
-460
-556
-212
-196
-428
-460
132
-180
-460
-56
-16
-180
-228
-96
-180
-148
-40
-16
-56
-32
-88
32
212
-48
-48
308
196
-148
104
396
276
-72
16
340
16
96
292
96
276
132
-32
112
96
212
72
96
196
-212
-8
80
-148
112
-164
-24
164
-228
-16
-196
64
0
-292
244
180
-88
48
32
120
-88
-180
180
-112
0
-88
16
292
-24
-24
24
80
148
164
212
276
104
308
180
120
308
88
260
276
308
0
244
428
48
24
112
308
228
72
132
132
56
80
24
164
148
104
16
-16
308
48
-276
16
88
-260
-180
56
-64
-164
-212
-260
-164
-40
-148
-164
72
-148
-324
-276
-48
-196
-324
-148
-80
40
-244
-164
48
120
-228
-180
228
0
64
8
148
80
0
-8
0
-112
16
96
-72
8
-80
-32
-244
-260
-8
-132
-104
-80
-180
-96
-228
-196
-120
-48
-112
-228
-104
-80
-80
-180
-16
-32
-260
-180
-196
-132
-72
-292
-32
-8
-40
-80
-180
-40
-112
-32
-88
-40
-180
16
32
-148
0
88
164
-16
32
212
40
32
212
40
8
80
24
112
132
88
164
212
132
-40
228
164
40
180
212
292
180
340
260
132
212
56
132
244
0
8
196
132
72
16
180
104
0
196
8
72
80
-72
164
276
0
-64
112
64
-104
8
180
80
104
80
16
132
40
-104
196
228
48
180
48
-16
24
-24
-180
0
212
-40
-148
180
16
-80
-64
-244
132
-96
-148
-120
-96
-88
-356
-132
-164
-112
-164
-180
-120
-132
-40
-196
-260
-148
-88
-260
-148
-164
-164
-228
-196
-24
-212
-40
-88
-164
24
-88
-56
-64
-8
-196
-164
-32
32
-24
0
96
48
0
-164
164
24
-48
48
-48
48
72
-16
-40
0
164
0
-40
132
24
132
16
-80
148
120
0
96
260
8
-180
104
120
-56
96
0
-56
72
-32
-24
64
80
-80
-148
56
-56
-24
148
-64
16
132
0
-16
164
104
-96
148
180
64
0
8
88
212
132
132
212
132
148
32
212
80
132
180
0
228
148
112
104
180
228
40
-40
96
32
-212
-48
-32
-48
-104
-148
-8
-32
-72
-212
-80
-56
-56
-180
-164
-56
-228
-260
-244
-148
-164
-260
-260
-276
-292
-180
-276
-308
-32
-164
-228
-164
-56
-148
-148
40
-24
8
-48
-56
24
48
-40
0
212
120
0
32
96
80
-32
64
244
88
88
180
132
180
132
228
260
-24
40
132
228
112
-56
212
196
-24
104
96
88
40
-96
-16
48
40
-196
-112
132
-40
-148
8
8
-40
-148
-88
148
-8
-88
-148
-112
-148
-132
120
-64
-112
0
-32
-64
-32
72
80
0
132
64
-8
24
-32
120
164
80
120
80
72
80
72
164
164
132
80
-32
24
72
-32
80
260
72
-24
32
-24
-48
-132
16
148
-24
-132
-88
-56
-104
-292
-132
16
-180
-148
-132
-32
-72
-164
-64
0
-32
-164
-132
48
56
-132
-112
48
-8
-88
-64
24
-8
-80
64
148
24
8
72
48
-132
-72
212
212
88
132
180
104
0
32
196
132
8
48
132
16
-32
80
56
-16
56
132
120
132
72
32
48
0
-16
228
180
-56
24
96
-48
-16
16
96
-40
-180
-80
-48
-24
-132
-64
40
-48
-132
-96
-132
-112
-88
-120
-96
-8
-88
-244
-180
-72
-112
-64
-48
-24
-148
-164
-112
-88
-48
-16
-8
-88
-24
-88
-148
8
32
-88
-96
-40
-88
-112
-40
-148
-72
48
-64
-180
-112
-32
-120
-56
88
8
-48
-24
-56
-40
48
-120
-132
8
40
0
8
180
56
8
88
32
0
0
0
80
56
8
120
132
16
-56
56
180
72
-24
48
132
112
16
80
164
112
112
96
72
96
132
196
148
120
228
228
132
120
180
276
148
148
212
148
88
80
112
104
56
0
56
132
24
-8
0
-72
-48
0
-40
-132
-32
-40
-72
-80
-24
40
0
-16
-56
-48
-96
-64
-48
8
48
32
88
24
0
-32
24
72
48
48
24
16
8
0
-8
0
-40
-40
24
-24
-120
-120
-72
-104
-132
-148
-120
-132
-180
-180
-180
-196
-120
-104
-148
-132
-132
-72
-104
-88
-8
-112
-180
-80
-64
-120
-80
-48
-104
-180
-104
-72
-96
-88
-48
-16
-132
-132
-112
-148
-64
-96
-64
-8
-132
-72
-56
-120
-64
-80
-48
-40
-56
40
72
40
16
32
56
112
88
132
212
196
164
196
260
244
148
164
180
164
120
72
120
104
64
88
132
88
96
0
-32
72
8
-8
56
72
56
56
56
80
32
8
40
72
120
164
196
132
80
72
96
112
72
96
120
104
112
104
64
112
40
-48
16
24
40
64
16
16
-40
-96
-16
16
0
-40
-72
-40
-88
-148
-96
-72
-48
-32
0
16
-48
-56
-80
-96
-56
-96
-64
0
0
0
-88
-132
-80
-112
-132
-56
0
-48
-112
-112
-72
-120
-120
-64
-8
0
-56
-104
-104
-56
-64
-16
32
-32
-72
-88
-64
-32
-40
-24
-40
0
-64
-16
64
24
0
-24
-16
-16
-32
-16
24
-32
-40
0
-64
-112
-112
-80
-32
-40
-24
-72
-32
-96
-120
-56
-48
0
56
8
0
-8
0
48
8
64
96
64
96
132
96
64
132
88
56
80
80
148
132
148
196
148
96
80
64
120
164
148
132
64
40
0
-16
40
40
88
72
40
56
-16
-48
16
40
16
0
-56
-80
-56
-80
-24
-8
-32
-40
-40
-40
-32
