SAMPLES:	8599
BITSPERSAMPLE:	16
CHANNELS:	1
SAMPLERATE:	16000
NORMALIZED:	FALSE
8
8
8
8
0
0
0
0
8
8
8
8
8
0
0
0
0
0
0
0
0
0
0
0
0
0
0
0
0
0
0
-8
-8
0
-8
-8
-8
-8
-8
-8
-8
-8
-8
-16
-16
-16
-16
-16
-16
-16
-24
-16
-16
-16
-16
-16
-16
-8
-8
-8
-8
-8
-8
-8
0
0
-8
0
0
0
0
0
0
0
0
0
0
0
0
0
0
0
0
0
0
0
0
0
0
0
0
8
8
8
8
8
16
16
8
16
16
16
16
8
8
8
8
0
0
0
0
8
8
8
16
16
8
16
8
8
8
8
8
8
8
8
8
8
8
0
8
8
8
0
8
8
8
8
8
8
8
0
0
0
0
0
0
0
0
0
0
0
0
0
0
0
0
0
0
0
-8
-8
0
-8
0
0
0
0
0
0
0
-8
-8
-8
-8
-8
-8
-8
-8
-8
-8
-8
-16
-16
-8
-16
-16
-8
-8
-16
-8
-8
-8
-8
-8
-8
-16
-16
-16
-8
-8
-8
-8
-8
-16
-8
-8
-8
-8
-8
-8
-16
-8
0
0
0
0
0
0
0
0
0
0
0
0
0
0
0
8
8
8
8
0
0
0
0
0
8
8
16
8
16
16
8
8
8
8
8
8
8
8
8
16
16
16
16
8
8
8
8
8
8
8
8
8
8
8
8
16
16
16
8
0
8
0
0
0
0
0
0
0
0
0
0
0
0
0
0
0
0
0
0
0
0
0
0
0
0
0
0
0
0
0
0
0
0
0
0
0
0
0
0
0
0
0
0
0
0
0
0
-8
-8
-8
-8
-8
-8
-8
-8
-8
-8
0
0
0
0
0
-8
0
-8
-8
-8
0
0
0
0
-8
-8
-8
-8
-8
-8
-8
-8
-8
0
0
0
0
0
0
-8
-8
-8
0
0
0
0
0
0
0
0
0
0
-8
0
0
0
0
0
0
0
0
0
-8
0
0
0
0
0
0
0
0
0
0
0
0
0
0
0
0
8
8
0
0
0
8
0
0
0
8
8
8
16
8
16
8
8
8
8
8
8
8
8
8
16
8
16
16
24
24
24
16
16
16
16
16
24
24
24
24
16
16
16
16
16
16
16
16
16
16
16
16
16
16
8
8
0
0
0
0
0
0
0
0
0
0
-8
-8
-8
-8
-8
0
-8
-8
-8
-16
-24
-16
-24
-16
-16
-16
-24
-24
-24
-24
-24
-24
-24
-24
-24
-16
-16
-16
-16
-24
-16
-16
-16
-24
-24
-16
-16
-16
-16
-16
-16
-16
-24
-24
-16
-16
-16
-16
-16
-16
-8
0
0
0
0
0
0
-8
-8
0
0
0
0
0
0
0
0
8
8
8
8
8
0
0
8
8
8
8
8
8
8
8
8
16
16
16
24
24
24
24
24
24
24
24
16
16
24
24
24
24
16
16
16
16
16
16
16
16
16
16
16
16
16
8
16
8
8
8
0
0
0
0
0
0
0
0
0
0
0
0
0
0
0
-8
-8
-8
-8
-16
-16
-16
-16
-16
-24
-24
-24
-24
-24
-16
-16
-16
-16
-16
-16
-16
-16
-24
-24
-16
-16
-16
-8
-8
-8
-8
-8
-8
-8
-8
-8
-8
-8
-8
-8
-8
0
-8
0
-8
-8
-8
-8
-8
0
0
0
0
0
0
0
0
0
0
0
0
8
8
8
8
8
8
16
16
16
16
16
16
16
16
16
16
16
8
8
8
8
8
8
16
16
16
16
16
16
16
16
16
16
16
16
16
8
8
8
8
8
0
0
0
0
0
0
0
0
0
0
0
0
-8
-8
-8
-8
-8
-8
-8
-8
-8
-8
-16
-16
-16
-8
-8
-16
-16
-16
-16
-16
-16
-16
-16
-16
-16
-16
-16
-16
-16
-16
-8
-8
-8
-8
-8
-8
-8
-8
-8
0
-8
0
0
0
0
0
0
0
0
0
0
8
0
0
0
0
0
0
8
8
8
8
8
8
8
8
8
8
8
16
16
16
16
16
16
16
24
24
24
24
24
24
24
16
24
16
16
16
16
16
16
16
16
16
16
8
8
8
0
0
0
0
0
0
0
0
0
0
-8
-8
-8
-8
-8
-16
-16
-24
-24
-32
-32
-24
-24
-32
-32
-32
-40
-24
0
-8
-32
-40
-32
-48
-56
-56
-40
-16
-24
-48
-48
-32
-24
-24
-32
-8
0
-8
-8
0
0
0
0
0
0
0
0
0
8
8
8
8
16
24
16
8
16
16
16
16
16
16
16
16
24
24
32
32
24
24
24
24
16
16
16
16
8
8
16
16
8
16
8
8
8
8
0
8
8
8
8
8
8
8
0
0
0
0
0
0
0
0
0
0
0
8
0
0
8
0
8
0
0
8
8
8
0
0
0
0
0
0
8
8
0
0
8
0
0
-8
0
0
-8
-16
-16
-8
-8
-8
-16
-8
-24
-8
-16
-8
-8
-24
-16
-16
-16
-32
-16
-32
-32
-32
-24
-24
-24
-24
-32
-24
-16
-16
-24
-16
-16
0
-8
-8
-8
0
0
-8
-8
0
8
8
0
8
16
0
8
8
8
0
8
16
0
16
24
8
16
16
8
24
24
16
8
24
32
8
16
32
32
24
16
24
32
24
8
8
24
32
8
8
24
0
8
8
0
0
8
0
0
8
-8
0
8
-24
-8
0
-8
-8
-8
0
-16
-16
-16
-8
0
-24
-8
-16
0
-16
-32
-24
0
-24
-32
-24
-16
-8
-48
-24
-8
-24
-24
-24
-16
-8
-8
-40
-24
8
-32
-40
-8
0
-16
-16
-16
16
0
-16
-16
0
16
-8
-8
-16
32
24
-40
-8
32
16
0
-24
0
48
-8
-24
40
24
16
16
0
32
16
32
-16
24
40
8
16
8
48
16
16
16
48
16
16
24
0
24
32
0
0
48
0
-8
0
16
24
-8
24
0
24
0
-8
24
0
32
-8
0
24
8
-16
-16
0
8
0
-24
24
0
0
0
0
16
-24
0
-40
0
16
-24
-16
0
8
-24
0
0
0
0
-24
0
8
16
-40
0
48
24
-40
-40
48
8
-48
-64
64
8
-40
-8
-32
56
-8
-24
-48
24
40
-72
-32
16
8
-24
-8
-48
8
0
-16
-16
-48
24
-8
0
0
-48
0
16
-24
-32
8
8
8
-32
0
-16
32
-8
-64
16
24
-16
0
8
0
16
40
0
-24
0
-8
-8
16
24
-48
32
48
-8
-16
8
0
8
16
-48
32
32
0
-48
0
64
8
-32
-72
24
72
-24
-72
-24
56
32
-56
-48
48
48
-56
-48
8
16
24
-96
-48
72
0
-72
-72
56
32
-88
24
-32
16
0
-96
-16
48
-16
-88
0
48
0
-80
48
-48
24
16
-56
0
-16
72
-32
0
32
32
16
16
0
0
72
-40
32
48
80
-56
0
104
-24
104
-16
40
88
56
-40
0
148
-8
-8
48
180
8
-16
24
8
164
0
-8
-40
164
72
-64
0
32
120
-32
24
112
56
-24
0
-16
-32
72
-24
-88
48
64
8
-48
-16
64
16
-32
-40
-32
8
-64
-64
88
32
-72
-80
-24
24
-72
-80
-64
8
-16
-132
-64
32
-16
-80
-8
64
-24
-72
-8
-40
-88
-88
8
-40
-24
-32
-80
-48
64
-112
-120
48
24
-64
-104
8
-72
-88
-80
-64
96
-104
-80
16
-56
-56
-40
-8
8
-40
-56
0
16
96
-120
-80
64
72
-148
-164
16
16
56
-32
0
24
148
0
-228
80
164
0
-180
80
112
8
-32
-132
88
132
72
-120
64
132
64
-8
-64
132
80
40
-80
148
96
132
32
-120
132
104
132
-196
180
180
104
96
-104
112
196
148
-164
-8
148
180
-16
-120
132
112
96
-120
0
212
80
-48
-148
196
132
-72
-96
16
148
80
-72
-180
228
228
-180
-164
40
24
-56
-72
-48
40
164
-48
-180
40
180
-32
-244
48
8
-40
-72
-260
56
228
-32
-180
32
88
-148
-148
-80
24
0
-80
-164
104
132
-112
-212
64
80
-180
-132
80
24
-88
-48
-104
228
8
-228
-56
132
16
-324
-32
180
-48
-148
-40
0
80
-104
-8
120
-148
-112
0
72
0
-40
64
-24
-24
-8
-292
88
120
-88
-196
120
180
-244
-112
-16
148
0
-112
-148
120
40
-308
-148
112
164
-72
-88
104
-8
8
-212
-148
72
48
-180
-56
96
104
-8
-132
180
-104
16
-16
-196
104
80
32
-72
8
324
112
-132
-32
-16
120
48
-80
-80
132
260
64
0
148
164
-88
-24
-16
40
164
-104
-8
228
164
112
48
8
0
8
64
48
-80
96
196
88
112
96
40
80
132
88
-112
-56
244
-16
32
-80
56
308
-64
-260
164
428
-8
-276
-148
340
356
-212
-372
212
524
-96
-428
80
260
132
-260
-104
196
212
-196
-212
244
-8
-196
-132
80
64
120
-132
-72
0
-72
-132
-88
-32
-276
-88
64
56
-96
-16
0
-88
-132
-132
-196
-356
-56
-64
-132
260
16
-180
-212
-8
-56
-276
-164
-228
120
132
40
-428
-16
132
-88
-180
-324
56
-24
-180
-180
8
164
-40
-372
56
164
56
-120
-396
-104
428
228
-244
-164
132
212
-80
-32
40
112
64
-112
-164
308
148
-180
-148
0
276
120
-16
24
132
104
88
-148
88
120
96
0
24
132
260
196
40
132
48
16
-132
40
132
228
356
40
120
32
-132
40
-16
-24
-8
132
244
132
196
112
-212
-80
24
72
112
16
104
72
180
8
-72
40
56
-8
-16
32
164
-88
-196
196
228
88
-212
-132
-56
88
120
-228
-104
96
-8
56
24
-72
0
-120
-164
24
308
-32
-396
-148
196
64
16
-112
-340
56
228
-132
-180
-148
8
32
-56
0
-180
32
-148
-292
-56
164
-64
-308
-276
164
276
-276
-228
-88
112
8
-292
-228
104
132
-112
-212
16
72
-164
-260
16
276
80
-308
-112
196
164
-104
-292
-96
132
244
-148
-96
132
80
-180
-148
120
228
64
-148
-80
196
396
-132
-180
120
260
180
-260
-196
164
276
112
-104
24
180
24
-104
-228
40
104
72
148
64
132
244
-32
-292
-132
148
96
-96
96
88
292
148
-72
-120
32
324
-112
-340
-8
212
96
56
-16
132
276
40
-244
-196
276
24
-164
72
-40
80
132
-80
-96
196
24
-212
0
56
-104
-132
16
72
164
212
-80
-32
16
-292
-148
40
80
-32
72
132
180
56
-276
-260
48
16
-24
212
212
164
-88
-80
64
24
-120
-228
32
292
228
88
-112
-40
8
-132
-32
0
8
48
148
132
72
-180
-308
-196
-40
-16
-8
-40
-164
-104
-40
80
-96
-228
-228
-40
32
-32
-88
-120
-180
-180
40
0
-48
-72
-164
-88
48
-72
-244
-164
-40
72
40
-120
-244
-196
16
40
48
16
-104
-244
-132
56
132
72
-104
-8
112
132
40
-72
-132
-56
164
276
180
88
72
24
120
80
-72
-72
-16
196
260
196
56
0
40
64
24
80
148
56
72
196
228
64
40
104
-8
32
148
112
-56
-16
132
196
80
0
88
48
-32
-104
-32
24
120
104
32
104
32
-40
-104
-32
56
64
64
0
64
112
0
-72
64
112
-56
-180
-120
80
0
-88
-16
164
104
-56
-148
-132
48
32
-72
-96
148
148
-104
-180
-64
8
-104
-120
-24
88
96
72
-64
-112
0
-56
-40
-40
-48
-80
-164
-72
-32
-40
-48
-48
-72
-96
-148
-120
32
24
48
16
-24
-132
-228
-244
-104
32
-56
-88
-40
0
-32
-96
-196
-164
-24
-48
-40
-104
-32
-24
-48
-40
-16
40
-56
-40
-64
-48
0
40
32
80
244
164
8
-64
24
88
104
72
48
120
164
64
16
16
16
0
-8
56
104
164
56
-56
-32
64
64
0
-8
96
196
120
80
8
56
88
48
72
0
8
8
64
104
132
132
32
-16
16
64
-8
-8
72
164
120
24
24
0
56
0
-48
-40
48
24
-72
-8
72
88
-24
0
24
24
-56
-180
-64
64
88
-96
-196
-132
-32
-16
-40
0
-16
-96
-148
-48
-88
-88
-64
-24
0
56
132
-48
-164
-132
-40
-48
-24
-32
-72
-56
-88
-40
-48
-48
0
8
24
-32
-112
-120
-80
-120
-40
0
0
0
-32
16
80
64
-80
-148
-64
80
40
-24
-48
16
80
-16
-64
0
80
8
-16
0
16
-8
-32
0
40
72
40
-72
-88
-24
32
56
64
88
104
56
0
8
-16
-16
24
104
132
112
48
-8
56
72
96
56
8
-8
-8
32
48
88
16
0
0
32
8
-16
-8
-8
32
8
16
-8
-24
0
32
80
40
16
-40
32
56
56
32
40
40
-8
0
-40
-32
-24
56
80
72
8
-112
-132
-96
-48
0
88
88
48
0
-32
-64
-148
-88
0
40
32
32
-16
-64
-40
-40
-8
16
-16
-64
-96
-56
24
24
-32
-56
8
24
-40
-56
-80
-16
8
88
80
56
8
-40
-16
0
56
88
96
16
56
88
80
24
0
24
64
56
32
48
56
80
48
48
0
-56
-80
-88
0
40
88
32
-40
-48
-32
-32
-96
-112
-40
8
-8
-48
-64
-56
-32
-32
-40
-40
-56
-112
-132
-80
-32
-72
-72
-80
-24
-24
-64
-112
-164
-112
-48
8
-8
-32
-72
-88
-132
-148
-48
56
56
8
0
0
-64
-132
-132
-32
16
8
-8
-56
-8
16
0
-16
16
48
88
80
56
88
32
48
24
32
96
132
112
72
56
80
80
16
24
56
112
120
72
72
72
64
96
88
96
120
96
56
48
56
88
80
132
132
104
96
32
0
0
56
96
104
96
64
32
8
8
0
32
32
0
-48
-40
-32
-88
-56
16
96
56
-80
-180
-164
-88
-132
-148
-132
0
56
-40
-104
-132
-96
-148
-196
-164
-16
32
-16
-104
-88
-32
-88
-112
-96
-48
0
40
0
-72
-16
64
80
56
80
104
88
48
0
0
0
8
16
16
0
-32
-16
-56
0
64
96
32
-32
-48
-80
-96
-96
-32
-8
0
0
-64
-88
-96
-112
-104
-64
16
88
56
-48
-80
-24
-24
-16
32
64
48
-8
-64
-120
-96
-32
0
48
80
88
64
0
-56
-16
24
64
88
96
120
48
-48
-120
-64
32
104
88
8
-72
-104
-148
-148
-56
16
56
48
0
-72
-112
-48
16
40
104
148
72
-48
-104
-40
64
132
120
132
228
164
104
72
96
180
228
260
276
292
244
196
148
164
212
212
212
180
212
196
112
32
8
72
196
228
164
120
88
56
-72
-120
-40
-24
-64
-96
-80
-88
-132
-212
-196
-148
-132
-148
-196
-244
-292
-292
-324
-276
-260
-228
-244
-396
-428
-428
-372
-396
-340
-212
-132
-196
-260
-292
-324
-292
-276
-228
-164
-148
-164
-228
-244
-212
-148
-120
-120
-24
16
-56
-112
-80
-40
-24
0
48
80
24
0
-32
-8
32
88
148
196
212
164
72
32
24
40
132
260
308
260
260
276
260
228
196
372
524
524
372
132
88
88
104
120
276
460
492
428
308
276
276
244
212
292
372
396
340
196
212
308
460
556
556
588
556
492
356
340
340
372
460
620
652
588
428
164
-148
-396
-524
-588
-588
-620
-556
-684
-924
-1180
-1308
-1244
-1308
-1372
-1308
-1244
-1244
-1372
-1372
-1244
-1116
-1116
-1052
-988
-844
-924
-1052
-1052
-812
-588
-492
-396
-324
-308
-260
-196
-80
72
212
212
308
428
428
460
524
684
844
1052
1052
1052
988
988
1052
1116
1116
1180
1180
1116
1052
988
1052
988
988
1052
924
844
748
780
716
620
588
588
556
372
196
96
164
228
164
32
8
-32
-180
-148
-8
196
372
780
1756
2876
3260
2876
2492
2108
1628
988
524
716
1308
1564
1052
48
-748
-1372
-2364
-3388
-3900
-3516
-3132
-3132
-3388
-3388
-3260
-3388
-3900
-4092
-3772
-3260
-3132
-3004
-2748
-2108
-1436
-1052
-428
1180
1980
1116
-588
-1436
-780
-556
-988
-1244
-396
-24
-988
-2492
-3132
-2236
-1116
-780
-556
460
1180
844
-56
-228
460
1052
1244
1308
1692
1884
1564
588
-244
-56
876
1628
1628
1500
1372
1244
1052
1116
1436
1500
1308
988
988
988
924
620
428
844
1756
2492
2364
1884
1308
1244
1308
1308
1372
1564
1628
1372
1116
924
748
396
132
396
988
1628
1980
2108
1756
1884
3516
5884
7164
6396
3644
1372
924
1436
1244
924
1372
2236
1980
-180
-2748
-3900
-3900
-4092
-4604
-4348
-3260
-2620
-3132
-4348
-4604
-4604
-4604
-5116
-5116
-4092
-3004
-2748
-3388
-3388
-2620
-1820
-1436
-1564
-1628
-1436
-684
524
1052
-56
-2108
-3132
-2236
-1308
-1372
-2108
-1820
-988
-652
-588
-428
292
556
164
-340
80
812
716
276
684
1756
1980
1180
-16
-876
-1244
-988
-428
0
340
620
924
844
620
428
292
396
1052
1884
2236
1692
1052
844
1052
1244
1244
1244
1244
1180
1308
1372
1244
1052
924
844
988
1372
1692
1564
1308
1308
1564
1980
2108
2108
1980
1820
1628
1820
2492
2876
3132
3004
3516
4860
6396
6652
5116
2876
1308
1116
1308
1372
1564
2108
2108
924
-1244
-3260
-4092
-4092
-4348
-4348
-3900
-3132
-3004
-3644
-4348
-4860
-4860
-5116
-5116
-4860
-3772
-2876
-2876
-3388
-3260
-2492
-1564
-1244
-1244
-1180
-524
460
1052
1308
372
-1308
-2748
-2876
-2364
-2236
-2108
-1980
-1052
-260
-180
-844
-1628
-1980
-1756
-1180
-652
112
372
428
620
988
1308
988
64
-748
-716
32
924
1052
812
876
1500
1980
1980
1692
1244
1180
1500
1884
2108
1980
1308
652
460
588
780
924
988
1116
1436
1820
1756
1244
924
924
1052
1308
1628
1884
1692
1500
1308
1372
1628
1820
1628
1500
1500
1628
2108
2492
2620
2876
3900
5628
6652
5884
3260
1052
112
428
652
924
1500
2236
1628
-524
-2748
-4092
-4092
-4092
-4092
-4092
-3132
-2492
-2620
-3516
-4348
-4604
-4604
-4860
-4860
-3900
-2876
-2364
-2620
-2748
-2108
-1308
-876
-1116
-1244
-684
132
684
716
180
-924
-2364
-3004
-2492
-1980
-2236
-2492
-1980
-924
-88
-244
-988
-1436
-1372
-1116
-924
-396
340
812
924
1052
1244
1180
460
-460
-924
-428
652
1436
1500
1244
1180
1244
1372
1372
1372
1244
1308
1692
1980
1980
1564
1052
652
524
844
1180
1308
1308
1180
1244
1500
1500
1308
1116
1052
1116
1180
1564
1756
1756
1692
1756
1980
2236
2108
1756
1436
1436
1980
2492
2748
2748
2876
3900
5628
6652
5372
2876
492
-8
652
924
812
1052
1692
1244
-812
-3260
-4348
-4348
-4348
-4604
-4092
-3132
-2492
-2876
-4092
-4604
-4604
-4604
-5116
-5116
-3900
-2620
-2364
-2876
-3004
-2364
-1500
-1116
-1308
-1244
-716
8
72
-48
-72
-620
-1820
-2876
-2748
-2108
-1980
-2364
-1884
-228
844
556
-684
-1244
-1116
-620
-556
-340
524
1244
1244
844
748
588
-24
-988
-1372
-588
684
1436
1116
620
620
1244
1628
1500
1244
1244
1436
1564
1820
1692
1244
524
228
460
812
988
812
620
716
1116
1564
1436
876
492
620
1052
1564
1980
2108
1980
1884
2236
2620
2876
2748
2364
2108
2108
2620
3132
3388
3388
3516
4348
5628
6652
5884
3516
1116
260
748
1180
1116
1180
1500
1372
-148
-2492
-4092
-4348
-4092
-4092
-4348
-3516
-2620
-2620
-3516
-4348
-4860
-4860
-5116
-5372
-4604
-3388
-2748
-3132
-3516
-3132
-2108
-1500
-1692
-1980
-1628
-556
620
876
-196
-2108
-3388
-3516
-3132
-2748
-2748
-1980
-988
-260
-148
-556
-812
-1116
-1180
-1052
-308
324
588
556
780
1244
1308
780
-16
-588
-716
-164
588
1116
1180
1180
1244
1372
1436
1372
924
652
876
1436
1692
1308
588
48
-276
-260
0
356
652
876
1116
1244
1308
1180
924
620
684
1308
2108
2620
2620
2108
1980
2108
2492
2620
2620
2492
2620
2620
2620
3004
3260
3132
2876
3260
4604
6396
6652
4604
1884
460
620
1052
1052
1180
1756
2108
988
-1308
-3260
-3772
-3644
-3772
-4092
-3644
-2620
-2236
-2876
-3900
-4348
-4604
-4604
-4860
-4348
-3516
-2748
-2748
-3004
-2748
-1980
-1180
-1244
-1692
-1628
-1052
-524
-428
-524
-1052
-1628
-1884
-1308
-988
-1564
-2364
-2236
-1244
-244
276
164
-72
-340
-652
-988
-876
-372
132
492
844
1372
1308
372
-812
-1180
-588
340
1116
1116
780
428
460
620
716
684
588
652
844
988
780
228
-340
-556
-428
-164
-32
-88
-324
-492
-356
-104
96
148
308
524
748
1116
1436
1564
1436
1564
1884
2492
2748
2748
2492
2236
1980
1980
2236
2620
3004
3132
3644
4860
6652
6652
4604
1820
308
620
1372
1436
1628
2108
2364
1052
-1500
-3388
-3772
-3516
-3644
-4092
-3516
-2236
-1692
-2492
-3772
-4348
-4348
-4604
-4860
-4348
-3260
-2236
-2236
-2748
-2492
-1500
-748
-812
-1116
-844
-80
428
260
-292
-1052
-1820
-2236
-1980
-1564
-1436
-1500
-1436
-716
356
924
556
-276
-780
-716
-356
-72
340
844
1116
1244
1244
988
428
-428
-988
-620
652
1756
1980
1308
620
460
716
876
748
620
588
812
924
748
324
-180
-556
-684
-428
-8
164
-164
-492
-428
56
492
324
0
0
428
876
1308
1628
1756
1756
1756
2108
2364
2492
2236
1980
1884
2108
2620
2876
3132
3260
2876
2876
3644
5116
5628
4604
2620
1116
844
1052
844
588
812
1052
396
-1308
-3004
-3644
-3644
-3900
-4348
-4092
-3132
-2492
-2620
-3644
-4348
-4604
-4348
-4604
-4604
-3772
-2876
-2620
-2748
-2492
-1756
-924
-620
-652
-588
-428
-460
-812
-1116
-1180
-1180
-1372
-1500
-1564
-1500
-1372
-1308
-1052
-460
196
460
212
-8
-64
-40
-112
-72
276
876
1180
1052
716
372
180
120
460
1052
1500
1628
1436
1244
1308
1436
1372
1116
924
844
924
684
212
-180
-340
-260
-228
-132
-112
-196
-260
-308
-180
80
276
276
228
460
876
1308
1500
1628
1980
2364
2620
2620
2748
2620
2492
2364
2364
2492
2748
3004
3132
2748
2492
3388
4860
5628
4348
2364
924
588
844
652
620
1052
1500
876
-924
-2620
-3260
-3516
-3900
-4092
-3900
-2876
-2236
-2492
-3260
-3900
-4348
-4604
-4604
-4604
-3772
-3004
-2492
-2364
-1980
-1500
-1052
-780
-812
-748
-324
340
780
356
-652
-1436
-1308
-1052
-1116
-1308
-1180
-748
-460
-196
112
492
396
-96
-556
-556
-96
148
180
356
716
924
620
8
-428
-524
-324
212
812
1180
1180
876
556
356
292
72
-212
-324
-80
0
-260
-652
-924
-988
-1052
-988
-844
-780
-684
-428
-212
-96
8
132
212
396
716
1244
1628
1980
2236
2492
2748
2748
2748
2748
3004
3004
2876
2620
2620
2876
3260
3388
2748
2620
3644
4860
5116
3900
2492
1500
1244
988
652
844
1372
1180
40
-1500
-2364
-2620
-3132
-3900
-4092
-3388
-2620
-2492
-3004
-3644
-3900
-4092
-4092
-4348
-4092
-3388
-2876
-2492
-2236
-1628
-924
-748
-748
-588
-308
-80
-24
-164
-276
-324
-372
-620
-1052
-1244
-1180
-924
-684
-324
120
428
356
96
-96
-180
-180
-148
64
556
988
1116
988
748
588
492
428
556
844
988
988
812
652
460
324
88
-16
16
0
-228
-556
-812
-924
-924
-1116
-1308
-1372
-1372
-1180
-988
-748
-556
-372
-148
96
340
492
620
748
1116
1692
2108
2364
2492
2492
2620
2748
2748
2492
2236
1980
2108
2492
2748
2620
2236
2364
3388
4348
4348
3388
2108
1500
1308
924
492
652
1116
1116
64
-1308
-1980
-2236
-2748
-3388
-3516
-2876
-2236
-2364
-3004
-3388
-3516
-3644
-4092
-4348
-3900
-3132
-2492
-2236
-2108
-1500
-988
-620
-460
-148
212
228
104
-164
-260
-308
-524
-748
-876
-812
-844
-988
-1116
-876
-276
244
428
292
180
72
32
0
180
492
748
812
844
876
924
716
396
396
716
1180
1180
924
620
396
276
88
-72
-132
-164
-340
-556
-588
-620
-716
-988
-1180
-1116
-748
-460
-308
-196
-132
16
292
588
812
988
1180
1308
1628
1980
2236
2364
2364
2620
2748
2748
2620
2236
1980
1820
1820
1980
2236
2108
1884
2236
3260
4092
3772
2620
1628
1180
1116
748
428
684
1052
812
-228
-1308
-1980
-2364
-2876
-3516
-3644
-3004
-2364
-2492
-3260
-3772
-3644
-3644
-3900
-4092
-3900
-3260
-2748
-2492
-2108
-1500
-1052
-924
-924
-684
-428
-292
-356
-324
-324
-460
-684
-988
-1180
-1308
-1244
-1116
-876
-620
-196
228
372
228
0
-64
64
196
292
460
620
716
780
988
1052
812
556
524
780
1116
1244
1052
812
588
460
428
340
228
72
-72
-148
-132
-48
-112
-324
-556
-556
-308
-32
40
56
112
308
716
1116
1308
1436
1564
1756
1980
2236
2492
2620
2620
2748
3004
2876
2620
2364
2108
1884
1692
1756
1884
1980
1884
1980
2620
3260
3516
2492
1436
1052
1116
988
428
112
428
588
-64
-1244
-2108
-2236
-2492
-3132
-3516
-3132
-2620
-2748
-3260
-3772
-3644
-3516
-3900
-4348
-4092
-3260
-2620
-2620
-2748
-2108
-1244
-780
-812
-876
-588
-308
-212
-276
-244
-372
-844
-1308
-1372
-1052
-844
-988
-1180
-844
-356
-80
-164
-260
-180
48
196
244
308
396
492
524
652
748
716
556
396
396
620
780
684
492
396
460
460
340
164
0
-148
-340
-396
-340
-356
-460
-588
-620
-396
0
308
428
428
524
748
988
1244
1436
1564
1756
1980
2236
2364
2236
2108
2108
2364
2620
2748
2876
2620
2236
1884
1884
1980
2108
2108
1980
2236
3004
3516
3388
2492
1756
1244
1180
1052
748
716
780
492
-260
-1116
-1692
-1884
-2364
-2876
-3132
-3004
-2748
-2748
-3004
-3388
-3388
-3388
-3644
-3772
-3516
-3004
-2492
-2492
-2364
-1884
-1180
-684
-524
-428
-260
-72
-64
-164
-276
-460
-620
-748
-716
-588
-652
-924
-1052
-812
-276
96
16
-276
-428
-324
-212
-180
-132
-88
80
396
620
620
428
196
16
132
492
684
524
244
64
112
244
292
72
-212
-324
-372
-396
-492
-620
-876
-988
-812
-460
-72
16
-164
-292
-96
260
684
1052
1308
1564
1884
2236
2364
2492
2364
2236
2236
2492
2748
2748
2620
2236
1884
1756
1820
1980
1980
1820
1692
2236
2876
3260
2748
1820
1244
988
988
780
588
620
556
96
-652
-1372
-1756
-2108
-2492
-2876
-2748
-2492
-2364
-2620
-3004
-3132
-3132
-3260
-3516
-3644
-3260
-2876
-2620
-2492
-2108
-1628
-1116
-924
-1052
-1180
-1116
-924
-716
-588
-492
-460
-492
-748
-924
-924
-876
-780
-588
-96
396
588
428
164
228
524
716
652
652
716
844
876
812
652
524
556
684
924
1116
1116
748
460
492
748
780
524
196
64
40
-64
-104
-132
-196
-228
-228
-88
132
292
212
120
228
492
812
988
1052
1180
1372
1564
1884
2108
2236
2236
2108
1980
2236
2364
2364
2236
1980
1884
1884
1756
1564
1500
1500
1820
2108
2236
2108
1628
1052
748
588
492
460
396
228
-196
-844
-1500
-1884
-2108
-2236
-2364
-2492
-2492
-2620
-2876
-3004
-3132
-3260
-3388
-3644
-3644
-3388
-3132
-2876
-2748
-2748
-2492
-2108
-1884
-1692
-1564
-1436
-1308
-1180
-1180
-1180
-1244
-1244
-1116
-924
-780
-684
-620
-588
-372
-48
228
244
276
356
492
684
748
716
716
844
988
1116
1052
844
748
812
1052
1244
1244
1052
876
876
924
988
988
844
748
748
748
620
492
276
64
0
32
260
460
556
460
340
356
524
780
876
988
1308
1628
1884
1980
1980
2108
2236
2236
2236
2236
2108
2108
2236
2236
2364
2364
2108
1820
1820
1980
1980
1820
1436
1052
876
716
524
228
-8
-196
-428
-780
-1180
-1372
-1564
-1820
-1980
-1980
-1884
-1980
-1980
-2108
-2236
-2364
-2492
-2748
-2876
-2876
-2748
-2748
-2876
-2748
-2492
-2236
-2108
-1980
-1980
-1820
-1756
-1628
-1564
-1564
-1564
-1564
-1436
-1180
-988
-812
-620
-524
-460
-292
-40
164
292
340
396
492
556
556
524
460
396
428
588
652
556
460
524
684
844
812
684
652
684
924
988
1116
1052
988
748
652
620
588
428
196
212
428
652
652
492
324
196
244
492
684
924
1116
1372
1692
1884
1884
1628
1436
1372
1564
1820
1980
2108
1980
1980
1980
1820
1628
1372
1180
1180
1180
1116
988
588
260
8
-72
-132
-292
-620
-876
-1052
-1180
-1180
-1372
-1628
-1820
-1820
-1884
-1884
-1884
-1980
-1980
-1980
-1980
-2108
-2108
-2364
-2492
-2492
-2364
-2236
-2108
-1980
-1884
-1756
-1628
-1500
-1372
-1180
-988
-924
-924
-876
-716
-524
-372
-180
32
148
228
308
428
556
716
812
876
988
1052
1116
1052
988
844
780
748
716
716
684
716
876
1116
1244
1180
988
924
924
988
1116
1116
1052
988
812
652
620
492
324
228
276
396
492
492
428
396
356
396
524
652
684
748
844
1052
1308
1308
1180
1052
1116
1244
1372
1500
1500
1372
1308
1308
1244
1180
924
620
340
164
80
-8
-104
-340
-556
-652
-620
-780
-1116
-1436
-1692
-1692
-1628
-1692
-1756
-1980
-2108
-2108
-2108
-2108
-2108
-2236
-2364
-2364
-2236
-2236
-2236
-2236
-2236
-2108
-1980
-1884
-1756
-1692
-1564
-1436
-1180
-988
-812
-684
-524
-428
-340
-212
-48
112
308
556
652
684
748
716
748
844
924
1052
1116
1244
1308
1372
1244
1052
876
876
988
1052
1052
1052
1116
1244
1308
1244
1116
924
924
924
1116
1180
1052
924
748
716
716
716
588
372
228
244
356
460
396
292
308
396
524
556
556
588
652
876
1052
1116
1116
988
988
1116
1308
1372
1308
1244
1180
1180
1180
1116
1052
812
588
372
276
260
180
-48
-308
-428
-460
-588
-844
-1180
-1436
-1500
-1436
-1436
-1564
-1756
-1820
-1884
-1980
-2108
-2108
-2236
-2364
-2364
-2364
-2364
-2236
-2236
-2236
-2236
-2108
-2108
-2236
-2108
-1980
-1692
-1564
-1436
-1244
-924
-716
-588
-524
-460
-428
-308
-64
120
212
260
308
428
620
748
780
748
812
988
1116
1052
1052
988
988
988
1116
1244
1244
1180
1180
1308
1372
1436
1436
1180
988
1052
1180
1244
1180
988
844
748
652
716
588
428
308
356
588
652
524
356
212
196
292
356
372
396
460
556
684
876
988
924
924
924
988
1052
988
988
1052
1052
1180
1180
1052
876
652
428
356
356
292
132
-80
-244
-340
-428
-620
-812
-988
-1116
-1180
-1180
-1244
-1372
-1500
-1564
-1564
-1500
-1500
-1628
-1756
-1820
-1884
-1884
-1884
-1884
-1820
-1820
-1820
-1820
-1756
-1692
-1628
-1500
-1372
-1244
-1052
-924
-780
-556
-396
-356
-308
-132
72
180
180
196
260
396
460
460
556
556
620
716
780
844
876
876
924
988
988
988
924
924
924
988
1052
1180
1244
1116
876
780
844
988
988
876
780
780
780
684
556
396
292
260
260
372
460
396
244
180
260
372
292
164
164
372
620
684
620
588
524
492
492
460
556
492
324
356
460
588
556
396
260
212
196
148
8
-148
-244
-292
-372
-396
-428
-556
-716
-876
-1052
-1116
-1244
-1308
-1372
-1436
-1436
-1500
-1564
-1692
-1756
-1756
-1756
-1756
-1756
-1692
-1756
-1692
-1692
-1692
-1692
-1564
-1436
-1308
-1180
-988
-924
-684
-356
-112
32
104
112
132
212
292
372
372
340
396
556
716
780
812
844
924
988
1116
1244
1308
1372
1372
1436
1436
1372
1308
1308
1308
1372
1500
1500
1436
1308
1180
1180
1244
1180
1052
988
844
844
812
748
524
428
396
324
324
340
276
244
244
244
260
244
104
104
260
356
372
276
164
80
88
64
32
72
104
132
148
180
212
164
24
-112
-212
-244
-396
-492
-556
-588
-588
-652
-780
-812
-876
-988
-1116
-1244
-1372
-1436
-1500
-1500
-1500
-1564
-1564
-1628
-1628
-1692
-1628
-1628
-1692
-1756
-1756
-1692
-1692
-1692
-1692
-1628
-1564
-1308
-1116
-988
-924
-876
-716
-492
-308
-104
24
48
120
244
372
460
372
324
356
460
620
684
716
780
844
924
1052
1116
1180
1244
1308
1308
1308
1308
1372
1372
1372
1372
1372
1372
1308
1180
1180
1180
1180
1244
1180
1116
1116
988
924
812
716
652
652
684
652
652
588
524
556
620
716
684
652
684
780
844
812
684
620
620
588
460
428
428
396
292
212
212
292
244
24
-164
-244
-244
-276
-396
-620
-716
-716
-716
-780
-876
-924
-924
-1052
-1116
-1244
-1308
-1372
-1436
-1436
-1436
-1436
-1436
-1564
-1628
-1628
-1692
-1692
-1756
-1820
-1820
-1820
-1692
-1692
-1628
-1564
-1436
-1244
-1116
-988
-924
-812
-588
-356
-212
-132
-40
48
132
260
372
428
428
460
556
588
620
620
588
588
652
716
716
716
780
876
876
876
876
924
876
844
844
876
924
924
924
876
812
844
812
844
780
716
716
684
652
524
460
396
396
428
396
428
396
428
428
428
372
292
292
396
460
524
556
492
428
428
460
460
396
228
120
56
40
80
132
40
-56
-112
-88
-32
-96
-260
-356
-324
-212
-180
-292
-396
-460
-460
-492
-620
-684
-748
-780
-812
-812
-876
-812
-844
-924
-988
-988
-988
-988
-1052
-1052
-1052
-924
-844
-780
-780
-716
-588
-556
-556
-492
-356
-164
-48
32
88
48
0
56
180
292
372
356
292
276
308
292
196
112
120
196
276
356
396
356
292
292
324
324
340
428
460
460
524
588
588
556
524
492
460
460
492
460
428
396
340
324
292
324
308
292
276
228
196
196
244
276
260
228
212
180
196
244
228
228
276
308
308
212
132
120
56
-24
-64
-132
-132
-80
-104
-212
-260
-212
-180
-164
-212
-276
-308
-212
-132
-104
-88
-96
-104
-164
-244
-356
-396
-428
-460
-492
-524
-556
-620
-716
-748
-716
-716
-684
-716
-780
-780
-684
-620
-556
-524
-492
-428
-324
-292
-276
-244
-148
-16
104
148
132
104
64
104
148
164
148
180
276
308
292
276
180
64
16
132
228
212
180
180
228
228
228
324
356
428
460
492
524
524
524
428
340
340
396
428
428
356
228
212
228
260
228
244
228
228
228
228
228
164
132
132
164
180
196
132
104
120
164
212
228
228
228
164
88
56
-8
-88
-48
48
180
180
48
-56
-132
-64
24
56
16
-32
-16
-32
-72
-96
-96
-72
-104
-164
-196
-244
-308
-372
-460
-492
-524
-556
-524
-588
-620
-620
-588
-588
-620
-588
-524
-492
-428
-460
-460
-396
-324
-276
-244
-228
-180
-32
64
80
72
72
96
164
212
180
80
24
8
32
80
96
8
-72
-88
-32
56
72
32
48
104
212
260
228
212
180
180
196
212
244
196
164
164
180
196
212
212
148
104
88
80
80
56
16
0
-8
0
0
-56
-72
-72
-32
32
72
88
72
56
56
80
104
96
88
96
80
8
-16
-64
-164
-228
-212
-148
-80
-80
-80
8
148
276
292
260
244
292
372
428
396
356
292
244
228
196
164
72
-48
-132
-148
-120
-88
-104
-132
-148
-132
-132
-180
-244
-308
-356
-276
-180
-164
-132
-132
-56
8
16
-16
-8
96
196
180
132
88
0
-8
0
16
0
8
40
56
16
-56
-88
-180
-228
-196
-104
-24
-8
-48
-48
-8
8
-24
0
72
132
148
96
48
-8
-64
-104
-56
32
72
80
80
64
24
-40
-96
-88
-40
-48
-24
8
16
8
16
16
0
24
16
8
-8
24
72
104
196
228
212
148
72
0
-64
-120
-120
-120
-132
-72
-40
-80
-132
-132
-56
24
56
104
148
132
132
112
80
96
120
164
164
104
16
-80
-180
-276
-276
-292
-292
-276
-292
-324
-324
-324
-324
-292
-292
-324
-276
-196
-180
-132
-104
-96
-24
48
32
8
24
64
132
164
148
164
164
212
228
164
64
32
32
-40
-72
-80
-164
-212
-212
-132
-64
-48
-16
-16
-32
24
132
196
196
212
244
228
164
132
148
120
148
196
212
212
196
180
148
148
212
196
148
164
180
164
164
164
164
148
180
228
244
228
180
164
120
64
48
16
-16
-72
-132
-212
-244
-260
-260
-228
-228
-180
-180
-228
-196
-132
-80
16
96
112
148
164
148
148
148
180
180
164
132
64
-72
-244
-308
-292
-260
-260
-244
-244
-212
-212
-212
-244
-292
-308
-324
-324
-260
-212
-196
-196
-148
-72
56
148
180
212
212
196
212
228
148
112
132
164
180
120
8
-64
-80
-48
-16
-40
-96
-120
-132
-104
-80
-88
-96
-112
-112
-72
-16
0
-16
0
72
120
148
88
0
-72
-112
-80
-40
-8
8
8
8
-8
-16
-40
-64
-56
-16
32
72
72
48
104
164
180
164
132
148
196
212
164
132
88
88
112
64
8
-48
-148
-212
-228
-196
-164
-132
-180
-196
-148
-88
-16
56
96
164
212
276
276
260
244
228
260
260
196
148
48
-80
-132
-112
-48
-72
-88
-120
-148
-132
-132
-148
-164
-180
-180
-72
0
32
80
88
64
48
112
164
196
164
112
132
148
132
72
24
16
48
80
32
-24
-72
-72
-80
-88
-132
-132
-164
-244
-260
-244
-228
-228
-276
-292
-244
-104
-48
-72
-72
-64
-16
16
16
0
-48
-120
-80
-24
-48
-40
0
0
0
0
0
88
180
244
292
308
292
292
276
244
260
212
260
292
292
276
244
180
120
104
64
40
32
8
-88
-164
-180
-180
-196
-212
-212
-148
-72
-56
-88
-96
-24
64
164
228
196
164
132
64
16
0
-32
-64
-148
-244
-244
-196
-180
-244
-276
-228
-148
-104
-180
-244
-292
-292
-260
-180
-88
-16
0
-8
40
80
120
104
72
56
112
196
228
120
40
16
56
112
132
120
88
40
8
0
-72
-88
-72
-72
-48
0
8
-40
-56
-72
-48
-8
32
56
8
-16
-32
-24
-80
-132
-120
-80
-80
-148
-180
-148
-120
-72
-8
-8
-24
-32
-8
0
8
16
32
56
88
88
72
104
104
80
56
32
0
-32
-64
-96
-88
-104
-120
-132
-164
-196
-212
-164
-164
-196
-196
-180
-88
32
112
180
228
292
324
356
372
372
340
308
260
276
324
276
148
72
80
80
132
132
64
56
88
80
64
48
-16
-16
0
80
120
132
164
180
196
212
228
212
196
196
196
260
324
244
148
40
24
32
64
24
-48
-80
-112
-164
-212
-260
-276
-308
-356
-372
-372
-356
-340
-372
-372
-324
-276
-260
-292
-292
-228
-180
-228
-276
-276
-276
-228
-196
-212
-212
-164
-120
-48
-8
-24
8
16
24
64
72
32
32
96
120
112
88
48
0
0
0
0
24
24
0
-32
-64
-64
-80
-132
-132
-112
-88
-72
-80
-148
-132
-80
-24
48
72
96
88
120
132
120
180
196
196
180
212
228
196
80
-24
-56
-24
24
24
8
8
24
120
196
196
148
148
164
244
308
308
292
276
292
324
356
372
324
276
260
276
324
324
244
164
132
180
244
180
96
16
0
56
24
-40
-64
-148
-212
-212
-212
-196
-212
-212
-212
-196
-196
-244
-260
-260
-212
-164
-164
-212
-228
-260
-276
-308
-308
-308
-276
-180
-120
-56
-16
-8
-48
-40
-16
-8
0
8
16
0
0
16
24
0
-32
-56
-64
-80
-48
-56
-80
-80
-80
-72
-72
-132
-212
-228
-212
-180
-164
-164
-164
-196
-180
-120
-80
-40
-32
0
40
72
96
148
88
48
24
-8
-16
-88
-148
-132
-120
-96
-64
-64
-56
-24
40
72
72
64
72
72
88
104
132
148
148
148
180
228
260
308
308
324
324
324
340
324
292
276
308
308
308
292
244
244
212
148
80
24
-8
-32
-80
-112
-112
-104
-104
-104
-112
-104
-120
-148
-148
-164
-132
-120
-148
-148
-132
-148
-120
-64
-24
-16
40
88
72
48
24
-8
0
56
88
104
96
56
16
24
24
-8
-8
-32
-48
-32
8
24
-24
-64
-72
-88
-80
-72
-120
-132
-112
-64
-40
0
24
8
-24
-32
-16
-16
-16
-64
-88
-48
24
48
24
-24
-72
-64
-80
-80
-80
-112
-112
-88
-64
-56
-56
-56
-32
16
80
80
40
48
72
96
132
112
120
164
164
132
80
48
32
0
16
40
72
48
-24
-16
0
16
48
40
8
0
-16
-32
-56
-112
-148
-228
-260
-276
-308
-308
-356
-396
-428
-396
-340
-292
-260
-228
-164
-96
-72
-80
-88
-112
-112
-88
-8
16
24
16
64
104
112
148
180
244
276
324
324
276
244
228
244
260
212
164
132
148
212
244
228
180
180
196
244
244
164
120
104
112
196
228
180
88
0
-40
-24
-8
0
-24
-56
-48
24
112
120
88
32
16
16
-8
-64
-96
-112
-104
-40
-48
-80
-80
-72
-48
-8
-8
-8
-24
-40
-32
-32
-48
-64
-48
-16
24
40
16
40
0
0
40
56
56
24
8
48
132
164
164
148
88
32
0
-72
-132
-148
-164
-148
-148
-164
-196
-228
-276
-292
-308
-324
-356
-356
-308
-292
-276
-276
-260
-244
-180
-164
-104
-64
-56
0
24
72
72
64
64
72
132
180
196
180
148
120
132
180
148
72
0
0
8
40
64
16
-8
-16
-24
0
16
-32
-64
-32
0
48
96
88
64
0
-72
-80
-80
-80
-24
-56
-88
-48
8
48
8
0
-8
-8
-8
0
-8
16
24
24
64
48
48
32
64
104
80
40
40
80
88
120
148
148
164
196
228
260
260
228
180
180
196
164
132
80
80
120
180
244
228
164
112
96
96
72
0
-40
-80
-120
-164
-228
-244
-292
-372
-396
-428
-428
-396
-396
-340
-276
-244
-212
-196
-180
-196
-164
-148
-96
-32
8
32
16
40
24
0
-8
8
48
96
112
104
80
112
164
164
120
96
88
88
104
112
132
132
132
148
180
180
212
196
196
212
212
212
212
196
180
120
72
64
40
8
-40
-64
-64
-24
-32
-56
-112
-132
-120
-120
-88
-64
-56
-40
-40
-72
-80
-72
-64
-48
-24
0
-24
-56
-64
-40
0
40
40
24
24
48
72
48
24
0
-16
0
0
-8
-56
-80
-80
-40
16
32
16
-8
-16
-8
-8
-8
-32
-80
-104
-180
-228
-292
-308
-292
-308
-324
-308
-308
-292
-244
-212
-196
-180
-164
-164
-148
-104
-80
-64
-16
48
24
24
64
48
48
64
88
104
132
164
148
148
164
164
164
104
64
88
96
112
120
88
80
72
64
40
48
56
48
24
32
40
48
80
72
32
0
-32
-40
-16
0
-8
-48
-88
-96
-80
-48
-48
-48
-56
-48
0
72
104
88
48
24
56
80
104
132
132
148
180
196
164
132
148
196
212
228
228
244
244
212
228
212
228
212
196
196
196
180
164
180
228
260
228
196
164
132
112
112
72
32
16
-48
-96
-148
-212
-228
-244
-276
-292
-340
-324
-292
-276
-244
-244
-276
-292
-276
-276
-244
-212
-132
-104
-148
-148
-120
-120
-96
-72
-72
-64
-40
-24
-24
-24
-8
0
-24
-64
-88
-88
-120
-148
-180
-196
-196
-212
-180
-164
-180
-164
-132
-104
-80
-72
-56
-32
-16
-24
-64
-112
-148
-148
-132
-120
-132
-132
-132
-120
-104
-112
-148
-196
-228
-196
-164
-88
-32
-24
-40
-24
0
8
48
72
132
180
196
196
212
212
212
212
260
276
308
324
308
276
276
276
244
228
196
180
196
228
276
308
308
308
292
292
292
260
244
180
180
164
148
112
32
-32
-32
-8
-24
-72
-132
-132
-104
-88
-64
-72
-88
-88
-72
-40
-8
0
48
72
96
148
164
164
148
148
164
196
196
212
228
244
244
260
244
196
148
120
120
132
112
80
8
-24
-16
-56
-72
-96
-88
-72
-96
-104
-104
-96
-104
-132
-180
-180
-228
-292
-324
-308
-292
-292
-292
-276
-276
-324
-356
-396
-428
-396
-372
-356
-324
-340
-356
-356
-340
-292
-260
-212
-196
-164
-164
-164
-164
-148
-132
-80
-40
-8
40
72
64
16
24
48
24
-8
-16
-24
8
32
56
96
112
148
180
196
164
148
132
96
96
88
64
24
0
-24
-40
-64
-64
-104
-180
-196
-180
-132
-88
-64
-88
-72
-64
-32
-8
-16
-24
0
0
8
40
64
104
148
164
196
244
228
244
244
244
244
244
196
164
148
132
132
148
148
120
112
104
96
104
80
96
120
148
164
180
228
212
196
196
180
180
148
132
148
148
112
96
88
56
48
48
8
-48
-40
-56
-40
-24
-8
8
0
32
56
40
40
72
88
80
80
104
88
104
120
132
180
196
196
212
180
148
148
132
104
64
32
0
24
0
-8
16
40
64
72
72
48
-8
-64
-80
-96
-148
-196
-260
-356
-396
-428
-460
-492
-524
-556
-556
-524
-492
-524
-556
-556
-524
-492
-460
-428
-396
-356
-292
-244
-228
-196
-148
-104
-88
-64
-8
-24
-48
-32
-40
-32
0
16
0
0
0
32
16
24
-8
-24
-24
-16
-8
-16
0
32
80
120
180
180
196
212
196
196
196
180
180
164
164
148
132
88
64
64
64
40
40
40
16
48
72
80
80
112
104
120
148
148
196
228
276
292
276
308
340
340
356
372
428
460
396
356
340
308
308
292
260
228
212
196
196
196
196
164
148
112
132
132
148
120
88
64
48
8
-56
-104
-180
-212
-228
-260
-260
-308
-372
-356
-324
-276
-292
-308
-308
-308
-276
-292
-260
-228
-196
-132
-120
-112
-120
-112
-80
-48
-32
0
16
8
0
24
32
40
24
-24
-16
-16
-24
-48
-88
-112
-132
-132
-132
-132
-132
-112
-112
-96
-104
-112
-148
-164
-164
-180
-164
-148
-164
-180
-180
-196
-212
-228
-244
-292
-308
-308
-324
-324
-324
-292
-228
-196
-180
-164
-180
-164
-148
-132
-88
-48
-40
8
64
112
180
180
212
276
292
308
308
276
228
212
244
244
228
196
180
164
148
196
260
260
292
308
324
340
340
308
260
228
228
228
212
180
112
48
16
16
8
-8
-24
-24
16
40
72
72
24
8
0
-24
-24
16
24
32
72
80
72
40
48
72
96
104
132
112
88
80
56
48
24
0
8
16
24
8
-24
-40
-32
-64
-56
-56
-56
0
64
72
80
64
56
72
88
80
64
40
0
-16
-8
0
-8
-24
-32
-32
-32
-32
-40
-80
-104
-120
-132
-132
-120
-120
-112
-104
-96
-72
-80
-40
-16
-8
8
24
48
40
40
48
72
72
48
8
-56
-104
-120
-132
-132
-132
-132
-132
-132
-132
-120
-112
-120
-104
-80
-80
-72
-112
-148
-164
-180
-180
-180
-212
-260
-292
-308
-308
-276
-244
-244
-260
-228
-180
-164
-148
-132
-164
-196
-212
-212
-180
-164
-104
-64
-32
-8
32
80
80
132
180
180
180
196
212
212
196
180
164
148
148
120
120
112
96
104
132
148
164
148
148
180
164
180
164
148
120
132
112
72
88
96
88
112
120
120
88
48
56
56
48
24
-24
-56
-80
-48
0
0
0
-8
0
32
56
88
80
104
132
164
212
244
244
228
212
228
244
