SAMPLES:	8370
BITSPERSAMPLE:	16
CHANNELS:	1
SAMPLERATE:	16000
NORMALIZED:	FALSE
-32
-32
-32
-32
-32
-32
-32
-32
-32
-24
-24
-24
-16
-16
-8
-16
-8
-8
-8
-8
-8
-8
-8
-8
-8
-8
-8
0
0
0
0
0
0
0
0
0
0
0
0
8
0
0
0
0
0
0
0
0
0
0
0
0
8
8
8
8
8
8
16
16
16
8
8
0
0
0
8
8
8
8
8
8
8
8
8
8
8
8
8
8
8
8
0
8
8
8
8
16
16
16
8
8
0
0
8
8
8
8
0
0
0
0
8
8
8
8
0
0
0
0
0
8
8
8
0
0
0
0
0
8
0
8
8
0
0
0
8
8
0
0
0
0
0
0
0
0
0
0
0
0
0
0
8
8
8
8
8
8
8
8
0
0
0
0
0
0
0
0
0
0
8
8
8
0
0
0
0
0
0
0
0
0
0
0
0
0
0
0
0
-8
-8
-16
-8
-8
-8
-8
-8
-8
-8
-16
-24
-24
-32
-32
-32
-40
-40
-40
-40
-40
-40
-40
-40
-40
-40
-40
-48
-48
-48
-48
-48
-40
-40
-32
-32
-32
-32
-32
-24
-24
-16
-16
-16
-8
-8
-8
0
0
0
0
0
8
8
16
8
8
16
16
24
16
24
24
24
24
24
24
24
32
32
40
40
40
40
40
40
40
40
40
40
40
40
40
40
40
40
32
32
32
32
24
24
24
24
24
24
32
32
32
24
24
24
16
16
16
8
8
8
8
8
8
8
0
0
0
0
0
-8
-8
-8
-8
-8
-8
-8
-8
-16
-16
-16
-16
-16
-16
-16
-8
-16
-16
-16
-16
-16
-16
-16
-24
-24
-24
-24
-16
-16
-16
-16
-24
-32
-24
-24
-24
-24
-32
-32
-32
-40
-32
-32
-32
-32
-24
-24
-24
-24
-32
-32
-24
-24
-16
-16
-16
-16
-16
-16
-8
-8
0
0
0
0
0
0
0
0
0
0
0
0
0
8
8
8
16
16
16
16
24
24
24
24
24
32
32
32
32
32
32
32
32
32
40
40
32
24
24
24
16
16
16
16
16
16
16
16
16
8
8
0
0
0
0
0
0
0
0
0
0
0
-8
-8
-8
-8
-16
-16
-16
-16
-16
-8
-16
-16
-24
-24
-24
-24
-16
-16
-16
-16
-8
-8
-8
0
-8
-8
-8
-8
-8
-8
-8
-8
-8
0
0
0
0
0
0
0
8
8
8
8
8
8
8
8
8
8
8
8
8
8
8
16
16
16
16
8
8
8
8
8
8
0
8
8
8
8
8
16
16
8
16
8
8
8
0
0
0
0
0
0
0
0
0
0
0
0
0
0
0
-8
-8
0
0
0
0
0
0
0
0
0
0
0
0
0
-8
0
-8
-8
-8
-8
-8
-8
-8
-8
-16
-16
-16
-16
-16
-16
-8
-8
-16
-16
-16
-16
-16
-16
-16
-16
-16
-24
-16
-16
-24
-16
-16
-16
-16
-16
-8
-8
-8
-8
-8
-8
-8
-8
-8
-8
0
0
0
0
0
0
0
0
0
0
0
8
8
8
8
8
16
16
16
16
16
16
16
16
16
16
16
16
16
24
24
24
24
24
24
16
16
8
8
8
8
8
8
0
8
8
8
8
8
8
8
8
8
8
0
0
0
0
0
0
0
0
0
-8
-8
-8
-8
0
0
0
0
0
0
0
-8
-8
-8
0
0
-8
-8
-8
-8
-8
0
0
-8
-8
-8
-8
-8
0
-8
0
0
0
0
0
0
0
0
0
0
0
0
0
0
0
0
0
0
8
8
8
8
8
8
8
8
8
8
8
8
0
8
8
8
8
8
8
0
0
0
0
0
0
0
0
0
0
0
-8
-8
-8
0
0
0
0
0
0
0
0
-8
-16
-8
-8
-8
-16
-8
0
-8
-16
16
8
-32
-40
-24
-24
-40
-32
-16
8
0
-16
-32
0
16
0
0
8
24
0
0
8
24
16
0
0
16
16
0
0
16
16
0
8
32
32
8
8
24
24
16
0
0
16
8
0
8
16
16
8
8
8
8
8
0
0
0
0
0
0
0
0
0
8
0
0
-8
0
0
0
0
-8
0
-8
-16
0
0
-8
-24
0
0
-24
-8
-8
-16
-16
-16
-24
-16
-8
-16
-24
-24
0
-32
-24
0
-16
-24
-16
0
-16
-16
-24
-16
0
-8
-24
-16
-8
-8
-24
-32
-8
-8
0
-16
-8
-8
-8
-8
-8
0
0
0
0
0
0
0
0
-8
0
8
0
8
24
16
8
8
32
16
16
16
24
24
32
16
16
32
40
24
24
48
40
32
32
24
32
32
16
24
32
40
40
16
24
32
24
32
32
40
32
24
32
24
8
24
16
16
24
8
16
8
8
32
0
0
8
8
8
-16
0
8
0
0
-16
0
0
-8
-24
0
16
-40
-32
-16
0
-32
-32
-16
-24
-24
-24
-40
-24
0
-48
-48
-8
-8
-72
-72
-32
0
-40
-64
-40
-40
-16
-64
-56
-40
-16
-48
-56
-40
-24
-32
-64
-40
-56
0
-56
-32
-32
-8
-8
-24
-32
-48
24
-24
-8
-56
8
8
-16
-32
-16
32
-32
16
-32
40
24
0
8
0
48
0
-8
8
48
0
16
8
56
8
8
0
24
72
0
0
40
96
0
0
56
64
48
0
24
40
80
24
0
16
80
72
-8
24
64
104
0
32
32
48
64
-16
56
48
24
40
24
72
40
0
16
64
40
0
-8
72
48
-80
40
24
24
8
-40
8
40
40
-88
8
32
8
-56
0
8
-48
0
-16
24
-56
-8
-72
56
0
-112
-72
-16
72
-96
-72
-24
16
-32
-96
-32
-8
16
-72
-88
-16
8
-48
-120
-16
8
0
-80
-64
-40
32
8
-120
24
24
-8
-48
-16
-56
16
16
-48
-40
40
0
-88
-40
-24
0
8
-64
-112
56
48
-40
-112
32
56
0
-16
-96
80
32
-96
-96
32
64
-56
-16
-8
64
40
-132
-40
132
112
-120
-96
88
56
-24
-72
8
148
104
-148
-80
80
148
-80
-64
104
120
48
-80
-48
16
228
-24
-56
8
88
80
-72
40
40
64
64
0
-24
104
56
-56
8
104
104
0
-64
-16
40
148
16
-80
16
164
0
-88
16
8
88
-16
-56
96
80
-40
-112
24
80
72
-32
-96
8
48
8
-132
8
48
56
32
-64
16
-120
132
-64
-24
120
-56
24
-120
120
-32
16
-72
-48
88
24
-56
-148
132
0
-24
0
32
24
-8
-40
-32
56
-8
-132
0
96
-40
-112
88
64
-132
-32
-16
-16
8
-8
-132
0
164
-72
-180
-40
72
-120
40
-16
-104
40
-24
-16
-88
0
-24
-56
0
-32
-64
-8
8
-32
0
-16
24
-56
-56
-132
32
164
-16
-48
-88
196
0
-96
-80
104
0
-24
-32
-112
196
-104
-48
0
228
-16
-148
80
-56
104
0
64
-120
40
72
-32
24
-16
0
24
180
-64
-80
-80
8
72
72
-40
40
244
-56
-16
-40
164
0
-112
132
-80
212
8
0
-40
88
56
-96
-48
-48
180
-32
80
-148
56
56
-180
104
-104
-8
132
164
-180
-72
244
104
-80
-260
120
72
16
-180
-80
324
148
-308
-16
148
80
-96
-428
292
180
-80
-120
-24
340
-88
-40
64
24
-32
-148
-24
180
244
-276
-48
180
228
-212
-104
132
120
32
-196
-32
72
164
-196
-88
308
132
-372
-164
32
72
132
-132
-56
180
148
-132
-396
148
308
-164
-244
-48
32
0
-148
-324
40
228
120
-164
-212
356
-32
-148
-196
0
244
16
-88
-396
148
244
-104
-244
16
356
32
-244
-180
132
48
-132
-56
56
148
0
-72
-260
120
180
-132
-180
148
64
-228
-96
0
-72
196
244
-104
56
0
-180
-196
164
148
-104
0
-64
8
-64
0
-32
132
244
-88
48
-32
-48
-228
-148
96
120
324
88
-16
104
244
-196
-340
180
24
112
-64
-120
40
340
180
-396
212
428
-180
-588
32
292
120
-16
-324
276
396
-64
-428
-120
372
-24
-372
16
524
72
-396
-164
292
212
-228
-196
-104
492
-72
-460
-16
340
32
-460
8
356
80
-132
-164
-80
428
72
-396
-88
212
-40
-396
48
492
64
-16
-148
64
228
16
-428
-292
652
196
-228
-132
164
276
-16
-260
-180
428
56
-356
-260
372
276
-24
-112
-356
492
324
-652
-396
524
428
-244
-212
104
24
164
-244
-524
396
556
-492
-164
396
356
-396
-684
0
524
104
-812
-260
556
588
-276
-588
-24
396
-24
-684
-196
460
180
-492
-32
780
148
-244
-492
-24
460
24
-556
-276
260
396
-64
-212
88
212
88
-88
72
32
-120
-212
64
24
8
88
-8
196
244
16
-120
-180
-292
-148
260
132
40
-48
-120
148
228
-104
-308
-32
16
-32
-48
-244
-16
260
132
0
180
-16
-132
-148
-212
-132
132
308
-148
-48
148
-40
8
-132
-180
212
72
-120
-80
120
-132
-196
180
196
228
324
-244
-556
228
148
-212
-104
228
196
104
196
-80
-48
-56
-212
-96
112
356
-164
-396
340
428
-148
-276
-72
-132
-56
32
112
148
148
56
-212
308
340
-428
-460
96
196
164
96
-40
-120
80
324
-164
8
56
-212
-40
-64
132
164
88
40
-56
120
180
-292
-164
-56
-72
260
180
56
-212
-88
132
292
24
-324
-164
228
212
-72
-56
-212
-164
-112
180
324
260
32
-260
-112
212
-56
-396
-260
120
356
212
-164
-396
80
212
-132
-244
-40
180
72
-324
40
588
212
-620
-460
460
292
-148
-492
-80
620
396
-588
-524
460
196
-556
-372
356
428
164
-460
-356
356
212
-748
-652
324
524
88
-48
-24
292
40
-652
-716
212
428
-276
-164
164
396
196
-308
-428
-16
112
-164
-228
164
588
48
-260
-308
132
228
-80
-148
-292
120
340
-180
-132
340
340
-56
-356
48
-48
-244
-276
180
748
396
-324
-356
-48
56
0
-276
-24
324
356
-48
-96
196
-72
-324
0
260
292
96
-196
-276
356
652
-64
-340
24
396
212
-148
-244
88
524
428
8
-32
-24
-96
-132
24
260
308
80
-196
-72
260
244
-292
-396
48
652
396
-292
-244
24
132
-132
-96
164
164
-164
-372
32
524
196
-428
-260
148
244
-324
-588
0
396
228
-196
-212
8
88
-48
-460
-180
260
80
-212
-164
104
-120
-396
-276
8
260
180
-244
-276
0
148
-292
-460
-212
48
148
-24
-24
40
-56
-244
-260
-40
228
-64
-396
-180
132
260
-16
-180
80
132
-16
-260
-276
-64
88
32
212
356
64
-88
-164
56
8
-132
-88
180
372
132
-212
-308
-24
112
148
228
196
164
-8
-104
64
148
-8
-72
196
396
324
40
-228
-228
132
356
72
88
64
0
88
120
88
0
132
0
-40
244
244
-180
-428
-56
308
244
24
-88
196
308
72
-228
-276
-32
308
64
-228
132
212
-88
-228
104
276
104
-180
-212
0
40
-132
-396
40
356
148
-132
-260
-164
-132
-308
-308
0
80
40
-40
32
-8
-148
-180
-132
40
148
-40
-96
-72
-80
-80
-132
-112
0
112
-40
0
48
-72
-212
-148
-48
-32
16
-8
-40
-24
-64
-212
-96
88
-24
-48
32
32
24
-120
-180
-40
244
276
64
-32
24
32
-180
-260
8
212
96
-16
16
80
112
-40
-244
-96
148
180
8
148
260
104
-24
-180
0
164
104
-64
16
164
244
196
16
32
104
212
132
104
212
228
132
48
132
40
-72
-104
-48
148
196
64
8
72
96
0
-88
-104
-40
132
148
80
-56
-96
-120
-112
-24
-72
-48
-16
-48
-24
-48
-56
-64
-96
-96
0
32
-148
-260
-164
-64
-24
-88
-244
-104
24
-48
-196
-148
-32
-64
-32
-24
-96
-120
-104
-196
-148
32
24
-148
-180
8
72
-180
-244
-88
120
120
-64
-56
16
8
-8
24
72
132
40
-16
-16
8
0
0
32
148
212
132
8
32
88
56
104
148
212
96
0
-104
-88
-16
40
88
148
180
96
-16
-72
-40
24
132
132
132
56
64
48
-8
-56
56
164
148
72
-48
-32
-24
-80
-8
164
276
88
-72
-80
-8
-56
-132
-24
104
196
72
-16
-24
8
0
-32
64
148
180
48
-64
-80
-8
-32
-112
8
180
292
132
-80
-104
-40
-16
40
56
56
8
-56
-64
-112
-40
-72
-64
-64
-32
-96
-148
-132
-88
-24
-112
-132
-64
-24
-96
-96
-180
-228
-164
-96
-72
-40
-8
-56
-80
-96
-56
-104
-180
-120
-96
-32
-56
-164
-164
-212
-164
-40
-72
-48
-56
-48
48
40
-8
-40
0
-24
-32
-48
-16
0
120
196
132
48
-32
-24
-48
48
180
260
244
148
72
72
64
148
308
324
260
132
72
112
132
180
276
396
372
212
56
32
48
16
56
120
180
148
32
-96
-96
-96
-96
-16
64
112
64
0
-24
-112
-196
-196
-120
0
-8
-132
-164
-212
-276
-276
-228
-132
-64
-96
-164
-164
-196
-244
-244
-164
0
132
96
24
-80
-112
-180
-164
-164
-96
56
16
72
80
-8
-164
-72
72
132
132
132
148
56
104
180
228
324
428
396
244
148
40
-40
56
196
324
372
276
132
0
-40
-56
-132
-120
-56
32
88
-56
-180
-324
-396
-308
-148
-40
-48
-132
-212
-260
-292
-244
-196
-80
-24
-112
-260
-396
-460
-556
-428
-324
-148
-132
-180
-260
-356
-428
-356
-196
-56
120
64
-24
-72
-40
-56
0
132
164
228
212
228
196
132
132
212
292
340
340
340
324
244
276
324
428
524
588
556
396
324
340
372
428
524
492
492
460
244
112
148
228
324
428
492
492
276
-16
-96
16
88
0
16
32
-8
-148
-260
-292
-324
-372
-292
-148
-196
-228
-340
-372
-428
-356
-356
-356
-308
-372
-356
-308
-244
-340
-292
-212
-148
-164
-244
-212
-228
-244
-260
-244
-196
-132
-104
-164
-148
-120
-164
-212
-120
-72
-40
-132
-180
-228
-180
-132
-120
-112
-8
64
8
-32
-56
-32
-80
-56
32
132
148
40
-16
-24
16
40
-24
-32
-24
-32
-8
24
56
96
164
196
228
292
308
228
212
260
276
324
372
428
460
492
524
492
460
324
292
276
292
260
396
588
844
988
988
988
924
876
652
524
396
460
396
292
292
212
228
48
-260
-556
-780
-924
-1052
-1180
-1116
-1116
-1244
-1244
-1244
-1372
-1500
-1628
-1628
-1628
-1564
-1500
-1436
-1372
-1372
-1308
-1116
-1052
-988
-988
-988
-876
-876
-812
-748
-716
-556
-460
-340
-292
-292
-132
40
212
356
492
524
556
620
652
780
876
988
988
1116
1244
1372
1308
1116
1180
1308
1308
1244
1244
1372
1308
1180
1116
1244
1308
1308
1244
1308
1308
1180
876
684
748
716
492
196
40
64
260
620
1180
1500
1500
1436
1884
3260
4604
5372
4604
3132
1980
1500
1436
1308
1500
1820
1692
716
-988
-2492
-3004
-3132
-3260
-3388
-3388
-3260
-3516
-3900
-4092
-4092
-4092
-4092
-4092
-3644
-2748
-2236
-2492
-2748
-2236
-1116
-212
64
96
32
180
372
812
1244
396
-1244
-2492
-2236
-1692
-1500
-1884
-1884
-1372
-988
-844
-988
-748
-428
-196
-164
212
684
620
492
620
1180
1436
1052
132
-492
-716
-588
-308
-164
32
324
684
812
716
460
96
-96
212
652
876
748
460
228
324
588
924
1244
1244
1244
1436
1564
1564
1436
1244
1180
1116
1180
1052
844
588
684
1372
2364
3388
3644
3644
3772
4860
6396
7164
6140
4092
2748
2620
2876
2620
2236
2108
2108
1052
-1052
-2876
-3388
-3132
-3260
-3644
-3644
-3260
-3260
-4092
-4604
-4348
-3900
-4348
-4860
-4604
-3388
-2876
-3132
-3516
-3260
-1980
-988
-780
-1052
-1308
-1436
-1372
-1180
-652
-396
-244
-292
-748
-1180
-1884
-2492
-2748
-1980
-460
1052
1500
684
-164
-716
-556
-164
396
652
812
716
428
260
-24
-460
-1116
-1244
-988
-428
-292
-716
-1372
-1564
-844
196
1052
1052
588
180
180
428
988
1372
1436
1308
1116
1052
780
164
-356
-396
276
1180
1756
1628
1244
924
924
1052
1372
1628
1564
1308
1116
1308
2236
3132
3516
3516
3644
4348
5628
7420
7932
6652
4348
2748
2620
2876
2620
2364
2492
2748
1756
-684
-3004
-3644
-3260
-3388
-3900
-3900
-3388
-3516
-4348
-4860
-4348
-4092
-4604
-5372
-4860
-3772
-3004
-3388
-4092
-3644
-2108
-924
-620
-924
-1308
-1500
-1564
-1500
-1116
-988
-524
180
-24
-924
-2108
-2748
-3132
-2876
-1980
-88
1628
1436
0
-1628
-2236
-2108
-1564
-1052
104
1052
652
-212
-780
-716
-876
-924
-588
180
716
460
-260
-924
-588
356
1180
1628
1980
1980
1628
1052
1052
1564
2108
2108
1756
1564
1308
620
-56
-396
-48
812
1628
2108
1980
1756
1436
1244
1052
1180
1692
1980
1756
1500
1692
2236
2492
2876
3004
3516
4604
6140
7676
7420
5372
2492
1308
1756
2236
2236
2108
2364
2236
276
-2748
-4604
-4348
-3900
-4092
-4604
-4092
-3516
-3900
-4604
-5116
-4348
-4092
-4604
-4860
-4348
-3004
-2748
-3388
-3644
-2620
-988
104
56
-460
-924
-1052
-988
-492
164
652
620
0
-1116
-1820
-2236
-2748
-2876
-1980
0
1756
1980
588
-876
-1756
-1980
-1692
-876
356
1244
1180
524
104
-96
-324
-684
-716
-276
308
460
-132
-716
-684
24
844
1372
1564
1372
988
556
556
988
1564
1628
1244
780
620
492
32
-460
-556
8
988
1628
1756
1500
1180
844
556
684
1052
1564
1692
1692
1628
1564
1628
1980
2876
3516
3772
4348
5884
7676
7932
6140
3260
1564
1500
1980
2108
2236
2876
2876
1180
-1820
-3900
-4092
-3516
-4092
-4860
-4604
-3772
-3644
-4092
-4604
-4348
-4092
-4604
-5116
-4604
-3388
-2876
-3388
-3772
-2876
-1244
-132
-196
-876
-1372
-1500
-1308
-924
-556
-148
-164
-812
-1564
-1980
-2236
-3004
-3644
-2876
-988
844
1372
684
-524
-1372
-1884
-1884
-1244
96
1116
1308
748
396
396
56
-652
-988
-428
356
556
120
-428
-620
-228
396
1052
1564
1756
1308
652
588
1116
1564
1436
1116
988
1052
988
620
132
-40
244
716
1436
1820
1756
1244
556
396
844
1500
1820
1820
1628
1564
1628
1628
1884
2620
3516
3900
4348
5116
6908
8316
7932
5372
2620
1820
2492
3004
2748
2748
3260
2748
620
-2364
-4092
-4092
-3644
-4092
-4604
-4092
-3516
-3772
-4604
-4860
-4348
-4348
-5116
-5628
-4860
-3388
-3004
-3516
-3772
-2748
-1180
-620
-1052
-1564
-1756
-1884
-1820
-1372
-988
-1436
-1980
-1564
-1052
-1244
-2492
-3516
-3516
-2492
-924
428
1436
924
-524
-2108
-2492
-1756
-372
620
1052
1500
1180
620
-32
-340
-556
-396
148
780
1244
1052
492
-180
-164
588
1628
2236
2236
1628
1052
876
1116
1564
1628
1436
1052
924
716
148
-460
-924
-716
196
1116
1500
1244
588
164
228
652
1116
1564
1884
1820
1628
1500
1564
1980
2876
3772
4604
5372
6908
8316
7676
5116
2236
1308
2108
3004
2876
2620
2876
2620
748
-2236
-4348
-4604
-4092
-4092
-4348
-3772
-3132
-3644
-4604
-4860
-4092
-3644
-4348
-5116
-4860
-3516
-2748
-3004
-3260
-2620
-1436
-652
-652
-812
-1116
-1500
-1884
-1628
-988
-844
-1692
-1980
-988
-652
-1628
-3004
-3132
-2236
-1052
-104
812
1564
924
-876
-2492
-2236
-524
1180
1500
1308
1308
652
-340
-876
-556
-180
164
428
924
1308
924
88
-652
-460
684
1980
2492
2236
1692
1180
924
1244
1756
1820
1308
780
556
340
-120
-684
-988
-716
120
1052
1436
1244
652
212
180
716
1564
2108
2108
1756
1436
1244
1500
2108
3004
3772
4348
5372
7164
8316
7164
3772
1052
780
2236
3004
2748
2620
2876
2108
-276
-3132
-4348
-4092
-3900
-4348
-4348
-3388
-2876
-3516
-4604
-4604
-4092
-3900
-4604
-5116
-4092
-3132
-2876
-3260
-3260
-2236
-1116
-684
-844
-1116
-1436
-1820
-1980
-1500
-988
-1372
-2364
-2748
-1628
-524
-988
-2492
-3132
-1884
-460
372
620
812
556
-620
-1756
-1564
120
1500
1564
924
924
1052
356
-684
-988
-244
492
924
988
1052
620
-104
-492
-244
652
1500
1884
1756
1628
1628
1436
1180
1052
1052
1052
812
372
-16
-372
-780
-924
-780
-112
652
1116
1052
780
588
780
1308
1692
1980
2108
1980
1628
1244
1372
2108
3260
4092
4604
5628
7164
8316
7164
3900
1244
924
2236
3132
2876
2876
3132
2492
-32
-3004
-4092
-3900
-3644
-3900
-3772
-3004
-2492
-3388
-4348
-4348
-3900
-3900
-4604
-5116
-4348
-3516
-3388
-3772
-3644
-2748
-1692
-1116
-1052
-1244
-1564
-1980
-1980
-1500
-1180
-1564
-2492
-2876
-1980
-780
-876
-2108
-2876
-2108
-684
396
780
812
428
-492
-1372
-1372
-148
1052
1372
988
844
924
428
-588
-1052
-524
308
1052
1436
1372
924
340
16
164
876
1628
1884
1628
1564
1500
1244
652
324
588
988
1116
748
196
-524
-844
-924
-620
0
620
924
844
588
524
748
988
1308
1500
1628
1756
1692
1436
1308
1628
2364
3132
3772
4348
5116
6396
7420
6652
4092
1692
1180
2108
2748
2620
2748
3132
2492
88
-2876
-4092
-3772
-3132
-3516
-3900
-3516
-3132
-3388
-4092
-4348
-4092
-4348
-4860
-4860
-4092
-3132
-2876
-3388
-3516
-2748
-1308
-396
-292
-812
-1436
-1564
-1244
-924
-460
-460
-1308
-2236
-2492
-2236
-2364
-2876
-2748
-1116
988
2108
1372
-132
-1116
-1116
-556
56
1052
1884
1980
1372
1052
1180
924
96
-652
-396
588
1372
1180
460
-112
56
780
1436
1756
1500
988
588
620
924
1116
876
428
180
196
148
-88
-588
-844
-684
-260
132
396
340
-96
-556
-492
104
812
1244
1116
988
1052
1372
1500
1372
1180
1372
2236
3516
4348
4860
5628
6908
7164
5628
3132
1308
1436
2236
2364
2492
3004
3388
1692
-1500
-3772
-3772
-2876
-3132
-4092
-4092
-3132
-2748
-3260
-4092
-4092
-3900
-4348
-4860
-4604
-3388
-2876
-3388
-3772
-3132
-1564
-620
-812
-1308
-1692
-1692
-1564
-1308
-1180
-1564
-2364
-2620
-1436
80
-148
-1980
-3260
-2492
-812
524
1116
1500
1436
460
-716
-1116
-356
620
1052
1180
1564
1980
1244
-148
-780
-308
460
1180
1500
1500
1180
620
88
228
988
1692
2108
1980
1820
1628
988
324
196
588
988
1052
748
260
-428
-1052
-1372
-1052
-396
132
308
164
24
64
396
748
924
988
1180
1564
1820
1756
1500
1308
1436
2236
3516
4348
4604
5116
5884
6652
5884
3772
1756
1372
2108
2620
2364
2492
2620
1628
-988
-3516
-4348
-3644
-3388
-3900
-4092
-3772
-3260
-3644
-4092
-4348
-4092
-4348
-4860
-4860
-4092
-3132
-3260
-3772
-3644
-2492
-1180
-524
-716
-1244
-1564
-1692
-1564
-1372
-1244
-716
-396
-748
-1500
-2108
-2236
-2492
-2108
-716
1436
2620
1980
372
-924
-1052
-428
260
988
1980
2236
1692
876
588
588
228
-228
-88
748
1372
1244
372
-260
64
1116
2108
2236
2108
1500
748
308
556
988
988
460
196
324
196
-244
-876
-1180
-988
-372
244
396
260
0
-228
-132
340
988
1436
1436
1308
1500
1820
1884
1628
1564
1980
2876
3772
4348
4348
4860
6140
6908
6396
4348
2236
1436
1820
2236
2236
2364
2620
1628
-716
-3004
-3772
-3388
-3388
-4092
-4604
-4092
-3260
-3260
-3900
-4092
-4092
-4348
-4604
-4860
-4092
-3516
-3388
-3772
-3516
-2492
-1308
-988
-1436
-1884
-1980
-1820
-1628
-1436
-1500
-1980
-1980
-524
988
460
-1500
-2748
-2236
-1180
64
1052
2108
2108
684
-780
-1180
-324
620
924
716
1372
1884
1116
-48
-492
-276
-24
460
988
1308
1052
428
-112
-80
716
1756
2236
1980
1628
1308
684
112
40
340
396
104
-132
-212
-556
-1180
-1692
-1628
-924
72
588
524
164
-8
260
556
1052
1564
1980
1980
1980
2108
2236
2236
2108
2620
3772
4604
4860
5116
5884
6652
5884
3900
2108
1884
2236
1980
1500
1692
2236
1564
-924
-3132
-3644
-3004
-3004
-3644
-3900
-3388
-3004
-3388
-3772
-3772
-3388
-3644
-4348
-4348
-3516
-2748
-3004
-3644
-3388
-2236
-1180
-492
-356
-524
-876
-1116
-1308
-1436
-1692
-1980
-1980
-1756
-1116
-780
-1244
-2108
-1980
-988
372
1244
1372
924
180
-148
-112
292
748
1052
1052
780
556
244
-228
-812
-988
-556
556
1500
1564
988
324
196
620
1308
1820
1884
1500
1116
780
652
556
228
-212
-492
-292
8
-32
-556
-1244
-1692
-1564
-924
-292
-48
-96
-324
-460
8
684
1052
1116
1116
1564
2236
2620
2748
2492
2492
3132
3900
4348
4092
4092
4604
5372
5884
5116
3644
2236
1436
988
716
844
1244
1116
-56
-1564
-2620
-2876
-3004
-3388
-3644
-3516
-3260
-3260
-3388
-3388
-3132
-3132
-3644
-3900
-3772
-3260
-3004
-3132
-3260
-2876
-1980
-1052
-460
-428
-716
-1244
-1564
-1564
-1564
-1564
-1564
-1244
-748
-492
-716
-1244
-1564
-1308
-460
396
924
924
684
308
40
148
524
844
844
876
988
924
684
372
260
372
812
1308
1628
1436
1180
988
988
1308
1756
1884
1628
1180
748
276
-112
-428
-556
-492
-340
-244
-276
-620
-1052
-1436
-1436
-988
-372
8
8
-48
-16
228
588
924
1244
1436
1756
2108
2492
2620
2492
2492
3004
3516
3900
3644
3132
3644
4348
4860
4348
3260
2364
1820
1116
308
212
588
652
-132
-1244
-1980
-1980
-2108
-2748
-3388
-3388
-3004
-3004
-3260
-3132
-2876
-2876
-3388
-3772
-3516
-2876
-2620
-2876
-3132
-2748
-1980
-1244
-780
-780
-1116
-1628
-1692
-1564
-1244
-1244
-1372
-1244
-876
-524
-812
-1372
-1628
-1244
-460
324
876
988
780
340
148
356
716
780
588
492
524
460
308
164
132
276
588
924
1180
1244
1052
812
844
1180
1500
1500
1308
924
556
244
-32
-212
-212
-80
-16
80
40
-212
-652
-1052
-988
-588
-88
212
212
212
356
588
924
1180
1436
1628
1884
2108
2108
2364
2364
2620
3388
4092
4092
3644
3260
3516
4092
4348
3900
3260
2748
2236
1500
716
396
460
260
-276
-924
-1308
-1436
-1884
-2492
-3004
-3004
-3004
-3132
-3260
-3260
-3004
-3260
-3644
-3900
-3644
-3260
-3132
-3260
-3388
-3132
-2364
-1980
-1756
-1628
-1308
-684
-460
-876
-1500
-1884
-1564
-1180
-812
-492
-180
-276
-924
-1372
-1116
-324
276
460
396
524
524
276
164
340
684
652
492
372
492
428
260
80
164
748
1244
1436
1308
1244
1116
988
924
1116
1244
988
492
24
-180
-372
-556
-652
-460
-180
0
48
-180
-428
-556
-556
-428
-132
212
396
588
684
924
1308
1628
1756
1820
1980
2236
2492
2748
3004
3388
3772
3900
3644
3388
3388
3772
3900
3516
2876
2364
1980
1628
1244
924
988
844
244
-620
-1180
-1308
-1564
-1980
-2364
-2620
-2748
-2876
-3004
-3260
-3132
-3132
-3260
-3260
-3260
-3004
-3004
-3132
-3004
-2748
-2620
-2620
-2620
-2364
-2236
-2236
-2108
-1756
-1436
-1500
-1692
-1756
-1500
-1116
-988
-876
-748
-556
-428
-244
48
356
460
396
492
588
556
460
396
428
620
924
988
748
524
460
524
780
1116
1436
1500
1436
1436
1500
1436
1180
988
812
812
844
716
524
308
112
64
164
196
276
196
-48
-324
-460
-372
-228
-148
-40
212
460
652
748
844
988
1372
1980
2236
2492
2748
3004
3132
3260
3132
3260
3388
3516
3644
3388
2876
2236
1628
1116
780
748
844
748
276
-292
-876
-1244
-1500
-1756
-1980
-1980
-1980
-2236
-2748
-3004
-2876
-2748
-2748
-2748
-2620
-2492
-2492
-2748
-3004
-3132
-3132
-2876
-2620
-2492
-2364
-2492
-2876
-2748
-2236
-1756
-1500
-1436
-1436
-1244
-988
-876
-780
-684
-556
-396
-56
396
652
524
324
244
428
684
748
652
588
652
684
652
652
748
844
924
988
1116
1244
1372
1436
1436
1564
1692
1692
1628
1500
1372
1180
1180
1116
924
684
460
372
372
276
72
-96
-244
-260
-164
-132
-112
-24
40
228
588
1052
1372
1436
1436
1756
2364
2748
2620
2620
2748
3004
3388
3516
3132
2492
1884
1628
1500
1372
924
588
324
196
96
-276
-716
-1244
-1628
-1884
-1980
-1884
-1884
-1980
-2236
-2236
-2236
-2364
-2492
-2492
-2492
-2492
-2492
-2364
-2364
-2492
-2620
-2748
-2748
-2620
-2620
-2748
-2748
-2620
-2236
-1884
-1564
-1436
-1372
-1372
-1244
-988
-588
-340
-324
-396
-260
104
396
428
308
212
324
492
556
556
556
620
716
780
876
924
844
812
924
1180
1372
1436
1436
1500
1500
1564
1692
1820
1820
1692
1756
1692
1500
1308
1052
876
716
652
652
524
276
88
-96
-164
-180
-148
-148
-148
40
460
876
1116
1116
988
1180
1564
1980
2108
2236
2236
2364
2492
2748
2748
2236
1628
1244
1244
1244
1052
716
308
-48
-324
-588
-812
-1052
-1436
-1820
-2108
-2108
-2108
-2108
-2108
-2236
-2364
-2364
-2364
-2364
-2492
-2492
-2620
-2492
-2236
-1980
-1980
-2108
-2492
-2492
-2364
-2364
-2236
-1980
-1884
-1820
-1500
-1052
-780
-716
-716
-588
-324
-16
120
16
-112
-88
64
228
308
460
524
524
588
716
748
780
748
844
1052
1180
1244
1180
1052
988
1052
1180
1244
1308
1308
1372
1500
1628
1756
1884
1884
1884
1820
1628
1372
1052
716
652
620
524
308
132
-56
-180
-244
-228
-180
-308
-308
-180
132
492
620
588
556
748
988
1116
1244
1372
1564
1756
1820
1980
1980
1884
1628
1244
1052
1052
924
652
308
16
-164
-340
-652
-876
-1244
-1628
-1884
-1980
-1884
-1884
-1980
-2108
-2108
-2108
-1980
-2108
-2108
-2108
-2108
-2108
-2108
-1980
-1980
-2108
-2108
-2236
-2108
-1980
-2108
-2108
-1884
-1692
-1500
-1308
-1116
-988
-988
-876
-652
-340
-148
-72
-112
-96
80
212
292
276
292
428
684
924
988
988
844
844
924
1180
1372
1436
1372
1244
1372
1564
1692
1756
1756
1692
1820
1980
1980
1884
1820
1756
1692
1756
1820
1628
1308
1052
812
780
748
620
308
48
-72
-104
-164
-212
-292
-244
24
244
260
132
132
180
308
556
780
924
924
924
988
1052
1116
1052
1116
1052
924
716
588
460
212
-56
-228
-260
-396
-716
-1180
-1500
-1628
-1756
-1884
-1884
-1884
-1980
-1980
-1980
-1980
-1980
-1980
-1980
-1980
-1980
-1980
-2108
-2108
-1980
-1980
-1884
-1884
-1820
-1756
-1756
-1756
-1628
-1436
-1244
-1180
-1052
-812
-524
-372
-308
-196
-180
-132
-104
88
228
308
372
396
460
524
588
620
748
812
876
988
1052
1180
1244
1308
1308
1372
1500
1692
1692
1692
1820
1980
1980
1980
1980
1884
1884
1884
1820
1756
1564
1372
1116
924
748
620
460
292
96
0
-48
-56
-80
-80
-80
32
132
148
196
292
428
460
460
492
588
684
684
620
620
716
876
876
844
876
812
652
492
340
228
80
-120
-276
-356
-460
-684
-1052
-1244
-1308
-1308
-1372
-1436
-1500
-1564
-1564
-1628
-1756
-1820
-1820
-1820
-1980
-2108
-2108
-1980
-1980
-1980
-1884
-1756
-1628
-1628
-1628
-1628
-1628
-1564
-1436
-1308
-1116
-924
-924
-924
-876
-780
-780
-780
-684
-556
-396
-228
-112
-96
-148
-88
132
396
460
356
308
428
684
924
1116
1180
1244
1436
1692
1884
1980
1980
2108
2108
2236
2108
2108
2108
1980
1980
1884
1884
1820
1692
1500
1308
1180
1052
876
780
620
524
588
716
748
684
588
492
524
716
876
780
588
396
396
524
588
652
620
620
620
556
460
276
196
164
196
308
396
260
24
-212
-340
-356
-428
-620
-876
-988
-988
-988
-1052
-1116
-1308
-1372
-1372
-1372
-1372
-1500
-1692
-1756
-1756
-1756
-1884
-1980
-2108
-1980
-1980
-1980
-1980
-1884
-1884
-1884
-1820
-1628
-1372
-1244
-1244
-1308
-1372
-1244
-1116
-988
-988
-924
-924
-812
-748
-620
-588
-556
-492
-308
-16
260
396
396
428
524
716
876
924
988
988
1180
1308
1500
1500
1500
1564
1628
1756
1820
1756
1628
1564
1564
1564
1564
1564
1436
1244
1052
924
876
844
812
716
620
652
748
844
812
684
620
652
780
812
748
684
588
492
492
524
492
492
588
684
716
684
588
524
524
556
556
556
460
276
148
72
-16
-180
-260
-260
-180
-72
-72
-180
-260
-292
-244
-308
-428
-588
-812
-988
-1116
-988
-1052
-1180
-1372
-1436
-1500
-1564
-1692
-1820
-1980
-1980
-1884
-1756
-1628
-1500
-1372
-1436
-1564
-1564
-1564
-1628
-1628
-1564
-1436
-1308
-1244
-1244
-1308
-1244
-1052
-812
-620
-588
-492
-340
-132
0
40
-16
64
308
492
684
844
988
1052
1116
1308
1500
1628
1628
1564
1564
1628
1820
1820
1820
1756
1820
1820
1564
1308
988
748
748
924
1052
988
924
780
716
620
556
396
308
340
396
372
260
180
72
24
48
132
228
340
308
212
244
292
372
396
372
292
276
164
56
0
-56
-88
-120
-164
-180
-120
-164
-292
-356
-308
-180
-104
-104
-180
-292
-356
-372
-372
-396
-396
-460
-492
-492
-524
-652
-780
-924
-1052
-1180
-1244
-1308
-1244
-1180
-1116
-1052
-1116
-1244
-1308
-1244
-1244
-1244
-1308
-1308
-1308
-1244
-1180
-1116
-988
-844
-716
-684
-620
-492
-356
-292
-340
-372
-308
-148
-8
72
148
228
460
716
924
988
1116
1052
1052
1116
1308
1436
1500
1436
1372
1372
1436
1372
1180
988
924
1052
1052
1052
1052
988
876
780
748
716
684
556
396
372
428
524
524
428
340
276
308
356
460
492
428
356
372
428
460
428
428
324
132
24
-56
-80
-120
-164
-180
-196
-196
-212
-260
-308
-276
-196
-132
-148
-228
-308
-356
-356
-356
-324
-372
-492
-492
-524
-524
-588
-716
-844
-988
-1052
-988
-924
-876
-924
-988
-988
-924
-876
-876
-924
-988
-988
-988
-1052
-1052
-1052
-988
-1052
-988
-812
-716
-748
-844
-780
-652
-492
-460
-524
-492
-460
-340
-276
-180
-80
96
292
428
524
620
716
716
812
988
1116
1116
1052
988
988
988
1052
1052
988
988
924
876
876
844
780
684
620
588
524
428
396
428
396
372
396
492
556
524
396
396
396
428
428
460
556
588
652
716
748
684
492
260
180
148
132
120
112
0
-132
-120
-56
-64
-32
-24
8
48
-64
-132
-180
-276
-308
-148
-16
40
16
-104
-196
-276
-428
-556
-588
-556
-556
-588
-684
-684
-620
-652
-780
-780
-652
-556
-588
-748
-780
-780
-812
-844
-812
-652
-524
-588
-684
-652
-524
-460
-492
-556
-588
-588
-588
-652
-588
-524
-492
-396
-244
-80
32
40
40
148
324
372
396
428
428
396
396
356
372
396
324
228
260
372
372
228
96
80
132
112
104
24
-112
-196
-196
-164
-104
-88
-96
-16
120
260
340
308
276
428
556
620
652
652
588
588
588
588
620
556
556
524
460
428
372
260
276
428
556
652
620
556
460
396
372
356
396
428
460
460
492
492
492
460
340
180
88
8
-132
-228
-244
-276
-324
-308
-228
-196
-292
-428
-428
-372
-324
-324
-356
-396
-460
-492
-524
-460
-372
-396
-524
-556
-492
-324
-340
-524
-684
-716
-588
-460
-460
-428
-372
-340
-212
-24
132
148
32
0
132
276
340
308
260
228
212
244
276
292
196
96
24
80
148
24
-228
-428
-396
-228
-212
-308
-428
-460
-460
-396
-340
-396
-460
-588
-524
-428
-340
-276
-292
-212
-96
-16
16
-48
-132
-180
-132
-32
80
132
104
16
-88
-112
-120
-104
16
164
212
212
180
148
196
276
340
396
492
588
588
556
588
652
684
684
588
524
396
292
228
180
196
164
180
196
228
308
196
104
0
72
180
196
148
40
-40
-96
-132
-164
-180
-148
-132
-132
-96
-56
-16
-40
-112
-88
-96
-80
-80
-164
-212
-132
0
88
180
180
148
180
228
308
428
492
460
356
308
260
244
164
72
40
72
96
112
96
-56
-244
-324
-292
-164
-96
-228
-428
-492
-524
-492
-556
-620
-620
-652
-652
-588
-492
-396
-340
-340
-292
-244
-196
-244
-292
-276
-212
-196
-164
-120
-132
-164
-276
-324
-340
-324
-212
-64
80
228
180
72
72
112
112
164
292
372
428
396
356
340
372
396
340
324
356
340
292
244
196
132
32
56
104
132
112
-8
-16
64
120
96
32
-8
-32
-72
-180
-244
-244
-228
-196
-164
-132
-104
-96
-132
-228
-308
-308
-292
-244
-196
-164
-88
-8
24
96
132
212
292
372
428
428
460
492
460
492
460
492
492
492
428
396
276
196
164
80
24
0
0
-8
-80
-120
-132
-148
-112
-212
-292
-356
-428
-372
-340
-324
-260
-180
-148
-164
-164
-148
-196
-260
-276
-276
-228
-196
-180
-196
-196
-244
-324
-372
-372
-356
-324
-228
-112
-40
-24
-24
-8
64
164
244
260
212
228
260
324
396
460
492
428
308
260
308
292
244
196
212
228
244
244
244
244
212
164
164
196
228
212
196
196
212
212
104
16
-24
0
0
8
72
88
-8
-104
-180
-212
-164
-164
-180
-164
-88
-16
-8
-16
16
40
16
32
80
104
132
164
180
164
80
32
40
72
80
8
-96
-228
-308
-356
-372
-396
-460
-524
-556
-588
-556
-588
-716
-780
-748
-684
-588
-492
-492
-460
-428
-292
-132
0
16
-96
-228
-260
-228
-164
-180
-196
-164
-164
-164
-112
-24
-32
-88
-72
0
180
276
212
120
48
148
276
340
340
340
324
396
524
620
684
620
556
492
492
524
460
324
276
212
180
180
164
164
148
148
196
244
244
228
228
228
228
196
148
120
64
0
32
96
88
56
-8
-48
-104
-104
-80
-80
-64
-8
32
0
-8
32
80
96
164
212
228
196
196
228
260
340
396
396
324
292
276
212
120
48
40
40
48
8
-164
-292
-308
-308
-276
-292
-356
-460
-524
-556
-556
-460
-356
-340
-356
-356
-324
-308
-340
-292
-292
-324
-356
-396
-396
-428
-492
-492
-428
-372
-308
-276
-308
-428
-460
-460
-340
-260
-228
-244
-244
-180
-96
-32
0
16
56
148
260
308
308
260
196
148
132
120
120
64
24
-40
-72
-32
-24
40
64
64
80
132
148
148
104
112
196
260
324
356
308
180
148
164
228
260
228
164
120
132
120
80
40
64
72
104
164
244
260
260
228
212
244
260
260
324
428
492
588
556
460
428
460
460
492
492
460
396
356
324
228
96
-16
-80
-88
-96
-148
-228
-260
-276
-276
-260
-244
-244
-244
-276
-276
-260
-260
-244
-228
-228
-276
-292
-324
-292
-292
-340
-308
-324
-324
-340
-340
-356
-356
-396
-396
-292
-244
-180
-120
-96
-64
-32
16
32
32
72
132
180
180
212
196
164
132
112
80
48
48
24
-48
-120
-148
-132
-104
-104
-80
-56
-48
-40
-24
-24
-8
8
48
104
96
32
-32
-80
-132
-120
-148
-180
-180
-228
-276
-340
-356
-356
-340
-308
-308
-276
-196
-120
-120
-96
-48
-16
64
96
132
196
244
276
340
396
396
396
396
372
372
396
396
292
196
132
80
80
88
56
-16
-56
-16
40
80
72
40
16
48
132
180
148
96
104
164
228
324
340
276
180
132
120
112
96
72
16
-40
-88
-48
-56
-88
-132
-120
-8
88
148
112
24
0
80
132
180
228
212
196
196
180
228
228
164
88
32
0
-48
-164
-260
-292
-292
-260
-228
-212
-244
-228
-212
-212
-148
-64
-48
-40
0
56
88
56
-40
-164
-180
-148
-120
-180
-276
-372
-428
-428
-340
-308
-356
-396
-428
-356
-292
-276
-308
-340
-308
-212
-96
-40
-72
-80
-48
-8
64
112
96
24
0
48
96
88
16
-80
-196
-180
-96
-24
-48
-112
-212
-180
-72
-64
-88
-148
-228
-228
-112
16
56
32
24
56
180
276
340
308
276
260
276
244
212
148
40
0
24
88
104
88
72
72
112
196
292
356
396
396
396
492
524
556
588
556
524
524
492
524
524
460
372
292
260
196
120
32
8
8
-16
-32
-24
-24
-40
-40
-16
24
40
40
40
88
148
164
88
0
-40
-88
-104
-112
-180
-276
-340
-372
-460
-460
-428
-428
-492
-492
-460
-460
-428
-460
-428
-308
-228
-164
-132
-164
-132
-8
80
132
148
104
24
0
0
-16
-88
-196
-260
-292
-260
-228
-308
-396
-396
-372
-308
-260
-244
-308
-372
-396
-292
-212
-212
-164
-120
-48
0
120
196
148
88
96
112
112
96
40
-8
-56
-80
-96
-40
48
80
64
16
8
40
164
276
276
276
276
292
340
356
324
324
308
324
396
492
524
428
292
148
72
48
16
-24
-72
-64
-32
0
8
72
88
96
112
164
164
196
228
228
244
244
260
180
104
32
0
-24
-48
-104
-164
-212
-196
-180
-148
-148
-212
-244
-196
-96
-24
8
0
-8
0
0
0
32
96
196
292
324
356
292
228
196
148
164
112
64
0
-88
-132
-132
-132
-148
-96
-104
-96
-96
-132
-112
-148
-180
-164
-88
-32
40
64
40
48
88
120
112
80
32
-32
-132
-148
-120
-132
-180
-228
-228
-164
-120
-148
-260
-292
-196
-88
-8
24
64
72
120
180
212
196
164
112
112
164
244
244
132
-8
-148
-180
-164
-180
-260
-340
-396
-356
-260
-180
-180
-212
-164
-180
-212
-212
-244
-228
-164
-88
-8
0
-40
-112
-180
-228
-260
-308
-396
-460
-492
-460
-460
-460
-460
-460
-396
-356
-292
-180
-112
-148
-132
-72
0
40
56
88
132
164
244
292
308
308
260
228
244
228
228
244
228
196
164
164
228
260
244
212
244
276
308
308
292
260
244
292
372
460
524
524
492
524
524
556
524
428
324
212
212
228
212
180
148
180
180
180
180
196
132
104
148
212
324
396
396
356
308
276
276
260
292
308
276
308
308
244
132
-16
-112
-164
-180
-244
-276
-292
-340
-340
-324
-324
-356
-396
-396
-396
-324
-260
-180
-132
-148
-132
-148
-212
-292
-356
-372
-396
-428
-428
-428
-428
-524
-556
-556
-556
-588
-588
-524
-460
-428
-428
-428
-372
-356
-324
-244
-228
-228
-212
-180
-132
-96
-112
-112
-120
-132
-132
-132
-132
-132
-196
-212
-180
-148
-132
-164
-180
-164
-132
-96
-64
-80
-64
-56
-8
80
164
164
132
148
196
228
228
212
228
196
148
196
244
212
212
260
260
276
244
244
260
276
292
308
356
460
524
588
620
556
524
492
524
556
588
588
556
588
556
524
428
308
228
164
148
164
148
148
148
104
96
96
64
48
56
40
64
64
48
80
64
64
80
64
32
-32
-96
-164
-180
-148
-180
-196
-260
-340
-340
-356
-396
-372
-340
-324
-324
-308
-276
-260
-228
-212
-180
-132
-80
-56
-48
-56
-80
-72
-64
-72
-24
-40
-132
-164
-180
-180
-212
-196
-196
-164
-164
-180
-180
-148
-112
-104
-120
-104
-88
-64
0
-24
-64
-120
-180
-212
-228
-244
-244
-212
-196
-196
-228
-244
-228
-228
-196
-164
-212
-228
-196
-164
-132
-88
-48
32
112
148
164
148
132
96
80
164
212
164
132
132
164
212
196
112
16
-16
0
8
8
32
32
24
24
32
48
48
16
40
80
96
148
164
196
228
276
260
196
164
96
64
16
24
48
32
24
0
-16
-48
-88
-132
-120
-64
-48
-32
-32
0
56
56
64
112
196
212
228
260
292
308
324
340
324
308
228
164
104
104
112
112
112
132
164
180
164
148
132
104
72
64
132
180
164
148
132
64
8
-8
-16
-8
0
16
32
48
56
48
32
8
0
-32
-88
-164
-196
-196
-180
-132
-56
-16
-16
-24
-56
-72
-72
-48
-32
-8
-16
0
-8
-64
-96
-104
-96
-164
-212
-228
-260
-228
-228
-260
-324
-356
-356
-356
-276
-196
-196
-244
-260
-260
-212
-196
-196
-164
-132
-132
-164
-180
-196
-228
-276
-276
-260
-244
-228
-276
-324
-356
-340
-356
-396
-396
-372
-340
-260
-148
-40
32
104
112
132
180
164
164
164
196
228
228
212
196
164
120
112
132
120
88
64
80
104
164
180
164
164
148
180
228
260
340
396
428
428
396
372
308
244
260
292
308
308
292
292
292
244
244
276
260
228
180
148
164
180
196
228
244
212
196
164
164
212
228
260
260
244
228
212
180
148
120
132
72
24
-8
-64
-104
-164
-164
-180
-212
-244
-244
-244
-244
-260
-276
-292
-244
-196
-196
-196
-180
-180
-148
-148
-180
-228
-260
-324
-396
-396
-340
-340
-372
-396
-428
-396
-396
-428
-492
-460
-428
-324
-292
-276
-196
-164
-132
-104
-80
-56
-72
-64
-24
40
72
24
-24
-48
-72
-88
-148
-212
-196
-164
-120
-80
-24
48
88
80
96
88
88
64
48
120
196
244
292
292
276
276
244
228
260
276
276
260
228
244
244
148
88
48
56
40
24
48
112
180
180
164
164
164
180
212
228
260
276
260
276
276
292
260
180
80
48
40
56
48
24
40
24
8
8
-24
-64
-64
-64
-48
-48
-8
24
24
16
0
24
40
40
32
56
56
40
8
-40
-72
-80
-112
-180
-212
-228
-276
-276
-292
-324
-308
-244
-212
-148
-88
-40
8
0
-8
0
-16
-32
-32
0
24
40
0
-40
-56
-56
-40
-88
-148
-180
-196
-164
-112
-72
-48
-32
0
16
32
16
8
32
40
104
164
180
196
212
196
148
148
132
104
64
24
72
120
132
88
16
-56
-104
-112
-112
-112
-132
-96
-88
-88
-88
-104
-112
-120
-88
-40
0
0
0
-16
-24
-16
0
0
-48
-48
-56
-64
-72
-48
-40
-16
-32
-64
-88
-148
-196
-228
-196
-164
-132
-120
-148
-132
-120
-112
-104
-104
-56
-16
-16
0
-40
-96
-148
-196
-196
-196
-180
-180
-180
-180
-196
-180
-180
-180
-120
-96
-72
-8
48
104
132
148
180
212
212
228
180
180
148
132
132
148
180
196
164
180
228
228
244
324
356
396
428
428
428
372
324
324
356
396
460
524
524
492
428
396
356
340
292
244
260
260
276
260
180
104
64
0
8
48
32
-8
8
64
48
48
8
-8
-32
-48
-32
-32
-48
-24
-8
-24
-48
-40
-32
-16
-8
-48
-80
-120
-132
-148
-164
-212
-276
-356
-396
-396
-396
-340
-340
-340
-396
-396
-396
-396
-396
-428
-428
-396
-356
-372
-396
-460
-524
-588
-588
-588
-588
-620
-652
-652
-620
-620
-620
-588
-620
-556
-492
-396
-340
-324
-292
-244
-196
-148
-112
-112
-88
-40
8
8
0
24
96
164
212
212
212
244
244
244
