SAMPLES:	7775
BITSPERSAMPLE:	16
CHANNELS:	1
SAMPLERATE:	16000
NORMALIZED:	FALSE
16
16
16
16
16
16
16
16
16
16
16
24
16
16
16
8
8
8
8
8
8
8
8
8
8
8
8
0
8
0
0
0
0
0
0
0
0
0
0
0
0
0
8
0
0
0
0
0
0
0
-8
0
0
0
0
0
0
0
0
-8
-8
-8
0
0
-8
-8
-8
-8
-8
-8
-8
-8
-8
-8
-8
-8
-8
-8
0
-8
0
0
0
0
0
0
0
0
0
0
0
0
0
0
0
0
0
0
0
0
0
0
0
0
0
0
8
0
0
0
0
0
0
0
0
0
0
0
0
0
0
0
0
0
0
0
0
0
0
0
0
0
0
-8
0
0
0
0
0
0
0
0
0
0
0
0
0
0
0
0
0
0
0
0
0
0
0
0
0
0
0
-8
-8
-8
-8
0
-8
-8
-8
-8
-8
-8
-8
-8
0
0
0
0
0
0
0
0
0
0
0
0
0
0
0
0
0
8
8
0
0
0
0
0
0
0
0
0
0
0
0
0
0
8
8
8
16
16
8
8
8
8
8
8
8
16
8
8
8
8
8
8
8
8
8
8
8
8
16
16
24
24
24
24
24
16
16
16
16
16
16
16
16
16
8
16
8
8
8
8
8
8
0
0
0
0
0
0
0
-8
0
-8
-8
-8
-8
-8
-8
-16
-16
-16
-16
-16
-16
-16
-16
-16
-16
-24
-24
-16
-24
-16
-16
-16
-24
-24
-24
-24
-24
-24
-24
-24
-24
-24
-16
-16
-16
-16
-16
-16
-8
-8
-16
-8
-8
-8
-8
-8
-8
-8
-8
-8
-8
-8
0
-8
-8
-8
0
0
0
-8
0
0
0
0
0
0
0
0
0
8
8
8
8
16
32
80
24
-16
0
24
8
-16
-16
16
64
24
-24
-16
40
40
0
-8
24
48
24
8
16
64
48
0
8
40
32
8
8
24
40
24
16
32
40
24
16
24
32
24
8
0
8
8
0
0
8
24
16
0
0
16
0
0
-8
0
0
-8
-8
-8
0
0
-8
-16
-16
-16
-16
-16
-8
-8
-16
-16
-16
-24
-16
-24
-24
-24
-32
-32
-40
-24
-24
-32
-24
-24
-24
-24
-32
-24
-32
-24
-24
-24
-24
-16
-16
-16
-24
-24
-16
-24
-16
-16
-16
-8
-8
-8
-8
-8
-8
0
0
0
0
0
0
-8
-8
0
0
0
0
0
16
24
0
0
16
24
0
0
8
24
8
0
8
24
24
0
16
16
16
8
8
24
24
0
16
24
16
16
8
24
32
24
8
8
8
0
0
0
8
8
0
0
8
8
0
0
0
0
0
0
0
-24
0
0
0
-16
-8
0
0
0
-16
-16
16
8
-24
0
8
8
-8
-16
0
8
8
-16
0
16
0
-16
8
24
8
-8
0
16
24
-8
-8
24
16
8
-8
8
8
8
0
-8
16
32
0
-8
16
24
24
0
-8
24
24
8
-16
0
24
8
-16
0
8
16
0
-16
16
8
0
0
0
16
0
0
0
0
0
-8
0
-8
0
-24
0
-8
8
-8
-16
8
0
-8
-8
0
-16
0
-24
-24
-16
0
-32
-40
0
-16
-16
-16
-16
-24
0
-24
-24
-24
-32
-8
-8
-16
-40
-8
-32
-8
-16
-32
-16
0
-8
-24
0
-16
-8
0
-24
0
0
-24
-8
0
8
-24
-8
8
-16
0
0
0
0
8
0
0
8
8
-16
0
24
0
32
0
0
32
24
-16
8
16
24
0
-8
24
32
24
0
16
24
16
0
0
16
40
16
8
32
8
40
24
16
24
8
8
0
40
48
16
0
24
32
8
0
32
24
16
16
8
8
16
16
16
0
16
16
24
0
-8
24
0
32
-32
16
24
0
8
-40
0
32
16
-56
0
0
0
-16
-40
0
0
0
-56
-48
0
-24
-32
-40
-40
-8
-16
-32
-56
-32
0
-24
-32
-48
-56
-16
0
-40
-48
-8
-16
-16
-40
-24
-8
-8
-24
-56
-32
-24
8
-40
0
0
-16
0
-40
16
-40
8
-40
-32
-8
0
8
0
0
-48
56
8
24
-40
40
48
8
-24
-32
80
64
0
-40
56
56
24
-8
0
32
48
16
-24
24
72
48
-48
16
56
32
40
-16
-8
80
56
-32
0
96
24
-8
16
0
64
0
-32
-16
64
32
-48
16
64
0
-48
8
0
64
-8
-16
8
24
24
-120
24
48
24
-64
-72
80
0
-48
-64
32
8
0
-32
-24
48
40
-72
-48
56
24
-48
-24
0
16
-32
-16
16
16
0
-72
8
24
-48
-16
8
16
8
-24
-40
56
24
-24
-112
64
40
-56
0
-24
132
-40
-32
-48
48
96
-56
-32
-8
112
-24
-96
-24
64
48
-56
-32
-24
40
8
-32
-72
132
8
-104
56
0
96
-96
0
0
0
24
-120
0
80
40
-88
0
32
-40
-64
-8
40
24
16
-48
-16
80
0
-196
64
88
40
-80
-120
80
0
-8
-40
-16
64
0
-72
0
-16
40
-72
-24
48
-32
-56
-40
56
-40
-64
32
0
-8
0
-40
-56
48
-88
-88
88
56
24
-148
0
0
24
8
-80
8
16
64
-24
-32
8
24
-16
32
24
-16
72
-80
56
16
-32
0
-16
56
16
72
16
-32
56
-64
16
96
16
72
56
40
64
32
72
-72
-16
164
24
72
-80
56
120
48
0
-48
120
32
16
40
0
112
72
-56
8
88
96
-32
-48
-56
48
164
88
-104
-48
132
-64
0
0
-8
40
-40
-40
-16
80
24
-64
-96
32
24
-8
-96
-132
24
56
8
-72
-96
-40
40
-48
-120
-40
-48
-64
-16
-104
0
32
-64
-148
-48
24
-80
-80
-132
-96
96
148
-148
-308
-48
164
24
-132
-148
32
212
-148
-196
-40
56
40
-196
40
104
80
-196
-164
164
180
-88
-212
0
40
180
-32
-64
-80
0
72
-48
80
-112
72
24
16
40
-40
88
80
-24
-64
132
132
56
-132
48
112
120
-72
-132
148
180
16
-64
40
132
180
16
-120
80
164
64
-180
-8
244
112
64
-80
-48
180
244
0
-164
148
148
148
-88
-180
80
164
148
-96
-120
120
276
-40
-212
-80
148
104
-104
-112
72
96
-32
-196
-88
212
24
-180
-64
88
-56
-180
-8
16
88
0
-212
-148
96
96
-340
-132
40
148
40
-228
-228
56
96
-228
-164
32
308
-96
-148
-292
-120
356
-104
-228
-72
180
112
-56
-276
-72
180
164
-292
0
260
-104
-88
-148
0
132
132
-104
-164
148
132
-8
-180
56
120
-8
164
-64
24
-72
0
48
0
96
104
-32
0
-8
8
96
-244
24
212
244
16
-356
-16
228
120
-244
24
164
132
-16
-112
0
24
148
-8
-48
8
8
-16
-96
-148
180
340
16
-260
0
88
56
-88
-244
0
308
308
-396
-164
132
196
80
-492
24
428
228
-396
-556
112
372
96
-292
-228
340
372
-460
-460
80
396
164
-356
-148
132
132
-180
-244
96
164
164
-80
-32
-96
-32
-48
32
-180
-48
244
56
16
-180
164
120
-148
-120
-48
356
40
-292
-132
260
356
-104
-308
32
396
72
-324
-212
356
244
-72
-244
-56
276
148
-56
-120
24
308
64
-260
72
180
244
-428
-196
96
308
372
-460
-88
196
428
-244
-396
244
244
64
-356
-228
196
356
0
-428
-120
556
132
-324
-40
112
244
-260
-244
0
260
244
-556
-148
104
132
-40
-120
0
24
8
-212
-180
24
164
-372
24
80
8
-120
-244
180
56
-8
-460
8
180
72
-356
-212
40
148
72
-244
-104
164
64
-396
-132
112
212
-180
-340
16
340
96
-80
-104
-96
212
96
-260
-24
396
340
-292
-396
244
292
104
-324
-8
324
308
-356
-292
164
396
-8
-492
164
292
460
-148
-524
72
492
228
-524
-148
340
340
-132
-340
-40
588
276
-180
-492
164
492
-148
-324
-72
428
292
-104
-260
16
260
112
-164
0
396
260
-396
-356
32
308
132
104
16
-112
96
-24
-228
-212
120
112
-72
164
0
-40
-104
-96
-16
0
-32
-104
-180
-64
148
-276
-180
0
-16
-132
-104
72
-112
-260
-24
-104
48
32
-276
-96
56
132
-276
-292
32
32
64
-96
40
0
-104
-56
-120
148
56
-132
132
104
-24
-80
-164
0
120
132
-16
24
244
-132
-228
48
460
340
-228
-132
40
228
-8
-72
120
56
88
72
-112
164
260
16
-164
8
180
16
196
-64
-72
132
340
164
-32
32
64
32
-212
-132
112
396
260
-64
-32
212
32
-292
-180
276
396
-80
-196
8
244
56
-292
228
276
-64
-120
-96
80
-112
-244
-88
276
428
-56
-292
-72
16
-228
-292
0
180
148
-72
-180
-88
148
-72
-164
-132
40
-48
-64
-196
-260
-32
32
120
-180
64
72
-212
-112
-96
-260
-212
0
104
104
8
16
-196
-132
-96
-164
132
88
-64
-164
-64
164
-16
-276
-196
112
340
-8
-356
-260
40
-132
-196
-48
340
492
-132
-492
-40
308
-8
-244
-48
372
292
-16
-244
-88
164
24
-72
88
196
164
-164
-260
24
88
56
-16
-16
88
196
-80
-148
-24
24
56
0
48
64
164
-72
-276
48
180
88
48
164
88
0
260
180
48
-48
16
148
16
16
-48
308
308
-88
-132
104
228
32
-164
-24
244
212
56
-112
16
80
-80
-260
-132
164
72
-56
-276
-24
180
48
-88
-104
148
164
-32
-196
-148
148
88
-132
-120
120
164
0
-148
-96
64
-56
-132
-48
-8
40
120
-112
-196
8
112
-56
-228
-112
-96
24
40
32
180
132
-64
-196
-48
-24
-104
48
32
64
120
56
-8
-104
-88
-32
24
48
16
80
104
-56
-64
64
32
-24
-112
-48
-16
-56
-16
16
132
120
24
-56
-112
16
-56
-8
48
72
132
-24
-72
-104
-80
32
48
56
48
96
48
-80
-80
-32
-88
-24
40
72
16
-96
-8
48
-64
-180
-112
-24
-112
-180
-88
32
148
56
16
0
-80
-104
-164
-164
-64
80
80
16
16
64
-32
-112
-132
-48
120
112
40
-32
-8
-16
-104
-96
0
72
104
40
24
96
-72
-104
-40
40
212
164
24
-56
-32
16
8
132
180
148
132
-16
-64
32
48
24
48
180
112
24
32
0
0
8
8
80
180
112
-8
64
56
-48
-104
-16
104
148
80
-8
-48
-56
-132
-196
-112
72
164
72
0
-88
-64
-80
-96
-72
96
196
40
-132
-112
-64
-64
-32
-24
72
120
56
0
-112
-120
16
72
16
0
56
32
-148
-132
-56
16
40
-24
-8
-24
32
-48
-164
-56
8
0
-72
-16
24
-80
-164
-180
-72
0
-48
-64
-32
32
32
-24
-72
-64
-88
-56
32
96
164
32
-96
-80
-24
-8
-80
-56
16
48
72
64
48
48
-24
-56
-8
72
72
24
72
148
120
8
-112
-48
24
64
64
164
180
48
-24
0
40
48
40
40
148
120
32
-80
-32
48
40
64
72
80
40
-48
-104
-40
80
88
16
8
24
48
-32
-96
-72
-40
0
-40
-40
8
24
16
-48
-16
80
88
16
-32
0
72
48
-40
-56
-32
0
-48
-88
-120
-96
-16
-72
-96
-80
24
-16
-72
-64
-80
-56
-88
-80
-80
0
0
-56
-96
-40
0
0
-32
-104
-48
-96
-72
-24
40
0
-80
-88
-48
-56
-88
-80
-24
96
72
0
-64
-40
-16
16
48
112
132
64
-8
-32
-8
0
-32
0
72
132
96
56
120
80
16
-72
0
120
148
64
40
104
72
-24
-72
48
180
244
132
112
112
48
0
-8
132
260
244
132
64
16
16
0
16
132
164
112
8
-24
-32
-24
-8
40
104
88
40
-88
-132
-104
-40
0
0
0
8
-16
-104
-104
-72
-40
-40
-56
-40
-16
0
-96
-180
-180
-112
-80
-104
-112
-120
-148
-228
-228
-228
-196
-164
-148
-132
-104
-120
-164
-164
-164
-120
-64
-96
-132
-164
-96
-48
-72
-24
-56
-32
8
-32
-64
-40
-8
16
16
40
64
80
24
-24
0
16
24
8
-40
24
164
228
80
32
64
112
196
148
148
148
228
196
164
228
308
308
196
196
260
276
196
164
196
292
292
228
228
164
132
32
-16
0
64
96
88
80
32
-8
-64
-132
-120
-72
-32
-48
-112
-148
-148
-164
-212
-244
-148
-88
-96
-104
-164
-196
-212
-180
-196
-148
-120
-132
-180
-260
-244
-228
-132
-132
-148
-112
-88
-72
-96
-132
-148
-88
-56
-24
-40
-48
-64
-120
-212
-164
-88
-96
-64
-32
24
0
0
0
0
32
0
-32
-32
-8
0
32
56
48
104
112
88
120
164
132
72
88
132
276
324
356
396
460
428
356
324
340
356
396
428
428
460
460
428
396
372
396
396
260
164
112
40
64
64
132
164
180
148
24
-56
-64
-32
0
24
96
132
104
32
-8
-32
-16
-24
-48
-96
-120
-164
-292
-324
-308
-276
-308
-396
-460
-460
-524
-620
-652
-620
-684
-716
-748
-812
-844
-844
-876
-876
-844
-844
-876
-844
-844
-844
-812
-812
-780
-716
-652
-652
-684
-652
-556
-524
-460
-460
-428
-324
-196
-112
-64
-24
72
104
148
324
492
620
556
524
556
716
748
748
780
924
1052
1116
1116
1116
1116
1116
1116
1116
1244
1436
1500
1372
1180
1116
1052
988
988
988
924
988
988
924
812
780
780
684
748
748
588
396
196
-16
-132
64
372
780
1052
1180
1436
1756
1820
1564
1308
1500
1884
1980
1564
1116
812
524
56
-780
-1372
-1564
-1692
-2236
-2876
-3004
-3004
-3004
-3260
-3388
-3260
-3132
-3132
-3388
-3516
-3132
-2876
-2748
-2748
-2236
-1564
-1052
-652
-556
-748
-988
-1244
-1116
-1116
-1116
-1372
-1436
-1628
-1884
-2108
-2236
-1820
-1244
-780
-588
-276
-24
0
0
260
812
1052
1052
924
988
924
924
748
684
988
1244
1436
1308
1244
1308
1308
1308
1436
1628
1500
1180
1052
1180
1308
1308
1244
1244
1372
1628
1820
1980
1820
1692
1628
1564
1436
1116
924
716
620
588
684
780
684
588
556
556
428
524
844
1308
1692
2620
4348
6140
6396
4604
2492
1180
924
988
1052
1692
2364
2364
780
-1308
-2748
-3260
-3644
-4092
-3900
-3260
-2748
-3004
-3644
-4092
-4092
-3900
-4092
-3900
-3388
-2748
-2620
-3004
-3260
-2620
-1628
-812
-588
-924
-988
-812
-780
-1052
-1308
-1308
-1244
-1436
-1756
-1756
-1628
-1628
-1884
-1820
-924
0
324
88
-48
260
524
492
276
428
716
812
588
244
244
228
0
-88
120
492
396
40
-164
132
620
924
1052
1052
1180
1244
1244
1052
1116
1308
1436
1628
1884
1980
1980
1692
1244
1052
924
988
1244
1372
1436
1372
1244
1116
924
812
1052
1436
1820
2108
2108
1980
1564
1564
1884
2236
2364
2364
3260
5116
6908
6396
4092
1756
620
524
556
812
1628
2364
1980
-180
-2492
-3644
-3772
-4092
-4604
-4604
-3772
-3132
-3388
-4348
-5116
-4860
-4604
-4860
-4860
-4348
-3388
-3260
-3772
-4092
-3132
-1820
-1180
-1180
-1244
-988
40
988
812
-396
-1756
-1980
-1884
-1756
-1564
-1052
-924
-1372
-1692
-1308
-276
96
-276
-876
-556
276
492
32
-212
356
812
876
716
684
524
196
-80
-112
428
844
924
684
876
1500
1820
1820
1628
1628
1692
1564
1308
1308
1372
1244
1180
1244
1628
1980
1756
1436
1052
1052
1372
1500
1628
1692
1980
1980
1820
1884
1820
1692
1564
1820
2108
2236
2236
1820
1564
1820
2364
2748
2748
3004
4348
6140
6652
5116
2492
588
120
276
396
780
1628
1980
556
-2108
-3900
-4348
-4092
-4604
-4860
-4604
-3516
-3132
-3900
-4604
-4860
-4604
-4604
-4860
-4604
-3388
-2748
-3260
-4092
-3516
-2108
-876
-716
-988
-876
-460
-228
-588
-1116
-1628
-1980
-2108
-1980
-1564
-1500
-2108
-2620
-2364
-1116
16
196
-428
-876
-684
-308
-88
96
324
460
620
780
924
924
556
32
-196
260
988
1244
988
396
460
1116
1820
2108
2108
1820
1500
1244
1244
1308
1436
1372
1244
1244
1564
1756
1564
1052
684
812
1180
1500
1564
1500
1500
1692
1820
1692
1628
1500
1308
1308
1820
2492
2748
2364
1756
1628
2236
2876
3004
2748
3132
4860
6652
6652
4604
2108
556
396
524
684
1244
1820
1500
-428
-2748
-4092
-4092
-4092
-4348
-4604
-4092
-3004
-3132
-4092
-4604
-4604
-4348
-4604
-4604
-4092
-3004
-2620
-3132
-3516
-2876
-1500
-748
-988
-1116
-684
-104
-196
-1116
-1820
-2236
-2492
-2364
-1980
-1436
-1628
-2364
-3004
-2364
-988
96
96
-356
-428
-132
16
-112
-40
112
308
428
524
556
308
-244
-780
-780
-96
844
1052
588
112
324
924
1436
1820
1756
1628
1244
1052
1116
1244
1180
1052
924
1116
1564
1564
1052
492
308
620
1052
1244
1180
1180
1180
1308
1564
1820
1980
1884
1756
1884
2492
3004
3004
2492
2108
2108
2620
3260
3516
3772
4604
6140
7164
6396
3772
1116
164
716
1180
1500
1756
1980
1244
-1116
-3388
-4348
-3900
-3900
-4348
-4604
-3516
-2492
-2620
-3772
-4604
-4348
-4092
-4348
-4604
-3900
-2876
-2876
-3516
-3644
-2492
-1244
-924
-1308
-1244
-652
-260
-684
-1436
-1980
-2364
-2492
-2364
-1980
-1884
-2236
-2876
-2748
-1628
-132
524
164
-292
-460
-492
-588
-396
-164
88
324
460
652
556
112
-524
-988
-620
260
988
1052
716
492
716
1372
1820
1884
1564
1180
924
876
924
988
812
588
652
988
1116
844
276
-132
-132
396
988
1308
1372
1308
1372
1564
1980
2236
2364
2236
2236
2492
2876
3004
2620
2108
1820
1980
2364
3004
3516
3900
4604
5884
6652
5884
3004
120
-620
292
1308
1692
1692
1756
876
-1372
-3900
-4860
-4348
-3900
-4348
-4604
-3516
-2364
-2492
-3772
-4604
-4860
-4604
-4604
-4604
-3772
-2748
-2620
-3260
-3260
-2236
-988
-780
-1308
-1500
-988
-324
16
-276
-1116
-1980
-2620
-2236
-1756
-1436
-1564
-1564
-988
-16
812
780
356
-80
-196
-148
196
556
844
812
812
988
988
780
104
-492
-684
-228
460
876
844
588
556
812
1244
1436
1308
844
524
588
748
780
588
396
308
340
428
340
8
-340
-492
-396
16
588
876
780
620
780
1244
1500
1692
1756
1980
2236
2492
2876
2876
2620
2108
1564
1692
2492
3388
4092
4604
5372
6652
6908
5372
2236
8
-148
1116
1980
2108
2108
1980
748
-1884
-4092
-4860
-4092
-4092
-4348
-4092
-2876
-2108
-2620
-3900
-4604
-4604
-4604
-4860
-4604
-3644
-2620
-2492
-3132
-3004
-1980
-1116
-1116
-1500
-1436
-748
-212
-556
-1372
-1980
-2492
-2876
-2748
-2236
-1756
-1692
-1692
-1308
-228
748
844
112
-372
-340
-164
-120
-16
356
684
748
716
780
556
180
-428
-588
-148
684
1372
1244
684
556
924
1372
1564
1372
988
620
524
588
652
684
684
556
460
396
372
32
-524
-748
-324
276
812
924
684
492
492
924
1500
1980
2108
2492
2748
2876
3004
2748
2236
1820
1756
1884
2364
3132
3900
4348
4604
5116
6140
6396
5116
2364
524
556
1692
2108
1692
1244
1180
132
-2108
-4348
-4860
-4092
-4092
-4348
-4348
-3004
-2236
-2748
-4092
-4860
-4604
-4348
-4604
-4348
-3516
-2620
-2492
-2876
-2748
-1756
-1116
-1244
-1436
-1180
-556
-212
-716
-1564
-2236
-2236
-2236
-2108
-1980
-1500
-1180
-1116
-812
-276
396
556
276
-104
-64
228
396
356
396
652
1052
1244
988
524
24
-228
-180
276
924
1436
1308
924
876
1244
1564
1308
684
396
428
428
340
104
-40
-112
-132
-244
-428
-652
-876
-1116
-1052
-492
324
716
524
148
96
556
1052
1500
1980
2492
2748
2876
3004
3004
2876
2492
2236
2108
2236
2748
3260
3900
4348
4860
5884
6140
5116
2620
396
-8
1052
1884
1820
1500
1436
748
-1308
-3516
-4604
-4348
-3900
-4092
-4092
-2876
-1884
-2108
-3260
-4348
-4604
-4348
-4348
-4348
-3644
-2748
-2236
-2492
-2492
-1980
-1244
-1052
-1244
-1052
-260
104
-324
-1244
-1628
-1628
-1692
-1756
-1628
-1308
-1116
-988
-780
-56
748
988
620
64
-80
-40
-48
-72
104
524
812
924
684
276
-196
-428
-260
244
924
1372
1244
876
748
988
1244
1052
588
260
244
396
324
80
-244
-460
-620
-620
-524
-588
-812
-988
-988
-460
244
620
524
356
620
988
1436
1692
1980
2236
2492
2748
3004
3132
3004
2492
2108
1980
2236
2876
3644
4348
4860
5116
5628
5884
4604
1884
-40
-40
1180
1980
1820
1436
1180
104
-2236
-4348
-4860
-4348
-4092
-4348
-4092
-3004
-2108
-2620
-4092
-4860
-4604
-4348
-4348
-4092
-3260
-2364
-2236
-2620
-2364
-1564
-924
-924
-1052
-780
-164
340
132
-652
-1500
-1884
-1756
-1500
-1116
-748
-396
-196
-8
292
716
844
588
276
228
428
492
396
292
556
924
1052
1052
876
556
180
32
324
876
1244
1244
988
780
924
924
620
72
-276
-196
-8
80
-88
-356
-620
-844
-988
-924
-924
-1116
-1372
-1244
-812
-228
164
244
308
460
780
1244
1628
2108
2620
3004
3260
3516
3516
3004
2364
1980
1980
2108
2236
2748
3388
4092
4348
4604
5116
5116
3772
1628
164
356
1500
1980
1564
1052
844
-132
-2108
-4092
-4860
-4348
-4092
-4092
-3772
-3004
-2492
-3004
-4092
-4604
-4348
-4348
-4348
-4092
-3388
-2492
-2236
-2364
-2236
-1564
-924
-652
-620
-244
244
260
-276
-924
-1244
-1308
-1244
-1244
-924
-524
-396
-428
-340
120
620
716
556
396
356
276
120
228
684
1244
1500
1500
1308
988
556
308
396
716
1116
1308
1244
1244
1052
876
556
64
-212
-260
-196
-212
-340
-524
-684
-780
-780
-812
-988
-1116
-1052
-812
-460
-132
148
372
460
588
924
1372
1692
1980
2236
2620
3004
3132
3004
2876
2620
2492
2236
1980
1884
2108
2620
3388
3772
3900
4348
4860
4860
3388
1564
492
652
1244
1308
1116
924
780
-396
-2364
-3900
-4348
-3900
-3772
-3772
-3516
-2748
-2492
-3004
-4092
-4604
-4348
-4348
-4348
-4092
-3132
-2364
-1980
-2108
-1980
-1436
-812
-524
-428
-356
-340
-244
-80
-196
-652
-1436
-1820
-1756
-1500
-1308
-988
-428
-24
72
-40
72
180
16
-396
-396
148
652
988
1052
1244
1244
988
588
356
492
748
988
924
780
684
652
556
356
212
0
-228
-492
-396
-308
-460
-684
-844
-716
-620
-716
-988
-1116
-924
-524
-112
372
588
748
924
988
1180
1500
1980
2364
2620
2876
3132
3132
2876
2876
2748
2492
2236
1980
2108
2620
3260
3772
3900
4348
4860
4860
3772
2108
1116
844
1180
1308
1308
1308
1052
148
-1628
-3132
-3900
-3772
-3644
-3516
-3132
-2748
-2620
-3004
-3644
-4092
-4348
-4348
-4092
-3772
-3004
-2364
-2108
-2108
-1884
-1500
-1116
-844
-652
-460
-396
-524
-428
-64
-148
-620
-1372
-1628
-1564
-1436
-1308
-812
40
588
588
180
-120
-196
-324
-556
-324
356
988
1180
988
812
748
620
260
180
356
588
684
492
324
212
308
260
180
88
-40
-244
-492
-620
-652
-652
-748
-780
-812
-876
-1052
-1180
-1052
-716
-196
180
372
556
876
1116
1244
1308
1692
2108
2364
2492
2620
2876
2876
2748
2492
2364
2364
2108
1756
1564
1980
2748
3260
3516
3900
4604
4348
3516
1980
988
780
988
1052
1180
1244
1052
88
-1628
-3004
-3644
-3772
-3644
-3516
-3132
-2748
-2748
-3132
-3644
-4092
-4092
-4092
-3900
-3644
-3004
-2236
-1980
-1692
-1500
-1244
-924
-588
-164
80
88
-164
-428
120
988
988
-148
-1436
-1628
-1244
-1052
-924
-164
1052
1308
620
-308
-460
-292
-260
-428
56
1116
1500
988
292
524
924
812
276
164
524
780
620
48
-148
132
460
372
120
88
-56
-524
-1052
-1052
-620
-460
-684
-924
-924
-924
-988
-1052
-876
-308
372
748
988
1180
1372
1436
1372
1500
1884
2492
2876
3004
3004
3132
2876
2620
2364
2108
1980
1820
2108
2364
2748
2876
3004
3516
3900
3900
3004
1884
1244
988
652
372
556
876
716
-428
-1820
-2748
-3260
-3644
-3900
-3900
-3516
-3004
-3004
-3388
-3644
-3772
-3900
-4092
-4092
-3644
-3004
-2364
-2236
-2108
-1980
-1500
-1052
-780
-588
-556
-164
588
748
212
-924
-1564
-1820
-1820
-1564
-988
-132
16
-164
-524
-372
-16
-8
-324
-340
308
748
780
460
556
780
844
844
924
988
684
324
132
428
844
1052
876
588
556
524
340
-48
-212
-276
-460
-652
-652
-556
-588
-748
-924
-620
-8
460
588
716
876
988
1116
1244
1564
1884
2108
2364
2620
2748
2748
2620
2620
2748
3004
3004
3004
2748
2236
1628
1500
1820
2236
2492
2492
3132
3772
3900
3004
1628
924
812
748
372
428
844
924
-292
-1980
-2876
-2876
-3004
-3644
-3900
-3516
-2876
-3004
-3644
-4092
-3900
-3772
-4092
-4348
-3772
-3004
-2620
-2748
-2748
-2236
-1500
-1052
-844
-684
-524
-148
556
684
148
-748
-1244
-1372
-1436
-1372
-1052
-308
-180
-428
-652
-428
-72
-88
-460
-396
324
780
620
260
460
812
1052
924
844
780
620
372
112
148
356
428
164
88
324
460
164
-276
-428
-428
-460
-524
-588
-492
-460
-492
-492
-276
64
324
460
524
748
1180
1500
1564
1628
1820
2108
2108
2236
2364
2492
2492
2492
2620
2876
3004
2748
2364
1980
1628
1564
1756
1980
2108
2236
2620
3388
3900
3644
2236
1116
844
1052
1052
652
556
588
212
-876
-2108
-2748
-2748
-3004
-3516
-3644
-3004
-2492
-2876
-3644
-3772
-3516
-3388
-3772
-3772
-3388
-2748
-2492
-2620
-2492
-1980
-1308
-1116
-988
-844
-620
-492
64
684
492
-492
-1500
-1500
-1308
-1244
-1372
-812
0
112
-164
-524
-372
-164
-324
-428
112
844
876
524
556
988
1116
748
308
308
524
524
244
-260
-340
-56
308
396
460
396
32
-396
-524
-260
-212
-340
-460
-396
-260
-104
-72
-88
112
396
748
1052
1372
1500
1564
1564
1756
2108
2364
2492
2364
2108
2236
2492
2620
2620
2620
2492
2236
1884
1692
1500
1372
1500
1692
1980
2108
2364
2620
2748
2620
1820
924
556
812
988
556
212
244
148
-716
-1980
-2620
-2620
-2492
-2876
-3260
-3260
-3004
-3132
-3772
-4092
-3900
-3772
-3900
-4092
-3644
-2748
-2620
-2876
-2620
-2108
-1436
-1116
-924
-684
-492
-180
812
1308
812
-308
-1052
-988
-876
-812
-684
-40
340
164
-308
-524
-164
112
16
-56
556
988
780
428
748
1180
1052
652
524
780
876
716
244
0
308
812
988
924
924
748
196
-292
-244
40
40
-260
-460
-228
8
64
-72
-64
180
492
716
876
1180
1500
1628
1628
1756
1884
1820
1628
1500
1564
1884
2108
2108
2108
2108
1980
1628
1308
1116
988
924
924
1180
1436
1564
1372
1372
1628
1820
1564
780
276
276
588
524
260
112
104
-292
-1180
-1884
-2108
-2108
-2364
-2748
-2876
-2748
-2876
-3260
-3772
-3772
-3388
-3260
-3260
-3132
-2620
-1980
-1980
-2108
-1980
-1436
-988
-924
-988
-988
-748
-652
-620
-556
-260
-104
-228
-428
-492
-228
-164
-180
-180
-8
324
588
492
196
88
164
244
324
652
988
1052
924
748
684
684
684
652
748
924
1052
988
748
524
428
244
0
-80
72
88
-16
-32
80
324
460
492
396
428
588
588
620
780
1116
1436
1564
1500
1436
1436
1308
1308
1436
1692
1980
2108
2108
2108
1980
1884
1500
1052
780
988
1244
1372
1372
1372
1244
1244
1180
1116
844
460
228
112
164
260
196
-72
-372
-684
-1052
-1436
-1820
-2108
-2236
-2236
-2236
-2236
-2492
-2748
-3004
-3132
-3004
-3004
-2876
-2748
-2492
-2108
-1980
-1884
-1884
-1692
-1500
-1308
-1180
-988
-780
-620
-492
-428
-428
-460
-492
-460
-340
-148
80
276
356
396
492
492
292
180
164
308
460
588
652
652
812
876
812
684
588
524
524
588
876
1052
924
716
556
492
428
292
64
-48
-72
-8
88
244
212
104
64
96
148
228
324
396
556
844
1180
1372
1372
1180
1116
1308
1564
1820
1980
1980
1884
1692
1628
1564
1436
1244
1180
1372
1564
1756
1692
1372
1052
844
780
812
684
356
0
-112
-40
-40
-112
-324
-588
-1052
-1436
-1564
-1564
-1820
-2108
-2108
-1980
-1980
-2108
-2364
-2492
-2620
-2748
-2748
-2620
-2364
-2108
-2108
-1980
-1692
-1436
-1244
-1244
-1180
-988
-876
-620
-428
-356
-396
-460
-428
-340
-132
96
260
340
396
524
652
588
524
428
340
396
492
556
588
620
620
588
620
620
524
396
276
292
492
748
924
988
876
716
716
588
460
324
104
-56
-40
132
308
340
212
64
-16
0
132
196
196
356
652
924
1116
1244
1180
1116
1244
1372
1564
1692
1628
1436
1436
1500
1500
1372
1180
988
988
1052
1116
1052
844
684
620
588
428
228
-8
-196
-396
-492
-428
-460
-684
-1052
-1308
-1436
-1500
-1692
-1884
-1980
-1980
-2108
-2108
-2108
-2236
-2236
-2492
-2620
-2620
-2492
-2364
-2108
-1884
-1692
-1436
-1244
-988
-876
-748
-684
-684
-620
-492
-292
-228
-308
-308
-228
-132
-32
88
244
428
588
716
684
620
556
492
524
652
748
876
924
876
812
780
748
716
620
620
556
620
844
1052
1116
1052
988
924
924
812
684
556
460
460
492
620
588
428
228
56
40
148
324
492
684
924
1052
1116
1116
1052
1052
1244
1500
1692
1756
1628
1564
1436
1372
1308
1308
1308
1244
1052
924
924
780
748
684
492
372
244
80
-148
-372
-556
-716
-844
-988
-1052
-1116
-1244
-1372
-1564
-1692
-1884
-1980
-1980
-1980
-1980
-2108
-2108
-2364
-2364
-2364
-2492
-2492
-2364
-2108
-1980
-1820
-1628
-1500
-1372
-1180
-988
-812
-684
-620
-588
-556
-460
-428
-492
-588
-556
-396
-260
-148
0
212
356
428
460
524
620
620
588
588
652
748
780
748
716
780
844
780
620
492
588
780
988
1180
1116
988
924
780
812
812
684
524
492
588
652
652
460
260
308
428
524
588
620
748
812
844
924
876
924
988
1116
1116
1180
1308
1244
1180
1116
1244
1308
1244
988
812
716
684
620
492
428
428
396
356
308
228
72
-132
-396
-588
-620
-556
-588
-716
-876
-1052
-1180
-1372
-1564
-1692
-1820
-1820
-1820
-1820
-1884
-1980
-1980
-2108
-2108
-2108
-1980
-1884
-1756
-1692
-1628
-1436
-1244
-1052
-924
-780
-716
-652
-556
-428
-324
-324
-292
-212
-132
-8
96
164
212
396
524
588
620
652
652
652
684
716
748
844
924
924
988
1052
1052
988
876
812
812
844
988
1116
1052
988
988
924
844
748
588
460
524
652
684
620
492
308
164
196
292
276
196
260
428
620
716
684
620
524
492
524
588
652
716
716
652
652
748
780
620
396
308
308
276
148
0
-40
-8
-8
-56
-104
-132
-276
-460
-556
-620
-716
-780
-924
-988
-1052
-1052
-1116
-1180
-1244
-1372
-1436
-1436
-1436
-1564
-1628
-1628
-1564
-1564
-1564
-1564
-1564
-1500
-1436
-1244
-1116
-988
-748
-524
-372
-244
-148
-104
-8
64
96
72
16
0
16
16
16
80
88
48
96
212
292
340
396
428
428
428
428
460
524
588
652
716
748
844
812
780
780
780
844
876
876
876
876
844
716
652
620
620
684
716
716
652
588
460
396
460
492
588
652
780
812
684
588
556
620
620
588
620
684
748
716
716
748
716
652
460
340
276
180
104
0
-132
-164
-148
-164
-196
-196
-228
-292
-396
-460
-588
-716
-844
-924
-924
-924
-844
-844
-876
-988
-1116
-1180
-1308
-1436
-1436
-1500
-1372
-1308
-1244
-1180
-1180
-1180
-1116
-1052
-924
-812
-716
-620
-588
-460
-340
-292
-260
-196
-80
24
56
24
-24
-72
-64
-88
-164
-212
-196
-148
-120
-56
32
80
112
96
132
196
340
396
428
588
716
812
876
876
812
748
684
684
748
748
748
748
748
780
716
684
620
620
684
716
748
780
716
652
556
460
460
524
588
620
588
524
524
556
588
524
460
396
428
492
492
492
492
460
372
196
8
-8
64
0
-132
-180
-96
-32
-32
-40
-88
-132
-196
-324
-524
-684
-748
-812
-844
-844
-812
-812
-812
-876
-1052
-1116
-1052
-988
-1052
-1116
-1052
-924
-876
-812
-780
-812
-780
-748
-748
-652
-588
-428
-228
-120
-72
-40
-8
0
64
148
88
32
-32
-104
-104
-104
-164
-228
-228
-164
-96
-16
-16
-32
-48
-72
-32
48
88
148
180
180
212
324
492
524
460
428
396
396
396
340
292
324
324
292
356
372
372
324
276
260
340
428
460
428
396
460
460
524
588
652
684
652
652
652
684
620
524
460
428
428
356
324
324
372
372
308
260
244
276
244
120
80
112
164
228
228
228
196
120
24
-112
-276
-396
-460
-524
-556
-556
-588
-652
-684
-652
-620
-652
-684
-748
-812
-780
-716
-684
-652
-652
-588
-492
-492
-524
-492
-460
-340
-164
-16
-8
-132
-244
-196
-16
104
120
88
32
40
24
-48
-120
-228
-292
-324
-244
-148
-88
-80
-132
-132
-32
88
132
112
148
244
340
396
372
396
324
228
120
132
180
148
80
-8
8
96
120
64
0
-16
-24
0
24
40
32
-8
-40
0
88
148
148
132
196
292
356
396
372
308
228
196
212
196
132
88
112
228
324
308
228
196
292
340
260
244
276
276
356
428
428
460
396
276
104
0
-40
-72
-104
-180
-260
-276
-212
-228
-276
-356
-372
-308
-324
-396
-372
-396
-396
-396
-372
-308
-308
-324
-324
-308
-260
-180
-132
-104
-104
-88
-88
-64
0
48
0
-80
-132
-164
-180
-228
-276
-308
-372
-356
-308
-292
-292
-324
-324
-228
-132
-16
0
-64
-64
-8
24
48
24
0
0
40
112
148
164
148
80
32
48
104
180
164
64
0
40
148
180
196
180
164
228
292
324
356
396
356
396
460
524
556
524
396
276
260
244
228
132
48
72
148
180
196
212
196
260
324
340
308
244
212
244
292
308
260
148
96
56
0
-80
-164
-276
-372
-396
-396
-428
-460
-428
-396
-396
-428
-428
-460
-492
-524
-460
-356
-292
-228
-260
-244
-112
-48
-16
0
88
148
164
132
112
120
132
132
72
0
-80
-132
-180
-196
-196
-228
-212
-164
-132
-56
-40
-72
-104
-48
0
32
32
24
56
104
88
48
8
-48
-72
-72
-48
0
0
-8
0
8
16
8
16
-8
0
16
32
0
0
-56
-56
-40
-32
40
64
64
48
56
64
120
148
72
80
112
120
64
-56
-132
-180
-228
-228
-132
-32
8
40
48
132
260
356
340
324
356
396
428
372
356
276
196
164
148
96
0
-120
-244
-292
-244
-180
-180
-228
-196
-164
-180
-164
-132
-132
-132
-56
56
164
164
148
180
180
228
244
228
212
180
196
212
148
72
96
88
72
56
-8
-72
-148
-148
-104
-148
-212
-260
-260
-244
-292
-308
-276
-260
-228
-164
-112
-40
-24
-32
-32
-48
-104
-148
-164
-212
-212
-196
-180
-132
-96
-112
-148
-212
-196
-164
-148
-24
120
196
228
212
180
148
120
112
112
104
148
212
244
196
148
164
88
48
56
32
-32
-96
-148
-196
-164
-120
-96
-80
-56
-8
48
148
244
308
308
308
340
340
308
276
212
180
196
132
80
0
-112
-180
-228
-212
-196
-228
-212
-212
-228
-196
-180
-112
-40
0
40
96
148
164
164
196
228
292
356
292
228
180
180
164
164
104
56
104
148
96
56
16
8
-8
-16
-64
-180
-260
-292
-244
-196
-120
-112
-104
-132
-132
-80
-88
-32
-16
-8
-32
-88
-132
-180
-244
-276
-276
-276
-276
-260
-228
-228
-260
-308
-260
-180
-104
-24
24
80
80
96
88
132
132
96
148
164
148
132
64
8
-24
-40
-72
-132
-180
-244
-260
-292
-340
-340
-324
-292
-228
-148
-16
80
148
196
212
292
372
372
372
356
324
276
212
180
164
56
-64
-164
-196
-180
-164
-148
-180
-196
-196
-164
-132
-120
-120
-96
0
88
88
88
112
132
120
132
260
396
428
396
372
396
396
356
292
228
180
148
148
132
112
64
56
80
56
-8
-48
-72
-88
-132
-132
-96
-80
-72
-120
-64
16
72
64
48
80
64
56
16
-72
-148
-164
-148
-104
-88
-80
-40
-32
-64
-120
-96
-8
48
72
104
96
80
120
164
180
180
180
148
132
132
104
24
-48
-112
-148
-132
-148
-244
-324
-340
-324
-324
-340
-324
-276
-212
-104
-24
32
120
180
196
244
244
244
180
132
120
80
8
-64
-120
-196
-356
-428
-428
-356
-324
-340
-340
-324
-292
-244
-228
-212
-148
-104
-56
8
56
16
16
24
64
104
148
164
104
64
48
88
80
48
8
-8
0
16
8
-24
-72
-64
-48
-24
0
-8
-40
-72
-96
-148
-132
-80
-64
-32
-8
0
72
80
32
0
-8
-8
-8
-32
-32
-24
-16
40
80
112
120
132
88
64
96
132
164
212
276
292
324
372
428
428
396
356
372
372
324
228
164
132
96
8
-56
-40
-8
-56
-104
-80
-104
-88
-64
-24
-40
-24
64
148
148
180
212
260
292
244
212
260
244
180
132
96
80
-24
-164
-276
-260
-228
-180
-196
-196
-196
-148
-104
-112
-164
-132
-64
-32
48
72
80
64
16
-32
24
56
24
-32
-88
-104
-96
-96
-132
-148
-164
-180
-196
-228
-260
-276
-260
-244
-244
-260
-324
-340
-324
-372
-396
-396
-428
-396
-372
-356
-340
-324
-276
-244
-196
-180
-180
-196
-212
-180
-148
-132
-120
-72
-16
32
80
164
196
196
244
292
340
396
460
492
492
524
524
492
460
492
492
396
340
260
244
228
244
244
244
212
148
148
132
104
56
64
56
72
120
180
196
196
196
196
196
164
120
104
132
164
132
120
72
-16
-132
-276
-372
-428
-428
-396
-340
-308
-244
-148
-132
-148
-196
-196
-180
-148
-96
-40
-24
-40
-8
24
32
16
16
0
-24
-48
-24
-40
-64
-64
-48
-16
-8
8
8
-56
-88
-72
-40
-80
-148
-180
-180
-196
-180
-164
-196
-244
-228
-164
-164
-164
-104
-132
-132
-104
-56
-88
-148
-148
-164
-132
-96
-48
-40
-48
-32
32
88
132
132
164
212
244
228
244
292
276
244
244
292
276
212
196
196
132
96
88
80
80
56
56
64
88
80
24
0
-16
-24
-48
-8
0
0
0
24
88
104
56
40
80
96
148
164
132
96
0
-56
-96
-180
-228
-212
-148
-104
-56
-32
-56
-48
-64
-64
-72
-80
-56
-32
-8
16
8
-32
-32
0
-8
-32
-16
-16
-16
-16
32
40
32
32
40
72
112
132
88
-8
-56
0
-16
-72
-164
-228
-260
-292
-308
-260
-228
-212
-228
-228
-212
-180
-164
-180
-164
-132
-96
-104
-88
-112
-132
-132
-132
-64
8
48
96
148
148
148
164
196
212
260
276
276
228
244
292
340
356
340
340
260
164
104
112
132
148
164
120
148
148
88
40
0
32
112
164
148
132
48
-64
-64
8
96
104
96
104
120
180
196
148
72
-16
-80
-120
-132
-132
-164
-180
-164
-88
-56
-72
-104
-80
-132
-164
-164
-164
-132
-104
-48
-64
-96
-88
-80
-80
-32
-8
-8
-16
0
-8
-16
-8
-24
-40
-24
48
120
112
96
72
0
-96
-196
-244
-308
-340
-340
-308
-308
-276
-276
-308
-356
-340
-308
-276
-212
-164
-112
-80
-56
-32
-16
-32
0
-16
-8
40
96
132
164
212
228
212
244
324
372
396
372
276
228
212
244
228
164
104
24
16
40
56
56
40
0
-16
0
24
16
-8
-48
0
72
96
96
40
-8
-64
-132
-132
-104
-96
-88
-88
-56
-16
16
16
0
-56
-72
-72
-56
-48
-72
-104
-88
0
48
56
56
112
180
148
148
164
132
120
132
132
104
72
72
80
72
80
72
40
56
80
112
120
96
72
56
72
164
212
164
72
16
32
-8
-96
-180
-260
-308
-308
-340
-372
-460
-492
-524
-524
-460
-396
-372
-324
-228
-196
-196
-180
-180
-164
-132
-132
-132
-56
-32
-16
0
56
148
196
180
148
164
212
228
228
260
276
308
308
292
244
148
120
112
132
180
196
120
40
56
120
132
132
112
104
104
120
132
112
64
0
0
-24
-64
-72
-72
-164
-148
-56
24
56
56
32
8
8
-16
-24
16
48
56
64
40
32
24
40
24
16
72
80
56
48
40
16
-16
-32
-8
0
32
48
40
88
132
120
72
64
64
48
0
0
56
88
88
32
-8
-16
-40
-72
-148
-212
-244
-308
-324
-308
-340
-396
-428
-428
-396
-396
-356
-324
-292
-228
-164
-132
-196
-212
-212
-180
-132
-72
-16
0
40
96
120
112
148
164
180
196
212
244
244
228
260
308
308
228
148
88
88
88
96
164
180
180
164
148
112
80
80
112
112
148
164
180
132
64
16
-48
-88
-120
-132
-148
-164
-148
-132
-48
-40
-72
-80
-96
-132
-120
-72
-56
-48
-8
-16
0
56
0
-32
-16
16
16
32
24
72
72
24
32
24
72
96
112
112
104
88
104
80
80
96
88
96
132
228
276
276
212
164
164
164
120
48
-16
-72
-104
-164
-196
-212
-244
-276
-308
-340
-340
-308
-324
-324
-276
-228
-180
-164
-148
-148
-164
-180
-164
-112
-104
-120
-80
-24
-8
8
24
32
40
96
148
148
132
132
148
56
-40
-72
-80
-72
-24
24
16
16
24
24
40
16
48
56
40
72
164
196
164
148
112
56
-32
-88
-148
-132
-120
-72
-72
-48
24
56
64
40
72
148
164
180
212
164
132
132
120
132
148
164
164
164
180
164
132
112
112
132
120
88
104
132
120
72
64
48
16
16
48
112
132
96
88
88
104
96
72
80
48
0
-8
-72
-132
-164
-228
-308
-372
-396
-396
-396
-428
-428
-428
-428
-428
-396
-356
-324
-324
-340
-276
-228
-196
-164
-104
-64
-32
-56
-48
0
72
164
148
96
96
164
164
164
164
148
132
148
112
56
64
40
8
0
-8
8
32
40
24
64
132
120
112
148
164
180
196
180
120
64
0
-96
-132
-148
-132
-104
-112
-120
-88
-88
-104
-148
-164
-148
-132
-64
-8
24
48
64
40
56
80
72
80
72
104
88
104
132
132
164
196
164
180
180
196
212
228
260
276
260
228
212
228
260
292
308
356
396
372
308
260
244
212
180
148
148
112
48
-24
-72
-132
-180
-228
-260
-324
-372
-396
-396
-340
-308
-324
-324
-340
-324
-276
-244
-180
-120
-120
-96
-96
-104
-104
-112
-88
-64
-48
-32
-56
-96
-104
-112
-104
-72
-80
-120
-132
-132
-164
-180
-164
-80
-48
-48
-40
-64
-96
-104
-132
-64
0
32
32
56
80
24
-16
-16
0
8
16
8
-32
-48
-48
-80
-72
-64
-96
-72
-8
32
64
88
