SAMPLES:	8644
BITSPERSAMPLE:	16
CHANNELS:	1
SAMPLERATE:	16000
NORMALIZED:	FALSE
8
8
8
8
16
16
8
8
8
8
16
8
8
8
0
0
0
0
0
0
0
0
0
0
0
0
0
0
-8
0
-8
-8
-8
-8
-16
-16
-8
-8
-16
-16
-16
-16
-16
-16
-8
-16
-16
-16
-16
-16
-16
-16
-8
-8
-8
-8
-16
-8
-8
-8
-8
-8
-8
-16
-16
-8
-16
-16
-8
-8
-8
-8
-8
0
0
0
-8
0
-8
-8
-8
-8
-8
-8
0
0
0
0
0
0
0
0
0
0
0
0
0
0
0
0
0
0
8
8
8
16
16
16
8
8
16
16
24
24
24
16
16
16
24
24
24
24
24
24
24
16
16
16
16
16
16
16
16
16
16
16
16
16
16
16
16
16
8
8
8
0
8
8
0
0
0
0
0
0
0
0
0
0
0
0
0
0
0
0
0
0
0
-8
-8
-8
-8
-8
0
-8
-8
-8
-8
-8
-8
-8
-8
-8
-8
-8
-16
-16
-16
-16
-16
-16
-16
-16
-16
-16
-16
-16
-16
-16
-16
-16
-16
-16
-16
-16
-16
-24
-24
-24
-24
-24
-24
-16
-16
-16
-16
-16
-16
-16
-8
-8
0
0
-8
-8
-8
-8
-8
-8
-8
0
0
0
0
0
0
0
8
8
16
16
8
8
8
8
8
8
0
0
8
8
8
8
8
16
16
16
16
16
16
16
16
16
16
16
8
16
16
16
16
16
16
24
16
16
16
16
16
16
16
24
24
24
24
24
16
16
16
8
16
16
8
8
8
8
8
8
8
8
8
8
0
0
0
0
0
0
0
-8
-8
-8
-8
-16
-16
-16
-16
-16
-16
-16
-16
-16
-24
-16
-16
-16
-16
-16
-16
-16
-16
-16
-24
-24
-24
-16
-16
-16
-16
-16
-16
-8
-16
-16
-8
-8
-8
-8
-8
0
0
0
-8
-8
-8
-8
0
0
0
0
0
0
0
0
0
0
0
0
0
0
0
0
0
0
0
0
0
0
8
8
8
8
8
8
0
0
8
0
8
8
8
8
8
8
8
16
16
16
8
8
8
8
8
8
8
8
8
8
8
8
8
0
0
8
0
8
0
0
0
8
8
8
8
8
0
0
0
0
0
0
0
0
0
0
0
0
0
0
0
0
0
0
0
0
0
0
0
0
0
0
0
0
0
0
0
0
0
0
0
0
0
-8
0
-8
-8
0
0
0
0
0
-8
-8
-8
-8
-8
-8
-8
-8
-8
-16
-16
-16
-16
-16
-16
-16
-16
-16
-16
-16
-16
-16
-16
-16
-16
-16
-16
-16
-16
-8
-8
-8
-8
-8
-8
-8
0
0
0
0
0
0
0
0
8
8
8
8
8
8
8
8
16
16
16
16
24
24
24
24
24
32
24
32
32
32
32
32
32
32
32
40
32
40
40
32
32
24
24
24
16
16
16
8
0
8
8
0
0
0
0
0
0
0
-8
-8
-8
-8
-8
-8
-8
-8
-16
-16
-8
-8
-8
-16
-16
-16
-24
-24
-24
-24
-16
-16
-24
-24
-24
-24
-24
-24
-16
-16
-16
-16
-24
-24
-16
-16
-16
-16
-16
-8
-8
-8
-8
-8
-8
-8
-8
0
0
0
0
0
0
0
0
0
0
0
0
0
0
0
0
0
0
0
0
0
8
0
0
0
0
0
0
0
8
8
8
8
8
8
8
8
8
8
8
8
0
0
8
8
8
8
0
0
8
0
8
8
8
8
8
8
8
8
8
8
0
0
0
0
0
0
0
0
0
0
0
8
0
0
0
0
0
-8
0
0
0
0
0
0
0
-8
-8
-8
-8
0
-8
-8
-8
-8
0
-8
-8
-8
-8
-8
-8
0
0
-8
-8
-16
-16
-16
-16
-16
-8
-16
-8
-8
-8
-8
-8
-8
-8
0
0
0
0
0
0
0
0
0
0
0
8
8
8
16
16
16
16
16
16
24
24
24
24
24
24
24
24
24
24
24
24
24
24
24
32
32
32
24
24
24
16
16
8
8
0
0
0
0
0
0
0
0
0
0
0
0
0
-8
-8
-8
-16
-16
-16
-16
-16
-16
-16
-24
-24
-24
-24
-24
-24
-16
-16
-16
-16
-16
-16
-24
-16
-24
-16
-16
-16
-16
-16
-8
-8
-8
-8
-8
-8
-8
-8
-8
-8
-8
-8
-8
0
0
-8
0
0
0
0
0
0
0
0
-8
0
0
0
0
0
0
0
0
0
0
0
0
0
0
0
0
8
8
8
8
0
0
0
0
0
8
8
8
8
8
8
16
8
16
8
8
16
8
8
8
16
16
16
16
16
16
16
16
16
16
8
16
16
8
8
8
8
8
16
16
8
8
8
0
0
0
0
0
0
0
0
0
0
0
0
0
0
0
0
-8
-8
0
0
0
0
-8
-8
-8
-8
-16
-8
-16
-8
-16
-8
-8
-8
-8
-8
-8
-16
-16
-16
-8
-8
-8
-8
-8
-8
-16
-16
-8
-8
-8
-8
-8
-8
-8
-8
-8
-8
0
0
0
0
0
0
0
0
0
0
8
0
8
0
0
0
0
0
8
8
8
8
8
8
8
8
8
8
8
0
0
0
0
8
8
16
8
8
8
8
0
0
8
0
0
0
0
0
0
0
0
0
0
0
0
-8
0
0
0
0
0
-8
-8
-8
-16
-16
-8
-16
-16
-16
-16
-8
-8
-8
-8
-16
-8
-8
-8
-8
-8
-8
-8
-8
-8
-8
-8
0
-8
0
0
-8
0
0
0
0
0
0
0
0
0
8
8
8
8
8
8
8
8
8
8
16
16
16
16
16
16
24
24
16
16
16
16
16
16
24
24
16
16
24
24
24
24
24
24
24
24
16
24
24
24
24
24
16
16
8
8
8
8
8
8
8
8
8
8
0
0
0
0
0
0
0
0
-8
-8
-8
-16
-8
-8
-16
-16
-16
-16
-16
-24
-24
-24
-24
-24
-32
-32
-32
-40
-40
-32
-40
-32
-32
-40
-32
-32
-40
-32
-32
-32
-32
-32
-32
-24
-24
-32
-24
-24
-16
-16
-16
-16
-16
-8
-8
-8
-8
0
0
0
0
0
0
0
0
0
8
0
0
0
8
8
0
8
8
8
0
8
0
0
8
8
8
8
8
8
8
8
8
8
8
8
0
8
16
8
8
8
8
16
8
8
8
8
16
16
16
8
16
16
16
24
32
24
32
24
32
32
72
112
0
-24
0
8
-8
-16
16
48
88
24
-48
-24
64
24
-24
-8
24
32
0
-8
0
40
8
-24
-8
16
8
0
0
8
8
0
0
8
8
-8
-8
0
0
0
-16
-32
-16
0
0
0
0
0
0
0
-8
-16
-16
-8
-8
-8
-24
-24
-8
-8
-8
-8
-8
0
0
-16
-16
-8
-8
0
0
-8
0
0
0
-8
-8
0
0
0
-16
0
0
-8
-16
0
0
0
0
-24
0
-8
-8
-16
-16
0
-8
-8
-16
-8
0
-8
-24
-16
-8
-8
-16
-16
-8
-24
-32
-40
-32
-24
-16
-24
-24
-16
-16
-16
-32
-24
-16
-16
-16
-24
-16
-24
-16
-16
-24
-16
-16
0
-8
0
-16
-8
-40
40
64
32
16
0
-8
-48
-8
-24
24
72
64
0
0
16
8
40
16
40
32
32
8
8
56
56
64
48
24
24
32
16
16
40
32
24
64
64
32
32
56
56
64
48
40
16
24
24
16
40
40
48
24
32
40
32
48
48
40
0
0
56
-8
-8
24
24
24
16
-16
-24
48
0
-24
0
64
0
-24
-8
-16
48
-8
-64
-56
64
0
-88
-48
0
16
-56
-64
-48
48
-24
-132
-64
24
-16
-120
-88
-8
8
-88
-96
-48
0
-64
-112
-80
24
-24
-132
-72
-24
-24
-96
-72
-32
0
-32
-80
-48
-32
-48
-64
-32
-48
8
-8
-72
0
-16
-40
-16
-8
-16
0
-8
-24
-16
0
16
-8
0
32
0
16
16
-8
-16
56
40
-16
-16
48
88
8
0
-8
40
104
16
0
-8
48
88
-16
32
8
32
72
64
16
8
72
40
16
0
-32
24
104
0
-40
48
112
40
-48
0
112
96
-32
-24
16
148
56
-88
0
96
64
-80
-8
96
112
0
-104
16
132
72
-104
-64
148
148
-64
-164
-16
164
96
-48
-120
32
80
-8
-24
-16
72
16
-32
-56
64
40
-80
-16
0
-24
-16
-56
-16
-8
-88
-8
0
-8
-48
-32
24
-64
0
-16
-80
40
-32
-80
0
-24
-56
-16
48
-72
-132
-32
0
0
-24
16
-88
24
8
-48
-72
24
80
-148
-64
80
24
-72
16
-8
-96
88
-40
-96
64
32
-64
0
96
-56
-64
56
8
-32
-40
56
56
56
-196
-40
148
48
8
-132
80
132
-40
-148
40
244
40
-132
-56
180
148
-16
-212
104
260
-112
-132
-88
244
148
-48
-180
72
324
8
-244
24
120
120
-88
-228
196
180
-16
-244
24
292
-72
-180
-72
148
276
-196
-196
32
244
-40
-212
-16
64
64
-72
0
-8
32
-32
-180
-24
180
-40
-16
0
-88
104
48
-104
-396
132
308
-56
-88
-148
24
196
-24
-308
164
148
-112
-260
112
324
-24
-292
-356
180
276
-104
-228
0
244
80
-64
-212
16
-16
-196
120
212
164
-196
-276
24
244
80
-260
-196
308
180
-148
-112
64
8
32
-64
164
148
-88
-244
48
340
-48
-228
-132
260
196
212
-308
0
180
-24
72
-120
164
24
-24
-72
104
180
-64
64
-96
120
148
-40
-228
80
292
-104
-48
-104
-24
88
120
-40
-180
32
80
-24
48
-96
-164
120
-24
88
-132
64
32
-196
-32
-132
244
-16
-196
-120
72
24
-8
-260
-48
180
64
-16
-180
120
-96
64
104
48
-48
-276
-32
88
80
48
-196
-16
244
180
-180
-48
112
-120
-16
196
88
-96
180
-276
16
356
32
-180
-180
-56
212
308
-120
-324
-64
396
56
-120
-148
-72
276
24
-228
148
0
-164
-72
-104
260
112
-212
-112
-48
428
112
-196
-96
-244
260
8
-24
-88
-56
64
-56
120
-180
244
-148
-244
80
244
96
-428
-32
-56
88
112
-64
-276
56
324
-196
40
24
-112
-260
120
148
-212
56
-8
24
32
-64
0
132
-8
-244
-32
244
212
-48
-340
40
460
-164
-164
16
308
88
-212
-212
0
460
-164
-356
228
396
148
-292
-276
-32
492
-88
-492
104
324
72
-396
96
72
276
64
-324
96
308
-48
-556
164
372
-16
-132
-164
244
228
-88
-104
40
228
-180
-96
56
96
0
-80
-88
16
228
-276
228
132
-96
-16
-292
132
-104
56
132
96
32
-164
64
-64
88
-196
16
180
-16
-164
-80
148
48
-132
-104
96
164
-132
-72
48
164
-148
-460
-292
228
276
-88
-24
-72
196
24
-276
-112
228
0
-460
-120
64
132
64
-112
-120
396
120
-428
-120
8
148
-16
-32
104
-16
-132
196
8
8
-180
132
40
-16
40
-112
96
-164
-260
120
428
0
132
-212
0
228
-56
-48
-104
72
-16
56
212
24
80
-180
-16
260
-80
132
164
-96
-308
-132
292
88
56
0
-180
148
196
-132
-180
308
148
-308
-228
104
428
32
-120
-24
292
148
-228
-32
-120
148
16
-244
64
308
72
-72
56
-32
-80
96
244
-120
-132
-196
-96
0
-16
24
32
260
40
-260
-164
-32
-164
0
0
32
48
-180
-212
112
276
-16
-260
-164
-88
164
8
-372
-228
120
196
-96
292
72
-148
-132
-88
260
56
-132
-324
-40
292
372
-180
-244
-88
8
396
104
-96
-324
-112
-8
212
292
-104
-356
0
244
148
56
-276
-228
164
228
8
-48
-164
-120
96
260
80
-164
-64
-104
148
228
-212
-112
-8
72
-24
212
24
-260
-16
-104
104
212
24
-276
-56
112
-32
196
80
-276
-72
276
132
104
-88
-212
16
180
48
-132
96
-88
-72
212
308
88
-112
-212
-120
132
148
-164
-244
148
356
132
-148
-132
292
164
-132
-16
212
48
-244
-308
-40
460
492
-64
-340
0
104
-196
-180
-56
0
72
-40
-8
56
196
-104
-276
-132
196
212
-112
-276
-56
228
196
-64
-212
8
0
80
-64
-32
48
-56
-180
-196
80
48
-16
-16
-48
-148
-64
-196
-228
120
276
-132
-308
0
164
-8
-72
64
56
40
-260
-164
-32
132
-16
0
228
64
-120
-276
-72
8
-8
64
164
96
8
-40
-88
-88
148
112
-40
-80
32
48
-104
-72
0
148
164
-88
-196
24
64
-40
-132
0
164
48
-148
-80
88
-40
-292
-180
212
324
56
-164
-196
-40
48
-8
0
308
372
-64
-428
-148
228
148
72
148
372
276
-80
-324
-244
96
88
104
324
524
396
-196
-460
-276
112
260
148
196
324
196
-164
-340
-260
324
460
48
-164
104
212
-196
-324
-180
164
460
372
80
-72
-112
-356
-460
-72
396
524
180
-88
-112
-88
-112
-228
-112
112
244
260
-88
-308
-180
-244
-292
-16
428
340
-120
-428
-260
8
-88
-148
-24
228
180
-212
-340
-308
-212
-132
64
308
276
-96
-356
-340
-180
-16
-40
64
64
112
-16
-228
-212
-120
-16
80
132
56
-64
-292
-324
-72
244
244
56
-32
-32
-196
-428
-372
16
228
164
0
-32
-32
-196
-164
24
228
164
-120
-180
56
16
-164
-148
24
244
112
0
-32
-64
-8
-112
40
148
132
104
-40
64
180
56
-88
-32
196
308
212
80
132
244
164
-40
8
324
396
96
-48
-56
132
180
56
-8
132
276
0
-164
-120
164
244
164
132
112
164
-96
-260
-180
112
244
112
48
-24
32
-72
-132
-16
112
16
-132
-88
80
164
-40
-244
-180
64
32
-164
-132
-72
-64
-64
-24
56
0
-180
-244
-132
64
40
-148
-164
-120
-56
0
-40
-64
-148
-196
-180
-80
16
-96
-164
-148
-56
56
0
-120
-244
-196
-80
-56
-32
-64
-88
-196
-148
-64
-96
-112
-104
0
72
16
-64
-56
-16
-16
-88
-16
72
88
48
-24
8
24
88
56
72
196
180
148
48
96
164
148
64
16
148
228
228
164
180
180
244
132
24
48
120
96
0
96
260
308
120
8
-8
16
0
-32
48
180
244
148
40
80
72
-16
-112
-8
148
120
-64
-228
-104
-24
8
-40
0
64
40
-104
-260
-212
-212
-180
-148
-16
48
-80
-244
-324
-276
-180
-112
-56
-8
0
-8
-16
-8
-8
56
80
80
48
-48
-132
-260
-196
-132
-40
24
-16
-32
-48
-132
-132
-80
16
88
132
132
24
-180
-132
8
104
212
132
164
96
24
-40
-64
48
112
164
148
196
148
8
-132
-120
0
0
72
8
-24
16
-32
-32
0
80
164
164
148
132
132
32
-16
8
88
132
88
8
-32
-32
-48
-88
-8
48
0
0
-56
-80
-80
-112
-120
-40
48
80
40
16
-24
-88
-148
-164
-40
16
8
-16
-56
-88
-148
-132
-132
-112
-56
-148
-132
-104
-96
-148
-148
-80
-32
-64
-164
-196
-112
8
64
104
112
64
0
-48
-16
164
228
228
244
260
228
96
32
72
112
96
164
244
180
148
148
96
112
104
80
96
132
88
56
24
8
48
24
80
164
104
-80
-104
-80
-56
-80
0
88
80
-24
-148
-212
-308
-340
-260
-164
-24
32
-64
-164
-196
-196
-228
-148
-64
-24
0
-8
-120
-212
-244
-244
-164
-48
56
64
0
-120
-148
-96
-64
16
32
0
-72
-120
-196
-196
-64
-48
0
-48
-24
-80
-164
-244
-308
-260
-104
-16
24
64
0
8
-56
-104
-40
32
132
260
212
112
96
88
64
164
292
428
524
492
396
396
428
356
276
308
524
556
460
340
396
396
308
212
212
308
244
292
340
460
428
260
148
164
196
120
88
164
276
196
88
56
-16
-32
-112
-48
96
148
196
112
64
80
112
-16
-120
-148
-244
-292
-428
-492
-524
-620
-716
-876
-988
-1052
-1116
-1180
-1180
-1180
-1180
-1180
-1244
-1244
-1180
-1180
-1116
-1116
-1052
-924
-876
-876
-844
-716
-620
-556
-492
-428
-308
-112
-24
32
104
88
48
24
104
164
260
396
492
556
588
588
652
684
748
924
1052
1116
1052
1052
1244
1180
1116
1116
1244
1436
1436
1244
1052
812
780
844
1052
1180
1116
924
620
556
524
492
652
716
812
620
308
132
104
228
212
228
276
492
684
924
1308
1884
2620
3260
3516
3516
3132
2364
1436
812
876
1244
1436
1052
244
-620
-1692
-2748
-3516
-3644
-3388
-3260
-3260
-3516
-3644
-3900
-4092
-4348
-4092
-3900
-3516
-3260
-3004
-2876
-2620
-2364
-1980
-1372
-524
428
1244
2364
2236
684
-1180
-2364
-1980
-1692
-1116
-556
244
-88
-1564
-2748
-2876
-1692
-588
324
924
1500
1116
16
-492
32
1116
1372
1564
1628
1500
812
-164
-716
-588
460
1564
2236
2236
1980
1116
148
-80
716
1564
1564
1308
876
556
64
-308
-228
460
1500
2236
2492
2236
1628
988
524
716
1436
2108
2108
1756
1180
492
88
-32
340
1052
1628
1756
1436
844
244
228
652
1308
1980
3644
6396
8316
7164
3388
0
-844
340
1180
1884
3132
4348
3516
180
-3260
-4604
-4348
-4092
-3772
-3388
-2748
-3004
-4348
-5628
-5884
-5372
-5628
-5884
-5116
-3900
-3004
-3516
-4860
-5372
-4348
-2364
-988
-428
-588
-988
-1180
-716
148
620
-56
-1052
-684
780
988
-428
-2364
-2748
-1628
16
1244
1692
1500
260
-1180
-2108
-1308
-40
780
1180
1756
2492
1980
524
-844
-924
-244
844
1692
1820
1436
652
164
56
652
1500
1692
1564
1564
1756
1500
876
524
812
1180
1436
1564
1372
876
276
-32
228
988
1756
2108
1980
1692
1500
1564
1628
1628
2108
2620
3260
3388
3132
2492
1820
1500
1308
1756
2236
2364
2236
1628
876
196
164
460
988
1308
2492
4604
6652
6396
3388
260
-1116
-428
524
1244
1980
2748
2236
-524
-3644
-5372
-5116
-4860
-4860
-4604
-4092
-4092
-4860
-5628
-6140
-5884
-5628
-5884
-5372
-4348
-3516
-3516
-4092
-4092
-3260
-2108
-1372
-1052
-876
-988
-1116
-1052
-356
324
16
-844
-1500
-924
-556
-1372
-2620
-2748
-1628
-588
-244
-260
80
180
-396
-876
-588
428
1116
1628
2236
3004
3004
1884
684
588
1436
2108
2364
2236
1980
1564
1052
780
716
780
652
620
1052
1756
1820
1180
620
844
1564
1884
1884
1692
1436
1180
1116
1436
1980
1980
1756
1628
1820
2364
2364
2364
2236
2492
2876
3260
3388
3004
2492
1884
1564
1564
1628
1436
1308
1308
1180
876
164
-812
-1244
-876
-56
924
2108
4092
6140
6908
4860
1308
-812
-684
428
1308
2108
3004
3132
1180
-1980
-4860
-5884
-5884
-5116
-4604
-4092
-3900
-4348
-5116
-5884
-6140
-6140
-6396
-6396
-5372
-4092
-3388
-3644
-4348
-4604
-3772
-2364
-1116
-780
-988
-1180
-988
-428
40
292
-228
-988
-1500
-1180
-1308
-2364
-3132
-2748
-1180
132
780
748
588
0
-812
-876
56
1820
2876
3132
3132
2876
2108
844
164
556
1436
1980
2364
2108
1628
844
308
112
308
812
988
988
1052
1308
1308
1180
1308
1692
2108
1980
1884
1820
1756
1756
1884
2236
2492
2748
2492
2236
2236
2236
2236
2364
2620
2876
3132
3004
2876
2492
2108
1820
1564
1820
2108
2236
1980
1436
988
492
-180
-684
-748
-556
24
620
1180
1564
2876
4860
6396
5628
2876
120
-988
-292
396
1116
1820
2364
1244
-1692
-4604
-6140
-6140
-5884
-5372
-4860
-4348
-4348
-5116
-5884
-6140
-6140
-6140
-6140
-5372
-4092
-3132
-3260
-4348
-4604
-3772
-2236
-1116
-924
-1180
-1372
-1052
-460
212
276
-748
-1980
-2620
-1884
-1180
-1436
-2492
-2492
-1180
260
1116
1116
1052
588
-132
-396
460
1756
2364
2236
2108
2492
2492
1692
716
396
780
1500
2236
2364
1980
1180
524
428
924
1628
1820
1692
1820
2236
2620
2620
2492
2492
2620
2748
2748
2748
2492
1980
1436
1372
1756
2236
2236
1884
1628
1692
1820
2108
2236
2364
2492
2492
2364
2108
1980
1820
1500
1436
1500
1628
1436
988
556
112
-244
-812
-1180
-1436
-1436
-1052
-460
112
620
1980
4092
6140
5884
3132
148
-1500
-924
-64
988
1884
2492
1884
-652
-3644
-5628
-5884
-5628
-5116
-4604
-4092
-4092
-4604
-5116
-5372
-5372
-5628
-5884
-5372
-4092
-3004
-3132
-4092
-4348
-3644
-2364
-1244
-684
-780
-1052
-876
-340
112
-244
-1628
-2876
-3004
-1372
396
228
-1628
-3132
-2620
-1244
-276
428
1116
1372
748
32
16
748
1244
1372
1980
3260
3900
2876
1244
524
1308
2236
2620
2748
2492
1980
1180
684
684
988
1436
1820
2236
3004
3260
2748
1980
1980
2492
2876
2876
2748
2364
1628
924
780
1244
1980
2236
2108
2108
2236
2364
2108
1756
1628
1820
2236
2620
2748
2620
1980
1052
524
460
716
748
428
164
16
-228
-716
-1116
-1372
-1500
-1564
-1180
-460
428
588
780
2236
4348
6140
4860
2236
-324
-1052
-556
244
1436
2236
2236
556
-2108
-4348
-5372
-5372
-5628
-5372
-4860
-3900
-3772
-4348
-5116
-5628
-5884
-5884
-5628
-4604
-3644
-3388
-3516
-3644
-3260
-2748
-1980
-1244
-988
-924
-988
-748
-460
-492
-1372
-2620
-3132
-2748
-2236
-2236
-2492
-2492
-2108
-1180
-196
716
1244
1116
716
716
1180
1500
1820
2364
3260
4092
4092
3516
2492
1692
1308
1564
2236
2748
2876
2364
1628
1436
1628
1628
1372
1308
1884
2620
3004
2748
2236
1980
1980
1980
2364
2620
2492
1980
1436
1372
1756
1980
1884
1884
1884
1756
1564
1372
1116
1244
1564
1884
2236
2364
2236
1372
588
292
428
556
396
460
524
396
-80
-492
-748
-876
-876
-988
-924
-844
-652
-524
-212
292
684
1436
2748
4348
4860
3644
1564
-228
-844
-460
80
716
1116
988
-244
-2364
-4348
-5372
-5628
-5372
-4860
-4604
-4348
-4604
-5116
-5372
-5372
-5372
-5372
-5372
-4860
-4092
-3388
-3260
-3516
-3516
-3132
-2236
-1372
-924
-988
-1308
-1244
-1116
-924
-1116
-1308
-1564
-1756
-1756
-1628
-1052
-684
-340
80
924
1884
2236
1756
1244
1244
1564
2108
2876
3772
4092
3900
3132
2364
1884
1564
1244
1180
1564
1980
2236
1980
1628
1372
1436
1500
1820
2236
2492
2492
2236
2236
2364
2492
2364
2108
1980
1980
1980
1756
1692
1756
1980
1980
1980
1628
1244
988
924
988
1116
1372
1372
1308
1180
1052
924
524
324
492
924
1116
1052
876
652
428
56
-276
-428
-356
-132
64
132
-148
-492
-716
-620
-180
196
556
1500
3004
4348
4604
3132
1052
-812
-1308
-924
-72
428
372
-292
-1820
-3772
-5372
-6140
-6140
-5884
-5372
-5116
-4860
-4860
-5116
-5372
-5372
-5372
-5116
-4860
-4348
-3516
-3004
-3004
-3388
-3132
-2364
-1436
-1052
-1116
-1372
-1308
-684
-180
-228
-924
-1372
-1500
-1372
-1308
-1052
-460
-228
72
524
1500
2236
2236
1820
1564
1820
2108
2492
3004
3644
3900
3260
2492
2108
1980
1628
1500
1692
2108
2364
2236
1980
1756
1692
1756
1980
2620
3132
3260
2876
2492
2364
2492
2620
2492
2364
2236
1980
1756
1692
1628
1564
1372
1308
1308
1180
988
588
460
652
1052
1308
1436
1436
1308
1052
876
780
812
876
812
844
1052
1052
812
244
-228
-428
-396
-228
-112
-148
-292
-716
-1052
-1180
-1052
-748
-588
40
1308
2620
3516
3388
2236
620
-716
-1308
-1052
-356
-48
-292
-988
-2236
-3644
-4860
-5628
-5884
-5372
-5372
-5116
-4860
-4860
-4860
-5116
-5116
-4860
-4860
-4860
-4604
-3900
-3260
-3004
-3132
-2748
-2236
-1308
-556
-292
-196
-460
-812
-1244
-1180
-684
-684
-780
-924
-620
-716
-1052
-1116
-620
620
1628
2364
2492
2364
1884
1500
1692
2492
3388
3772
3772
3388
3260
3004
2492
2108
1980
2236
2748
2876
2748
2364
1980
1756
1884
2364
2876
2748
2364
1980
1980
1980
1980
2108
2236
2236
2108
1820
1628
1436
1244
1052
1116
1436
1692
1500
924
396
-40
-96
112
492
924
1180
1308
1116
748
620
652
684
652
812
1052
1116
988
652
260
-40
-132
-88
-56
-64
-340
-844
-1244
-1372
-1308
-1244
-924
-524
120
1116
1980
2748
2236
1308
340
-428
-876
-1052
-716
-460
-492
-1180
-2108
-3260
-4348
-5372
-5628
-5116
-4860
-4604
-4860
-5116
-4860
-4860
-5116
-5116
-5116
-4604
-4092
-3516
-3004
-2748
-2620
-2364
-1820
-1052
-340
-112
212
460
308
-164
-748
-844
-844
-876
-780
-428
-196
-276
-260
132
1180
1980
2492
2492
2492
2492
2492
2620
3132
3772
3900
3772
3644
3516
3260
2620
2108
1980
2364
2620
2620
2492
2108
1628
1244
1244
1628
1980
1820
1628
1500
1564
1500
1308
1180
1180
1244
1308
1436
1436
1180
876
620
588
620
588
428
228
104
180
324
324
428
620
924
1116
1052
844
652
556
620
748
924
844
588
276
32
-56
-196
-396
-620
-652
-716
-812
-1052
-1372
-1500
-1436
-1180
-844
-492
-148
588
1500
2236
2492
1980
1436
588
-120
-652
-620
-292
-228
-684
-1692
-2748
-3900
-4860
-5372
-5628
-5116
-4860
-4604
-4348
-4348
-4348
-4604
-4860
-4860
-4348
-3772
-3388
-3004
-2620
-2364
-2108
-1564
-1052
-556
-48
212
460
492
396
96
-428
-588
-524
-180
72
428
588
684
844
1244
1980
2620
3132
3260
3132
3004
3260
3644
3900
4092
4092
4092
3900
3516
2748
1884
1244
1052
1436
1756
1980
1756
1308
924
924
988
1116
1180
1180
1244
1244
1244
1180
988
748
652
876
988
812
524
292
228
372
556
524
276
-40
-132
-212
-80
164
396
492
492
684
780
652
428
276
308
428
620
684
492
196
-40
-72
-48
-104
-340
-652
-876
-876
-876
-1052
-1308
-1372
-1116
-924
-716
-340
104
524
988
1372
1628
1436
1052
588
148
-324
-716
-876
-1180
-1756
-2492
-3132
-3516
-3772
-4348
-4860
-4860
-4604
-4348
-4092
-4092
-4092
-3900
-3900
-3644
-3260
-2876
-2620
-2492
-2364
-1884
-1436
-1052
-924
-812
-556
-16
1052
1628
1692
988
428
588
620
844
1052
1564
1692
1628
1628
1884
2492
2620
2748
2876
3260
3388
3260
3132
3388
3516
3132
2876
2620
2492
1980
1500
1180
1180
1308
1308
1244
1244
1244
1116
924
924
1116
1116
1052
924
988
988
684
356
308
428
524
460
372
260
228
148
148
212
80
-120
-212
-56
120
260
164
-24
-8
132
292
228
104
112
164
180
196
340
308
120
-132
-292
-324
-356
-396
-492
-556
-748
-1052
-1308
-1436
-1500
-1308
-924
-556
-492
-396
-104
460
988
1180
1116
748
428
56
-212
-524
-876
-1116
-1564
-2108
-2748
-3388
-3900
-4348
-4348
-4348
-4348
-4092
-3772
-3644
-3644
-3516
-3516
-3516
-3388
-3004
-2364
-1980
-1692
-1500
-1308
-780
-308
112
492
844
988
988
988
924
988
876
844
988
1052
1052
1052
1116
1372
1756
2108
2492
2876
3004
3004
3004
3260
3516
3644
3772
3644
3644
3388
3132
2620
2236
1980
1980
2108
2236
2236
1980
1692
1308
876
620
492
460
492
556
492
292
148
88
0
-56
-132
-88
-112
-80
-96
-120
-260
-292
-212
-292
-324
-308
-228
-148
-120
-132
-32
-48
-96
-112
-40
0
-56
-132
-164
-148
-164
-292
-524
-556
-556
-588
-748
-924
-844
-844
-844
-876
-812
-716
-716
-652
-524
-212
-48
96
276
620
876
1052
780
212
-228
-492
-492
-588
-748
-1116
-1692
-2236
-2876
-3260
-3644
-3900
-3900
-3772
-3516
-3388
-3260
-3388
-3516
-3260
-3004
-2620
-2236
-2108
-1884
-1692
-1500
-1308
-1180
-1052
-812
-460
-164
80
212
164
148
244
396
492
588
684
844
1052
1372
1692
1884
1980
2236
2620
3004
3260
3260
3388
3388
3516
3644
3772
3644
3388
3004
2748
2492
2364
2108
1884
1692
1500
1308
1180
1052
844
620
492
492
556
524
396
324
340
396
396
396
396
356
356
244
164
64
-32
0
-24
-8
-104
-228
-372
-460
-460
-308
-132
16
120
120
96
-16
-148
-276
-292
-96
72
112
-56
-228
-324
-492
-588
-556
-428
-372
-308
-260
-292
-428
-716
-844
-716
-460
-104
196
460
620
492
96
-292
-492
-588
-588
-652
-684
-876
-1372
-2108
-2876
-3132
-3132
-3260
-3260
-3260
-3132
-3132
-3132
-3260
-3260
-3388
-3388
-3260
-2876
-2620
-2492
-2364
-2236
-1980
-1692
-1372
-1052
-924
-684
-428
-164
120
460
716
780
716
652
620
652
876
1116
1436
1884
2364
2620
2620
2620
2748
2748
3004
3132
3132
3260
3260
3132
3004
2876
2620
2364
2108
1980
1980
1820
1564
1244
844
588
620
748
716
492
292
324
396
492
492
428
356
428
588
556
556
372
120
72
212
396
428
356
260
228
196
244
340
428
460
460
556
652
556
244
164
180
164
40
-88
-64
-24
-24
-132
-180
-228
-396
-524
-524
-372
-228
-308
-428
-372
-276
-276
-244
-180
-132
-24
-104
-276
-396
-428
-524
-748
-876
-988
-1244
-1628
-2236
-2620
-2876
-2876
-2876
-2876
-3004
-3388
-3644
-3772
-3772
-3644
-3516
-3516
-3388
-3260
-2876
-2492
-2364
-2236
-1980
-1692
-1308
-924
-716
-556
-428
-276
24
396
588
588
556
652
844
1052
1244
1308
1500
1756
2108
2364
2492
2492
2620
2620
2748
2876
3004
3004
2876
2876
2748
2492
2364
2108
1980
1980
2108
1980
1884
1756
1628
1372
1116
1116
1180
1052
924
844
780
716
684
652
556
396
228
196
228
180
120
88
80
164
228
276
180
24
0
24
104
244
356
356
260
148
88
16
-16
80
212
228
64
-180
-324
-460
-524
-588
-620
-556
-396
-292
-308
-196
-88
-148
-196
-56
80
0
-148
-340
-492
-460
-356
-460
-684
-988
-1372
-1756
-2236
-2364
-2492
-2620
-2748
-2876
-2876
-3004
-3132
-3388
-3516
-3516
-3388
-3260
-3004
-2748
-2748
-2620
-2492
-2236
-1980
-1692
-1500
-1308
-1116
-988
-924
-924
-812
-588
-308
-80
112
324
588
812
924
1116
1372
1564
1820
1980
2236
2364
2620
2876
3132
3260
3260
3132
3132
3132
3004
2876
2620
2620
2620
2620
2492
2492
2364
2108
1884
1756
1692
1500
1308
1180
1116
988
844
684
524
460
460
428
356
244
96
0
-80
-72
-8
32
112
96
64
56
16
-40
-80
-48
-32
56
132
196
180
-24
-244
-372
-524
-556
-460
-308
-396
-748
-924
-780
-588
-556
-620
-556
-372
-196
-32
48
244
356
356
228
132
80
-72
-260
-396
-524
-716
-1052
-1500
-1756
-1980
-2108
-2364
-2492
-2620
-2620
-2748
-2876
-3004
-3004
-3004
-3004
-2876
-2620
-2492
-2364
-2236
-1980
-1884
-1820
-1756
-1692
-1692
-1628
-1436
-1308
-1308
-1180
-1116
-1116
-1052
-876
-620
-372
-120
180
492
812
1052
1308
1436
1628
1820
1980
2236
2492
2748
2748
2876
3004
3004
3004
3004
2876
2876
2748
2748
2748
2620
2492
2364
2236
2108
1980
1980
1756
1628
1436
1308
1244
1244
1372
1372
1244
1052
844
780
748
684
620
556
524
492
428
292
96
-88
-196
-104
88
276
276
112
-32
-72
32
8
-148
-372
-396
-356
-340
-396
-492
-588
-652
-620
-524
-428
-324
-292
-196
0
132
212
148
-8
-164
-260
-260
-292
-396
-620
-924
-1180
-1372
-1628
-1980
-2236
-2492
-2620
-2748
-2748
-2876
-3004
-3260
-3388
-3388
-3388
-3260
-3132
-3004
-2748
-2492
-2236
-2108
-1980
-1980
-1820
-1756
-1692
-1564
-1500
-1564
-1564
-1500
-1308
-1052
-924
-716
-652
-524
-428
-276
-80
212
460
716
988
1308
1692
1980
2108
2236
2492
2620
2876
2876
2876
3004
3132
3388
3388
3260
3004
2876
2748
2620
2492
2364
2236
2236
2236
2236
2108
2108
1980
1756
1628
1628
1564
1436
1308
1244
1308
1372
1372
1244
1052
844
780
716
620
556
460
340
244
180
16
-164
-276
-212
-164
-228
-244
-244
-292
-460
-588
-684
-588
-428
-372
-308
-292
-292
-372
-372
-196
-24
24
-112
-148
-148
-212
-396
-556
-684
-812
-988
-1244
-1372
-1564
-1692
-1980
-2236
-2492
-2748
-2876
-2876
-2876
-2876
-3004
-3260
-3260
-3132
-3004
-2876
-2876
-2748
-2620
-2492
-2492
-2364
-2364
-2236
-1980
-1692
-1628
-1628
-1756
-1756
-1628
-1372
-1180
-1116
-1180
-1180
-1052
-876
-684
-428
-132
180
524
780
1116
1308
1500
1692
1884
2236
2492
2620
2620
2748
2876
3004
3004
3004
3132
3132
3260
3260
3132
2876
2748
2620
2620
2364
2364
2236
2108
2108
2108
2108
1980
1884
1820
1692
1628
1692
1692
1628
1564
1436
1372
1308
1180
988
924
844
748
588
428
228
16
-148
-196
-72
-32
-196
-492
-684
-620
-524
-492
-556
-620
-620
-716
-876
-844
-780
-748
-652
-524
-260
-64
-104
-372
-684
-844
-844
-844
-844
-924
-1052
-1180
-1308
-1500
-1756
-2108
-2364
-2364
-2364
-2364
-2492
-2620
-2748
-2748
-2748
-2748
-2620
-2492
-2492
-2364
-2236
-1980
-1980
-1980
-1980
-1980
-1820
-1692
-1564
-1500
-1436
-1372
-1308
-1244
-1244
-1244
-1116
-1052
-924
-780
-620
-460
-340
-180
-24
196
428
652
812
924
1116
1308
1500
1628
1756
1820
1980
2108
2236
2236
2364
2492
2620
2748
2748
2876
2748
2620
2620
2492
2620
2748
2748
2620
2492
2364
2236
1980
1820
1628
1628
1692
1692
1692
1564
1372
1244
1180
1116
1052
988
876
812
812
812
812
748
556
372
196
0
-148
-276
-428
-556
-556
-492
-524
-652
-812
-924
-988
-1052
-1052
-1180
-1308
-1244
-1116
-988
-988
-924
-876
-876
-876
-844
-812
-812
-844
-988
-1052
-1180
-1372
-1564
-1628
-1692
-1628
-1628
-1692
-1756
-1820
-1980
-1980
-2108
-2108
-2108
-2108
-2108
-2108
-1980
-1884
-1820
-1820
-1820
-1756
-1756
-1756
-1628
-1500
-1372
-1308
-1244
-1052
-844
-684
-588
-556
-492
-372
-356
-308
-196
-96
48
212
428
652
780
844
924
1052
1180
1308
1436
1564
1628
1756
1884
2108
2236
2236
2364
2364
2364
2492
2492
2492
2492
2492
2364
2364
2364
2236
2236
2108
1980
1820
1628
1564
1564
1564
1436
1372
1244
1116
1116
988
924
924
924
924
924
844
716
588
428
276
180
132
96
-16
-164
-292
-372
-524
-652
-716
-748
-748
-716
-780
-812
-844
-924
-988
-988
-988
-1052
-1116
-1180
-1180
-1180
-1052
-1052
-1052
-1052
-1116
-1180
-1244
-1308
-1500
-1628
-1692
-1692
-1692
-1628
-1692
-1820
-1980
-1980
-1980
-1884
-1820
-1756
-1756
-1692
-1628
-1628
-1628
-1628
-1500
-1436
-1436
-1436
-1372
-1244
-1116
-988
-988
-988
-924
-876
-780
-684
-556
-460
-276
-40
164
276
244
228
308
428
556
684
716
748
844
988
1116
1244
1308
1372
1500
1628
1692
1692
1564
1564
1692
1884
1980
2108
2108
2108
2108
2108
2108
2108
2108
2108
2108
2236
2236
2108
2108
1980
1980
1980
1980
1884
1692
1564
1500
1372
1244
1052
924
844
748
620
524
396
308
164
0
-96
-120
-228
-340
-372
-428
-524
-652
-780
-876
-988
-1116
-1244
-1180
-1116
-1052
-1052
-1180
-1372
-1500
-1628
-1628
-1564
-1500
-1500
-1628
-1692
-1756
-1756
-1820
-1980
-1980
-1884
-1692
-1500
-1372
-1308
-1372
-1372
-1372
-1180
-1052
-1052
-1116
-1116
-1052
-988
-988
-988
-1052
-924
-812
-748
-716
-716
-716
-716
-716
-620
-524
-492
-460
-428
-372
-356
-340
-308
-244
-132
-24
72
112
164
308
492
620
716
812
812
812
812
844
844
780
780
924
1052
1116
1180
1244
1244
1244
1244
1372
1500
1564
1564
1564
1628
1692
1756
1756
1756
1692
1692
1628
1692
1756
1756
1756
1692
1692
1692
1628
1500
1372
1308
1180
1116
1052
812
588
460
324
244
132
64
-72
-180
-260
-324
-372
-460
-524
-620
-620
-620
-684
-780
-876
-924
-988
-1052
-1180
-1308
-1372
-1308
-1308
-1308
-1244
-1244
-1308
-1500
-1628
-1628
-1628
-1628
-1628
-1628
-1436
-1372
-1308
-1308
-1308
-1308
-1244
-1180
-1052
-1052
-988
-924
-812
-812
-812
-812
-780
-716
-652
-620
-588
-524
-428
-396
-372
-372
-372
-396
-396
-396
-260
-132
-72
-40
-24
0
8
8
-16
24
112
164
228
276
276
324
372
428
556
652
780
812
844
844
812
924
1052
1116
1180
1180
1116
1180
1180
1180
1180
1244
1308
1372
1436
1500
1500
1500
1436
1372
1372
1372
1436
1436
1372
1372
1372
1372
1308
1244
1180
1244
1116
1052
924
812
716
588
492
396
428
340
96
-148
-308
-356
-372
-396
-428
-460
-524
-620
-748
-812
-924
-1052
-1052
-1052
-1052
-1052
-1180
-1244
-1308
-1308
-1244
-1244
-1244
-1244
-1244
-1244
-1308
-1372
-1372
-1372
-1308
-1180
-1116
-1052
-1180
-1180
-1052
-924
-812
-876
-924
-924
-924
-876
-716
-588
-556
-524
-524
-492
-428
-428
-460
-428
-340
-292
-212
-120
-96
-148
-212
-244
-196
-120
-56
0
0
80
148
196
276
308
340
396
428
460
492
460
396
308
324
428
460
524
556
556
588
684
844
924
988
1052
1116
1116
1116
1116
1052
1116
1116
1180
1180
1180
1180
1244
1244
1372
1372
1372
1372
1372
1372
1244
1052
924
812
812
844
812
716
588
428
372
324
244
196
112
40
32
32
-40
-132
-228
-324
-308
-292
-324
-460
-652
-844
-988
-1052
-1052
-1116
-1116
-1180
-1180
-1116
-1116
-1180
-1116
-1052
-988
-988
-1052
-1052
-1116
-1116
-1116
-1052
-924
-924
-924
-812
-748
-716
-652
-652
-716
-652
-588
-556
-524
-492
-556
-556
-524
-428
-396
-356
-372
-292
-244
-180
-80
-40
-32
0
48
88
96
48
0
24
56
120
212
180
180
196
212
228
244
244
292
396
460
492
428
372
356
372
396
428
428
396
396
428
492
492
460
492
492
492
524
556
492
492
556
652
748
812
844
876
876
924
988
988
924
924
876
812
716
652
588
556
524
460
372
292
228
120
16
-24
-24
40
56
8
0
-40
-72
-64
-32
0
-16
-112
-260
-340
-396
-428
-492
-556
-588
-556
-588
-588
-620
-684
-780
-844
-812
-780
-780
-780
-812
-812
-812
-844
-812
-780
-684
-620
-492
-396
-396
-396
-428
-428
-396
-396
-396
-372
-356
-356
-324
-292
-308
-292
-228
-196
-148
-32
40
120
196
260
276
292
260
244
228
244
244
244
196
180
164
120
148
180
228
244
276
292
340
372
372
372
396
428
492
492
460
428
356
324
324
324
292
260
164
120
72
72
180
212
196
244
324
428
460
460
428
396
396
428
460
460
396
292
228
196
212
180
164
212
244
196
132
56
-80
-180
-212
-196
-164
-164
-180
-196
-212
-180
-164
-148
-132
-132
-132
-164
-196
-244
-244
-260
-244
-276
-340
-396
-492
-524
-556
-588
-620
-652
-684
-652
-684
-684
-684
-684
-652
-556
-524
-524
-492
-460
-428
-396
-308
-228
-180
-180
-148
-104
-88
-80
-88
-72
-104
-112
-104
-48
-8
24
80
120
120
132
164
212
244
276
324
372
396
428
428
428
396
340
308
276
244
212
164
132
132
104
112
132
148
180
164
196
244
340
396
396
324
276
228
260
324
324
308
244
212
212
196
164
120
72
80
120
148
148
120
112
148
196
212
212
164
80
72
132
180
228
196
196
228
244
276
308
276
324
396
372
428
428
396
324
244
164
112
32
-48
-104
-120
-112
-120
-212
-276
-308
-340
-356
-308
-260
-276
-276
-260
-292
-292
-228
-212
-212
-276
-396
-428
-492
-524
-524
-524
-524
-524
-492
-492
-524
-524
-524
-492
-492
-460
-428
-428
-460
-492
-460
-428
-372
-308
-228
-148
-120
-88
-24
16
56
80
40
24
24
40
48
24
0
-8
32
72
96
112
96
64
64
32
16
24
0
-8
-40
16
48
88
120
132
180
212
260
324
372
372
356
340
340
356
356
340
276
228
180
120
64
48
56
0
-56
-32
0
0
40
104
132
148
132
104
112
164
228
212
196
260
356
460
524
524
524
556
588
652
652
652
524
428
372
356
308
228
112
40
40
64
48
0
-64
-112
-96
-8
24
16
-56
-180
-212
-228
-212
-180
-196
-180
-164
-180
-212
-244
-260
-292
-324
-396
-428
-428
-428
-396
-396
-428
-460
-460
-524
-524
-524
-460
-460
-460
-396
-372
-308
-260
-244
-244
-244
-228
-228
-180
-112
-64
-64
-24
8
48
8
-72
-72
-16
0
0
-24
-80
-72
-40
-16
0
16
32
32
40
56
104
96
80
104
180
212
180
148
104
132
180
196
148
104
56
16
16
0
24
40
8
0
-40
-72
-120
-164
-212
-212
-212
-196
-120
-64
-16
24
40
64
96
112
148
196
244
260
308
324
324
356
340
372
396
428
460
460
428
428
396
372
340
308
260
212
180
196
148
104
64
32
-32
-120
-164
-180
-164
-120
-56
-64
-96
-120
-148
-132
-120
-64
-32
8
24
24
-16
-112
-164
-228
-228
-228
-180
-164
-148
-148
-196
-180
-180
-148
-64
-16
-8
8
40
56
64
96
132
164
180
196
180
112
48
8
32
96
80
24
-16
-48
-40
-40
-80
-120
-148
-132
-120
-80
-56
-56
-80
-72
-32
8
64
40
24
16
-16
-24
-40
-120
-180
-164
-164
-180
-180
-244
-308
-372
-372
-356
-324
-292
-276
-212
-164
-120
-120
-56
-24
-8
0
16
56
64
64
32
24
56
80
48
8
0
8
40
56
32
24
48
48
120
180
228
244
228
196
180
196
196
148
132
132
120
80
-8
-40
-96
-104
-148
-148
-104
-88
-64
-72
-80
-96
-104
-64
-40
-8
24
48
72
56
88
164
120
104
88
8
-40
-80
-112
-80
-72
-56
-40
-64
-48
-96
-120
-112
-40
8
88
132
132
148
196
260
276
292
308
276
244
276
324
324
276
260
228
244
260
276
292
260
260
308
308
276
260
212
228
244
212
212
196
132
96
56
-24
-80
-180
-212
-244
-292
-292
-292
-308
-340
-324
-340
-340
-340
-308
-292
-260
-260
-292
-356
-372
-396
-396
-356
-356
-372
-396
-372
-356
-340
-292
-260
-260
-260
-212
-164
-180
-196
-148
-112
-64
-32
-24
-16
-16
8
56
96
120
120
148
180
196
196
164
132
96
64
72
56
48
40
40
64
56
64
80
132
212
276
276
260
196
180
164
104
88
56
0
-8
-32
-80
-132
-196
-228
-196
-132
-104
-80
-96
-120
-72
8
56
120
164
180
180
132
88
88
96
120
180
244
340
340
340
356
372
372
308
260
228
244
260
228
132
112
72
96
120
112
104
64
48
96
148
132
80
40
56
88
88
56
-32
-80
-112
-164
-180
-196
-228
-244
-212
-196
-212
-260
-308
-292
-244
-228
-196
-180
-196
-212
-180
-212
-244
-308
-372
-396
-372
-340
-276
-244
-228
-212
-164
-104
-56
-40
-16
0
40
56
24
8
0
-24
-64
-56
-8
16
32
32
32
80
148
164
196
212
212
180
164
148
96
88
96
120
148
164
148
112
56
64
64
80
104
104
112
96
40
-16
-40
-120
-196
-244
-260
-292
-276
-260
-276
-260
-228
-180
-120
-80
-88
-56
-8
0
24
64
96
120
132
112
120
132
104
80
88
120
132
148
132
120
88
104
104
56
48
32
32
88
96
88
64
40
64
96
104
120
132
112
112
104
112
56
-16
-32
16
64
80
80
0
-40
-88
-148
-120
-88
-40
8
32
64
64
24
24
0
-48
-88
-96
-72
-24
-16
0
-16
-48
-56
-48
-8
32
80
96
96
148
212
196
164
132
40
40
40
48
48
24
64
32
0
-40
-112
-132
-132
-40
48
132
148
120
88
72
56
56
56
48
40
24
48
72
80
72
24
-32
-56
-64
-72
-120
-148
-148
-164
-164
-212
-212
-228
-244
-260
-276
-244
-244
-228
-212
-180
-196
-164
-132
-80
-48
-32
-24
-48
-24
-8
-40
-48
-40
-64
-104
-132
-164
-164
-132
-148
-164
-132
-96
-80
-56
-48
-32
-24
-24
-40
-24
-40
-16
8
32
32
40
40
88
132
164
164
120
88
40
24
64
64
48
32
0
40
96
96
64
32
24
32
40
56
88
56
16
32
32
48
56
40
48
96
148
164
180
180
196
180
180
164
132
120
80
80
88
72
40
0
-8
0
0
0
-8
0
0
16
88
132
164
180
228
196
180
148
120
112
164
228
212
196
132
64
72
88
40
16
8
16
-8
-16
0
-80
-148
-148
-96
-48
-32
-32
-64
-88
-96
-112
-104
-132
-112
-88
-48
-8
-24
-40
-64
-56
-64
-48
-64
-112
-132
-164
-180
-196
-196
-164
-132
-132
-88
-96
-120
-164
-180
-164
-132
-112
-96
-104
-132
-148
-132
-132
-120
-96
-56
-32
-24
-32
-24
-8
0
-16
-24
-24
-8
0
-56
-80
-72
-80
-80
-72
-72
-48
-64
-64
-64
-72
-88
-88
-88
-56
-16
-24
-32
-24
0
-24
-32
0
64
132
148
120
104
88
72
80
80
72
40
48
64
80
96
104
72
64
96
96
132
120
72
112
164
180
212
212
180
180
180
180
180
148
120
104
112
104
112
112
56
16
32
48
32
24
8
0
-16
0
8
16
16
64
64
48
32
0
-32
-56
-88
-148
-180
-164
-164
-164
-164
-164
-196
-244
-212
-120
-104
-56
-16
-24
0
0
0
0
16
16
32
40
24
24
8
-16
0
48
56
32
16
8
-32
-24
0
40
104
164
164
132
120
96
64
40
32
0
-16
-16
0
32
48
80
104
104
132
148
148
96
64
40
48
64
16
0
-16
-16
-8
24
32
56
88
88
112
132
112
72
56
80
56
40
8
-40
-48
-48
-48
-48
-64
-96
-80
-64
-72
-48
-40
-40
-40
-56
-56
-48
-72
-96
-88
-132
-180
-212
-260
-292
-244
-244
-228
-212
-212
-212
-244
-260
-260
-244
-244
-244
-260
-260
-244
-228
-196
-196
-164
-148
-132
-96
-112
-132
-164
-148
-104
-132
-132
-80
-64
-72
-56
-32
8
40
72
132
148
120
120
120
132
180
228
244
276
292
308
260
212
212
212
196
228
228
244
212
180
164
164
164
164
164
164
148
180
164
148
132
120
120
120
120
132
164
148
180
244
244
260
244
212
164
112
96
64
56
56
40
80
64
48
48
8
0
-24
-24
-16
-8
-16
0
0
-32
-32
-56
-48
-40
-56
-64
-80
-96
-96
-104
-112
-96
-120
-112
-72
-80
-132
-180
-244
-276
-276
-260
-244
-228
-244
-260
-276
-276
-276
-276
-276
-244
-212
-148
-104
-104
-96
-120
-104
-64
-64
-64
-56
-88
-72
-64
-56
-64
-80
-120
-120
-96
-104
-80
-112
-148
-132
-88
-56
0
24
32
40
24
0
8
40
64
96
96
112
164
164
132
148
164
228
244
292
308
244
180
132
120
120
164
180
180
164
132
132
148
104
80
64
96
132
164
148
88
72
56
112
164
196
180
148
120
112
80
48
32
24
16
16
24
24
16
-8
-32
-48
-64
-8
0
-16
-8
-40
-56
-88
-64
-40
-16
-32
-32
-16
-24
-56
-72
-80
-104
-88
-56
-48
-40
-56
-96
-120
-120
-96
-104
-132
-180
-212
-228
-180
-164
-148
-132
-148
-164
-164
-132
-112
-96
-64
-8
48
96
96
64
32
24
8
8
0
-32
-40
-56
-56
-72
-72
-80
-88
-88
-56
-16
-8
0
-8
-32
-24
-32
-40
-40
-32
-32
0
40
24
32
32
48
56
56
56
96
104
112
120
112
132
132
164
120
104
64
16
16
32
40
48
40
24
24
48
40
0
-24
-24
0
24
72
80
72
80
64
64
80
88
80
56
32
40
32
8
0
-16
8
40
88
104
80
40
0
-40
-56
-32
0
40
56
72
64
56
8
-24
-48
-16
40
88
104
88
56
56
16
-32
-56
-80
-88
-88
-48
-24
-40
-64
-96
-132
-112
-104
-72
-96
-96
-72
-64
-64
-56
-56
-56
-32
-24
0
0
0
0
-32
-24
-16
-24
-40
-32
-32
-32
-24
-40
-56
-72
-88
-96
-72
-56
-48
-40
-40
-32
-24
-16
-24
-48
-64
-56
-64
-80
-88
-112
-104
-64
-16
8
16
