SAMPLES:	8050
BITSPERSAMPLE:	16
CHANNELS:	1
SAMPLERATE:	16000
NORMALIZED:	FALSE
0
0
0
0
0
0
0
0
0
0
0
0
0
0
0
0
0
0
0
0
0
0
0
0
0
-8
0
0
0
0
-8
-8
0
-8
0
0
0
0
0
0
0
0
0
0
0
0
0
0
0
0
0
0
0
0
0
0
0
0
0
0
0
0
0
0
0
0
8
0
0
0
0
0
0
0
0
8
0
0
0
0
0
0
0
0
0
0
0
-8
0
0
0
0
0
0
0
0
0
0
0
0
-8
0
0
-8
-8
-8
0
0
-8
0
0
0
0
-8
-8
0
0
-8
0
0
0
0
0
0
0
0
0
0
0
0
0
0
0
0
0
0
0
0
0
8
8
0
0
0
0
0
0
8
8
0
0
0
0
0
0
0
8
16
8
0
0
8
8
8
8
56
48
-8
-16
0
0
-8
-24
-8
16
24
0
-32
0
16
0
-16
-8
16
0
-8
0
16
8
0
0
16
8
0
0
8
8
8
0
16
16
0
0
0
8
0
0
-8
-8
0
0
-8
-8
-8
8
0
-8
0
0
-16
-8
-8
-16
-8
-16
-8
-16
-8
-16
-16
-8
-16
-16
-16
-8
-24
-8
-8
-16
-16
0
-8
-16
-8
-8
0
-8
-8
0
0
0
-8
-16
0
8
-8
-24
0
16
0
-24
0
8
8
0
-24
8
24
8
-32
8
24
8
-8
-8
16
0
0
0
0
0
8
0
0
8
8
0
0
24
8
0
8
8
8
0
8
16
0
8
8
8
8
8
16
16
8
8
24
24
8
0
40
24
16
0
32
40
16
0
24
24
24
16
8
40
0
8
32
0
0
8
8
0
0
8
8
0
0
0
0
0
0
0
0
0
-8
-16
8
-16
-8
-24
0
0
-16
0
-32
-8
-8
-8
-32
-24
0
-8
-16
-32
-8
-16
-8
-40
-16
-16
-16
-8
-40
-16
-8
-8
-24
-16
-8
-24
-8
-16
-24
0
-8
-24
-24
0
-24
-8
-16
0
-8
-16
0
-16
0
-16
-8
-8
8
0
-8
-8
0
8
-24
0
0
8
-8
8
8
0
16
0
0
0
0
8
8
-8
16
8
8
8
-8
8
16
16
-8
-8
16
8
-8
8
8
-8
0
16
8
-8
8
0
8
16
-8
0
8
8
0
0
0
16
0
16
0
0
8
24
8
-16
16
24
32
-24
0
32
32
16
0
32
32
24
-16
0
40
32
0
16
24
24
8
-8
8
40
16
16
16
24
16
0
8
8
8
0
32
16
8
0
8
8
0
8
-40
16
32
0
-40
16
24
-32
-24
-8
0
-8
-32
-64
16
24
-16
-64
-24
56
0
-24
-64
-8
24
-8
-64
-40
64
-8
-48
-48
0
24
-16
-80
-32
56
-16
-72
-56
56
32
-32
-72
-24
24
0
-64
-32
24
0
-56
-56
0
8
-8
-40
-8
48
0
-80
-72
48
32
-48
-48
40
24
-32
-56
-16
24
40
-48
-56
16
56
-40
-56
24
40
16
-16
-16
-24
64
0
-48
0
32
0
0
8
-8
16
64
16
-24
32
16
-16
16
32
0
32
32
8
0
40
16
-32
32
72
8
8
-8
32
64
24
0
8
104
8
-16
8
24
32
-8
16
24
24
-8
24
8
64
16
-8
8
24
24
-24
24
32
24
0
-24
64
-8
-16
32
0
32
8
0
-40
40
56
8
-24
-8
16
0
8
-104
0
80
0
-88
-16
40
0
-8
-88
8
80
-40
-120
0
112
-24
-96
-32
40
8
-104
-88
48
96
-80
-88
0
24
-64
-104
-40
8
72
-120
-88
24
0
-72
-96
0
-16
-8
-56
-88
-8
8
-16
-64
-24
8
8
-96
-64
-16
24
-16
-132
96
32
-80
-32
32
40
0
-16
-40
32
-24
-40
-56
104
0
-32
32
0
32
0
0
-40
56
8
-48
48
72
-24
40
40
-24
32
16
0
-8
0
32
0
104
-16
32
88
8
-24
0
16
-32
24
-32
-32
80
8
-96
96
48
16
48
-88
-64
88
104
-164
16
88
24
64
-32
-24
96
104
-88
-64
132
40
-104
64
80
104
40
-56
-48
164
132
-96
-72
132
64
-32
8
80
80
24
56
24
48
56
64
-112
48
132
24
0
32
64
8
64
0
-80
24
56
-72
56
-32
-16
16
-8
8
0
88
48
-148
-48
16
0
-8
-148
-16
40
56
-72
-180
40
96
-32
-148
-132
112
-40
-164
0
-48
104
0
-180
-104
48
-8
-228
-80
-24
24
24
-56
-148
8
80
-104
-212
-132
64
-80
-72
-24
-56
24
-48
-24
-8
56
-104
-132
0
-40
-24
-132
8
-24
96
-112
8
-16
-56
40
-132
0
-16
0
-64
32
40
8
-16
-40
24
40
56
-96
-64
88
88
-40
-32
72
-40
64
88
40
24
-64
-48
0
148
80
-40
72
132
64
-56
64
56
-32
32
72
196
-32
-24
24
132
180
40
16
48
40
-40
104
16
0
164
88
72
40
88
-32
40
40
40
164
-24
0
80
72
148
-32
-24
48
132
96
-112
8
148
-48
0
48
0
88
-16
16
-148
80
24
-48
64
-32
-24
-24
24
-88
-88
-72
-16
-16
80
0
-120
-32
-16
-32
-72
-104
24
0
40
-88
-164
0
-72
-112
16
40
-164
-148
72
24
-96
-56
0
32
0
-96
-212
-40
0
-132
-8
40
120
16
-180
-132
48
0
-180
-72
0
180
-48
-164
-96
64
88
-180
-180
8
56
-8
-120
-104
180
96
-112
-164
96
132
-212
-212
-48
112
80
-244
-132
228
48
-212
-164
132
164
-132
-88
72
120
88
-212
-96
212
72
-56
-96
112
244
-8
0
16
164
40
-48
0
48
164
88
8
-32
212
164
24
-8
8
196
104
104
40
132
308
88
-132
24
180
148
-80
-16
196
88
96
-132
0
196
0
-80
-132
148
260
-24
-40
8
164
64
-120
-8
56
48
0
-8
40
0
16
-132
-24
80
-164
-96
-16
-16
8
-64
-80
0
16
96
-112
-148
-104
-40
48
-88
-40
120
80
-40
-88
0
40
-112
-180
-120
164
32
-164
-96
-32
212
-40
-228
-244
56
56
-132
0
-24
104
132
-40
-148
64
-16
-292
-120
180
120
-112
0
0
-96
24
-104
-80
8
32
-56
0
72
-72
-80
-64
16
40
-40
-56
48
0
-88
-8
-16
-16
16
-24
-180
-8
88
-80
-148
0
88
-8
-16
-48
-32
-56
-8
-56
0
148
196
-24
-80
164
56
-148
-180
-24
132
132
32
-16
72
164
-104
-120
-48
0
32
-80
-8
148
180
32
-104
-16
56
-16
-64
-32
0
0
64
48
96
80
-56
-148
-112
8
-8
72
56
80
324
228
-64
-164
-120
64
80
88
112
180
324
32
-16
72
72
-88
-148
196
228
96
32
8
88
180
32
-80
-120
-80
-24
-8
64
104
80
32
24
16
-48
-132
-112
72
164
48
-8
0
-16
-16
40
24
40
-8
-64
-24
8
0
-180
-164
120
212
24
-180
-132
40
56
-132
-148
32
96
0
-104
-72
104
40
-212
-112
88
148
-64
-244
-148
56
164
-48
-104
24
120
-96
-228
-64
-72
-32
-104
-8
16
-8
-164
-228
16
32
-88
-164
80
112
-64
-120
-148
-112
-180
-164
-16
40
40
-112
-212
-104
-48
-112
-104
-32
0
0
-40
-180
-72
16
-48
8
48
8
-64
-8
0
24
132
16
-8
16
-48
-32
16
-8
56
180
244
164
8
-16
-24
-16
-40
96
292
292
120
-16
48
88
24
16
132
132
132
148
96
132
48
56
104
228
244
56
0
0
40
80
80
32
112
104
64
48
48
-24
-88
0
72
88
40
-96
-88
-8
32
32
40
40
-8
-40
-132
-132
-48
-48
-32
56
64
-8
-148
-212
-212
-148
-24
8
64
32
-16
-88
-180
-104
-56
-56
16
40
32
24
-64
-148
-64
48
64
0
16
16
-16
32
8
24
88
96
56
16
-8
-88
-64
24
80
148
120
0
-88
0
64
56
24
32
96
120
64
-24
-104
-132
-132
-48
8
72
80
-64
-164
-132
-88
-120
-132
-88
16
56
8
-96
-164
-120
-40
0
-8
-16
-112
-164
-164
-88
-72
-16
56
96
40
-132
-120
-96
-132
-80
24
64
16
-72
-132
-104
-24
-24
-24
40
88
0
-88
-56
-24
-16
8
8
80
112
32
16
0
0
8
56
16
0
72
56
-8
-24
0
64
56
32
32
56
56
8
32
48
64
48
32
56
64
56
32
56
112
148
104
112
104
88
72
80
104
112
96
64
56
72
72
48
56
104
56
32
8
0
40
96
88
88
72
16
0
-24
-40
-32
8
32
88
64
0
-8
0
0
-16
8
0
48
48
32
-16
-88
-72
-16
104
48
-24
-24
-16
-72
-104
-48
0
80
48
-32
-104
-48
-88
-132
-48
48
64
-32
-56
-80
-96
-132
-132
-72
0
-64
-148
-196
-180
-148
-164
-132
-64
-24
-132
-260
-260
-196
-112
-120
-96
-8
0
-120
-244
-212
-148
-96
-112
-64
0
16
-48
-96
-64
8
16
-8
-32
56
56
0
-24
24
96
16
-8
32
80
80
32
8
88
132
120
56
64
132
112
112
112
132
132
96
88
96
120
112
88
120
148
164
196
148
104
96
120
148
180
148
120
64
112
80
48
56
72
88
16
0
-40
-16
-16
-8
0
56
96
0
-40
-32
0
-56
-80
-48
-48
-32
-48
-40
-24
16
-40
-40
-16
-8
-40
-96
-72
-40
32
0
-56
-112
-120
-64
-96
-88
-64
-24
-40
-56
-56
-64
-24
-56
-48
0
56
0
-112
-72
24
64
40
0
24
72
-16
-80
-112
-40
72
88
72
88
80
-16
-104
-96
-24
16
40
72
88
72
8
-56
-64
-8
48
64
16
-32
-40
-88
-120
-96
-40
-48
-88
-72
-56
-88
-148
-196
-96
-40
-40
-40
-24
-56
-132
-148
-112
-48
-16
-32
-48
0
16
-32
-96
-72
40
104
48
16
16
0
-48
-48
0
104
132
132
104
64
48
56
56
64
164
244
212
148
88
80
40
32
16
88
120
148
132
64
40
32
24
24
88
64
32
0
0
-32
-80
0
40
24
0
8
-24
-40
-24
-32
-16
8
48
8
-32
-72
-56
-56
-88
-24
64
104
72
0
-72
-96
-112
-96
-48
48
80
72
8
8
24
0
-48
-56
-32
-24
0
0
24
48
40
-40
-72
-48
-64
-96
-112
-56
-32
0
-16
-56
-64
-96
-112
-132
-80
-24
16
8
16
72
64
16
-48
0
56
72
40
40
72
64
56
32
8
-8
-16
-40
0
56
104
88
16
16
24
8
0
0
48
56
40
48
24
-32
-72
-80
-32
-8
16
24
-16
0
-40
-64
-80
-56
-16
-48
-96
-120
-120
-112
-72
-48
8
0
-32
-8
-8
-24
-56
-24
-16
-8
-32
-64
-72
-48
-16
0
24
40
32
24
-8
-8
32
64
80
88
72
40
24
16
16
32
48
48
40
-8
-24
-16
16
24
40
88
112
120
104
104
88
72
72
112
164
164
180
180
96
24
40
64
80
40
24
56
56
0
-80
-72
-72
-24
-24
-32
-24
-40
-80
-104
-104
-96
-96
-88
-72
-72
-56
-96
-96
-56
-24
-8
-64
-132
-180
-132
-112
-88
-88
-88
-96
-112
-180
-196
-180
-132
-132
-112
-88
-64
-56
-64
-56
0
40
24
0
-8
16
16
0
-40
0
64
80
48
8
16
40
40
16
40
64
48
40
48
32
40
80
132
132
148
132
56
16
40
72
112
132
148
164
132
104
72
40
0
80
164
132
96
80
72
0
8
56
112
148
104
96
16
-40
-72
-64
-24
48
80
48
64
32
0
-24
8
48
40
56
32
32
16
-16
8
8
0
-48
-64
-88
-64
-64
-80
-120
-96
-64
-80
-88
-96
-72
-104
-148
-196
-196
-180
-164
-148
-132
-164
-164
-164
-180
-132
-80
-56
-72
-132
-196
-244
-276
-212
-148
-80
-48
-8
-48
-148
-164
-180
-132
-32
0
32
56
96
104
120
132
120
164
148
228
244
276
260
228
260
292
308
260
260
228
244
148
196
196
212
276
276
276
260
308
228
180
180
244
308
292
292
276
260
196
148
180
212
276
244
164
72
0
-64
-88
-72
-64
-72
-112
-132
-196
-308
-396
-460
-428
-428
-460
-492
-556
-588
-652
-716
-748
-716
-684
-652
-652
-652
-684
-652
-652
-684
-620
-556
-556
-524
-460
-428
-356
-292
-260
-180
-132
-104
-72
-88
-72
-56
-16
0
120
244
276
356
396
372
396
428
460
492
524
556
588
556
556
556
524
492
524
588
844
844
780
844
812
652
396
276
324
396
492
492
524
524
372
164
16
16
112
228
372
492
620
684
780
988
1372
1756
1820
1564
1308
1372
1372
1180
1052
1052
988
588
148
-396
-748
-1052
-1308
-1564
-1884
-1980
-1980
-2108
-2236
-2364
-2364
-2236
-2236
-2236
-1980
-1820
-1628
-1628
-1692
-1500
-1116
-588
-244
-460
-924
-1244
-1116
-1180
-1372
-1436
-1180
-988
-1116
-1436
-1692
-1436
-1180
-988
-876
-228
324
292
16
24
396
524
492
396
684
812
780
652
428
428
556
684
524
652
780
684
492
556
876
876
620
308
460
716
924
1052
1052
1180
1308
1500
1564
1628
1564
1372
1116
924
748
652
748
748
748
748
780
652
396
228
620
1436
2108
2236
2492
3516
5116
6140
5372
3772
2492
1884
1564
1116
1116
1756
2364
1628
-48
-1564
-2364
-3004
-3772
-4092
-3516
-2492
-2108
-2620
-3132
-3132
-3260
-3772
-4348
-4092
-3132
-2364
-2236
-2236
-2108
-1628
-1436
-1436
-1308
-1180
-1180
-924
-356
196
-180
-1500
-2492
-2748
-2364
-2108
-2108
-1756
-1052
-244
96
228
196
244
72
-72
260
924
1308
1116
924
844
780
212
-524
-1116
-1180
-844
-524
-132
40
148
96
88
96
212
244
260
460
924
1308
1372
1244
924
652
556
652
988
1244
1308
1308
1308
1116
876
716
716
684
748
924
1180
1308
1180
1052
1052
1372
1756
1980
2236
2748
3260
3260
3132
4092
5628
6908
6140
4348
2876
2108
1756
1052
748
1308
2236
1820
-48
-1820
-2620
-3004
-3900
-4348
-4092
-2876
-2364
-2748
-3516
-3516
-3516
-4348
-5116
-5116
-3900
-3004
-2620
-2748
-2620
-2108
-1980
-1884
-2108
-1884
-1564
-1116
-716
308
1692
1692
-148
-2492
-3004
-2492
-2364
-2364
-1436
620
1980
1692
228
-620
-924
-1052
-1436
-1052
716
1884
1628
524
244
132
-460
-1436
-1884
-1244
-228
428
196
-32
88
428
276
212
588
924
924
924
1500
1980
1980
1180
324
40
72
244
244
276
620
1244
1564
1436
1244
924
652
492
652
1116
1500
1692
1628
1628
1820
1884
1820
1980
2620
3260
3516
4348
5884
7420
7420
5372
2876
1564
1564
1372
844
876
1980
2492
988
-1692
-3388
-3644
-3900
-4604
-4860
-3644
-2236
-1980
-2876
-3516
-3516
-3772
-4860
-5372
-4604
-2876
-1980
-2236
-2492
-1980
-1308
-1372
-2108
-2364
-1980
-1372
-924
-620
-324
-524
-1116
-1052
-620
-524
-1308
-2236
-2492
-1884
-780
196
988
1052
524
-652
-1692
-1980
-1628
-924
-132
812
1052
812
64
-524
-1116
-1244
-748
-196
372
524
716
372
-24
-228
56
588
1180
1756
1980
1884
1756
1756
1500
1052
524
228
372
492
428
324
396
652
988
1436
1564
1564
1372
1180
1436
1756
2108
2364
2364
2364
2364
2236
1980
1820
2236
2876
3516
3644
4348
5884
7164
6908
4604
2236
1308
1436
1180
844
1180
2236
2364
356
-2108
-3516
-3772
-4348
-4860
-4860
-3260
-2108
-2236
-3132
-3516
-3644
-4348
-5116
-5372
-4348
-2620
-1820
-1980
-2236
-1980
-1820
-1756
-1980
-1820
-1500
-1116
-588
-180
-276
-1052
-1244
-876
-924
-1980
-3004
-3004
-2620
-1884
-780
812
1628
844
-1052
-2620
-2364
-1436
-652
-372
620
1628
1500
460
-460
-812
-1372
-1436
-924
228
924
924
64
-924
-876
-80
652
748
924
1244
1436
1372
1308
1244
812
88
-396
-164
308
524
180
-132
180
876
1500
1436
1180
924
716
988
1436
1884
1980
1980
1756
1820
2108
2236
2108
1884
2492
3644
4348
4604
5116
6396
7420
6652
4348
2492
1820
1980
1564
1308
1884
2876
2236
-308
-2876
-3772
-3388
-3772
-4092
-3900
-2492
-1564
-1820
-2748
-3388
-3388
-3900
-4860
-4860
-3260
-1500
-1116
-1692
-2236
-1756
-1308
-1372
-1884
-1980
-1628
-924
-396
-276
-684
-1884
-2748
-2492
-1564
-1116
-1436
-1756
-1692
-1052
-324
276
180
-428
-1116
-1564
-1308
-684
-196
-212
-132
16
196
-16
-492
-924
-1308
-924
-212
620
812
492
-212
-780
-780
-308
372
716
924
1116
1372
1436
1244
780
132
-276
-308
0
120
24
-276
-588
-492
-292
132
460
684
748
988
1564
2108
2492
2108
1980
1884
2236
2620
2748
2492
2364
2876
3516
4092
4348
5116
6396
7164
6140
3900
1980
1308
1436
1244
1116
1564
2364
1692
-876
-3388
-4348
-3900
-4092
-4604
-4092
-2748
-1692
-2108
-3260
-3772
-3772
-4348
-5116
-5116
-3516
-1884
-1564
-2236
-2492
-2108
-1820
-1884
-2236
-2108
-1500
-748
-260
-324
-924
-1980
-2620
-2364
-1884
-1756
-1820
-1884
-1436
-460
492
1116
876
96
-684
-812
-356
260
620
844
1244
1372
1116
460
-80
-492
-492
40
876
1564
1692
1244
556
72
24
460
876
1244
1692
1884
1756
1372
1052
556
164
-244
-228
16
244
148
-244
-396
-164
180
292
396
556
652
988
1500
1884
1980
1884
1756
1692
1884
2108
2364
2236
1980
2492
3388
4092
4092
4604
5628
6396
5628
3516
1628
1116
1372
1244
1052
1308
1980
1244
-1180
-3516
-4092
-3900
-3900
-4348
-3900
-2620
-1692
-2236
-3260
-3900
-4092
-4348
-4860
-4604
-3260
-1980
-1756
-2236
-2492
-2108
-1884
-1980
-2108
-1884
-1372
-716
-372
-492
-1116
-1820
-2492
-2876
-2748
-2108
-1500
-1244
-876
-112
716
844
48
-924
-1308
-876
-212
228
524
1052
1052
460
-180
-396
-372
-748
-876
-308
780
1436
1308
716
112
-40
80
308
524
988
1372
1564
1436
1244
844
212
-492
-748
-372
40
228
164
96
72
80
276
372
460
684
988
1308
1692
2108
2364
2364
2236
2236
2492
2620
2620
2492
2876
3644
4604
5116
5628
6140
6652
6140
4092
1980
1052
1500
1980
1692
1820
2236
2108
228
-2492
-4092
-4092
-3644
-3900
-3772
-2748
-1628
-1820
-3132
-4092
-4348
-4348
-4860
-4860
-3772
-2108
-1436
-1820
-2364
-2364
-2108
-2108
-2364
-2108
-1372
-812
-460
-460
-1052
-1980
-3132
-3388
-2876
-1980
-1372
-924
-588
-212
340
556
212
-492
-924
-924
-524
132
556
780
684
372
-32
-428
-684
-716
-652
-196
524
1180
1308
924
308
-148
-148
132
492
812
1052
1244
1244
1116
716
356
8
-180
-180
-32
132
48
-164
-308
-396
-396
-292
-104
88
308
716
1180
1436
1692
1820
1820
1820
1884
2108
2492
2620
2620
3132
3900
4604
5116
5628
6140
6140
5116
3004
1564
1436
1884
1980
1628
1756
1884
924
-1436
-3644
-4348
-3900
-3772
-4092
-3388
-2236
-1692
-2364
-3516
-4092
-4092
-4348
-4348
-3772
-2492
-1436
-1308
-1820
-2108
-1884
-1756
-1980
-1820
-1372
-812
-460
-460
-812
-1564
-2620
-3388
-3132
-1820
-396
340
396
356
428
372
-16
-372
-212
132
620
988
1116
988
588
-32
-492
-460
-308
-196
-260
-148
292
748
876
492
40
-212
-48
276
556
780
1052
1180
1052
924
588
148
-292
-428
-308
0
148
-80
-492
-876
-1116
-1180
-1116
-924
-428
180
684
1052
1372
1564
1500
1436
1436
1980
2492
2748
2748
2748
2748
3132
3772
4604
5116
5628
5884
5884
4860
3004
1628
1308
1756
2108
1980
1820
1692
684
-1308
-3260
-4092
-3900
-3644
-3772
-3388
-2364
-1820
-2364
-3516
-4092
-4092
-4348
-4092
-3644
-2492
-1564
-1436
-1820
-2108
-2108
-2108
-2108
-1980
-1436
-748
-428
-588
-1052
-1884
-2620
-3004
-2492
-1052
-112
-292
-620
-104
396
228
-340
-396
180
492
340
212
716
1116
812
-48
-356
32
40
-428
-652
40
716
876
588
356
228
120
40
56
524
1116
1500
1308
1052
988
556
-56
-428
-212
8
-8
-228
-460
-716
-988
-1308
-1372
-988
-428
-8
292
620
924
1052
1116
1244
1500
1756
2108
2492
2748
2748
2748
2492
2492
3260
4348
5116
5628
5884
5884
4860
2876
1436
924
1244
1628
1692
1820
1692
876
-924
-2876
-3900
-3900
-3772
-3644
-3004
-2108
-1692
-2108
-3004
-3772
-4092
-4092
-4092
-3644
-2748
-1884
-1436
-1564
-1884
-1980
-1980
-1980
-1756
-1244
-684
-292
-212
-492
-844
-1500
-2108
-2620
-2620
-2108
-1372
-716
-120
620
876
460
-428
-988
-924
-460
132
652
1244
1372
1052
428
-196
-556
-716
-652
-396
308
988
1244
924
324
56
196
524
716
988
1244
1308
988
716
396
-32
-340
-588
-620
-492
-308
-324
-524
-524
-428
-356
-260
-228
-148
56
428
716
988
1308
1628
1884
2108
2364
2620
2620
2492
2492
2748
3260
4092
4348
4604
4860
5628
5628
4348
2620
1820
1756
1628
1180
1180
1692
1564
212
-1564
-2620
-2876
-3132
-3900
-4092
-3132
-2236
-2236
-2876
-3388
-3388
-3644
-4092
-4092
-3644
-2748
-2236
-2236
-2236
-2236
-2236
-2364
-2364
-1980
-1308
-876
-556
-324
-212
-460
-1244
-1980
-2364
-2236
-1756
-1180
-652
-56
588
716
340
-260
-588
-556
-212
164
588
1116
1180
844
292
-96
-308
-524
-556
-260
340
812
924
876
716
620
748
876
924
1052
1180
1116
876
748
588
180
-356
-748
-876
-780
-684
-652
-492
-276
-212
-324
-460
-460
-340
-148
308
812
1372
1756
1820
1692
1756
2108
2364
2620
2620
2876
3132
3644
4092
3900
3772
4092
4860
5116
4348
3004
2236
2108
1692
924
460
876
1180
372
-1180
-2108
-2108
-2236
-3260
-3772
-3260
-2364
-2236
-2748
-3004
-2876
-3004
-3644
-4092
-3644
-2748
-2236
-2364
-2492
-2108
-1756
-1756
-1884
-1628
-1116
-844
-684
-372
-132
-460
-1244
-2108
-2108
-1692
-1372
-1308
-1116
-428
196
340
-64
-396
-460
-428
-324
-32
428
780
716
372
260
276
112
-260
-588
-396
196
748
988
1052
924
780
748
812
924
988
988
924
988
924
620
40
-524
-876
-844
-556
-428
-244
-180
-180
-196
-228
-292
-260
-196
-56
244
716
1308
1564
1628
1756
1820
2108
2236
2492
2492
2492
2876
3388
3772
3516
3388
4092
4860
5116
4092
3004
2364
2108
1500
556
324
988
1244
80
-1372
-1980
-1820
-2364
-3388
-3900
-3132
-2236
-2364
-3004
-3132
-2748
-3004
-3772
-4092
-3644
-2748
-2492
-2748
-2748
-2236
-1980
-1980
-1980
-1820
-1372
-988
-780
-588
-588
-1052
-1820
-2364
-2108
-1500
-1244
-1180
-924
-492
-148
-132
-244
-212
16
212
324
556
812
1052
876
588
428
492
460
260
104
180
620
988
1244
1308
1372
1308
1180
1116
1116
1116
1116
1116
924
748
396
-88
-460
-652
-620
-460
-244
-96
-8
-64
-132
-260
-308
-180
40
340
652
988
1308
1436
1436
1500
1692
2108
2492
2620
2748
2748
3004
3260
3388
3260
3260
3644
4348
4604
3900
3004
2236
1756
1116
396
244
716
924
260
-812
-1564
-1820
-2236
-3132
-3644
-3260
-2620
-2492
-2876
-3004
-2876
-3004
-3644
-4092
-3772
-3004
-2620
-2748
-2748
-2620
-2364
-2236
-2108
-1980
-1372
-780
-396
-340
-524
-812
-1628
-2236
-2364
-1564
-924
-844
-988
-812
-292
-212
-244
-524
-244
0
212
308
556
844
524
164
-148
80
64
0
-228
-196
228
588
780
652
748
812
812
812
1052
1308
1244
1052
876
812
460
24
-396
-588
-396
-96
244
396
428
212
-56
-260
-228
24
340
556
748
1180
1564
1756
1628
1628
1820
2236
2620
3004
3132
3004
2876
3004
3388
3644
3516
3516
4092
4604
4604
3644
2492
1820
1372
988
684
876
1180
988
32
-988
-1500
-1820
-2364
-3004
-3132
-2748
-2236
-2364
-2748
-3004
-3004
-3388
-3900
-3772
-3260
-2748
-2620
-2876
-2876
-2492
-2236
-2236
-2236
-1820
-1500
-1500
-1628
-1692
-1500
-1756
-2108
-2108
-1564
-1180
-1436
-1884
-1884
-1180
-492
-180
-164
-24
40
0
-24
148
460
340
96
8
228
324
244
24
-56
228
780
1052
988
988
924
876
812
988
1116
1052
812
716
780
652
396
64
-112
-32
196
356
324
112
-244
-524
-588
-340
8
180
180
276
652
1116
1372
1436
1628
1980
2364
2620
2876
3004
3004
3260
3516
3772
3772
3772
3900
4092
3900
3260
2620
2108
1628
1052
684
780
1052
716
-324
-1372
-1756
-1756
-2108
-2492
-2492
-2236
-2108
-2364
-2492
-2364
-2364
-2620
-3004
-3004
-2492
-2108
-2108
-2364
-2492
-2364
-2364
-2492
-2492
-2492
-2364
-2108
-1628
-1116
-924
-1180
-1628
-1884
-1500
-1116
-924
-924
-748
-324
132
372
276
132
-40
-148
24
292
428
396
292
212
372
428
308
148
88
212
396
716
924
924
876
876
876
988
1116
1052
988
988
988
988
812
492
164
16
8
88
112
-32
-308
-492
-428
-276
-196
-132
-88
112
492
924
1244
1436
1564
1628
1884
2364
2876
3388
3388
3388
3388
3900
4348
4092
3260
2620
2492
2364
1980
1436
1052
924
524
-164
-780
-1052
-1372
-1980
-2364
-2364
-1980
-1980
-2364
-2748
-2620
-2492
-2492
-2876
-3004
-2748
-2492
-2492
-2492
-2492
-2492
-2620
-2748
-2876
-2876
-2748
-2620
-2620
-2364
-1980
-1980
-1980
-1884
-1628
-1372
-1180
-988
-652
-460
-276
-228
-164
8
132
228
276
356
524
716
748
780
780
716
556
556
748
924
924
924
988
1116
1180
1180
1116
1180
1372
1500
1692
1820
1820
1756
1692
1500
1372
1244
1116
924
652
524
460
428
372
260
132
148
112
148
324
492
684
924
1180
1372
1564
1980
2236
2364
2492
2748
2876
3004
3132
3132
3004
2748
2364
1884
1500
1180
1052
924
652
260
-244
-812
-1244
-1564
-1820
-1980
-1980
-2108
-2108
-2108
-2108
-2236
-2364
-2492
-2620
-2492
-2364
-2364
-2364
-2364
-2364
-2236
-2236
-2236
-2492
-2620
-2620
-2620
-2492
-2236
-2108
-2108
-1980
-1820
-1500
-1308
-1180
-1052
-844
-588
-292
-120
-88
-148
-196
-228
-164
-64
40
80
112
292
492
556
460
308
244
308
556
812
924
988
988
1116
1244
1372
1308
1244
1308
1500
1756
1756
1692
1628
1500
1372
1308
1244
1052
844
620
524
556
588
588
460
460
460
492
396
292
324
588
988
1372
1628
1884
1980
1884
1884
1980
2236
2236
2108
1980
1980
1820
1628
1372
1052
716
324
-8
-244
-428
-652
-988
-1308
-1436
-1564
-1628
-1980
-2108
-2108
-2108
-2108
-1980
-1884
-1980
-1980
-2108
-1980
-1884
-1820
-1820
-1820
-1756
-1564
-1500
-1564
-1692
-1692
-1564
-1564
-1500
-1436
-1244
-1180
-1244
-1052
-876
-684
-588
-524
-396
-228
-80
0
-24
-40
32
104
148
196
340
492
492
492
620
780
876
876
812
748
780
988
1116
1180
1244
1308
1372
1436
1436
1436
1308
1244
1372
1564
1692
1564
1372
1244
1180
1116
1052
1052
1116
988
780
652
716
588
324
24
0
340
620
716
716
716
716
684
716
924
1052
988
780
620
652
684
588
340
180
148
104
-72
-372
-620
-780
-924
-1052
-1116
-1116
-1244
-1436
-1692
-1756
-1756
-1884
-1980
-2108
-1980
-1820
-1756
-1756
-1756
-1692
-1500
-1436
-1372
-1244
-1244
-1372
-1372
-1308
-1180
-1116
-1116
-1116
-1052
-924
-924
-844
-748
-716
-684
-556
-428
-292
-148
-32
-40
0
164
244
180
148
244
308
396
524
620
748
812
812
844
988
1116
1116
1052
924
988
1116
1244
1308
1436
1564
1628
1692
1756
1692
1500
1372
1372
1436
1436
1436
1500
1500
1372
1244
1180
1116
1052
812
556
492
620
684
556
492
524
460
396
396
460
460
428
460
588
652
556
356
196
148
112
120
72
56
0
-96
-228
-396
-556
-812
-1052
-1180
-1180
-1244
-1372
-1436
-1564
-1564
-1628
-1692
-1820
-1820
-1756
-1756
-1692
-1564
-1500
-1436
-1436
-1372
-1372
-1372
-1372
-1372
-1308
-1372
-1372
-1372
-1372
-1244
-1180
-1180
-1180
-1116
-988
-924
-844
-684
-556
-396
-308
-244
-132
-8
96
132
212
276
396
556
652
652
716
716
748
844
924
924
924
1052
1180
1180
1244
1116
1052
1244
1372
1436
1500
1628
1628
1628
1564
1500
1500
1564
1564
1500
1500
1500
1372
1116
924
924
844
748
556
460
396
428
460
396
356
324
276
228
260
260
180
148
164
212
180
48
-48
-132
-180
-164
-104
-56
-88
-228
-428
-556
-620
-716
-780
-844
-924
-924
-988
-988
-1116
-1244
-1372
-1372
-1372
-1372
-1308
-1308
-1308
-1244
-1244
-1244
-1244
-1244
-1244
-1244
-1180
-1052
-988
-924
-812
-844
-844
-844
-780
-716
-748
-716
-684
-588
-460
-292
-132
-24
48
196
308
308
308
340
356
396
460
492
524
524
492
524
652
748
844
812
812
844
988
1052
988
924
1052
1180
1244
1372
1436
1436
1436
1372
1308
1308
1308
1308
1180
988
988
988
988
924
844
716
556
460
276
132
40
16
24
32
24
-16
-64
-196
-228
-212
-260
-292
-308
-324
-340
-396
-492
-524
-556
-524
-492
-524
-556
-620
-716
-780
-844
-812
-748
-684
-716
-748
-812
-844
-988
-1116
-1180
-1116
-1052
-1052
-1052
-988
-844
-812
-812
-844
-924
-924
-924
-876
-812
-716
-588
-556
-588
-620
-556
-588
-556
-524
-492
-428
-428
-396
-260
-180
-164
-64
64
180
260
356
396
396
396
372
340
308
356
396
524
620
780
876
876
924
924
988
1052
988
924
988
1116
1180
1244
1244
1244
1180
1244
1244
1308
1372
1372
1244
1116
1116
1052
1052
1052
1116
1116
988
812
716
620
492
396
340
356
324
260
164
16
-112
-196
-292
-356
-396
-396
-428
-460
-428
-492
-620
-748
-652
-556
-524
-556
-524
-492
-524
-588
-652
-652
-652
-652
-716
-780
-844
-812
-876
-988
-988
-988
-988
-1116
-1180
-1116
-1052
-988
-988
-924
-876
-844
-876
-876
-876
-812
-748
-684
-684
-716
-716
-716
-684
-684
-684
-684
-652
-524
-372
-260
-148
-148
-96
24
132
228
260
308
308
324
396
460
428
396
340
396
492
652
748
748
780
924
988
1052
1052
988
924
988
988
1116
1180
1244
1244
1308
1372
1308
1244
1180
1180
1180
1116
1052
988
924
780
652
524
460
340
212
48
-48
-64
-112
-180
-260
-324
-372
-428
-492
-556
-620
-716
-716
-652
-652
-684
-748
-780
-684
-556
-428
-356
-324
-276
-244
-260
-212
-260
-324
-460
-524
-460
-356
-340
-396
-524
-524
-396
-340
-324
-324
-308
-260
-212
-180
-244
-260
-292
-276
-212
-112
-40
-148
-308
-356
-308
-260
-244
-260
-292
-244
-228
-212
-164
-148
-164
-196
-180
-72
40
56
8
-16
64
96
132
148
148
148
132
212
244
276
276
276
276
228
260
292
276
228
196
276
396
460
492
588
620
684
716
684
684
652
556
524
460
460
460
372
324
324
308
180
88
0
-112
-228
-340
-396
-428
-428
-524
-620
-588
-556
-524
-492
-428
-356
-260
-244
-212
-164
-164
-148
-56
56
112
120
88
112
96
96
72
56
24
8
32
32
104
104
-24
-164
-148
-56
-8
-16
-48
-48
0
0
8
0
-16
-48
-32
16
120
164
88
-24
-164
-196
-164
-180
-196
-212
-244
-292
-340
-292
-244
-260
-260
-244
-148
-16
0
-24
-40
-16
40
64
64
16
-72
-96
-148
-180
-104
-88
-80
-88
-56
-8
8
16
-8
56
132
292
460
556
588
588
524
556
620
588
588
524
460
428
396
372
308
228
228
212
196
112
0
-164
-276
-340
-292
-276
-260
-276
-292
-260
-276
-276
-308
-308
-228
-112
0
32
0
-72
-80
0
56
64
-24
-112
-148
-112
-112
-72
-80
-120
-112
-164
-120
-72
-80
-112
-164
-132
0
72
88
24
-16
-16
16
48
48
32
24
40
40
72
120
64
-40
-88
-88
-96
-112
-148
-244
-340
-356
-292
-212
-120
-120
-120
-56
16
112
164
132
120
180
196
180
132
56
-24
-88
-80
-104
-104
-120
-196
-212
-180
-132
-88
-32
40
112
196
292
324
356
356
372
396
428
396
292
180
148
164
212
228
292
276
244
180
80
0
-80
-196
-372
-460
-460
-396
-356
-372
-396
-396
-396
-292
-260
-244
-260
-180
-64
8
104
132
120
32
64
112
48
-24
-48
-16
8
32
64
40
-8
-40
24
112
164
164
132
120
132
212
260
276
276
260
292
340
356
308
244
196
196
244
308
308
212
148
120
104
64
8
-96
-180
-228
-244
-212
-180
-148
-164
-196
-132
-32
-40
-132
-196
-228
-276
-244
-308
-396
-460
-588
-588
-588
-556
-556
-492
-460
-460
-396
-340
-292
-244
-212
-164
-56
40
56
56
96
104
132
164
180
212
244
260
260
276
292
228
180
148
148
104
56
48
16
-24
-64
-24
16
40
64
48
8
40
48
8
24
8
40
96
180
244
276
228
196
228
244
260
228
148
104
164
228
260
244
180
164
164
104
112
96
40
16
64
164
196
180
104
88
148
260
308
292
292
276
244
260
292
276
196
72
16
24
0
-48
-148
-244
-276
-260
-196
-132
-104
-112
-148
-132
-72
-72
-112
-164
-164
-148
-132
-164
-212
-276
-324
-292
-292
-276
-260
-292
-340
-428
-460
-460
-428
-340
-292
-228
-148
-64
-56
-56
-48
0
48
96
104
80
88
80
72
48
88
88
40
24
56
88
80
8
-72
-132
-148
-164
-164
-164
-164
-228
-276
-244
-196
-244
-228
-276
-260
-212
-132
0
56
132
196
228
180
148
72
0
-24
8
132
196
164
88
40
8
8
56
80
96
196
276
340
340
324
308
292
308
324
324
324
324
356
372
428
460
460
356
276
244
180
164
132
64
-24
-96
-164
-132
-64
-24
-24
0
80
96
48
24
24
-16
-24
-40
-80
-132
-212
-276
-276
-276
-276
-212
-260
-308
-340
-276
-196
-180
-164
-132
-88
-72
-48
-40
-32
-48
-16
16
64
104
132
112
96
120
120
148
180
164
148
148
120
148
88
-48
-180
-292
-308
-276
-228
-260
-308
-308
-228
-196
-244
-260
-276
-292
-244
-104
0
8
8
8
8
48
32
-16
-64
-80
-40
-16
-16
-64
-72
-80
-64
-24
56
96
72
96
132
164
180
164
148
164
228
324
356
372
356
308
244
260
292
260
196
104
16
0
-32
-96
-196
-292
-292
-244
-164
-120
-164
-148
-88
-48
-16
-16
-56
-88
-32
0
0
-32
-148
-244
-292
-292
-324
-324
-276
-260
-276
-324
-324
-340
-340
-292
-260
-132
-8
72
164
244
244
244
292
292
292
372
428
492
524
524
492
492
492
428
396
428
396
292
164
24
-48
-48
-24
-40
-48
-88
-88
-56
-32
-80
-120
-104
-64
-24
0
88
112
132
180
180
148
104
32
-32
-88
-80
-48
-56
-88
-132
-164
-196
-212
-180
-132
-120
-112
-40
-8
48
64
80
88
96
148
148
180
180
148
148
148
120
112
64
-24
-148
-228
-244
-308
-396
-460
-460
-428
-340
-324
-292
-292
-308
-276
-244
-212
-212
-212
-180
-164
-164
-196
-228
-276
-340
-324
-292
-244
-244
-292
-324
-396
-396
-356
-292
-196
-104
-32
0
32
96
132
180
244
324
372
428
428
396
396
428
428
396
396
460
460
428
356
340
292
212
112
56
72
120
164
164
164
180
180
148
112
112
112
148
180
228
276
292
276
276
276
276
244
196
164
132
104
48
-32
-48
-88
-164
-148
-96
-56
-40
-32
0
-8
-16
-8
-16
16
72
148
180
228
212
148
56
-16
-32
-80
-96
-132
-212
-292
-372
-396
-396
-428
-460
-396
-396
-356
-292
-260
-244
-212
-212
-180
-148
-112
-64
-24
-8
-48
-132
-244
-260
-276
-308
-340
-324
-340
-356
-340
-396
-396
-396
-372
-340
-292
-212
-132
-72
-56
16
112
132
196
244
308
340
372
396
428
396
324
308
324
340
308
196
112
88
56
0
-16
0
-16
-16
-40
-8
56
80
40
-16
-32
0
56
112
164
196
180
164
132
120
80
56
40
16
40
48
32
16
48
32
0
-16
-16
-40
-48
-8
48
120
148
164
164
228
324
356
340
372
372
292
244
196
148
112
72
8
-72
-132
-180
-212
-260
-292
-308
-244
-196
-212
-212
-196
-212
-180
-164
-196
-180
-164
-148
-148
-132
-148
-244
-244
-292
-276
-260
-260
-292
-292
-276
-260
-228
-228
-244
-228
-180
-132
-40
96
196
244
292
324
396
372
460
524
524
588
652
652
588
492
428
396
340
324
276
228
196
180
120
72
40
32
40
32
32
40
0
-40
-88
-132
-104
-80
-64
-72
-56
-16
-24
-24
-24
-56
-80
-120
-164
-196
-260
-260
-292
-356
-372
-396
-356
-308
-308
-356
-356
-292
-228
-180
-148
-132
-88
-80
-64
-48
-40
-24
-24
-32
8
24
0
-48
-164
-276
-356
-396
-428
-460
-460
-396
-356
-292
-308
-324
-292
-276
-180
-148
-96
-48
-8
48
80
88
56
0
-56
-40
0
24
56
48
56
72
80
72
88
80
96
148
244
396
428
460
492
492
492
556
556
588
684
716
748
748
716
620
556
460
428
428
356
308
276
260
212
180
148
112
104
96
56
40
16
-48
-88
-164
-196
-164
-120
-88
-56
-48
-40
-48
-80
-72
-132
-212
-276
-276
-308
-308
-356
-428
-428
-460
-460
-396
-372
-340
-308
-260
-196
-148
-132
-132
-104
-64
8
48
56
40
16
24
64
96
120
104
32
-48
-96
-120
-180
-228
-292
-324
-324
-308
-260
-244
-228
-212
-164
-132
-88
-72
-40
0
48
112
104
48
-16
-48
-104
-132
-148
-180
-196
-228
-244
-260
-228
-212
-228
-196
-180
-132
-48
72
132
148
196
244
276
260
292
324
396
428
460
428
396
356
396
396
396
396
324
260
212
180
132
112
96
72
64
64
80
80
40
-16
-24
8
64
132
164
164
132
96
48
32
0
-56
-132
-180
-180
-212
-212
-228
-244
-260
-308
-324
-324
-308
-292
-276
-276
-244
-180
-132
-80
-24
24
64
56
64
96
104
120
120
132
120
120
112
56
-16
-96
-148
-180
-212
-196
-132
-112
-88
-64
-64
-56
-40
-24
40
132
212
260
292
276
244
212
112
56
56
64
48
-8
-48
-48
-56
-48
-48
-48
-24
0
48
112
180
180
196
164
180
244
228
228
244
260
260
276
292
244
212
164
148
196
164
132
72
32
32
32
0
-56
-96
-120
-148
-132
-80
-88
-132
-196
-228
-228
-196
-196
-212
-244
-260
-260
-260
-228
-276
-340
-356
-356
-372
-396
-460
-460
-460
-460
-492
-460
-428
-372
-308
-308
-276
-196
-132
-80
0
16
8
24
48
56
88
148
164
180
212
276
244
164
96
0
-16
-24
-72
-64
-48
-40
-32
0
-16
0
32
56
80
148
228
276
260
228
244
244
228
180
180
132
120
120
132
112
112
120
88
88
96
120
132
148
180
228
244
228
276
276
340
396
396
428
428
428
396
396
356
292
292
292
260
228
212
164
148
88
8
-24
-48
-88
-88
-72
-56
-80
-112
-132
-164
-164
-180
-164
-148
-164
-148
-180
-212
-228
-260
-292
-356
-372
-356
-372
-396
-396
-396
-396
-428
-428
-428
-428
-356
-356
-308
-276
-228
-164
-132
-132
-104
-56
-48
0
56
72
88
120
132
132
132
132
48
-32
-80
-88
-104
-88
-88
-112
-132
-112
-104
-72
-72
-56
-32
-24
24
104
132
132
180
196
212
260
260
228
196
148
148
148
112
88
16
-24
0
24
32
32
40
72
96
148
196
196
196
276
340
356
340
308
308
308
292
308
324
276
276
292
276
244
180
112
56
-24
-32
-24
-40
-48
-72
-88
-164
-180
-196
-228
-244
-196
-132
-120
-164
-212
-276
-308
-340
-340
-340
-356
-372
-396
-396
-396
-428
-492
-492
-428
-428
-340
-308
-244
-180
-148
-104
-32
0
40
48
72
96
148
196
244
292
292
324
308
292
308
260
212
164
120
120
96
56
56
16
8
0
32
72
72
80
80
72
88
120
132
148
180
196
164
148
104
48
0
-24
-32
-48
-64
-64
-88
-104
-120
-148
-148
-164
-112
-64
-24
16
48
96
148
212
244
260
260
228
212
196
244
276
244
196
196
164
96
88
88
40
32
24
40
48
24
0
-24
-8
-16
-32
-72
-72
-56
-40
-32
-48
-80
-132
-196
-244
-260
-260
-276
-292
-308
-292
-308
-324
-340
-372
-396
-396
-396
-396
-324
-292
-276
-260
-260
-244
-228
-196
-148
-112
-40
0
32
40
88
148
164
148
132
132
112
80
64
40
40
40
24
32
24
32
32
40
64
112
132
132
120
132
164
180
196
228
260
292
292
292
244
180
132
104
88
80
72
40
0
-16
-24
-24
-24
-8
16
56
132
180
228
276
292
324
340
324
292
292
292
308
276
228
196
164
112
72
32
0
-24
-32
0
0
0
-8
-16
-56
-64
-96
-148
-164
-180
-196
-164
-148
-180
-196
-212
-244
-276
-308
-292
-292
-308
-292
-260
-292
-340
-372
-396
-396
-396
-340
-276
-276
-244
-244
-260
-244
-228
-180
-132
-72
-24
8
56
32
80
104
96
88
64
56
96
88
40
16
0
-8
-8
24
40
32
32
24
24
72
120
120
120
132
164
180
196
212
228
228
244
276
228
180
104
80
56
40
48
64
64
56
56
40
40
40
48
104
148
180
244
244
212
212
244
244
228
212
212
196
180
148
96
64
32
8
-40
-104
-80
-64
-56
-32
-24
-8
-24
-16
-32
-32
-32
-32
-64
-72
-48
-16
0
-32
-40
-24
-32
-88
-112
-104
-96
-104
-80
-104
-132
-196
-292
-340
-372
-372
-340
-292
-276
-212
-164
-164
-164
-148
-148
-148
-112
-56
-40
-24
-24
-40
-40
-24
-72
-72
-48
-32
-16
-64
-80
-88
-72
-96
-88
-72
-96
-96
-72
-32
0
32
64
48
56
72
56
88
120
104
132
132
132
80
8
0
-48
-48
16
48
48
0
-8
8
-16
-40
-40
-8
16
64
120
164
180
148
164
164
196
196
212
228
244
212
196
164
112
88
64
64
48
56
80
104
148
120
132
164
148
148
112
112
104
96
132
180
196
180
180
132
104
64
40
16
0
8
40
32
-8
-32
-64
-64
-96
-104
-120
-120
-132
-120
-120
-148
-164
-196
-228
-212
-164
-96
-32
-32
-24
-32
-56
-80
-56
-72
-56
-56
-48
-32
-48
-48
-64
-56
-56
-40
-40
-48
-40
-24
8
24
16
0
-16
-48
-64
-56
-48
-24
32
24
0
0
-48
-88
-164
-212
-196
-148
-120
-120
-132
-148
-164
-180
-148
-148
-132
-96
-72
-32
-16
-24
-56
-96
-104
-112
-88
-88
-72
-40
-40
-64
-72
-72
-72
-72
-88
-104
-64
0
16
40
40
64
72
96
132
180
228
228
276
340
324
324
308
260
212
180
196
196
212
228
212
196
180
132
88
80
48
40
40
56
48
16
16
-24
-56
-64
-88
-88
-72
-72
-64
-24
8
8
16
16
24
40
40
24
72
80
112
148
88
48
16
-16
-56
-64
-88
-120
-96
-88
-64
-56
-48
-40
-40
-80
-72
-40
-24
8
16
32
24
16
-32
-48
-88
-104
-64
-56
-72
-80
-96
-80
-104
-132
-96
-72
-56
-80
-80
-40
-48
-88
-104
-96
-72
-56
-48
-40
-8
8
0
-8
0
0
-40
-80
-88
-72
-40
0
32
72
132
148
148
148
148
148
164
132
148
148
132
88
72
8
-8
0
0
16
24
32
24
-32
-96
-132
-148
-132
-104
-56
0
-8
-32
-72
-88
-104
-120
-164
-180
-148
-104
-40
-16
0
-16
8
32
72
120
148
132
132
120
132
120
72
40
0
-40
-56
-48
-72
-56
-32
-8
8
32
40
48
56
64
80
104
96
80
80
48
24
16
-16
-72
-80
-72
-72
-96
-96
-120
-148
-120
-148
-148
-112
-132
-132
-96
-64
-56
-72
-96
-96
-96
-56
-32
-32
-16
0
-24
-48
-48
-40
-64
-64
-56
-72
-80
-64
-48
-24
8
40
96
148
180
180
196
180
196
228
260
276
292
260
228
228
228
212
228
212
212
212
164
120
112
96
64
96
112
72
56
32
0
-40
-56
-56
-88
-96
-64
-40
