SAMPLES:	8095
BITSPERSAMPLE:	16
CHANNELS:	1
SAMPLERATE:	16000
NORMALIZED:	FALSE
0
0
0
0
0
0
0
0
0
0
0
0
0
0
0
0
0
0
-8
-8
-8
-16
-16
-16
-16
-16
-8
-8
-8
-8
-8
-8
-16
-16
-16
-16
-16
-16
-16
-16
-16
-16
-24
-16
-16
-24
-16
-16
-16
-16
-16
-16
-16
-16
-16
-16
-16
-16
-16
-16
-24
-24
-24
-24
-16
-16
-16
-8
-8
-8
-8
-8
-8
-8
-8
-8
-8
0
0
0
0
0
0
0
0
0
0
0
0
0
0
0
0
8
8
8
16
16
16
16
16
16
16
8
8
8
8
8
16
16
24
16
16
16
8
8
8
0
0
8
8
8
0
0
0
0
0
0
0
0
0
0
0
0
0
0
0
0
0
0
0
0
0
8
0
0
0
0
0
8
8
8
16
16
8
16
16
16
16
16
16
16
16
16
16
24
24
24
24
16
16
16
24
24
24
24
24
24
16
16
16
8
8
8
8
8
8
8
0
0
0
0
0
0
0
-8
-16
-16
-24
-24
-24
-24
-32
-24
-32
-32
-32
-24
-24
-24
-32
-32
-32
-40
-40
-40
-40
-40
-40
-40
-32
-32
-32
-32
-32
-32
-32
-32
-32
-32
-24
-24
-24
-24
-24
-16
-16
-16
-8
-8
-8
-8
-8
-8
-8
-8
0
0
0
0
0
0
0
8
8
8
16
16
16
16
16
16
24
16
16
16
16
24
24
32
32
32
24
24
24
24
24
24
24
24
24
24
24
16
16
16
16
16
16
16
16
8
8
8
8
8
8
8
8
8
16
16
16
8
8
8
8
8
8
8
8
8
8
8
8
0
0
0
0
0
0
0
0
0
0
0
0
0
0
0
-8
-8
-8
-16
-8
-8
-8
-8
-8
-8
-8
-8
-8
0
0
0
-8
-8
-8
-8
-8
-8
-8
-8
-8
-8
-16
-8
-16
-16
-16
-16
-24
-24
-24
-16
-24
-24
-16
-16
-16
-24
-24
-24
-16
-16
-16
-16
-16
-16
-16
-16
-16
-8
-8
-8
-8
-8
-8
-8
-8
0
0
0
0
0
0
0
0
0
0
0
0
0
0
8
8
16
16
16
16
16
16
16
24
16
16
16
16
16
16
16
16
16
8
8
8
8
16
16
16
24
16
16
16
16
16
8
8
8
8
8
0
0
0
0
8
0
0
0
0
0
0
0
0
0
0
8
0
0
0
0
0
0
0
0
0
0
0
0
0
0
8
0
8
8
0
0
0
0
0
0
0
0
0
0
0
8
8
0
0
8
0
0
0
8
0
0
0
0
0
0
0
0
0
0
0
0
0
0
0
-8
-8
-8
0
0
-8
-16
-8
-8
-16
-16
-8
-8
0
16
-8
-32
-40
-32
-32
-32
-32
-16
8
0
-32
-48
-16
-8
-16
-24
-16
0
0
-16
-16
0
0
-24
-24
-8
-16
-16
-16
-16
-8
-8
-8
0
0
-8
0
0
0
0
0
-8
-8
0
0
0
8
8
8
8
8
8
8
0
0
0
0
0
0
8
8
8
8
16
16
8
8
8
8
8
8
8
0
8
8
8
8
8
8
8
8
8
8
8
8
16
8
8
16
24
24
16
16
16
16
8
8
8
24
16
8
16
16
24
16
16
16
16
24
16
16
16
16
16
8
16
16
8
8
8
0
0
8
8
0
8
8
0
0
8
0
0
0
0
0
-8
-16
-16
-8
-8
-16
-16
-8
-16
-8
-16
-24
-24
-24
-32
-32
-32
-24
-32
-24
-32
-40
-32
-40
-40
-32
-24
-24
-32
-40
-16
-16
-16
-32
-32
-32
-24
-24
-32
-24
-16
0
-8
-8
-16
0
8
-16
-8
0
0
0
-8
24
24
-16
-8
-16
0
16
8
8
32
32
8
-16
16
24
24
24
16
32
24
8
0
40
24
0
0
16
0
8
24
16
24
8
24
24
48
16
0
16
32
24
0
-8
0
48
24
0
0
32
32
8
-16
-8
32
24
0
-16
-8
0
0
-8
-8
0
24
0
-8
-8
0
0
0
-8
-8
0
0
0
-8
0
-8
-24
-16
0
8
-8
0
0
0
-8
-8
-8
-8
0
-8
-16
0
0
-16
0
0
0
-24
0
16
-16
0
-8
0
8
0
-32
8
24
8
-8
-8
16
8
8
-16
0
56
16
0
-48
0
40
0
-8
-32
16
0
-16
-32
-8
40
-8
-8
-24
0
8
0
0
-8
24
0
-32
-24
16
0
-32
-32
-8
24
0
-64
-40
64
64
-64
-80
24
88
8
-96
-40
88
56
-96
-96
48
96
-8
-56
-40
96
72
-80
-64
48
56
-48
-56
8
72
16
-48
-48
32
24
-48
-40
16
0
-16
0
-56
24
0
-32
-8
8
0
-16
24
-48
-16
32
-8
-48
-8
0
32
0
-32
-16
48
40
-80
-40
16
0
0
-8
40
24
8
0
-8
48
8
-24
16
16
24
16
-8
24
16
24
16
0
48
16
80
40
-32
-8
56
56
0
32
-40
72
104
-8
-16
16
72
0
40
-48
0
96
24
-56
-32
96
0
-16
-16
-24
32
96
-32
-80
40
-16
-32
-32
-48
-32
64
56
-56
-40
-64
0
40
-16
-16
-8
32
-40
-32
-16
24
8
-56
24
24
40
-104
-48
48
8
24
-8
-24
24
56
-64
-16
56
8
-16
-8
40
-16
16
8
-72
88
-8
-40
64
32
-88
-64
24
16
8
-48
-32
-24
112
-32
-148
-16
16
-32
0
-32
-132
-16
32
-56
-56
16
-56
0
-16
-88
-164
8
80
-24
-56
-24
-8
48
0
-196
-24
64
64
-64
-132
0
120
56
-120
-48
72
180
-32
-132
8
72
180
-88
-120
64
180
180
-148
-112
80
180
48
-64
-8
104
164
-72
-48
64
164
8
0
56
16
56
-16
32
16
-8
72
24
-32
-88
-24
196
80
-120
-96
148
212
-32
-212
-96
180
148
-104
-212
32
196
40
-228
-72
292
-24
-132
-180
-80
260
40
-292
-132
260
80
-212
-196
132
120
-48
-212
-72
196
40
-164
-196
164
96
-88
-132
24
148
-56
-96
-40
112
16
-48
-32
48
88
-16
24
-32
104
8
-132
32
80
64
-104
-24
80
120
-80
-196
96
180
88
-180
-16
40
112
-112
-164
24
180
-24
-244
148
132
0
-80
-32
180
0
-56
-260
-16
244
8
-120
-40
104
0
-148
-72
104
0
-16
-48
32
104
-96
0
-104
96
64
-132
40
-88
16
-24
-24
64
-164
-32
164
48
0
-32
-64
64
24
40
-80
-24
88
-80
72
32
80
-16
-64
164
-40
-88
0
-32
88
80
-88
8
64
120
8
-196
0
8
132
-32
-148
132
0
-16
-112
0
56
148
-24
-180
64
64
-48
-212
48
148
104
-164
-164
96
112
-48
-164
-96
64
80
-120
-180
32
196
-56
-132
48
244
-8
-196
0
-32
132
40
-196
0
196
120
-24
-132
180
-72
-16
40
32
56
16
-120
16
0
96
80
-148
88
24
132
-80
-104
132
16
-32
24
24
72
-80
148
0
0
16
-276
-16
0
164
-48
-164
120
244
0
-292
0
212
-24
-88
-80
-148
244
64
-228
40
228
80
-244
-8
148
-120
-24
-120
-132
96
-24
-48
120
64
-148
24
372
-64
-324
-132
32
180
-96
-228
-112
460
104
-244
16
24
-56
-260
-24
0
-132
88
64
-104
132
0
-24
16
-72
0
-32
148
-132
-212
96
164
180
-164
-292
244
308
-48
-428
-104
396
88
-244
-132
80
340
-40
-396
24
396
148
-428
-180
460
196
-104
-292
112
324
148
-40
-372
180
340
-292
-64
228
212
-132
-88
228
-104
-16
64
-244
164
180
-48
-132
-24
16
8
196
-40
-88
212
104
-180
-16
-24
148
-56
72
132
-104
244
-260
-104
112
88
-132
-96
180
16
120
-88
-96
-164
164
120
-212
40
-148
96
56
8
-428
88
492
-260
-196
-96
196
112
-40
-276
-132
428
-148
-428
120
308
-196
-324
-16
32
372
-96
-524
-80
372
32
-164
-212
-32
356
-56
-16
-148
64
-24
-196
120
0
-48
-80
-96
132
180
-148
132
16
0
24
-96
16
-164
-64
88
132
148
8
-196
180
112
-16
-228
-148
56
-8
104
-72
164
180
-72
104
-180
-56
104
0
-132
24
396
-148
-308
96
180
-64
112
-396
0
620
64
-492
-324
588
228
-428
-180
276
212
356
-396
-180
556
132
-428
-396
428
428
-32
-396
-244
460
324
-244
-492
292
492
-492
-276
132
148
-24
-396
64
308
340
-292
-684
112
588
-308
-396
148
244
104
-396
-56
-32
164
64
-308
180
292
32
-460
-80
96
212
32
-308
120
-96
196
-40
-64
180
0
-132
-148
228
148
-96
-460
112
524
244
-196
-372
0
40
-40
-104
80
212
228
-48
-48
308
164
-148
-524
228
460
72
-164
-428
276
460
132
-324
-88
356
132
-324
-396
212
244
-88
-164
428
356
80
-196
-324
148
88
-72
-276
24
324
164
-80
-148
8
276
-24
-260
-112
324
120
-196
-324
0
340
-32
-396
-212
396
196
-260
-428
-24
148
-132
-428
-16
244
16
-40
-48
112
180
-428
-620
-112
-8
48
-40
132
244
-24
-324
-88
132
8
-428
-324
396
324
32
-308
-104
72
24
-196
-276
132
244
-148
-276
276
228
-212
-356
56
524
196
-324
-556
56
460
88
-72
-120
340
276
-428
-244
356
492
-260
-276
324
396
196
-324
-324
196
716
132
-524
-80
324
112
-276
-88
120
396
148
-32
24
180
32
-492
-148
492
556
-72
-428
0
428
132
-428
-372
-8
212
260
48
32
96
-16
-132
-16
196
-24
-356
-164
276
180
80
-112
-276
-16
212
164
-180
-132
-212
-104
56
-56
0
-120
40
164
148
0
-396
-276
-164
-32
260
244
-48
-212
-104
24
164
24
-196
-276
164
244
-16
0
-120
-8
308
228
-64
96
-16
-276
-56
180
132
-164
-180
88
292
308
-80
-356
-56
180
-24
-180
8
148
132
148
40
-120
-148
-132
-180
24
180
120
24
48
-32
112
104
40
-260
-372
-40
8
16
0
72
104
148
8
-112
-132
-132
-180
-32
88
196
244
0
8
-8
112
24
-212
-56
104
120
64
-96
0
180
180
16
-164
96
16
-196
-148
-8
148
-72
-148
-32
164
212
-64
-308
-212
-8
148
0
-212
-56
32
24
-40
-132
-24
-24
-164
-164
8
228
40
-260
-120
340
180
-292
-524
-244
324
276
-164
-244
56
164
-164
-372
-56
212
112
-276
-228
292
308
-148
-356
-72
356
228
-148
-196
96
120
-164
-80
120
308
292
48
32
148
56
-164
-180
132
308
180
40
-32
64
196
132
24
104
276
196
96
88
96
164
-16
24
244
80
64
-72
-40
96
132
88
-72
8
-40
32
132
-80
-196
-148
8
56
40
-64
-132
-88
-120
-260
-164
56
48
64
56
48
-8
-148
-260
-212
-64
-8
-24
56
80
-72
-120
-132
-148
-56
0
64
80
88
32
8
-32
-104
32
40
40
40
-88
-276
-276
-120
-24
0
132
212
104
-16
-212
-180
-88
-180
-132
0
72
16
-80
-164
-164
-80
-80
-96
-40
-88
-96
0
-80
-64
-32
104
120
-64
-148
-164
-148
-32
56
132
132
112
148
120
8
-80
-24
180
164
132
112
180
180
-24
-148
-48
148
196
132
64
196
244
80
-132
-164
-8
164
148
80
132
104
-8
-56
-24
132
196
104
-16
56
132
56
-148
-212
-8
148
88
-96
-148
-120
0
-48
32
120
56
0
0
0
-48
-40
-72
-88
24
164
32
-180
-132
-80
-32
64
48
56
24
32
32
48
40
-64
-16
32
24
8
-24
-104
-40
56
72
8
-40
-48
-32
-16
72
132
96
8
-40
-16
32
-32
-88
-40
0
88
88
8
-72
-148
-148
-64
24
24
-16
16
40
80
16
-148
-212
-120
-32
-16
-16
0
8
-16
-80
-72
-48
-48
-32
0
16
24
-16
-16
0
0
132
48
-64
-80
-88
-72
-96
-16
-40
40
148
72
-48
-88
-64
-88
-48
8
88
132
24
-64
-8
0
-8
-24
-8
16
88
48
-40
-64
-72
-16
80
96
24
-40
-56
-112
-80
8
-32
-32
-8
8
-32
-64
0
-16
-48
0
56
32
16
-80
-120
-24
0
40
0
-16
0
56
40
0
-24
-24
56
148
148
104
64
40
32
40
24
16
40
80
72
32
72
72
48
8
16
112
96
72
-24
32
56
8
0
24
132
164
80
-72
-8
24
8
8
96
196
180
132
-8
-80
-72
-24
0
8
96
164
164
48
-24
-40
-24
-40
0
132
212
148
-48
-88
-72
-48
-56
24
112
112
0
-132
-212
-180
-104
-56
-64
-16
-16
-80
-164
-196
-132
-180
-120
-48
-32
-64
-104
-164
-164
-112
-56
-64
-80
-40
-88
-148
-120
-104
-120
-132
-80
-24
-24
-80
-96
-64
-48
-56
-104
-120
-72
-64
-120
-96
-24
72
40
-32
16
32
40
-32
-16
8
120
96
-24
-64
0
24
-8
16
0
96
80
80
-16
-40
64
0
0
40
164
96
24
24
112
196
112
56
24
104
148
104
80
132
196
120
112
132
148
48
-16
80
164
196
96
24
8
112
180
104
96
120
132
40
64
32
32
0
-16
8
-24
16
-32
-56
-16
48
48
-88
-88
-104
-120
-112
-8
56
-40
-88
-132
-40
-72
-120
-148
-96
-24
-48
-48
-88
-8
0
-24
-32
32
-8
-132
-72
-32
40
64
0
-16
8
56
0
0
32
64
-8
24
112
72
0
-48
-8
56
80
24
0
24
132
112
-16
-56
-32
-8
-40
0
64
32
-72
-148
-148
-148
-164
-180
-180
-88
0
8
-104
-164
-132
-96
-80
-104
-112
-132
-164
-180
-120
-64
0
24
-40
-16
16
16
-24
-24
0
0
16
-40
-48
-16
16
16
56
120
64
40
72
104
120
80
104
112
104
104
104
80
88
120
104
132
104
88
48
32
64
112
132
104
120
96
64
56
24
24
16
48
16
-16
-40
-24
0
-8
-8
-24
-40
-56
-32
-72
-96
-48
-32
-48
-80
-96
-112
-96
-120
-132
-104
-64
-40
-88
-88
-56
-24
-56
-48
-8
16
8
-32
-56
-80
-64
-88
-72
-96
-8
40
0
-32
-32
0
-64
-104
-24
48
104
96
32
-16
-32
8
40
16
56
132
96
16
-48
-80
-164
-104
-40
8
96
56
-48
-132
-80
56
180
164
88
80
164
132
64
72
212
396
396
372
324
292
180
80
180
308
340
292
292
308
260
148
104
132
212
244
196
148
96
8
-32
-48
56
72
104
120
32
32
-24
-56
-96
-104
8
32
-40
-132
-164
-164
-148
-112
-112
-132
-112
-72
-164
-196
-228
-260
-260
-244
-212
-244
-324
-460
-492
-524
-556
-556
-620
-620
-588
-620
-716
-748
-748
-652
-620
-620
-588
-588
-620
-684
-716
-716
-652
-588
-492
-396
-372
-340
-340
-308
-244
-180
-148
-56
56
88
72
64
148
244
324
396
492
588
620
684
812
924
924
988
1052
1116
1180
1116
1052
1116
1116
1180
1116
1052
988
1052
1052
988
924
924
988
924
812
684
620
652
652
588
492
396
372
292
164
164
228
180
8
-132
-196
-244
-276
-292
-308
-228
-180
-212
-260
-212
64
180
180
340
780
1180
1372
1372
1308
1116
780
460
148
112
-24
-276
-620
-812
-1052
-1500
-1884
-2108
-2236
-2236
-2364
-2492
-2492
-2492
-2620
-2620
-2620
-2492
-2492
-2492
-2364
-1884
-1372
-1308
-1564
-1820
-1692
-1628
-1756
-1820
-1628
-1244
-1180
-1308
-1564
-1564
-1436
-1308
-1180
-780
-244
-72
48
164
620
924
924
876
1052
1244
1372
1372
1244
1372
1628
1980
2108
2236
2236
2108
1884
1820
1884
1980
1980
1884
1884
1756
1756
1692
1564
1564
1692
2108
2236
2236
1980
1756
1628
1500
1308
1180
1244
1116
876
620
356
308
148
164
228
492
588
492
276
132
260
356
428
524
844
924
876
1116
1820
2620
2876
2620
2620
3004
2748
1436
56
-72
556
684
80
-524
-588
-876
-1980
-3388
-3772
-3388
-3132
-3516
-3772
-3388
-3132
-3644
-4348
-4604
-4092
-3900
-4092
-4092
-3772
-3132
-2876
-2876
-2876
-2236
-1628
-988
556
1500
716
-1116
-2236
-2108
-1884
-1884
-1692
-588
180
-48
-1180
-1980
-1500
-588
-32
372
1564
2108
1564
652
556
1052
1308
1436
1308
1564
1436
1180
428
-164
120
1116
2108
2492
2748
2364
1628
1180
1308
1884
1980
1980
1884
1884
1628
1244
716
492
748
1372
2108
2236
2108
1372
876
716
844
1308
1692
1884
1884
1692
1500
1180
924
876
1116
1564
1980
2236
1884
1116
652
652
748
780
780
780
716
620
588
1052
1980
2876
3132
3004
2748
2236
1052
-132
-492
120
684
588
-96
-716
-1372
-2492
-3900
-4604
-4348
-3900
-3772
-3900
-3644
-3516
-3772
-4604
-5372
-5116
-4348
-4092
-4092
-3644
-3004
-2620
-2620
-2492
-1980
-1372
-1052
-988
-292
1436
2364
1372
-716
-1980
-1820
-1756
-2108
-1884
-428
460
-48
-1052
-1372
-716
-112
-196
-164
988
1820
1564
924
1116
1980
2236
1980
1500
1628
1564
1180
556
340
1052
1820
2108
2108
2108
1884
1308
748
748
1372
1756
1692
1500
1436
1244
924
324
164
748
1564
2108
2108
1884
1500
1244
1052
1116
1436
1820
2236
2236
2108
2108
1820
1308
1052
1244
1756
2108
1980
1628
1052
844
748
524
308
164
88
24
-32
-40
492
1564
2620
3516
3644
3132
1980
556
-556
-780
-80
556
812
524
-196
-1308
-2620
-4092
-4604
-4604
-4348
-3900
-3644
-3516
-3644
-4092
-4860
-5372
-5372
-5116
-4604
-4092
-3772
-3388
-3132
-3004
-2748
-2236
-1884
-1564
-1308
-748
-88
844
1820
1820
620
-780
-1564
-1820
-1980
-1820
-924
244
924
924
356
-260
-244
-8
244
844
1884
2620
2620
2620
2620
2492
2108
1628
1308
1308
1564
1628
1372
1052
988
1308
1500
1564
1500
1244
876
844
1180
1564
1564
1500
1308
1116
924
812
684
748
1052
1628
2108
2236
2236
1820
1436
1180
1308
1564
1980
2364
2492
2492
2236
1884
1500
1180
988
1052
1308
1628
1692
1436
988
524
64
-308
-428
-196
-48
132
924
2364
3644
4092
3388
2236
988
56
-492
-460
148
684
780
132
-924
-2236
-3644
-4604
-5116
-4860
-4348
-4092
-3772
-3772
-4092
-4348
-4860
-5372
-5628
-5372
-4860
-4092
-3516
-3132
-2748
-2620
-2364
-2108
-2108
-1980
-1692
-1180
-652
-244
-196
-228
-88
132
356
-260
-1116
-1820
-1628
-876
-88
780
1372
1692
1180
556
80
228
684
1244
1980
2492
2876
2364
1372
556
460
684
988
1308
1436
1628
1180
588
148
244
652
1116
1564
1820
1980
1884
1820
1820
1980
1980
1884
1884
1884
1820
1628
1500
1500
1756
2108
2364
2492
2236
1980
1692
1564
1820
2236
2620
2876
2876
2748
2492
1980
1500
1372
1436
1692
1820
1692
1244
652
56
-324
-260
16
308
620
1308
2364
3516
4092
3516
2108
748
-148
-492
-372
132
460
492
-120
-1180
-2492
-3900
-4860
-5116
-4860
-4604
-4092
-3644
-3772
-4092
-4604
-5116
-5372
-5372
-5116
-4604
-3900
-3388
-3260
-3388
-3132
-2748
-2364
-2108
-1980
-1692
-1308
-924
-652
-620
-428
64
292
-196
-1180
-1884
-2108
-1980
-1308
-212
988
1500
1052
148
-524
-716
-324
228
1116
2108
2748
2364
1628
924
556
556
652
1052
1628
1884
1756
1244
716
492
588
844
1308
1628
1756
1692
1564
1692
1980
2108
2108
2108
1980
1980
1692
1500
1436
1564
1884
2236
2492
2364
1884
1564
1500
1628
1980
2492
2876
3132
3004
2620
2108
1692
1436
1436
1692
1884
1980
1756
1244
684
112
-340
-620
-588
-492
-324
0
652
1756
2748
3260
3132
2620
1756
684
-164
-396
40
524
780
588
-96
-1180
-2492
-3772
-4348
-4348
-3900
-3644
-3516
-3516
-3644
-4092
-4604
-5116
-5116
-4860
-4348
-4092
-3644
-3516
-3388
-3260
-3004
-2492
-2108
-1884
-1692
-1372
-924
-652
-684
-924
-1180
-988
-164
96
-876
-2108
-2492
-2236
-1884
-1244
-180
924
988
72
-844
-988
-260
372
812
1500
2492
2876
2108
1308
1052
1052
1116
1308
1692
2108
2108
1436
652
396
812
1436
1884
2108
2364
2364
2236
2108
2236
2492
2236
2108
2108
2108
1884
1436
988
924
1436
2108
2492
2620
2364
1980
1756
1756
1980
2236
2492
2492
2364
2236
1980
1692
1244
988
1116
1372
1564
1436
1052
396
-244
-652
-812
-748
-556
-72
324
620
1372
2364
3004
3004
2364
1692
876
196
-228
-196
132
396
324
-356
-1244
-2364
-3516
-4348
-4604
-4348
-4092
-4092
-4092
-3900
-3900
-4348
-4860
-5116
-5116
-4860
-4604
-4092
-3644
-3388
-3260
-3132
-2620
-2108
-1980
-1980
-1756
-1308
-876
-876
-1180
-1628
-1436
-844
-460
-748
-1500
-1820
-1884
-1628
-1180
-228
812
1308
1116
588
460
716
988
1180
1820
2748
3132
3004
2364
2108
1884
1820
1692
1884
2236
2364
1980
1372
1116
1116
1500
1756
1980
2108
2364
2364
2236
2236
2364
2364
1980
1884
1980
1980
1628
1244
1116
1436
1820
2108
2236
2108
2108
1980
1756
1756
1884
2108
2236
2364
2364
2364
1820
1308
876
684
716
780
812
556
340
48
-244
-428
-748
-876
-844
-492
32
460
780
1244
1820
2108
2108
1884
1564
988
212
-428
-428
-16
88
-180
-812
-1372
-1980
-3004
-4092
-4604
-4604
-4348
-4348
-4348
-3900
-4092
-4604
-5116
-5372
-5372
-5116
-4860
-4604
-3900
-3516
-3132
-3004
-2876
-2620
-2364
-1980
-1692
-1372
-1308
-1500
-1564
-924
-24
0
-924
-1980
-1980
-1692
-1308
-780
428
1564
1756
1244
588
524
684
988
1244
2236
3388
3644
3260
2748
2492
2236
1980
1756
2108
2364
2364
2108
1628
1564
1692
1756
1756
2108
2492
2492
2236
2108
2364
2364
2236
2108
2108
1980
1820
1500
1308
1564
1980
2364
2620
2620
2492
1980
1628
1436
1564
1756
1884
1884
1820
1628
1308
988
652
588
652
844
988
988
716
396
228
180
180
-16
-292
-588
-748
-844
-812
-428
-56
48
308
988
1692
1884
1308
844
812
620
-8
-652
-556
-228
-260
-988
-1820
-2364
-2748
-3772
-4604
-4860
-4092
-3900
-4348
-4604
-4604
-4348
-4860
-5372
-5372
-4860
-4348
-4348
-4092
-3644
-3004
-2620
-2364
-2108
-1436
-812
-588
-812
-1116
-1116
-748
-524
-620
-876
-988
-1308
-1500
-1436
-748
32
588
876
988
1308
1564
1564
1564
1884
2492
2876
3004
2876
2876
2620
2108
1884
1820
1884
1980
1820
1756
1820
1884
1884
1884
1884
1980
2108
1980
1980
2108
2236
2236
2108
2108
2236
2364
2236
1980
1820
1884
1980
1980
2108
2108
1820
1564
1308
1180
1052
988
988
924
1180
1372
1372
1244
924
780
748
684
684
684
716
652
556
340
-56
-324
-492
-812
-988
-924
-652
-556
-524
-396
-196
48
180
356
620
844
684
460
492
780
684
132
-396
-556
-684
-1308
-1980
-2492
-2748
-3004
-3644
-4092
-4348
-4348
-4348
-4860
-4860
-4604
-4348
-4348
-4604
-4348
-3900
-3644
-3644
-3516
-3004
-2492
-2108
-1980
-1820
-1564
-1436
-1372
-1308
-1180
-924
-112
428
196
-524
-748
-356
-260
-148
132
988
1564
1372
924
924
1564
1980
1884
1820
2492
3004
2748
2364
2492
2876
2748
2492
2364
2620
2620
2364
1980
1756
1980
2236
2364
2236
2492
2620
2364
2108
2236
2620
2492
2236
1980
1980
1980
1628
1244
1180
1372
1500
1500
1372
1308
1116
780
684
684
844
988
988
844
620
428
340
96
-40
132
356
492
428
428
260
148
132
164
244
276
244
24
-292
-556
-716
-812
-812
-556
-196
-48
64
292
372
308
56
-112
8
148
72
-356
-748
-924
-1180
-1820
-2492
-2876
-3004
-3132
-3388
-3644
-3772
-4092
-4092
-4348
-4348
-4092
-4092
-4092
-3900
-3772
-3516
-3388
-3388
-3260
-2876
-2364
-1884
-1628
-1500
-1500
-1436
-1244
-988
-876
-780
-652
-556
-620
-556
-492
-340
-148
72
428
844
1116
1180
1372
1628
1884
2236
2620
2876
3004
3004
2876
2748
2876
3004
3004
3004
3004
3004
2748
2620
2364
2236
2236
2364
2492
2364
2364
2236
1884
1692
1628
1628
1692
1628
1692
1628
1372
1116
924
748
556
588
684
684
620
492
308
148
48
132
228
228
228
340
492
524
492
428
428
524
620
556
372
180
112
-24
-180
-212
-180
-260
-428
-556
-652
-652
-652
-620
-620
-372
-132
0
132
104
132
24
-244
-356
-180
-132
-340
-556
-684
-924
-1500
-2108
-2492
-2748
-2876
-3004
-3132
-3260
-3260
-3516
-3772
-3900
-3772
-3772
-3772
-3772
-3516
-3132
-3132
-3132
-2876
-2620
-2364
-2108
-1884
-1756
-1564
-1500
-1308
-1180
-988
-876
-716
-524
-276
-8
212
428
652
988
1244
1436
1628
1820
2108
2236
2492
2748
2876
3132
3388
3388
3516
3516
3516
3388
3388
3260
3132
3132
3004
2748
2620
2492
2364
2236
2108
1980
1884
1756
1692
1756
1692
1500
1244
1052
924
748
620
588
460
396
324
244
196
72
-132
-228
-180
-80
8
80
88
64
88
32
8
16
-88
-132
-104
56
88
8
-56
-196
-260
-372
-492
-620
-716
-844
-812
-748
-588
-340
-180
-72
-228
-228
-180
-244
-340
-428
-460
-356
-244
-356
-588
-844
-1180
-1692
-2108
-2236
-2364
-2492
-2620
-2748
-3004
-3004
-3260
-3388
-3644
-3772
-3772
-3644
-3516
-3388
-3260
-3132
-3132
-3004
-2876
-2620
-2492
-2236
-2108
-1980
-1692
-1436
-1244
-1116
-988
-844
-748
-524
-324
-96
132
428
684
1052
1372
1564
1756
1980
2364
2620
3004
3260
3388
3516
3644
3644
3644
3644
3516
3644
3644
3644
3644
3516
3388
3004
2748
2620
2492
2236
2236
2236
2236
2236
2108
2108
1980
1820
1628
1436
1372
1244
1116
1052
924
844
716
524
396
276
104
-24
24
72
32
32
96
104
-8
-148
-244
-276
-228
-196
-228
-244
-308
-396
-588
-812
-988
-1052
-1052
-1052
-876
-716
-652
-684
-684
-620
-492
-372
-588
-748
-716
-684
-748
-924
-924
-876
-988
-1180
-1436
-1564
-1756
-1884
-2236
-2364
-2492
-2492
-2748
-3004
-3004
-3132
-3260
-3388
-3516
-3388
-3388
-3516
-3516
-3516
-3260
-3132
-2876
-2748
-2492
-2364
-2236
-2236
-1980
-1820
-1756
-1756
-1564
-1308
-1116
-1052
-924
-748
-492
-112
292
684
1052
1372
1628
1884
2108
2364
2620
2748
3004
3260
3516
3516
3388
3388
3516
3388
3388
3388
3388
3388
3388
3260
3132
3004
2876
2748
2748
2748
2620
2492
2492
2492
2364
2236
2236
1980
1980
1820
1692
1564
1372
1180
1052
924
748
556
460
276
148
16
-96
-120
-132
-212
-340
-396
-428
-428
-524
-652
-716
-684
-652
-652
-652
-684
-812
-988
-988
-988
-924
-748
-780
-876
-844
-812
-876
-988
-1052
-924
-924
-876
-748
-716
-748
-812
-924
-988
-988
-1052
-1180
-1244
-1308
-1308
-1372
-1564
-1820
-1980
-2108
-2236
-2364
-2492
-2492
-2492
-2620
-2748
-2748
-2748
-2748
-2748
-2748
-2620
-2620
-2492
-2364
-2236
-1980
-1980
-1820
-1692
-1500
-1308
-1180
-1052
-812
-492
-260
-40
180
396
588
780
988
1180
1372
1564
1692
1884
1980
2236
2236
2364
2492
2620
2748
2748
2876
3004
3004
3004
3004
3004
3004
3004
2876
2876
2748
2748
2620
2492
2364
2364
2236
2236
2108
1884
1756
1628
1372
1180
988
812
652
460
228
104
0
-96
-164
-396
-524
-556
-588
-716
-812
-876
-988
-988
-1052
-1052
-988
-1052
-1052
-1052
-924
-780
-748
-844
-924
-988
-1052
-1116
-1052
-924
-748
-620
-588
-652
-652
-652
-652
-652
-524
-372
-292
-276
-292
-260
-212
-212
-212
-196
-180
-212
-308
-396
-492
-620
-812
-988
-1116
-1244
-1436
-1628
-1820
-1980
-1980
-2108
-2236
-2236
-2236
-2364
-2364
-2236
-2108
-1980
-1980
-1884
-1756
-1564
-1436
-1308
-1244
-1052
-876
-716
-460
-244
-8
104
132
164
260
396
556
684
844
1116
1308
1436
1564
1692
1884
2108
2236
2364
2492
2748
2748
2876
2876
3004
2876
2876
2876
2748
2748
2620
2620
2492
2364
2236
2108
1980
1884
1692
1564
1372
1244
1052
988
812
652
460
244
24
-120
-276
-396
-460
-524
-652
-812
-924
-1052
-1180
-1180
-1116
-1116
-988
-924
-876
-924
-924
-924
-924
-876
-924
-876
-812
-844
-924
-988
-988
-988
-988
-876
-748
-620
-588
-684
-684
-684
-588
-524
-556
-588
-524
-428
-396
-340
-292
-276
-244
-164
-80
-96
-292
-492
-556
-620
-684
-780
-924
-1052
-1180
-1308
-1500
-1628
-1756
-1884
-1980
-1980
-1884
-1820
-1820
-1756
-1692
-1564
-1436
-1308
-1180
-1052
-924
-844
-780
-684
-588
-524
-460
-428
-356
-244
-104
-24
72
260
524
684
844
988
1180
1372
1564
1756
1980
2108
2236
2364
2492
2620
2748
2748
2876
2876
2876
3004
2876
2876
2748
2620
2620
2492
2236
2108
1980
1884
1820
1692
1628
1500
1308
1180
1052
924
748
620
460
340
180
48
-40
-212
-428
-556
-620
-716
-684
-716
-812
-924
-924
-1052
-1116
-1244
-1308
-1244
-1308
-1244
-1116
-1052
-1052
-1052
-988
-924
-876
-812
-780
-812
-844
-844
-812
-780
-716
-748
-780
-812
-812
-780
-780
-684
-588
-492
-460
-428
-396
-428
-556
-684
-652
-620
-556
-652
-780
-924
-988
-1052
-1244
-1372
-1500
-1564
-1628
-1628
-1564
-1564
-1628
-1692
-1564
-1500
-1372
-1372
-1308
-1180
-1116
-988
-844
-844
-924
-924
-812
-748
-684
-556
-460
-372
-244
-48
112
180
244
324
492
684
876
988
1116
1308
1500
1628
1756
1820
1884
1980
1980
2108
2364
2492
2492
2492
2492
2492
2492
2492
2492
2364
2236
2236
2236
2236
2108
1980
1820
1756
1692
1564
1500
1372
1308
1244
1116
1052
924
684
460
308
148
72
64
-40
-228
-372
-428
-524
-620
-716
-812
-812
-780
-716
-716
-716
-716
-716
-748
-780
-748
-716
-780
-844
-844
-844
-924
-924
-988
-1052
-1116
-1116
-1180
-1244
-1308
-1180
-1180
-1180
-1180
-1180
-1180
-1116
-1052
-924
-844
-876
-924
-988
-924
-924
-924
-988
-1052
-988
-988
-1052
-1116
-1116
-1116
-1180
-1180
-1180
-1180
-1244
-1244
-1180
-1180
-1180
-1116
-1116
-1052
-1052
-988
-924
-924
-924
-812
-748
-620
-492
-396
-356
-260
-132
-48
48
196
292
396
524
620
684
812
988
1116
1180
1244
1372
1500
1692
1884
2108
2108
2108
2108
2108
2108
2108
2108
2236
2236
2236
2236
2108
1980
1980
1820
1692
1628
1564
1564
1628
1628
1500
1372
1244
1180
988
924
780
620
492
324
148
64
8
-56
-104
-164
-212
-292
-356
-396
-396
-372
-428
-492
-492
-492
-460
-428
-460
-460
-492
-556
-588
-652
-716
-748
-748
-780
-780
-844
-924
-988
-1052
-988
-988
-988
-988
-988
-1052
-1052
-1116
-1116
-988
-988
-924
-876
-844
-876
-844
-844
-876
-876
-924
-988
-924
-924
-1052
-1180
-1244
-1308
-1308
-1372
-1372
-1308
-1308
-1308
-1372
-1436
-1436
-1436
-1372
-1308
-1180
-1116
-1052
-924
-812
-652
-556
-396
-308
-164
-64
0
40
96
180
276
372
492
620
716
780
924
1052
1244
1372
1564
1692
1820
1884
1980
1980
1980
2108
2108
2236
2236
2236
2236
2236
2236
2108
2108
2108
1980
1980
1820
1756
1692
1564
1500
1372
1244
1052
924
780
620
396
212
88
-8
-8
-56
-96
-132
-196
-212
-244
-292
-340
-324
-340
-372
-428
-460
-492
-556
-652
-684
-748
-812
-844
-876
-876
-924
-924
-844
-876
-876
-876
-924
-988
-1052
-1052
-1052
-1052
-988
-924
-812
-748
-684
-652
-716
-684
-716
-684
-652
-652
-652
-652
-588
-620
-620
-684
-716
-716
-748
-780
-780
-780
-876
-988
-988
-1052
-1116
-1116
-1116
-1052
-1052
-1052
-988
-924
-812
-748
-716
-652
-588
-492
-428
-396
-428
-428
-372
-308
-260
-212
-132
-64
64
180
228
308
428
588
716
876
988
1116
1244
1372
1500
1628
1756
1756
1756
1820
1980
1980
2108
2108
2108
2236
2236
2236
2108
1980
1884
1756
1628
1564
1436
1308
1244
1180
1052
988
924
844
684
620
556
428
356
292
196
112
72
32
-8
-88
-164
-276
-356
-460
-524
-620
-716
-780
-876
-924
-876
-812
-844
-924
-1052
-1052
-1052
-988
-988
-924
-924
-1052
-1180
-1180
-1180
-1116
-1116
-1052
-988
-988
-988
-1052
-1116
-1116
-1052
-988
-844
-748
-716
-684
-716
-716
-716
-652
-652
-652
-684
-716
-684
-652
-716
-748
-780
-780
-748
-716
-684
-620
-620
-556
-428
-308
-260
-292
-324
-308
-244
-196
-180
-228
-244
-228
-148
-96
-96
-132
-180
-120
8
132
228
292
324
396
524
652
748
844
924
988
1116
1180
1308
1308
1308
1436
1500
1628
1628
1628
1692
1692
1756
1820
1820
1756
1692
1564
1500
1436
1308
1244
1180
1180
1116
1052
924
780
652
556
492
460
428
340
260
196
164
80
0
-56
-164
-164
-196
-276
-396
-460
-460
-524
-588
-620
-620
-684
-780
-844
-924
-876
-876
-924
-924
-988
-988
-1052
-1116
-1116
-1116
-1116
-1116
-1052
-988
-988
-988
-988
-924
-844
-748
-652
-524
-524
-492
-492
-492
-524
-620
-684
-684
-684
-684
-652
-684
-684
-684
-620
-652
-620
-620
-652
-652
-620
-524
-428
-372
-396
-396
-372
-356
-356
-356
-244
-88
8
72
132
148
196
196
196
196
228
228
228
292
340
396
428
460
556
620
716
812
876
924
988
1052
1116
1180
1308
1308
1308
1308
1372
1372
1372
1436
1436
1436
1372
1308
1244
1180
1052
988
924
780
652
492
340
260
260
324
396
428
428
396
324
292
228
164
132
80
16
-88
-228
-340
-460
-556
-588
-524
-492
-492
-588
-652
-684
-716
-684
-652
-620
-620
-620
-620
-684
-716
-748
-780
-812
-748
-684
-620
-652
-684
-652
-620
-524
-492
-460
-396
-396
-460
-492
-492
-460
-460
-428
-396
-396
-372
-396
-396
-356
-324
-292
-308
-340
-372
-372
-324
-308
-324
-324
-340
-396
-460
-556
-588
-556
-556
-556
-492
-372
-356
-356
-292
-212
-96
-16
32
24
16
-16
-32
-8
0
32
132
244
324
396
396
428
428
428
460
524
588
684
748
812
844
924
988
924
988
1116
1116
1180
1180
1180
1116
1116
1052
988
924
876
876
780
748
748
748
684
652
588
556
524
492
460
372
324
276
228
180
112
80
0
-96
-132
-212
-324
-396
-460
-492
-492
-460
-460
-524
-620
-684
-652
-620
-556
-524
-556
-588
-620
-652
-684
-780
-812
-780
-684
-652
-652
-620
-620
-652
-652
-652
-652
-620
-620
-588
-524
-492
-492
-492
-460
-396
-356
-324
-324
-276
-228
-244
-228
-164
-164
-132
-104
-132
-112
-132
-164
-180
-132
-80
-72
-104
-132
-164
-212
-244
-228
-164
-64
40
104
180
196
164
148
132
148
180
212
228
228
196
212
244
244
260
308
340
396
460
460
460
492
556
652
684
716
780
780
780
780
812
812
780
812
812
812
780
748
684
652
684
684
684
684
684
620
556
492
428
372
292
228
180
164
180
148
96
48
0
-72
-112
-132
-148
-180
-244
-276
-228
-212
-276
-372
-428
-428
-428
-428
-428
-428
-428
-492
-524
-588
-620
-620
-652
-652
-684
-684
-716
-748
-780
-812
-844
-812
-780
-748
-716
-684
-684
-684
-652
-620
-556
-556
-556
-524
-524
-492
-396
-396
-396
-324
-292
-260
-260
-260
-244
-244
-260
-244
-196
-180
-148
-112
-88
-132
-164
-148
-112
-56
56
112
96
132
164
228
276
324
340
340
324
324
340
340
340
356
396
428
428
460
524
524
556
620
652
684
748
780
812
844
876
876
876
876
924
876
876
844
844
844
812
780
780
780
684
620
588
556
492
428
356
308
260
164
72
0
-24
-48
-132
-196
-228
-228
-212
-228
-244
-308
-340
-372
-396
-396
-428
-460
-524
-492
-556
-588
-620
-620
-620
-620
-620
-652
-652
-684
-652
-620
-652
-620
-684
-684
-588
-524
-460
-372
-340
-340
-308
-260
-244
-180
-132
-104
-56
-56
-48
-48
-48
-64
-88
-120
-120
-32
-40
-64
-80
-104
-96
-148
-112
-64
-56
-8
48
80
112
96
40
0
-8
24
32
8
0
8
32
56
24
32
0
-32
8
48
48
32
24
32
40
64
132
132
132
164
196
228
260
324
324
340
356
428
492
492
492
492
460
524
524
524
524
492
524
492
460
428
396
340
308
292
292
260
228
180
104
80
80
48
-24
-96
-132
-132
-132
-112
-132
-164
-196
-228
-276
-292
-308
-340
-396
-396
-428
-460
-428
-428
-428
-428
-396
-428
-396
-356
-372
-372
-396
-428
-396
-396
-372
-340
-276
-180
-164
-132
-148
-148
-164
-196
-180
-180
-180
-132
-104
-72
-16
8
56
64
80
96
120
132
104
148
212
228
164
120
120
132
132
132
132
180
228
228
228
228
196
212
164
148
196
196
212
244
308
308
276
244
260
276
260
276
260
228
212
228
260
260
228
196
196
180
164
148
164
164
180
196
260
308
324
356
372
428
428
428
428
340
228
148
104
48
16
-56
-104
-132
-180
-244
-324
-372
-460
-524
-556
-524
-460
-492
-524
-524
-524
-492
-428
-396
-428
-460
-524
-524
-524
-556
-588
-556
-492
-460
-428
-428
-460
-428
-428
-396
-396
-356
-324
-308
-260
-260
-292
-292
-260
-212
-132
-16
8
0
8
8
0
32
48
132
180
148
180
196
164
196
244
260
276
276
276
244
276
292
324
396
428
428
396
324
276
228
228
276
324
308
276
228
180
148
148
164
180
228
244
276
260
212
196
212
212
228
244
260
244
244
244
292
292
260
244
212
164
196
228
244
276
276
292
308
340
324
292
244
228
228
244
212
196
132
64
72
72
64
40
16
-48
-80
-120
-164
-180
-228
-244
-244
-244
-260
-244
-244
-228
-180
-132
-120
-132
-132
-196
-276
-292
-292
-308
-356
-372
-340
-340
-372
-428
-460
-428
-428
-428
-428
-428
-428
-460
-492
-460
-460
-428
-428
-372
-324
-308
-308
-324
-324
-324
-292
-292
-276
-228
-228
-244
-244
-260
-260
-244
-244
-212
-180
-164
-132
-80
-24
24
72
112
148
164
180
180
212
212
228
260
228
180
164
164
148
132
132
148
196
212
196
212
228
228
260
292
340
372
372
396
396
372
356
340
324
260
212
180
212
212
212
212
244
244
260
260
244
260
228
212
228
244
244
212
212
212
196
180
212
244
244
212
180
148
148
132
132
132
180
164
164
164
164
148
72
64
64
72
24
-16
-56
-80
-64
-64
-72
-80
-88
-96
-88
-32
-40
-80
-96
-88
-112
-148
-148
-196
-244
-276
-276
-276
-244
-196
-196
-196
-180
-212
-228
-244
-244
-228
-196
-148
-148
-180
-212
-260
-244
-260
-276
-260
-244
-260
-244
-212
-196
-148
-112
-64
-72
-104
-72
-64
-96
-120
-132
-164
-164
-196
-196
-212
-212
-228
-244
-228
-196
-196
-196
-180
-148
-96
-80
-88
-56
8
40
40
40
64
48
-8
-48
-32
-16
0
0
-8
8
8
0
-24
-8
0
16
32
72
72
88
88
40
24
32
40
0
0
48
96
104
132
148
180
196
260
276
324
356
396
428
460
460
492
460
396
396
396
396
372
372
340
324
292
228
228
196
132
132
164
212
244
276
260
180
112
96
64
40
-16
16
40
64
72
72
32
-8
-24
-48
-72
-132
-148
-180
-196
-196
-180
-164
-212
-228
-228
-228
-276
-308
-292
-276
-228
-180
-164
-164
-164
-196
-212
-196
-164
-132
-148
-164
-180
-148
-164
-180
-196
-196
-180
-164
-180
-212
-228
-212
-212
-212
-180
-148
-120
-96
-104
-72
-16
0
8
32
40
72
56
32
16
8
32
8
32
72
80
64
56
16
8
-48
-72
-72
-80
-80
-64
-24
-56
-80
-80
-72
-24
16
24
40
8
16
56
72
120
164
180
212
228
228
212
212
212
196
164
148
96
32
0
-16
-32
-56
-64
-72
-88
-80
-56
-56
-40
-56
-88
-88
-88
-96
-104
-104
-112
-148
-148
-148
-148
-120
-64
-48
-24
0
24
56
80
120
148
180
212
196
180
180
148
132
164
164
148
180
196
212
260
260
276
276
260
244
244
228
228
228
196
196
164
132
112
88
88
112
96
72
88
104
104
88
40
-24
-80
-80
-112
-132
-112
-112
-88
-48
-72
-48
-32
-32
-32
-16
-8
-8
24
-8
-40
-48
-88
-132
-180
-212
-196
-180
-180
-196
-196
-228
-180
-164
-120
-72
-56
-80
-88
-80
-96
-88
-80
-72
-64
-56
-48
-16
-32
-24
-24
-16
-24
-32
-32
-24
-24
-24
-16
-16
-24
-80
-96
-132
-164
-180
-180
-164
-164
-180
-164
-148
-148
-164
-164
-180
-196
-164
-164
-132
-96
-120
-120
-132
-112
-80
-96
-72
-16
0
-16
-40
-32
-56
-56
-40
-24
-24
-64
-104
-120
-88
-72
-32
-8
8
24
0
16
32
40
48
80
120
148
120
64
80
72
88
148
180
212
212
196
196
196
180
164
180
196
180
196
196
228
228
180
180
180
180
180
228
244
244
212
196
180
164
180
180
228
212
164
120
104
120
132
104
132
164
164
148
132
112
104
88
80
64
56
56
16
8
40
64
88
88
56
72
72
40
40
16
24
48
32
48
48
40
56
0
-16
-48
-112
-132
-132
-164
-164
-148
-148
-132
-148
-196
-228
-276
-308
-308
-308
-324
-308
-292
-276
-244
-228
-196
-164
-164
-148
-132
-148
-132
-132
-148
-180
-196
-228
-292
-340
-340
-324
-308
-308
-308
-276
-276
-276
-260
-244
-228
-180
-132
-96
-48
-8
0
8
16
32
24
32
48
96
132
148
164
148
148
148
164
132
104
88
72
72
104
148
132
132
132
148
132
104
88
80
80
80
104
120
104
80
56
48
64
88
120
148
148
148
148
132
120
104
104
112
132
132
164
164
132
88
72
96
120
148
164
196
244
260
276
260
244
228
212
212
196
180
164
148
164
180
164
148
120
96
64
56
64
48
16
24
-8
-32
-48
-48
-56
-40
-24
-16
0
-8
-8
-16
-16
-40
-56
-40
-40
-72
-72
-112
-112
-112
-164
-180
-180
-212
-212
-228
-276
-292
-308
-340
-356
-356
-372
-372
-396
-372
-372
-356
-308
-244
-228
-196
-180
-212
-244
-228
-212
-196
-164
-132
-112
-104
-96
-72
-64
-64
-64
-72
-48
-8
-16
-16
-16
-64
-104
-96
-96
-88
-72
-40
-32
0
16
0
-8
24
64
72
72
56
56
56
48
32
32
40
40
32
64
80
56
56
80
72
72
96
120
112
132
148
148
180
180
180
180
164
164
196
196
164
164
180
180
180
196
212
212
196
196
180
180
196
164
196
228
212
180
180
148
120
112
104
80
96
80
48
40
0
-40
-40
0
16
40
80
120
132
148
164
148
132
132
132
112
120
120
96
72
40
40
32
16
0
0
-8
-8
16
0
0
0
24
-16
-40
-24
-16
-40
-32
-8
0
0
8
16
0
-24
-24
-8
0
0
0
0
-16
-96
-164
-196
-212
-244
-260
-260
-276
-244
-228
-244
-244
-260
-244
-276
-276
-244
-228
-228
-228
-228
-244
-292
-308
-292
-276
-244
-212
-180
-180
-148
-180
-148
-148
-132
-112
-80
-64
-88
-80
-72
-88
-104
-132
-180
-180
-180
-148
-120
-80
-80
-56
-40
-48
-16
24
32
40
72
72
56
80
88
64
40
16
8
32
32
56
72
72
88
96
64
24
0
24
56
104
148
196
244
260
260
276
292
260
244
260
276
260
276
292
292
244
228
212
196
212
196
196
180
164
148
148
132
96
80
80
88
88
120
164
164
164
180
180
196
196
196
196
180
196
164
132
132
112
80
40
40
8
-40
-56
-88
-104
-104
-96
-64
-48
-40
-32
-40
-40
-40
-56
-64
-72
-88
-88
-96
-112
-120
-112
-120
-120
-72
-48
-64
-96
-96
-132
-148
-148
-148
-164
-164
-180
-180
-148
-164
-180
-196
-212
-196
-228
-260
-276
-292
-292
-292
-260
-228
-228
-244
-244
-196
-164
-132
-120
-132
-148
-164
-164
-148
-148
-132
-96
-72
-80
-96
-104
-148
-148
-164
-132
-104
-80
-64
-56
-8
-8
0
48
80
64
56
80
96
104
104
132
132
148
148
180
180
180
164
148
180
164
148
148
148
132
120
96
80
72
88
88
96
132
132
120
112
120
132
164
196
196
164
164
164
148
132
104
72
56
32
40
72
88
88
88
112
112
132
112
96
132
164
164
164
180
180
180
212
196
180
164
148
180
180
180
164
148
132
148
164
164
148
132
96
88
72
24
-16
-48
-80
-132
-148
-132
-132
-132
-120
-96
-104
-80
-80
-112
-112
-104
-104
-148
-180
-196
-228
-228
-212
-164
-164
-132
-104
-104
-96
-96
-164
-180
-196
-212
-196
-196
-228
-228
-228
-196
-164
-132
-104
