SAMPLES:	9476
BITSPERSAMPLE:	16
CHANNELS:	1
SAMPLERATE:	16000
NORMALIZED:	FALSE
212
40
56
164
228
48
72
120
64
0
0
72
8
16
-40
112
88
-112
40
72
-72
-8
-64
-120
-72
-8
-88
-228
-80
40
-164
-196
-16
-64
-40
-180
-180
-96
-120
-164
-212
-112
-80
-88
-212
-212
-96
24
-244
-276
-16
-56
-212
-212
-32
-32
-64
-48
-16
-64
-72
-72
-56
-148
-72
-56
-24
-64
-48
-8
0
-16
-148
-104
-72
40
-48
-104
24
96
8
8
48
40
104
48
-16
132
148
-8
56
180
96
0
56
244
56
16
196
180
180
196
148
180
196
196
196
40
148
212
96
24
88
148
148
80
180
96
88
196
88
40
64
112
80
56
-8
8
40
8
0
-88
40
0
-56
24
-64
-132
32
148
-72
-212
72
148
-80
-104
-56
64
32
-148
-180
72
88
-104
-180
-16
64
-16
-148
-164
16
8
-164
-292
56
8
-228
-148
-32
-148
-112
-72
-196
-164
120
-132
-324
196
148
-244
-212
148
0
-356
-164
56
-72
-212
-120
56
-88
-180
64
16
-148
-40
72
-104
-212
-8
56
-24
-64
-16
88
56
32
-24
88
196
112
-8
-40
308
196
56
48
324
308
8
72
164
112
212
112
96
260
196
120
-32
148
228
64
180
80
132
212
40
-132
72
112
16
-72
0
148
72
-104
-148
164
8
-164
32
164
-148
-260
88
-8
-356
-196
56
-88
-260
-96
-56
-164
-244
-88
-180
-196
-96
-244
-228
-180
-112
-180
-164
-24
-104
-132
-244
-112
-96
-180
-40
56
0
-148
16
0
-132
-112
112
-88
-228
32
148
-212
-244
148
40
-164
-32
180
132
-120
-40
244
104
-148
148
276
32
-24
356
164
-72
120
244
180
-48
120
228
148
16
56
212
196
104
88
244
244
80
88
196
292
148
24
276
244
64
8
228
276
32
16
104
120
48
-72
56
164
104
-104
0
212
-80
-212
-32
112
-120
-148
-24
-80
40
0
-164
-64
96
-112
-164
-148
-32
24
-132
-308
-48
80
-308
-276
-132
-48
-120
-164
-72
96
8
-292
-228
80
-80
-340
-120
164
-16
-260
-120
-40
8
-212
-164
24
-8
-72
-148
24
24
-120
-72
-56
-120
-80
8
24
-164
-40
132
-196
-96
88
64
-80
64
244
24
-16
24
0
8
64
40
48
104
40
40
80
-72
180
276
-40
8
324
196
-64
148
148
-16
40
132
-40
-24
292
88
-112
132
196
-40
-112
120
72
-40
112
80
-8
24
48
-32
-32
-112
-112
-40
-72
-164
-72
112
-32
-96
-48
0
24
-148
-40
-48
8
-56
-180
56
-32
-72
-64
32
72
-88
-164
-32
40
-148
-64
-24
80
88
-64
112
104
16
-88
24
96
-24
104
-8
-8
148
32
-72
16
260
48
-132
120
132
-16
132
32
-24
148
56
-164
8
196
-64
-164
64
96
-112
-132
-8
148
-16
-164
24
260
-104
-356
132
228
-244
-164
260
120
-196
48
180
-24
-8
148
16
96
180
-24
164
180
32
-56
16
148
-104
-8
32
112
164
-72
32
180
-96
-96
164
-16
-80
104
-48
-164
-32
96
-88
-148
0
0
-88
-120
16
-56
-132
-48
56
-16
-180
-96
24
-104
-212
-112
-64
-80
-212
-132
-260
-132
32
-148
-212
-96
56
-132
-396
-196
148
-260
-276
64
64
-308
-164
244
-180
-428
40
228
-308
-196
244
164
-308
-120
308
8
-292
112
260
-88
64
112
72
16
196
164
24
148
324
228
0
164
292
244
-164
96
396
16
32
396
180
0
196
228
80
-212
212
340
-72
48
180
228
-180
-56
324
0
-24
308
164
-132
16
132
-40
-244
96
228
-148
-132
180
196
-132
-32
292
112
-244
88
276
24
-40
164
88
-196
112
96
-104
-196
88
88
-372
-112
104
0
-244
-64
132
88
0
-8
72
-64
-180
-180
88
-276
-228
196
-80
-292
-88
120
-228
-260
-112
-212
-164
-88
-276
-56
-8
-80
-196
-80
48
-164
-132
-88
64
-96
-428
24
164
-396
-308
340
8
-428
-32
228
-292
-340
308
-24
-396
88
80
-180
-32
32
64
-24
-120
16
180
-164
-196
164
112
-132
40
212
-48
-32
244
72
-148
196
196
-32
40
228
196
-72
148
276
0
0
260
396
72
-8
356
228
-120
120
228
148
32
228
180
-88
244
180
-148
16
292
112
-80
104
244
-8
-40
132
-48
8
48
-24
-104
8
96
0
-72
-40
48
16
96
-80
-64
148
8
-228
-104
196
-32
-356
132
228
-276
-24
112
-164
-148
-32
-24
-244
72
64
-324
0
120
-132
-164
-24
120
-64
-48
180
-32
96
72
-40
24
-72
48
64
-88
-148
0
56
-308
-372
244
-32
-292
276
260
-212
-340
148
32
-324
80
132
-80
-56
-104
0
104
-276
-48
308
-64
-148
56
96
-132
-72
48
-132
88
104
-132
56
132
-228
-132
96
-164
-24
40
24
-8
-96
40
24
-48
-164
96
32
-164
16
56
-48
120
48
-72
96
212
-88
-148
292
228
-292
-16
164
-180
-180
180
96
-260
0
148
-196
-292
96
16
-104
-132
276
-64
-212
196
-132
0
-64
-196
16
80
-180
-88
260
-16
-164
308
-24
-244
308
-16
-276
88
88
-276
-24
212
-212
-276
260
212
-356
40
356
24
-64
148
228
104
80
72
292
80
-48
228
244
164
-80
308
212
-212
276
212
-16
180
228
112
-56
212
132
-72
228
-24
40
96
-112
196
132
-40
64
148
80
-40
80
132
0
8
-32
16
104
-72
-80
40
-24
72
120
-64
-120
180
-96
-276
112
32
-276
8
120
-356
-112
96
-308
-132
64
-148
-132
96
-180
-228
48
72
-324
-212
-8
-276
-180
-244
-164
-164
-164
-276
-340
56
-244
-340
8
-24
-196
-104
24
-260
-244
-72
8
-244
-276
0
-32
-180
-324
72
244
-8
-164
120
88
-164
-72
32
8
148
96
-180
148
212
-80
0
308
164
0
228
324
132
32
196
212
112
132
356
196
112
244
180
88
80
324
276
212
96
244
428
56
-148
260
396
-148
-80
428
428
-308
-48
524
-24
-260
132
340
0
96
196
180
56
-132
8
24
-80
-120
40
-56
-148
-88
-56
-260
-132
-56
-56
-228
-228
-104
-276
-396
-180
-40
-212
-72
-16
-16
-244
-112
-88
-180
-292
-104
120
-260
-260
88
56
-228
-180
16
-24
-164
-24
64
8
-96
-16
-72
-148
56
-164
-80
104
-80
-88
32
0
-72
48
260
-40
0
492
56
-324
132
356
-212
-260
308
260
-212
-56
276
24
-96
88
148
-120
-88
244
8
-32
40
88
132
-112
32
148
180
-48
64
196
-64
40
212
0
-112
228
0
-16
148
-120
120
104
-292
-8
164
-16
-228
56
228
-228
-120
80
-16
180
-132
-120
196
-8
-396
-260
228
-148
-308
56
212
-72
40
0
-260
-80
-48
-16
-132
80
164
-132
-16
-48
-164
0
40
-148
72
96
-48
-132
-196
64
-132
-120
164
112
-24
96
-56
-132
16
-292
132
164
-16
228
148
-16
-276
56
-104
-104
212
-104
72
260
-132
-148
292
180
-196
356
396
132
196
-32
340
0
-148
276
72
88
-40
276
72
-212
324
132
-96
148
396
24
8
-32
96
292
-196
16
276
212
-164
64
88
-180
48
212
-16
64
292
104
-88
-24
276
-40
-180
112
16
-64
64
120
88
-48
-40
80
104
-260
-276
308
-164
-428
-132
104
24
-372
72
96
-372
-180
-72
-524
-212
-112
-356
-340
-324
-56
-276
-460
-276
-292
-324
-228
-324
-148
-180
-524
-276
-228
-324
-212
-260
-340
-196
-40
-428
-292
-148
-308
-244
-196
-24
-48
-120
112
-148
-24
80
-96
-212
104
356
-16
212
276
148
80
396
132
164
492
340
356
356
492
428
132
396
556
276
276
428
620
260
120
556
260
372
460
460
556
276
396
340
372
276
164
460
104
-40
356
0
64
244
180
16
-212
356
-40
-148
180
-120
244
-340
96
8
-428
164
-104
-428
-16
16
-308
-308
164
-56
-652
120
-148
-492
-180
-308
-164
-308
-428
-88
-396
-196
48
-396
-324
-212
0
-276
-556
276
96
-620
-132
260
-276
-620
-24
-132
-260
-88
-40
-212
-180
8
-588
-148
148
-340
-308
72
56
-460
-96
-48
-64
-196
-64
132
32
-56
56
32
-24
112
-48
72
148
96
48
180
-120
-120
180
-180
-120
260
244
-48
80
132
112
-24
164
276
0
292
180
-16
120
80
96
276
96
32
324
356
-32
96
396
132
180
324
88
56
308
-112
0
324
32
16
148
180
-24
56
164
80
104
180
-112
112
32
24
48
-88
428
-244
-80
56
228
148
-112
120
56
96
-356
-24
48
-196
-8
120
-112
-132
112
-196
-260
-180
212
-260
-324
180
-80
-132
-88
32
-112
-16
-212
-24
24
-292
-180
-104
-72
-228
-180
0
-164
-196
-212
-244
-88
-212
-372
-212
24
-292
-308
-324
-180
-88
-460
-132
-244
104
-72
-524
428
-8
-324
80
-112
-64
-8
-24
0
8
212
24
0
120
64
244
32
212
148
396
180
-132
620
64
-24
244
308
260
228
396
428
276
260
524
396
340
148
276
324
48
356
308
-8
324
460
148
-180
428
428
-460
492
324
-212
212
492
-196
-292
492
32
-244
56
132
-120
-132
164
-112
-244
88
-112
-340
-164
-72
-104
-324
-556
-32
-148
-492
-260
-16
-196
-396
-48
-228
-460
-356
-428
-324
-492
-428
-96
-196
-396
-80
-96
-492
-356
-104
-228
-372
-292
148
-396
-324
-96
-132
-180
-112
-64
-276
56
-132
-24
-228
-40
-8
72
324
-228
32
244
-32
96
164
96
196
180
492
-80
-24
812
-16
-16
428
32
244
260
-40
196
228
164
-180
524
164
24
684
88
-196
428
292
-132
276
292
396
96
372
428
56
164
324
180
132
324
-16
120
56
32
8
48
64
48
308
56
-48
180
164
-112
32
64
244
0
8
324
-120
-80
196
-164
-64
16
-244
120
-212
-132
-112
-260
48
-196
-196
-396
-8
-212
-652
-524
-72
-132
-524
-228
-112
-212
-684
-104
-48
-588
-148
0
-276
-396
104
-324
-372
292
-292
-524
276
-48
-556
-292
48
-112
-308
56
-276
-8
132
-588
-148
24
-132
-104
0
-80
-396
460
104
-460
164
340
-8
0
120
460
308
-24
196
80
260
72
-24
460
396
164
372
308
112
120
396
132
212
556
56
-40
620
196
8
684
132
228
588
340
196
372
324
132
372
48
132
180
260
56
24
396
16
-212
228
16
0
212
16
-24
132
-48
-292
-48
-96
-112
-180
56
-428
-260
40
-524
-88
88
-460
-260
120
-492
-276
-80
-324
-148
-492
-120
-492
-180
-120
-684
32
-164
-164
-244
-308
-56
-228
-88
-228
-244
0
-164
-492
244
148
-372
-16
120
-148
-228
72
-8
-40
-56
148
148
-64
112
-48
212
-88
64
104
-120
196
-212
356
228
-48
324
104
196
228
340
32
180
340
-24
64
0
276
104
-104
120
164
40
-180
164
196
40
164
56
164
40
-80
88
-164
104
80
-260
212
-80
32
196
-324
72
308
-8
-120
-8
276
-292
-120
-112
-80
-96
-72
16
-132
8
-148
-88
-120
-56
-80
-120
-164
0
-64
-104
48
64
-120
-120
244
-276
-196
276
-148
-260
72
228
-428
132
196
-396
112
260
-308
-8
260
-196
-104
228
0
24
148
88
196
-180
104
212
148
164
-88
428
180
56
340
48
556
180
-32
308
-80
196
148
148
132
120
524
-8
-308
372
324
-244
88
148
104
8
16
356
-164
80
196
-228
-180
-96
8
-196
-212
-196
-196
-40
-396
-72
88
-308
88
-104
-492
-196
-324
-212
-180
-132
-244
-340
-212
-556
-120
-428
-228
148
-356
-88
-8
-180
-396
-148
212
-228
-460
132
16
-244
-196
48
104
-396
64
132
-292
-40
228
-276
-460
428
260
-372
-8
308
132
-308
8
324
-8
-164
24
396
-180
-164
460
-164
-260
324
396
-228
-16
620
88
-396
396
396
-396
-132
588
64
-132
292
340
-96
-32
620
244
16
112
780
148
-396
780
340
-164
324
652
212
-324
396
524
-428
396
988
0
112
460
652
-48
72
324
396
396
-40
340
112
88
228
196
8
396
428
-148
228
-48
556
324
-356
96
-324
0
-260
-396
104
-104
-164
-56
-196
-276
-340
-8
-180
-684
-120
-120
-588
-492
-40
-228
-684
-372
-356
-460
-492
-460
-620
-588
-340
-620
-588
-164
-356
-260
-428
-748
-80
-556
-988
-132
120
-524
-748
148
196
-1180
-372
620
-588
-620
16
72
-80
-556
-64
244
112
-196
48
396
-64
48
228
228
112
292
-228
-132
428
212
180
292
716
684
-276
244
876
56
-292
556
988
88
-340
684
652
-132
372
588
180
276
684
396
-148
620
924
-16
-112
780
1052
-164
40
652
556
212
-148
396
80
24
244
132
212
-32
356
64
-524
428
396
-556
-56
588
-24
-1052
112
308
-684
-524
260
276
-716
-48
396
-40
-340
-80
-72
-196
-356
-340
-428
-276
132
-164
-748
72
460
-556
-652
-96
292
-428
-492
308
-132
-244
-132
-260
-112
-180
-196
-196
-276
24
120
-460
-196
260
-96
-396
340
308
-588
16
460
-308
-652
104
308
-588
-104
308
-112
-32
56
120
-148
196
356
-212
244
-32
8
652
120
-148
148
492
196
-244
-72
556
196
-492
-80
556
212
-684
276
556
-276
-8
308
-228
-132
260
0
-132
180
276
-72
-148
0
8
-32
-40
104
164
-24
340
148
-556
-292
460
112
-620
72
460
-228
-356
228
32
-372
308
428
-556
-16
556
-372
-524
-56
308
-276
24
212
80
132
-72
-260
-196
244
-80
-588
104
260
-556
-396
244
-48
-244
-148
228
-120
-212
244
-276
-260
104
-148
-164
72
132
-460
-428
556
-24
-876
652
652
-524
-356
780
308
-780
324
620
324
-244
80
428
-24
-228
-32
556
260
132
-16
132
428
80
16
428
492
40
324
132
292
244
-196
112
460
40
-120
340
120
-56
64
-48
324
0
-180
40
148
180
-104
-16
212
164
-212
260
340
-244
-148
-180
-340
-292
56
164
-180
-48
164
-196
-492
492
8
-812
132
292
-620
-556
324
-372
-652
164
-180
-324
-276
-428
-276
-164
-460
-80
-164
-844
-460
-96
-96
-492
-120
196
-260
-164
-16
-148
-556
-260
148
-132
-148
164
-112
-372
196
132
-48
-164
120
40
-72
356
164
48
-32
-80
80
308
244
-104
32
228
180
212
196
228
196
164
356
556
180
180
276
428
196
228
460
-32
-24
324
164
212
228
0
228
-32
64
244
460
104
32
556
164
-8
276
164
-180
164
228
96
56
104
16
-196
228
148
8
48
164
-132
-324
96
196
-196
64
80
-260
-276
-164
-96
-428
-212
32
0
8
-24
-356
-64
148
-180
-148
-8
-292
-276
-164
-132
244
-24
-324
-324
24
24
-396
-132
-24
-196
-180
228
40
-292
-164
-276
-276
164
244
-244
-132
64
-260
-340
72
-132
-260
56
40
132
-64
-180
-148
-164
-148
-16
132
-96
-276
-96
16
-104
-96
40
24
-148
-148
-32
-112
-276
-88
-104
-120
8
16
-24
72
56
-40
-8
164
196
0
48
276
260
64
104
372
164
80
292
148
-104
-180
180
308
40
56
212
228
40
96
244
164
104
164
148
180
212
96
48
244
428
148
8
104
-56
24
40
132
340
180
64
104
104
0
164
148
24
180
148
-40
-228
-228
-180
-32
0
88
308
148
-148
-276
-104
-120
-308
-196
-40
-180
-292
-132
-104
-132
-132
-8
8
16
-48
-212
-428
-492
-164
-112
-244
-228
-212
-212
-196
-212
-260
-260
-276
-196
-32
0
-8
-40
-40
-8
148
340
80
40
132
120
16
228
292
32
40
276
396
148
340
428
164
276
460
292
212
104
96
244
308
372
260
180
48
88
180
132
180
112
104
96
104
72
-88
-72
-40
24
72
24
-132
-260
-132
-196
-80
-24
-148
-260
-340
-372
-396
-340
-460
-324
-228
-260
-132
-396
-460
-428
-460
-396
-164
-212
-428
-340
-324
-372
-276
-164
-164
-276
-148
-132
-148
-196
-276
-228
-196
-120
-88
-120
-80
-8
16
80
120
96
-56
56
180
64
16
228
292
112
372
228
164
88
-8
260
132
276
396
340
372
308
212
148
180
308
356
372
492
340
180
324
428
428
396
588
492
196
212
396
212
112
460
492
292
324
428
340
308
524
620
492
356
396
308
132
112
212
228
164
132
148
-64
-196
-228
-260
-196
-196
-212
-260
-428
-396
-492
-524
-620
-780
-652
-812
-924
-924
-988
-1052
-924
-812
-780
-876
-844
-780
-876
-812
-684
-684
-812
-748
-652
-684
-652
-460
-428
-556
-428
-260
-396
-428
-244
-80
-80
-40
88
64
32
132
148
96
308
292
308
460
372
372
492
780
748
684
812
844
924
684
876
1052
1116
1052
1180
1180
924
1052
1052
1564
2108
2492
2748
2620
2492
2108
1564
1980
2748
2876
2620
2364
2236
1372
652
460
588
844
620
120
-652
-1628
-2108
-2492
-2620
-2364
-2620
-3004
-3516
-3772
-4092
-4604
-4604
-4348
-4092
-3772
-3516
-3516
-3772
-3644
-3132
-2364
-1980
-1628
-1564
-1500
-1308
-780
-132
396
716
924
1116
1244
1372
1308
1436
1692
2108
2108
1980
1628
1244
1308
1564
1820
1756
1564
1116
716
748
924
924
812
844
876
780
748
716
556
716
924
1116
1116
748
556
276
492
748
924
1052
1052
1884
2748
3004
3260
3388
3004
2364
1500
2364
3900
4860
4860
3516
2876
2364
2108
1692
1628
2236
2492
1628
72
-1500
-2492
-2364
-1980
-1564
-1980
-2876
-4092
-5116
-5884
-6140
-5884
-5116
-4860
-4860
-4860
-5116
-5372
-5372
-4860
-4092
-3132
-2364
-2492
-3132
-3260
-2364
-748
1180
2876
2492
988
244
1436
2876
3004
3260
3900
4092
3004
1692
1244
1500
2236
2748
3004
2108
64
-2108
-2748
-988
844
492
-988
-1820
-2236
-2876
-2748
-1372
-812
-1372
-1436
-396
-196
-1628
-2236
-812
988
1756
1564
748
-748
-1628
-620
1436
2364
1564
396
-80
196
396
988
1244
1180
1308
1692
3132
3772
4348
4348
3388
2876
2236
3260
4860
5628
5628
4860
4860
4092
3004
2364
3004
4860
5628
4348
1980
-492
-1180
-492
276
524
-324
-1564
-2748
-3772
-4604
-5372
-5628
-5116
-4348
-4604
-5116
-5884
-6908
-7420
-6652
-4860
-3516
-3644
-4860
-6140
-5884
-4348
-2492
-1500
-1308
-1244
-652
212
924
1820
2236
2748
3132
3388
4092
3644
2748
2876
4092
5116
4348
2492
988
924
1564
2236
2236
1180
-620
-1980
-1884
-780
-428
-1628
-2748
-2748
-2236
-2492
-2876
-3132
-3388
-3004
-1756
-428
-716
-2364
-3004
-1980
-324
396
164
-460
-1052
-924
88
924
924
372
324
1116
1884
1980
1628
1308
1436
1980
2364
2620
2620
3132
4092
5116
5884
4860
3260
2236
3004
5372
6908
7164
5884
4860
4348
4092
4092
4348
5116
5116
4348
2876
988
-340
-748
-260
396
40
-1372
-3388
-5116
-6140
-6396
-5884
-5628
-5628
-6652
-7420
-7676
-7932
-7676
-7420
-6396
-5372
-5116
-5628
-6396
-6652
-5372
-3388
-1628
-1052
-1180
-1244
-780
164
2364
3388
3132
2364
2620
4348
4092
3388
3004
4092
4348
3260
2492
1692
1500
924
812
1052
844
-524
-2364
-2492
-1308
-924
-2236
-2620
-1980
-2108
-3132
-3004
-1980
-1980
-2364
-1372
228
-72
-1244
-924
460
1436
1564
1756
1756
1244
1180
1980
2748
2620
2236
2108
2364
2748
2620
1980
1884
2236
2364
2236
1628
1500
1756
2620
3644
4604
4860
3900
2748
1980
2492
4092
5884
6140
5116
4092
4092
4092
3644
3004
3388
4604
4604
2748
148
-1244
-1180
-308
164
-212
-1820
-3900
-5372
-5628
-5884
-6140
-6140
-6140
-6396
-7164
-7676
-7420
-7420
-7164
-6396
-5372
-4604
-5372
-6396
-6652
-5116
-3132
-1564
-1116
-1372
-1692
-1116
180
1180
1820
2876
4092
4092
3260
2364
2492
3388
3644
4348
4860
4348
1980
228
460
1692
2492
1820
924
-372
-1756
-2620
-1980
-292
292
-556
-1884
-2236
-2492
-2620
-1980
-652
196
-460
-1180
-1244
-1180
-924
196
1980
2364
1500
260
-260
64
844
1884
2620
2492
1308
196
-24
780
1692
2236
2108
1692
1052
308
428
1244
2364
3516
5116
5884
4860
1628
-428
1116
5116
7676
6908
5116
4092
3900
3260
2748
3644
5372
6396
5116
2236
-780
-2364
-1372
1052
2236
876
-2108
-4604
-5628
-6140
-5884
-4860
-4092
-5116
-6908
-7932
-7676
-7420
-7420
-6908
-5372
-4092
-4348
-6396
-7932
-7420
-4604
-1308
196
-1052
-3132
-3516
-1980
0
1436
2108
2492
2876
3004
2748
2492
2236
3004
4860
5628
5116
3004
1180
492
1564
3388
3900
2876
524
-1308
-1884
-924
428
988
428
-1116
-2236
-2748
-2492
-1980
-1116
-396
-460
-1308
-2492
-3132
-2620
-988
716
1308
212
-1244
-1980
-1692
-324
988
1436
988
164
-556
-748
-260
924
1820
2236
1884
876
180
212
1180
2108
2876
3004
2620
2748
3772
5884
6396
4604
2492
1980
4604
7164
7420
5884
4860
5116
5116
4092
3644
4860
6140
5372
2876
308
-924
-556
556
1244
556
-1564
-3900
-5372
-5884
-5884
-5372
-5116
-5372
-6652
-8316
-8316
-7420
-6908
-6908
-6140
-5116
-5116
-6652
-7932
-7164
-4860
-2236
-1116
-1980
-3388
-3644
-2364
-428
1052
1820
1980
1980
1564
1500
2748
3644
4092
3644
4092
4860
3260
1436
748
3004
4348
3644
1980
652
112
-588
292
1756
2364
396
-2108
-2236
-748
-228
-1308
-1436
-748
-988
-2236
-2620
-1820
-1820
-2108
-1052
276
-524
-2492
-2748
-1372
-196
96
244
-48
-988
-1372
-356
1116
1820
1500
1052
1052
1372
1628
1756
2108
2620
2620
2748
2876
3388
4092
5116
6396
5884
3900
2236
3260
6396
7932
6652
4348
3900
4604
4348
3644
3900
5116
4860
2236
-308
-1372
-876
88
524
-112
-2236
-4348
-5628
-5628
-5116
-4860
-4860
-5372
-6908
-8316
-8316
-6652
-5372
-5628
-6396
-6396
-5884
-6140
-6652
-6140
-4604
-2620
-1692
-2492
-3772
-3772
-2236
-88
1500
1692
1180
924
988
1500
3644
5372
4860
3004
2236
3900
4604
3772
3388
4348
4860
3516
2108
1820
2364
2364
2108
2492
2364
780
-1436
-1372
780
1820
-16
-1884
-1980
-1884
-2364
-2108
-1052
-1500
-3132
-3516
-1980
-1564
-2748
-2876
-1980
-1564
-2108
-2108
-1500
-1564
-1884
-1308
-212
164
-132
-356
276
1180
1564
1500
1436
1564
1628
2108
2748
3644
4348
4860
5628
4860
3516
2620
3772
6396
7420
6396
4604
4092
4092
4092
4092
4860
5628
4604
2236
40
-684
16
1116
1564
524
-1756
-4092
-5116
-4860
-4348
-3900
-3644
-4604
-6652
-8316
-7676
-5884
-4860
-5372
-6140
-6396
-6652
-6396
-6396
-5628
-4092
-2876
-2364
-3132
-4092
-3772
-1884
460
1564
1308
780
460
556
1500
3388
5116
5372
3644
2108
2108
3772
4860
4860
4860
4092
3516
1980
1564
2492
3388
3388
2236
1308
132
-876
-1308
-56
1244
588
-1628
-3644
-3644
-2748
-1980
-1436
-1436
-2876
-4604
-4604
-2876
-1436
-1564
-2236
-2492
-2748
-2876
-1628
-180
-132
-876
-844
-96
428
716
1372
1884
1980
1884
2108
2236
2492
2876
3516
4092
4604
4604
5372
5372
4604
3900
3900
5372
6396
6140
4860
4092
4092
4092
3900
3772
4092
3900
2492
524
-716
-460
396
748
-8
-1628
-3516
-4348
-4348
-3900
-3644
-3900
-4860
-6140
-7164
-6908
-5628
-4604
-4604
-5884
-6652
-6652
-5884
-5116
-4604
-4092
-3644
-3516
-3388
-3388
-2876
-1500
-228
148
-40
16
428
876
1500
2236
3260
3644
3260
3132
2876
3132
3388
3900
4604
4348
3772
3004
2748
2620
2876
3260
3132
2364
1244
588
260
428
716
652
-72
-1308
-2236
-2620
-2108
-1564
-1820
-2492
-3516
-3900
-4092
-3388
-2364
-1884
-2492
-3260
-3260
-2748
-1980
-1436
-988
-924
-1052
-924
24
988
1436
1436
1628
1820
2108
2620
3260
3772
3644
3260
3516
4092
4604
5116
5116
4860
4348
3900
4092
4604
4860
4860
4092
3132
2748
2620
2748
2620
2236
1500
492
-428
-1052
-1180
-988
-1052
-1628
-2620
-3644
-4092
-4092
-3772
-3644
-3772
-4348
-4860
-5372
-5372
-4604
-3772
-3644
-4092
-4348
-4348
-3900
-3004
-2236
-2108
-2236
-2236
-1884
-1372
-876
-588
-356
-16
276
876
1244
1180
988
844
1564
2236
2492
2236
2236
2492
2492
2492
2748
2748
2364
1756
1756
1980
1756
1180
924
876
684
372
212
-24
-588
-1244
-1500
-1372
-1436
-1692
-1980
-2236
-2364
-2620
-2492
-2236
-1980
-2364
-2492
-2236
-1980
-1756
-1564
-1116
-924
-876
-524
72
588
876
1052
1372
1692
1884
2236
2620
2620
2748
3004
3260
3388
3516
3516
3388
3516
3516
3644
3516
3004
2748
2748
2876
2492
2108
1692
1436
1180
1244
1052
396
-212
-460
-492
-844
-1052
-1244
-1628
-2236
-2492
-2364
-1980
-1980
-2236
-2492
-2748
-2876
-2748
-2364
-2108
-2108
-2364
-2492
-2364
-2108
-1756
-1308
-1180
-1436
-1564
-1244
-876
-492
-460
-460
-396
-260
-96
-48
-80
-72
40
340
556
492
340
428
748
924
988
844
684
556
716
1116
1052
620
396
428
492
620
716
428
-148
-492
-396
-276
-340
-428
-716
-1116
-1244
-1180
-1052
-924
-988
-1052
-1052
-1052
-1116
-1052
-844
-460
-228
-104
-48
-8
212
524
988
1372
1308
1180
1244
1500
1756
1980
2108
2108
1980
2108
2364
2236
2108
1980
2108
1980
1884
1756
1436
1052
988
1052
924
588
196
-72
-292
-492
-588
-588
-844
-1244
-1308
-1372
-1564
-1564
-1500
-1564
-1628
-1436
-1372
-1436
-1436
-1372
-1244
-1244
-1244
-988
-780
-716
-812
-780
-652
-492
-356
-324
-308
-276
-148
32
260
148
-112
-96
80
308
492
372
72
56
88
164
324
340
372
308
196
260
228
96
180
396
356
132
0
-48
-64
-80
16
88
-164
-524
-652
-588
-524
-492
-588
-716
-844
-924
-924
-812
-652
-652
-716
-492
-396
-396
-324
-164
132
308
324
428
556
716
988
1244
1372
1372
1308
1372
1564
1756
1884
1884
1692
1564
1564
1628
1692
1564
1244
988
1052
1052
876
748
524
308
164
56
-112
-428
-684
-812
-924
-1052
-1180
-1308
-1372
-1436
-1436
-1500
-1372
-1308
-1436
-1564
-1308
-988
-924
-844
-748
-716
-716
-556
-340
-276
-244
-212
-244
-292
-308
-164
-48
80
180
164
132
212
340
372
356
356
428
428
356
428
428
460
428
396
428
324
340
308
260
196
212
396
324
104
-16
-88
-24
72
96
-56
-292
-556
-748
-780
-652
-556
-684
-876
-988
-1180
-1308
-1244
-1180
-988
-924
-844
-876
-924
-924
-652
-356
-148
0
16
-120
-48
292
684
924
1052
988
988
1180
1372
1564
1692
1756
1820
1820
1756
1756
1628
1564
1500
1372
1308
1244
1116
1052
876
684
556
428
260
8
-96
-132
-244
-556
-812
-924
-1116
-1116
-1180
-1180
-1244
-1244
-1244
-1244
-1308
-1244
-988
-844
-876
-844
-844
-844
-716
-556
-428
-396
-372
-396
-308
-40
196
212
180
260
460
492
524
780
780
684
684
844
924
844
844
924
812
684
588
588
588
556
620
524
428
260
212
212
164
196
148
0
-244
-428
-524
-588
-684
-844
-924
-924
-988
-1116
-1180
-1180
-1116
-1116
-1116
-1052
-1052
-1180
-1116
-988
-812
-556
-356
-356
-460
-556
-492
-196
24
228
324
276
132
88
276
556
748
876
812
652
524
492
620
716
684
716
652
524
460
396
324
292
356
308
212
88
-24
-96
-104
-8
88
-24
-196
-372
-492
-460
-460
-460
-460
-460
-428
-372
-372
-292
-180
-148
-56
8
-32
-88
-8
148
356
372
308
308
356
588
812
812
684
684
684
716
876
924
844
780
844
844
924
876
684
524
428
460
396
324
180
48
-16
-8
-32
-180
-324
-292
-340
-372
-356
-492
-652
-716
-652
-588
-652
-780
-924
-924
-812
-588
-460
-556
-748
-924
-876
-620
-396
-340
-428
-556
-588
-460
-324
-244
-228
-260
-196
-196
-180
-212
-212
-112
72
260
324
324
132
40
228
460
556
524
308
212
228
308
396
396
292
308
340
292
212
40
8
40
40
0
0
-24
-180
-396
-356
-212
-228
-292
-308
-292
-340
-428
-396
-340
-244
-64
148
196
0
-164
-148
120
460
492
460
460
324
292
428
652
716
588
556
620
588
492
620
716
780
748
652
556
308
308
524
620
492
308
96
-88
-88
148
372
244
0
-244
-428
-396
-308
-292
-356
-524
-620
-652
-684
-652
-748
-780
-716
-620
-684
-876
-876
-812
-716
-620
-460
-396
-492
-588
-588
-324
72
164
40
-48
-16
104
228
396
492
460
396
396
460
396
356
396
492
620
588
492
324
88
-24
0
180
308
148
-132
-292
-292
-212
-164
-148
-228
-372
-524
-588
-556
-460
-460
-460
-460
-460
-492
-492
-428
-396
-340
-196
-104
-88
-148
-228
-64
132
228
196
88
120
196
308
460
524
428
244
212
356
588
684
588
460
460
620
716
716
652
492
428
492
492
556
492
428
308
132
-16
-112
-132
-120
8
56
-120
-340
-492
-524
-492
-396
-308
-396
-556
-748
-716
-588
-428
-340
-276
-244
-372
-396
-276
-148
0
-8
-40
-8
32
104
180
292
428
492
428
396
356
292
340
556
652
556
428
372
308
356
556
716
556
340
180
132
276
308
260
164
40
-180
-372
-356
-196
-180
-260
-292
-428
-652
-684
-588
-492
-460
-492
-396
-460
-588
-748
-684
-492
-492
-556
-684
-748
-684
-524
-428
-324
-164
-88
-64
-72
-132
-260
-228
-24
148
112
0
-72
-72
-24
120
428
492
340
196
212
396
588
652
620
492
428
460
524
716
716
556
524
460
340
244
324
460
460
308
80
-48
-148
-148
-40
-8
-120
-356
-492
-460
-396
-324
-260
-276
-428
-492
-460
-356
-228
-148
-164
-196
-228
-228
-196
-112
32
132
180
244
196
64
64
244
460
460
356
324
260
212
276
428
428
356
276
244
212
80
8
56
120
40
-32
-88
-96
-40
-48
-132
-244
-340
-428
-396
-228
-212
-372
-396
-292
-340
-460
-460
-356
-324
-428
-524
-524
-652
-588
-292
-88
-196
-428
-524
-492
-244
64
164
-24
-120
-104
8
196
292
292
212
148
244
356
308
324
396
556
684
684
620
524
492
588
716
780
684
588
428
396
524
556
556
428
276
132
48
32
40
8
-40
-32
-120
-292
-308
-260
-260
-196
-148
-148
-276
-340
-276
-120
16
0
-56
-180
-260
-164
24
180
212
148
32
8
80
164
372
460
372
228
56
-96
-64
-32
0
8
-48
-164
-292
-308
-244
-180
-212
-292
-396
-460
-428
-340
-396
-428
-292
-292
-492
-620
-652
-524
-428
-428
-428
-428
-460
-460
-492
-460
-460
-460
-460
-556
-620
-684
-588
-428
-324
-396
-460
-428
-292
-112
-8
-64
-96
-96
-80
104
292
396
396
396
372
396
460
588
684
716
716
748
652
460
396
556
652
620
588
492
428
372
372
556
684
556
396
308
212
212
244
308
308
164
148
132
72
24
132
180
164
104
8
8
16
112
180
212
112
56
104
164
244
260
164
88
96
72
40
-24
24
164
164
148
132
-40
-180
-56
112
180
80
-16
-56
-48
40
180
132
56
8
-72
-104
-148
-180
-260
-180
-40
0
-164
-356
-340
-340
-324
-356
-428
-588
-716
-588
-428
-524
-716
-716
-748
-748
-716
-620
-716
-780
-620
-428
-492
-556
-460
-324
-196
-72
-72
-164
-132
0
244
396
340
276
276
260
324
524
684
620
460
372
340
396
460
396
356
308
212
148
104
96
24
8
56
48
-96
-212
-148
-148
-164
-180
-212
-324
-460
-396
-260
-180
-120
-88
-132
-292
-324
-132
0
112
120
0
-56
-8
48
148
196
148
132
96
48
96
148
132
212
292
276
180
164
180
148
196
340
340
260
64
72
244
372
492
460
260
88
148
244
356
428
324
244
180
180
180
148
148
132
112
8
-164
-324
-324
-276
-196
-196
-396
-524
-620
-620
-396
-308
-372
-356
-324
-292
-260
-276
-212
-72
-8
24
48
104
196
260
396
524
524
460
428
428
460
620
588
492
340
308
428
460
372
308
244
132
132
64
-40
-56
-8
-40
-132
-228
-276
-244
-244
-308
-396
-460
-460
-460
-492
-460
-428
-428
-460
-396
-396
-356
-260
-196
-132
-164
-244
-372
-428
-324
-132
-148
-292
-428
-428
-340
-180
24
16
-244
-324
-196
8
80
0
-64
-132
-104
8
164
164
16
104
276
396
396
244
132
164
292
428
428
324
228
244
292
356
396
276
132
40
-48
-212
-292
-428
-428
-372
-260
-180
-396
-684
-556
396
460
356
-276
-1116
-1500
-1820
-1372
-1116
-324
244
652
716
588
340
-72
-112
-72
556
652
876
924
1052
1116
988
1116
588
428
460
812
988
1244
1180
924
780
684
684
460
428
460
492
244
-104
-244
-356
-340
-276
-112
-80
-164
-132
-120
-80
-196
-244
-292
-556
-812
-812
-684
-588
-460
-292
-112
-148
-292
-396
-396
-308
-308
-180
228
324
308
276
64
-292
-844
-1116
-924
-396
0
148
260
324
244
120
8
-212
-244
-148
212
492
652
652
492
340
72
-64
-88
-80
-40
-40
120
260
212
64
-196
-460
-556
-588
-652
-748
-924
-924
-748
-716
-812
-924
-924
-812
-748
-620
-428
-308
-148
-56
-112
-196
-276
-292
-396
-276
-40
164
356
396
556
556
588
684
716
684
524
524
620
620
716
812
780
588
308
212
244
372
460
524
428
244
96
32
-88
-148
-72
0
64
-8
40
80
196
212
64
0
-96
-112
-180
-196
-104
8
64
120
96
-24
-96
-56
-48
24
228
292
112
48
72
132
164
148
228
228
196
292
588
588
492
324
132
80
120
228
340
556
588
492
396
292
276
112
-96
-164
-180
-228
-308
-260
-260
-396
-460
-428
-556
-716
-652
-460
-460
-620
-684
-748
-844
-988
-924
-812
-748
-620
-556
-556
-620
-524
-428
-308
-276
-372
-396
-260
-32
148
276
308
428
428
396
460
460
492
492
460
556
652
588
428
244
260
356
524
396
104
48
212
212
8
-112
-260
-340
-276
-244
-244
-324
-428
-460
-308
-356
-428
-460
-492
-460
-428
-428
-556
-324
-276
-324
-104
112
112
-80
-88
112
340
308
212
460
652
492
460
588
460
460
428
428
492
428
260
292
460
492
112
104
196
260
372
292
396
396
396
148
-292
-24
48
32
-120
-48
164
-212
-324
-148
-112
-372
-340
-228
-180
-308
-372
-492
-556
-308
-460
-396
-428
-324
-120
-212
-24
-16
-88
-212
32
244
324
428
324
64
40
356
492
652
684
588
556
588
428
396
748
492
324
460
684
40
-324
292
196
8
112
0
-228
16
0
-276
-428
-460
-524
-524
-748
-556
-340
-588
-492
-244
-80
-620
-556
-356
-652
-428
48
196
-324
-228
-40
-112
-104
-164
0
64
-96
32
308
180
228
96
428
428
40
8
212
212
-428
0
-48
-164
-48
-396
-276
40
-132
-324
-104
-104
-88
-372
24
-104
-276
-260
-292
80
-292
-56
292
-132
-112
112
-72
-148
-132
324
212
-324
-24
524
260
-428
-228
180
164
-244
-96
0
-40
-148
32
-16
-48
180
-180
120
428
396
132
16
396
-48
-340
-56
428
428
-132
356
492
120
372
428
112
148
212
-80
244
372
164
428
324
-132
48
-32
-556
88
196
-96
40
-40
-196
-260
-80
-244
-428
56
56
-180
120
32
96
-96
-372
-64
64
16
-24
396
396
164
308
196
-196
132
260
132
112
212
180
148
460
0
-32
-80
-428
-244
8
-16
-56
-132
-212
-428
-120
196
-260
-212
-104
180
276
40
-148
88
72
-180
8
244
308
-260
112
260
132
112
-244
180
-24
32
16
112
180
-104
556
-16
-132
196
-460
-372
-32
-96
-196
48
164
-164
-104
260
-428
-212
652
-104
-588
-148
244
-112
-556
-132
-104
-96
-112
-396
-260
180
8
-428
-196
-524
-180
-196
-620
-308
-460
-212
-460
-652
-212
-652
-372
56
-324
-556
-148
64
-372
-524
212
588
-196
-276
-24
0
-148
-308
356
460
40
276
524
356
428
396
356
556
132
244
428
684
620
212
244
228
260
460
276
356
492
196
-244
228
260
-556
-88
308
-8
-196
324
340
64
396
16
-196
148
276
164
72
652
372
-72
132
228
276
396
556
428
396
396
228
-132
32
748
228
40
132
524
460
-292
-24
244
428
132
-212
72
260
-324
-524
-40
40
-180
-308
-40
-72
-180
-324
-492
-196
-132
-556
-492
-492
-492
-324
-356
-588
-524
-396
-684
-716
-356
-396
-292
-276
-460
-652
-844
-556
-228
-396
-588
-104
-292
-748
-748
-292
-324
-428
-164
164
64
96
64
-324
556
180
-40
492
428
244
-8
308
556
492
588
-48
-32
924
652
196
460
276
-148
-32
276
-244
-396
228
-72
-556
356
244
-556
-460
-212
-228
-88
132
-64
-104
72
-212
-244
148
-212
-260
56
292
88
64
372
260
-16
308
588
492
0
0
780
588
-112
748
924
-16
16
652
460
524
812
244
356
492
-244
-24
460
196
164
164
396
120
-212
132
-132
-8
492
-356
-180
-196
-180
72
-340
-244
-492
-460
-292
-308
-356
-684
-492
-80
-524
-988
-324
-396
-428
-372
-372
-308
-308
-460
-844
-588
-112
-40
-340
40
-244
-228
-340
-180
356
-80
428
244
716
588
-164
372
120
260
460
356
684
924
588
620
356
844
684
148
812
88
180
396
292
112
-356
64
-32
-460
-104
-556
-524
56
-780
-308
228
-588
-652
-196
-196
-244
-132
104
56
-64
-148
-228
196
-324
-356
428
16
132
988
428
-40
180
748
356
-260
40
356
-48
-104
460
148
340
212
-356
-260
-148
428
228
-24
292
212
-104
-652
-372
16
-132
-428
-72
196
-620
-556
-196
-428
-212
-556
-876
-396
-428
-924
-620
-492
-356
-556
-524
-556
-292
-212
-780
-460
-276
-524
-588
-212
-340
-8
96
-396
-340
-64
244
-324
56
924
492
-16
120
652
556
556
460
988
924
492
652
844
652
748
876
876
1052
460
684
988
716
588
556
780
428
-64
64
-244
0
372
-148
-48
-96
16
148
-1052
-324
276
-492
-428
228
164
-460
-372
212
-260
-780
460
40
-684
-212
104
228
-212
-16
-180
148
428
88
180
428
96
148
652
-180
-32
620
-132
-132
1180
212
-460
164
340
24
-396
-80
292
-132
-780
-80
324
-96
-556
-324
-244
-492
-132
-460
-812
-588
-620
-748
-876
-524
-196
-748
-988
-748
-164
-684
-1308
-620
-104
-924
-1500
-396
-716
-924
-524
-132
8
-308
-524
-620
0
-260
-524
96
460
-164
-132
716
244
228
460
684
684
780
988
460
780
620
396
620
748
684
492
748
924
924
428
324
492
292
260
292
460
324
492
340
16
-88
24
40
-396
-340
88
104
-180
-460
56
524
-428
-492
276
196
56
-460
56
716
104
16
164
556
308
32
620
524
228
324
748
812
308
292
652
428
-260
428
716
340
244
372
492
132
-132
-96
244
-72
-212
356
104
-244
-460
-460
-292
-428
-396
-556
-524
-620
-780
-716
-324
-428
-460
-988
-812
-684
-988
-620
-716
-460
-748
-1052
-780
-556
-844
-620
112
-228
-780
-324
-356
-924
-372
-260
56
-396
-460
24
40
212
-64
716
244
32
104
276
292
212
396
292
588
260
460
196
340
492
180
372
40
148
-120
16
-148
48
260
-88
-64
-112
104
-72
48
-276
-212
-372
148
196
-620
180
164
72
-32
-196
196
180
260
16
356
324
492
308
24
684
684
652
492
748
748
180
492
844
164
-64
652
556
492
876
556
-112
324
748
244
244
228
308
212
132
276
228
-120
-164
104
-180
-132
148
-372
-396
-324
-588
-748
-620
-244
-620
-652
-684
-652
-684
-652
-844
-812
-340
-588
-1052
-876
-556
-588
-492
-372
-340
-292
-340
-212
-16
132
396
196
460
396
180
620
556
588
492
372
652
844
652
492
780
652
460
556
492
492
460
164
32
396
-24
-40
396
-396
16
104
-460
0
-16
-1052
-620
8
-588
-988
-524
-120
-620
-460
-372
-276
-588
-620
-876
-620
132
-524
-396
-56
-180
-244
-164
-276
-308
292
460
-164
148
620
276
24
-164
556
620
-56
324
372
492
356
32
324
340
324
428
324
492
428
228
244
228
492
148
-308
120
164
-88
-428
-228
396
-428
-620
-244
-340
-228
-812
-780
-460
-428
-876
-876
-120
-556
-684
40
-844
-652
228
-524
-196
-32
-64
-524
-228
620
-228
164
812
356
88
260
428
524
428
620
812
588
652
460
716
924
876
780
396
812
812
260
492
588
524
64
308
684
492
340
180
396
148
-356
-64
56
40
-48
-104
-148
-372
-276
-72
-372
-556
56
-148
-812
-780
88
-8
-524
-292
-32
196
-428
-292
16
8
-308
-428
308
-104
-524
-24
-180
-308
-180
196
-72
-556
492
-180
-428
180
-148
0
-292
148
-104
-460
88
-32
-324
-396
104
-40
-132
-276
132
96
-588
-196
-460
-276
-196
-556
-492
-164
-8
-620
-588
-164
-372
-780
-228
-148
-428
-180
-524
-748
180
-16
-924
-228
460
-428
-492
492
112
-620
396
460
-212
460
524
492
556
396
652
1116
428
276
748
876
716
292
716
396
556
988
356
396
812
652
-340
460
748
56
-292
228
844
-324
-32
396
-244
-428
8
132
-164
-460
-460
-72
-228
-260
-8
-276
-324
-524
112
-16
-460
-164
-164
-72
-148
164
-132
-196
260
-72
-120
-120
396
-40
-460
460
556
132
-148
112
396
212
24
460
148
-96
652
24
48
396
308
492
132
324
588
132
24
72
260
40
-340
-64
-96
-556
-292
212
-228
-748
-428
-132
-716
-812
-276
-340
-556
-356
-396
-396
-748
-988
-64
-228
-748
-180
-64
-460
-308
-228
-428
-164
164
-180
64
180
104
244
88
80
180
148
148
324
244
260
684
228
244
292
80
104
276
428
0
276
292
-276
212
492
-340
40
-48
-524
16
-32
-292
-492
48
-428
-924
148
-460
-460
-180
-372
-196
-428
-196
-180
-396
428
-164
-588
-56
-180
112
-8
148
620
88
-104
56
24
924
324
32
876
460
460
40
276
524
260
652
428
260
396
524
164
244
492
748
324
48
620
244
428
780
164
-180
-64
308
-48
-164
228
492
-56
-164
-428
-148
180
-556
72
-88
-164
-340
-356
-228
-556
-356
-588
-428
-260
-196
-684
-492
88
-356
-652
340
-96
-716
460
492
-524
-40
780
80
-120
460
428
164
148
324
492
460
132
228
684
652
244
132
212
244
-112
-40
88
16
276
-244
-924
-244
212
-812
-684
-652
-652
-492
-524
-684
-876
-340
-460
-1052
-684
-120
-844
-716
-260
-524
-492
-396
-428
-460
-260
180
-292
-292
0
-276
-88
104
-120
228
396
0
-196
340
844
-276
96
988
460
180
-48
524
1116
148
196
1308
556
-24
588
556
-120
460
988
40
292
652
-372
-196
556
-112
96
260
212
-180
-148
228
-276
-148
-80
-80
-308
-340
-324
0
96
-428
8
164
212
-8
-196
180
112
40
0
88
228
308
244
396
620
180
228
652
164
-148
428
372
-16
164
428
196
148
72
228
324
164
132
132
48
-104
-372
-340
308
-164
-492
-104
32
-260
-812
-492
-228
-684
-556
-308
-588
-460
56
-164
-876
-64
-132
-588
-180
-396
-324
-80
-180
-308
-24
32
96
-104
-96
0
8
428
0
148
276
260
-96
-48
652
180
196
844
308
-8
372
396
0
324
372
396
120
96
148
112
276
32
196
-48
-396
-132
-48
-620
-112
292
-244
-396
-372
-492
-460
-164
-16
-372
-876
-492
-196
-780
-340
-96
-112
-244
-324
-260
-196
-212
-396
132
292
-180
-212
428
132
-556
620
844
308
-48
228
556
-72
276
524
88
324
620
-48
356
276
32
524
324
112
396
308
-212
-112
228
212
-180
-88
112
-212
-244
-428
-180
-132
-396
-356
-428
-148
-292
-276
40
-428
-80
-132
-396
-212
-132
-428
-356
196
-120
-292
-16
-96
-48
340
-356
196
620
-16
460
56
148
620
276
64
620
988
64
0
460
308
212
780
524
244
716
492
-72
228
716
132
48
556
80
148
524
-80
-356
244
16
-212
180
148
-196
32
0
-460
-244
-196
-340
-524
-244
-180
-292
-460
-460
-48
-492
-748
-148
-88
-148
-112
-48
-164
-148
-356
-308
132
0
0
16
48
8
212
-104
-276
396
132
-64
-8
492
-24
-120
260
-164
40
180
-96
-308
-88
-32
-80
-460
-32
-104
-8
-292
-460
196
-652
-356
-32
-356
-120
-324
-308
-212
0
-292
-492
112
-180
-652
260
-8
-716
112
-80
-132
-308
-104
276
-72
8
-212
428
460
-112
196
180
308
396
-104
8
524
324
148
228
620
372
164
524
396
460
460
228
492
812
164
56
396
428
-72
-244
148
324
196
-212
-180
180
292
-164
-428
0
88
292
-24
-556
-244
-32
-48
-620
-356
212
-16
-56
-212
-104
396
-148
-212
244
0
-16
-148
276
-8
-340
308
0
-16
-132
-148
180
260
8
180
244
180
-96
-88
524
-196
0
292
-88
-244
-164
-96
-460
0
-132
-228
32
-80
-260
-292
-260
-212
164
-196
-492
-356
-180
-524
-372
148
-80
-120
-56
-212
-164
-96
-16
-492
-372
180
-228
-148
260
260
-180
-112
96
-32
-48
164
196
-8
228
164
64
164
-112
-72
164
276
212
260
356
180
-80
56
396
-132
40
428
228
292
120
180
196
-32
-72
180
396
292
104
112
-80
-212
-244
-260
80
56
-308
-112
-196
-228
32
-164
-32
132
-244
-148
260
-460
-396
492
180
-164
24
524
-88
-212
524
340
212
40
340
228
56
196
428
212
120
196
228
276
-180
0
356
120
-196
16
196
-148
64
-120
-396
-64
-16
-292
-356
-104
80
-148
-180
-24
-588
-372
-24
-356
-8
-372
-16
-24
-524
-292
-340
-88
-196
292
180
-684
-356
340
-340
-524
132
88
-324
-372
72
24
148
0
-340
48
120
56
-8
276
356
112
72
244
244
428
196
396
556
244
460
308
132
120
340
324
0
-228
96
212
-196
0
372
-132
-428
-164
196
-228
-428
-104
-228
-356
-716
-356
-32
-132
-372
-244
72
-120
-460
-460
112
148
88
-196
212
276
-148
-64
88
260
180
-16
120
396
8
-260
80
556
72
32
212
32
16
-104
0
180
-180
-292
96
-48
-292
-292
372
120
-620
-8
104
24
-260
-228
72
8
104
-48
-460
-8
0
-212
-228
80
244
-148
0
324
-72
-24
180
-96
132
196
196
-196
120
588
0
-8
372
356
340
-32
32
396
212
56
-104
588
460
8
276
356
588
652
524
372
460
-24
212
428
132
340
460
292
112
228
260
-72
-148
164
-196
-64
32
-292
-196
-148
-308
-460
-340
-56
-588
-652
-292
-308
-292
-460
-460
-372
-460
-652
-492
-132
-260
-260
-212
-524
-588
-588
-308
8
-428
-16
324
-396
-396
48
180
-324
-148
244
-104
-292
-260
-80
276
40
-396
-80
132
-80
-244
-96
196
-228
-308
-164
-324
-16
-180
-120
212
80
-48
-32
-148
-104
180
24
64
120
24
-228
132
180
-196
212
308
-148
-96
228
148
64
104
276
588
164
-72
276
428
340
396
620
244
324
396
292
104
492
844
132
340
652
396
460
460
276
556
524
340
396
112
212
164
132
228
40
-132
-96
-64
64
-48
-396
72
260
-96
-396
48
88
-324
-276
-40
132
56
-196
-132
-24
48
-48
-180
48
112
40
-356
-120
308
-396
-396
-340
-104
148
-96
-80
-96
-164
-196
-244
-492
-396
-164
80
-428
-492
132
-180
-148
-276
-212
148
-244
-196
-396
-260
-88
-372
-148
-276
-228
104
-428
-588
-260
-396
-492
-460
-148
-396
-524
-244
-372
-324
-212
-228
-32
-396
-460
8
-308
-308
-164
-112
96
16
244
132
228
372
40
260
492
104
96
524
164
324
588
556
308
396
716
292
372
428
620
620
212
524
684
396
428
492
372
428
308
212
72
244
524
80
244
372
112
-132
24
340
-32
-148
48
56
-24
-132
-180
-228
-72
212
-104
-180
88
32
0
-276
-292
-48
-164
-340
-180
-72
-228
-48
0
-228
-492
104
40
-428
0
-64
-132
-64
-148
-72
-180
-180
24
-180
-212
-212
-196
-112
-356
148
56
-588
0
48
-196
-228
0
64
-212
-180
-276
-228
0
-396
-292
260
-96
-212
-8
-16
-276
-372
64
120
-96
24
132
120
0
-40
-48
24
72
32
-276
-40
372
64
112
148
104
324
-64
-80
372
244
24
72
56
40
8
64
96
180
180
-24
212
80
196
-8
-164
72
212
-48
-396
-56
-8
-148
-132
-104
-80
-16
-180
-276
0
-120
-228
-196
-88
228
-104
-228
0
-32
-164
-148
132
228
24
-228
180
244
-212
0
32
64
-72
48
180
228
148
-32
292
196
276
104
88
524
460
292
132
428
244
40
340
396
244
276
244
212
88
72
460
88
-112
260
88
-16
-24
32
148
-96
80
104
-104
-212
-276
0
-96
-112
148
132
-48
-132
0
-88
-196
-40
0
0
-16
24
-72
-132
-96
-132
8
48
-88
-8
104
32
-40
-96
-32
-24
-32
-196
-80
164
96
-104
0
24
-148
-8
-32
-40
-120
148
-8
-292
-112
-104
-72
-148
-32
-56
-148
-212
-276
-276
-212
-196
-340
-228
-340
-396
-428
-260
-292
-428
-372
-340
-228
-132
-228
-428
-244
-180
-556
-340
-24
-148
-260
-164
-148
-164
-64
-120
-112
-8
-88
-132
-96
-72
88
72
-40
148
228
196
56
148
340
88
-56
196
324
212
196
244
308
24
180
292
212
260
228
196
180
8
132
196
56
148
164
356
308
148
196
212
132
32
164
372
276
356
460
244
212
164
120
228
308
104
132
372
164
120
212
292
308
148
276
132
132
212
88
148
80
180
180
180
196
32
180
132
40
72
112
64
-16
8
-132
-32
64
-120
-180
-120
-148
-260
-356
-244
-196
-324
-396
-180
-276
-212
-372
-396
-180
-428
-460
-308
-212
-276
-308
-228
-324
-260
-164
-308
-324
-72
-16
-112
-260
-88
96
-196
-164
88
148
-16
64
212
-48
-8
-16
-212
-72
88
244
132
96
120
48
-292
-16
212
-24
228
-40
-16
-24
-228
-104
-104
-104
-64
-196
-40
-56
-396
-276
-32
0
-120
-8
32
-72
-56
64
0
-104
-40
-196
-132
148
112
24
-148
64
196
-228
-244
164
260
-112
-72
212
228
-72
-148
56
260
324
120
244
276
164
64
148
396
324
164
396
492
324
260
148
228
340
196
112
244
276
196
112
120
56
40
-32
-212
-132
8
-48
-164
-104
-148
-212
-88
-148
-196
0
-40
-212
-80
-64
-276
-260
-244
-180
-104
-80
80
-40
0
8
-164
-132
-40
56
40
276
276
96
88
148
132
-56
132
372
132
-112
16
132
-8
-88
80
-48
-40
-72
-56
212
-80
-80
88
24
-112
-228
-16
40
-64
24
48
-48
-56
-132
-356
-32
56
-276
-80
-88
-276
-228
-148
-132
-40
-32
-80
-244
-180
-148
-164
120
-132
-180
80
-32
-292
-80
120
0
-32
196
292
-40
72
132
164
132
32
324
308
0
96
196
-32
96
244
88
96
356
96
-292
64
308
-40
-148
148
24
-396
-148
40
-148
-276
-64
-148
-340
-148
0
80
-228
-164
-56
-260
-260
-228
-8
-8
-112
0
-64
-104
88
-32
-164
8
148
132
-16
88
244
-48
-212
132
180
-40
0
356
120
-148
148
56
-32
104
260
96
32
96
-56
-40
120
64
0
164
148
148
292
0
-56
260
148
-56
132
212
32
-48
32
120
-24
-8
-96
-148
-48
80
-40
-148
-8
-88
-260
-244
-132
0
-32
-148
16
80
-72
-132
64
132
40
64
196
164
96
112
148
228
