SAMPLES:	8642
BITSPERSAMPLE:	16
CHANNELS:	1
SAMPLERATE:	16000
NORMALIZED:	FALSE
-8
0
-56
16
32
-40
16
0
0
8
-16
0
40
16
0
16
24
24
0
0
24
24
0
0
40
32
32
16
32
48
8
32
40
24
40
24
24
32
16
40
16
32
24
8
32
8
8
24
0
48
0
-16
80
0
-8
48
32
8
-8
32
16
0
0
0
16
8
0
-16
16
24
-16
-8
32
0
8
16
-24
32
0
-8
0
-16
24
-32
-24
0
8
0
-32
0
8
-24
-8
16
-24
-16
0
-24
-48
-8
-16
-48
-16
-40
-32
-8
-24
-56
-24
0
-56
-40
0
-56
-48
0
-48
-64
-32
-16
-56
-40
-8
-32
-32
-40
-40
-16
-32
-32
-16
-32
-8
-24
-40
-24
0
-16
-48
24
-32
-8
16
-16
-8
16
32
-48
-8
16
16
0
0
32
40
16
-24
40
40
24
8
32
40
16
32
0
72
40
40
48
8
56
48
8
24
80
32
32
48
32
32
40
16
16
64
24
8
64
24
16
40
24
8
40
64
-32
8
64
8
-16
0
40
-8
-8
-8
8
32
-24
-32
16
0
-32
8
0
-16
0
0
-40
-32
8
-56
-8
0
-40
-24
-8
-8
-32
-8
-32
-32
-48
0
-32
-56
0
-40
-24
-8
-48
0
0
-48
-24
8
-16
-16
-32
0
0
-40
0
-16
-8
8
0
-16
0
-8
0
-24
24
24
-40
24
0
-16
8
0
-24
0
32
-16
-8
32
32
-8
8
24
40
0
0
24
16
8
0
0
0
24
8
8
16
8
16
-8
0
16
0
32
8
0
16
32
-16
0
56
-16
-8
32
24
-24
0
24
24
-24
-24
24
8
-16
-24
16
0
-8
-40
0
16
0
-40
-8
40
-48
-8
-32
0
16
-40
-16
-32
8
0
-72
0
24
8
-64
-32
32
-16
-72
-8
0
-24
16
-56
0
32
-40
-56
0
16
-16
-8
0
8
-24
32
0
-48
48
8
0
8
-8
24
0
8
8
0
64
32
0
32
16
48
24
-24
72
40
0
16
8
72
0
0
64
24
40
16
16
24
8
-8
40
0
0
64
0
0
16
24
-16
8
0
0
8
8
-16
-24
56
-48
-48
56
-16
-48
16
-16
-56
0
-8
-48
0
0
-32
-16
16
-48
-32
32
-56
-40
16
-32
-64
0
-24
-48
0
-24
-32
0
0
-56
-48
0
-8
-40
-40
-32
32
8
-88
0
16
-32
0
-24
0
32
-24
-16
-24
32
-24
-24
16
-16
48
24
-64
24
48
-56
8
24
32
0
0
64
0
24
24
24
16
0
40
32
0
8
48
16
8
24
32
0
24
0
32
32
-8
24
32
24
8
0
64
24
-16
24
32
8
0
8
8
8
0
-16
8
0
0
-8
-16
40
-32
-32
8
0
0
-56
8
24
-72
-16
0
0
-56
-8
0
-40
-16
40
-72
8
48
-72
-16
32
16
-96
24
16
-48
0
-40
-8
32
-16
-56
32
0
-32
-16
32
-24
-56
64
-40
-56
32
0
-48
16
-8
-24
0
32
-32
-48
48
-32
0
8
-8
32
0
0
0
-8
-24
40
0
-48
16
16
8
-24
-16
16
40
0
-48
48
32
-56
32
48
-72
24
48
-40
8
32
16
8
16
0
0
56
8
-56
96
0
-80
120
-48
-16
80
0
-24
24
56
-24
-56
80
32
-64
48
-8
24
16
-32
0
48
-8
-40
16
16
0
-56
0
48
-24
-32
16
8
-16
-16
-16
24
0
-32
16
0
-24
8
-24
-8
-16
-8
16
-24
-48
40
24
-56
0
24
8
-16
8
0
0
8
-24
0
40
-16
24
32
-32
32
32
-24
16
16
40
-48
24
56
-48
32
16
8
64
8
-24
48
-40
-32
24
48
-48
0
132
-80
-56
88
-24
-40
48
-8
-8
0
-8
-8
0
16
-72
0
24
-40
-16
48
-80
-8
8
-112
0
24
-16
-40
32
-32
-72
16
-32
-40
-24
-8
-24
-56
-32
-8
-24
-8
-72
0
32
-112
0
16
-48
-56
8
-8
-48
0
-16
-32
8
-24
-32
8
-24
0
-8
16
0
-56
32
32
-40
8
64
-40
16
40
-40
8
72
0
-48
104
48
-32
80
-8
24
80
8
0
104
56
-16
48
48
64
32
-16
88
80
0
24
88
96
16
-16
104
120
-32
16
88
56
-16
48
8
16
88
-40
48
96
0
-24
0
72
8
-48
8
80
16
-40
-40
88
0
-56
0
16
24
-64
-16
0
0
0
-56
-32
32
-24
-88
-8
8
-64
-64
-8
-32
-24
-64
-72
0
-24
-88
-96
0
16
-132
-48
0
-40
-8
-164
-8
40
-148
-56
-40
-40
-72
-48
-16
-80
-32
16
-64
-48
-16
-72
-8
-16
-72
-16
0
-8
-40
-24
0
0
-24
-24
-8
40
-40
-40
56
24
-8
-16
40
48
0
-8
40
16
8
64
8
8
64
48
16
24
40
72
48
-16
48
80
16
8
24
112
56
-16
32
56
104
-64
32
96
16
56
-8
48
96
24
-96
80
32
56
-8
8
132
-40
0
16
-16
40
48
-72
8
96
-48
-72
48
32
-24
24
-16
32
40
-64
-8
0
32
-24
-32
40
8
-56
0
40
-16
-56
-8
64
-72
-16
0
-32
40
-56
-16
-24
40
0
-56
16
16
-88
-32
0
-56
56
-40
-40
24
0
-24
-24
-16
-8
-16
-48
-16
0
8
-48
-16
16
16
-32
-32
32
-32
-24
-8
0
0
-56
24
40
-80
0
-8
0
40
-56
-16
80
-24
-64
8
56
-24
-64
16
-16
48
-64
-64
104
-8
-32
-32
48
0
-56
16
24
-16
32
-40
-24
32
0
-8
-40
88
0
-56
64
16
-32
0
0
64
0
-88
24
64
0
-80
0
56
48
-72
16
96
-64
48
-16
-48
32
32
-32
-16
0
64
-8
-48
64
-80
24
72
-72
16
32
0
-56
0
16
-16
16
8
-8
40
0
-56
72
40
-56
-24
80
24
-8
8
48
0
0
0
32
16
24
48
-16
48
32
24
0
0
16
40
40
-16
-8
32
40
-32
-32
80
48
-48
24
24
24
24
-56
-40
64
40
-48
0
56
0
-8
-16
-24
40
8
24
-56
-16
48
-32
-32
64
-48
0
64
-40
-40
0
16
-24
40
0
-32
0
-24
0
-8
-40
40
0
24
-64
-32
48
-40
24
-40
-72
-24
-8
0
-80
-72
64
-56
-96
-8
-32
-24
-64
-32
-56
-24
-24
-132
0
0
-120
-8
0
-40
-56
-32
-48
0
32
-64
-64
56
0
-120
16
16
24
-72
0
24
0
-8
-72
48
32
-16
-16
72
24
16
8
64
48
8
-16
0
112
-24
16
32
72
80
-64
56
96
8
56
48
24
48
48
32
-16
96
88
-24
88
64
0
32
56
-56
24
88
-24
0
104
72
-32
32
24
48
0
-16
8
96
-8
-56
72
24
-8
-8
64
0
8
0
-32
32
0
-24
0
16
16
-24
0
16
-16
-8
-16
24
-40
-16
64
-8
-72
-8
32
-32
-80
16
-32
8
-24
-148
48
8
-132
-64
24
-48
0
0
-88
-72
48
-104
-164
64
-32
-112
-48
0
-72
-24
-32
-72
-32
-8
-24
-72
-24
16
-48
-80
32
-16
-48
-32
8
32
-56
-8
32
-32
-16
-40
48
48
-40
32
-16
16
-40
-24
72
0
0
104
-40
0
24
0
48
16
64
16
64
48
16
-8
40
72
24
0
112
32
-40
48
0
72
-8
24
72
80
8
24
48
-16
8
32
72
0
72
16
16
64
-40
24
56
0
-16
48
56
-16
-8
-40
8
0
32
-16
0
64
-120
-8
48
-72
0
64
-64
24
24
-96
0
0
0
-24
16
0
-16
8
-32
-56
-32
72
-8
-56
0
80
0
-104
16
32
-32
-32
24
8
8
8
-16
8
0
24
0
0
16
0
8
-24
8
24
-24
-40
64
8
-32
48
-56
-40
56
-40
-8
24
8
-8
-24
-40
8
-40
-16
0
-40
0
-24
-24
-32
-32
0
-16
-96
24
-72
-40
-24
-96
0
-48
-24
-24
-8
8
-32
-80
-24
-48
-48
-48
-88
0
-24
-24
-56
-40
-8
-16
-32
0
-8
-40
-32
-8
-32
-56
-16
24
24
-24
24
24
-48
-56
0
0
32
-56
40
104
-24
0
40
48
8
24
48
16
40
40
-32
48
72
0
32
72
88
24
24
80
80
0
0
104
72
0
64
132
48
56
40
88
48
24
88
48
72
8
96
104
-24
80
148
8
32
80
48
40
16
24
40
56
48
48
16
64
40
-40
-8
40
48
-40
0
32
-24
-48
24
40
-24
-24
40
-16
-72
-64
-48
-40
-48
-56
-40
0
-40
-72
-96
-72
-24
-96
-120
-8
-40
-132
-72
-48
-48
-88
-72
0
-72
-88
-80
-56
-40
-112
-112
-32
-56
-40
-64
-48
-32
-40
-64
-104
-24
-16
-96
-72
32
-40
-96
-8
32
-32
-64
0
0
-56
-64
8
40
8
-40
24
48
-16
0
0
48
0
0
8
16
40
0
32
88
72
48
64
24
32
24
24
48
24
88
72
48
64
56
64
56
72
88
80
80
40
24
40
48
32
56
88
56
40
32
40
16
0
0
32
56
0
32
48
40
-16
0
64
-8
-24
-8
0
-8
-24
0
32
0
0
16
48
16
-32
-24
-32
-16
-24
-32
32
32
-24
-40
-40
-16
-8
-48
-8
24
0
-48
-56
-8
-40
-80
-8
-16
-32
-32
-48
-80
-64
-40
-64
-16
0
-8
-24
-32
-40
-16
-48
-72
-24
-16
-24
-16
-8
-32
-32
0
-16
8
0
-8
0
-16
-8
24
0
16
32
32
48
32
32
16
0
24
32
24
40
48
40
40
32
16
56
56
32
24
32
16
-16
24
24
0
56
80
48
8
0
16
0
-24
0
16
8
-24
8
8
0
-8
-32
-8
8
0
-80
-64
-48
-132
-148
-64
8
-32
-40
-16
8
-72
-120
-64
-56
-48
-48
-16
-24
-64
-96
-112
-56
-32
-16
-16
8
16
-32
-40
-24
-24
-48
0
56
16
-16
-16
-32
-56
-40
32
72
64
56
56
0
-16
0
32
64
48
88
72
-8
16
16
-16
24
56
80
64
24
8
-16
0
56
88
120
164
132
72
56
56
48
64
96
112
164
132
104
80
64
32
56
132
80
72
64
0
-8
24
56
56
64
80
40
-16
-40
-8
8
0
8
16
0
-40
-64
-16
-16
0
16
56
96
8
-56
-56
-72
-40
-32
-24
16
-72
-132
-120
-88
-64
-72
-16
-24
-104
-148
-164
-164
-164
-112
-56
-40
-132
-148
-132
-164
-120
-64
-8
-32
-96
-148
-180
-180
-148
-80
-24
8
-56
-120
-148
-212
-180
-164
-88
-32
-64
-112
-148
-180
-228
-196
-132
-80
-104
-96
-96
-104
-120
-112
-48
-16
16
8
16
48
48
64
88
132
196
228
244
260
292
308
340
372
396
396
428
428
428
460
492
460
460
492
460
492
492
460
524
588
620
652
588
556
524
524
524
460
428
372
212
72
56
72
56
24
-8
-132
-292
-396
-524
-620
-748
-812
-924
-1052
-1052
-1116
-1244
-1308
-1308
-1308
-1372
-1308
-1308
-1308
-1308
-1308
-1180
-1116
-1052
-988
-924
-844
-716
-620
-524
-396
-292
-260
-180
-48
16
56
132
228
324
356
428
460
524
524
524
524
588
620
588
620
652
620
652
716
748
716
684
780
812
716
652
652
620
524
372
460
652
1372
1980
2748
3260
3260
3516
3004
2492
1980
2108
3260
4092
4348
3644
2620
1628
748
428
748
1372
1244
260
-1180
-2748
-3900
-4348
-3900
-3132
-3004
-3644
-4348
-5372
-6140
-6652
-6396
-5372
-4604
-3900
-3388
-3004
-3004
-3260
-3260
-2492
-1372
-372
356
492
80
372
2492
3772
3004
1628
1372
2364
2364
2364
3004
3260
1692
-652
-1116
48
1052
780
588
716
-276
-2236
-3260
-1980
-492
-524
-1116
-492
-260
-1500
-2236
-1244
-32
-260
-460
652
1628
748
-340
212
1244
1564
1628
1820
1372
-228
-1372
-876
212
524
-64
-396
-460
-620
-716
-588
-260
-492
-652
-292
428
1436
1980
2748
3772
5116
5628
4860
3772
2748
3772
5628
7420
7932
6396
4348
2748
2492
3132
4092
4604
3772
1692
-812
-2492
-3004
-2876
-2492
-2492
-3132
-4348
-5628
-6652
-7420
-7932
-7676
-6908
-6140
-5628
-5116
-5372
-5884
-5628
-4860
-3260
-1692
-924
-1116
-1628
-1884
-1244
56
1820
3004
4604
5116
4092
2876
1116
1884
1980
2876
3644
3516
2620
88
-1308
-1436
-104
556
924
588
-780
-2748
-4348
-3772
-2108
-492
-396
-524
-1052
-2108
-2876
-2236
-588
324
308
276
492
180
-428
0
1180
1980
1980
1372
492
-844
-1980
-1980
-620
556
524
-276
-988
-1308
-1116
-524
524
924
748
276
228
844
1692
3004
4860
6652
6652
5116
2876
2492
4348
6652
8316
8828
7676
5628
3516
2748
3772
5628
6396
5372
2748
-460
-2748
-3132
-1756
-652
-1180
-3004
-4860
-6396
-7676
-7932
-7676
-7420
-7164
-7164
-6652
-6396
-6396
-6652
-6396
-5372
-3644
-2108
-1372
-1884
-2876
-3132
-1884
244
2364
3132
3004
2492
2748
3900
4092
4348
3260
3004
2236
1180
1436
1564
1692
340
-876
-1628
-1628
-1980
-2364
-2108
-2364
-2876
-3772
-3772
-3132
-2492
-2492
-2236
-1564
-1628
-1884
-1756
-716
-292
-460
40
1244
2108
1980
1820
1980
1756
1372
1756
2236
1884
812
212
460
716
924
1244
1244
988
684
684
988
1308
1436
1756
2108
2492
3260
4348
5628
5884
5116
3644
3388
4604
6396
7420
7164
6652
5628
4348
3516
4092
5116
5116
3772
1628
-460
-2108
-2620
-1980
-1180
-1980
-3900
-5884
-6652
-7420
-7676
-7420
-6908
-7164
-7932
-7932
-7420
-6652
-6396
-5884
-5116
-4348
-3644
-3132
-2620
-2364
-2108
-1180
372
1564
2108
2108
2364
2364
3388
4860
5116
4860
3260
2492
1628
1308
1980
3004
2876
652
-1308
-2236
-1820
-1500
-844
-180
-988
-2876
-4604
-4092
-2492
-1372
-1116
-988
-1308
-2492
-2620
-1372
260
428
-40
324
1052
988
748
1116
1692
1436
1308
1756
1692
620
-620
-460
396
748
876
812
212
-780
-988
-132
1116
1564
1308
988
1052
2108
3900
5884
5884
4348
2620
2108
3900
6396
7932
7932
6652
5116
3644
3644
4860
6652
6652
4860
1820
-492
-1436
-924
460
988
-428
-3132
-5372
-6396
-6396
-5884
-5628
-5884
-6908
-7932
-8316
-7420
-6652
-6140
-5884
-5372
-5116
-4860
-4348
-4092
-3772
-3132
-1884
-396
492
524
372
460
988
1980
3132
4860
5628
4348
2364
924
1372
2492
3260
3772
3260
1436
-1244
-2364
-1372
652
1500
1052
-340
-2364
-3900
-3772
-1820
372
780
-652
-1980
-2492
-2236
-1308
40
1180
924
-276
-812
-324
104
308
988
1564
1372
652
132
-88
-492
-748
-228
716
748
132
-492
-924
-876
-340
492
1372
1244
524
228
684
1756
3260
4604
4860
4092
2236
1820
3132
4860
6396
6140
5628
4604
3772
3388
4092
5116
5372
4604
3004
1180
-212
-524
212
1052
748
-684
-2748
-4348
-5116
-5116
-4348
-3772
-4092
-5372
-6652
-6908
-6140
-5116
-4348
-4092
-4348
-4604
-4860
-4604
-3900
-3260
-2364
-1628
-1116
-924
-716
-340
652
1308
2236
2492
2364
1980
988
1116
1500
2492
2876
2492
1564
196
-396
-356
620
1116
812
-428
-1820
-2364
-1980
-988
-260
-96
-876
-1692
-2108
-1756
-812
-88
64
-228
-492
-396
-16
524
1052
1116
876
716
812
748
588
492
492
524
524
684
716
396
196
260
460
588
620
620
428
340
684
1628
2492
3004
3260
3132
2620
2364
2620
3388
4348
4860
4860
4348
4092
3772
3900
4348
4860
4604
3772
2620
1436
652
588
1116
1372
988
-340
-1980
-3004
-3388
-3132
-2876
-3132
-3900
-4860
-5628
-5628
-5116
-4348
-4092
-4092
-4860
-5116
-5372
-4860
-4092
-3516
-3260
-3004
-3004
-2748
-2364
-1884
-1180
-588
-276
-112
-180
-428
-588
-372
588
1244
1436
1244
844
588
260
652
1116
1244
988
556
148
-148
-56
244
620
684
748
588
308
292
428
876
1180
1244
1180
924
716
620
780
924
1052
924
684
460
308
428
492
492
428
164
-112
-260
-132
148
292
212
-8
0
132
308
556
876
924
844
924
1180
1564
1820
1980
1980
1980
2108
2492
2876
3004
2876
2620
2492
2492
2620
2748
2876
2876
2748
2364
1756
1436
1372
1500
1436
1052
396
-460
-924
-1116
-1052
-1052
-1244
-1756
-2492
-3004
-3132
-2876
-2748
-2748
-3004
-3388
-3516
-3516
-3388
-3132
-2876
-3132
-3260
-3260
-3132
-2876
-2748
-2492
-2364
-2364
-2364
-1980
-1692
-1564
-1436
-1308
-1116
-844
-492
-292
-228
0
148
356
588
844
1052
1180
1180
1244
1372
1564
1692
1756
1756
1884
1884
1820
1820
1756
1628
1436
1436
1372
1180
844
556
396
244
96
64
40
-112
-356
-492
-524
-620
-716
-684
-684
-748
-780
-620
-460
-308
-212
-164
-104
-96
40
308
556
780
876
924
1052
1180
1372
1628
1820
1980
1884
1820
1884
1980
2108
2108
2364
2364
2236
2108
2108
2108
1980
1756
1628
1436
1116
844
588
372
212
-48
-308
-556
-780
-1052
-1308
-1500
-1756
-2108
-2236
-2364
-2492
-2748
-2876
-2876
-3004
-3004
-3132
-3132
-3388
-3516
-3388
-3132
-2876
-2748
-2748
-2620
-2492
-2236
-1756
-1372
-1244
-1244
-1180
-1052
-716
-340
-56
212
396
524
716
1052
1372
1500
1564
1692
1628
1692
1820
2108
2236
2236
2108
1980
1980
1980
1980
1820
1756
1628
1436
1436
1308
1180
924
780
684
524
524
460
308
120
-8
-120
-164
-120
-80
-64
-164
-148
-196
-292
-292
-260
-228
-196
24
148
88
40
80
180
308
524
684
748
748
812
988
1116
1244
1308
1308
1308
1180
1180
1244
1180
1052
924
812
588
492
340
164
-80
-492
-748
-876
-1052
-1308
-1564
-1756
-1884
-1884
-2108
-2108
-2364
-2620
-2748
-2876
-2748
-2748
-2748
-2620
-2620
-2492
-2492
-2236
-1884
-1692
-1564
-1500
-1308
-1180
-988
-812
-492
-260
-148
8
212
428
588
780
1052
1116
1180
1244
1308
1308
1436
1628
1756
1756
1628
1564
1500
1500
1564
1692
1628
1564
1436
1308
1308
1244
1180
1116
1116
924
716
492
260
132
104
80
88
0
-228
-356
-356
-356
-324
-276
-396
-588
-652
-620
-492
-340
-196
-196
-372
-372
-228
-16
164
396
524
492
524
684
924
1116
1244
1372
1372
1372
1308
1308
1308
1308
1116
1052
988
924
780
620
524
308
40
-132
-292
-460
-684
-924
-1116
-1308
-1372
-1436
-1564
-1692
-1884
-2108
-2108
-1980
-1980
-1980
-2108
-2108
-2108
-1980
-1756
-1564
-1372
-1308
-1244
-1180
-988
-780
-620
-396
-228
-24
-8
16
48
196
428
556
652
652
652
556
620
716
748
748
684
684
780
844
876
924
988
924
844
844
924
924
876
844
812
684
556
524
428
244
148
164
64
-88
-260
-372
-460
-460
-308
-292
-356
-428
-620
-748
-684
-652
-556
-524
-556
-620
-620
-460
-308
-112
48
212
356
460
620
812
988
1052
1116
1180
1308
1308
1308
1372
1436
1372
1244
1180
1180
1052
924
844
748
620
372
228
56
-148
-324
-524
-684
-876
-1116
-1244
-1372
-1372
-1500
-1564
-1692
-1692
-1692
-1564
-1308
-1244
-1244
-1308
-1244
-988
-812
-620
-428
-372
-356
-340
-120
132
244
324
460
492
556
684
844
876
716
556
588
684
716
716
684
620
492
492
684
748
716
524
460
428
460
556
652
652
524
396
340
356
340
212
72
16
-64
-180
-180
-196
-356
-524
-620
-588
-684
-924
-1052
-1116
-1180
-1308
-1308
-1244
-1180
-1116
-1052
-876
-812
-716
-684
-588
-460
-260
-88
32
164
308
428
588
780
844
844
988
1052
1052
1116
1180
1244
1180
1116
1052
924
716
652
588
460
292
132
0
-132
-292
-492
-588
-684
-748
-844
-988
-1052
-1052
-1116
-1052
-924
-924
-876
-844
-780
-684
-652
-492
-276
-148
-80
88
212
260
356
428
620
684
652
684
716
684
620
620
684
716
716
652
556
492
460
492
588
588
492
396
396
460
524
588
524
460
372
260
260
340
356
340
324
196
80
-80
-132
-112
-132
-244
-292
-372
-620
-716
-716
-716
-748
-812
-780
-876
-988
-988
-988
-924
-844
-780
-684
-588
-428
-428
-396
-292
-148
-16
132
244
180
48
132
340
524
684
748
684
652
588
620
684
652
588
460
396
324
244
180
148
80
-64
-164
-212
-308
-460
-524
-396
-340
-396
-428
-460
-524
-588
-524
-396
-340
-356
-292
-244
-260
-196
-104
64
196
260
164
32
-16
0
180
372
460
396
228
48
56
132
164
212
196
48
-64
-104
0
72
88
196
164
112
132
132
164
164
164
212
228
276
244
180
148
80
56
164
260
292
196
56
-56
-112
-48
0
8
-104
-292
-428
-428
-292
-292
-308
-340
-460
-524
-396
-180
-64
-132
-212
-260
-292
-292
-132
56
120
104
164
260
292
324
372
428
460
428
460
492
492
372
212
180
180
260
244
180
96
-88
-212
-244
-260
-292
-396
-372
-372
-428
-460
-460
-372
-356
-396
-396
-324
-308
-308
-276
-180
-132
-180
-132
-96
-24
56
164
292
228
132
164
260
324
292
180
56
-48
-148
-48
96
180
132
64
64
96
132
164
276
292
308
324
396
428
428
428
460
556
620
652
620
556
396
276
276
324
324
196
88
-56
-120
-148
-164
-180
-308
-428
-460
-460
-460
-492
-524
-524
-588
-556
-492
-492
-492
-492
-492
-428
-356
-260
-148
-88
-48
-48
-72
-32
8
48
104
96
104
132
132
104
40
8
0
-48
-72
-112
-164
-148
-148
-180
-180
-228
-308
-324
-244
-196
-164
-120
-132
-96
-56
0
64
104
148
132
72
48
64
0
32
164
180
228
164
96
132
112
96
148
164
120
24
-56
-64
-112
-80
-48
0
-16
-88
-56
40
180
196
196
260
244
228
260
308
428
396
396
460
492
428
396
396
396
396
372
356
308
180
88
96
164
148
56
-48
-132
-228
-148
-40
-32
-72
-228
-260
-196
-164
-80
24
0
-16
-32
-48
-72
-80
-88
-80
-112
-120
-132
-180
-228
-292
-244
-260
-196
-164
-260
-292
-324
-292
-292
-244
-180
-196
-212
-180
-96
-56
-72
-16
72
80
40
96
180
228
260
308
356
340
244
196
164
164
132
104
48
-48
-212
-292
-228
-164
-180
-244
-260
-308
-308
-276
-212
-244
-356
-340
-372
-260
-180
-212
-244
-292
-292
-260
-104
-16
0
-72
-132
-80
-8
48
88
132
104
88
180
228
244
244
212
212
196
244
276
244
228
112
180
260
308
308
292
244
164
244
340
396
396
324
244
196
132
132
148
132
132
120
80
-8
-112
-148
-164
-212
-212
-228
-396
-460
-460
-428
-324
-196
-180
-212
-260
-308
-308
-308
-212
-132
-88
-8
64
40
16
80
180
244
292
356
308
196
196
228
292
372
372
340
276
196
228
276
212
164
112
88
80
96
72
-40
-148
-164
-164
-148
-132
-148
-228
-308
-244
-212
-276
-276
-276
-292
-308
-292
-276
-244
-292
-308
-228
-260
-324
-308
-196
-148
-180
-180
-212
-148
-56
0
32
16
-72
-80
-24
40
16
-40
-72
-48
-32
8
120
148
104
48
48
104
212
276
308
260
244
244
324
340
356
356
260
228
260
276
260
228
164
104
72
132
120
72
48
72
-40
-164
-180
-120
-40
32
32
32
8
24
120
180
228
196
148
120
104
104
56
120
180
180
260
292
324
292
276
276
180
148
148
120
96
64
32
16
-8
-16
-16
-96
-212
-308
-340
-292
-260
-148
-260
112
-132
-492
-396
-780
-716
-988
-812
-620
-180
148
120
196
-8
-180
-460
-396
-524
-372
-460
-492
-356
-324
-132
-324
-196
-340
-460
-396
-396
-356
-396
-324
-356
-260
-244
-180
-64
-80
-148
-112
-148
40
396
228
308
88
-48
-32
-104
104
244
716
748
748
716
652
460
340
372
324
396
340
588
652
716
588
356
276
0
24
148
292
276
276
340
292
324
396
556
620
492
428
396
212
8
96
164
276
356
492
620
588
524
620
684
556
428
228
8
-164
-260
-196
-112
-132
-164
-244
-356
-492
-492
-428
-428
-492
-524
-556
-524
-524
-428
-396
-396
-492
-556
-556
-492
-460
-428
-260
-276
-324
-396
-356
-356
-372
-356
-396
-324
-428
-396
-372
-396
-492
-556
-492
-492
-460
-460
-492
-524
-620
-588
-492
-396
-244
-196
-196
-112
-112
-112
-16
56
96
96
120
164
196
308
460
556
620
588
524
492
460
428
340
324
356
396
372
428
428
396
372
228
196
132
48
56
148
148
196
324
340
292
276
260
308
340
396
460
356
212
196
260
308
308
324
260
292
492
428
492
524
308
88
-24
-72
-112
-48
-196
-276
-276
-276
-212
-276
-212
-148
-64
-48
-24
32
0
-80
-148
-164
-48
-96
-164
-24
-32
112
48
-24
-16
-72
-64
-196
-180
-212
-260
-460
-524
-396
-396
-428
-356
-372
-556
-684
-716
-684
-684
-588
-588
-492
-460
-524
-428
-356
-212
-196
-196
-64
64
180
340
48
180
180
260
396
340
396
492
620
460
492
428
292
372
244
244
524
396
148
180
148
244
276
396
324
16
-56
-132
24
260
324
276
372
276
148
180
324
260
276
260
-8
212
212
-64
0
212
324
120
260
356
-64
24
32
-372
-164
-80
-460
-372
-428
-340
-228
-556
-460
-588
-396
-524
-556
-244
-396
-112
-212
-132
-8
-88
-180
132
0
-88
24
-132
-56
-104
-32
-196
48
180
-180
-260
-324
-308
-148
-260
-292
-112
-132
-260
-260
-372
-492
-396
-292
-588
-620
-96
-292
-356
0
180
96
132
372
372
180
32
-40
260
812
620
524
652
524
324
524
492
524
924
308
292
588
460
292
356
244
-24
96
228
112
-96
112
276
-120
-16
-24
-32
148
-88
-196
-96
56
-164
-72
-32
-32
-244
-48
244
72
-324
88
228
-164
292
148
0
40
-244
-132
-132
0
-228
-524
64
-340
-556
132
-396
-260
-96
-276
-212
-276
-96
-180
-48
196
80
-104
88
-132
-32
396
340
56
104
428
196
-40
460
132
-48
260
-164
-260
72
460
148
-40
180
-112
-196
-292
-372
-588
-64
-112
-460
-292
56
-8
-716
-276
-372
-260
-64
-180
-132
396
196
-428
148
428
-112
-72
428
276
228
292
396
80
196
356
-276
32
428
-24
308
524
-72
32
652
72
-212
292
244
-164
-8
-16
-244
340
-16
-260
196
56
-132
-292
-112
-120
-428
260
16
-356
460
48
-340
24
-212
-132
212
-276
-228
-164
-372
-428
-228
64
-652
-196
-396
-588
0
-652
-556
-212
-396
-492
-260
112
24
-396
80
-196
-228
372
228
492
164
64
396
112
164
196
652
716
292
356
524
492
212
-8
244
492
88
324
212
-340
292
-164
-780
-148
32
-120
-244
-48
-40
-40
-228
-276
-96
-372
-16
148
8
340
96
-180
80
-276
-40
684
48
260
396
428
428
72
260
8
212
460
72
132
652
0
-292
340
228
-180
24
276
-428
104
492
-396
196
308
-492
-356
104
-8
-356
372
16
-396
324
-8
-308
-356
48
-32
-372
-104
228
-196
-228
-260
-524
-8
-196
-428
-308
-164
-180
-780
-212
340
-460
-460
-120
-276
-132
-104
164
-180
-96
292
-428
8
372
-164
228
492
-40
104
276
588
8
-64
524
32
132
104
64
292
356
-80
-88
196
-324
-396
-716
-164
16
-556
-196
-164
-244
-460
-620
-428
0
-164
-196
-276
132
96
-292
180
292
-80
292
276
164
460
396
164
324
524
396
460
396
324
492
396
244
684
652
164
356
716
524
32
652
460
88
588
88
260
556
24
132
48
244
80
-276
-8
-132
0
120
-308
-244
-40
-620
-716
-492
-340
-292
-588
-620
-428
-556
-492
-588
-988
-324
-556
-1052
-308
-292
-396
-112
-72
-524
-148
0
-428
-196
324
180
88
588
556
72
-24
292
-32
32
292
-8
-64
372
428
132
492
212
-244
-24
-56
-460
-64
396
148
-428
-32
-8
-1052
80
-340
-780
-72
-164
-324
-132
308
-460
-24
276
-428
-524
276
-8
-292
428
0
372
164
-164
196
372
-244
-244
1052
228
460
324
292
588
292
132
132
924
844
292
460
1052
684
56
556
620
132
588
132
276
924
-132
-40
428
132
-396
-260
-96
-620
24
80
-492
-260
-32
-588
-292
-460
-556
-324
-924
-876
-588
-620
-308
-104
-460
-244
-588
-276
-64
-716
-132
428
-260
148
340
-308
40
104
-372
-148
396
428
-180
96
556
88
-180
260
180
88
40
-260
48
396
212
-620
244
524
-524
56
104
-196
-64
-112
180
-132
56
356
-356
-148
276
-652
-56
244
-8
8
24
292
-148
132
356
-292
164
652
-460
196
652
16
-244
212
556
-244
164
524
0
372
396
-244
460
780
-120
148
812
148
-228
780
88
-324
812
104
-132
524
-196
-196
104
-104
-588
40
164
-340
-212
-164
-164
-492
-260
-620
-684
-16
-308
-1052
-212
-56
-684
-556
-460
-396
-260
-196
-356
132
8
-260
-24
340
-276
-40
292
-324
428
-112
-460
492
196
-396
356
-24
-8
24
16
132
-56
196
-40
-260
-72
-132
-524
-132
-88
-260
-180
-164
16
-292
-324
-112
-196
104
-96
-276
88
180
64
-276
276
228
-276
148
556
0
276
652
-228
372
72
112
356
492
244
56
588
556
-112
396
620
196
460
260
812
212
340
556
180
748
196
180
716
428
-88
428
356
132
428
196
132
324
56
-460
292
132
-276
-56
-80
-212
0
-556
-276
-292
-588
-196
-588
-396
-244
-460
-684
-428
-164
-812
-260
0
-324
-196
-164
-324
-260
-8
-164
132
-56
64
196
-132
228
276
-148
132
104
-228
356
104
-308
340
164
-88
180
32
-88
-104
-148
-396
-324
64
-244
-308
-292
-120
-396
-876
-132
-112
-396
-340
-228
-372
-120
-32
-356
-32
132
-96
-524
340
32
-396
356
212
-56
88
492
-428
-112
588
-32
0
844
244
-24
620
260
-56
652
588
-48
876
588
-8
492
260
212
716
260
104
492
428
32
-64
588
-196
96
228
-276
372
8
-80
96
-164
-428
-260
-64
-652
-492
88
-228
-196
-356
-428
-260
-260
-524
-396
0
-120
-556
96
-524
-428
-32
-556
196
132
-40
-56
396
-32
-396
396
620
48
24
492
-16
556
-40
244
812
260
-72
260
524
-428
196
276
-112
64
292
-212
-180
120
-652
72
-96
-340
88
-244
-48
-460
-308
-460
80
56
-748
40
228
-460
-396
244
-196
-72
244
-292
-212
428
-132
-588
428
120
-228
492
132
-276
556
524
-492
460
716
-196
340
396
372
0
292
396
-32
524
148
24
460
228
-132
244
112
-132
-88
-196
196
72
-120
72
-244
-132
-56
-492
-324
-132
-260
-524
-372
-228
-324
-620
-276
-104
-748
64
-8
-620
-276
-120
-148
-620
-340
308
-324
-244
48
-260
308
72
-196
588
112
-72
48
244
428
-112
244
716
-120
64
460
196
244
164
228
396
292
16
524
396
-72
148
-32
80
428
-308
-132
492
-64
-684
228
396
-340
-196
492
-72
-276
148
-132
-164
40
-48
-396
24
16
-588
148
196
-492
164
276
-8
-260
276
-80
-16
684
-228
112
396
104
40
164
652
80
196
308
40
8
48
88
396
96
120
-196
-112
324
-228
80
132
180
180
-212
-132
0
24
-260
-196
-80
48
-132
-292
-104
80
-292
-396
64
-164
-340
-324
-16
-492
-148
180
-812
24
112
-492
-372
-260
0
-428
-64
-148
-524
-120
-24
-588
80
24
-276
356
-396
72
340
24
260
-228
24
-16
-132
228
132
228
120
16
-132
0
-72
32
0
-120
104
80
180
-196
180
132
40
-48
-48
340
-16
-180
-40
-24
-40
148
8
48
64
-72
0
96
104
276
428
164
32
244
104
-96
244
164
132
260
96
260
228
324
324
-164
132
524
-88
0
492
-32
196
228
-196
32
396
-48
-428
492
-40
-356
588
-260
-196
340
-492
-196
260
-148
-428
64
396
-340
-340
164
-40
-180
-276
-260
24
40
-260
-492
164
40
-524
-40
-48
-8
-324
-324
228
-72
-260
104
-196
-104
40
-340
-16
356
164
-428
212
308
-164
-24
228
148
32
148
72
-292
244
260
-396
-276
356
80
-460
120
132
148
-104
-260
0
276
-8
-428
16
244
8
-716
260
132
-460
-88
-164
32
-120
-132
-120
80
-64
-460
48
396
-292
-276
260
32
-396
180
32
-180
372
112
-460
260
460
-588
244
524
-196
308
524
-132
56
876
-148
-64
988
32
-104
652
132
244
324
-180
324
428
-96
112
340
40
72
-24
-16
56
212
-8
-324
112
56
-396
96
132
-428
260
-32
-556
148
-24
-396
-292
132
-260
-652
356
-372
-324
228
-524
-132
80
-356
-40
-228
-340
-64
-148
148
-460
-64
524
-556
-148
372
228
-112
-48
324
-196
308
292
-340
324
460
-372
0
428
64
-80
260
80
-292
148
32
-120
-120
324
148
-396
72
340
-196
-260
-32
-148
260
148
-588
72
556
-460
-556
396
340
-292
-72
340
-24
-88
40
-340
340
356
-556
164
340
-24
-148
396
396
-396
164
104
-260
112
16
56
80
-196
-356
-228
292
-164
-292
228
324
-292
-212
-148
148
96
-132
56
-196
324
-260
-588
228
148
-196
-104
-104
396
-132
-524
324
-372
-80
40
-556
-48
88
-308
-308
16
-80
-340
-372
292
-396
-132
132
-356
228
80
-48
0
72
492
24
-72
684
428
-72
460
492
80
372
460
40
460
308
104
460
340
-180
308
492
-24
-64
0
428
-292
-24
132
-212
180
132
-292
-16
308
-104
-308
-48
40
-88
148
-196
-356
396
-96
-324
56
196
48
-244
-56
88
-196
260
-132
-180
428
-148
-340
132
-132
-120
-8
72
-308
-356
212
-88
-212
64
32
-164
-88
120
56
-64
556
-196
-132
372
-8
148
56
148
112
-196
164
-56
-492
428
-72
-556
132
-148
-196
-244
-148
-428
-132
-72
-780
-244
180
-492
-396
-24
-276
-324
-228
-148
-428
-212
-164
-260
-228
16
164
-396
244
324
-428
212
556
-428
112
324
-212
56
260
164
40
460
292
72
244
428
24
-88
428
196
-196
524
324
-164
212
396
276
-16
180
356
196
32
40
164
356
212
-120
72
372
260
-492
276
372
-88
40
-120
-8
428
96
-32
212
228
228
-96
-180
-48
396
-212
-340
180
180
-104
16
132
32
132
72
8
-48
244
104
-372
180
48
-112
-16
-132
-96
-40
-148
-428
-56
-120
-196
-48
-56
88
-588
-24
-80
-780
-88
120
-492
-396
-180
-340
-372
-340
-56
-460
56
-180
-924
308
0
-748
196
-32
-276
-372
112
48
-396
292
32
-72
460
-212
-356
556
96
-148
244
620
-148
-132
1052
-340
-148
652
164
-72
96
196
276
260
16
16
212
652
-396
-32
652
148
-196
180
180
-356
72
-196
-120
32
16
-196
-88
-48
-196
-88
0
-16
-340
260
-164
-148
-88
-88
-356
16
356
-460
260
212
-244
72
180
0
-48
260
148
-148
228
-16
-148
588
40
-428
620
340
24
48
244
428
164
112
-48
292
324
-32
0
244
228
-180
-32
148
48
80
16
48
164
-372
-120
96
-324
-40
-40
-64
-308
-104
-148
-396
-148
-148
-396
-148
-244
-308
0
-292
-228
-88
-196
-292
-48
-64
0
96
-164
24
80
-40
-88
104
292
180
-148
148
212
-72
120
56
340
276
-24
24
324
340
-308
228
428
72
164
88
0
212
64
-276
164
276
-88
-212
196
196
-32
-148
-164
180
-96
-212
-148
-64
148
-524
-292
212
-64
-80
-24
-56
112
-164
-164
-228
96
164
-428
24
324
-292
-164
56
32
-180
48
228
-112
24
-80
-8
276
16
-48
228
164
-180
88
-80
-180
48
16
104
104
-24
-104
356
120
-276
-24
112
-104
-212
-132
180
-72
8
-148
-276
64
-88
-356
64
340
-212
-48
180
-40
-72
-148
-308
212
-80
-372
16
-180
-80
-292
-228
228
8
-212
56
372
-148
-148
132
72
56
72
0
164
244
-80
0
460
228
-164
620
212
-72
396
-196
148
460
-120
-96
428
120
-428
-120
460
-244
-64
132
-492
148
-132
-460
0
196
-8
-276
180
-96
-396
72
8
-180
64
196
-96
-112
212
-180
-24
112
-260
196
340
-80
56
212
16
-64
-88
196
292
56
96
32
180
292
-32
0
260
148
-212
340
132
180
460
-56
148
244
96
-56
-32
72
24
40
8
0
-104
32
-324
-180
-32
-40
-228
-148
-96
-524
-48
-88
-460
-260
-260
-588
-356
-104
-340
-260
-180
-196
-324
-308
-180
-8
-80
-16
-72
56
396
-196
-88
372
196
-104
-48
276
164
-40
0
212
492
-24
-292
180
180
-260
-8
212
120
64
-260
-56
212
-16
-148
-164
-40
120
-292
24
308
-8
56
-88
-88
72
372
-196
-64
212
-64
292
-212
-104
260
16
-80
0
112
244
-8
-244
164
340
132
-64
120
244
244
0
16
492
492
196
0
196
372
164
148
132
228
260
8
-8
228
276
-64
-64
132
-120
112
56
-244
-148
-8
-164
-228
-212
-148
-260
-228
-276
-340
-64
-196
-32
-88
-308
-16
0
-244
-372
80
164
-372
-260
16
-212
40
-212
-56
492
-48
-132
-48
372
24
-112
308
276
0
16
-16
-56
180
-64
-148
132
-8
-212
164
228
-340
-80
212
-164
-180
164
32
-132
-32
-292
-148
276
-196
-556
0
244
-428
-276
180
-228
-196
-96
-244
-88
-80
-196
-64
64
-120
-48
132
-104
-196
16
132
-104
88
104
132
32
-16
164
196
228
112
120
460
244
48
308
260
56
-8
260
428
260
164
308
48
72
64
132
64
88
104
-56
260
-40
-132
-24
196
-180
-372
196
80
-244
-164
0
-164
-24
-228
-132
-212
-164
-88
-292
16
-292
-148
-96
-324
-88
-24
-32
112
-212
-228
64
48
-32
-32
228
-212
-24
88
-308
16
196
-8
-212
40
56
-80
32
-32
16
148
-8
-112
132
148
16
-132
428
164
-308
292
88
-132
132
-64
180
196
-180
-8
88
8
-132
40
80
212
164
-180
132
292
-212
-40
164
-40
-180
48
132
72
72
132
16
72
16
-292
-40
356
-8
-112
212
324
-112
0
132
-24
120
244
56
-88
372
196
-164
96
112
-64
-48
0
32
-148
-88
0
56
72
16
-96
260
180
-260
-8
212
-212
-308
-40
-96
-112
-148
-148
-104
-16
-132
-196
-40
120
-104
-180
-72
-260
-292
-260
-132
-148
40
48
-180
-88
-32
-292
-164
132
-148
0
56
80
32
-40
148
-112
-72
112
228
40
40
196
-16
104
-80
-16
0
260
48
-228
260
120
40
-16
-40
164
32
-308
-48
180
-148
-64
-112
180
80
-164
0
132
80
-148
132
196
80
48
32
24
56
0
-16
-40
48
180
-72
8
196
-16
-180
244
196
-112
64
16
40
-112
-260
16
164
-148
-260
-164
120
-8
-460
212
308
-112
0
164
164
-40
-72
-16
260
-40
-308
88
244
-228
-148
16
64
212
-56
24
0
48
-96
-104
180
-64
-196
196
0
-132
56
0
-72
-8
-104
-196
196
88
-120
48
24
80
120
-164
40
228
64
-40
32
148
0
-24
-64
120
-40
-56
-80
-120
-120
-132
-64
-132
72
-72
-164
-148
-48
-56
-276
-80
80
-56
-96
40
-112
-40
64
-112
0
64
148
104
-88
24
-40
40
228
72
24
244
148
-148
56
72
-32
0
120
-196
148
228
-196
0
132
-104
-120
88
8
-120
32
40
-148
0
-16
132
260
8
-16
164
212
-56
-88
196
-80
-16
228
-8
48
64
0
-56
-48
72
64
-104
-72
-88
64
-104
-276
24
-40
-32
-112
16
104
-48
-148
48
104
-180
24
64
8
96
112
164
196
112
-8
24
180
196
-24
56
260
164
120
8
132
88
-32
24
-80
-40
-48
-120
-8
180
-132
-132
-8
-24
-120
-292
-88
8
-72
8
-24
-132
0
-88
-292
-64
48
-132
0
24
-80
8
16
-148
-40
0
-32
-132
-32
-24
-244
-196
-112
0
-48
-104
-132
-40
-132
-120
-120
-104
24
-64
40
-112
64
64
-148
16
16
96
-16
80
260
88
40
-40
0
196
64
80
212
244
32
48
64
40
56
-64
-32
24
16
-16
-32
96
64
-132
32
24
-64
-72
-16
64
96
104
88
8
132
-8
-112
56
-16
132
148
96
164
180
56
-8
88
88
-40
180
180
-104
132
48
-8
-64
-80
-148
24
72
-164
64
196
64
-120
148
-72
-104
180
-32
-48
40
48
-64
-48
88
-16
72
132
-40
88
112
-8
-32
0
8
-72
-72
-64
-180
24
-72
-212
24
-72
-88
-180
-148
-96
-148
-180
-164
-56
-120
-164
-112
-56
-148
16
-120
-56
0
-212
-16
-8
-24
-8
-72
-24
56
-104
-96
-8
16
-132
-112
96
-48
-132
-48
-120
-228
-64
-96
-148
-24
-148
-32
-48
-148
-180
-64
0
-88
8
96
16
80
212
80
24
80
180
164
24
228
340
244
164
180
356
212
-8
132
276
164
88
120
196
24
64
212
132
196
104
88
180
0
-64
32
0
64
16
64
164
72
88
96
164
148
148
148
88
64
-32
-48
64
48
-56
-40
-32
-40
-64
-56
-148
-80
-32
-292
-260
-132
-164
-260
-244
-180
-148
-112
-180
-292
-120
-40
-164
-112
-56
8
-112
-180
-56
80
48
-32
-32
-40
-16
-96
0
96
16
-16
-16
96
-96
-132
8
-132
-72
32
-164
-164
-56
-132
-104
56
132
-8
32
48
-56
-64
8
64
164
104
48
228
40
24
180
212
180
132
212
180
0
180
228
-72
40
120
132
112
48
104
180
40
8
212
112
-96
-72
-64
-48
-32
8
104
24
-72
0
-8
-64
-32
-48
40
8
-8
-88
-132
-132
-40
-180
-164
24
-132
-104
32
-16
-88
-148
-212
-120
-112
-132
-104
0
40
-104
-72
-48
-132
-120
-16
112
48
40
132
64
-8
16
-32
48
72
-24
96
48
72
0
40
120
104
212
88
104
132
48
48
64
0
48
16
-72
-88
-24
88
-104
-148
0
16
-72
-80
-8
-40
-148
-212
-32
0
-56
16
24
-80
0
16
-96
8
8
-24
-32
24
-56
8
96
-32
-16
32
72
16
-8
-8
40
-24
-8
-56
40
80
-96
56
112
-40
-56
56
24
-24
-24
0
48
8
48
64
88
16
24
132
88
80
80
72
-40
0
40
56
112
56
40
8
48
56
-16
8
0
-80
-32
-8
-64
32
-16
-64
-48
-72
-56
-88
0
24
-16
0
-32
-56
0
-16
-72
-32
0
-24
-132
-32
16
-80
-56
8
8
-8
8
-32
-8
-8
-48
-24
0
16
-48
-56
-8
-24
-56
-48
-8
8
-24
-16
8
-24
32
40
32
72
24
48
72
0
40
32
0
32
64
104
32
40
88
32
8
8
-8
-16
-88
-40
0
-8
8
24
40
8
-24
0
-16
-64
-8
-8
40
40
-48
0
24
-64
-8
40
24
24
0
0
-32
-48
-64
-40
0
0
16
32
40
80
16
32
32
0
8
-16
-32
24
64
-16
56
40
0
-40
-32
48
40
56
64
8
-8
-8
-80
-8
64
-16
-32
-24
-64
-48
-32
-32
-8
0
-40
-88
-72
-64
-56
-48
0
0
-16
0
-48
-80
-72
-40
-48
-40
32
-16
-32
-40
-96
-40
-32
-56
-32
-40
0
16
-40
0
16
-40
-24
40
24
40
56
16
104
80
24
56
56
40
0
-16
32
48
-8
24
64
0
0
32
24
16
8
16
24
32
40
-16
-8
8
-16
-8
32
64
40
48
72
80
32
0
8
48
40
56
96
80
24
32
40
-32
-48
16
32
16
48
72
8
-64
-56
-72
-48
-32
-48
32
-8
-56
-32
-40
-24
-32
0
8
0
40
32
8
24
48
40
-8
16
40
24
16
64
80
24
8
8
0
24
16
0
16
8
-8
0
-8
-40
-64
-48
8
0
-24
-16
-24
-64
-64
-24
48
24
-48
0
16
0
-16
48
80
8
-48
-16
-40
-80
-24
-24
0
0
-104
-96
-48
-88
-56
-24
-64
-104
-104
-132
-148
-64
-72
-80
-32
-72
-112
-80
-40
-64
-80
-32
-48
-56
-64
-32
-24
-40
-24
8
0
24
48
8
16
32
56
48
56
56
32
24
24
88
120
80
48
64
72
40
72
96
104
72
32
88
72
8
72
104
104
88
88
80
64
16
32
64
64
72
56
56
32
24
0
16
16
8
8
16
0
-16
0
-8
-32
-32
-24
-32
0
-8
-8
8
-8
0
-16
-16
-8
0
24
16
32
64
64
40
64
64
24
16
8
-16
0
8
8
24
8
0
-32
-48
-40
-64
-64
-72
-104
-64
-104
-148
-112
-88
-132
-96
-80
-112
-132
-132
-112
-132
-132
-88
-88
-96
-72
-48
-48
-56
-64
-56
-16
-40
-48
-8
-48
-56
-24
-72
-56
-24
-24
-8
-24
-32
-8
-16
-32
0
-16
0
16
40
56
40
0
32
32
32
80
80
88
80
104
96
112
120
88
80
96
104
112
104
120
132
80
80
64
56
56
48
32
24
40
24
0
32
32
24
64
24
24
64
24
32
80
72
40
32
16
32
40
32
72
72
56
56
40
48
24
8
40
24
8
24
0
-8
8
-8
0
-16
-24
-24
-48
-56
-64
-56
-48
-48
-24
-40
-24
-16
-24
-16
-32
-24
-32
-40
-32
-16
0
-24
-16
0
-32
-48
-48
0
0
-56
-24
-16
-56
-48
-32
-48
-64
-80
-64
-56
-64
-64
-40
-48
-72
-56
-80
-56
-72
-48
-8
-24
-40
-24
-32
-48
-32
-16
0
0
-16
-16
-8
-16
-24
-24
-32
-24
-16
-24
-16
0
-32
-32
0
-24
-16
-8
8
-8
-32
8
0
-32
0
8
0
32
48
64
56
32
48
64
40
56
88
64
40
64
56
48
64
56
80
48
40
72
56
40
40
48
48
40
16
24
16
0
8
16
16
0
-8
-8
16
0
16
40
0
0
0
0
0
8
0
-8
32
16
0
0
8
8
0
8
16
-16
-32
-8
-16
-24
-8
-8
-8
-24
-32
-16
-24
-32
-16
-24
-40
-32
-40
-16
-24
-32
-8
-16
-8
0
8
24
8
0
8
8
24
32
40
32
0
-8
-16
-40
-8
-8
0
8
0
8
16
0
-8
-16
0
-8
0
8
0
-8
0
0
24
40
32
24
16
8
16
32
16
16
8
0
0
0
0
-16
-8
0
-16
8
-16
-32
-8
-32
-24
0
0
-8
0
-24
-24
-32
-48
-48
-56
-40
-40
-64
-40
-32
