SAMPLES:	8507
BITSPERSAMPLE:	16
CHANNELS:	1
SAMPLERATE:	16000
NORMALIZED:	FALSE
-8
-8
-8
-8
-8
-8
-8
-8
-8
-8
-8
-8
-8
0
0
0
0
0
0
0
0
0
0
0
0
0
0
0
0
0
0
0
0
0
0
0
0
0
0
0
0
8
8
8
8
8
16
16
16
16
8
8
8
8
8
8
8
8
8
8
8
16
16
16
16
16
16
16
16
16
16
8
8
8
8
8
8
8
16
16
16
8
8
8
8
8
8
8
8
8
0
0
0
0
0
0
0
0
0
0
0
0
0
0
0
-8
0
-8
-8
-8
-8
-8
-16
-16
-16
-16
-16
-24
-24
-24
-24
-24
-32
-24
-24
-24
-24
-24
-24
-24
-24
-32
-32
-32
-32
-32
-24
-24
-24
-24
-24
-16
-16
-16
-16
-16
-16
-16
-16
-16
-8
-8
-8
0
0
0
0
0
0
0
0
0
0
8
8
8
8
8
8
8
16
16
16
8
16
8
16
16
16
16
16
16
16
16
16
16
16
8
8
16
16
16
8
8
16
16
16
16
16
8
8
8
8
8
8
8
8
16
16
16
8
8
8
8
16
8
8
8
0
0
8
8
8
8
8
8
8
8
0
0
0
0
0
0
0
0
0
8
0
0
0
0
0
0
0
0
0
0
0
0
-8
-8
-8
0
0
-8
-8
-8
-8
-8
-8
-8
-16
-16
-16
-16
-16
-16
-8
-8
-8
-8
-8
-8
-8
-8
-8
-8
-8
-8
-8
-8
-8
-16
-16
-16
-8
-8
-8
-8
-8
-8
-8
-8
-8
-8
0
0
-8
0
0
0
0
0
0
0
0
0
0
0
0
0
0
0
0
0
0
0
0
0
0
0
0
0
0
0
0
0
0
0
0
0
0
0
0
0
0
0
0
0
0
8
0
8
8
0
8
8
8
0
0
0
0
0
0
0
8
0
0
0
0
0
0
0
0
0
0
0
0
0
0
0
0
0
0
0
0
0
0
0
8
8
8
8
8
0
0
0
0
0
0
0
8
8
8
8
16
8
0
8
8
8
8
16
8
8
16
16
16
16
24
16
16
16
8
8
16
8
8
16
8
8
0
0
8
8
0
0
0
0
0
0
0
0
0
0
0
0
0
0
-8
0
0
0
0
-8
-8
-8
-8
-8
-8
-8
-16
-16
-16
-8
-8
-8
-8
-16
-8
-8
-8
-16
-16
-16
-16
-16
-16
-16
-24
-16
-16
-16
-16
-16
-16
-16
-16
-16
-16
-8
-8
-8
-16
-16
-16
-16
-16
-16
-16
-16
-16
-16
-16
-8
-8
-8
-8
-8
-8
-8
-8
-8
0
0
0
-8
-8
-8
-8
-8
-8
0
0
0
0
0
0
0
8
8
8
8
16
8
8
8
8
8
16
16
16
16
16
24
24
24
24
24
24
32
32
32
32
24
24
24
24
32
32
32
24
24
24
24
24
24
16
16
24
24
16
16
8
8
8
8
0
0
0
0
0
0
0
0
0
0
0
0
0
0
0
-8
-8
-8
-8
-8
-8
-16
-8
-8
-16
-16
-16
-16
-16
-24
-24
-24
-16
-16
-16
-16
-16
-16
-24
-16
-16
-16
-8
-16
-16
-16
-24
-24
-24
-16
-16
-16
-16
-8
-16
-8
-8
-8
-8
-8
-8
0
0
0
0
0
0
0
0
0
0
0
0
16
8
8
40
80
0
-32
-8
0
-8
-16
-16
16
56
16
-48
-32
48
16
-32
-24
16
32
0
-16
0
40
16
-24
-16
8
8
0
-8
8
24
0
-8
0
16
0
0
8
16
8
0
-8
0
16
8
-8
0
16
16
0
0
8
0
0
0
0
0
0
0
0
8
8
0
0
0
0
-8
-8
0
0
0
0
-8
0
0
0
0
0
0
0
0
0
8
8
8
0
8
8
0
0
0
0
0
0
0
8
8
0
8
0
8
8
8
0
8
0
0
0
0
0
0
0
0
16
16
0
0
0
8
0
0
0
0
8
8
0
0
0
0
-8
-8
0
0
0
-8
-8
0
0
0
-8
0
0
-8
0
0
0
0
0
0
0
0
0
0
-8
0
0
0
0
-8
0
0
0
-8
-8
-8
-8
-8
-8
-16
-16
-8
-16
-24
-16
-8
0
0
-24
-16
0
0
-24
-24
-8
-8
-16
-32
-24
-16
0
-24
-16
-8
0
-16
-24
-16
0
-8
-24
-8
0
0
-8
-8
32
48
-40
-40
0
32
16
-8
0
40
40
0
-56
16
80
32
0
0
48
32
16
-8
0
64
48
-8
-8
56
56
16
0
16
16
40
16
-8
8
40
24
0
8
40
0
8
0
-8
32
16
-8
-8
24
0
0
0
-24
0
16
-8
-24
-8
0
0
0
0
-32
16
0
-16
-8
-8
0
-8
16
0
-24
0
8
0
-16
-8
0
32
0
-56
16
16
-8
-8
-24
16
32
-16
-40
-16
64
-8
-56
16
16
8
-8
-32
24
0
-16
0
0
40
-16
-40
-8
0
-8
-16
-32
16
0
-56
8
-16
8
-8
0
24
-32
0
-48
8
32
-48
8
8
24
-8
-40
8
8
16
-8
-40
48
56
-40
-16
0
64
56
-16
-72
24
112
0
-80
0
64
8
0
-104
56
112
-40
-80
-8
104
40
-56
-48
32
64
-40
-64
40
24
-32
-48
16
64
-48
-88
16
56
24
-48
-96
72
88
-64
-112
16
88
-64
-32
0
24
0
-72
-8
48
64
-48
-56
8
-8
24
-40
0
16
-16
16
-48
0
16
-32
16
8
8
32
-24
-24
24
-8
-40
24
-24
48
24
-56
16
8
32
-72
-24
0
24
72
-104
-72
80
104
-32
-48
-32
40
104
-8
-88
-32
96
64
0
-40
-8
32
32
-72
-32
120
48
32
-40
-24
88
40
-48
40
56
-16
0
16
-48
0
148
-16
-64
80
40
0
-64
48
16
8
80
-212
104
164
-148
-40
32
80
-16
-24
-8
16
120
-56
-164
80
132
-16
-72
-72
0
72
-16
-16
-16
8
-80
-72
24
-8
72
-88
-48
-48
-16
40
-148
-40
132
24
-112
-132
-88
80
0
-120
-8
8
16
-96
-64
32
48
40
-260
-8
196
-32
-88
-72
8
88
48
-120
-40
196
40
-212
96
132
-32
-112
0
148
132
40
-212
-40
324
-72
-80
120
-8
48
-32
16
16
180
-96
-148
276
-16
-56
-24
48
0
64
80
-80
-8
8
-32
-72
164
-80
-32
80
16
-8
-88
32
-64
56
148
-132
-64
96
-64
-8
64
-24
-56
72
32
-164
24
56
-148
64
0
40
-8
16
-16
-132
180
-32
-72
-8
180
104
-148
-32
-120
96
104
-16
-8
-24
64
0
-40
0
8
-80
120
96
-132
64
-32
-32
-48
0
148
-40
-40
-80
-24
120
0
-212
40
88
8
-72
-32
-24
-104
8
40
148
-72
-164
-88
88
48
-120
0
16
-16
16
-132
48
104
-112
-148
132
196
-132
-80
-148
64
244
-104
-180
32
180
-72
-64
132
72
-96
-120
64
228
132
-148
-196
0
396
0
-228
120
-24
24
-16
-16
0
132
16
-212
48
244
40
-212
16
0
212
132
-164
-196
-32
428
-56
-72
-104
-40
260
24
-132
-16
164
-16
-180
-120
180
308
-80
-372
0
396
48
-308
-228
148
260
16
-244
-104
356
-132
-180
80
120
64
-308
-180
196
308
-148
-396
-40
196
104
-8
-196
-112
64
-8
-48
196
-196
88
-32
-112
292
-164
-164
-72
104
72
0
-24
-48
-132
112
180
-16
180
-132
-112
32
212
-88
-212
120
40
180
-64
-164
-96
80
164
-8
96
148
-196
-40
-148
40
324
-96
-32
24
148
-8
-88
-48
-212
196
228
-16
-132
80
-64
-212
148
40
104
80
-104
-324
72
196
80
-72
-244
244
-16
24
-132
-276
276
-56
88
56
-56
32
-276
-88
180
32
-80
-96
80
96
-292
-24
64
164
32
-212
-16
132
56
-180
-180
180
-56
48
40
-180
72
104
-180
-112
24
-64
276
196
-396
-88
88
-40
-64
0
372
104
0
-88
-180
-64
72
-32
-56
356
-64
120
-196
-104
72
-132
8
80
396
-80
-48
-292
-132
196
292
-112
-24
396
0
-104
-292
48
120
260
-148
-180
244
276
-372
-64
104
72
112
-96
148
-132
132
-120
-120
228
72
-8
180
-88
-64
132
8
-24
-164
228
-16
8
148
-396
40
64
148
112
-132
-96
-8
324
-8
-308
-112
72
244
228
-244
-292
164
104
-132
-56
340
32
-212
-356
-260
524
104
-340
-396
308
308
-276
-372
-8
132
0
-104
-8
112
-180
-104
-244
72
428
-120
-212
-164
132
-80
-164
64
0
-56
196
132
-276
0
-244
132
56
48
148
-132
180
-276
-164
228
40
-96
-148
120
212
276
-212
-228
40
132
132
24
-180
-88
148
-212
132
96
48
64
-112
-8
148
196
-244
-24
228
-148
196
16
-64
148
-148
-180
260
-8
-80
-132
-56
340
-244
-64
104
-32
40
-132
180
40
-64
-24
-40
56
40
196
-212
-96
80
180
196
-40
0
-32
-72
-16
372
32
-104
-80
-40
212
120
-48
-356
-8
228
-72
-148
112
-32
-72
64
-120
96
276
-180
-88
-120
32
0
-180
-120
-64
396
-88
-8
-80
-244
48
-104
180
-96
88
88
-308
72
0
-324
132
132
260
-292
-132
308
-292
8
0
-32
340
24
-212
308
212
-212
-492
80
396
112
40
-260
-24
428
-112
-180
180
196
340
-24
-164
-196
180
-96
-16
244
64
64
-244
104
96
-72
-112
88
112
-16
-16
228
132
-460
-164
-148
212
428
-180
-120
196
148
-276
-196
260
164
16
-356
-112
244
0
-428
-104
324
260
-132
-292
-212
244
396
-308
-372
-24
260
196
-112
-212
0
40
-132
-324
132
428
-260
-372
-276
180
356
-148
24
-32
-48
196
-292
-212
-8
88
148
-460
-24
96
-308
8
-80
-16
40
260
-164
-308
-24
40
-8
0
-212
-228
396
24
-196
-244
48
0
64
-260
-228
556
260
-132
-524
164
180
-64
16
-164
356
396
-212
-340
212
396
-148
-112
132
292
132
-88
-64
72
292
80
132
-96
64
-16
-276
396
460
56
-212
-212
260
324
64
228
132
228
-72
-48
292
-196
56
-48
132
524
104
24
-16
164
24
-112
428
96
-132
-180
-64
356
-24
-56
-16
-64
132
0
-132
-56
-180
-96
-132
180
80
-228
-24
-212
164
32
-88
-260
-148
148
0
-164
-164
-64
-260
-132
-48
88
0
-132
-180
-228
40
-148
40
-148
-356
-16
-40
-48
-228
-244
-148
228
112
-460
-48
148
16
-88
40
324
48
-260
-244
-148
148
32
-244
-40
120
180
-56
-276
-132
0
64
-16
96
120
-8
-228
-356
-112
308
228
-72
-64
-32
164
40
-164
-72
228
196
-96
-104
292
40
-80
-16
112
556
460
-72
-428
32
212
148
-72
64
428
276
72
-32
80
132
16
-88
212
340
48
-164
-276
80
164
148
112
-32
244
228
-64
-260
-228
-40
-32
40
132
244
212
-180
-260
120
228
-40
-212
-260
-32
-48
-196
-180
64
180
-132
48
228
-104
-260
-112
-180
56
-64
-180
88
120
40
-132
-8
96
-32
-72
-196
32
228
-148
-276
-164
164
132
-96
-148
-40
196
132
-212
-308
8
8
-8
-32
148
428
-48
-308
-96
112
48
-180
-132
96
164
244
-32
-196
88
148
0
0
212
180
-80
-276
-80
132
164
0
-40
64
276
164
-148
-324
-132
-24
-132
88
228
292
96
-276
-292
72
196
-96
-396
-244
244
148
-48
-276
-96
120
104
148
148
72
-80
-308
-356
-48
112
32
-8
132
40
-40
-196
-260
-96
196
228
64
-56
-132
-292
-96
64
80
164
96
196
104
40
-244
-212
-8
72
244
212
276
228
32
-72
0
-32
88
-112
56
324
120
-64
-260
8
164
56
96
8
88
88
-244
-308
-48
164
16
-148
96
164
0
-132
-308
-80
40
56
24
-96
40
64
-32
-48
-64
32
96
-48
132
-24
-80
-48
-164
32
56
212
-8
-148
80
48
48
-40
0
48
48
-8
-120
48
112
-48
-148
0
148
32
-88
-72
-16
16
16
-56
24
48
32
-24
0
132
48
-164
-132
32
164
180
-8
-72
-32
-8
-72
64
132
96
-112
-212
-64
-40
24
-88
-148
-24
0
40
24
48
16
-132
-120
-80
-24
-32
-88
-56
0
80
180
8
-132
-56
16
32
0
32
64
24
-112
-112
40
164
104
148
164
104
-8
-56
-32
-96
-104
64
72
104
180
40
72
16
-72
-132
-104
72
228
88
-64
32
120
72
-24
-8
-64
-16
-16
-164
-40
0
16
-104
-120
16
56
-32
-104
-48
-48
0
-112
-104
8
148
-8
-148
-72
24
16
-56
0
8
-8
-40
-104
0
104
-8
-88
-24
80
148
104
-64
-96
-88
-40
-56
-16
56
-24
24
8
-32
64
32
-88
-32
16
112
104
-8
-132
-64
96
104
56
0
-16
0
-8
16
-72
-96
-40
-32
96
104
112
0
-120
-64
-24
0
0
0
96
132
96
-16
-40
-64
64
120
132
148
48
56
-16
0
0
0
-40
64
132
148
104
0
0
-64
-56
48
56
-40
-24
24
48
32
-32
-48
24
64
-64
-120
-56
-80
-64
-104
-88
-24
40
-16
-64
-40
-72
-132
-164
-8
40
40
-8
-40
-24
-48
-40
-64
-104
-32
40
32
-8
40
0
-112
-80
40
48
48
40
8
24
-32
-8
16
48
120
72
24
-32
24
40
-56
-24
16
88
64
80
88
40
-32
-72
0
104
132
64
16
32
96
148
80
24
72
56
88
24
-40
-112
-120
-56
-8
88
96
0
-96
-148
-148
-112
-96
-64
-32
24
-16
-148
-244
-276
-212
-104
-24
8
0
-148
-180
-104
-64
-40
-32
0
-8
16
-8
-24
-24
-96
-88
-8
72
64
64
48
64
64
80
132
180
132
48
32
56
112
132
112
40
56
120
164
180
164
180
88
32
40
40
120
164
104
132
196
148
-32
-88
-16
64
24
-8
24
88
8
-104
-132
-112
-32
-80
-64
-56
-24
-56
-148
-212
-132
-132
-104
-32
-48
-40
-120
-148
-148
-132
-132
-120
-32
-56
-112
-72
-96
-132
-148
-96
-16
32
-8
-120
-132
-180
-164
-72
-40
0
0
32
24
-64
-48
-24
16
40
72
96
32
-48
-16
48
48
88
16
32
64
32
-16
-32
64
120
132
56
48
16
0
24
8
88
164
120
24
16
24
104
148
228
244
276
276
196
88
180
292
324
372
396
396
276
112
8
32
72
132
196
244
132
40
-56
-24
8
8
48
104
180
120
40
-24
-80
-112
-72
-32
-24
32
-40
-112
-120
-196
-164
-132
-112
-148
-148
-212
-244
-292
-340
-308
-276
-244
-308
-308
-324
-372
-428
-428
-340
-276
-292
-308
-324
-356
-524
-492
-460
-396
-324
-356
-372
-372
-340
-372
-396
-372
-308
-260
-212
-212
-212
-148
-132
-148
-40
80
104
56
-24
40
180
180
132
212
356
460
460
460
460
396
356
324
428
588
588
620
588
556
524
524
620
748
716
716
652
620
588
460
396
556
684
652
620
460
356
196
164
276
372
372
244
180
148
132
88
32
40
72
48
8
80
260
396
372
356
524
620
812
876
844
924
844
588
292
88
-24
-148
-460
-844
-988
-1180
-1436
-1692
-1820
-1884
-1980
-2108
-2108
-2236
-2236
-2108
-2236
-2108
-1980
-1884
-1820
-1756
-1756
-1628
-1500
-1372
-1372
-1244
-1116
-988
-924
-844
-748
-684
-652
-620
-620
-428
-164
-148
32
212
244
372
620
876
1180
1372
1564
1564
1500
1628
1692
1884
1980
1980
2108
2236
2108
2108
1980
1884
1980
1980
2108
1980
1756
1628
1436
1372
1436
1628
1756
1756
1628
1564
1308
924
716
524
524
524
396
340
196
72
-180
-260
-212
-196
-212
-428
-556
-588
-588
-780
-684
-148
620
1372
1980
3004
3516
3772
3132
2108
1180
428
396
812
1372
1436
988
120
-1052
-2236
-3260
-3644
-3516
-3132
-3260
-3516
-3772
-3772
-3900
-4092
-4092
-4092
-3772
-3772
-3900
-3772
-3516
-3260
-3132
-2620
-1884
-1052
-652
-652
8
924
812
-212
-1244
-1180
-1052
-1436
-1500
-716
64
-228
-988
-1308
-428
524
780
428
684
1308
1308
844
652
1308
1820
1756
1436
1500
1564
1180
492
-24
372
1244
1756
1692
1628
1756
1820
1628
1500
1820
1980
1980
1756
1628
1820
1692
1372
1244
1436
1980
2236
1980
1628
1500
1308
1244
1180
1180
1436
1628
1564
1500
1628
1692
1436
1244
1436
1692
1820
1692
1372
988
620
492
340
372
556
748
876
588
1052
2748
4860
5628
4092
1500
-308
-492
-72
276
844
1436
1756
460
-1820
-3772
-4604
-4604
-4860
-4860
-4604
-3900
-4092
-4604
-5628
-5628
-5372
-5372
-5372
-5372
-4604
-4092
-4348
-4604
-4092
-2748
-1628
-924
-716
-652
-748
-684
-356
396
1052
780
-244
-780
-164
72
-652
-1628
-1244
-48
588
524
196
428
492
88
-196
372
1500
1884
1628
1500
1980
2236
1692
988
876
1308
1628
1628
1180
1180
1372
1372
1436
1628
1884
1820
1308
988
988
1244
1180
924
1116
1564
1692
1500
1052
924
988
1052
1244
1564
1820
1980
1980
1628
1564
1756
1980
1980
2108
2620
3004
2876
2364
1980
1564
1372
1372
1436
1564
1564
1564
1052
356
-276
-876
-1180
-1244
-684
72
924
2492
4348
5884
4860
2236
-372
-1372
-716
148
988
1692
2108
1308
-988
-3388
-4860
-4860
-4604
-4860
-4860
-4092
-3644
-4092
-4860
-5628
-5372
-5116
-5116
-5116
-4604
-3900
-3772
-4092
-4092
-3388
-2108
-1052
-780
-924
-1052
-988
-748
-524
-460
-748
-716
148
748
244
-988
-1628
-1692
-1500
-780
588
1980
1980
924
-24
-164
588
1372
1628
2108
2876
3004
2236
1628
1500
1628
1436
1308
1628
1884
1500
780
72
112
748
1244
1372
1180
1116
812
460
460
1052
1820
1884
1692
1564
1500
1244
716
372
620
1116
1756
2236
2364
2108
1692
1372
1564
1980
2492
2620
2492
2620
2492
2364
2108
1692
1564
1500
1372
1436
1308
924
292
-276
-428
-340
-396
-812
-924
-620
24
716
1564
3004
4604
5884
4860
2364
64
-812
-428
32
652
1308
1692
684
-1756
-4092
-5116
-5116
-5116
-5116
-5116
-4348
-4092
-4604
-5116
-5628
-5372
-5372
-5116
-4604
-3900
-3516
-3772
-4092
-3772
-2492
-1372
-652
-748
-748
-588
-372
-428
-716
-1244
-1756
-1820
-652
588
556
-524
-1820
-1884
-1116
112
1308
2108
2236
1820
1244
748
844
1180
1372
1628
2236
3004
2748
1756
652
428
588
988
1244
1180
844
356
48
-48
372
812
988
1052
1180
1564
1692
1564
1628
1980
2108
2492
2620
2364
1756
924
460
428
1052
1756
2108
2108
1980
1756
1628
1564
1500
1564
1980
2492
2876
3004
2620
2108
1500
1180
1308
1500
1692
1436
1116
684
324
40
-244
-460
-844
-988
-748
-164
428
988
2108
3900
5372
5372
3004
212
-1500
-1372
-556
372
1180
1756
1244
-876
-3388
-4860
-5116
-5116
-5372
-5372
-4604
-3644
-3644
-4348
-5116
-5628
-5372
-5372
-4860
-4348
-3900
-3772
-3772
-3644
-2876
-1820
-988
-812
-748
-556
-340
-180
-492
-1052
-1628
-1820
-812
244
148
-988
-2236
-2236
-1628
-460
844
1980
2236
1564
844
356
684
1116
1308
1692
2748
3516
3260
2364
1372
1180
1244
1500
1980
2236
1980
1244
652
620
1116
1372
1436
1436
1564
1692
1628
1308
1244
1436
1628
1884
1980
1980
1436
524
-8
-16
684
1372
1884
1820
1500
1116
780
652
780
1308
1980
2492
2620
2492
2108
1372
716
524
780
1116
1244
988
684
228
-260
-492
-556
-492
-620
-812
-876
-684
-244
244
460
876
2364
4348
5628
5116
2876
428
-924
-620
132
1116
1756
1980
1116
-988
-3132
-4604
-5116
-5372
-5116
-4604
-4092
-3644
-3772
-4348
-5116
-5372
-5116
-4860
-4604
-3900
-3388
-3132
-3260
-3260
-2620
-1756
-924
-684
-844
-988
-988
-1116
-1564
-2108
-2364
-1980
-780
-180
-780
-2108
-2748
-2108
-924
372
1500
2492
2364
1436
524
524
1244
1820
2108
2748
3900
4092
3004
1820
1436
1436
1564
1692
1884
2108
1692
988
524
684
1372
1756
1820
1820
1980
1980
1500
1180
1436
2108
2364
2364
2108
1820
1308
652
324
620
1372
1884
1884
1628
1244
780
460
492
924
1436
1756
2108
1980
1692
1180
460
244
588
1116
1244
924
684
588
396
96
56
-24
-372
-748
-812
-684
-340
56
308
556
1052
2364
3900
4860
4348
2364
260
-1180
-1052
-396
492
1116
1244
492
-1436
-3644
-5116
-5628
-5628
-5372
-4860
-4348
-4092
-4092
-4860
-5628
-5884
-5628
-5372
-5116
-4604
-3900
-3644
-3644
-3644
-3260
-2492
-1756
-1244
-1052
-1116
-1244
-1372
-1436
-1180
-716
-588
-988
-1436
-1372
-1116
-1052
-780
292
1692
2364
2364
1980
1820
1884
1884
1980
2492
3388
3900
3900
3516
3132
2492
1980
1500
1756
2236
2364
2236
1820
1628
1756
1884
1980
1980
2108
2236
2236
2108
2108
2108
1980
1884
2236
2492
2364
1820
1180
812
924
1372
1756
1820
1692
1372
876
588
556
652
780
988
1436
1756
1820
1500
924
460
556
924
1372
1436
1180
924
524
196
0
-148
-460
-652
-716
-716
-684
-524
-396
-148
212
748
1756
3004
4092
3900
2364
492
-876
-1116
-716
-196
308
460
-40
-1756
-3772
-5372
-6140
-6140
-5628
-5372
-4860
-4604
-5116
-5628
-5884
-5884
-5628
-5116
-4860
-4604
-4092
-3772
-3516
-3516
-3260
-2620
-1692
-1116
-924
-924
-1180
-1372
-1500
-1436
-1436
-1116
-196
340
80
-716
-988
-428
148
844
1756
2876
3388
2876
2108
1628
2108
2492
2876
3388
4092
4348
3516
2492
2236
2364
2364
2236
2364
2620
2620
1980
1564
1308
1756
2364
2748
3004
3132
2876
2108
1756
1884
2492
2748
2492
2236
1980
1564
924
556
588
988
1372
1628
1628
1372
748
244
96
292
924
1372
1500
1372
1116
924
524
228
212
588
812
924
988
844
428
-228
-588
-588
-428
-428
-524
-748
-780
-924
-1308
-1564
-1564
-1116
-780
-372
652
2108
3260
3132
1756
132
-1116
-1564
-1564
-1308
-716
-372
-716
-1884
-3260
-4348
-5116
-5372
-5372
-5116
-4604
-4348
-4348
-4348
-4348
-4604
-4860
-5116
-4604
-4092
-3516
-3260
-3132
-3004
-2492
-1756
-988
-588
-780
-1116
-1180
-652
-180
244
620
460
24
-396
-396
-428
-460
-396
260
1756
2876
3132
2620
2108
1756
1820
2236
3004
3900
3900
3644
3388
3388
3388
3004
2492
2364
2492
2492
2364
1980
1628
1628
1820
2108
2364
2492
2108
1372
876
1052
1564
1980
2108
1884
1628
1180
988
684
556
620
716
812
924
924
620
72
-460
-620
-308
180
588
844
780
492
308
308
428
556
524
524
620
716
844
716
340
0
-132
-164
-228
-260
-492
-812
-1116
-1116
-924
-780
-780
-924
-780
0
1372
2748
3260
2748
1436
212
-428
-652
-716
-492
-228
-164
-620
-1564
-2748
-3772
-4860
-5372
-5372
-4860
-4348
-4348
-4348
-4348
-4604
-4604
-4604
-4348
-4092
-3644
-3260
-3004
-2620
-2108
-1692
-1180
-780
-492
-356
-356
-324
-308
-8
396
276
-148
-524
-324
-24
-72
32
652
1628
2236
2364
2236
2620
2748
2364
2108
2620
3388
3644
3516
3516
3900
3900
3132
2364
1980
1980
1820
1564
1308
1308
1308
1244
1052
1180
1500
1308
876
812
1052
1180
1052
812
780
844
812
588
428
372
228
-56
-148
104
340
324
96
-196
-244
-72
180
396
620
924
1052
1116
1180
1180
844
588
396
716
1052
1180
1052
844
652
324
0
-212
-460
-588
-620
-524
-492
-620
-924
-1244
-1564
-1500
-1052
-492
96
716
1628
2236
2492
1884
1116
428
-164
-524
-844
-652
-356
-652
-1628
-2876
-3644
-4348
-4604
-5116
-5116
-4604
-4092
-4092
-4092
-4092
-4092
-4348
-4348
-4348
-3644
-3132
-2748
-2492
-2108
-1436
-924
-652
-556
-460
-356
-276
-48
924
1692
1436
652
104
524
588
276
396
1308
2364
2620
2620
2492
2876
3004
2748
2748
3388
3900
3772
3260
3260
3516
3260
2492
1756
1308
1180
924
716
684
924
1052
1052
1052
1180
1244
812
460
524
812
924
716
460
428
492
228
-132
-308
-244
-48
88
276
356
260
32
-96
-96
0
104
132
120
340
716
988
924
716
716
780
748
588
652
780
812
876
924
988
876
492
112
-244
-460
-652
-812
-748
-588
-652
-812
-924
-1052
-1116
-1052
-716
-148
492
1116
1628
1820
1500
652
8
-276
-588
-988
-1500
-1628
-1756
-1980
-2748
-3516
-4092
-4348
-4604
-4604
-4348
-4092
-3900
-3900
-3900
-3772
-3516
-3388
-3388
-3260
-3004
-2620
-2236
-2108
-1692
-1180
-716
-428
-228
24
556
1116
1500
1500
1052
716
652
844
988
1244
1628
1980
2108
1980
1980
2364
2620
2748
2748
3004
3388
3388
3132
3132
3260
3004
2364
2108
1980
1884
1500
1116
1052
1116
1308
1436
1308
1116
988
780
684
652
748
844
652
556
652
684
460
148
72
212
324
460
652
684
524
356
260
228
260
372
492
524
684
812
748
588
428
524
524
524
684
716
556
340
292
340
340
148
-148
-244
-356
-396
-460
-652
-844
-924
-988
-1052
-988
-988
-1052
-1052
-812
-556
-460
-460
-356
-112
180
228
-16
-428
-844
-1052
-1244
-1308
-1500
-1756
-2236
-2748
-3132
-3516
-3644
-3900
-4092
-3900
-3644
-3516
-3516
-3516
-3516
-3388
-3132
-3004
-2748
-2364
-1980
-1564
-1372
-1116
-780
-428
-228
-120
-40
104
260
460
652
748
812
844
844
876
924
1116
1308
1564
1820
2108
2364
2492
2876
2876
3004
3132
3260
3132
3132
3004
2876
2748
2620
2620
2492
2364
2108
1980
1692
1436
1244
1052
988
988
924
876
748
588
524
460
524
620
588
492
492
620
652
684
588
524
492
524
684
652
492
324
276
228
308
396
460
396
308
308
396
308
228
164
80
120
120
104
-80
-276
-524
-684
-524
-340
-244
-324
-556
-780
-988
-1052
-1116
-988
-924
-924
-988
-1052
-1244
-1308
-1244
-1116
-988
-924
-924
-924
-1052
-1436
-1692
-1980
-2108
-2108
-2108
-2236
-2108
-2236
-2620
-2876
-3132
-3132
-3004
-2748
-2748
-2620
-2492
-2364
-2236
-2236
-2236
-2108
-1884
-1692
-1436
-1244
-1116
-924
-620
-324
16
308
396
428
460
588
812
1116
1244
1436
1500
1564
1692
1820
1980
2108
2364
2620
2748
3004
3004
2748
2748
2748
2876
3004
3004
3004
2748
2492
2236
1980
1756
1500
1244
1052
988
1052
924
812
684
556
556
652
748
780
748
748
748
780
876
876
780
684
588
428
308
244
132
32
-8
16
132
196
180
48
-120
-212
-112
-24
0
-40
-148
-228
-292
-308
-372
-396
-492
-492
-396
-276
-276
-428
-748
-1052
-1180
-1116
-1052
-1116
-1180
-1308
-1308
-1308
-1308
-1308
-1308
-1180
-988
-716
-428
-340
-396
-460
-492
-556
-716
-924
-1116
-1052
-1116
-1244
-1436
-1756
-2236
-2620
-2748
-2748
-2620
-2620
-2620
-2492
-2236
-2108
-2108
-2236
-2236
-1980
-1628
-1372
-988
-588
-372
-292
-132
120
428
524
492
460
588
812
988
1052
1116
1180
1180
1372
1500
1628
1692
1692
1756
1980
2236
2364
2492
2364
2236
2236
2108
2108
1980
1980
1980
1820
1756
1564
1372
1180
1052
988
924
844
716
620
588
652
684
652
620
524
492
460
492
556
716
780
812
812
684
460
292
212
196
260
276
148
24
-80
-196
-228
-244
-228
-164
-132
-40
16
-64
-132
-120
-40
-72
-120
-112
-180
-276
-356
-340
-292
-292
-428
-620
-924
-1180
-1244
-1244
-1180
-1116
-1116
-1052
-924
-716
-652
-556
-460
-228
-120
-88
-72
-196
-428
-684
-780
-844
-988
-1244
-1500
-1756
-1884
-2108
-2492
-2748
-2748
-2620
-2492
-2364
-2364
-2364
-2492
-2364
-2108
-1756
-1436
-1180
-1116
-988
-748
-492
-308
-180
-8
180
396
460
492
556
556
716
844
924
1052
1116
1116
1052
1116
1308
1564
1756
1820
1884
1820
1820
1820
1884
1980
2236
2364
2364
2108
1884
1628
1436
1244
1180
1116
1116
1116
1180
1116
1052
924
844
924
924
876
924
924
924
924
988
988
876
780
684
524
428
340
212
80
8
32
72
24
-88
-148
-104
-64
-56
-24
-48
-104
-88
-24
16
-40
-80
-24
-8
8
0
-104
-244
-428
-620
-716
-716
-716
-748
-988
-1052
-1052
-1116
-1244
-1244
-1244
-1116
-876
-684
-492
-324
-228
-196
-180
-148
-276
-492
-684
-716
-780
-924
-988
-1244
-1692
-2108
-2236
-2236
-2236
-2364
-2492
-2492
-2492
-2620
-2620
-2492
-2364
-2236
-1980
-1756
-1500
-1244
-1052
-780
-492
-228
-104
-120
-88
80
260
396
588
748
844
844
844
844
988
1052
1244
1372
1564
1820
1980
1980
1980
1980
1980
1980
2108
2108
2108
1884
1756
1564
1436
1308
1372
1436
1372
1372
1372
1244
1180
1052
924
844
924
988
988
1052
1052
1052
924
924
924
876
876
748
556
356
340
324
196
56
-80
-180
-308
-356
-340
-340
-308
-244
-164
-48
-8
-56
-164
-276
-180
-40
-32
-88
-80
24
16
-40
-164
-276
-428
-588
-684
-652
-620
-684
-812
-924
-924
-988
-988
-1052
-924
-652
-428
-292
-180
-24
16
-180
-460
-556
-524
-428
-396
-588
-876
-1308
-1692
-1980
-2236
-2236
-2364
-2492
-2364
-2236
-2236
-2364
-2620
-2620
-2364
-2236
-2108
-1756
-1500
-1308
-1116
-988
-748
-524
-492
-428
-276
-40
148
212
244
324
524
716
780
812
780
780
780
924
1116
1308
1500
1628
1756
1884
1980
1980
1980
1980
1980
2108
2108
2108
2108
1980
1980
1884
1756
1692
1628
1564
1564
1564
1500
1372
1308
1244
1116
1052
1052
1116
1116
1116
988
876
748
748
748
556
396
340
244
80
-80
-148
-104
-148
-164
-132
-88
-88
-72
-56
-64
-104
-148
-180
-148
-112
-164
-180
-180
-180
-324
-460
-620
-716
-780
-780
-780
-876
-1052
-1308
-1436
-1500
-1436
-1372
-1372
-1372
-1308
-1180
-988
-780
-684
-684
-620
-524
-460
-556
-748
-844
-988
-1244
-1436
-1500
-1692
-1980
-2108
-2236
-2236
-2108
-2236
-2364
-2364
-2236
-2108
-1980
-1884
-1820
-1564
-1436
-1308
-988
-748
-716
-652
-460
-212
-8
88
244
396
588
748
748
716
684
684
748
812
924
1052
1180
1308
1500
1692
1820
1884
1980
1980
1980
2108
2236
2364
2492
2620
2492
2492
2364
2236
2108
1980
1884
1884
1820
1756
1692
1564
1500
1372
1244
1180
1116
1052
1052
1052
988
988
924
748
652
524
460
460
372
308
292
228
212
88
-72
-132
-164
-196
-164
-164
-148
-164
-292
-356
-428
-460
-588
-684
-716
-748
-844
-1052
-1116
-1244
-1308
-1436
-1500
-1564
-1628
-1692
-1692
-1564
-1436
-1372
-1372
-1372
-1308
-1244
-1116
-988
-812
-748
-716
-748
-748
-812
-924
-1052
-1180
-1308
-1372
-1564
-1756
-1820
-1820
-1820
-1884
-1884
-1820
-1756
-1756
-1692
-1628
-1500
-1372
-1372
-1244
-1116
-988
-844
-716
-588
-428
-212
-132
-48
40
120
228
260
276
340
340
372
396
492
556
620
748
924
1180
1372
1564
1756
1980
1980
2108
2364
2620
2748
2748
2748
2748
2876
2876
2748
2492
2364
2236
2236
2236
2108
1980
1884
1756
1692
1564
1500
1372
1244
1244
1180
1116
876
652
428
308
228
180
148
112
16
-72
-164
-228
-276
-396
-556
-620
-588
-588
-652
-748
-812
-812
-844
-844
-844
-876
-924
-924
-876
-876
-988
-1116
-1244
-1244
-1116
-1116
-1180
-1308
-1308
-1308
-1244
-1180
-1244
-1308
-1244
-1116
-924
-748
-652
-620
-620
-556
-428
-340
-372
-428
-492
-620
-780
-988
-1244
-1436
-1500
-1500
-1564
-1500
-1436
-1500
-1628
-1692
-1628
-1564
-1436
-1244
-1116
-988
-924
-924
-780
-716
-652
-524
-372
-228
-120
-48
0
80
196
356
460
556
620
588
524
524
652
812
924
1052
1180
1372
1564
1692
1756
1756
1884
1980
2236
2364
2364
2364
2236
2236
2236
2236
2236
2108
1980
1980
1884
1820
1692
1564
1500
1436
1372
1308
1244
1116
988
844
684
428
244
32
-120
-148
-148
-180
-228
-292
-324
-324
-356
-340
-340
-460
-556
-588
-556
-492
-460
-492
-556
-684
-748
-716
-716
-716
-684
-780
-844
-924
-1052
-1180
-1308
-1244
-1244
-1244
-1372
-1436
-1500
-1500
-1436
-1372
-1372
-1244
-1116
-988
-876
-748
-556
-460
-340
-260
-244
-308
-428
-524
-588
-716
-812
-924
-924
-988
-1052
-988
-1116
-1180
-1180
-1244
-1180
-1052
-988
-924
-844
-780
-620
-460
-372
-276
-148
-48
8
64
80
96
164
180
196
276
324
340
340
324
308
356
492
652
780
844
924
988
1052
1180
1308
1436
1500
1628
1820
1980
1884
1820
1820
1820
1884
1884
1980
1980
1980
1756
1628
1564
1500
1436
1436
1436
1436
1436
1244
1116
988
780
620
556
492
428
356
212
120
56
-8
-80
-196
-356
-428
-460
-492
-556
-588
-620
-684
-684
-620
-620
-684
-780
-844
-844
-748
-620
-652
-812
-988
-988
-988
-1052
-1052
-1180
-1244
-1308
-1244
-1116
-988
-988
-988
-924
-876
-748
-652
-652
-620
-524
-396
-308
-260
-244
-228
-308
-340
-396
-428
-556
-748
-988
-988
-924
-924
-988
-1052
-1116
-1180
-1308
-1372
-1372
-1308
-1180
-1116
-988
-876
-844
-812
-748
-620
-588
-588
-556
-492
-396
-276
-196
-132
-48
40
132
260
340
396
556
684
812
988
1116
1052
988
1116
1244
1436
1500
1564
1628
1628
1756
1884
1980
2108
2108
2108
2236
2236
2108
2108
1980
1980
1884
1820
1756
1628
1564
1436
1372
1244
1116
1052
924
780
588
396
244
96
-48
-148
-180
-244
-308
-396
-556
-716
-812
-844
-780
-812
-844
-844
-748
-620
-588
-556
-524
-492
-556
-620
-588
-588
-620
-652
-716
-748
-780
-924
-1052
-1052
-988
-924
-844
-812
-812
-844
-876
-844
-844
-812
-684
-684
-652
-620
-524
-428
-428
-460
-396
-372
-356
-340
-396
-492
-652
-780
-812
-748
-652
-716
-844
-924
-988
-988
-988
-988
-1052
-988
-924
-780
-684
-620
-588
-620
-620
-556
-492
-428
-396
-372
-196
-24
48
48
48
112
212
276
340
428
492
556
620
716
812
876
844
812
924
1116
1308
1436
1564
1628
1692
1692
1692
1756
1756
1756
1756
1884
1980
1884
1820
1692
1500
1436
1500
1500
1436
1308
1244
1052
924
780
684
620
524
524
460
396
276
112
-48
-132
-196
-356
-460
-524
-556
-588
-620
-652
-652
-684
-780
-876
-924
-844
-748
-716
-716
-748
-748
-748
-780
-876
-924
-988
-1052
-1052
-988
-988
-988
-988
-924
-924
-924
-924
-924
-1052
-1116
-1116
-1052
-924
-812
-780
-748
-716
-652
-620
-588
-524
-492
-492
-460
-396
-372
-324
-340
-396
-428
-428
-460
-492
-492
-492
-428
-396
-324
-260
-228
-228
-244
-228
-164
-72
-24
16
8
32
112
196
228
244
292
308
340
356
340
324
356
460
588
620
652
716
716
716
748
812
924
1052
1116
1116
1180
1116
1052
1052
1052
1116
1180
1244
1308
1308
1244
1180
1180
1180
1116
1116
1052
988
876
844
780
652
588
620
652
684
620
556
492
396
324
244
180
72
-16
-132
-180
-180
-212
-276
-396
-524
-556
-588
-620
-684
-684
-684
-652
-620
-588
-620
-652
-716
-812
-812
-844
-844
-876
-924
-876
-812
-780
-780
-812
-844
-844
-844
-844
-876
-876
-924
-924
-924
-924
-876
-876
-924
-924
-780
-716
-684
-684
-652
-588
-588
-588
-588
-588
-524
-492
-460
-396
-356
-308
-308
-292
-228
-120
-72
-72
-88
-56
0
-24
-56
-88
-32
0
0
32
24
8
40
120
228
340
396
428
460
492
588
716
780
876
924
924
924
924
924
924
924
988
1052
1116
1180
1116
988
988
1052
1180
1180
1116
1116
1052
1052
988
988
924
844
844
844
844
844
748
684
620
588
588
556
460
340
244
180
120
88
40
-24
-112
-196
-292
-396
-428
-460
-460
-460
-428
-460
-460
-524
-652
-716
-748
-812
-812
-876
-924
-1052
-988
-988
-924
-812
-812
-812
-812
-844
-812
-780
-748
-716
-652
-588
-524
-556
-652
-684
-716
-748
-748
-684
-620
-620
-620
-652
-588
-556
-556
-556
-524
-460
-396
-292
-244
-196
-196
-212
-180
-120
-24
40
48
-32
-56
-8
0
48
112
88
16
-48
-72
-72
-40
-8
0
56
112
132
96
80
40
56
180
308
460
588
620
684
716
716
780
812
844
844
844
876
924
924
876
876
876
924
988
1052
1052
1052
1052
988
1052
1052
1052
988
844
780
780
812
780
716
620
524
492
460
396
260
148
72
16
-16
-56
-120
-212
-276
-324
-356
-372
-460
-524
-556
-524
-524
-556
-588
-652
-716
-812
-844
-876
-924
-924
-924
-924
-924
-924
-988
-1052
-1052
-924
-844
-780
-716
-620
-556
-524
-460
-356
-324
-324
-324
-308
-292
-276
-308
-356
-356
-372
-356
-308
-292
-292
-324
-308
-260
-164
-96
-56
-48
0
48
32
56
64
56
32
8
32
56
64
112
164
212
228
212
148
132
112
148
180
228
292
276
228
196
164
180
260
340
396
428
460
524
524
588
652
716
748
780
812
812
780
716
684
652
652
588
524
460
460
460
492
524
524
524
492
396
356
292
196
180
180
212
228
196
132
32
-40
-56
-88
-148
-196
-228
-276
-276
-324
-340
-372
-396
-428
-428
-428
-428
-428
-428
-356
-324
-292
-308
-324
-340
-340
-372
-428
-460
-556
-620
-588
-588
-588
-588
-588
-492
-396
-324
-260
-212
-244
-212
-164
-132
-148
-132
-104
-48
0
8
24
-16
-72
-88
-132
-180
-212
-244
-260
-244
-196
-120
-64
-112
-148
-180
-212
-244
-260
-260
-228
-164
-104
-24
40
112
180
212
244
244
260
260
276
292
340
324
276
212
132
72
64
72
64
80
88
96
132
148
180
196
212
324
396
428
428
428
492
556
588
588
524
428
372
372
396
460
460
428
356
260
212
132
40
16
16
48
80
64
0
-72
-112
-120
-120
-104
-24
0
8
-16
-96
-88
-120
-164
-104
-48
-72
-48
0
8
0
-80
-148
-164
-148
-96
-80
-148
-212
-260
-260
-244
-212
-180
-180
-164
-180
-196
-244
-244
-196
-212
-196
-164
-112
-96
-96
-120
-148
-164
-148
-132
-112
-112
-72
-112
-180
-180
-196
-196
-228
-292
-308
-308
-292
-308
-292
-260
-228
-196
-212
-244
-244
-196
-164
-88
-8
56
104
148
212
244
228
212
244
308
340
340
324
260
180
180
148
132
120
80
96
120
164
180
180
148
132
148
132
112
104
132
180
228
324
396
428
428
396
372
324
292
260
276
308
276
244
164
88
32
0
-32
-48
-56
-112
-148
-180
-164
-132
-164
-164
-148
-132
-64
16
32
16
-24
-32
-8
-32
-24
-48
-164
-196
-148
-112
-148
-164
-164
-196
-212
-196
-164
-148
-112
-72
-48
-16
-16
-48
-96
-132
-148
-104
-56
-24
-16
-40
-88
-96
-104
-96
-56
-72
-64
-72
-72
-72
-112
-148
-212
-244
-212
-212
-228
-196
-196
-228
-212
-164
-120
-132
-148
-132
-104
-80
-56
-104
-120
-120
-96
-80
-56
-8
24
24
40
80
96
120
196
260
308
276
244
196
132
96
56
0
-40
-64
-24
24
16
32
8
-40
-48
-24
8
64
96
112
148
164
132
148
212
292
356
372
396
396
372
324
308
276
244
244
276
244
196
148
80
32
-8
-8
16
48
56
80
80
56
72
96
132
164
180
180
180
196
164
132
96
88
88
104
56
-8
-72
-132
-132
-120
-104
-132
-148
-164
-180
-164
-148
-164
-132
-104
-72
-72
-80
-104
-104
-120
-132
-148
-196
-260
-308
-356
-396
-396
-396
-428
-428
-428
-396
-340
-292
-276
-276
-292
-276
-276
-308
-340
-340
-308
-244
-164
-112
-120
-132
-132
-104
-104
-72
-80
-120
-148
-148
-132
-72
-24
0
56
120
180
212
196
164
164
148
164
228
228
196
148
104
96
164
148
132
132
88
96
180
228
260
308
292
340
356
396
396
396
372
372
396
396
428
460
428
340
292
292
260
212
228
196
212
228
196
120
56
-16
-96
-148
-148
-96
-80
-32
0
0
0
0
-8
0
-16
-24
-32
-56
-64
-64
-80
-56
-32
-64
-104
-112
-132
-180
-164
-196
-180
-180
-132
-104
-104
-48
-24
0
24
24
0
-32
-96
-120
-112
-96
-112
-120
-104
-96
-64
-48
-48
-24
-8
0
-32
-112
-120
-132
-148
-212
-212
-196
-228
-260
-324
-356
-340
-324
-340
-372
-372
-324
-308
-292
-228
-196
-164
-164
-180
-180
-228
-212
-196
-196
-164
-180
-180
-164
-120
-64
-24
0
16
56
72
56
64
120
164
212
244
292
308
308
340
356
460
492
556
588
556
524
492
460
428
460
460
460
396
372
292
228
148
104
96
64
72
72
56
24
16
16
32
32
64
64
48
16
-8
-24
-72
-148
-180
-132
-132
-120
-88
-88
-148
-164
-180
-180
-164
-164
-180
-244
-324
-396
-396
-372
-308
-244
-180
-180
-180
-212
-196
-164
-120
-80
-32
8
0
24
0
-16
-24
-40
-32
-8
0
0
8
24
-16
-40
-32
-24
16
24
56
88
88
64
64
72
64
24
-16
-56
-48
-24
0
32
48
32
0
0
0
8
8
16
80
148
164
148
132
72
72
48
48
64
56
32
16
40
48
64
72
64
64
72
132
212
260
276
292
308
292
308
308
308
244
164
132
132
148
180
196
132
64
-16
-104
-132
-132
-164
-180
-196
-244
-260
-260
-260
-276
-244
-212
-212
-212
-196
-212
-180
-180
-228
-196
-196
-196
-212
-212
-164
-120
-120
-148
-164
-196
-244
-292
-292
-292
-244
-196
-196
-164
-80
-48
-16
16
0
8
0
0
64
88
112
132
132
148
148
120
104
72
56
88
132
164
148
112
96
96
132
148
120
132
148
132
148
164
120
104
96
64
48
24
48
48
24
16
16
16
-8
-48
-72
-72
-56
-16
24
80
132
132
112
88
88
88
24
16
40
32
16
8
-16
-56
-104
-112
-80
-16
48
112
164
196
212
228
228
212
212
244
228
212
196
164
164
120
80
80
56
48
40
0
-16
-40
-64
-80
-48
-64
-132
-180
-164
-180
-212
-196
-212
-212
-196
-148
-164
-180
-148
-164
-164
-164
-212
-196
-180
-148
-88
-88
-112
-132
-148
-180
-164
-148
-164
-196
-180
-164
-148
-132
-80
-64
-32
0
24
48
40
40
16
0
8
64
72
88
112
132
88
88
96
104
104
96
80
104
88
80
96
64
48
56
48
0
-16
-48
-72
-112
-88
-72
-56
-16
0
0
16
40
56
48
16
8
-16
-16
-16
0
-16
-32
-40
-24
-8
-16
-16
-48
-48
-32
-48
-56
-72
-88
-64
-56
0
88
112
132
196
228
228
196
180
212
244
276
276
276
292
276
260
228
228
228
212
180
148
96
56
64
48
48
48
32
24
24
48
72
64
32
-8
0
-8
0
-24
-72
-148
-212
-196
-212
-196
-180
-212
-244
-260
-292
-292
-244
-244
-260
-244
-228
-228
-244
-260
-276
-260
-244
-228
-196
-180
-132
-132
-132
-96
-88
-88
-112
-104
-48
-8
0
48
56
64
56
96
96
72
72
72
72
80
80
64
64
24
8
40
56
8
-24
-32
-8
16
16
56
56
24
24
16
16
8
0
0
-8
0
0
0
-16
-48
-48
0
32
8
-16
-16
-16
-56
-56
-24
-32
-16
-8
48
72
80
120
132
180
244
308
340
340
340
292
308
324
308
340
340
340
324
276
244
228
228
228
244
260
260
244
244
228
196
164
148
180
180
180
132
64
0
0
32
0
-40
-112
-164
-212
-308
-340
-372
-396
-428
-428
-396
-396
-356
-372
-396
-372
-372
-372
-396
-372
-372
-372
-340
-308
-292
-244
-244
-244
-212
-212
-196
-164
-164
-164
-112
-96
-88
-72
-88
-64
-48
-32
-16
0
16
8
0
0
16
16
0
-16
8
56
96
112
88
64
40
8
-24
-16
0
-8
32
72
88
88
80
56
88
120
112
72
48
48
40
80
112
104
96
64
24
32
32
8
8
16
8
48
88
96
96
104
132
164
196
228
260
244
228
276
340
340
308
292
292
292
292
308
276
244
180
164
164
180
164
132
148
148
132
112
112
104
104
80
88
80
48
0
-48
-72
-64
-24
-48
-104
-132
-164
-212
-212
-212
-228
-276
-292
-292
-308
-292
-276
-276
-276
-260
-228
-228
-196
-212
-228
-228
-212
-196
-148
-120
-112
-80
-72
-104
-112
-104
-132
-148
-164
-180
-120
-80
-80
-88
-72
-48
-16
-24
-16
-16
-64
-64
-32
-8
16
56
24
-16
0
8
-24
-48
-56
-40
-40
-40
-16
8
8
-8
-16
-16
24
88
96
72
48
48
56
48
40
48
40
24
32
40
56
64
64
72
96
148
196
196
196
212
164
164
180
164
164
148
132
132
148
132
132
132
112
88
88
72
88
96
148
212
228
196
196
180
132
80
56
16
-8
-48
-40
-80
-120
-148
-148
-148
-148
-96
-88
-112
-132
-148
-164
-148
-164
-148
-148
-180
-180
-148
-132
-104
-88
-80
-104
-112
-120
-132
-104
-112
-104
-80
-40
-16
0
0
-16
-24
-40
-32
0
32
32
-16
-16
-8
0
40
32
48
48
56
88
112
104
96
104
132
180
212
212
164
132
120
132
132
120
96
64
32
8
48
64
56
88
88
96
96
56
24
0
0
56
80
96
80
40
-8
-32
-32
-40
-32
-56
-56
-104
-96
-72
-88
-104
-120
-148
-148
-120
-112
-120
-132
-148
-164
-148
-112
-104
-88
-96
-88
-48
-32
0
16
16
24
8
0
0
8
-8
8
32
24
0
-16
-56
-88
-96
-88
-104
-112
-148
-196
-180
-180
-164
-104
-72
-72
-72
-72
-80
-96
-72
-72
-48
-16
-32
-48
-64
-64
-64
-56
-16
0
0
-16
-8
24
56
80
132
120
72
48
24
16
40
48
72
80
80
104
104
112
132
88
72
120
148
196
196
180
196
196
196
196
212
196
180
164
164
164
148
164
148
148
164
196
196
196
164
132
112
72
56
48
32
40
32
32
56
80
48
16
0
-16
0
8
24
24
-24
-32
-64
-112
-132
-196
-244
-244
-260
-276
-276
-276
-276
-260
-244
-196
-180
-164
-164
-180
-164
-164
-180
-148
-112
-88
-48
-32
-24
-32
-48
-40
-48
-64
-72
-56
-16
0
24
24
0
0
-8
-8
16
16
16
8
-16
-24
-32
-40
-24
-8
-8
24
32
-8
-24
-24
-56
-40
-40
-48
0
8
8
0
0
8
16
8
16
24
0
0
-8
0
-32
-40
-8
-16
-24
-56
-72
-80
-104
-112
-132
-88
-80
-80
-24
-16
0
0
24
56
88
132
180
180
148
148
148
132
164
180
180
180
132
132
148
112
120
132
120
120
148
196
212
180
164
164
148
164
132
120
80
56
64
80
88
64
8
-48
-88
-112
-132
-132
-120
-96
-64
-32
0
