SAMPLES:	9417
BITSPERSAMPLE:	16
CHANNELS:	1
SAMPLERATE:	16000
NORMALIZED:	FALSE
-32
-40
-40
-32
-40
-56
-48
-24
-24
-32
-24
-16
-32
-24
-32
-32
-32
-16
-16
-40
-16
-16
-24
-24
-8
-8
-8
-8
-16
-24
-16
0
-16
-16
-8
-8
-8
-8
0
0
0
16
0
16
8
0
0
8
0
8
16
16
16
8
24
16
16
24
8
32
24
8
32
16
24
24
16
32
24
24
16
8
24
0
8
16
16
0
8
24
0
16
8
0
-16
16
-16
-24
0
-16
-8
-8
-16
-32
-8
-24
-32
-8
0
-32
-40
-24
-40
-40
-32
-24
-32
-16
-32
-56
-16
-24
-32
-16
-24
-24
-16
-8
-48
-24
-8
-24
-16
0
0
0
16
-16
0
16
16
-8
0
40
16
0
16
32
24
32
0
32
56
8
8
56
64
16
24
48
48
40
16
32
64
48
24
40
64
56
24
24
48
48
48
32
48
64
40
24
32
40
24
16
24
16
16
32
0
-8
16
8
0
-16
0
8
-8
0
-16
0
8
-32
-32
-8
-16
-40
-16
-24
-24
8
-32
-32
-24
-8
-64
-32
-8
-64
-24
-40
-64
-32
0
-48
-32
-8
-32
-24
-40
-32
-48
-24
-40
-48
-16
-32
-64
-24
-16
-40
-16
-24
-32
-24
0
-32
-16
-8
-32
-16
-16
-16
-24
0
-8
-16
0
-16
0
0
-8
-8
8
-24
-8
0
-16
0
-8
8
-16
8
-24
24
24
-24
8
16
24
-16
0
24
56
0
-16
56
56
0
8
48
32
24
8
8
56
32
0
32
56
56
0
16
104
40
16
56
56
24
48
16
24
72
48
0
56
80
16
56
64
16
40
64
24
16
40
48
0
32
24
-24
40
16
-24
0
40
0
-32
48
0
-48
0
-16
-40
0
-32
-48
-24
-8
-40
-88
0
-16
-88
-72
-24
-32
-72
-48
-40
-72
0
-40
-64
-24
-24
-56
-48
-32
-24
-40
-56
-32
-32
-8
-48
-64
8
-16
-72
-24
0
-16
-40
-24
-8
0
0
-48
-24
72
-24
-72
0
32
32
-40
8
56
32
0
-32
40
56
0
-16
32
48
0
-40
32
40
8
8
0
48
24
0
-40
40
72
-48
0
80
0
-32
24
16
8
8
8
-16
24
56
-80
-8
104
-24
-24
56
0
0
48
0
8
48
8
-40
8
56
-32
0
56
0
0
32
-8
32
56
-24
0
56
16
-24
8
40
-8
-8
32
-16
8
56
-56
24
40
-16
8
16
24
-8
8
0
0
16
0
-8
16
16
-56
16
16
-48
16
-8
-16
-8
0
-8
-16
16
-16
-24
0
24
-40
0
0
-16
24
-56
0
0
-8
-24
-24
40
-40
8
0
-24
24
-8
-16
24
16
-32
-24
24
-16
-56
32
8
-40
16
16
-56
16
8
-24
0
48
-16
-32
72
-32
-8
24
-24
24
0
-24
24
0
-8
0
24
24
-40
48
8
-24
0
0
0
0
8
-56
24
24
-48
-48
32
-40
-48
0
-48
-8
-8
0
-56
8
0
-104
8
0
-72
0
8
-64
-48
40
-32
-64
24
16
-72
-16
24
-80
0
16
-56
0
16
-32
-80
48
-8
-40
16
40
-8
-40
64
-40
24
24
-16
40
24
40
-24
40
56
0
32
48
24
16
48
40
16
56
40
8
64
40
8
104
40
24
64
16
96
40
8
72
48
16
40
0
56
48
-8
56
24
48
-8
40
24
0
8
24
0
0
72
-80
24
48
-56
-24
24
0
-56
16
-16
-48
0
-8
-72
0
16
-88
8
-16
-72
-24
-8
-64
-72
8
-80
-56
0
-64
-64
8
-72
-80
24
-40
-104
-40
0
-72
-72
16
-72
-24
0
-72
-16
0
-32
-48
16
-8
-48
0
0
0
-56
16
0
-16
0
-8
8
16
0
-16
40
0
48
-16
0
64
-24
-8
40
0
-8
32
40
-16
24
40
-32
56
0
-8
64
0
16
8
32
32
-16
48
24
-24
32
0
8
16
-16
24
16
32
24
-24
56
8
-16
40
24
16
-32
24
0
0
0
0
40
0
32
-24
8
64
-16
-24
96
-16
0
40
-8
32
0
16
0
16
0
0
24
32
-48
-16
56
-32
0
0
0
0
8
-24
-56
80
-40
-96
48
8
-56
-16
8
-40
-32
8
-64
8
40
-72
-24
48
-64
-24
32
-88
8
8
-64
-40
24
-32
-40
24
-40
-24
16
-8
-56
16
48
-64
-8
16
0
0
40
-8
-16
104
-16
-40
48
40
-24
24
40
-40
24
32
-16
-16
56
16
-8
16
-32
-8
32
-8
-72
32
72
-72
-24
0
0
8
-24
0
8
8
-32
-48
48
-8
-40
48
-8
-40
48
-8
-48
32
24
-48
-24
48
-8
-16
32
-40
8
16
-16
16
-32
40
0
0
8
8
40
-48
32
24
-32
0
16
-24
8
0
0
24
-40
48
16
-24
0
16
-8
0
24
-24
-8
40
-16
-80
48
24
-72
-16
32
0
-24
24
-8
-24
64
0
-88
40
64
-72
16
24
16
16
8
-16
16
64
-56
40
32
0
40
0
16
24
72
-64
0
88
8
-24
24
96
-16
16
8
56
-24
24
64
-24
40
0
8
8
24
-16
-8
16
-8
-40
-40
72
-56
-24
8
-32
40
-64
0
8
-48
-8
-16
-16
0
-64
-16
0
-72
-24
8
-16
-40
8
24
-40
-16
32
-56
0
24
-56
0
0
-8
-56
24
-32
-48
64
-40
-48
0
32
-48
-64
64
-32
-40
8
-24
0
24
-64
-8
16
24
-56
-56
88
-64
-8
-8
8
32
-48
16
-8
-8
32
-16
-40
148
0
-88
72
-16
24
-8
48
16
-16
72
0
-48
104
40
-96
132
16
-8
88
-8
-8
48
40
-56
64
56
-32
56
48
-40
48
56
-48
48
104
-32
-32
96
-40
0
64
-24
80
-8
-8
16
0
16
-64
-16
32
48
-48
0
8
-8
16
-48
0
-8
8
-56
-16
16
-32
8
-56
0
-48
0
-8
-8
-40
-80
32
-48
-96
-8
-8
-40
-16
-88
-16
8
-80
-40
-24
0
16
-104
-16
88
-104
-24
0
-48
56
-64
-24
8
16
-32
-8
24
0
-56
24
24
-40
16
24
24
-16
0
16
-8
32
56
-32
16
132
-40
-16
112
40
40
48
56
32
32
48
16
-24
148
24
-64
148
32
-16
56
56
48
0
48
0
-32
80
0
-48
72
0
0
8
-8
56
24
-32
-16
88
16
-72
40
24
0
0
-16
-16
8
-8
-96
0
32
-32
-96
64
32
-56
-16
-16
0
0
0
-56
56
16
-88
-8
32
-24
-8
-24
-40
24
24
-88
-16
80
-40
0
0
0
0
-24
-40
-80
64
-56
-72
32
16
-48
-80
8
-32
-16
-48
-24
40
-64
-48
8
-8
-80
-24
-56
-48
16
-64
-88
64
-8
-148
72
-24
-32
16
-80
16
64
-40
-132
72
48
-88
16
0
0
40
-24
0
-8
40
48
-64
8
96
16
-16
24
88
16
0
8
48
64
56
8
0
132
48
-80
48
180
-24
32
80
0
80
32
0
56
112
-32
-32
120
0
-88
24
80
-40
-8
48
-32
-32
16
-56
16
8
-80
-16
8
24
-112
-56
56
-48
-80
0
0
-16
-32
-56
-40
48
8
-180
72
132
-164
-56
48
8
-64
-32
64
-32
40
16
-196
164
32
-196
88
0
-16
56
-32
0
40
64
-56
-24
196
-56
-16
112
-164
132
96
-164
180
64
-40
72
16
48
0
8
96
-64
120
96
-148
132
120
-88
40
96
-40
-56
104
0
-72
132
-8
-56
132
-40
-88
132
-48
-104
24
-40
16
-56
-40
0
40
-40
-40
24
-88
0
-64
-64
-64
72
-48
-196
164
-16
-164
0
40
-164
56
-8
-196
80
-8
-96
-148
212
-104
-164
112
-132
16
24
-48
-72
88
-72
-88
80
-48
-16
-64
180
-64
-148
164
40
-132
-16
80
-8
8
-48
0
120
56
-196
104
112
0
-72
-48
132
-40
-16
-96
56
24
-104
-24
96
-24
-48
48
-64
104
24
-212
148
32
-112
88
-8
0
-48
104
56
-164
148
104
-104
24
8
-40
132
24
-164
196
88
-64
-8
80
104
-64
148
-32
-48
164
-32
-8
196
8
-24
228
-64
8
64
40
32
-80
260
56
-80
72
40
80
24
-56
0
80
8
-48
-24
88
0
-48
24
24
8
-132
-56
40
-64
-64
32
-56
-88
-56
8
48
-56
-72
40
48
-196
-64
80
-104
-64
24
-40
32
-88
-132
16
48
-88
-120
96
-104
-48
0
-64
40
16
-96
0
132
-164
-24
56
-16
-48
-16
64
-32
8
-32
-16
96
0
-48
32
112
-80
-32
40
32
8
-40
112
-80
32
32
-32
72
0
-16
40
56
-132
56
48
-72
40
-64
-16
104
8
-132
8
96
-88
-88
164
-24
-148
164
-8
-96
88
-112
24
104
-40
-148
88
180
-148
-8
64
8
88
-32
-164
132
180
-228
-64
164
-24
24
40
-96
64
88
-228
32
164
-64
8
48
56
-64
16
0
0
196
-148
-80
196
16
-244
88
180
-96
-88
180
40
-64
96
-180
112
148
-112
-88
132
228
-212
-112
260
8
-180
132
132
-64
80
-16
-56
132
24
-228
64
228
-196
-80
228
-64
-88
120
-72
-96
48
-8
-72
-24
8
-8
48
0
-244
104
132
-292
-88
180
-16
-164
-8
0
32
-88
-180
40
120
-132
-324
212
148
-292
-72
132
64
-132
-104
104
244
-148
-292
88
180
-112
-180
148
120
-40
-80
-48
180
8
-180
56
228
-24
-164
64
56
-64
0
112
24
-32
0
-16
-8
-72
48
16
16
-8
-72
228
-72
-196
120
96
-32
-40
8
120
-64
-112
72
56
-24
-40
72
16
-40
0
56
0
8
-16
8
40
-80
32
80
0
-80
148
96
-32
-32
-8
164
-32
-40
-24
120
96
-24
32
56
112
-80
-72
72
120
-32
-120
72
88
-88
-80
104
8
-104
8
72
-8
-164
72
-8
-40
-64
-8
148
-132
-64
56
56
-72
-48
80
-16
-48
-72
96
24
-96
0
164
32
-132
16
0
-40
-32
-16
40
16
-88
-8
0
24
-40
-48
120
64
-180
0
72
-80
-48
72
104
-48
-64
0
40
48
-88
-16
96
-40
-40
0
48
-56
-48
96
-16
-80
-48
16
56
-56
-16
40
0
-16
-40
24
40
-24
16
-16
-32
24
-48
-8
16
0
104
-48
-56
24
40
0
-88
40
88
-8
-80
88
16
-48
-64
40
120
56
-72
-40
132
24
-40
24
56
-32
-72
-8
48
-16
-88
-40
80
96
-96
24
56
0
-72
-64
56
-48
-80
-16
64
-8
-24
-32
16
-40
-64
40
-16
8
-64
8
96
24
-40
32
132
-96
-24
88
16
-32
0
88
132
8
-104
64
88
-72
-40
148
-8
-104
104
32
-24
56
56
-8
8
24
-16
16
-24
-48
16
0
0
24
-8
-16
-24
0
-16
0
-32
-88
24
72
-64
-132
8
-16
-132
-56
132
0
-120
-24
-8
-40
-88
-64
0
32
-24
-24
0
8
0
0
32
56
48
-16
-80
0
16
0
88
148
8
-56
64
64
-64
24
164
8
-8
80
32
-48
-32
56
56
48
8
32
64
-72
-80
48
24
-48
8
48
-24
-32
-8
-88
-24
8
-40
0
64
-40
-164
-64
8
8
-72
-8
16
-72
-132
-64
16
-24
-64
48
8
-56
16
0
-16
0
80
24
8
8
24
-8
-16
24
64
132
32
56
88
40
16
56
132
48
80
112
40
0
8
48
40
104
72
48
64
24
-48
-64
-24
-40
0
-24
0
0
-40
-8
-32
0
-32
-24
-8
-96
-180
-164
-80
-104
-80
0
16
-56
-120
-24
-72
-164
-148
-80
-72
-80
-72
-72
-72
-120
-104
-72
-40
-8
-48
-72
-112
-132
-112
-120
-16
16
0
88
64
-64
-112
-40
16
-24
8
96
64
-32
0
120
196
164
132
180
132
88
96
132
132
164
244
292
260
164
120
132
180
180
244
244
148
80
48
148
244
196
180
260
180
40
-32
8
8
-72
0
40
-16
-180
-148
-64
-120
-96
-40
-112
-180
-212
-244
-212
-196
-164
-228
-180
-132
-228
-260
-292
-260
-228
-244
-148
-104
-132
-164
-132
-112
-164
-180
-120
-132
-112
-112
-132
-48
-40
24
40
48
56
8
32
0
16
88
72
8
32
16
-96
-64
40
80
132
196
212
164
88
72
72
148
132
88
120
72
96
88
148
276
324
244
104
80
88
48
88
292
308
260
292
276
132
16
88
196
228
196
244
212
96
180
308
396
396
524
588
556
524
460
428
460
492
492
524
524
396
244
148
148
104
0
-132
-260
-492
-748
-924
-988
-1116
-1180
-1244
-1436
-1628
-1884
-1980
-1980
-1980
-1980
-1820
-1820
-1820
-1820
-1820
-1628
-1372
-1244
-1052
-876
-876
-812
-652
-428
-180
8
260
396
428
460
556
716
844
988
1116
1180
1116
1116
1052
1244
1308
1308
1308
1244
1116
1052
1052
1116
1180
1180
1180
1180
1116
1116
1052
1116
1244
1244
1180
1116
1116
924
748
780
780
556
492
556
748
1052
1500
1884
2236
2876
3388
3260
1980
876
652
1692
3004
3388
3260
2364
1372
556
-148
-56
460
780
460
-396
-1692
-3132
-3900
-3644
-3004
-2748
-2876
-3516
-4348
-5116
-5628
-5628
-5116
-4860
-4348
-3516
-3004
-3004
-3004
-2876
-2236
-1372
-620
-24
-292
-812
-620
164
1372
1980
2364
2236
1756
1564
1692
1980
1884
1564
1116
812
620
260
-8
-24
48
-64
-244
-460
-780
-1436
-1820
-1436
-812
-620
-524
-588
-652
-620
-340
396
748
652
620
684
812
924
924
1116
1308
1436
1436
1308
988
428
196
428
716
924
684
396
196
132
308
524
780
620
356
340
396
292
396
1052
2236
3516
4092
5116
5628
4860
2876
1564
3004
5116
6652
6396
5116
4092
2492
1756
1756
2620
3132
2748
1564
-356
-2620
-4348
-4348
-3260
-2492
-3004
-4092
-5372
-6652
-7676
-7932
-7164
-6652
-6396
-6140
-5628
-5628
-5884
-6140
-5116
-3644
-2236
-1308
-1244
-1980
-2620
-2236
-428
1500
3260
4860
4348
2620
924
1628
3260
3260
4092
4092
4092
1820
-148
-396
340
1500
1500
1756
652
-1308
-3900
-4092
-1692
356
460
-876
-1308
-2364
-3004
-2236
104
1308
292
-112
428
620
-324
-148
1500
2748
3004
2748
1980
244
-1052
-524
1628
3004
2364
924
-588
-924
-212
988
2108
2236
1308
556
396
716
748
876
1372
1820
1980
1372
780
396
876
2620
4604
5884
6396
6140
5372
3772
2364
3004
5372
7420
7932
5884
4092
2236
1180
924
1692
3132
3132
1308
-1628
-4092
-5884
-5884
-4092
-2620
-3004
-5372
-7420
-8828
-8828
-8828
-8316
-7164
-6652
-6908
-6652
-6396
-6140
-6140
-5372
-3900
-2236
-1308
-1692
-2620
-3388
-3132
-1244
1372
3132
3388
2876
2620
1980
1500
2236
4092
4348
3132
2108
1564
988
180
652
1820
2236
1180
-396
-1308
-1756
-2108
-1692
-112
1052
460
-1436
-1884
-684
340
1244
1884
2364
1116
-428
16
1884
3004
2748
2748
2876
2364
1436
1308
1756
1436
1180
1436
1564
748
-588
-1052
-492
460
1052
876
148
-524
-524
308
1372
1980
1692
924
524
844
1372
1628
1692
1564
1436
1820
3132
4604
6396
7164
6140
3772
1436
1884
4348
7164
7676
5884
3772
1628
492
428
1980
3516
3388
1180
-2108
-4604
-5884
-4860
-3132
-1884
-2876
-5116
-6908
-7932
-8316
-8316
-7420
-6652
-6140
-6396
-6396
-6396
-6652
-6652
-5628
-3644
-1884
-1628
-2876
-4604
-5116
-3772
-1052
1692
2748
1628
132
780
2108
2748
2748
3004
3388
2236
1500
1692
2492
2236
1500
1436
1884
1692
492
-132
-396
-292
-396
-308
276
620
-120
-1116
-428
812
1180
524
324
396
-148
-308
924
2364
2108
1244
988
1372
1500
1180
1244
988
396
196
556
1052
844
104
-228
104
748
988
748
620
716
988
1500
2108
2236
1692
1180
1628
2364
2620
2364
1628
924
652
1436
3260
4860
6140
6396
5628
3388
1052
924
3260
6140
7420
6140
3644
1308
132
276
1820
4092
4604
2236
-1884
-4860
-5884
-4604
-2108
-524
-1244
-4348
-7420
-8828
-8316
-7164
-6140
-5628
-6140
-7420
-8316
-7676
-6652
-6140
-5372
-3900
-2748
-2876
-4092
-5116
-5116
-3644
-988
1628
2236
556
-1500
-1308
1500
3900
5116
4604
3260
1500
396
1564
3772
5372
4348
2620
1308
812
716
748
1564
1884
1372
-244
-1116
-1244
-924
-652
96
1372
844
-1180
-2748
-2108
-748
72
684
1116
460
-1244
-1436
292
1980
2108
1372
812
132
-292
324
1692
2236
1436
556
588
988
1372
1692
2236
2620
2492
2364
2236
2236
2108
2364
3132
3772
3516
2492
1564
988
1116
1628
2108
2492
2748
2876
3644
4860
5116
3644
1116
460
2364
5116
6140
4604
2492
652
-64
556
2492
4092
3132
-24
-3260
-4860
-4348
-2748
-1052
-1052
-3388
-6396
-7676
-7164
-6140
-5628
-5628
-6396
-7676
-8316
-8316
-6908
-5628
-5116
-4860
-4860
-4860
-4860
-4604
-4092
-3260
-2364
-1116
-292
-276
-924
-524
1564
3260
3900
3644
3516
2748
1756
2364
4092
5628
5372
4092
2876
1980
1372
1436
2364
3004
2236
396
-988
-1372
-988
-340
428
1052
340
-1628
-2876
-2236
-988
-244
276
524
96
-988
-876
588
1692
1692
1436
1500
1052
524
844
1820
2236
1820
1564
1692
1692
1564
1884
2492
2748
2364
2108
2108
2108
2108
2364
2620
2620
2108
1692
1564
1692
1564
1436
1180
748
196
164
924
2108
3004
3516
3900
3388
1980
556
588
2364
4348
4860
3388
1500
56
-228
652
2108
3132
2364
48
-2620
-4348
-4092
-2620
-844
-492
-2364
-5116
-6908
-6908
-5628
-3900
-3132
-4348
-6652
-8316
-8316
-6140
-3900
-2876
-3516
-5116
-6140
-5884
-4348
-2748
-2108
-2236
-2748
-2748
-2108
-1180
-120
924
2364
2748
2108
1116
1116
2108
2364
3132
4092
4604
3388
1564
652
1564
2876
3260
3132
1756
32
-1756
-1564
684
2364
1980
-64
-1500
-2108
-1884
-588
1436
2108
112
-1756
-1500
324
1500
2236
2748
2108
620
120
1628
3004
2620
1980
2108
2108
1820
2236
3132
3260
2236
2108
2748
3132
2748
2492
2492
2108
1564
1884
2620
2492
1692
1244
1372
1500
1180
1180
1180
748
524
556
780
780
228
0
212
372
652
1500
2108
1500
-112
-1180
-620
212
1116
1564
1436
428
-876
-1628
-1180
96
1116
1052
-460
-2492
-4092
-3772
-2108
-308
104
-1308
-3516
-4860
-5116
-4092
-2620
-1756
-2492
-4604
-6140
-5884
-4604
-2876
-1980
-2236
-3644
-5116
-5116
-4348
-2876
-1820
-1500
-2108
-3132
-3388
-2748
-1500
-396
260
180
-492
-1180
-1180
-180
1052
1884
1884
1500
1052
812
988
1628
2492
2620
2236
1692
1436
1564
1756
2108
2748
2876
2364
1980
1820
1820
2108
2748
3260
3132
2364
1756
1692
1980
2364
2620
2492
1692
780
588
1052
1500
1628
1564
988
276
0
212
716
924
652
460
396
292
524
1052
1116
812
588
716
780
844
812
780
684
460
372
556
716
620
324
196
196
164
120
212
148
-80
-80
-104
-24
-148
-276
-324
-292
-324
-460
-428
-492
-492
-460
-260
-180
-180
-180
-164
-120
-196
-132
-88
-180
-428
-588
-556
-556
-748
-988
-1244
-1436
-1564
-1756
-1820
-2108
-2492
-2748
-2876
-3004
-3132
-3388
-3644
-3772
-3772
-3644
-3260
-3132
-3388
-3516
-3260
-2876
-2364
-2108
-1980
-2108
-1980
-1564
-876
-356
-148
-132
-132
88
588
1180
1628
1756
1756
1820
1980
2236
2492
2748
2876
2620
2364
2492
2620
2748
2748
2620
2492
2236
2108
2236
2108
2108
1980
1884
1628
1372
1244
1244
1244
1372
1308
1052
780
652
748
988
1244
1308
1180
876
524
492
748
988
924
524
8
-276
-276
-132
8
-56
-324
-492
-524
-460
-356
-324
-492
-620
-524
-340
-428
-556
-652
-684
-524
-164
-16
-276
-492
-556
-396
-16
260
292
292
260
276
428
556
524
396
276
228
212
260
196
-40
-396
-588
-588
-652
-684
-988
-1308
-1628
-1884
-1980
-2236
-2236
-2236
-2492
-2492
-2492
-2492
-2492
-2492
-2364
-2236
-2108
-2108
-1980
-1980
-1884
-1884
-1564
-1180
-1116
-988
-924
-812
-524
-180
132
492
620
620
684
924
1180
1372
1372
1372
1308
1244
1372
1564
1564
1500
1436
1500
1564
1500
1436
1436
1436
1436
1436
1436
1372
1308
1244
1308
1436
1564
1564
1436
1308
1244
1372
1564
1628
1500
1244
924
780
844
780
652
396
120
-48
-148
-104
-8
-96
-260
-396
-428
-356
-396
-460
-556
-716
-780
-780
-780
-780
-844
-748
-652
-588
-620
-620
-524
-396
-212
-132
-212
-324
-396
-212
120
324
292
112
-32
-104
-32
104
260
196
8
-112
-112
-72
-132
-372
-492
-492
-588
-620
-652
-876
-988
-876
-620
-396
-556
-844
-1052
-1244
-1052
-748
-716
-924
-1308
-1436
-1372
-1116
-924
-780
-924
-1180
-1180
-924
-652
-524
-588
-588
-460
-308
-228
-104
-24
-88
-80
-64
24
180
196
148
180
260
460
716
988
988
876
748
780
988
1180
1308
1372
1372
1244
1308
1500
1692
1820
1820
1756
1692
1500
1500
1564
1628
1500
1372
1244
1116
924
924
876
812
620
428
372
276
120
16
40
-40
-324
-492
-340
-292
-524
-748
-924
-1180
-1372
-1244
-924
-876
-1052
-1244
-1244
-1116
-988
-716
-492
-492
-524
-460
-428
-292
-148
-104
-64
16
-32
-64
8
180
228
132
96
104
72
-132
-228
-164
-276
-340
-324
-324
-396
-524
-428
-244
-120
-260
-460
-620
-652
-684
-652
-556
-620
-748
-812
-748
-588
-524
-524
-524
-556
-620
-556
-340
-180
-104
-112
-48
-132
-340
-396
-292
-164
-120
-96
-196
-428
-620
-588
-324
-80
-8
-132
-356
-588
-620
-356
8
292
292
148
24
164
396
780
1180
1308
1308
1180
1244
1244
1372
1628
1756
1980
1980
1756
1628
1500
1500
1564
1628
1628
1372
1180
1116
1180
1180
1244
1180
876
588
292
88
-16
-180
-396
-556
-716
-812
-780
-780
-876
-1116
-1116
-1052
-988
-844
-780
-812
-844
-812
-684
-492
-372
-396
-372
-324
-276
-244
-260
-228
-212
-180
-80
-40
-88
-244
-308
-244
-120
-80
-212
-372
-492
-492
-492
-460
-340
-260
-340
-556
-620
-524
-492
-372
-196
-196
-356
-492
-524
-428
-292
-244
-132
-80
-104
-80
-64
48
104
112
112
96
-32
-180
-308
-356
-324
-372
-492
-620
-844
-924
-876
-716
-684
-748
-924
-1052
-1052
-876
-748
-684
-556
-620
-556
-372
-148
64
180
228
276
460
684
988
1308
1436
1436
1436
1564
1628
1628
1692
1692
1692
1628
1692
1820
1756
1628
1628
1692
1692
1500
1116
876
748
620
556
524
396
164
8
-72
-132
-228
-244
-196
-228
-396
-460
-460
-460
-428
-372
-276
-340
-524
-588
-428
-340
-324
-324
-340
-324
-292
-180
-16
-8
-104
-196
-132
-80
-120
-212
-260
-276
-356
-372
-356
-340
-396
-460
-492
-492
-492
-492
-428
-396
-524
-588
-556
-460
-492
-556
-556
-460
-356
-356
-372
-428
-588
-524
-228
24
0
-212
-460
-492
-428
-276
-120
-180
-324
-524
-588
-428
-396
-428
-460
-396
-372
-460
-460
-428
-396
-428
-396
-428
-492
-556
-460
-396
-324
-196
-96
64
180
292
308
276
460
620
716
812
812
780
844
1052
1116
1180
1180
1052
988
988
988
1052
1052
844
620
620
588
620
716
684
588
396
164
112
132
56
-8
-80
-104
-80
-56
-80
-120
-164
-196
-88
56
64
-72
-164
-112
0
244
428
372
164
132
228
372
492
396
196
0
-64
120
228
212
132
-104
-308
-324
-228
-120
-228
-428
-620
-556
-428
-340
-276
-324
-524
-556
-396
-212
-132
-212
-340
-340
-276
-260
-212
-180
-292
-460
-428
-340
-356
-428
-460
-492
-492
-492
-524
-492
-588
-652
-588
-460
-396
-556
-684
-748
-652
-460
-324
-308
-396
-556
-652
-524
-292
-80
40
24
-16
-72
-8
212
428
524
460
428
396
396
492
588
716
780
780
780
716
652
652
780
844
812
684
460
340
396
556
716
684
556
396
340
428
524
588
684
652
492
428
356
292
276
308
356
396
276
148
56
0
0
72
148
132
-48
-260
-324
-260
-132
-72
-48
-164
-292
-460
-460
-396
-492
-684
-780
-812
-748
-652
-652
-684
-716
-684
-620
-620
-652
-620
-620
-556
-372
-324
-396
-428
-372
-260
-56
132
148
8
-148
-244
-148
64
244
244
64
72
120
148
196
120
32
-32
-56
8
96
16
-96
-112
-96
-64
-16
-40
-164
-212
-228
-228
-196
-132
-180
-180
-56
56
120
0
-88
-104
32
308
492
524
292
24
24
396
716
924
812
524
212
164
396
652
780
652
428
276
244
324
428
492
460
428
324
148
24
24
196
372
428
356
132
-96
-148
48
396
588
492
148
-164
-244
-32
260
428
372
148
-16
-120
-112
32
196
164
32
-148
-396
-588
-684
-684
-556
-588
-620
-684
-924
-1116
-1052
-844
-748
-876
-1052
-1116
-1116
-988
-844
-652
-748
-812
-748
-524
-356
-340
-292
-308
-356
-372
-228
-64
24
96
244
340
276
180
276
428
556
652
588
428
308
372
588
780
780
620
396
228
164
356
492
524
372
164
24
56
244
340
356
260
148
132
112
132
148
180
292
340
356
292
244
244
308
396
460
396
148
32
72
228
396
428
212
0
-80
-72
80
212
180
16
-80
-148
-164
-64
96
132
32
-16
-16
-72
-64
40
196
276
180
80
-40
-24
56
120
228
212
64
-40
-32
56
164
164
72
-148
-372
-524
-524
-492
-524
-620
-844
-924
-988
-988
-988
-924
-924
-924
-988
-1052
-1052
-1052
-924
-716
-588
-588
-524
-396
-292
-196
-72
64
212
212
212
292
356
428
620
780
780
652
620
684
812
924
876
876
748
556
556
652
716
684
588
524
460
428
460
460
428
324
196
104
132
164
212
228
260
324
260
228
180
88
72
148
196
120
32
-48
-64
-32
8
72
0
-132
-260
-372
-460
-428
-460
-492
-556
-652
-748
-844
-780
-588
-524
-492
-492
-524
-588
-588
-356
-244
-244
-340
-356
-308
-164
24
164
148
64
-24
-32
48
196
308
372
340
164
120
228
372
428
396
244
88
-16
-132
-164
-96
-40
-96
-212
-308
-428
-524
-460
-340
-244
-196
-228
-276
-292
-260
-180
-64
56
72
40
-24
-120
-80
32
132
196
276
308
260
308
396
524
556
460
356
324
292
308
324
292
276
292
260
324
428
428
356
292
196
196
212
180
212
292
196
88
120
88
132
148
164
180
48
-132
-180
-96
32
164
132
56
-148
-308
-292
-132
-8
-72
-132
-212
-396
-428
-292
-148
-64
-148
-180
-196
-260
-324
-308
-212
-148
-180
-212
-276
-340
-396
-356
-180
-96
-112
-228
-372
-524
-524
-428
-196
-164
-212
-428
-132
588
372
356
-308
-780
-1436
-1500
-1052
-340
652
988
1052
460
112
-524
-492
-460
-96
372
524
844
684
620
180
-16
-196
-196
-16
396
812
924
844
620
276
-32
-88
-16
276
460
652
588
308
-24
-196
-196
-80
-16
180
308
356
260
276
292
260
196
96
64
-48
-88
-56
132
228
428
524
428
228
0
-180
-180
-148
-180
-244
-244
-196
-104
48
80
-48
-196
-260
-292
-276
-148
0
-40
-180
-276
-308
-292
-244
-180
-120
-148
-96
-16
460
652
684
556
180
-164
-588
-492
-428
-32
112
228
64
-112
-260
-460
-492
-652
-356
-292
0
0
-104
-356
-716
-876
-988
-924
-748
-428
-228
-96
-120
-276
-460
-524
-588
-492
-244
8
276
396
396
180
0
-120
-48
32
180
324
340
244
396
556
588
492
396
228
112
244
556
684
588
396
180
132
132
260
428
428
260
340
492
524
428
308
180
132
148
196
196
180
180
164
276
292
324
212
64
32
88
148
132
16
-196
-396
-428
-244
-148
-96
-148
-164
-120
-64
24
-72
-308
-396
-396
-372
-228
-196
-180
-148
-112
0
112
8
-120
0
88
212
396
372
292
180
112
244
396
356
212
120
0
0
32
88
-24
-212
-276
-372
-324
-324
-372
-460
-460
-588
-588
-588
-748
-844
-924
-780
-652
-460
-524
-716
-684
-524
-524
-492
-396
-460
-356
-292
-196
-120
24
96
64
-8
-120
-164
0
196
428
588
524
460
396
228
132
244
260
396
524
556
524
588
460
324
372
132
180
340
428
460
588
460
292
80
164
324
196
308
212
96
104
0
120
212
64
212
148
72
260
132
104
180
276
80
-112
-56
0
132
308
276
292
228
-96
-8
96
112
16
64
-104
-32
196
64
180
212
148
-96
-228
0
0
-24
180
88
132
-16
-196
164
164
0
-196
64
96
-260
-372
-96
120
-48
-260
-588
-492
-620
-460
-396
-276
8
-524
-684
-684
-428
-556
-492
-228
-356
-524
-812
-492
-460
-524
-524
-356
-88
-396
-324
-132
-64
-120
-164
-308
-132
72
-260
0
492
372
0
-148
-16
80
96
260
460
556
460
228
396
748
460
212
396
356
372
180
308
308
180
492
460
588
588
104
32
104
112
524
492
196
212
132
-96
-120
8
0
-132
-8
64
80
0
-396
-276
-244
48
32
180
276
-492
-196
-164
-308
-148
-228
-56
-32
-32
-56
-132
-132
16
-340
-212
244
148
-32
-120
88
-48
-148
-80
-32
-164
-72
-48
-180
292
460
-148
132
48
-372
-24
-292
56
-24
-72
212
-96
-164
-556
-492
-120
-324
-308
244
148
132
148
-112
48
16
-64
-40
164
24
72
428
260
196
308
-88
-588
64
112
-340
372
460
-80
-308
-148
-132
-228
-56
120
48
48
-80
88
-56
-372
-8
80
-260
-228
260
244
56
196
32
8
276
196
120
428
748
196
8
396
276
228
196
64
396
356
-276
-212
-40
308
260
-164
-72
72
180
-492
-556
-56
-96
-212
-460
-132
32
-324
-428
-112
-32
-524
-308
-120
-112
-196
180
396
164
180
-292
-356
228
276
-132
292
196
-164
-244
120
260
80
340
-96
212
72
-212
372
620
228
-196
228
324
-64
-180
324
324
120
-356
-56
556
-356
-148
180
428
-32
-148
524
396
-8
-72
24
-396
-372
-524
-324
-324
-196
-180
-652
-428
-924
-812
-372
-524
-428
-48
-372
-396
-396
-652
-396
-524
-180
-196
-324
-244
-196
-276
40
460
32
164
16
-104
180
324
524
428
556
260
164
428
0
196
492
396
460
716
812
324
228
88
-72
308
396
324
88
164
-8
-164
-340
96
56
-96
-212
-308
276
-64
132
-64
-244
148
8
-196
148
556
-212
-132
180
56
-212
460
-80
-356
684
132
-180
292
396
-40
212
276
56
32
372
276
-428
244
48
-228
340
-56
96
652
196
-324
16
40
-88
-244
356
324
-260
-32
-228
24
72
-292
-148
324
308
-396
-396
8
148
-356
-524
-372
-228
-356
-588
-340
96
148
-524
-492
-396
-428
-292
-180
-48
8
-356
-340
-428
-32
-228
-588
244
-112
72
64
-48
-80
0
96
-132
88
228
8
-228
324
-244
120
212
-132
244
-24
-40
260
492
196
148
212
16
-8
96
524
32
-212
-96
0
48
-88
148
24
104
-32
96
112
308
196
-180
164
-196
-148
64
292
32
-56
460
104
-48
56
340
40
164
148
8
228
228
-292
-396
396
308
-16
260
260
-24
-112
-24
492
72
396
292
-132
556
244
148
0
132
196
-212
-212
-104
276
-40
24
80
120
64
-428
-16
-8
0
-96
-244
-260
-492
-260
-244
-276
-492
-164
-372
-428
-396
-588
-80
-460
-780
-524
-80
-396
-372
-48
-180
-356
-308
-356
-492
-16
88
-244
-164
356
-164
-104
180
120
244
120
132
0
8
-148
-72
340
324
120
112
0
276
244
-16
556
588
460
40
-24
716
620
164
148
524
396
-132
-164
396
460
356
-196
260
524
0
-56
196
684
324
40
120
132
132
16
-112
324
196
-72
24
-64
132
-228
-64
8
-428
292
-212
-716
212
180
-356
-244
-292
-56
-340
-460
148
-8
88
-112
-524
-80
-132
-72
-32
-212
-132
-228
-492
-292
-164
-396
-96
-164
-340
-260
-88
-96
-72
-120
-72
-132
-112
80
-196
-80
120
-396
48
180
-372
212
88
24
164
-120
-16
180
-88
-64
212
112
24
-132
-64
244
-228
-72
212
148
132
0
112
148
16
-8
228
-72
0
32
-16
0
-132
228
-212
-324
180
164
164
180
-64
132
132
-340
-120
276
212
-180
276
396
-132
112
132
-132
212
620
-212
308
492
56
260
460
396
-112
620
260
-96
460
492
324
260
180
48
88
148
460
212
428
88
-276
-132
-32
132
-308
0
244
-180
-260
276
-244
-24
164
-88
-64
-276
132
-356
-396
104
-524
-96
-148
-748
-324
-80
-340
-356
-32
-148
-588
-588
112
-588
-396
-228
-652
-88
-396
-652
-396
-132
-308
-292
-148
-180
228
-164
-396
-32
324
-324
-524
212
-48
96
16
164
148
260
-88
-276
396
-24
-32
228
148
196
88
-148
32
-180
-96
180
-212
276
180
-276
56
8
56
148
-148
196
-64
-80
428
8
24
244
96
-96
212
-88
308
148
112
64
72
556
80
-72
324
428
-244
308
324
292
396
148
588
212
396
492
228
524
428
308
196
340
308
260
396
428
32
228
324
-148
196
492
260
244
88
64
-180
-64
-24
-80
-112
-48
-260
-428
32
-356
-292
48
-180
-396
-244
-132
-492
-396
-40
-588
-428
-80
-716
-492
-308
-260
-524
-276
32
-812
-276
-196
-396
-164
0
-32
-104
-112
-228
-244
-196
164
-196
-244
-260
-212
324
56
-292
80
132
-56
-308
112
340
-32
-132
0
-72
-104
460
-132
-40
292
-164
-96
-244
292
164
-324
356
-56
-104
132
-276
-24
228
-64
48
-24
-148
72
-260
228
-120
0
460
-276
-72
244
48
64
164
340
-8
-8
492
180
-96
396
292
228
180
-24
308
492
308
148
556
716
-96
212
780
428
88
292
260
-80
372
180
244
308
8
-276
148
356
-80
32
276
-148
-460
132
-308
-396
-8
-164
-292
-492
-180
-196
-524
-556
-48
-164
-112
-8
-396
-260
-308
-396
48
72
-132
-228
-372
0
-228
8
244
-132
-72
16
-324
-104
0
-164
24
-112
-132
-72
-56
-96
-164
0
40
-148
-356
132
-48
-148
-32
-196
-48
-308
-340
-96
196
-180
-112
-32
196
-104
-492
196
-88
-16
-180
120
132
-24
-56
-292
324
104
-96
-32
652
-148
8
180
-120
148
96
324
48
588
244
88
228
196
196
132
260
260
396
556
308
276
556
8
276
620
180
652
460
260
292
212
64
-16
244
460
292
260
228
-132
212
-96
-460
104
-8
-324
-180
0
-196
-120
-460
-492
-196
-460
-460
-428
-64
-292
-684
40
96
-684
-104
-24
-228
0
-276
-148
-212
-148
-292
-260
148
-180
-372
132
212
-40
-88
-80
56
-16
-228
-308
244
132
-460
-104
120
-244
-132
-112
-104
244
-244
0
-8
0
16
-132
228
-244
356
180
-112
260
148
-292
-428
428
164
-164
260
292
48
72
-148
8
260
104
16
40
340
72
-164
148
72
96
120
0
356
180
-112
228
164
96
292
148
64
324
132
-16
104
212
260
80
-72
244
148
148
80
132
324
-96
24
64
72
0
-212
-72
460
-276
-460
0
40
-164
-524
-276
-396
-228
-292
-716
-212
180
-556
-588
16
40
-620
-164
72
-324
-212
-24
-180
-180
24
-164
0
164
-64
-132
428
132
24
212
48
244
228
244
260
104
-64
80
244
180
80
0
0
8
-212
80
212
-40
-8
-492
-260
-212
-96
-88
0
-196
-228
-372
-460
132
-228
-260
-80
-80
56
180
56
-104
180
356
-244
40
212
-16
0
104
260
164
324
112
308
556
-132
212
620
16
-80
292
228
460
244
64
212
324
396
0
396
620
-180
180
396
-96
428
48
-132
372
428
8
8
588
396
-276
72
396
-24
-24
-8
120
-32
-212
-276
-396
-244
-292
-372
-196
-324
-556
-556
-396
-308
-924
-244
-396
-844
-588
-276
-244
-716
-80
-428
-556
-356
-196
-460
56
-120
-556
-48
-8
-48
-428
196
56
-80
148
0
-104
112
276
-164
228
324
212
-80
0
164
0
24
88
292
-24
-48
24
180
96
-180
180
196
-80
132
356
-32
-180
88
340
-56
0
276
180
244
164
8
196
492
48
-64
-24
396
324
-324
132
524
356
16
104
460
460
40
148
556
356
212
0
340
684
24
-80
588
396
260
48
212
556
72
0
340
428
-24
24
356
212
96
260
-120
-96
132
-244
40
292
-8
-324
-72
-120
-292
-72
-104
-132
-164
-324
-524
-292
-356
-120
-340
-588
-212
-212
-652
-620
-72
-132
-340
-460
-40
-180
-396
-148
-212
-16
-132
-276
-308
48
-96
-212
56
-228
132
72
-196
-80
372
-80
-428
260
64
-372
-212
-48
-292
-260
-196
-212
-132
-196
-324
-212
-8
-556
-324
132
-340
-652
-8
-164
-372
-104
-324
-260
0
292
-308
-132
396
-324
-308
356
196
212
340
104
196
276
-24
104
260
524
396
104
292
212
148
396
340
244
460
164
212
120
324
492
-64
460
460
-180
8
524
308
24
372
324
180
212
180
80
372
396
148
276
492
276
-24
244
164
64
244
132
40
-8
-80
-64
-16
-104
-244
56
-164
-428
32
-56
-324
-292
-244
-356
-228
-96
-308
-132
88
-96
-460
40
-48
-356
32
-72
24
-16
8
8
24
8
-180
96
-132
-148
0
96
-40
-72
132
-212
64
64
0
0
260
-164
-212
132
-244
-340
-212
148
-356
-180
24
-292
-260
-292
72
96
-196
-96
40
-228
-260
120
556
96
-64
228
-56
24
0
72
356
276
132
88
0
196
120
196
228
24
148
104
24
0
324
212
-104
88
-292
-372
80
-32
-340
-96
132
-340
-588
-72
-88
-428
-164
-308
-164
0
-324
-340
72
-132
-556
-148
196
148
-340
-120
260
-88
56
-72
-8
244
-88
-112
-80
228
-32
-212
-148
-88
292
24
-292
-64
324
-212
-460
96
228
96
0
196
212
148
-96
64
212
-8
396
276
228
340
0
180
16
80
428
148
260
396
212
180
16
308
260
-64
120
180
40
132
132
148
-80
-308
40
-228
-132
48
-132
40
-16
-8
48
40
96
120
164
-32
148
260
148
112
0
460
40
-180
396
196
32
148
244
260
112
16
-24
-8
324
-40
-104
104
56
-8
-164
-148
32
-48
-428
-212
-80
96
-112
-308
-96
-180
-132
-492
-212
48
-112
-196
-148
-292
-260
-40
-260
-80
-196
-8
-260
-340
-88
-8
0
-164
-164
-120
-196
-340
-40
-228
-396
-428
-292
-120
-492
-212
-96
-148
32
-196
-40
-104
-260
-112
-32
-32
-120
-24
8
-164
212
0
8
228
132
132
-48
212
112
40
148
148
0
340
340
-8
80
164
212
-104
148
164
-64
196
-56
-228
148
228
-324
32
244
-244
-180
104
112
-292
-8
164
-64
96
112
-48
180
72
40
276
324
276
-32
324
396
-112
356
396
40
340
372
164
356
396
396
244
196
428
104
180
104
164
324
-8
-16
164
56
8
24
48
8
-148
-56
212
-40
-228
-32
16
-104
104
132
24
180
48
-180
0
148
0
-24
56
-24
0
-80
-196
132
164
-164
-292
-88
-292
-428
-292
-120
-244
-180
-308
-396
-148
-356
-340
-148
-196
-276
-148
-212
-372
-260
-96
-244
-356
16
-56
-308
64
-64
-292
8
32
-244
-212
72
-8
-292
-56
-48
196
120
-428
-72
88
-212
-164
40
0
-180
-164
-32
-148
-64
-56
-80
164
-196
-276
196
-120
-228
64
112
180
164
212
96
24
96
148
196
340
148
132
260
80
96
228
396
212
276
276
48
292
112
0
132
212
180
96
132
164
40
244
112
-16
324
40
0
132
8
120
148
96
24
112
80
-180
88
292
212
56
40
-80
48
196
-228
-56
196
-24
-120
-32
104
132
-96
-104
0
-148
-96
-32
-120
104
-96
-96
-64
-72
24
-148
-96
-80
0
-72
-196
-72
-148
-32
-40
64
132
-48
-48
-48
-212
-72
40
56
80
-132
56
16
-56
16
-16
112
0
-164
-32
-48
-88
24
-96
-180
-24
-32
-164
-260
-64
-40
-180
-260
-148
-148
-112
-72
-292
-88
8
-228
-308
-80
16
-180
-132
-40
-196
-228
-64
-56
-96
0
0
-32
24
16
-96
148
56
-80
132
104
96
16
0
40
64
40
0
112
164
260
32
88
276
148
104
212
396
260
212
244
164
212
148
0
148
396
120
148
356
196
80
40
40
40
80
16
-120
104
0
-244
-64
8
-148
-196
32
-40
-96
-24
-212
-180
-88
-260
-180
-104
0
-96
-228
-228
-148
-132
-164
-8
-56
-88
-132
-32
40
0
72
56
-96
-64
180
148
24
32
104
104
148
148
308
228
40
48
356
396
64
244
292
228
104
164
308
228
148
0
132
228
164
48
104
24
-32
24
-120
8
24
-72
-244
-308
48
-80
-372
-16
8
-244
-164
-164
-196
-212
-32
-104
-228
-96
-244
-212
-164
-196
-228
-88
-120
-180
-196
-244
-308
-196
-48
-228
-212
-96
-148
-196
-72
-80
-196
-132
-260
-164
-56
-112
0
-80
32
32
-132
-32
-8
-24
0
40
212
-16
-212
72
72
64
48
-40
40
-112
-148
-8
148
8
-80
0
-24
0
-132
32
-32
48
80
-16
64
16
80
104
180
164
196
48
212
80
32
292
40
276
308
308
276
212
276
196
260
356
244
276
276
8
276
324
64
148
180
196
64
88
132
-8
72
0
-80
64
88
16
24
48
56
24
-48
-88
-24
80
-72
-80
64
-32
-80
-40
56
40
-120
-88
64
-88
-88
-112
-96
-64
-48
-8
-148
-64
-72
-88
-80
24
-16
-196
-228
-196
-48
0
-24
-120
-16
-8
-48
48
72
-40
-24
32
40
24
-56
-32
-72
-88
-24
-40
-88
-32
-48
-104
-120
-228
-196
-148
-196
-244
-96
-112
-292
-292
-196
-148
-308
-276
-228
-260
-340
-292
-164
-212
-132
-104
-148
-148
-56
-104
-164
-16
-64
48
-64
-32
212
56
-16
164
324
180
0
228
324
260
228
244
396
244
32
212
396
356
340
428
340
164
196
112
104
428
396
196
228
260
80
32
88
8
132
196
-40
-132
72
0
-96
24
72
32
-40
-180
-48
0
-148
-80
-80
-132
-148
-112
-64
-88
-72
-88
-88
-196
-132
-16
-196
-260
-132
-8
-120
-180
-48
-64
-196
-80
-24
-148
-72
-16
0
32
72
96
32
-40
-32
40
-24
-24
40
72
16
-120
-40
64
48
56
-16
8
112
24
-104
56
260
80
-96
32
164
-8
-48
104
112
64
-16
-8
24
24
0
-16
96
120
32
40
56
32
0
-104
-8
8
-64
-88
0
16
-56
16
0
-96
-8
56
-72
-40
-64
-148
32
0
-8
-8
-112
-96
-72
-88
-8
104
-8
-164
-132
-72
24
-56
-96
40
-120
-180
-180
-132
-132
-112
-16
-80
-104
-120
-132
-164
-164
-132
-104
-72
-148
-180
-32
-56
-88
16
88
40
-64
-8
16
-32
120
88
24
56
0
64
120
148
120
148
196
196
164
180
104
112
212
180
196
180
132
8
96
228
96
64
196
164
-24
0
148
96
-48
72
80
40
40
-40
24
96
-48
-96
88
0
-56
-88
-48
40
16
56
32
96
180
0
-80
104
112
48
96
132
148
72
56
148
132
196
148
48
132
48
-8
132
132
64
80
48
96
40
80
164
96
32
24
24
16
-96
-80
56
-72
-132
-64
-64
-24
-120
-164
-72
-132
-180
-260
-340
-244
-212
-356
-340
-260
-276
-292
-396
-324
-276
-292
-276
-292
-212
-340
-372
-244
-180
-228
-260
-148
-212
-276
-164
-164
-120
-88
-80
-72
-56
-40
-48
0
24
96
148
180
104
112
180
180
148
196
244
260
212
148
260
180
112
180
212
292
196
132
164
80
24
0
32
112
64
-8
72
72
8
16
64
72
0
0
24
24
16
-24
32
64
24
64
88
88
88
112
96
104
132
132
104
88
112
104
64
56
112
72
24
80
88
48
96
132
40
72
80
0
0
16
-24
-72
-40
-96
-104
-132
-148
-72
-32
-8
-48
-48
-64
-196
-132
-8
-40
-56
-8
-80
-104
-120
-180
-120
-72
-120
-104
-64
-56
-72
-104
-80
-32
-48
-40
-8
-24
-8
-64
0
96
56
0
72
48
-48
24
88
120
112
164
164
164
120
104
196
196
148
112
148
104
64
64
104
180
148
96
64
56
-8
-24
24
16
-16
-120
-148
-132
-196
-132
-72
-88
-164
-196
-212
-164
-132
-148
-164
-148
-164
-164
-88
-56
-104
-132
-88
-104
-120
-112
-104
-80
-104
-120
-40
-40
-32
-40
-56
-8
-56
-64
-8
-40
-56
-80
-104
-104
-72
-120
-56
16
0
-32
-48
-48
-88
-80
-40
0
8
32
32
-8
-8
-8
0
96
120
104
132
88
24
32
96
132
132
132
112
104
132
196
212
164
180
88
32
104
132
112
80
88
132
56
96
180
164
148
88
104
132
88
40
120
148
56
56
120
64
0
64
132
148
132
120
112
40
24
56
32
56
88
16
48
32
-8
-16
-80
-88
-40
-112
-132
-64
-132
-132
-72
-72
-132
-148
-112
-132
-132
-88
-64
-56
-104
-132
-104
-72
-88
-64
-64
-80
-32
-24
-16
-24
-56
-64
-96
-80
-48
-48
-40
0
-8
-32
-72
-88
-104
-96
-16
0
-40
-88
-80
-88
-132
-88
-40
-80
-88
-120
-132
-64
-40
-32
-24
0
0
0
-40
0
24
8
0
-8
-16
-32
-32
16
40
40
72
32
0
0
0
16
8
32
56
48
32
48
8
-32
16
48
16
32
80
64
48
32
48
48
24
64
120
148
148
104
80
56
48
88
104
72
48
32
32
56
80
112
64
32
64
8
-8
40
8
8
24
32
96
48
24
80
64
64
96
104
64
8
-8
0
16
56
104
112
64
48
56
80
56
48
56
40
32
32
48
32
0
8
40
0
24
16
0
-32
-48
-64
-40
-64
-64
-32
-80
-96
-96
-80
-96
-104
-112
-148
-180
-212
-196
-132
-112
-132
-132
-148
-164
-180
-120
-112
-164
-180
-180
-180
-164
-112
-112
-112
-132
-164
-148
-120
-120
-120
-132
-112
-56
-32
0
-16
-32
-96
-80
-24
0
16
16
-16
-32
-48
-32
32
48
40
48
48
64
64
48
56
64
48
32
16
40
32
56
48
88
148
120
120
132
132
112
120
164
196
164
132
132
148
180
164
148
164
132
120
132
132
164
132
96
112
132
132
164
164
132
96
80
112
96
104
96
72
32
16
32
40
56
32
64
80
72
64
56
24
8
0
16
40
0
-48
-40
-32
-56
0
0
-32
-72
-64
-64
-56
-48
-72
-96
-120
-120
-132
-148
-120
-148
-164
-196
-164
-164
-180
-148
-148
-148
-132
-164
-148
-132
-132
-96
-96
-96
-112
-120
-120
-112
-96
-64
-72
-72
-64
-48
-56
-80
-64
-56
-40
-40
-24
-32
-64
-80
-80
-40
-40
-48
-48
-48
-32
-40
-24
0
-24
-40
-16
-24
-56
-24
24
40
80
132
164
180
132
88
88
88
96
72
0
-16
0
-16
64
148
148
120
112
112
148
180
212
164
56
24
-24
8
32
32
32
40
64
88
148
180
148
112
112
64
64
72
40
8
0
-56
-24
8
0
56
40
32
24
16
0
-8
-40
-64
-48
-32
8
16
8
8
-8
-56
-24
-8
-32
-32
-56
-96
-96
-96
-80
-48
-56
-64
-32
-16
16
40
48
72
40
16
-16
-32
-32
-8
0
-8
-40
-56
-24
32
112
148
148
120
56
48
48
64
80
64
24
-8
-16
-16
0
16
16
0
0
-16
-24
-24
-16
-24
-32
-40
-32
-16
-40
-40
-24
-48
-48
-72
-96
-96
-112
-104
-88
-96
-96
-104
-96
-64
-48
-64
-72
-88
-80
-88
-104
-88
-120
-148
-148
-104
-104
-80
-72
-96
-72
-72
-48
-8
0
-40
-64
-56
-80
-64
-48
-40
-56
-40
-40
-32
-16
-32
-32
-16
-8
8
24
24
8
-8
-8
0
32
72
64
72
40
32
64
80
96
72
56
48
40
48
72
72
88
72
56
72
72
80
72
56
48
72
72
64
96
112
64
80
112
96
112
120
132
148
132
112
104
104
80
80
112
104
104
120
112
112
132
148
196
148
148
148
88
88
120
132
104
104
96
56
24
48
64
56
48
48
56
72
56
48
48
40
0
-16
0
-40
-56
-72
-88
-48
-56
-64
-48
-80
-104
-120
-148
-148
-132
-148
-164
-180
-196
-196
-180
-180
-180
-196
-196
-196
-228
-196
-180
-196
-196
-196
-212
-212
-196
-180
-212
-196
-148
-132
-120
-132
-132
-132
-148
-148
-148
-148
-148
-148
-132
-112
-96
-80
-72
-64
-48
-24
-16
-8
-8
-24
0
-8
-24
-16
-16
0
0
8
32
32
40
80
104
104
112
120
112
120
120
120
120
112
104
96
96
104
132
132
148
148
164
196
180
180
164
148
132
132
132
132
112
104
104
80
96
88
104
112
120
112
96
96
104
120
120
120
132
132
96
80
104
112
112
132
112
88
96
88
80
104
120
96
96
80
64
40
24
24
8
-24
-40
-40
-32
-48
-8
0
-32
-48
-40
-24
-56
-64
-40
-64
-88
-64
-48
-64
-96
-112
-132
-132
-104
-112
-104
-104
-132
-132
-112
-88
-104
-80
-72
-80
-96
-104
-132
-148
-148
-132
-120
-120
-132
-120
-120
-132
-104
-104
-96
-112
-112
-132
-132
-104
-88
-112
-80
-56
-88
-96
-56
-48
-64
-48
-56
-40
-48
-48
-56
-40
-48
-48
-16
-16
-16
-16
0
-32
-24
-24
-48
-24
-8
-16
-16
-16
-16
0
32
56
40
24
8
8
32
48
64
80
56
24
48
80
88
96
96
112
96
96
120
132
132
132
148
148
132
104
104
112
112
132
132
112
72
56
80
88
96
104
88
72
72
88
104
80
88
64
40
48
56
48
48
48
24
32
40
48
56
56
48
48
48
32
32
32
32
16
16
24
40
24
8
0
-8
-8
-8
0
-16
-8
-16
-24
-8
-16
-32
-24
-32
-40
-40
-32
-40
-56
-56
-48
-40
-48
-40
-40
-40
-40
-48
-56
-64
-48
-40
-72
-64
-56
-56
-48
-48
-64
-64
-80
-80
-88
-80
-80
-96
-96
-96
-80
-64
-64
-64
-72
-72
-80
-72
-48
-56
-72
-56
-40
-56
-32
-16
-24
-16
-16
-16
-16
0
0
-24
-16
8
16
16
24
32
-16
-40
-16
-16
-8
0
-8
-8
0
0
8
16
16
24
24
8
16
0
-16
-8
0
0
-8
0
0
-8
-8
0
0
0
24
0
0
16
0
0
-8
-24
-8
-16
-8
16
16
16
32
40
48
48
32
32
32
32
32
40
32
0
0
24
40
40
40
56
56
48
64
72
64
56
48
64
56
72
88
64
48
