SAMPLES:	7927
BITSPERSAMPLE:	16
CHANNELS:	1
SAMPLERATE:	16000
NORMALIZED:	FALSE
0
-16
8
32
-40
16
40
-40
-16
48
-40
-16
24
-24
0
0
24
-48
0
40
-32
-16
32
0
-16
0
-32
0
0
-32
0
32
-8
-24
-24
40
-32
-16
8
-16
-8
-16
16
-32
8
0
24
0
8
0
-16
16
-8
-24
16
8
-16
32
0
0
8
8
0
16
-8
0
32
0
0
-16
40
16
-32
32
32
-16
8
0
-8
-8
8
-8
-8
40
-8
0
24
0
-16
24
0
-32
32
8
-24
8
32
8
0
24
24
0
0
24
-48
24
24
-48
24
64
0
0
32
8
8
-16
16
32
-16
0
24
-8
0
32
0
0
8
0
8
-8
0
0
0
0
0
8
0
-24
16
8
-16
16
0
0
0
-16
-16
-16
8
0
8
16
-40
8
48
-56
-32
48
0
-40
0
40
-32
-8
48
-48
-56
8
8
-24
-24
56
-8
-72
40
-8
-56
-8
40
0
-48
0
8
-16
-72
8
-8
-16
-24
16
-8
-40
40
-32
-56
0
40
-40
-32
24
-8
-56
-16
16
-16
8
8
-32
24
24
-64
16
16
-40
8
16
-8
0
72
8
-72
16
64
-16
0
32
32
8
-32
-24
0
-8
8
8
40
48
-8
0
-40
0
64
-16
-24
88
32
-72
8
80
-32
-32
72
32
-40
24
40
-8
16
16
-16
32
48
8
-48
16
0
0
0
-8
64
8
16
-48
32
16
-24
48
-56
-16
72
-8
-64
64
8
-8
-40
8
104
-40
-8
32
8
-8
-40
8
0
16
72
-32
-24
32
16
-16
-16
16
16
40
0
-40
8
32
-8
-24
24
56
-48
0
16
8
0
-8
8
8
-40
0
0
-16
96
-64
-24
8
16
-24
-72
72
-16
-48
-48
32
-48
-80
56
0
-56
0
24
-40
0
-8
-56
-64
40
-24
-88
40
16
-8
-72
16
32
-56
8
24
-8
-48
8
24
0
-16
48
-8
-40
8
-16
8
-16
48
-8
-32
40
24
-8
-24
24
8
8
-8
32
-24
-40
56
16
-24
72
88
-40
-8
16
-32
-32
40
48
16
0
-24
-32
-8
16
-48
88
80
-32
-24
-8
-8
-72
40
72
-48
-32
48
32
-32
-24
0
0
-16
24
32
0
-8
8
-8
-32
-16
-16
8
48
16
8
8
-24
-56
-16
-16
32
104
16
-48
8
24
-72
-24
8
64
56
8
56
-16
-32
0
-32
32
24
32
16
-16
40
-24
-48
0
-8
8
48
40
48
0
-104
-48
-56
0
24
72
72
-32
0
-80
-72
-64
-40
24
88
56
-40
-48
-80
-72
-72
16
80
64
0
-56
-88
-96
-88
-72
80
80
96
32
-56
-80
-132
-72
-64
32
112
88
-24
-8
-8
-96
-40
24
104
64
96
24
-40
-40
-72
-8
64
104
88
112
16
-48
-56
-56
-32
56
132
80
64
56
-16
-112
-48
32
24
40
120
88
-32
-96
-40
-16
-16
56
112
112
8
-32
-24
-88
-64
0
32
120
24
0
8
-88
-56
0
16
0
88
64
-64
-32
24
-64
-40
96
-16
8
88
0
-120
0
16
-80
24
96
40
-16
8
-72
-104
0
-56
-24
56
40
-32
-40
-32
-72
-112
-40
8
-8
40
-24
-32
-48
-96
-24
-48
-8
32
48
-32
-64
-64
0
-24
-56
72
56
8
-64
-40
-8
-16
0
0
88
80
16
0
40
-8
-40
-16
32
40
-32
48
56
0
0
24
0
-32
-8
0
24
-32
-48
16
24
8
0
40
24
-24
-32
0
-16
-40
-8
16
40
0
24
48
32
0
0
16
-8
8
8
8
0
-32
-16
56
24
8
40
32
0
-64
16
72
40
48
72
80
16
-24
16
56
24
24
64
72
8
-8
16
48
40
48
104
120
112
80
56
0
-40
-8
16
16
0
-24
-40
-16
-24
-24
0
-8
-8
-24
-16
-48
-112
-120
-88
-48
-40
-48
-32
-72
-96
-104
-80
-40
-72
-88
-64
-40
-56
-88
-64
-56
-80
-24
8
-64
-80
-72
-56
-48
-72
-40
-32
-40
-48
-32
-16
-40
-64
-24
8
0
0
0
0
-40
-16
-8
-8
0
-8
-48
-40
-40
-48
-40
-24
0
0
24
16
16
0
0
8
24
88
112
104
120
104
104
96
104
148
164
164
180
180
148
132
148
180
180
180
212
212
180
132
112
104
64
56
48
40
24
0
24
16
0
0
-40
-32
-48
-72
-88
-112
-104
-120
-120
-132
-96
-88
-88
-64
-64
-112
-120
-112
-148
-132
-112
-72
-112
-104
-64
-96
-104
-96
-96
-112
-112
-120
-132
-148
-148
-132
-148
-88
-40
-40
-64
-64
-80
-132
-112
-48
0
16
64
48
32
8
40
120
132
228
276
260
244
228
228
244
340
428
428
356
356
340
308
356
524
716
684
716
652
556
396
292
276
324
428
492
428
228
8
-228
-340
-340
-308
-356
-428
-556
-812
-988
-1116
-1116
-1116
-1116
-988
-1052
-1244
-1436
-1500
-1500
-1372
-1180
-988
-844
-748
-716
-684
-716
-652
-556
-428
-308
-244
-292
-340
-372
-292
-64
120
212
196
196
104
0
56
180
276
396
492
460
428
396
372
396
492
652
684
620
588
588
684
844
924
876
988
924
748
716
684
876
988
1116
1500
1980
2492
2748
2876
3260
3388
3260
2748
2108
2364
2876
3644
3772
3132
2364
1372
716
372
460
556
212
-588
-1564
-2876
-3772
-4092
-3644
-3132
-3516
-4092
-4860
-5372
-5884
-6140
-5884
-5372
-4604
-3644
-2876
-2748
-3004
-3260
-2876
-2108
-1116
-212
428
340
556
1308
2364
3004
1980
1628
1564
2236
2620
2620
3004
2364
924
-292
-228
244
748
748
780
-132
-1628
-2748
-2620
-1372
-620
-276
-524
-812
-1500
-1884
-1756
-1180
-652
-396
148
492
396
-276
-652
-260
396
748
844
396
-748
-1628
-1692
-924
-308
-524
-876
-924
-1116
-988
-1052
-988
-924
-1052
-56
1052
2236
3132
3644
4860
5628
5372
4348
3004
3260
5116
7164
8316
7420
5628
3772
2620
3004
3772
4604
4092
2364
-16
-2236
-3260
-3004
-2236
-1692
-2492
-4092
-5372
-6396
-7164
-7676
-7676
-7164
-5884
-4860
-4348
-4604
-5372
-5628
-4860
-3260
-1500
-396
-340
-1052
-1564
-1308
40
2108
3772
4092
3772
3644
3772
3900
3388
3132
3004
3004
2748
2492
2236
1692
748
-164
-492
-260
-80
-460
-812
-1500
-2236
-2876
-2364
-1372
-844
-876
-1052
-1116
-1244
-1500
-1308
-652
-492
-588
-556
-276
-112
-228
-104
260
244
-244
-556
-924
-1308
-1628
-1500
-1052
-1116
-1372
-1244
-924
-684
-180
212
652
460
164
428
716
1308
2492
4092
6140
7420
6652
5116
2492
1980
4092
6908
9340
8828
6908
4348
2364
2108
3388
5372
6140
4348
988
-2364
-4348
-4092
-2620
-844
-1116
-3132
-5884
-7676
-8316
-8828
-7932
-7164
-6396
-6396
-6140
-5884
-6396
-6396
-5884
-4092
-2108
-924
-812
-1756
-2876
-3004
-1180
1692
3772
4092
3644
3004
2364
1980
1980
3260
4092
3644
2108
748
0
-716
-1116
-684
-132
-492
-1500
-2492
-3132
-3644
-3772
-3132
-1820
-1180
-1756
-2748
-3004
-2492
-1820
-748
396
748
24
-780
-340
924
1980
2748
3004
2620
1756
988
1052
1116
988
1052
1436
1436
716
-8
-196
180
652
1244
1628
1116
180
-24
716
2236
3900
5372
6908
7164
5884
4092
2876
4092
6140
8316
9340
8316
6652
4348
3132
3644
5116
6396
5884
3004
-988
-4092
-4604
-2620
-120
196
-2364
-6140
-9340
-9852
-8828
-7420
-6908
-7164
-7932
-8316
-8316
-7676
-6652
-5884
-4860
-4092
-3516
-2876
-2748
-2748
-2620
-1308
924
2876
3644
2876
1564
844
1628
3516
5628
6140
5628
3772
1500
396
588
2236
3004
2492
652
-1564
-3004
-3388
-2236
-748
-104
-924
-2620
-4092
-4604
-3772
-1980
-292
180
-684
-1980
-2364
-1756
-556
524
1372
1500
780
-16
-292
180
780
1308
1692
1564
428
-876
-1436
-988
-292
524
1052
780
-292
-1116
-924
8
1180
1980
1820
924
-164
-196
1052
2876
4604
5628
6908
7164
6140
4348
3260
4348
6140
7932
8316
7164
5884
4348
3516
3644
4860
5628
5116
2236
-1372
-4092
-4604
-2620
-96
340
-2108
-5884
-8316
-8828
-8316
-6652
-5628
-5884
-7420
-8316
-8316
-6908
-5372
-4092
-3772
-3900
-4092
-3772
-3260
-2876
-2620
-1564
148
1564
1884
1244
620
876
2364
4092
4860
4348
3132
1980
1052
1052
1980
3132
3004
1372
-104
-556
-556
-196
396
524
-132
-1500
-2236
-1884
-1372
-1052
-396
372
524
-180
-716
-492
-180
56
428
1052
1116
372
-196
-40
292
460
780
1116
588
-684
-1436
-1116
-748
-684
-428
-308
-684
-1372
-1244
-492
8
180
428
588
396
228
812
1628
2108
2492
3004
3772
4348
5116
5372
4860
3644
3388
4348
5628
6140
6140
6140
4860
3644
2876
3260
4092
4092
3004
1052
-1244
-2748
-2236
-340
780
-132
-2492
-5116
-6652
-6652
-5372
-3772
-3644
-5116
-6652
-7164
-6652
-5372
-3772
-3132
-3900
-5116
-5628
-5116
-4092
-3260
-2364
-1980
-2236
-2364
-1980
-1180
-492
-132
428
716
780
1116
1628
1756
1308
1244
1884
2364
2364
1980
1500
1180
844
1180
1884
2108
1500
620
72
-72
260
988
1756
1500
620
-64
-164
244
716
1116
1116
556
-132
-372
-96
292
556
524
492
-40
-652
-876
-844
-620
-492
-228
32
-212
-588
-652
-308
260
876
1436
1628
1308
988
1372
1884
2236
2748
3004
3132
2620
2108
2364
2748
3132
3516
3772
3388
2748
2748
3132
3388
3004
2492
2108
1820
1628
1692
1980
1820
1308
620
32
-212
-164
0
-372
-1116
-2236
-2876
-2620
-2108
-1692
-1980
-2748
-3772
-4092
-4092
-3516
-3132
-3388
-4092
-4860
-4860
-4348
-3644
-3132
-3388
-4092
-4604
-4348
-3644
-3132
-2876
-2748
-3004
-3260
-3004
-1980
-1308
-1052
-988
-1116
-1052
-844
-96
684
1052
1052
1180
1500
1820
2108
2364
2364
2364
2492
2748
3004
3004
2748
2620
2364
2364
2364
2492
2364
1980
1564
1116
876
924
1116
1052
812
356
72
-148
-260
-112
120
180
8
-120
-228
-260
-88
260
428
556
460
396
524
716
988
1180
1308
1372
1372
1372
1500
1500
1628
1820
1884
1980
1980
1628
1436
1308
1436
1564
1564
1436
988
524
396
524
748
812
588
228
-148
-340
-228
-32
-80
-292
-556
-748
-748
-652
-556
-652
-876
-1116
-1244
-1308
-1244
-1500
-1884
-1980
-1980
-1756
-1692
-1756
-1980
-2236
-2492
-2236
-2108
-1980
-1884
-1980
-2108
-2236
-2108
-1820
-1436
-1372
-1500
-1692
-1756
-1756
-1564
-1308
-1180
-1052
-988
-924
-876
-812
-620
-428
-96
0
0
-112
-324
-292
-164
-88
32
56
-24
-132
-196
-72
8
96
180
276
260
260
292
396
460
556
812
988
1180
1180
1244
1308
1372
1500
1692
1884
1980
2108
2108
1980
2108
2108
1980
1980
1980
1980
1980
1980
1980
1980
2108
1980
2108
2108
1980
1884
1692
1500
1308
1244
1116
924
716
460
260
196
96
-32
-276
-428
-524
-684
-716
-876
-1052
-1244
-1372
-1244
-1244
-1308
-1372
-1436
-1436
-1500
-1436
-1372
-1308
-1180
-1116
-988
-748
-588
-556
-588
-556
-492
-428
-212
24
40
-80
-180
-212
-104
80
132
56
-112
-148
-228
-324
-356
-396
-460
-492
-556
-652
-812
-988
-1052
-988
-988
-988
-988
-1116
-1180
-1180
-1116
-988
-988
-988
-924
-988
-1116
-1116
-1052
-924
-780
-748
-780
-716
-652
-492
-340
-164
40
180
180
180
228
308
524
780
924
988
924
924
1116
1372
1628
1820
1884
1820
1820
1820
1980
2108
2236
2108
2108
1980
1820
1692
1628
1500
1372
1180
988
780
492
196
80
-88
-212
-324
-588
-876
-1116
-1116
-1180
-1180
-1180
-1500
-1692
-1820
-1756
-1628
-1500
-1436
-1436
-1436
-1244
-1052
-876
-716
-652
-524
-340
-88
80
148
164
292
524
780
924
1052
924
748
812
988
1052
1180
1180
1116
1116
988
988
988
844
780
780
748
748
652
524
492
428
460
524
356
120
-80
-260
-292
-324
-308
-492
-844
-1116
-1372
-1436
-1500
-1564
-1692
-1884
-1980
-1980
-1980
-2108
-2108
-1980
-1884
-1756
-1564
-1436
-1500
-1564
-1436
-1180
-812
-556
-308
-164
-48
196
492
812
1116
1308
1372
1500
1756
1980
2108
2236
2236
2236
2108
2108
2108
2108
1884
1692
1628
1436
1244
1052
876
652
524
428
292
88
-132
-428
-652
-684
-652
-684
-812
-988
-1180
-1308
-1180
-988
-924
-924
-988
-1052
-1052
-876
-748
-620
-588
-620
-620
-492
-396
-212
-164
-148
-112
-40
96
164
180
132
196
212
196
260
244
244
244
292
308
396
524
716
812
812
812
780
716
844
988
988
876
716
620
652
716
748
780
620
356
104
-96
-148
-212
-292
-396
-620
-876
-1116
-1308
-1372
-1372
-1372
-1436
-1500
-1436
-1436
-1436
-1436
-1244
-1180
-1116
-988
-844
-748
-684
-492
-260
-120
88
276
356
492
556
620
716
780
780
812
844
924
988
988
876
652
524
460
340
244
212
148
48
0
-40
-96
-244
-276
-340
-372
-372
-372
-308
-292
-324
-244
-148
-40
96
164
180
228
276
340
524
620
652
588
556
556
588
620
588
588
588
492
396
396
356
244
180
96
-8
-80
-24
40
48
24
-96
-148
-56
48
196
196
120
40
-40
16
132
132
72
16
0
24
16
56
48
16
0
-56
-132
-260
-428
-588
-620
-588
-556
-588
-684
-780
-924
-988
-876
-716
-588
-556
-524
-460
-356
-292
-164
0
72
180
276
292
292
308
372
492
556
620
588
524
460
396
428
372
308
212
88
-112
-292
-428
-492
-524
-652
-684
-716
-844
-924
-988
-1052
-1116
-1116
-988
-876
-844
-844
-876
-812
-684
-428
-148
96
196
244
292
524
812
1116
1308
1308
1308
1244
1308
1500
1628
1628
1436
1308
1180
1116
1052
1116
1052
876
812
748
620
556
492
428
396
372
276
104
-40
-180
-276
-340
-396
-428
-460
-524
-524
-556
-620
-652
-620
-588
-524
-524
-620
-748
-780
-780
-780
-684
-620
-652
-716
-780
-716
-684
-652
-524
-460
-524
-524
-460
-340
-244
-228
-212
-132
-96
-16
148
276
372
460
492
460
428
460
556
588
556
428
260
148
56
56
104
96
64
0
-64
-196
-340
-396
-396
-396
-460
-524
-492
-524
-524
-524
-556
-492
-460
-492
-492
-460
-460
-396
-292
-212
-260
-244
-164
-148
-64
64
148
180
196
308
428
524
620
716
716
620
652
684
652
716
780
812
812
748
780
780
812
924
988
1052
988
924
876
812
780
812
924
988
988
748
492
324
244
244
212
212
96
-196
-372
-340
-324
-292
-276
-396
-588
-748
-876
-924
-924
-924
-924
-876
-812
-780
-748
-716
-652
-588
-524
-428
-356
-356
-340
-276
-180
-48
8
80
88
16
-88
-112
8
164
260
180
88
-8
-120
-104
-80
-112
-132
-212
-276
-372
-492
-556
-556
-492
-460
-460
-556
-620
-620
-588
-556
-396
-372
-372
-396
-524
-588
-588
-460
-396
-324
-340
-372
-396
-428
-372
-212
-88
-112
-132
-148
-292
-396
-428
-308
-104
0
72
48
-48
-88
40
308
556
652
556
492
524
748
988
1180
1308
1244
1244
1308
1372
1372
1436
1436
1436
1372
1308
1244
1244
1180
1052
1052
924
716
492
308
228
260
340
324
132
-80
-244
-324
-244
-64
-8
-164
-324
-492
-524
-492
-372
-260
-260
-308
-356
-356
-324
-324
-324
-276
-292
-276
-292
-356
-492
-556
-556
-356
-276
-324
-460
-620
-716
-652
-524
-396
-356
-460
-492
-428
-396
-340
-196
-72
-48
-88
-72
-40
-24
0
80
120
180
212
212
148
104
148
212
228
132
8
-164
-180
-180
-96
-64
-196
-340
-460
-556
-620
-524
-492
-492
-428
-396
-460
-524
-524
-556
-460
-324
-164
-148
-196
-244
-212
-212
-120
56
148
148
120
64
56
148
228
244
292
260
164
104
80
164
244
356
428
396
276
148
96
244
492
588
524
396
244
308
460
620
716
588
356
132
132
196
244
244
228
104
-32
-96
-104
-56
-80
-96
-148
-180
-180
-212
-196
-244
-212
-120
-8
8
0
-48
-96
-80
8
132
180
148
180
196
196
260
228
244
180
148
120
120
88
48
-32
-72
0
8
8
48
48
0
24
96
748
308
-148
-460
-588
-556
-652
-88
244
684
684
524
132
96
-228
-276
-112
40
356
164
340
324
356
56
-96
-8
-32
-96
48
308
132
72
16
-16
-276
-428
-428
-372
-196
-8
72
-120
-460
-652
-652
-524
-324
-24
228
292
180
196
164
-40
-132
-180
-228
-324
-356
-196
-24
0
72
96
-48
-308
-460
-396
-324
-228
-164
-196
-428
-620
-492
-196
64
132
244
212
24
-72
-132
-56
16
72
132
164
132
64
120
164
148
104
96
32
16
0
40
356
372
428
260
-112
-556
-876
-876
-812
-524
-324
-196
-324
-308
-492
-524
-524
-460
-212
-164
132
120
164
16
-80
-148
-80
132
308
492
492
684
556
620
620
684
588
492
556
524
684
524
556
372
276
164
180
228
228
164
196
356
324
228
88
8
-80
-32
-8
48
-24
-132
-180
-180
-16
196
260
260
212
56
48
48
-8
8
24
40
0
-80
-88
-212
-260
-196
-132
-104
-164
-276
-292
-276
-180
-8
-96
-196
-244
-148
-32
132
292
356
260
196
228
164
180
228
340
428
324
372
372
396
372
292
292
196
112
80
56
24
72
16
24
-32
-112
-196
-308
-396
-460
-396
-428
-428
-460
-684
-748
-812
-588
-460
-428
-340
-324
-396
-556
-588
-556
-524
-524
-372
-308
-372
-588
-460
-372
-356
-276
-260
-308
-524
-460
-460
-396
-372
-228
-64
-8
-88
-180
-112
-212
-164
16
244
292
308
428
324
244
260
396
460
620
556
588
620
492
556
556
556
428
460
396
396
524
556
428
276
196
72
148
212
112
24
96
112
80
48
8
180
180
72
148
180
132
72
148
148
104
148
148
104
164
132
148
164
148
356
260
96
180
492
324
244
492
276
132
148
228
56
260
244
16
-40
24
88
-24
88
-132
-120
-104
-212
-64
212
96
-180
-88
-292
-372
-228
-80
-132
-112
-56
-524
-684
-460
-620
-684
-492
-492
-716
-556
-716
-1116
-924
-716
-924
-1052
-588
-588
-924
-988
-748
-812
-652
-340
-396
-196
-120
-180
-356
72
228
-88
428
588
196
356
684
524
652
1052
556
396
844
716
428
748
684
460
780
556
180
524
924
228
-196
212
292
80
-148
24
244
72
8
-104
340
460
0
120
324
-88
-324
132
-104
-96
104
148
24
132
56
112
-104
-196
56
-180
-180
-492
64
16
-524
-276
-112
-428
-716
-524
-588
-308
-276
-524
-244
-308
-244
-8
-340
-32
308
244
180
244
460
292
-276
460
844
372
588
340
492
428
16
524
428
228
-80
-396
120
-556
-196
260
-428
-396
-132
-588
-716
-80
-96
-428
-620
-8
-180
-228
-196
-340
-112
-180
80
40
524
396
-32
212
428
372
492
716
556
180
180
356
556
556
276
396
112
276
684
112
-212
428
260
-16
276
212
-148
-196
24
-524
88
556
-164
-244
120
104
-428
64
-324
-112
356
88
-104
40
372
-524
-104
-244
-228
-64
56
8
-492
-244
-340
-652
-844
-196
-492
-524
-460
-492
-812
-588
-372
-1372
-556
132
-812
-844
-292
-324
-276
-324
-212
-228
96
16
-460
228
260
-356
372
180
-308
308
148
64
-104
428
16
-428
716
292
-260
276
24
-308
292
16
-40
-244
-196
104
-148
276
132
356
180
-276
356
492
844
652
396
876
524
132
556
652
620
812
716
748
844
716
244
428
524
48
324
556
308
244
460
-276
-164
396
-132
-164
-148
-164
-276
-72
-164
-588
16
48
-180
104
180
-276
-324
356
-356
-524
780
228
-372
228
-8
-276
-260
-148
-104
-48
96
0
-492
72
56
-652
0
-492
-244
260
-460
-396
212
-620
-716
16
-292
-372
-40
556
-460
-780
372
-80
-460
104
-244
0
148
-620
-492
88
164
-244
-180
556
-64
-716
-16
-276
-212
-180
-276
180
64
-340
-460
-148
-112
-924
-620
88
-396
-684
180
-276
-324
-80
-132
-164
-8
780
-104
-112
684
260
-132
620
356
324
748
396
716
244
588
356
56
228
460
324
148
588
180
260
-132
196
524
72
64
148
180
-180
-292
-396
-212
-88
-308
-228
-276
120
-180
-48
-56
-372
-32
-32
-196
-260
324
-24
-556
-96
132
-460
-228
244
-164
-16
148
-56
-104
428
64
-588
308
0
-428
132
-16
-212
88
620
-96
340
460
324
492
32
556
524
780
812
340
372
620
104
132
556
212
620
492
524
780
428
-8
-196
80
80
-164
-132
96
-212
-620
-748
-652
-588
-292
-428
-748
-460
-780
-844
-588
-924
-716
-196
-148
-428
-308
-88
-40
-524
-132
148
-180
-196
-120
228
372
-8
148
492
80
292
228
228
588
308
340
148
0
716
-80
16
924
-72
-16
96
80
524
-652
-428
684
-80
-460
48
0
-80
-212
-132
-120
-228
32
-716
-260
24
-460
0
-372
-308
-244
-428
-340
-556
-396
0
-524
-396
164
-228
-180
-96
-228
-460
-148
16
-428
80
340
-180
372
524
196
588
276
324
228
460
844
748
844
428
620
876
460
196
748
748
356
340
556
492
-16
308
56
276
56
-132
276
-212
-460
-96
-8
-620
-372
-196
-556
-620
-652
-396
-104
-308
228
-556
-620
-32
-524
-684
-716
228
-356
-620
-196
-324
-524
-396
-356
-524
88
-244
-196
24
-340
-212
212
180
120
-72
96
104
-396
460
164
-88
396
-8
96
-292
196
524
64
32
244
148
24
32
148
-72
-396
-40
-148
120
8
-104
-120
276
72
-356
-80
396
-164
-524
196
356
396
64
104
180
460
-8
260
716
460
308
588
924
120
492
492
652
396
396
652
308
556
340
164
340
684
56
324
260
-56
16
-324
112
396
64
-324
180
292
-620
-812
164
-104
-780
-56
-96
-396
-428
-460
-492
-228
-556
-588
-72
-372
-460
-260
-16
-492
-460
-228
-620
-620
-16
-260
-620
104
-40
-340
-164
-428
88
212
-308
8
428
396
244
0
428
260
-428
-88
-64
148
164
-148
276
180
180
-132
-524
0
-80
-524
-180
120
120
-652
-652
104
-460
-372
-460
-308
32
-748
-132
356
-356
-244
80
-16
132
120
276
0
56
684
0
148
812
276
340
428
228
844
588
340
372
652
844
-292
104
716
-260
-196
0
212
180
-112
196
16
-72
8
-32
-340
196
-308
-396
-104
-180
-24
-396
-180
-88
180
-96
-212
492
460
-356
-112
428
56
-396
80
104
16
372
48
132
148
132
-72
-72
-112
292
132
-132
132
80
244
-132
196
180
196
164
48
228
244
164
-24
260
-56
148
212
-72
-32
-32
-244
-372
-16
-196
-112
-180
-132
-588
-780
-24
-620
-780
-260
-428
-588
-460
-652
-308
64
-492
-492
-8
-104
-228
-148
24
276
132
-164
196
460
716
132
324
924
324
340
556
620
924
244
460
924
180
212
716
96
32
588
396
-8
-132
132
-324
-148
-148
56
40
-64
-88
-524
8
-428
-588
-24
-324
-524
-460
-8
-428
-492
356
-396
-748
148
-276
-428
32
-492
-260
32
-556
-292
-244
-340
-260
-324
88
-524
132
244
-492
196
104
-72
-48
164
292
-428
-16
684
-104
-8
556
196
88
-212
164
396
-8
372
652
-48
164
396
-120
120
-132
-180
-40
-88
-48
-120
-524
-260
148
-620
-356
104
-260
-460
-228
-104
-396
-260
-64
-132
-356
-164
64
148
-132
104
556
-40
56
80
340
292
120
588
620
684
112
492
588
244
396
620
340
492
492
428
356
-148
556
428
244
308
32
460
-32
-492
308
120
-396
748
148
-652
132
-80
-164
-244
132
524
-524
-8
164
-460
-72
-396
132
244
-524
324
356
-428
-180
-324
-56
-396
-88
652
-164
88
56
88
-244
-324
148
-24
8
-64
324
-292
-40
276
-212
-428
164
556
-340
-72
292
-228
-524
-244
-64
-8
-148
-324
96
-212
-748
0
-88
-588
-428
228
-684
-556
-48
-372
-492
-812
-16
-260
-356
-324
-588
-292
-104
-428
-396
340
-88
-148
-244
32
56
-48
-180
-196
372
32
-80
88
340
132
228
340
340
24
620
428
-72
212
212
164
-88
324
292
324
356
228
-164
196
180
-228
260
212
104
0
228
-132
-112
96
-80
132
340
372
-132
292
260
-260
148
340
-96
556
492
-556
180
372
-16
-148
212
308
-308
148
164
-24
556
96
-72
588
148
-180
-24
324
244
-16
324
32
164
212
-556
460
396
-588
64
148
-244
-324
164
180
-260
-260
340
-324
-684
8
48
-356
-260
-24
-812
-88
-244
-780
80
24
-492
-356
0
-340
-588
-292
0
-492
32
-88
-396
556
-356
-196
396
164
-228
-372
260
-104
-396
428
460
-80
356
-40
276
324
180
428
104
460
120
244
-8
132
524
-180
-148
556
356
-112
-88
148
180
-524
8
308
-96
-132
-24
148
8
-180
-228
-56
-460
96
-132
-180
104
-260
148
-56
-292
372
-164
-396
716
-148
-132
120
428
180
-524
492
244
-276
396
120
-148
588
16
-244
196
96
80
-164
-64
460
-396
-524
-112
0
-196
-460
228
-120
-524
88
-180
-276
-164
-396
-212
-132
-228
-340
-72
-132
-396
-148
-260
-460
56
-276
-356
-64
-148
-88
48
-32
-524
164
340
-460
-396
588
308
-684
0
324
-396
-16
588
0
104
428
356
132
244
340
180
260
88
372
588
372
324
620
276
276
652
356
180
308
588
96
40
460
164
56
276
0
-56
396
244
-132
-64
292
-260
-372
148
148
-148
0
120
-196
-8
-88
-180
8
-120
-8
-72
16
104
-428
460
148
-556
244
56
-24
-112
56
120
-492
-132
372
-340
244
244
-372
556
-112
-292
112
0
-196
-164
460
-148
-428
212
308
-180
212
-112
-244
-112
-524
0
-120
164
-40
-396
-212
-164
-196
-324
-212
-164
-196
-396
-132
-308
-396
-64
-876
-524
132
-556
-396
-228
-96
-460
-460
-88
-308
-132
-164
-492
-276
16
-80
-48
-324
-48
32
-292
96
164
340
148
-40
396
48
-96
340
16
340
244
16
276
164
588
324
132
276
64
48
244
244
292
276
196
212
-180
132
396
24
-88
356
356
-276
-96
112
164
0
64
292
164
-48
-244
196
120
-148
212
260
72
-132
32
-132
-132
132
88
104
72
88
56
120
308
180
-40
212
244
-196
180
308
120
80
-72
0
-32
56
164
180
324
-8
-212
96
-164
32
40
-88
196
80
-16
-356
32
72
-260
96
-40
104
228
-228
-180
148
-32
-260
-56
-64
-180
64
-40
-276
148
244
-180
-260
148
40
-524
0
212
24
-72
-104
56
-164
-148
-180
-32
212
-132
-276
492
-56
-244
324
24
-120
-132
104
148
32
64
88
-148
88
-228
-340
104
148
212
-356
-120
-48
-196
-308
-260
196
-164
-244
-164
64
-148
-260
-148
64
-16
-276
-88
-132
-132
0
260
-32
132
228
-324
-212
196
372
-260
80
340
-56
-212
-104
212
-148
-132
-64
-148
-292
16
24
-72
-40
-104
260
80
-148
72
356
32
-276
292
104
0
228
196
-260
56
460
-164
-396
148
340
-212
-120
180
24
-308
-340
-228
-212
-276
-120
0
-164
-148
-276
-180
-132
-260
-72
-212
-120
212
-88
104
32
132
80
32
356
-112
212
556
292
260
276
132
356
428
-48
180
396
308
180
120
292
228
16
-340
-132
324
180
-212
396
396
-292
112
-196
-96
120
-32
356
148
8
356
-80
-48
132
-104
340
-88
-96
292
-132
-120
72
-112
-16
-8
-80
196
-132
24
196
80
-164
-244
-196
48
-32
148
180
-356
196
16
-276
148
132
32
260
16
212
180
132
276
-72
308
-56
148
396
-228
-132
80
0
-212
40
196
-56
-324
-104
-340
-292
-228
-340
-148
-588
-324
-244
-556
-308
-24
-132
-428
-396
-212
-356
-460
-228
-292
16
-292
-228
-40
24
-112
-340
16
64
260
8
-228
276
308
-372
-148
164
260
-276
-180
324
80
64
-228
0
324
-180
-120
96
112
292
-244
132
148
-260
-180
-260
72
96
-148
260
340
-56
148
-276
-32
96
-96
56
112
244
-132
48
164
-148
-32
260
164
-24
148
148
24
0
132
260
180
132
260
292
164
428
72
8
428
40
-164
260
524
148
48
276
396
120
104
64
-24
260
-88
148
460
24
132
16
16
0
-96
16
164
-132
-212
-88
-132
164
-104
-148
0
40
72
-40
180
32
-244
-212
-212
-260
-96
56
-196
40
-96
-324
-164
-180
24
-148
148
180
-180
0
24
-276
-132
8
48
40
-16
148
244
-64
-356
228
0
-164
48
180
356
-196
180
164
-164
16
-148
-260
56
-32
-260
-32
-96
-112
-356
-180
0
-212
-212
-32
32
-148
-164
-396
-212
-276
-492
-180
72
72
-96
-32
0
-276
-396
-164
-212
72
16
-72
-32
-104
-72
-148
-132
48
-148
-148
132
104
196
164
96
-148
24
148
-16
148
260
244
164
-32
104
340
112
132
356
276
212
428
340
-148
276
492
-56
196
372
276
132
8
180
-48
180
132
132
308
-56
-72
180
-40
-276
180
104
-112
-32
164
-32
-212
292
8
-308
164
428
-396
-72
620
-32
-276
132
276
-180
-196
276
-24
-132
72
88
244
56
-196
88
180
-212
-16
24
-148
-372
-164
-228
-340
212
-308
-524
-16
-8
-588
-396
64
-308
-324
-180
-244
-396
-524
-460
-164
8
-164
16
-48
-244
-196
-244
-16
-244
40
180
-148
-8
32
-180
-40
180
-72
104
164
372
0
72
428
-80
132
180
56
-8
260
292
292
276
356
148
-8
396
-112
-24
244
212
48
112
340
180
148
104
56
112
0
132
292
164
132
96
120
-96
-96
48
-80
96
80
-228
-148
-96
-196
-324
-276
-32
-132
-180
-40
-180
-132
-212
-356
-212
-212
-132
104
56
72
180
104
-228
-132
180
148
56
132
228
8
80
164
40
148
260
0
-64
228
-48
-120
-88
-56
96
0
-8
-80
-96
-228
-148
48
-24
8
-16
40
-196
-260
16
64
-16
-56
40
132
-164
-180
104
-40
96
112
64
104
-48
48
-40
16
228
260
64
-88
-16
-16
48
-8
212
428
292
0
80
308
120
96
164
212
104
132
212
32
120
340
-8
-72
164
-24
-88
180
32
-48
-88
-104
-148
-340
-180
-228
0
-8
-244
-260
-324
-356
-324
-164
-24
-120
-64
-104
-292
-148
-40
-180
-260
88
0
-244
-148
40
-56
-196
8
180
56
-276
-164
-40
-40
-228
-120
244
-148
-196
104
-112
-164
48
-88
-340
-40
-72
-372
-164
88
-132
-244
-72
-88
0
-80
-112
32
-8
-244
-120
276
-212
-324
260
148
32
120
112
0
-56
48
48
180
276
88
88
16
132
308
120
0
244
276
180
260
340
324
164
428
492
428
524
556
356
276
428
396
524
460
292
276
292
180
356
492
340
148
112
196
112
0
-32
164
80
0
-56
16
-120
-340
-180
-148
-132
-148
-132
-148
-340
-260
-88
-120
0
88
-148
-292
-324
-212
-40
-96
-132
-196
-164
-212
-340
-80
40
-132
-276
-276
-244
-428
-372
-340
-228
-196
-340
-356
-276
-356
-524
-428
-212
-148
-228
-164
-212
-308
-324
-276
-148
-212
-276
-148
-164
-212
-148
-196
-64
-80
-148
-148
-88
56
-164
-180
80
-16
-196
0
-40
-96
-32
104
56
0
164
40
-24
180
228
148
196
212
196
180
228
324
396
460
428
396
340
428
396
260
324
556
492
324
228
396
212
16
260
372
196
48
80
64
-32
0
228
148
80
88
96
64
8
48
24
-88
-96
-64
0
-16
-16
-16
-120
16
48
-120
56
72
-24
-56
88
132
16
96
-48
-212
-40
72
-16
56
80
-8
-164
-104
80
-40
-8
-32
0
-8
-148
-104
-8
-8
-64
0
32
-104
-212
-112
-196
-228
-196
-148
-72
-164
-180
-104
-148
-132
-180
-148
-120
-164
-244
-212
-132
-80
-8
-8
80
-16
-88
-112
-112
-80
-112
-16
8
-120
0
8
-120
16
88
104
40
72
72
-24
-56
-56
24
-24
-32
24
48
24
-8
48
132
0
48
120
-164
-88
112
-24
0
180
132
24
40
196
80
40
132
64
8
-16
8
24
16
-16
48
24
-56
-80
-56
-48
-80
-16
-64
-96
-88
-96
-132
-112
16
-40
-164
0
56
-148
-56
-32
-120
-64
0
-56
-16
24
40
-8
-40
88
120
0
-24
80
148
56
48
212
16
-80
64
-56
-112
0
88
-80
-96
80
-8
-180
-64
80
-96
-88
32
132
56
16
64
112
164
132
164
276
228
64
148
148
164
132
72
212
132
112
196
212
212
148
72
180
164
48
112
24
-8
8
72
132
212
164
24
-48
64
88
-72
88
228
164
104
88
212
88
16
104
112
24
32
56
8
-32
-40
-24
-96
-132
-104
-16
-96
-64
-164
-244
-228
-324
-276
-276
-180
-164
-244
-196
-212
-292
-228
-292
-244
-180
-180
-212
-308
-212
-148
-196
-180
-132
-180
-196
-212
-132
-72
-212
-228
-228
-196
-164
-132
-96
-64
-112
-112
-148
-120
-112
-180
-132
-148
-132
-120
-32
-56
-72
16
64
8
24
112
56
8
40
80
112
88
148
212
244
308
276
276
244
212
212
164
196
148
132
276
212
164
196
132
148
196
196
276
276
196
196
148
212
244
180
324
372
292
308
340
260
228
228
276
260
308
324
260
212
104
104
48
56
148
88
-64
-48
-32
-164
-112
-80
-16
-120
-244
-212
-276
-308
-324
-228
-180
-228
-244
-244
-228
-276
-292
-212
-196
-180
-180
-244
-228
-212
-260
-228
-112
-164
-244
-180
-88
-148
-212
-196
-180
-276
-372
-212
-180
-228
-148
-112
-132
-212
-196
-180
-164
-228
-96
-56
-40
24
8
-96
-196
-148
-32
48
88
132
80
-72
-40
0
0
24
72
132
0
0
24
24
-8
32
112
112
120
56
72
104
104
164
212
196
196
212
164
196
244
228
260
292
308
260
260
292
308
396
308
308
340
260
212
292
396
324
244
212
132
40
80
88
40
132
72
24
-40
-64
-32
-80
-88
-88
-40
-80
-88
-112
-88
-120
-180
-148
-132
-48
-80
-64
8
-16
-8
-40
-8
-8
-64
-40
-48
-64
-80
-120
-32
-56
-148
-96
-96
-88
-64
-88
-96
-104
-104
-96
-112
-48
-16
-104
-120
-104
-112
-132
-80
-72
-88
-64
-56
-64
-56
-56
-104
-64
-132
-96
-40
-104
-88
-64
-148
-180
-120
-132
-148
-72
-72
-96
-132
-104
-88
-180
-112
-32
-40
-8
24
32
-16
8
0
48
104
72
72
24
40
72
104
164
180
196
228
180
244
212
212
212
132
180
180
196
148
112
88
24
8
16
-8
-48
-112
-148
-80
-40
-40
0
-24
-80
-80
-120
-72
-32
-88
-96
-96
-104
-48
-56
-24
8
-88
-48
-40
-64
-8
0
-32
-16
-40
-48
-24
-88
-80
-40
-16
-32
0
8
16
16
8
56
40
64
72
56
88
88
112
164
164
180
196
164
164
164
148
164
180
212
212
164
164
164
148
132
104
96
132
64
40
64
0
0
8
0
8
24
56
32
40
56
-8
-24
0
48
-8
-8
48
16
-72
-64
16
-32
-96
-8
0
-32
-64
-64
-40
-96
-148
-132
-112
-180
-196
-132
-180
-196
-196
-228
-260
-276
-260
-260
-212
-164
-112
-180
-196
-180
-180
-180
-132
-96
-148
-148
-148
-56
-40
-96
-56
-96
-120
-120
-112
-80
-132
-112
-56
-24
-16
-24
-24
-56
-96
-40
0
-16
-32
-24
-40
-96
-80
-8
16
32
56
48
56
8
8
32
72
148
180
132
132
148
96
96
132
180
120
96
104
132
132
212
260
228
212
164
132
96
164
148
120
180
148
120
112
120
148
148
132
164
132
104
196
148
148
180
164
148
104
40
32
40
56
104
104
88
80
64
72
48
40
56
32
8
0
32
-16
-64
-56
-8
-24
-32
0
-24
-72
-120
-112
-72
-40
-96
-132
-64
-88
-96
-64
-80
-96
-104
-88
-56
-104
-112
-48
-64
-80
-64
-32
-40
-80
-132
-104
-112
-148
-132
-112
-132
-148
-120
-132
-112
-104
-132
-164
-132
-132
-112
-72
-64
-24
-72
-132
-120
-104
-96
-24
-64
-32
8
-48
-8
-8
-16
56
8
-8
64
16
16
32
72
96
112
80
96
64
16
0
0
72
80
48
72
104
56
32
104
96
64
64
40
0
8
32
56
64
40
32
8
-16
-32
24
16
8
32
-32
-72
-64
-24
-16
0
-32
-64
-80
-112
-56
-8
-88
8
-8
-24
0
-40
8
8
0
16
24
-32
-8
-8
-8
16
8
8
-24
0
0
-40
0
32
32
56
88
88
32
0
8
-16
-32
32
24
56
32
8
16
16
24
48
80
64
32
48
40
40
72
96
72
48
80
64
40
56
80
72
40
56
104
56
64
132
112
96
164
164
120
132
120
104
88
72
104
112
56
88
120
88
88
96
88
80
24
0
24
16
8
32
48
8
-16
-40
-72
-80
-56
-16
-48
-80
-88
-120
-132
-96
-120
-164
-148
-164
-196
-196
-196
-212
-212
-260
-228
-228
-244
-244
-212
-244
-276
-260
-244
-276
-308
-260
-260
-276
-260
-180
-180
-212
-196
-164
-196
-196
-148
-148
-132
-132
-112
-72
-72
-24
-8
-16
24
8
-8
-16
-16
0
-8
16
40
32
48
64
120
132
132
148
148
148
132
148
164
196
196
212
244
228
196
228
260
276
260
276
308
260
244
228
212
212
212
212
180
132
148
148
132
164
180
112
88
104
132
180
148
148
132
120
132
164
132
132
148
96
120
164
148
120
104
96
88
88
148
120
88
56
16
0
-32
0
16
-48
-56
-48
-72
-64
-72
-120
-148
-212
-196
-148
-148
-164
-148
-180
-196
-196
-212
-164
-212
-228
-196
-196
-180
-180
-212
-212
-180
-212
-244
-212
-212
-228
-228
-196
-180
-180
-164
-180
-164
-164
-180
-148
-180
-148
-132
-180
-196
-148
-132
-112
-96
-96
-96
-96
-88
-80
-48
0
16
16
72
48
0
56
40
0
40
40
56
112
112
132
132
112
120
120
120
120
112
120
112
132
148
112
104
132
120
96
104
132
132
64
56
72
72
104
132
132
132
96
72
148
104
80
96
64
64
64
80
56
24
32
40
24
56
32
0
0
-8
-8
8
0
0
0
-24
-16
-24
-8
24
40
-8
8
40
32
64
56
64
80
56
88
120
40
8
16
-16
24
40
24
24
24
0
8
8
0
8
-24
-72
-80
-64
-56
-56
-48
-48
-48
-64
-40
-24
-48
-32
-40
-64
-88
-80
-72
-64
-56
-16
0
-16
0
-8
-16
-8
-24
-40
-32
-16
-48
-40
-32
-40
-32
-48
-56
-56
-64
-96
-72
-40
-40
-56
-32
-48
-72
-80
-24
-8
-24
-8
-8
-32
-48
0
32
8
24
24
8
24
56
40
24
16
-8
-24
-16
8
16
8
-24
-8
-40
-64
-80
-72
-104
-80
-56
-72
-56
-40
-56
-32
-24
-24
8
0
0
-8
-48
-16
-24
-32
-8
16
48
48
40
48
32
0
16
16
8
0
-16
-16
-8
8
24
80
64
8
8
24
32
40
56
56
24
8
16
56
64
72
104
80
88
88
104
104
112
132
132
120
112
120
112
80
80
88
80
80
56
40
48
0
24
72
72
48
32
8
-16
-8
8
32
72
64
24
8
16
8
0
16
16
0
-8
-16
0
24
0
8
16
8
0
-32
-24
-16
-32
-40
-56
-64
-80
-80
-80
-48
-56
-80
-72
-104
-112
-112
-104
-104
-96
-80
-96
-88
-96
-120
-104
-72
-104
-120
-104
-104
-120
-96
-80
-80
-56
-48
-64
-80
-64
-72
-88
-56
-56
-48
-72
-80
-64
-56
-32
-8
0
0
0
-32
-40
-48
-8
16
0
40
48
0
8
0
32
40
48
88
104
72
112
112
80
96
72
80
88
132
96
80
104
80
80
72
64
56
64
40
72
88
64
72
56
32
24
24
0
24
32
32
24
0
0
0
0
-8
16
24
0
-8
0
32
40
16
16
0
16
24
0
24
40
24
0
0
0
0
-24
0
8
-8
0
0
-16
-48
-40
-8
-16
-16
16
8
-24
-24
-8
-32
-48
-48
-32
-40
-24
0
-24
-16
-16
-32
-40
0
16
-24
-32
0
0
-16
-16
0
-16
-48
-24
0
0
-32
-16
-16
-8
-16
0
16
8
8
0
0
8
24
16
8
24
16
0
-8
8
40
-8
-32
-8
-8
-8
0
16
16
16
16
0
0
-16
-32
-48
-48
-32
-40
-24
-40
-40
-24
-16
-24
-40
-8
-16
-32
-24
-8
-16
-32
-48
-32
-40
-40
-16
-8
0
8
8
16
16
0
-8
-16
-8
-8
-8
-24
-16
-16
-40
-16
8
0
0
0
0
-8
0
16
24
-8
16
32
16
32
48
40
48
24
24
40
24
32
40
16
24
40
16
16
32
40
24
8
40
48
32
32
32
16
0
0
0
0
16
24
32
16
16
24
16
24
48
56
24
40
32
24
40
48
64
48
32
56
48
24
24
32
40
40
48
48
48
16
8
40
16
16
40
16
-8
-16
-16
-32
-16
0
-8
-24
-32
-16
-32
-24
-24
-16
-48
-64
-72
-80
-96
-88
-72
-96
-88
-88
-104
-104
-96
-96
-96
-104
-104
-104
-132
-112
-96
-104
-96
-88
-88
-104
-104
-80
-64
-96
-112
-104
-112
-120
-88
-72
-72
-56
-56
-40
-16
0
0
0
0
8
16
8
0
8
8
16
32
56
72
88
96
80
104
104
120
132
132
132
112
104
112
120
120
112
112
132
120
120
148
148
132
148
164
164
148
132
132
132
112
120
120
88
96
88
72
64
56
48
40
40
32
24
24
8
0
0
0
-16
-32
-64
-64
-64
-56
-40
-24
-40
-48
-56
-64
-48
-64
-64
-72
-80
-88
-88
-88
-88
-80
-96
-88
-88
-104
-112
-120
-104
-96
-80
-72
-64
-88
-96
-112
-88
-72
-80
-80
-72
-64
-72
-72
-32
-32
-72
-56
-24
-24
-32
-8
-8
-16
-8
8
0
0
-16
-16
-8
-16
0
24
16
16
16
8
0
24
48
32
8
32
56
8
16
48
56
40
48
72
72
48
40
40
40
48
64
64
48
48
56
48
72
96
88
72
64
56
40
48
64
64
64
40
32
24
24
56
64
56
48
32
8
0
8
16
16
8
-8
-24
-24
-32
-40
-40
-32
-48
-64
-56
-32
-56
-72
-64
-48
-56
-64
-48
-32
-40
-64
-40
-32
-32
-32
-40
-24
-24
-24
-8
0
-16
-48
-40
-40
-56
-32
-16
-24
-24
-24
-24
-24
-40
-24
-16
-24
-24
-16
-16
-32
-24
-8
0
-8
0
0
-8
0
-8
-8
8
8
8
0
0
8
8
0
8
16
0
0
0
16
24
40
40
24
16
8
8
16
24
24
32
32
48
48
48
48
