SAMPLES:	8118
BITSPERSAMPLE:	16
CHANNELS:	1
SAMPLERATE:	16000
NORMALIZED:	FALSE
24
24
32
24
24
24
24
24
24
24
16
16
24
16
8
8
16
0
8
16
8
8
16
16
8
8
0
0
0
0
0
0
0
0
0
0
0
0
0
0
0
0
0
0
0
0
0
0
0
0
0
0
-8
-8
-8
-8
-8
-8
-16
-16
-16
-16
-16
-16
-8
-16
-16
-16
-24
-24
-32
-24
-24
-16
-16
-16
-16
-24
-24
-32
-32
-32
-24
-32
-24
-24
-24
-24
-16
-16
-16
-16
-16
-16
-24
-16
-16
-16
-16
-16
-8
-8
-8
-8
0
0
0
0
0
0
0
8
8
8
8
16
16
24
24
24
24
16
16
16
24
16
16
16
16
16
16
8
8
8
8
0
0
0
0
0
0
0
0
0
0
8
0
0
0
-8
-8
0
0
-8
0
0
-8
-8
-8
-8
0
0
-8
0
0
0
0
0
0
0
0
0
0
8
0
0
0
0
8
8
8
0
8
8
8
8
8
0
8
8
8
16
16
16
8
8
8
8
8
8
8
0
0
0
0
8
8
8
16
8
16
16
8
16
8
8
16
8
8
16
8
0
0
0
0
0
0
0
0
0
0
0
0
0
-8
-8
0
-8
-8
-8
-8
-8
-8
-8
-8
-8
-8
-8
-8
-16
-8
-8
-8
-8
-8
-8
-8
-16
-16
-8
-8
-16
-24
-16
-24
-32
-32
-24
-16
-24
-24
-24
-32
-32
-24
-24
-24
-24
-32
-24
-24
-24
-32
-24
-24
-16
-16
-16
-16
-16
-16
-8
-8
0
0
0
0
-8
-8
-8
-8
0
0
0
0
0
8
8
16
16
16
16
16
16
16
16
24
24
24
32
32
32
32
32
32
32
32
32
40
40
40
40
40
40
40
40
40
48
40
48
48
40
40
48
48
40
40
40
40
40
40
32
40
32
32
24
24
16
8
16
8
0
0
0
0
0
0
0
-8
-16
-16
-24
-32
-32
-32
-32
-32
-32
-40
-40
-48
-48
-48
-56
-56
-56
-56
-56
-56
-64
-64
-64
-64
-64
-56
-56
-56
-56
-56
-48
-48
-48
-48
-40
-40
-48
-40
-40
-32
-32
-32
-24
-24
-24
-16
-16
-8
-8
-8
0
0
0
8
8
16
16
16
16
24
32
24
32
32
24
24
24
24
24
24
32
32
40
40
32
40
40
40
40
40
48
40
48
48
48
48
40
40
40
48
48
48
48
40
40
40
40
40
48
40
32
24
24
16
16
8
8
8
8
8
0
0
-8
-16
-16
-8
-16
-24
-24
-32
-40
-40
-40
-48
-48
-48
-48
-56
-56
-56
-64
-64
-64
-72
-64
-72
-72
-64
-72
-64
-56
-56
-56
-48
-48
-40
-40
-32
-32
-16
-16
-16
-16
-16
-16
-16
-16
-8
-8
0
0
0
8
16
16
24
32
32
32
32
32
24
32
24
32
32
32
32
40
40
48
48
48
48
48
48
56
48
48
48
40
32
32
32
32
32
32
32
32
32
32
32
32
32
24
24
24
16
16
16
16
8
8
16
8
8
16
8
8
8
8
0
0
0
0
0
0
0
0
0
0
-8
-16
-16
-16
-16
-24
-16
-16
-24
-32
-24
-32
-40
-32
-32
-40
-48
-56
-56
-56
-56
-48
-48
-48
-40
-40
-48
-40
-40
-40
-40
-40
-40
-40
-40
-40
-48
-48
-48
-40
-32
-32
-24
-16
-16
-8
0
0
0
8
8
8
8
8
16
16
16
24
16
16
16
8
16
16
24
24
24
32
32
24
24
24
16
16
24
24
24
24
32
32
32
32
32
24
24
24
24
32
32
32
32
32
24
32
24
24
24
16
16
16
8
16
16
16
16
16
24
24
24
24
16
8
0
0
0
0
0
0
0
0
0
-8
-8
-8
-16
-8
0
0
-8
-8
-24
-32
-32
-32
-32
-40
-32
-32
-40
-40
-40
-40
-32
-40
-40
-40
-40
-40
-40
-48
-40
-48
-48
-40
-40
-32
-40
-32
-32
-32
-32
-32
-24
-24
-24
-16
-8
-8
-8
-8
-8
0
0
0
8
16
16
16
16
8
16
16
16
24
32
32
32
40
48
40
48
48
40
32
40
40
48
48
48
48
48
56
48
48
48
40
40
48
40
40
40
40
32
32
40
32
32
24
24
16
16
8
8
8
0
0
0
-8
-8
0
-8
-8
0
-8
-16
-8
-8
-8
-8
-8
-16
-16
-16
-24
-24
-32
-24
-24
-32
-24
-24
-24
-24
-24
-24
-32
-24
-32
-32
-32
-40
-40
-40
-40
-56
-56
-48
-48
-48
-40
-40
-48
-48
-40
-40
-32
-32
-32
-32
-32
-24
-24
-16
-16
-8
-8
-8
0
0
0
0
0
0
16
16
24
24
16
24
24
24
24
32
40
32
32
32
32
32
40
48
48
48
48
48
40
40
40
48
40
32
32
32
24
24
24
24
24
32
24
24
24
16
16
16
8
8
8
8
8
0
0
0
0
0
0
0
0
0
0
0
0
-8
-16
-16
-16
-16
-16
-16
-16
-16
-24
-32
-32
-32
-32
-40
-40
-40
-48
-48
-40
-48
-48
-48
-48
-48
-40
-32
-40
-40
-40
-40
-40
-40
-40
-40
-32
-24
-24
-16
-16
-16
-8
-8
0
0
0
0
0
0
8
8
8
16
8
32
40
24
40
40
64
72
64
56
48
56
40
40
48
64
64
56
32
40
40
32
32
40
48
24
8
0
8
16
0
0
0
0
0
8
0
8
8
8
8
16
16
8
8
0
16
32
32
16
16
8
0
8
8
8
16
16
8
0
-8
-16
-8
-16
-8
-8
-24
-40
-40
-40
-48
-40
-40
-48
-56
-72
-80
-80
-80
-88
-80
-80
-80
-80
-72
-64
-56
-56
-56
-48
-56
-64
-64
-56
-56
-48
-48
-48
-32
-16
-8
-8
-8
0
8
8
16
24
32
32
32
48
48
56
64
64
56
64
64
64
64
72
72
72
72
72
72
72
64
56
56
48
48
40
40
40
48
40
32
32
24
16
0
0
0
0
0
0
0
-8
-8
0
-8
-8
-8
-16
-16
-16
-24
-24
-24
-16
-8
-8
0
0
0
-8
-8
-16
-16
-16
-16
-8
-8
0
0
0
0
0
0
-8
-8
0
0
-8
-8
0
0
0
0
0
0
-8
0
-8
0
-8
-8
-8
-16
-16
-16
-16
-16
-16
-16
-24
-32
-24
-24
-24
-24
-24
-24
-24
-24
-24
-16
-24
-24
-32
-32
-32
-24
-24
-16
-16
-16
-16
-16
-8
-8
0
0
8
8
8
0
0
0
0
8
16
24
24
24
16
16
8
8
16
16
16
16
8
8
16
8
8
8
0
0
0
0
0
8
16
8
8
8
8
0
0
0
0
-8
0
0
0
8
8
8
8
0
0
0
0
0
8
16
16
16
24
24
40
40
40
32
24
24
16
16
24
32
32
32
40
48
56
64
64
64
64
56
40
40
48
48
40
40
32
16
16
8
0
0
-8
-16
-24
-24
-16
-16
-16
-16
-24
-24
-32
-48
-48
-56
-64
-64
-72
-72
-72
-72
-72
-64
-72
-72
-56
-64
-64
-56
-56
-56
-48
-32
-24
-24
-24
-24
-32
-32
-32
-40
-56
-48
-48
-48
-24
-24
-24
-24
-24
-16
-16
0
8
8
8
0
0
0
0
0
0
0
8
16
24
32
24
16
8
8
16
16
8
8
0
-8
-8
-8
0
24
48
56
56
48
48
40
40
48
64
88
96
96
96
64
40
24
16
24
24
32
32
24
16
0
0
0
8
24
40
48
48
40
32
8
0
-16
-32
-48
-56
-56
-56
-64
-64
-56
-48
-40
-24
-16
-16
-16
-8
0
0
0
-8
-8
-24
-48
-48
-32
-16
0
32
56
88
104
104
96
80
56
16
-16
-16
8
48
80
112
148
180
180
164
148
148
148
120
80
64
80
72
64
56
64
56
32
-8
-16
-16
-24
-40
-48
-48
-40
-56
-96
-132
-164
-196
-228
-276
-292
-292
-292
-292
-260
-212
-180
-164
-180
-212
-260
-308
-324
-356
-396
-372
-356
-324
-276
-196
-132
-96
-64
-48
-48
-48
-64
-72
-88
-88
-80
-80
-48
-8
0
24
40
48
56
64
72
80
104
148
196
244
292
308
292
260
196
148
96
88
112
164
244
308
372
428
428
396
396
396
372
396
396
396
428
428
428
492
524
588
684
812
988
1116
1244
1244
1116
924
652
396
180
-8
-196
-324
-396
-492
-524
-492
-372
-276
-228
-212
-212
-228
-340
-460
-620
-780
-988
-1180
-1372
-1500
-1628
-1692
-1820
-1820
-1756
-1628
-1500
-1308
-1116
-844
-620
-492
-356
-292
-276
-308
-428
-556
-652
-716
-716
-620
-428
-148
104
396
588
748
844
812
780
716
620
524
460
428
428
524
588
652
716
748
780
748
684
588
556
588
588
588
620
620
588
492
428
292
72
-148
-324
-492
-620
-620
-524
-260
80
492
1116
1884
2620
3004
3260
3516
3516
3132
2236
1308
492
-148
-876
-1372
-1436
-1116
-812
-620
-292
308
924
988
876
748
556
212
-340
-844
-1116
-1372
-1628
-1980
-2236
-2492
-2876
-3388
-4092
-4092
-4092
-3900
-3516
-2876
-2108
-1500
-924
-396
8
180
492
1116
1372
924
64
-588
-1308
-1980
-2364
-1980
-1116
-212
340
652
1180
1820
1980
1692
1756
1980
1980
1436
1052
988
620
80
-340
-460
-588
-684
-844
-988
-876
-492
-40
276
716
1372
1692
1564
1244
844
-8
-1116
-2236
-3132
-3516
-3388
-3004
-2236
-1052
308
1500
2492
3132
3388
3004
2108
1180
340
-164
-324
-260
88
876
2236
3772
5116
6140
6908
7164
6652
5372
3516
1628
180
-812
-1436
-1500
-988
-212
428
780
1244
1692
1820
1436
684
-72
-812
-1564
-2364
-2876
-3260
-3516
-3772
-4092
-4604
-4860
-5372
-5628
-5884
-5628
-5116
-4092
-3132
-1980
-924
-72
460
684
524
-80
-924
-1308
-1180
-1244
-1692
-2108
-1692
-988
-356
428
1500
2492
2748
2236
1756
1564
1564
1180
748
716
988
1052
780
652
620
292
-276
-876
-1244
-1372
-1500
-1564
-1436
-812
-48
460
588
716
652
80
-780
-1628
-2364
-2876
-3388
-3644
-3260
-2364
-1436
-556
356
1308
2108
2748
3004
3132
2876
2492
1980
1436
876
428
292
460
988
2108
3644
5372
6908
7676
8316
8828
8316
6908
4604
2364
684
-340
-1244
-1756
-1436
-684
0
428
1052
1820
2236
1820
780
-276
-1180
-2236
-3516
-4348
-4860
-5116
-5372
-5628
-5628
-5628
-5628
-6140
-6140
-5884
-5116
-4348
-3388
-2364
-1308
-524
-104
88
0
-524
-1372
-2108
-2492
-2364
-2108
-1692
-812
492
1692
3004
4348
4860
4348
3004
1756
620
-372
-1116
-1180
-620
164
876
1500
2108
2620
2492
1756
1052
428
-228
-1116
-1564
-1500
-1116
-716
-308
120
308
16
-716
-1628
-2492
-3132
-3644
-3900
-3516
-2620
-1564
-460
620
1564
2108
2236
1980
1564
988
396
-132
-308
-148
292
924
1564
2108
2492
2620
2620
2364
2236
2108
2108
2364
2876
3772
4604
5116
5628
6652
7420
7164
5372
3004
924
-620
-2108
-3132
-3388
-2492
-1628
-1436
-1180
-428
428
556
48
-460
-652
-988
-1980
-2748
-3132
-3132
-3388
-3900
-4348
-4348
-4604
-5116
-5628
-5628
-5372
-4604
-3772
-2492
-1052
132
988
1564
1820
1500
492
-684
-1564
-2108
-2620
-2748
-2364
-1564
-620
652
2364
3900
4604
4092
3132
1884
524
-748
-1436
-1436
-924
-292
180
780
1500
1980
1436
748
340
-120
-844
-1308
-1052
-652
-104
460
988
1116
812
64
-1116
-2236
-3132
-3644
-4092
-3644
-2492
-924
556
1756
2748
3260
3004
2108
1116
80
-716
-1244
-1308
-844
164
1308
2364
3132
3644
3644
3132
2108
1052
64
-228
588
2364
4604
6396
7932
8828
9340
7676
4860
1820
-588
-2236
-3516
-4348
-4092
-2748
-1180
80
1244
2620
3644
3388
2108
460
-924
-2492
-4092
-5116
-5372
-4860
-4348
-4092
-4092
-3900
-4092
-4860
-5628
-6140
-5884
-5372
-4604
-3132
-1500
-80
924
1500
1564
844
-524
-1980
-3132
-3900
-4348
-4092
-3132
-1436
492
2108
3260
3900
4092
3388
2620
1980
1372
716
212
308
716
1052
1308
1628
1820
1628
988
308
-132
-196
-292
-372
164
1180
1820
1884
1820
1628
812
-556
-1980
-3132
-4092
-4860
-5116
-4860
-3772
-2364
-780
588
1820
3004
3516
3260
2620
1756
620
-620
-1500
-1756
-1692
-1308
-652
324
1500
2620
3388
3900
4348
4604
4348
3900
3388
3004
2364
1884
1980
2748
3772
4604
5372
6396
7420
7164
5372
2620
556
-588
-1564
-2492
-2748
-2108
-1372
-1180
-1180
-684
120
196
-524
-1180
-1628
-2108
-3004
-3772
-4092
-4092
-4092
-4348
-4604
-4860
-5116
-5884
-6396
-6652
-6140
-5628
-4860
-3644
-2108
-652
460
1372
1980
1628
428
-988
-2108
-2876
-3260
-3388
-2876
-1820
-396
1052
2364
3260
3772
3900
3516
3004
2620
2108
1436
988
924
988
1180
1308
1436
1308
924
324
-244
-524
-684
-684
-588
-80
620
1052
1052
748
228
-556
-1372
-2108
-2620
-2876
-3004
-2620
-1980
-924
24
716
1116
1244
1180
924
588
212
-88
-148
64
748
1692
2492
3132
3388
3516
3260
2748
2108
1564
1180
924
876
1244
2236
3644
5116
6140
7164
8316
8316
6652
3644
620
-1372
-2364
-2748
-2748
-2108
-812
260
716
1052
1372
1436
396
-1116
-2364
-3132
-3644
-4348
-4348
-3772
-3004
-2492
-2492
-2748
-3516
-4604
-6140
-7164
-7420
-7164
-6140
-4860
-2748
-748
812
1884
2492
2364
1372
-260
-1884
-3004
-3516
-3772
-3516
-2364
-684
1052
2492
3516
4092
4092
4092
3772
2876
1628
652
180
120
588
1436
2492
3132
2876
1820
372
-988
-2236
-3004
-3132
-2108
-684
620
1564
2492
2876
2236
1116
-324
-1884
-3516
-5116
-5884
-6140
-5116
-3644
-1756
120
1980
3132
3388
3004
2108
876
-620
-1884
-2492
-2236
-1372
-96
1372
2876
4092
4604
4604
4092
3388
2492
1692
1180
876
812
924
1244
2236
3772
5884
7420
8316
8828
8316
6140
3004
-212
-2108
-2748
-3004
-3004
-2364
-1116
-64
132
-48
-24
104
-492
-1436
-2236
-2492
-2748
-3132
-3132
-2748
-2236
-2236
-3004
-4092
-5116
-6396
-7420
-7932
-7676
-6652
-5116
-3132
-924
988
2364
3004
2876
1980
492
-1436
-3132
-4092
-4348
-4092
-3132
-1372
652
2620
4092
5116
5372
4604
3260
1756
620
-48
-132
260
1116
1980
2620
2620
2364
1820
812
-492
-1500
-1980
-1884
-1308
-428
876
2108
2876
3004
2492
1500
-88
-1884
-3644
-4860
-5628
-5372
-4348
-3004
-1052
716
2108
2748
2748
2364
1436
492
-340
-924
-1052
-780
-180
780
1884
2748
3132
3132
3004
2748
1980
1372
1116
1244
1564
2108
2748
3516
3644
3260
2492
2108
2236
2492
2620
2748
3644
5116
5884
5116
3516
1628
96
-1308
-2620
-3644
-4092
-3772
-3516
-3260
-2492
-1180
-80
372
492
396
180
-492
-1564
-2620
-3388
-4092
-4604
-5116
-5372
-5372
-5372
-5372
-5116
-4860
-4092
-3132
-1980
-748
244
988
1564
1884
1820
1052
-180
-1180
-1500
-1372
-1372
-1628
-1692
-1372
-588
276
1180
2236
3132
3388
3004
2236
1436
844
196
-492
-876
-924
-924
-1180
-1244
-1116
-924
-780
-652
-212
180
460
556
588
588
396
24
-588
-1116
-1436
-1628
-1756
-1756
-1436
-988
-620
-32
684
1436
1884
2108
2108
2108
1980
1884
1820
1820
1756
1692
1692
1692
1628
1692
1756
1820
1884
1884
1980
1980
1980
2364
3388
4604
5884
6396
7164
7420
6652
4604
1500
-1180
-2748
-3260
-3260
-2620
-1116
588
1564
1564
1308
1116
588
-684
-2364
-3516
-4092
-4604
-4604
-3900
-2748
-1692
-1372
-1564
-2236
-3388
-4860
-6396
-7420
-7420
-6652
-5116
-3132
-988
924
2108
2492
2236
1308
-324
-2108
-3644
-4092
-3772
-2876
-1628
48
1820
3260
4092
3900
3004
1628
748
556
396
112
-40
428
844
1116
1308
1500
1692
1052
-276
-1692
-2364
-2620
-2620
-2108
-716
1116
2492
2876
2876
2492
924
-988
-2876
-4092
-4860
-5116
-4860
-4092
-2492
-684
844
1980
2876
3260
3132
2492
1884
1372
716
-72
-372
0
748
1436
1820
2236
2492
2492
2236
2236
2236
2236
2236
2236
2236
2236
2108
2364
3260
4860
6396
7164
7676
7420
5884
3260
164
-1756
-2236
-2236
-2236
-1820
-924
0
180
-228
-524
-460
-684
-1372
-1884
-1884
-1628
-1628
-1500
-1372
-1308
-1756
-2876
-4348
-5372
-6396
-7420
-7420
-6908
-5372
-3644
-1756
180
1756
2492
2364
1436
340
-1052
-2620
-3900
-4348
-3900
-2748
-1564
0
1628
2748
3132
2748
2108
1116
-88
-1308
-1820
-1436
-308
876
1564
1980
2108
1564
260
-1244
-2236
-2748
-3132
-2748
-1628
164
1884
2876
3260
3260
2492
812
-1180
-2748
-3772
-4348
-4348
-3644
-2108
-588
652
1500
2108
2236
1820
1180
556
308
324
492
876
1500
2236
2620
2748
2492
2364
1980
1308
780
748
1052
1628
2364
3260
4092
4348
4092
3644
3132
2876
2876
3132
3388
3644
4348
4860
5372
5116
3900
2236
524
-876
-1820
-2364
-2236
-1692
-1180
-988
-1052
-988
-988
-1116
-1372
-1628
-1884
-2108
-2108
-1980
-1692
-1564
-1884
-2620
-3644
-4604
-5372
-6140
-6652
-6396
-5884
-4604
-3260
-1692
-372
524
988
1052
652
-24
-652
-1116
-1372
-1500
-1564
-1372
-1116
-876
-812
-652
-276
-48
40
148
428
924
1372
1756
1980
2236
2108
1564
716
-196
-988
-1756
-2236
-1980
-1436
-748
-104
460
924
1116
1180
924
492
64
-428
-876
-1308
-1436
-1436
-1244
-1052
-780
-428
-80
228
524
876
1180
1372
1564
1756
1884
1884
1820
1820
1820
1756
1628
1500
1372
1308
1244
1308
1500
1884
2620
3644
5116
6140
6908
7420
7676
7420
6140
3260
292
-1756
-2620
-2748
-2364
-1052
684
1980
2108
1564
812
324
-372
-1372
-2236
-2876
-3132
-3260
-2876
-2364
-1820
-1980
-2748
-3772
-4604
-5628
-6396
-6652
-6140
-5116
-3900
-2620
-1244
-244
132
-72
-588
-1308
-2108
-2876
-3004
-2364
-1180
48
988
1756
2492
2620
2236
1244
164
-780
-1564
-1884
-1500
-588
588
1628
2236
2492
2236
1756
1052
372
-196
-588
-748
-748
-556
-460
-556
-652
-716
-812
-988
-1180
-1244
-1308
-1180
-1052
-1052
-1116
-1244
-1564
-1628
-1436
-1116
-620
-196
196
524
780
924
1052
1180
1308
1564
1820
1980
2108
2236
2236
2108
2108
1980
1692
1436
1308
1500
2108
3644
5372
7164
8316
8316
7932
7164
5628
3004
132
-1500
-1884
-1628
-1180
-292
988
1820
1372
80
-1180
-1884
-2364
-2748
-2748
-2236
-1692
-1372
-1116
-924
-1116
-1980
-3516
-5116
-6396
-7420
-7676
-7164
-5884
-4092
-2748
-1500
-524
16
-96
-876
-1756
-2364
-2620
-2748
-2364
-1116
396
1692
2364
2364
1980
1372
652
260
132
180
372
684
924
1052
1180
1244
1308
1372
1436
1244
844
428
132
0
-16
-56
-180
-428
-684
-748
-780
-844
-924
-1052
-1180
-1244
-1180
-1180
-1244
-1372
-1500
-1628
-1820
-1756
-1500
-988
-492
112
684
1116
1372
1436
1564
1628
1820
1980
2108
2364
2492
2492
2492
2620
2748
2620
2236
1980
1692
1692
1820
2620
3772
4860
5372
5628
6140
6652
6652
5628
4092
2236
588
-748
-1756
-1980
-1628
-924
-588
-620
-1052
-1628
-2236
-2620
-2620
-2364
-2108
-2236
-2364
-2492
-2620
-2876
-3132
-3516
-4092
-4348
-4860
-4860
-4604
-4092
-3516
-3004
-2620
-2492
-2492
-2748
-2620
-2364
-1820
-1244
-748
-292
72
340
716
1180
1436
1500
1436
1372
1052
524
0
-196
-212
-324
-396
-356
-96
180
324
460
716
876
780
556
460
524
308
-72
-428
-684
-988
-1244
-1244
-1180
-1052
-1116
-1180
-1052
-924
-812
-812
-748
-492
-228
-132
-196
-180
-72
72
196
524
924
1244
1564
1884
2236
2364
2364
2364
2236
2364
2492
2620
2876
3772
4860
5884
6396
6652
6652
6652
5628
3772
1692
620
748
1372
1820
2364
2876
3004
1980
228
-1436
-2620
-3516
-3772
-3388
-2492
-1692
-1436
-1500
-1756
-2364
-3260
-4348
-4860
-5372
-5628
-5628
-5116
-4348
-3644
-3132
-2748
-2620
-2748
-3260
-3644
-3772
-3388
-3004
-2492
-1756
-988
-340
228
716
1052
1372
1692
1756
1756
1820
1820
1628
1244
988
812
812
812
924
1244
1436
1436
1116
812
620
396
260
428
924
1308
1244
1116
1052
652
-212
-1244
-1980
-2364
-2748
-2748
-2364
-1884
-1564
-1308
-1244
-1308
-1436
-1692
-1980
-2108
-1820
-1372
-924
-308
372
876
1116
1436
1756
1980
2108
2236
2236
2364
2364
2236
2236
2236
2364
2492
2876
3516
4348
4604
4604
4348
4348
4604
4860
4860
4604
4092
3516
2876
2236
1756
1436
1116
716
164
-620
-1500
-2492
-3388
-3772
-3772
-3516
-3132
-2748
-2748
-3004
-3516
-4092
-4604
-4860
-4604
-4348
-3644
-2876
-2236
-1884
-1756
-1980
-2108
-2492
-2876
-3004
-2876
-2748
-2364
-1980
-1564
-1052
-460
164
780
1308
1564
1500
1308
1116
1116
1052
1116
1372
1820
2236
2364
2364
2236
1820
1180
620
244
72
96
112
212
460
556
492
340
148
-228
-780
-1180
-1372
-1436
-1436
-1244
-924
-716
-588
-524
-556
-620
-748
-844
-876
-988
-1052
-1052
-844
-588
-292
48
396
780
1052
1372
1692
1884
2108
2236
2364
2492
2492
2492
2492
2492
2748
3004
3132
3004
3004
3132
3132
3004
2492
1884
1372
1180
1116
1244
1372
1500
1628
1564
1308
1052
652
64
-588
-1180
-1628
-1980
-2364
-3004
-3388
-3772
-4092
-4348
-4348
-4348
-4348
-4092
-3772
-3388
-3260
-3132
-3004
-3132
-3132
-3004
-2876
-2620
-2492
-2236
-1756
-1308
-716
-196
196
396
524
620
684
620
492
460
588
716
876
1244
1628
2108
2620
2876
3004
3132
3132
2876
2748
2364
2108
1692
1436
1180
812
396
88
-112
-212
-276
-260
-196
-164
-132
-196
-276
-396
-588
-748
-924
-1116
-1244
-1244
-1180
-1116
-988
-812
-620
-460
-340
-340
-428
-460
-396
-244
-40
212
524
924
1308
1628
1980
2108
2236
2236
2108
1980
1820
1756
1756
1820
1884
1980
1884
1820
1692
1436
1116
780
460
196
-40
-148
-180
-80
120
356
556
716
716
556
292
-180
-780
-1308
-1820
-2236
-2364
-2492
-2364
-2236
-2108
-1884
-1692
-1692
-1884
-1980
-2108
-1980
-1884
-1820
-1820
-1756
-1564
-1500
-1436
-1500
-1564
-1628
-1756
-1756
-1628
-1436
-1180
-844
-492
-212
-88
-40
-64
-48
0
40
88
180
460
812
1244
1564
1756
1756
1564
1372
1116
780
492
228
40
8
32
40
148
372
588
716
812
780
620
460
428
396
460
556
652
780
924
1052
1052
988
716
492
276
48
-164
-276
-276
-148
104
460
812
1116
1372
1500
1500
1436
1308
1116
924
748
588
460
308
212
148
104
80
16
-8
-32
-120
-132
-120
-32
80
212
356
428
428
372
292
196
64
-96
-308
-492
-620
-684
-588
-460
-308
-164
-88
-32
0
-16
-148
-372
-588
-748
-716
-588
-396
-88
164
356
428
292
80
-228
-620
-924
-1116
-1244
-1308
-1372
-1244
-924
-716
-524
-492
-524
-684
-876
-988
-1116
-1180
-1052
-924
-684
-428
-292
-276
-340
-492
-716
-1052
-1372
-1500
-1436
-1180
-924
-652
-276
40
292
428
460
492
396
260
196
212
244
396
684
1052
1308
1500
1692
1628
1436
1180
812
460
212
16
16
196
492
748
988
1244
1436
1564
1500
1308
988
652
356
104
-148
-396
-524
-460
-396
-356
-292
-396
-460
-524
-556
-524
-460
-324
-196
-80
32
132
196
196
148
88
16
-56
-164
-292
-324
-276
-228
-132
-80
32
276
460
524
492
524
492
428
460
460
460
524
588
652
812
876
812
716
652
524
396
260
64
-104
-180
-196
-196
-196
-212
-244
-292
-340
-428
-524
-652
-716
-716
-684
-524
-356
-260
-228
-356
-620
-876
-1180
-1500
-1756
-1980
-1980
-1980
-1692
-1244
-844
-492
-196
-8
64
40
24
0
-64
-56
88
308
492
684
844
924
924
812
684
492
308
180
164
276
492
684
876
988
1116
1308
1372
1308
1308
1244
1052
844
620
428
260
96
-40
-180
-276
-356
-428
-460
-524
-620
-716
-780
-652
-556
-492
-428
-396
-396
-460
-492
-492
-492
-492
-556
-652
-684
-748
-716
-620
-524
-372
-228
-120
-40
24
96
112
64
24
56
132
356
620
876
1116
1308
1372
1308
1180
876
588
308
80
-32
-180
-120
48
276
524
684
716
652
524
308
48
-228
-396
-428
-372
-244
-196
-120
-40
-104
-276
-524
-844
-1116
-1308
-1372
-1244
-1052
-844
-620
-372
-228
-180
-212
-260
-308
-396
-524
-620
-588
-428
-260
-88
40
164
212
132
-16
-148
-196
-112
8
164
356
556
652
652
588
492
324
164
56
-24
16
96
164
292
492
588
620
588
460
260
0
-276
-556
-620
-588
-396
-132
148
428
588
652
620
524
428
244
64
-16
-104
-96
0
120
244
324
356
372
396
308
260
196
148
112
164
260
356
492
620
684
716
620
492
340
80
-80
-120
-88
-24
72
228
428
620
652
588
396
112
-180
-356
-460
-524
-588
-556
-396
-228
-56
-24
-24
-72
-196
-356
-524
-684
-812
-844
-844
-844
-812
-780
-780
-716
-684
-684
-556
-460
-396
-340
-260
-196
-132
-96
-96
-196
-260
-324
-460
-620
-780
-924
-988
-988
-988
-844
-620
-396
-212
-8
88
104
80
32
-56
-148
-228
-340
-396
-356
-276
-148
-56
56
112
80
72
64
132
244
396
556
716
844
988
988
988
924
812
716
620
524
556
620
780
988
1116
1244
1372
1436
1372
1180
988
812
684
492
260
148
120
180
340
556
748
924
988
924
780
588
324
64
-148
-276
-292
-324
-324
-292
-244
-180
-132
-148
-180
-244
-340
-460
-556
-588
-428
-308
-212
-64
40
104
56
0
-104
-180
-356
-524
-588
-684
-716
-716
-716
-716
-620
-556
-492
-396
-276
-164
-132
-80
-32
-8
32
80
32
-80
-244
-524
-844
-1116
-1308
-1500
-1564
-1436
-1244
-876
-492
-120
148
276
244
40
-164
-396
-716
-988
-1180
-1116
-988
-748
-460
-244
-96
0
-8
-104
-212
-260
-308
-244
-104
96
396
620
748
812
812
716
588
492
396
340
340
396
556
748
924
1116
1180
1180
1180
1116
1052
1052
924
748
620
460
372
292
244
308
492
684
844
924
988
924
780
620
492
292
16
-212
-460
-556
-652
-780
-812
-780
-684
-556
-428
-260
-132
-88
-120
-148
-180
-244
-356
-460
-460
-460
-460
-428
-428
-460
-428
-396
-340
-324
-308
-260
-112
88
324
588
716
748
748
652
524
308
56
-104
-260
-372
-396
-324
-132
96
260
372
428
428
292
148
-16
-164
-260
-324
-340
-340
-340
-356
-356
-372
-396
-460
-556
-652
-780
-924
-988
-924
-780
-716
-588
-492
-396
-324
-292
-228
-180
-212
-180
-104
8
112
212
292
356
396
460
492
524
588
652
716
812
924
1052
1116
1116
1116
1052
988
988
876
716
684
684
748
924
1052
1052
1052
924
652
372
88
-148
-428
-652
-716
-748
-716
-684
-620
-556
-556
-524
-524
-652
-780
-876
-988
-1052
-988
-924
-876
-780
-684
-588
-556
-588
-652
-716
-876
-924
-924
-844
-748
-492
-212
-16
148
276
396
524
588
556
492
396
340
228
180
180
180
228
228
260
276
292
308
292
228
212
212
244
228
164
120
56
56
72
48
-8
-48
-104
-196
-324
-460
-556
-620
-620
-652
-588
-460
-292
-148
-48
40
112
112
148
196
196
228
212
212
196
196
196
104
-8
-24
8
96
292
460
652
876
1116
1244
1308
1244
1052
812
556
244
40
-88
-180
-104
56
308
588
876
924
876
716
460
148
-164
-460
-620
-684
-652
-556
-492
-396
-260
-244
-276
-292
-396
-492
-556
-556
-460
-340
-180
-24
16
0
-72
-212
-396
-556
-652
-716
-652
-492
-244
8
180
356
524
652
684
620
524
372
196
-8
-244
-372
-460
-524
-428
-244
-24
180
324
324
228
112
-40
-196
-324
-396
-396
-292
-132
48
180
180
64
-132
-428
-844
-1180
-1372
-1436
-1372
-1116
-716
-228
180
460
556
492
356
132
-120
-308
-460
-524
-460
-292
-132
40
180
228
212
148
88
-8
-72
-16
120
396
684
988
1244
1308
1244
1052
844
524
212
-48
-244
-308
-228
-56
164
460
684
812
876
748
524
340
148
-40
-164
-212
-244
-244
-228
-276
-196
-164
-148
-164
-148
-132
-112
16
112
244
308
292
212
132
16
-72
-196
-324
-396
-372
-324
-196
-16
132
228
396
524
588
588
524
460
340
132
-40
-164
-340
-396
-428
-104
64
-112
-72
48
120
8
-72
24
180
164
-180
-556
-492
-356
-524
-620
-372
-196
-372
-524
-460
-340
-428
-588
-524
-260
-212
-244
-148
-16
-8
-104
-148
-112
-40
-64
-88
80
260
292
276
292
260
132
0
-196
-340
-340
-276
-164
-32
132
308
356
396
492
460
308
132
24
-64
-164
-244
-292
-292
-260
-260
-180
-112
-40
-72
-148
-112
-164
-212
-228
-260
-276
-340
-396
-356
-308
-260
-132
-40
8
88
132
148
212
228
196
148
180
228
276
292
324
396
396
372
428
524
620
716
780
876
924
924
924
780
620
428
276
148
56
0
-8
8
56
132
276
372
396
396
292
180
56
-80
-260
-396
-492
-524
-428
-324
-276
-244
-212
-260
-396
-492
-524
-556
-652
-652
-588
-492
-396
-212
-32
16
-72
-148
-244
-428
-492
-524
-460
-292
-180
-16
164
324
428
372
428
356
164
-32
-212
-244
-276
-260
-180
0
212
396
460
556
556
460
308
132
0
-196
-372
-428
-460
-492
-428
-308
-148
-40
0
0
16
72
-24
-212
-308
-372
-428
-588
-684
-620
-492
-460
-396
-308
-260
-180
-132
-48
8
120
120
48
180
228
244
196
276
292
276
196
120
132
164
292
372
620
716
876
988
924
924
844
716
460
340
180
104
48
32
56
32
132
80
72
112
24
-56
-112
-180
-180
-276
-228
-164
-228
-228
-396
-396
-556
-652
-684
-652
-684
-716
-396
-372
-292
-228
-56
72
-24
24
-56
-8
-24
-80
-148
32
196
104
24
64
120
72
24
-24
148
212
148
196
460
652
492
556
524
428
276
292
212
-32
24
-88
-212
-148
-212
-212
0
80
24
120
260
260
244
148
64
-16
-88
-244
-396
-428
-588
-620
-556
-556
-588
-260
-180
-88
228
396
340
228
292
340
148
8
88
276
228
148
244
428
556
324
96
244
340
260
132
260
556
684
620
588
812
844
620
372
244
180
-180
-196
-324
-196
-396
-372
-148
-260
-260
-396
-148
-324
-524
-588
-652
-748
-652
-780
-1116
-988
-780
-812
-988
-588
-460
-556
-620
-652
-620
-652
-748
-924
-924
-588
-652
-652
-492
-276
-244
-104
72
212
324
244
228
148
104
-72
24
164
80
148
308
276
276
428
460
556
460
492
652
716
812
556
556
652
492
460
356
460
428
372
212
428
556
292
396
356
292
196
244
356
340
396
372
340
588
428
396
428
324
244
148
196
164
244
196
212
588
588
492
460
556
492
324
164
180
308
244
132
308
620
396
180
492
460
228
0
-148
-104
-244
-276
-428
-324
-164
-308
-524
-428
-396
-460
-620
-556
-556
-716
-684
-812
-844
-812
-716
-876
-876
-844
-988
-1052
-988
-924
-988
-988
-988
-924
-812
-748
-812
-556
-396
-340
-460
-292
-180
-292
-212
-164
-148
-120
-180
-148
-80
64
-104
-212
-8
-120
-148
-112
148
80
132
460
428
684
844
684
492
428
244
-112
-356
-276
-96
-72
276
292
460
492
396
356
460
556
164
148
196
460
340
196
396
372
460
212
180
180
428
132
180
308
460
524
356
748
924
924
844
780
876
716
428
228
276
196
276
196
324
492
556
556
620
684
684
716
460
372
244
180
-96
-244
-396
-556
-620
-652
-652
-780
-396
-244
-64
-16
-56
-132
-72
-396
-780
-876
-812
-924
-1116
-876
-684
-396
-324
-492
-164
-212
-428
-652
-652
-556
-620
-556
-492
-104
-212
-180
-40
180
212
-40
120
72
-148
-356
-112
-132
-180
-308
104
180
80
164
308
588
556
588
492
588
716
228
-56
8
-112
-308
-372
-228
-148
-56
-104
196
340
292
112
-64
40
64
-292
-524
-148
104
-32
-228
-48
8
-16
-276
-356
-308
24
-196
-428
-132
356
684
228
396
652
924
428
132
180
260
24
-276
-148
-104
96
48
24
324
620
524
396
428
396
340
276
-48
-164
-292
-148
-112
-292
-396
-460
-428
-652
-652
-684
-428
-356
-164
-132
-120
-112
-196
-244
-292
-308
-292
-324
-588
-588
-524
-372
-292
-196
-132
-72
148
524
244
292
428
428
308
120
132
64
372
180
-64
-148
308
492
396
492
556
716
876
340
148
524
524
396
148
524
556
460
492
292
396
428
112
-148
-180
-104
-132
-180
-164
-112
260
428
276
260
148
-16
-132
-396
40
-212
-132
-120
-8
180
0
-120
-96
180
16
-212
-396
-64
-212
64
196
32
228
556
652
372
396
356
40
-196
-308
-812
-620
-524
-524
-428
-180
-24
-148
-148
-132
-148
40
-80
-24
-276
-396
-524
-588
-652
-716
-588
-588
-460
-780
-748
-748
-620
-620
-556
-292
-356
-196
-276
-260
-260
-228
-308
-492
-372
-428
-748
-556
-396
-324
-308
-96
-8
340
372
196
164
396
620
428
276
492
620
276
180
88
340
260
40
-24
308
524
340
428
524
876
1052
924
780
812
844
748
196
96
308
132
8
-112
32
148
-48
-80
148
180
260
196
16
244
292
324
-24
-48
80
-164
-56
-292
-260
-148
-196
-340
-396
32
180
292
372
356
492
460
212
244
276
428
260
96
180
-72
132
180
132
180
104
308
460
292
180
180
244
276
72
164
-56
112
164
-64
-112
-32
16
-460
-524
-684
-556
-556
-620
-716
-492
112
-340
-196
-356
-372
-148
-748
-812
-1052
-988
-1052
-1116
-988
-988
-844
-524
-524
-460
0
-276
-340
-492
-356
-492
-356
-340
-716
196
32
-120
-32
164
324
112
-132
32
260
492
228
-40
844
652
924
684
716
716
652
748
-56
396
24
132
244
-56
372
64
356
212
180
396
132
132
228
460
148
308
276
64
48
-164
-64
-16
-120
-72
-428
-88
120
72
40
-276
244
324
292
460
396
588
556
180
260
196
148
64
-428
356
372
308
212
148
684
620
460
72
276
372
244
-308
0
120
-64
64
-228
48
-88
-88
-556
-556
-372
-428
-428
-684
-428
-396
-340
-292
-356
-32
56
-308
-260
-396
-556
-988
-1244
-924
-876
-924
-924
-748
-396
-228
16
180
396
620
428
372
196
228
72
-16
-148
-244
228
-40
-132
8
356
428
212
492
780
780
620
620
716
876
524
460
324
780
460
-180
88
-8
308
-396
-428
112
-112
276
-244
-8
244
-292
-48
-620
-620
-212
-324
-588
-812
-492
-40
-324
-428
-228
-180
24
-428
-556
-308
-16
-396
-428
-112
104
104
-212
-132
132
164
-260
-372
212
492
40
324
148
324
684
428
292
292
748
428
-16
356
276
148
8
8
492
428
308
356
228
260
428
-40
-244
-24
-148
-112
-228
-212
-324
-112
72
-16
-164
-196
-292
-340
-292
-716
-684
-588
-748
-812
-356
-80
-292
48
-8
148
180
-48
-212
-24
148
164
148
196
148
-120
148
196
356
164
228
460
588
620
196
356
460
492
524
588
716
524
460
492
492
684
56
-164
-164
64
180
-492
-308
-56
-164
24
0
-212
32
-196
-80
-112
0
132
-556
-244
-80
-244
-196
-588
-556
-260
-72
-276
-620
-340
-556
-212
-80
-212
-96
-48
308
96
148
196
-132
-260
-148
-196
-48
132
-80
-212
40
292
372
104
24
-32
-64
260
180
-308
-276
244
56
104
276
-104
-148
-72
-148
-556
-652
-324
-460
-396
-180
-80
0
8
-40
-524
-112
40
-556
-780
-876
-524
-260
-556
-556
-356
16
340
16
148
164
104
228
104
104
340
356
48
276
260
308
132
-88
212
148
396
396
396
780
620
556
524
556
524
396
228
492
748
396
-196
-88
524
-80
-372
-276
-16
180
-8
-292
-244
276
-64
-180
0
212
524
56
-16
228
164
120
-120
56
-180
-324
-104
-396
-396
-180
-40
-40
292
428
356
556
652
324
228
308
244
24
16
212
32
8
48
80
104
260
244
308
164
72
-16
-164
244
0
-104
16
396
396
0
96
-96
-244
-524
-812
-460
-620
-780
-684
-588
-460
-396
-196
8
-96
112
-180
-340
-340
-716
-812
-924
-356
-428
-716
-588
-228
-56
-212
-276
-292
80
112
72
-164
164
396
64
-212
-16
340
292
-148
-228
196
148
-132
-148
-72
228
460
228
196
308
276
-16
16
260
120
-180
-24
40
-120
-276
-244
0
-244
-164
-196
-8
132
-324
-308
-132
112
88
-164
0
148
356
164
-8
-164
56
260
-196
-80
212
396
492
492
460
716
812
684
324
180
396
196
164
-40
-32
-56
196
428
492
652
620
716
716
308
148
180
72
-56
-72
-48
48
244
48
72
148
212
164
-72
-196
-212
-356
-460
-276
-324
-324
-132
148
0
-48
0
-104
-164
-132
-120
-556
-524
-324
-324
-356
-396
-120
-120
48
196
324
112
-164
48
-132
48
56
24
32
40
164
-56
40
-16
-276
-372
-340
-120
-308
-620
-492
-196
40
-80
-228
-40
-24
80
-212
-588
-396
-492
-780
-812
-492
-396
-524
-588
-588
-396
-212
-260
-428
-428
-260
-180
-148
-292
-96
212
164
132
120
244
88
180
-24
-372
24
164
-56
196
556
780
924
812
924
844
924
716
396
556
460
428
276
356
556
652
684
588
652
748
652
372
96
0
148
112
-132
24
196
180
292
244
132
132
-48
-292
-340
-396
-428
-620
-524
-308
-112
132
64
-64
-88
-132
-16
-308
-556
-684
-716
-396
-428
-460
-212
8
48
148
340
460
372
148
164
164
180
196
0
48
88
132
104
-212
-324
-372
-428
-372
-180
16
164
308
276
212
324
356
16
-120
-8
-132
-372
-428
-492
-492
-292
-292
-356
-120
-8
-148
-396
-372
-372
-340
-104
-180
104
372
324
244
104
72
-104
-132
-104
-308
-292
-292
-308
-180
8
24
32
260
396
372
292
228
72
32
0
112
148
112
164
196
212
260
324
80
-120
-120
-56
-96
-180
-356
-356
-56
72
132
132
196
396
396
88
-228
-180
-212
-396
-260
-212
-8
112
0
-96
-24
72
-148
-340
-308
-340
-132
-40
-148
-80
32
244
308
324
132
24
164
-56
-244
-196
-8
120
180
164
228
292
292
32
-196
-96
-48
-120
-196
-64
56
180
276
324
396
372
292
148
-16
8
-16
-212
-164
-64
72
104
72
148
96
-8
8
-104
-96
-8
-72
-8
104
260
356
308
324
428
396
340
180
112
56
-96
-88
-40
-56
0
32
104
244
340
324
164
196
260
164
180
96
0
16
88
132
112
80
80
32
-24
-120
-96
-212
-356
-356
-396
-308
-324
-308
-244
-64
32
-24
-132
-180
-228
-324
-308
-428
-524
-492
-428
-324
-324
-324
-276
-356
-372
-396
-372
-244
-292
-356
-324
-244
-56
-80
-56
48
-40
48
64
-80
-180
-244
-276
-292
-132
48
180
212
180
212
196
72
0
-56
-120
-120
-80
-72
0
112
80
196
372
460
356
180
148
96
8
-56
-80
-16
72
120
244
340
356
308
212
164
64
56
88
32
80
196
340
460
428
396
428
460
356
180
80
-48
-132
-40
8
-24
164
324
324
396
524
524
396
244
132
120
88
-16
-40
-16
-16
24
0
-8
0
-8
-48
-80
-104
-180
-292
-308
-228
-196
-132
-80
-80
-48
-148
-180
-228
-276
-276
-308
-276
-244
-276
-228
-180
-104
-104
-64
40
48
0
-24
-40
-56
-148
-180
-164
-72
32
40
56
64
132
64
-40
-24
-96
-196
-212
-96
8
-8
48
8
16
-32
-120
-196
-292
-244
-260
-292
-276
-228
-180
-212
-148
-32
-72
-80
-180
-228
-228
-276
-260
-276
-276
-180
-96
-40
-40
-16
0
-16
-40
-56
16
80
64
112
132
228
372
396
308
244
260
292
228
148
180
180
164
196
244
428
524
428
460
492
556
492
308
148
120
180
88
48
96
212
292
228
212
148
80
-16
-64
-164
-228
-148
-180
-132
-80
-32
-8
-64
-72
-120
-180
-164
-260
-356
-324
-244
-104
-16
-48
-72
-120
-48
0
-104
-148
-104
-88
-96
-64
16
80
16
32
104
148
132
96
112
96
40
56
48
0
8
40
80
132
148
104
32
56
56
-32
-132
-212
-180
-212
-228
-212
-180
-196
-276
-212
-132
-96
-120
-164
-164
-164
-120
-132
-148
-104
-88
-88
-132
-180
-212
-292
-324
-292
-228
-72
32
180
260
356
460
460
372
276
164
72
32
-48
-16
56
164
228
260
292
292
292
228
228
228
196
196
228
196
196
228
132
-32
-88
-148
-164
-212
-276
-212
-148
-96
-80
-112
-64
-32
-132
-196
-260
-260
-260
-276
-308
-292
-180
-180
-212
-180
-104
-56
-56
-32
24
40
32
16
-16
16
72
32
32
80
132
148
72
0
16
24
48
64
80
148
148
164
164
112
96
112
104
32
40
24
-56
-148
-164
-120
-132
-88
-64
-8
16
0
-16
-72
-88
-56
-24
-24
0
0
16
40
96
120
80
40
24
8
-16
-32
16
48
16
80
180
244
308
308
308
292
276
260
164
132
164
180
132
112
80
88
64
0
8
32
48
64
48
48
96
164
120
24
0
-24
-80
-164
-324
-356
-292
-308
-308
-212
-148
-120
-96
-56
-56
-40
-80
-164
-212
-244
-260
-292
-228
-148
-72
-80
-48
-32
-80
-132
-132
-132
-148
-148
-132
-56
-8
24
56
80
88
56
48
0
-56
-112
-112
-120
-48
-8
48
80
56
72
48
48
32
-8
-56
-96
-120
-148
-164
-148
-164
-112
-80
-56
0
8
24
0
0
64
56
48
48
24
8
-56
-72
-56
-40
-8
16
88
164
196
196
260
276
260
260
292
292
308
340
340
340
292
244
196
180
132
64
32
56
132
164
196
228
244
292
276
244
180
56
-112
-164
-196
-164
-80
-64
-32
32
56
16
-64
-112
-196
-228
-244
-244
-212
-196
-148
-96
-16
-24
-16
-24
-32
-80
-132
-132
-132
-164
-112
-132
-88
32
40
32
0
-24
-80
-120
-132
-196
-228
-180
-88
-16
40
96
120
64
32
0
-80
-148
-228
-228
-196
-164
-64
0
0
24
16
-40
-112
-212
-308
-372
-356
-292
-244
-180
-88
24
104
164
120
48
32
-16
-88
-104
-112
-80
-56
-80
-24
72
64
40
64
64
80
120
96
112
148
212
276
324
396
372
396
356
260
212
132
96
48
64
80
96
88
104
132
132
132
88
0
-56
-80
-88
-80
-16
0
8
40
48
56
-48
-132
-164
-196
-180
-212
-212
-132
-120
-80
-48
-24
-16
0
16
0
-32
-80
-80
-104
-96
-40
0
16
16
8
16
32
0
-56
-16
8
64
88
120
196
244
228
260
244
212
120
24
40
56
40
16
32
16
72
132
120
132
56
8
-32
-88
-88
-148
-196
-164
-164
-132
-64
0
-8
8
0
16
24
0
24
24
-24
8
32
0
16
0
-24
-32
-64
-72
0
24
56
112
132
132
164
164
148
148
88
40
-8
-64
-88
-104
-104
-72
0
48
72
88
8
-56
-104
-164
-212
-196
-196
-164
-80
-40
-8
16
-8
-32
-112
-196
-260
-324
-428
-460
-460
-460
-356
-308
-228
-164
-72
-56
-80
-80
-112
-148
-180
-164
-132
-132
-132
-104
-64
0
48
80
132
112
132
96
40
32
48
80
132
180
228
292
276
276
276
260
244
212
180
164
148
132
164
164
196
212
212
180
148
132
104
48
48
56
80
72
80
80
132
212
196
180
164
112
48
-24
-64
-72
-56
-24
24
96
104
88
88
64
40
48
48
88
112
132
164
196
244
212
112
88
64
-32
-120
-164
-164
-164
-148
-120
-64
0
40
64
16
-8
-56
-148
-228
-276
-276
-292
-292
-292
-260
-180
-148
-120
-72
-72
-96
-132
-164
-196
-260
-276
-308
-308
-260
-196
-164
-132
-80
-32
-24
-72
-64
-40
-96
-120
-96
-48
-24
-8
16
56
96
80
32
8
8
8
24
24
40
64
80
88
112
104
96
40
16
0
-32
-24
0
0
32
80
64
40
-40
-56
-88
-96
-24
-48
8
72
112
148
180
164
164
120
32
16
-8
-24
-64
-48
0
48
96
164
180
132
132
148
164
180
180
196
212
244
260
260
228
180
164
148
148
120
112
80
80
88
132
148
132
120
164
148
72
64
0
-80
-180
-228
-276
-292
-308
-292
-244
-196
-132
-96
-16
-24
-40
-64
-132
-228
-308
-372
-356
-324
-308
-292
-212
-164
-80
0
0
0
0
0
-56
-72
-112
-80
-56
-40
32
112
132
148
132
88
72
24
-16
-8
0
48
112
120
112
180
196
180
148
88
24
-16
-8
-32
-8
8
0
