SAMPLES:	9169
BITSPERSAMPLE:	16
CHANNELS:	1
SAMPLERATE:	16000
NORMALIZED:	FALSE
-24
-24
-32
-24
-24
-16
-8
0
0
0
0
0
0
0
0
0
0
0
0
0
8
8
16
16
16
16
16
16
16
24
24
32
32
32
24
32
24
16
16
8
16
16
8
0
0
0
0
8
16
16
16
8
8
8
8
8
8
8
8
8
8
8
8
16
16
16
8
0
8
16
32
24
32
24
32
32
32
40
32
32
32
32
32
32
24
40
32
24
24
24
24
24
24
24
24
24
8
16
8
0
8
8
8
16
24
16
8
8
8
8
0
8
0
0
0
0
0
0
0
0
0
0
0
-8
-16
-16
-24
-32
-32
-40
-48
-40
-32
-32
-24
-16
-8
-16
-16
-24
-16
-32
-32
-24
-32
-40
-32
-32
-32
-32
-40
-40
-40
-48
-40
-40
-40
-40
-40
-40
-32
-32
-24
-16
-24
-32
-24
-24
-24
-16
-16
-24
-24
-16
-16
-16
-8
0
0
0
0
8
8
0
0
0
0
0
-8
0
0
0
8
0
0
8
8
8
16
16
8
0
0
0
0
8
8
8
8
8
8
8
16
24
24
16
8
16
8
8
0
0
0
0
8
24
32
32
32
32
32
32
24
32
32
24
24
24
16
16
8
16
16
16
24
24
24
24
24
24
32
24
24
16
8
0
0
0
0
0
0
0
0
8
16
24
16
16
16
16
16
8
8
8
0
0
0
0
-8
0
0
0
0
0
0
0
0
-8
0
0
-8
0
0
-8
-8
0
-8
-8
-8
-8
-8
-8
-8
-8
-8
-8
-8
-8
-8
-8
-8
-16
-16
-16
-24
-24
-32
-40
-40
-32
-32
-32
-32
-32
-32
-32
-40
-32
-32
-24
-24
-24
-16
-16
-24
-16
-8
-8
-8
-8
0
0
0
-8
0
0
-8
0
0
0
8
8
8
0
0
0
0
0
-8
0
0
0
0
0
0
0
0
0
0
0
0
0
0
0
0
0
0
0
0
0
0
0
-8
-8
0
0
0
8
8
16
16
16
8
8
8
0
0
8
8
0
0
8
16
16
24
24
16
16
16
16
16
16
16
24
24
24
32
24
16
16
24
32
32
24
24
16
16
16
16
8
8
8
8
16
16
8
16
8
0
8
8
8
0
0
0
0
0
0
0
0
8
16
16
8
8
8
0
0
0
8
0
0
0
-8
-16
-16
-16
-16
-8
-8
-8
-8
-8
-24
-24
-24
-16
-24
-24
-24
-24
-24
-16
-16
-16
-8
-24
-16
-16
-16
-16
-24
-16
-16
-16
-16
-8
-16
-24
-32
-32
-24
-32
-24
-32
-40
-40
-32
-24
-24
-16
-16
-16
-16
-16
-16
-24
-24
-16
-16
-8
-8
0
0
0
8
8
0
8
0
0
0
0
0
0
0
8
16
0
0
0
0
0
0
0
8
16
16
24
24
32
40
32
32
32
32
24
16
16
16
16
16
24
32
32
40
32
24
32
32
32
32
32
32
24
24
24
24
24
32
32
24
32
32
32
32
24
24
16
8
8
0
0
0
0
8
0
8
8
0
0
0
0
0
-8
-8
-8
-16
-16
-8
-16
-16
-16
-16
-16
-16
-8
-8
-8
-8
-16
-8
-8
-8
-16
-16
-16
-16
-16
-24
-16
-16
-16
-8
-8
-8
-8
-8
-16
-16
-16
-16
-16
-8
-8
-16
-16
-16
-8
-8
-8
-8
-16
-16
-32
-32
-32
-32
-32
-32
-24
-24
-24
-24
-24
-24
-24
-24
-40
-48
-40
-40
-32
-24
-16
-16
-16
-16
-8
-8
-8
-8
-8
0
0
0
0
0
-8
-8
0
0
0
0
0
0
8
8
8
8
16
24
24
32
32
40
40
32
40
40
40
40
32
24
24
24
24
32
32
24
24
24
16
8
16
16
24
24
24
24
32
24
24
24
24
24
16
16
16
16
24
24
24
24
16
8
16
8
8
8
16
24
24
32
32
32
24
16
8
8
8
8
0
0
0
0
0
8
8
8
8
8
8
8
8
0
-8
-8
-8
-16
-8
-16
-16
-16
-24
-24
-24
-24
-16
-24
-24
-16
-16
-24
-24
-24
-32
-24
-24
-40
-32
-40
-40
-40
-40
-40
-40
-48
-56
-56
-64
-64
-64
-56
-48
-48
-48
-48
-48
-48
-40
-40
-40
-40
-32
-32
-32
-24
-24
-16
-8
-8
0
0
0
0
0
0
0
0
0
8
0
8
8
16
24
24
24
24
24
24
24
32
32
32
40
40
40
32
24
24
24
32
48
40
48
32
32
40
40
48
56
56
56
40
24
24
0
8
16
32
32
40
48
24
24
16
16
8
16
24
24
16
16
24
24
24
24
24
24
16
16
16
8
0
-8
0
-8
-16
-8
0
0
0
-8
-24
-24
-32
-32
-24
-16
-24
-24
-16
-24
-16
-16
-16
-8
-8
-16
-16
-24
-24
-24
-24
-16
-16
-16
-16
-8
-8
-8
-8
-8
-8
-16
-16
-16
-16
-32
-24
-16
-8
-8
-8
-8
0
0
-8
-8
-16
-8
-8
-24
-16
-8
-8
-8
-8
-8
0
0
-16
-24
-24
-16
-16
-16
-8
0
-8
-16
-32
-32
-32
-24
-16
-16
-8
-8
-8
-16
0
0
48
80
80
80
40
40
24
0
-32
-40
-32
-48
-80
-96
-88
-88
-96
-96
-64
-56
-72
-72
-48
-32
-24
0
0
8
24
24
8
24
48
56
64
72
88
104
112
104
132
148
164
148
148
148
148
132
112
112
112
112
132
132
148
148
148
132
132
120
104
88
72
56
40
32
8
-8
-8
-8
-24
-32
-40
-48
-64
-80
-72
-72
-72
-80
-88
-88
-88
-96
-104
-104
-112
-120
-132
-120
-132
-148
-148
-148
-132
-120
-104
-104
-88
-88
-88
-72
-64
-56
-48
-40
-32
-16
-8
-8
-8
-8
0
0
0
0
0
0
-8
-8
-16
-16
-16
-24
-24
-24
-8
0
0
0
8
0
0
0
0
0
-8
-16
-24
-16
-32
-32
-24
-16
-16
-16
-16
-24
-16
0
16
32
40
56
64
48
48
64
56
48
48
48
40
32
32
32
32
40
48
64
64
64
48
24
0
0
0
-8
-16
-16
-16
-32
-32
-8
0
16
24
24
32
32
32
16
16
24
16
8
0
-8
-24
-24
-8
8
32
40
56
48
40
32
16
8
16
32
48
56
56
32
24
16
24
24
48
48
32
32
32
40
56
56
56
88
80
72
64
32
24
16
0
0
0
16
24
16
0
16
24
32
56
64
48
40
8
-8
-8
-16
-24
-24
-32
-32
-24
-32
-40
-40
-48
-64
-48
-32
-40
-32
-48
-80
-96
-112
-120
-120
-112
-112
-112
-112
-120
-120
-112
-112
-104
-104
-112
-120
-132
-164
-164
-148
-132
-132
-148
-148
-132
-132
-112
-88
-80
-64
-64
-72
-64
-48
-32
-24
0
0
-8
-24
-40
-40
-56
-40
-16
-8
0
24
32
32
32
24
24
40
48
72
96
112
112
104
120
132
148
148
180
180
164
164
164
180
228
260
292
292
292
260
260
276
324
372
428
460
460
460
428
428
396
396
372
340
292
244
180
104
40
0
-24
-24
0
0
-24
-48
-88
-132
-180
-212
-260
-292
-356
-428
-492
-524
-556
-588
-620
-652
-652
-652
-620
-588
-556
-556
-524
-492
-460
-460
-460
-428
-396
-396
-372
-324
-308
-292
-276
-276
-228
-180
-132
-88
-40
-16
-8
-16
-32
-16
0
32
72
120
164
212
244
244
244
228
196
180
196
212
260
276
324
340
324
308
276
228
164
132
148
228
324
428
588
924
1372
1820
2236
2748
2876
2748
2236
1500
748
148
-396
-844
-1180
-1372
-1372
-1372
-1180
-780
-276
112
340
428
460
340
148
-132
-396
-684
-1052
-1372
-1628
-1820
-1980
-2236
-2236
-2236
-2364
-2364
-2364
-1980
-1628
-1116
-780
-396
-112
0
-88
-196
-196
-148
-180
-212
-132
-8
88
180
244
292
324
308
324
308
276
260
180
276
428
620
844
1052
1308
1372
1308
1180
988
716
428
148
48
96
212
324
396
492
620
684
684
588
260
-132
-588
-988
-1308
-1500
-1500
-1372
-988
-524
-16
396
812
1116
1308
1436
1500
1756
2364
3388
4348
5116
5628
6140
5884
4604
2748
1052
-72
-924
-1564
-2108
-2236
-1884
-1372
-748
80
1116
1980
2364
2236
1980
1308
556
-324
-1244
-2236
-3004
-3772
-4092
-4348
-4604
-5116
-5372
-5372
-5372
-5116
-4860
-4348
-3516
-2876
-2108
-1372
-748
-276
132
492
748
844
812
428
-396
-1180
-1564
-1756
-1692
-1372
-1052
-620
-56
492
1052
1564
1980
2364
2364
2236
2108
1884
1564
1308
988
716
276
-104
-276
-428
-588
-588
-428
-196
0
308
652
876
988
988
588
-120
-876
-1628
-2364
-2876
-3132
-2876
-2364
-1628
-588
524
1628
2492
3132
3388
3260
3004
2492
2108
1500
1052
684
492
428
524
812
1180
1980
3388
4860
6396
7164
8316
8828
8316
6652
4348
2492
1180
132
-988
-1884
-2236
-1980
-1820
-1564
-988
-8
652
812
684
104
-748
-1820
-2748
-3644
-4604
-5116
-5628
-5628
-5628
-5372
-5628
-5628
-5372
-4860
-4604
-4348
-3900
-3132
-2748
-2236
-1884
-1436
-1308
-1372
-1372
-988
-356
-24
-148
-80
96
292
460
524
684
684
620
524
556
556
556
492
652
1052
1436
1692
1884
2108
1980
1500
748
164
-308
-924
-1500
-1756
-1692
-1436
-1116
-556
-32
396
812
988
844
460
-196
-1180
-2236
-2876
-3260
-3132
-2748
-1884
-716
652
1884
3004
3900
4092
4092
3516
2876
2108
1308
748
324
308
556
924
1308
1884
2364
2748
3004
3644
4860
5884
6908
7164
7420
7676
7164
5372
2876
812
-428
-1308
-2364
-3260
-3516
-3260
-2748
-1980
-988
180
988
1308
1244
748
-132
-1244
-2236
-3260
-4348
-5372
-5884
-5884
-5628
-5628
-5884
-5372
-4860
-4092
-3388
-3004
-2492
-1820
-1308
-1052
-924
-748
-780
-1052
-1244
-1244
-1116
-748
-228
148
164
180
396
716
812
428
244
460
716
812
924
1308
1820
2236
2236
2236
2108
1756
1052
276
-460
-1052
-1564
-1692
-1372
-844
-340
244
988
1500
1564
1436
1116
652
-40
-924
-1884
-2620
-3004
-3132
-3132
-2620
-1756
-588
524
1436
2364
3132
3388
3260
3004
2492
1980
1372
876
620
524
684
988
1372
1628
1884
2236
2492
2620
2748
2620
2236
1980
2236
3004
4092
5116
6140
6908
6908
5628
3260
780
-988
-1980
-2876
-3772
-4092
-3772
-3004
-2364
-1564
-524
492
988
1052
620
-212
-1436
-2620
-3516
-4348
-4860
-5372
-5372
-5116
-5116
-5116
-5372
-5116
-4860
-4604
-4604
-4092
-3388
-2364
-1500
-652
120
588
588
308
32
-164
-340
-620
-1116
-1628
-1820
-1564
-924
-212
460
1116
1756
2364
2876
3004
2876
2748
2364
1980
1436
1116
988
748
588
428
356
396
492
620
652
652
748
924
924
748
652
524
324
40
-308
-652
-988
-1180
-1308
-1436
-1308
-988
-460
148
876
1628
2236
2748
2876
2876
2492
2108
1692
1308
988
812
876
1244
1628
1980
2364
2876
3260
3260
3132
2876
2364
1756
1116
684
844
1692
3004
4092
5372
6652
7420
7164
5116
2236
-88
-1500
-2492
-3644
-4604
-4860
-4348
-3772
-3004
-1980
-924
-40
556
748
428
-396
-1500
-2492
-3388
-4348
-5372
-5884
-6140
-6396
-6908
-7164
-6908
-6140
-5628
-5116
-4348
-3260
-1980
-924
-244
164
396
164
-524
-1308
-1980
-2492
-2876
-2620
-2108
-1564
-812
228
1436
2236
2492
2748
3132
3260
3004
2236
1692
1372
1180
876
620
620
876
1052
924
988
1052
1116
1116
1308
1500
1436
1500
1692
1756
1564
1116
924
812
684
308
-148
-492
-684
-716
-684
-684
-396
180
812
1372
2108
2748
3132
3388
3388
3388
3260
2876
2620
2236
1756
1244
988
876
924
1052
1372
1820
2236
2620
2876
2876
2620
2108
1436
812
196
88
556
1564
2620
3516
4348
5372
6140
5372
3004
120
-1980
-3388
-4348
-5372
-5884
-5884
-4860
-3644
-2364
-988
132
988
1500
1436
748
-556
-1980
-3260
-4604
-5628
-6140
-6396
-5884
-5884
-5884
-5884
-5372
-4860
-4092
-3516
-2876
-1980
-1052
-292
292
684
748
396
-356
-1116
-1564
-1692
-1884
-2108
-2364
-2108
-1372
-148
1308
2364
2876
3132
3260
2876
2236
1308
620
104
-180
-356
-276
148
748
1372
1692
1820
1980
2108
1980
1436
1052
748
588
492
460
492
460
652
924
1052
1052
876
588
164
-196
-308
-212
88
556
1180
1820
2364
3004
3388
3388
3004
2492
1980
1372
844
460
340
396
652
988
1372
1820
2364
2876
3132
3004
2620
1980
1116
308
-396
-812
-1052
-1052
-556
428
1820
3132
4348
5372
6396
6396
5116
2492
-340
-2364
-3772
-4604
-5372
-5116
-4348
-3132
-1884
-652
524
1436
2108
2236
1628
492
-988
-2364
-3516
-4604
-5372
-5884
-5884
-5628
-5372
-5372
-5116
-4860
-4092
-3388
-3004
-2364
-1500
-780
-260
-8
-24
-372
-1116
-1980
-2620
-3004
-3388
-3772
-3644
-3004
-2236
-988
492
1884
2748
3004
2876
2748
2364
1692
924
396
212
40
24
228
844
1436
1820
2108
2364
2620
2492
2236
1980
1692
1692
1820
2108
2364
2492
2492
2492
2364
1980
1372
396
-524
-1180
-1500
-1628
-1436
-924
-196
684
1692
2620
3388
3516
3260
2748
1884
876
-164
-988
-1372
-1372
-1116
-716
-132
460
924
1372
1692
1820
1692
1372
812
260
-228
-524
-620
-460
-196
72
556
1308
2364
3388
3900
4092
4604
5116
4860
3516
988
-1436
-3004
-3516
-3644
-3772
-3260
-2364
-1180
-8
924
1564
1980
2108
1756
1180
148
-1180
-2492
-3644
-4604
-5372
-5628
-5628
-5372
-5372
-5116
-4860
-4092
-3516
-3132
-2748
-2364
-1884
-1436
-1180
-1180
-1244
-1500
-1980
-2620
-3132
-3260
-3132
-2876
-2492
-1692
-324
1180
2364
3004
3260
3132
3004
2492
1884
1244
716
620
876
1244
1500
1884
2364
3004
3516
3516
3260
3004
2748
2364
1980
1756
1820
1980
1980
1980
1820
1436
924
372
-372
-1180
-1756
-1980
-1980
-1756
-1180
-460
292
1052
1820
2364
2364
2236
1564
588
-396
-1244
-1756
-1980
-1980
-1756
-988
32
924
1628
1980
2108
2108
1980
1884
1628
1308
988
748
620
716
780
812
924
988
1180
1244
1372
1628
1884
2108
2492
3260
4092
4860
4604
3260
1244
-620
-1820
-2492
-2876
-3004
-2876
-2364
-1756
-1116
-620
-212
-24
-64
-372
-1052
-2108
-3260
-4348
-5116
-5628
-5884
-5884
-5884
-5628
-5372
-5116
-4860
-4604
-4092
-3772
-3260
-2620
-2108
-1564
-988
-524
-292
-492
-924
-1436
-1756
-1692
-1372
-1116
-988
-748
0
1116
2236
3132
3772
4348
4604
4348
3900
3132
2492
2108
1692
1436
1308
1244
1372
1628
2108
2364
2748
2876
3004
3132
2876
2748
2620
2492
2236
1692
1244
780
340
-120
-620
-924
-1116
-1180
-1180
-780
-148
524
1180
1628
1884
1980
1756
1436
924
212
-524
-988
-1180
-1116
-844
-308
492
1436
2108
2492
2620
2492
2236
1820
1244
748
196
-244
-492
-460
-148
276
780
1180
1308
1244
1116
1116
1180
1372
1564
1820
2364
3132
3772
3388
2108
132
-1628
-2748
-3388
-3900
-4092
-4348
-3772
-3260
-2492
-1756
-1244
-780
-524
-588
-988
-1692
-2620
-3516
-4348
-4860
-5372
-5628
-5884
-5884
-5884
-5884
-5628
-5372
-4860
-4092
-3388
-2364
-1436
-588
0
372
428
244
-260
-924
-1564
-1980
-1980
-1564
-1116
-716
16
1116
2236
3132
3772
4092
4092
3644
3132
2620
2108
1820
1756
1820
2236
2620
3132
3516
3772
4092
3772
3516
3260
3004
2620
2236
2236
2236
2236
2236
1980
1756
1372
1052
620
88
-276
-396
-324
-80
428
1052
1564
1980
2364
2492
2236
1692
988
276
-460
-1116
-1500
-1564
-1308
-748
104
988
1628
1980
2108
1980
1692
1372
988
652
308
64
32
96
212
428
620
652
620
460
340
244
212
308
652
1244
2108
3260
4092
4092
2876
844
-1180
-2492
-3388
-4092
-4348
-4348
-3772
-3004
-2236
-1564
-1052
-780
-716
-988
-1564
-2492
-3644
-4860
-5628
-6140
-6396
-6396
-6140
-5884
-5372
-4860
-4604
-4348
-3772
-3388
-3132
-2620
-2108
-1564
-1180
-876
-556
-556
-876
-1500
-1980
-2364
-2364
-2108
-1372
-308
1052
2492
3772
4604
5116
5116
4860
4092
3516
2876
2236
1756
1628
1692
1884
2236
2876
3644
4092
4348
4092
4092
3772
3516
3388
3260
3388
3516
3388
3004
2492
1756
924
72
-684
-1244
-1564
-1436
-924
-132
684
1436
1884
2108
2236
1884
1180
260
-652
-1500
-1980
-2108
-1884
-1244
-460
556
1564
2364
2748
2748
2236
1628
924
396
-104
-524
-716
-716
-460
8
524
924
1244
1436
1372
1372
1244
1116
924
716
748
1052
1500
2108
2748
3132
2748
1500
-308
-1980
-3132
-3900
-4348
-4348
-3900
-3132
-2364
-1692
-1244
-988
-1052
-1308
-1756
-2364
-3132
-4092
-4860
-5372
-5372
-5628
-5628
-5628
-5372
-5372
-5372
-5116
-4860
-4348
-3900
-3388
-2748
-1884
-1116
-620
-276
-112
-88
-80
-308
-716
-1244
-1564
-1308
-780
112
1244
2492
3644
4604
4860
4860
4348
3644
3004
2620
2492
2492
2492
2748
3132
3516
3772
3772
3900
3900
3516
3132
2620
2364
2364
2492
2748
2876
2876
2748
2108
1372
460
-460
-1372
-1980
-2236
-1980
-1244
-276
748
1628
2108
2108
1980
1628
924
8
-876
-1500
-1820
-1884
-1628
-1052
-212
716
1500
1980
1980
1820
1436
988
588
356
228
196
372
652
988
1244
1436
1308
1052
620
212
-72
-244
-260
-196
0
428
1116
1980
3132
3900
4092
3132
1372
-620
-2364
-3644
-4604
-4860
-4604
-3900
-3132
-2364
-1756
-1372
-1244
-1372
-1628
-2108
-2748
-3516
-4092
-4604
-4860
-5116
-5116
-5116
-5116
-5116
-5372
-5372
-5372
-5116
-4604
-3772
-2748
-1692
-620
292
876
1244
1180
812
196
-212
-460
-812
-1116
-1116
-556
428
1756
3132
4348
5372
5628
5116
4604
4092
3516
3004
2748
2748
3004
3132
2876
2876
2876
2620
2364
2108
1980
1980
1884
2108
2492
3004
3388
3388
3004
2492
1628
428
-924
-2108
-3004
-3644
-3772
-3388
-2364
-1052
148
1180
1884
2108
1980
1500
876
120
-652
-1244
-1628
-1692
-1500
-988
-372
308
924
1308
1308
1308
1180
1116
988
844
812
924
1116
1308
1436
1564
1500
1180
684
180
-228
-460
-524
-292
48
396
748
1244
1884
2492
3004
3132
3004
2236
924
-876
-2620
-4092
-4860
-4860
-4348
-3644
-2876
-2108
-1628
-1244
-1180
-1372
-1756
-2108
-2620
-3260
-3772
-4348
-4604
-4860
-4860
-4860
-5116
-5116
-5372
-5628
-5372
-4860
-4092
-3132
-1820
-556
492
1308
1980
2236
1980
1436
812
104
-748
-1500
-1756
-1372
-556
588
1980
3644
4860
5372
5372
4860
4604
4092
3516
3132
3132
3004
2876
2748
2748
2620
2364
1980
1692
1628
1564
1628
1820
2364
2876
3260
3388
3260
2748
1820
524
-748
-1692
-2364
-2876
-2876
-2364
-1564
-524
428
1180
1628
1628
1244
716
120
-340
-812
-1180
-1372
-1372
-1180
-876
-588
-276
0
260
460
620
876
1116
1372
1628
1756
1820
1692
1436
1116
716
180
-308
-748
-988
-988
-812
-396
16
620
1116
1436
1692
1820
1820
1756
1628
1692
1756
1436
684
-460
-1756
-3004
-3772
-4092
-3900
-3388
-2748
-2364
-2108
-1884
-1884
-1980
-2108
-2364
-2620
-3004
-3388
-3772
-4092
-4348
-4348
-4604
-4860
-4860
-4860
-4860
-4860
-4348
-3516
-2620
-1628
-780
0
716
1244
1564
1628
1436
1052
652
324
0
-120
104
716
1436
2364
3260
4092
4604
4604
4348
4092
3900
3644
3644
3644
3644
3516
3260
2876
2364
1980
1500
1180
1116
1244
1500
1692
1980
2236
2236
2236
1884
1308
652
-212
-1116
-1756
-2236
-2364
-2364
-2108
-1692
-1052
-588
-292
-80
24
-40
-132
-260
-324
-276
-180
-112
-96
-148
-228
-340
-460
-460
-396
-260
40
524
1052
1564
1980
2108
2108
2108
1980
1628
1116
588
132
-212
-428
-492
-340
-80
292
620
844
924
924
812
780
844
780
748
876
988
812
228
-684
-1564
-2364
-2876
-3260
-3388
-3132
-2620
-2364
-2236
-2236
-2108
-2236
-2492
-2748
-2876
-3004
-3004
-3132
-3132
-3132
-3132
-3388
-3516
-3644
-3900
-4092
-3900
-3388
-2492
-1564
-716
0
588
780
652
524
396
308
120
0
132
460
844
1308
1884
2492
2876
3004
3132
3132
3260
3260
3132
3132
3260
3132
2876
2748
2620
2364
1980
1756
1628
1628
1820
1884
1980
1980
1980
1692
1308
988
652
292
-80
-396
-556
-588
-588
-620
-620
-524
-524
-588
-684
-748
-876
-988
-924
-844
-620
-372
-96
164
396
556
492
492
428
428
396
396
588
812
1052
1116
1244
1372
1372
1308
1244
1116
1116
1116
1116
1180
1180
1052
812
524
212
-56
-212
-292
-120
260
684
988
1308
1500
1564
1308
780
-88
-1116
-2108
-2876
-3260
-3260
-3004
-2748
-2364
-2364
-2492
-2620
-2876
-3132
-3388
-3644
-3772
-3900
-3772
-3772
-3644
-3516
-3516
-3644
-3900
-4092
-4348
-4092
-4092
-3516
-2876
-2108
-1436
-924
-492
-228
-40
-16
48
180
244
492
924
1372
1820
2108
2364
2748
3004
3132
3388
3516
3644
3772
3644
3516
3388
3260
3132
3004
2748
2620
2492
2364
2236
2108
1980
1756
1628
1564
1564
1564
1564
1564
1564
1436
1180
876
492
164
-80
-356
-620
-876
-1052
-1180
-1244
-1180
-924
-524
-112
292
652
876
924
924
844
716
556
396
164
64
132
244
396
620
988
1180
1308
1436
1500
1500
1308
1116
924
748
588
428
308
292
196
-48
-180
-112
132
180
88
-48
-148
-340
-556
-588
-588
-588
-716
-876
-1180
-1628
-2108
-2492
-3004
-3260
-3388
-3516
-3772
-4092
-4092
-3900
-3644
-3260
-3004
-2748
-2620
-2620
-2748
-2876
-3004
-3260
-3516
-3772
-3772
-3772
-3644
-3260
-2876
-2492
-1980
-1500
-988
-524
-8
428
716
924
1052
1116
1180
1372
1564
1884
2108
2364
2620
2876
3004
3004
3004
3004
3004
2876
2876
3004
3132
3260
3388
3388
3388
3260
3132
3004
2876
2492
2108
1884
1628
1372
1244
1116
1180
1308
1372
1308
1180
988
780
556
244
-8
-260
-340
-428
-372
-260
-196
-56
80
96
16
-80
-212
-260
-292
-292
-228
-24
104
196
428
684
812
844
780
620
460
324
112
-56
-148
-228
-260
-244
-228
-244
-228
-244
-228
-72
16
40
8
-148
-292
-260
-164
-132
-104
-72
-148
-428
-780
-1116
-1500
-1884
-2364
-2620
-2748
-2876
-3004
-3132
-3132
-3004
-2876
-2876
-2876
-2748
-2748
-2876
-2876
-3004
-3132
-3260
-3388
-3260
-3260
-3132
-3132
-2876
-2748
-2492
-2108
-1756
-1308
-844
-396
32
428
652
844
988
1116
1244
1500
1756
2108
2492
2748
3004
3260
3516
3644
3772
3644
3388
3260
3132
3004
3004
3132
3132
3260
3260
3132
3004
2748
2492
2108
1820
1564
1372
1308
1244
1180
1180
1116
1116
1116
988
780
492
148
-292
-716
-1052
-1436
-1628
-1628
-1500
-1244
-1052
-780
-492
-308
-196
-196
-244
-356
-428
-396
-372
-356
-212
-48
96
308
492
588
556
460
324
196
88
24
-16
16
120
244
428
620
748
716
652
524
324
88
-244
-460
-556
-460
-428
-396
-308
-244
-324
-460
-652
-876
-1116
-1372
-1564
-1756
-1884
-1980
-2108
-2236
-2364
-2620
-2876
-3004
-3132
-3260
-3388
-3388
-3260
-3132
-3004
-2876
-2620
-2364
-2236
-2236
-2236
-2236
-2236
-2364
-2236
-1980
-1820
-1500
-1052
-588
-212
132
492
876
1180
1436
1628
1884
2236
2492
2748
3004
3004
3132
3132
3132
3132
3004
3004
2876
2876
2876
2876
3004
3004
3132
3132
3132
3132
3004
2876
2620
2236
1980
1692
1372
1116
924
716
588
460
308
180
56
-132
-308
-428
-460
-460
-428
-396
-372
-340
-356
-428
-524
-652
-812
-924
-988
-1052
-988
-924
-844
-588
-292
-64
196
428
588
684
652
492
396
292
180
148
112
48
-16
-40
-16
-56
-88
-112
-180
-276
-372
-492
-620
-684
-748
-844
-988
-1052
-1180
-1180
-1244
-1308
-1372
-1372
-1436
-1436
-1436
-1628
-1756
-1980
-2108
-2364
-2492
-2620
-2620
-2620
-2364
-2108
-1884
-1628
-1308
-1180
-1180
-1180
-1308
-1436
-1628
-1756
-1756
-1756
-1564
-1308
-924
-588
-292
-8
244
396
460
460
492
492
556
652
812
1052
1308
1564
1820
1980
2236
2236
2236
2236
2108
1980
1980
1980
1980
1980
2108
2236
2364
2492
2492
2364
2236
1980
1820
1628
1436
1308
1244
1244
1244
1308
1372
1308
1308
1308
1180
924
716
492
276
88
-64
-228
-340
-308
-244
-148
-64
-24
-56
-104
-164
-228
-324
-396
-428
-524
-556
-556
-588
-620
-556
-524
-524
-492
-460
-428
-372
-356
-292
-244
-308
-460
-620
-716
-780
-844
-988
-1116
-1116
-988
-812
-588
-396
-244
-180
-212
-212
-308
-524
-748
-988
-1308
-1500
-1628
-1692
-1692
-1628
-1628
-1500
-1436
-1372
-1436
-1372
-1372
-1308
-1244
-1244
-1180
-1116
-988
-876
-924
-988
-1116
-1244
-1372
-1436
-1436
-1436
-1372
-1116
-812
-460
-64
324
652
876
988
988
988
924
844
812
780
780
844
988
1116
1308
1500
1756
1884
1980
1980
2108
2108
2236
2236
2364
2364
2236
2108
1980
1820
1692
1628
1436
1308
1244
1180
1244
1372
1436
1564
1692
1628
1564
1436
1180
876
556
276
-56
-372
-588
-748
-812
-844
-780
-620
-396
-180
-8
24
0
-48
-180
-292
-460
-684
-876
-1052
-1116
-1116
-1116
-1116
-1052
-924
-812
-780
-780
-812
-780
-780
-812
-748
-684
-620
-524
-396
-340
-428
-556
-748
-988
-1180
-1372
-1564
-1628
-1628
-1564
-1372
-1116
-844
-620
-460
-340
-308
-356
-524
-812
-1052
-1308
-1436
-1564
-1564
-1564
-1436
-1308
-1052
-812
-652
-492
-324
-228
-196
-148
-180
-164
-88
-72
-24
24
96
180
292
428
556
748
876
988
1116
1244
1244
1308
1372
1308
1308
1308
1436
1500
1500
1564
1564
1692
1756
1820
1820
1756
1692
1628
1628
1628
1564
1436
1308
1180
1052
988
988
876
780
748
716
652
652
652
556
492
428
396
356
276
88
-104
-260
-396
-460
-492
-492
-396
-324
-276
-212
-244
-324
-396
-460
-556
-652
-812
-988
-1116
-1244
-1308
-1180
-1052
-876
-716
-556
-396
-324
-324
-356
-460
-620
-780
-924
-1180
-1308
-1436
-1436
-1436
-1308
-1116
-988
-844
-684
-588
-556
-588
-588
-588
-588
-620
-684
-716
-812
-924
-1052
-1116
-1180
-1180
-1180
-1116
-924
-684
-396
-148
0
96
132
72
8
-16
-88
-260
-356
-396
-460
-340
-196
8
212
396
556
684
780
876
924
924
876
924
924
988
1052
1052
1116
1116
1180
1244
1308
1308
1372
1372
1436
1500
1500
1500
1564
1500
1436
1372
1244
1052
924
844
812
812
812
844
844
924
988
1052
1052
988
844
684
588
396
180
-48
-228
-292
-396
-460
-492
-556
-620
-588
-556
-524
-492
-428
-340
-324
-324
-356
-428
-524
-652
-844
-988
-1180
-1308
-1436
-1436
-1436
-1436
-1372
-1244
-1052
-780
-556
-356
-228
-148
-120
-212
-396
-652
-924
-1180
-1308
-1372
-1308
-1180
-988
-780
-524
-324
-196
-80
-40
-24
-32
-32
-16
8
16
-24
-112
-228
-292
-372
-460
-524
-588
-556
-524
-396
-228
0
260
460
652
716
684
588
460
276
112
-56
-164
-212
-228
-196
-112
40
212
396
524
748
844
876
988
1052
1052
1052
1052
1052
1052
924
780
684
524
372
276
228
260
340
524
652
876
1052
1116
1180
1116
988
876
748
524
324
132
0
-112
-132
-112
-64
-64
0
96
164
180
196
180
132
56
-24
-132
-276
-396
-492
-588
-684
-716
-716
-716
-716
-716
-620
-460
-292
-244
-196
-212
-228
-244
-308
-428
-492
-556
-588
-620
-588
-588
-556
-460
-396
-340
-292
-244
-164
-72
-80
-104
-120
-196
-260
-276
-308
-260
-244
-276
-324
-396
-460
-524
-556
-556
-492
-396
-228
-64
112
228
292
292
196
32
-164
-340
-428
-524
-524
-372
-276
-104
112
276
372
460
492
492
460
396
308
260
196
148
120
148
228
308
460
556
652
716
780
844
876
876
844
812
716
652
556
460
372
292
276
260
228
228
292
428
492
588
652
620
524
396
260
104
0
-56
-88
-112
-132
-104
-32
40
40
0
-32
-80
-120
-180
-276
-428
-492
-492
-460
-460
-460
-460
-556
-652
-684
-684
-716
-716
-716
-716
-652
-620
-588
-428
-372
-308
-244
-196
-164
-180
-212
-292
-356
-428
-524
-524
-460
-372
-308
-292
-244
-180
-64
-8
0
16
8
0
24
16
-56
-164
-228
-260
-244
-228
-244
-180
-132
-24
80
132
132
132
88
64
112
120
48
-8
-64
-148
-180
-148
-132
-64
24
180
396
524
588
620
588
524
492
372
292
228
196
196
228
292
356
460
588
684
748
780
780
780
780
716
716
748
748
748
652
588
524
396
356
308
228
228
276
324
356
356
308
212
132
80
16
0
-16
-40
-48
-32
-32
-56
-88
-148
-260
-396
-492
-556
-524
-492
-428
-260
-120
0
80
148
148
48
-88
-276
-492
-684
-812
-876
-876
-748
-524
-292
-104
48
120
132
64
-64
-180
-340
-460
-556
-620
-620
-652
-588
-492
-396
-308
-244
-180
-164
-164
-148
-148
-164
-180
-228
-292
-356
-428
-492
-556
-588
-652
-684
-716
-652
-652
-588
-460
-292
-132
-8
40
88
96
72
-8
-112
-260
-396
-428
-396
-372
-276
-132
80
276
492
716
812
876
876
812
716
588
460
356
276
260
324
428
460
524
524
556
588
652
716
716
716
780
812
844
924
924
924
812
684
492
244
-24
-196
-292
-308
-196
-64
56
228
356
428
492
588
588
492
324
112
-72
-292
-428
-524
-588
-588
-460
-308
-148
8
164
244
276
276
164
40
-72
-164
-276
-396
-492
-492
-460
-372
-308
-196
-80
-32
-48
-40
-48
-112
-196
-244
-260
-308
-340
-308
-356
-396
-372
-372
-340
-276
-180
-132
-64
-40
-8
32
48
64
32
-16
-56
-132
-228
-324
-396
-460
-492
-524
-460
-372
-292
-196
-88
40
104
132
64
8
-88
-244
-324
-340
-324
-276
-148
-64
40
132
164
148
80
8
-80
-196
-260
-276
-276
-212
-72
40
96
120
132
148
96
32
-72
-180
-260
-244
-196
-96
32
164
276
372
460
428
372
260
148
40
-56
-40
0
80
196
396
556
716
748
716
652
556
428
292
164
64
-48
-72
-64
-40
24
132
244
308
396
396
396
340
340
340
292
276
260
196
96
16
-80
-148
-148
-88
-64
-64
8
96
164
212
276
260
244
180
96
-32
-164
-308
-372
-396
-460
-460
-460
-396
-276
-148
-32
32
132
244
228
212
180
132
88
56
72
24
-64
-164
-244
-260
-276
-356
-428
-428
-460
-396
-228
-48
80
180
276
356
324
228
32
-180
-356
-556
-716
-844
-876
-876
-844
-684
-492
-308
-104
88
292
372
356
196
0
-164
-396
-588
-684
-684
-652
-588
-396
-244
-64
72
148
212
276
356
356
340
292
196
196
196
260
356
428
460
460
460
428
324
212
96
32
64
120
228
396
556
684
716
684
588
460
260
24
-212
-460
-588
-588
-524
-460
-260
-104
24
180
292
340
324
292
244
120
-24
-132
-180
-196
-180
-148
-64
-32
-16
0
16
8
0
16
0
0
-32
-24
0
16
40
88
132
120
120
132
180
196
228
228
276
276
212
164
96
32
-48
-132
-164
-180
-148
-132
-96
40
148
164
164
132
16
-88
-180
-228
-196
-196
-212
-292
-396
-524
-556
-556
-556
-556
-524
-492
-460
-396
-324
-196
-48
164
340
460
492
460
324
164
0
-180
-324
-428
-492
-492
-428
-244
-40
164
396
524
588
620
556
492
428
276
164
72
24
-24
-8
40
32
48
16
-24
-80
-64
-48
396
292
-104
-16
132
196
-48
-148
-112
132
96
-492
-876
-588
-396
-652
-716
-460
-96
-104
-196
-88
180
164
-148
-308
-196
-164
-372
-428
-260
8
164
228
340
588
652
524
396
308
212
8
-72
-24
56
88
72
96
244
356
396
396
428
492
356
340
372
276
212
212
276
324
244
132
48
-80
-196
-260
-244
-164
-104
-120
-48
-8
0
24
0
64
96
120
56
-24
-96
-196
-292
-428
-428
-356
-180
-196
-132
8
148
212
276
428
460
492
428
396
180
132
0
-148
-276
-260
228
148
-56
48
228
340
96
32
88
372
260
-196
-460
-276
-212
-652
-844
-620
-340
-460
-524
-460
-212
-148
-396
-428
-308
-340
-460
-460
-396
-308
-132
-24
-88
120
64
-164
-164
-212
-276
-588
-716
-428
-292
-112
-88
88
492
620
588
428
620
588
244
-8
8
-16
-212
-104
-56
260
276
308
356
524
492
196
244
164
112
-148
64
16
-16
120
72
276
180
196
64
260
428
80
-64
56
244
32
-132
-88
88
180
88
8
72
164
56
-80
-148
32
-8
96
180
112
164
96
228
244
308
244
396
276
148
72
-112
0
-148
-228
-292
-80
48
24
0
228
396
396
372
340
372
196
0
-148
-148
-196
-196
-228
-308
-112
32
16
-180
-244
-96
-244
-556
-524
-428
-244
-428
-588
-492
-56
148
-32
-32
112
324
148
-324
-396
-460
-460
-748
-1116
-844
-588
-428
-492
-460
120
588
556
244
80
492
196
-244
-396
-396
-120
-308
-372
-460
8
132
132
64
276
492
56
96
24
212
40
80
396
460
588
556
492
492
588
324
104
24
0
-56
-48
120
132
164
148
308
308
164
228
196
164
0
40
-164
-164
56
-196
-120
-8
-64
-292
-244
-48
0
-48
-56
-212
-244
-56
-276
-460
-356
-56
-164
-324
-340
-104
132
-56
-80
-164
104
48
-340
-308
-148
-132
-340
-180
72
292
396
428
372
340
340
8
-48
0
-164
-180
-32
-96
40
148
396
460
524
620
588
652
428
492
308
340
276
16
16
8
88
88
-48
-212
-56
64
-120
-48
104
148
88
-104
-8
88
132
32
48
212
164
-292
-396
-356
-588
-588
-620
-340
-492
-620
-372
-228
-8
-148
-56
260
492
460
132
64
56
-72
-148
-340
-196
196
104
-72
244
396
492
244
260
492
588
428
-64
-56
16
212
-40
-244
-212
32
-16
-260
-164
-104
132
244
228
228
324
244
88
-64
-340
-588
-524
-588
-652
-812
-924
-620
-620
-492
-524
-260
-32
48
244
-132
64
164
-48
-228
-396
-292
-196
-396
-556
-556
-460
-492
-524
-460
-292
-72
24
148
276
460
620
524
372
524
396
180
48
0
80
0
-244
-292
-148
132
308
228
356
588
876
812
428
244
372
428
196
40
56
292
356
80
-56
80
556
32
-96
64
244
228
-428
-104
-40
292
88
-196
396
492
308
-292
80
428
180
-556
-324
292
56
-148
-460
228
588
356
324
104
588
324
-308
-32
-96
-228
-428
-276
80
228
132
276
428
396
356
80
260
292
132
-276
-428
-196
-148
-244
-684
-88
212
-292
-292
-196
-292
72
120
-32
164
96
-244
-372
-492
-244
-180
-340
-196
-876
-716
-460
-780
-924
-748
-492
-244
-120
-244
0
212
356
-308
-80
428
196
-228
-276
-80
-260
-524
-588
-556
-112
180
-132
32
180
396
164
428
844
748
428
276
460
524
460
24
-72
8
396
56
-64
244
244
-164
-196
460
556
228
40
308
492
684
-228
-588
-104
-104
180
-588
-396
-292
-460
-72
-228
120
88
-64
-428
-88
492
0
-620
-88
24
56
340
-260
-212
-132
40
56
16
356
-340
-88
16
-132
372
-228
-492
-120
148
292
164
260
164
164
276
356
340
524
324
112
340
292
-104
-212
-40
132
148
180
428
340
492
-180
-88
716
556
-180
-620
96
492
48
-356
-556
8
684
-164
-40
-72
-372
-132
-652
-492
-308
-80
48
-684
16
460
8
148
-212
8
324
492
-8
-492
-212
-212
-244
-132
-212
-588
-260
80
32
0
104
180
492
460
460
652
396
260
308
244
244
748
244
-716
-276
180
-72
-396
-492
-492
-48
556
276
132
164
524
524
8
-112
-148
40
-356
-780
-620
-228
-396
-748
-924
-684
-164
-48
-780
-1244
-652
-212
-372
-844
-748
-96
64
-104
-428
-652
-244
-48
-524
-748
-164
-56
-428
-748
-588
80
292
-104
0
196
492
988
96
-180
-56
32
244
40
104
228
228
460
716
276
212
652
716
524
748
324
212
748
460
104
72
716
716
396
324
228
748
372
104
244
244
924
244
120
324
260
492
48
-72
120
396
148
-56
244
244
196
32
-212
212
196
-72
80
-120
96
56
-260
-88
180
104
-428
-164
292
196
8
-48
276
340
492
588
-88
132
72
-120
292
64
-228
-372
16
-228
-228
0
-8
260
228
372
96
72
196
-356
-460
-88
24
-112
-556
-924
-588
80
-96
-748
-988
-228
72
-428
-428
-812
-556
-180
-988
-924
-780
-684
-716
-1052
-1052
-492
-492
-988
-988
-652
-556
-844
-620
-524
-556
-460
-16
-40
-276
-460
-620
-244
-244
-396
-460
-260
180
-24
-180
120
-16
428
780
716
748
988
1372
620
460
988
716
356
340
340
748
780
524
460
396
812
652
524
924
1116
620
212
428
684
620
372
88
244
396
56
32
-32
0
-40
-80
40
120
228
80
-244
-228
396
228
-16
72
-88
244
-48
-8
16
-340
40
0
-148
292
244
0
64
148
196
228
524
120
260
492
180
132
72
48
-132
56
164
180
428
212
-148
-56
356
356
132
104
0
-80
-96
-556
-524
-308
-396
-492
-292
-292
-308
-244
-524
-748
-684
-524
-716
-428
-492
-716
-1116
-716
-460
-684
-428
-652
-244
-340
-356
-260
-684
-356
-556
-812
-228
16
-196
-132
-164
-48
-8
-460
-492
-16
428
428
396
308
148
32
260
-8
0
524
260
96
24
148
244
-24
196
88
212
460
16
40
64
276
524
460
684
428
196
132
8
-104
-308
-460
-396
-276
-212
-260
-276
-196
-132
148
396
396
460
340
56
112
-164
-460
-212
40
-112
-148
72
228
180
16
-56
112
652
556
8
32
324
340
428
164
0
556
556
180
244
524
276
48
104
16
-72
164
132
80
356
588
276
428
780
396
260
228
276
196
-132
-180
-64
16
80
-164
-120
308
492
48
-396
64
292
-212
-428
-428
-56
56
-104
-228
-164
228
24
-180
-80
196
120
-260
-212
-356
-164
-32
-56
-356
-260
228
-88
-228
-180
-276
-88
80
-148
-276
-148
-180
-164
0
64
24
24
-24
-244
-292
-212
-308
-356
-396
-428
-276
-80
-244
-372
-276
-64
228
104
-80
-196
-308
-460
-588
-492
-396
-196
-292
-460
-212
-32
-96
-104
-212
-212
-8
-148
-228
-196
-308
-308
-308
-196
16
132
132
-16
-56
-88
-88
-88
-80
-164
24
308
132
180
260
40
40
0
-88
72
80
-80
-164
32
276
524
460
396
492
652
716
428
460
396
132
196
164
212
428
212
212
180
396
588
428
428
196
372
620
428
260
212
308
524
228
80
148
196
104
-88
-244
-460
-260
-132
-228
-228
16
72
80
164
132
112
-24
-180
-324
-244
-120
-120
-148
-212
-120
0
-8
-260
-372
-428
-80
0
-276
-120
32
120
96
180
212
48
132
88
-72
0
-132
-148
-276
-356
-16
48
96
88
-8
72
24
-32
-180
-260
-132
-148
24
244
-132
-40
276
64
112
-8
-180
-132
24
-88
-556
-428
-212
-372
-588
-428
-96
16
104
32
-80
196
196
-180
-196
-112
-88
-244
-292
-148
-112
-16
132
-120
-180
96
-32
-132
-164
-164
-340
-104
132
72
180
212
96
32
132
104
180
292
132
-40
-32
120
276
340
340
228
148
396
428
276
196
64
132
148
120
112
40
0
-32
-104
-148
-148
8
-148
-372
-292
-40
132
-24
-148
-148
48
228
72
-48
-48
-32
-196
-308
-196
-260
-260
-244
-308
-148
24
-96
-96
8
-16
-120
-8
148
0
0
16
8
8
0
-48
-32
132
96
40
112
212
292
196
148
148
244
324
196
180
260
396
356
132
72
96
-24
88
148
40
96
56
8
48
212
212
56
32
16
-88
-56
32
-64
-148
-132
-132
-56
88
16
-40
0
32
-120
-212
-72
-88
-244
-196
-88
-56
88
16
-64
-48
-80
-180
-164
-8
64
-48
-40
132
180
180
56
0
132
112
112
-24
48
180
164
164
212
308
324
148
0
96
72
8
-148
-396
-372
-196
-80
-120
-228
-88
-80
-132
-72
-260
-356
-356
-276
-228
-340
-180
-228
-428
-492
-460
-324
-244
-428
-620
-588
-460
-372
-356
-276
-260
-180
-148
-132
-88
-24
0
-96
-112
8
24
32
0
-8
0
-8
72
164
292
180
244
428
396
396
396
460
556
588
524
308
396
460
292
260
372
428
324
308
492
460
556
748
460
396
460
396
276
212
180
0
-8
96
104
40
32
-48
-96
-88
-64
-48
-80
-112
-88
-88
-132
-64
-8
24
40
-32
-56
0
-228
-396
-396
-260
-180
-340
-428
-308
-292
-244
-96
8
72
80
0
-32
-40
-32
-112
-244
-196
-88
-24
-48
-32
-8
-72
-112
-132
-196
-196
-80
-104
-164
-8
16
32
-8
56
228
148
32
-112
-308
-428
-396
-340
-228
-164
-24
96
48
32
96
88
96
8
-180
-292
-340
-96
-132
-228
-164
-80
-32
-88
-24
0
-120
-196
-276
-308
-96
32
72
96
72
132
276
260
112
0
8
196
276
164
180
260
212
212
180
212
356
292
104
0
56
148
148
180
212
292
372
324
180
132
80
-16
-72
-180
-164
-180
-112
-112
-164
-56
0
32
148
132
8
-56
-32
-112
-244
-260
-260
-260
-196
-132
-112
-80
-112
-180
-276
-228
-164
-212
-228
-80
-16
-40
0
-32
-24
112
64
16
0
-72
-64
-64
0
80
132
212
396
524
556
492
396
292
212
112
96
104
32
0
32
32
112
308
428
428
308
244
212
260
212
88
0
40
132
148
148
196
148
112
16
-164
-180
-180
-196
-164
-212
-148
-16
0
-8
-56
-24
56
-48
-164
-244
-244
-196
-228
-276
-292
-260
-228
-164
-244
-196
-120
-196
-180
-196
-132
-24
24
104
48
-132
-212
-164
-228
-308
-356
-356
-372
-372
-340
-196
-24
0
24
64
80
64
-64
-396
-556
-524
-396
-324
-212
-88
-16
24
8
-8
88
120
-88
-276
-396
-340
-292
-324
-324
-164
40
148
228
244
212
96
-16
-32
-72
-16
112
104
120
244
356
396
396
396
340
356
340
228
112
104
64
72
260
428
524
620
748
812
812
684
524
372
104
0
0
24
32
32
120
228
340
428
460
428
460
428
276
132
164
132
132
72
-8
-8
-32
-148
-260
-164
-120
-276
-372
-356
-276
-180
-164
-112
-56
-24
-48
-64
-148
-292
-244
-276
-340
-372
-396
-492
-492
-372
-308
-308
-244
-196
-196
-276
-196
-40
-40
16
32
16
104
96
-56
-244
-292
-212
-132
-112
-8
120
212
180
148
244
260
260
132
8
-8
-48
-148
-228
-244
-196
-72
-16
-56
-48
-56
-48
56
64
8
-56
-180
-228
-212
-196
-148
-132
-244
-308
-276
-180
-96
-104
-196
-292
-196
-24
40
24
32
16
56
32
-8
-24
24
-24
-120
-64
24
56
32
112
180
292
396
460
396
308
212
164
132
56
72
-8
-48
-56
24
164
244
324
324
260
228
244
260
276
228
104
-16
-24
-24
-72
-80
-164
-228
-164
-164
-80
72
96
72
104
56
120
132
72
0
-88
-132
-212
-244
-244
-148
-120
-88
-48
0
0
40
132
112
96
104
-8
-80
-88
-32
24
64
96
64
0
48
148
112
64
8
24
120
180
276
308
244
120
16
24
56
64
16
-32
-72
-24
72
72
56
112
148
164
212
212
120
0
-72
-212
-308
-308
-276
-196
-132
-120
-164
-132
-164
-164
-132
-180
-212
-180
-180
-196
-164
-180
-180
-132
-88
-132
-132
-148
-244
-292
-324
-324
-292
-196
-104
-112
-64
40
148
196
260
276
244
164
32
-80
-180
-148
-132
-132
-88
32
72
64
112
148
196
180
212
212
196
148
148
88
48
104
80
40
40
-40
-88
-72
-8
8
-56
-48
56
132
112
148
164
148
72
16
-8
-88
-80
-64
0
-8
8
64
56
96
96
104
56
-16
-56
-112
-164
-32
24
96
120
132
276
356
340
292
180
64
0
-72
-56
-88
-148
-164
-164
-48
96
132
148
104
96
120
132
196
148
80
64
56
72
56
16
-40
-80
-132
-104
-40
-96
-112
-164
-212
-148
-56
-32
-8
0
-80
-148
-148
-148
-212
-292
-356
-324
-308
-292
-308
-308
-292
-324
-308
-244
-164
-120
-132
-180
-164
-80
-48
-24
0
32
24
0
8
-24
-120
-164
-148
-180
-164
-32
-16
32
112
180
276
308
292
244
228
212
180
196
228
120
96
120
212
308
324
340
260
196
212
228
244
260
276
228
196
244
260
196
56
-72
-56
-24
8
80
40
-8
56
32
0
24
8
8
72
96
80
8
-24
-56
-164
-164
-132
-120
-104
-96
-72
-32
-16
-24
-24
-48
-40
-56
-64
-80
-88
-88
-104
-148
-132
-96
-72
-80
-56
32
132
112
80
32
16
24
0
-120
-260
-212
-196
-196
-212
-164
-132
-148
-164
-120
-48
-32
16
0
-40
-32
-40
-88
-132
-164
-212
-276
-276
-212
-196
-180
-132
-104
-88
-24
40
80
120
148
148
132
112
56
-24
-40
-24
-8
0
24
24
0
48
48
64
148
196
164
132
120
164
164
132
96
104
132
104
148
212
148
80
32
-8
-24
0
0
56
104
104
112
96
164
164
120
80
0
-96
-180
-212
-164
-120
-88
-24
16
96
180
180
228
212
148
72
0
-48
-120
-212
-212
-164
-132
-40
72
132
164
196
228
212
180
164
120
96
64
64
24
-32
-40
16
0
-48
-32
-32
-40
-16
32
48
80
112
148
164
196
132
40
-16
-80
-132
-164
-148
-212
-292
-308
-292
-260
-212
-196
-132
-112
-148
-148
-96
-96
-104
-148
-196
-244
-276
-228
-276
-276
-276
-244
-164
-132
-88
-8
0
8
40
48
96
88
72
80
48
40
64
96
80
64
80
56
88
196
276
292
324
292
228
212
212
164
96
64
24
24
40
40
32
0
-8
0
0
-8
24
16
-32
-80
-72
-64
-40
-72
-96
-104
-132
-196
-212
-260
-244
-148
-96
-40
-72
8
40
24
64
64
80
40
8
8
-88
-104
-96
-120
-56
-8
24
48
16
24
32
24
16
24
72
132
180
148
148
112
88
80
72
80
72
112
96
72
48
80
120
120
132
88
148
180
132
64
40
48
8
40
64
24
-16
-24
-48
-48
-8
32
48
40
24
-16
-32
-40
-80
-48
-72
-132
-148
-180
-228
-228
-228
-196
-164
-120
-88
-56
16
32
32
24
-40
-132
-148
-120
-120
-180
-148
-180
-196
-112
-112
-80
0
64
104
164
196
196
120
56
48
32
16
24
24
8
-8
48
24
-16
0
-32
-56
-48
-16
-16
-24
16
96
196
228
196
196
120
48
0
-72
-148
-180
-148
-112
-80
-48
8
88
148
212
244
180
112
48
-8
-40
-48
-40
-104
-132
-104
-64
-16
32
0
-40
0
72
104
112
56
88
164
132
112
112
80
32
0
-8
32
88
48
80
132
132
120
132
164
132
112
132
80
16
-16
-48
-80
-96
-112
-164
-196
-164
-164
-148
-120
-48
-24
-8
-8
-56
-96
-132
-164
-228
-260
-276
-244
-212
-148
-88
-64
-56
-64
-56
-40
-56
-72
-104
-112
-164
-180
-132
-64
-8
32
88
24
0
40
16
-16
-8
24
8
0
0
0
48
96
80
80
120
64
8
-24
-132
-164
-180
-196
-180
-148
-88
-48
-8
16
16
24
40
0
0
-16
-72
-120
-132
-148
-148
-40
-8
24
132
180
212
228
228
228
180
164
196
180
164
164
196
244
276
308
340
308
308
292
244
244
212
244
276
292
324
396
396
356
292
244
212
212
132
64
40
48
56
104
148
112
80
0
0
-48
-72
-80
-112
-164
-212
-212
-260
-324
-324
-292
-244
-228
-260
-260
-308
-340
-324
-292
-308
-292
-260
-196
-196
-276
-308
-356
-428
-396
-372
-340
-324
-292
-244
-260
-180
-132
-88
-120
-148
-148
-120
-104
-120
-112
-112
-132
-132
-148
-132
-88
-48
-24
8
40
132
164
180
164
120
80
88
64
32
32
32
96
112
112
80
88
56
72
80
132
228
228
260
276
228
196
164
112
32
16
64
72
88
96
148
196
228
276
292
292
244
148
96
104
112
132
104
120
120
96
112
104
112
104
56
48
96
72
24
40
56
0
8
0
-40
-40
-64
-56
-24
-40
-16
16
32
96
96
132
120
72
40
-32
-24
-32
-56
-48
-32
-72
-72
-72
-56
-16
-24
-56
-72
-48
-16
-24
-32
-8
-40
-64
-64
-64
-80
-196
-228
-276
-292
-260
-228
-212
-148
-80
-40
0
-48
-88
-132
-148
-196
-212
-228
-228
-196
-148
-112
-72
-8
-24
8
16
8
8
-40
-32
0
32
56
56
72
64
80
56
8
40
56
0
-8
24
24
32
48
72
88
148
212
212
212
196
120
104
48
-8
0
-32
-132
-120
-112
-120
-80
0
96
132
164
228
228
180
104
32
0
-56
-80
-80
-32
-8
-8
8
56
72
40
24
32
-24
-32
-24
-40
-56
-96
-72
-16
48
120
104
48
8
0
0
-24
-64
-32
-48
-32
32
48
48
32
8
-8
-8
0
-8
-24
-8
-16
0
0
-8
-8
-48
-24
8
16
-8
-24
-8
0
-16
-24
-32
-40
-40
-40
-32
-40
-32
-48
-16
-8
0
24
0
8
32
40
72
48
16
56
56
32
56
16
8
8
0
-16
16
16
8
48
40
32
32
48
56
32
24
24
-16
-16
-32
-72
-96
-104
-120
-132
-120
-104
-72
-88
-96
-112
-72
-64
-120
-164
-196
-180
-180
-180
-148
-148
-148
-96
-72
-48
0
0
-16
0
64
88
40
40
40
8
-24
-8
40
56
56
104
120
164
196
164
164
132
96
120
104
64
48
72
80
104
148
196
196
164
148
164
132
88
72
88
132
96
104
72
48
56
80
48
32
8
-48
-56
-72
-64
-64
-24
16
56
64
56
32
0
-48
-40
-16
-24
0
-48
-72
-48
-48
-56
-32
0
40
40
40
48
32
0
-8
8
32
0
-16
0
-16
-32
-32
-88
-112
-104
-132
-132
-112
-104
-56
-24
-8
0
24
16
-48
-72
-132
-180
-212
-244
-244
-260
-276
-212
-196
-196
-164
-148
-132
-148
-196
-196
-180
-148
-164
-164
-180
-164
-120
-104
-64
-64
-72
-64
-48
-32
-8
-24
-8
-8
24
80
120
132
148
148
148
164
132
112
112
132
164
212
260
276
260
260
276
276
260
260
260
276
276
244
244
276
228
244
244
196
180
164
180
148
148
164
164
164
148
164
164
132
96
64
72
