SAMPLES:	9870
BITSPERSAMPLE:	16
CHANNELS:	1
SAMPLERATE:	16000
NORMALIZED:	FALSE
8
8
8
8
8
8
8
0
0
8
8
8
8
8
8
8
8
0
8
8
16
16
16
8
8
8
0
8
8
8
8
8
16
8
8
8
16
16
16
16
16
16
16
16
16
16
16
16
16
16
8
16
16
16
16
16
8
8
8
8
8
16
16
8
8
8
0
0
0
0
0
0
0
0
0
0
0
0
0
0
8
8
8
8
0
0
0
0
0
0
0
8
0
8
8
0
0
0
0
0
0
0
0
0
0
0
0
-8
-8
-16
-16
-16
-16
-16
-16
-24
-16
-24
-24
-24
-24
-24
-32
-32
-32
-40
-40
-32
-32
-40
-40
-40
-40
-40
-40
-40
-32
-40
-32
-24
-24
-24
-24
-32
-24
-24
-24
-32
-32
-32
-32
-24
-24
-24
-16
-24
-24
-16
-16
-8
-8
-16
-8
-8
-8
-8
-8
0
0
0
0
0
0
0
8
8
8
8
8
8
16
16
16
24
24
24
32
40
40
40
48
40
40
48
48
48
48
48
56
56
64
64
64
72
64
64
64
64
56
56
56
56
56
56
56
56
48
48
48
40
48
40
40
40
32
32
32
24
24
24
16
8
8
8
8
0
0
0
0
0
0
-8
-8
-16
-16
-16
-24
-32
-32
-32
-40
-40
-48
-48
-48
-48
-56
-56
-56
-56
-64
-56
-64
-64
-64
-64
-64
-64
-72
-72
-72
-72
-64
-64
-56
-56
-56
-56
-56
-48
-40
-40
-40
-40
-40
-32
-32
-32
-32
-24
-32
-24
-24
-16
-16
-8
-8
0
0
0
0
0
0
0
0
0
8
0
8
8
8
8
8
8
8
8
16
8
8
16
16
16
16
24
24
24
24
24
16
16
16
24
24
24
32
32
32
32
32
24
24
24
24
24
24
24
24
16
16
24
24
24
24
24
32
24
24
24
24
16
24
24
16
16
16
16
16
8
16
8
8
8
8
8
8
8
0
0
0
0
0
8
0
8
8
8
8
0
0
0
0
0
8
8
8
8
8
8
8
8
8
8
8
8
0
8
8
8
8
8
8
8
16
16
16
16
8
8
0
0
0
0
0
0
8
0
0
0
-8
-8
-16
-8
-16
-8
-8
-16
-16
-24
-16
-16
-16
-16
-16
-24
-24
-24
-24
-32
-32
-32
-32
-32
-32
-40
-40
-48
-56
-56
-56
-48
-48
-48
-48
-48
-48
-48
-48
-48
-48
-56
-48
-48
-56
-56
-56
-48
-56
-56
-56
-48
-48
-48
-40
-40
-40
-48
-40
-40
-40
-32
-32
-32
-24
-24
-24
-16
-8
-8
0
0
8
8
8
16
24
32
32
40
40
40
40
40
48
48
56
56
64
72
72
72
80
80
80
88
96
88
88
88
96
96
88
88
88
88
88
88
88
88
96
88
88
88
88
80
80
72
72
64
56
56
56
56
48
40
32
32
24
32
32
32
24
16
16
0
-8
-8
-16
-16
-24
-24
-32
-32
-32
-40
-40
-40
-40
-48
-56
-56
-56
-64
-64
-64
-64
-72
-72
-72
-72
-80
-72
-80
-80
-80
-80
-80
-88
-88
-88
-88
-80
-72
-72
-64
-64
-64
-72
-72
-64
-56
-64
-56
-48
-48
-40
-40
-32
-32
-32
-24
-24
-24
-8
-8
0
0
0
0
0
0
0
8
8
8
8
8
8
8
0
0
8
8
8
16
24
24
24
24
24
16
16
16
24
16
16
16
24
16
16
16
16
24
24
24
24
32
24
24
24
24
24
24
32
32
32
24
24
24
24
24
24
16
16
32
32
32
32
32
32
24
24
24
24
16
16
16
16
16
24
16
16
8
0
0
0
0
0
0
0
0
0
0
0
0
0
0
0
0
-8
0
0
0
0
0
0
0
0
8
0
0
0
0
0
0
0
0
0
-8
-8
-8
-8
0
0
0
0
0
0
0
-8
-8
-8
-16
-16
-8
-8
0
0
0
0
-8
0
-8
-8
-8
0
-8
0
-8
-8
-16
-16
-16
-8
-8
-8
-8
-8
-8
-8
-8
-16
-24
-24
-16
-16
-8
-8
-8
-16
-16
-16
-8
-8
-8
-8
-8
0
0
-8
-16
-16
-8
-16
-16
-8
-8
-8
-16
-16
-8
-8
-8
-16
-16
-8
-8
-8
-8
-8
-8
-16
-8
-8
0
0
0
0
8
16
16
16
16
8
8
8
8
16
16
16
16
16
24
16
24
24
24
24
24
24
32
24
32
40
32
40
32
32
32
32
32
32
24
24
24
24
16
16
16
16
8
8
8
8
8
8
8
16
8
0
0
0
0
0
0
0
0
-8
-8
-8
-16
-8
-8
-8
0
0
0
0
0
-8
-8
-8
-8
-8
-8
-8
-8
-8
-8
0
0
0
0
-8
-8
-8
-8
-8
-8
-8
-8
-8
0
0
0
0
-8
-8
-8
-8
-16
-16
-24
-16
-8
-8
0
0
-8
-16
-16
-16
-16
-16
-24
-16
-8
-8
-16
-16
-8
-16
-16
-8
-8
-16
-16
-16
-16
-16
-16
-16
-16
-16
-8
-8
-16
-16
-16
-16
-16
-8
0
0
0
0
0
0
0
0
8
0
8
8
8
8
8
8
16
16
16
16
16
8
8
16
16
24
16
24
32
32
24
32
24
24
24
32
24
16
24
24
16
16
24
24
24
24
16
8
8
8
8
8
8
8
0
0
0
0
0
0
0
0
0
-8
-8
-16
0
-8
-8
0
0
-8
-16
-16
-8
-16
-24
-16
-16
-16
-16
-16
-8
-8
-8
0
0
-8
-16
-8
-8
-8
0
0
0
0
0
0
0
0
8
8
8
8
8
8
8
8
16
8
8
8
0
8
8
8
8
8
0
0
8
8
8
0
0
0
0
8
0
0
0
0
-8
-8
0
0
-8
-8
-8
-16
-16
-16
-8
-16
-16
-16
-8
-16
-16
-24
-24
-16
-16
-16
-16
-16
-16
-16
-8
-8
-16
-8
-8
-8
0
0
0
0
0
0
0
-8
0
0
0
0
0
0
0
0
-8
0
0
0
0
0
8
8
0
0
0
0
0
0
0
0
0
0
0
8
8
8
8
8
0
0
0
8
8
8
8
8
8
8
8
8
8
0
0
8
8
8
16
16
16
8
8
8
8
8
8
8
8
8
8
8
8
8
16
16
16
16
16
16
8
8
8
8
8
8
8
8
8
8
8
8
8
16
16
8
8
8
0
0
0
8
8
0
0
0
0
0
0
0
0
0
0
0
0
0
-8
-8
-8
-8
-8
-8
-16
-8
-8
-16
-16
-16
-24
-24
-16
-16
-24
-16
-16
-16
-16
-24
-24
-24
-32
-32
-32
-24
-24
-24
-24
-16
-16
-16
-16
-16
-16
-16
-16
-16
-16
-8
-8
-8
-8
-8
0
0
0
0
0
0
0
0
0
0
0
0
0
0
8
16
24
16
8
8
0
0
16
24
32
32
24
16
0
-8
-8
-8
-8
-8
-8
0
-24
24
64
16
0
-32
-32
-56
-24
-24
-8
32
24
0
-40
-8
-32
-32
-8
16
8
8
0
8
16
8
0
0
0
8
16
16
0
0
0
0
8
24
32
24
32
48
40
48
32
24
16
24
16
0
24
40
32
24
32
32
32
24
32
32
16
16
24
24
32
32
32
24
16
16
32
24
24
24
16
8
8
8
8
8
0
8
0
0
0
8
0
0
-16
-24
-24
-16
-8
-8
0
-8
-8
-24
-32
-32
-48
-48
-64
-64
-56
-56
-56
-64
-56
-56
-64
-56
-48
-40
-56
-56
-48
-40
-48
-40
-40
-40
-40
-48
-48
-48
-48
-48
-48
-48
-40
-48
-40
-40
-24
-8
-8
-16
-16
-16
-32
-24
-16
0
0
0
8
32
40
32
32
32
32
32
32
32
40
40
40
32
16
24
24
24
24
32
24
24
24
32
48
56
72
72
72
72
64
56
48
32
16
8
8
16
16
32
32
24
32
32
40
40
40
32
24
16
8
8
16
24
24
32
32
24
0
0
0
-16
-16
-8
-8
0
-8
-16
-8
-16
-32
-32
-16
-8
-8
-8
-8
-24
-24
-32
-24
-16
-8
0
0
0
-8
-16
-16
-16
-16
-8
0
16
16
8
0
0
0
0
0
8
8
24
40
40
56
72
80
72
64
56
32
16
-8
-16
-8
0
0
8
8
0
-16
-24
-24
-40
-56
-80
-96
-96
-80
-56
-40
-32
-32
-48
-72
-88
-96
-104
-120
-120
-96
-88
-64
-48
-40
-56
-64
-80
-88
-96
-96
-104
-96
-80
-56
-48
-24
-8
-8
-8
-24
-24
-24
-32
-64
-64
-64
-64
-48
-24
0
24
32
40
48
40
24
8
0
8
24
48
88
120
132
132
132
132
120
88
64
40
24
56
104
164
196
228
260
260
228
228
244
228
180
132
132
148
164
212
260
324
340
340
308
276
244
164
80
24
8
-16
-56
-72
-72
-88
-132
-180
-196
-196
-212
-212
-244
-260
-244
-260
-260
-228
-212
-228
-276
-292
-324
-356
-396
-428
-396
-396
-340
-292
-260
-228
-212
-228
-244
-228
-244
-212
-164
-148
-104
-80
-56
-32
-48
-56
-32
-16
0
8
32
32
24
16
32
64
80
88
104
104
112
88
64
56
88
132
148
196
244
260
244
228
212
164
104
88
104
120
120
148
164
164
228
372
620
924
1244
1692
2108
2492
2492
2108
1692
1052
396
-260
-780
-1052
-1308
-1436
-1564
-1500
-1308
-1052
-844
-684
-556
-556
-716
-876
-876
-812
-844
-924
-876
-652
-396
-212
-180
-292
-492
-844
-1244
-1436
-1500
-1436
-1308
-1180
-988
-844
-748
-652
-652
-588
-428
-244
24
228
524
924
1244
1372
1372
1372
1244
844
340
-96
-460
-844
-1116
-1116
-876
-460
0
492
876
1180
1308
1180
924
620
260
8
-112
-56
196
460
652
876
1052
1116
1052
716
340
-104
-588
-988
-1180
-1116
-988
-780
-524
-196
212
492
716
876
844
780
652
716
988
1564
2620
3772
4860
5884
6908
7420
7420
6140
3772
1500
-396
-1980
-3132
-3772
-3516
-3260
-3004
-2748
-1980
-748
148
460
308
-48
-556
-1308
-1884
-1884
-1628
-1628
-1980
-2364
-2236
-1980
-2108
-2876
-3772
-4604
-5372
-5628
-5628
-5116
-4348
-3644
-3004
-2108
-1116
-460
-120
32
164
228
292
588
1692
3132
4092
4092
3644
3004
1820
428
-924
-1884
-2492
-3260
-3900
-3772
-2748
-1052
460
1756
3132
4092
4348
3644
2876
2364
1372
88
-988
-1308
-1116
-780
-556
-356
-24
104
-40
-372
-588
-716
-1180
-1820
-1980
-1820
-1628
-1564
-1372
-988
-428
80
620
1180
1628
1980
2236
2748
3388
3900
4092
3772
3260
2620
1692
716
-132
-780
-1116
-716
524
2492
4604
6652
8828
9852
9340
7676
5372
3388
1564
-40
-1436
-2364
-2748
-2876
-3004
-2620
-1564
-588
-372
-844
-1564
-2236
-3004
-3772
-4092
-4092
-3644
-3644
-3516
-3004
-2236
-1980
-2492
-3644
-4604
-5116
-5628
-5628
-5372
-4604
-3900
-3260
-2492
-1628
-1116
-1180
-1564
-1692
-1692
-1628
-1564
-1116
-260
876
2236
3516
4092
3644
2620
1116
-492
-1820
-2620
-2876
-2364
-1500
-324
1052
2620
3900
4348
4348
3644
2492
924
-620
-1628
-2108
-2364
-1980
-1308
-212
844
1564
1756
1500
924
24
-1116
-2108
-2876
-3132
-3004
-2364
-1052
228
1116
1628
2108
2108
1980
1692
1372
1180
1180
1564
2108
2876
3644
4092
3900
3388
2492
1564
684
32
-260
-132
492
1500
2748
4092
5884
8316
9852
9852
8316
5372
2236
-164
-2108
-3388
-3900
-3900
-3900
-3644
-3004
-1628
-196
396
228
-164
-812
-1756
-2876
-3516
-3644
-3644
-3900
-4092
-3772
-3132
-2748
-3260
-4092
-5116
-5628
-5884
-5884
-5628
-4860
-4092
-3260
-1980
-748
56
196
-48
-228
-260
-276
-396
-460
-428
-112
492
1628
3004
3772
3516
2492
1372
324
-524
-1052
-988
-324
396
1052
1756
2748
3388
3516
2876
1884
1052
104
-988
-1756
-1980
-1692
-1244
-748
64
844
1116
844
180
-652
-1628
-2748
-3516
-3900
-3516
-2748
-1820
-684
556
1564
1980
2108
2108
1980
1564
1180
988
988
1116
1372
1884
2492
2748
2748
2236
1628
924
324
-212
-428
-244
588
2236
4348
6908
9340
10876
10876
8828
5628
2620
24
-1884
-3516
-4604
-4860
-4604
-3516
-2236
-524
1308
2236
2236
1564
684
-396
-1980
-3388
-4348
-4604
-4604
-4348
-3772
-3260
-3132
-3644
-4604
-5628
-6396
-6908
-6908
-6652
-5628
-4348
-2748
-1052
396
1308
1372
1052
524
-120
-876
-1628
-2108
-2236
-1980
-1244
-212
924
1692
1884
1692
1500
1500
1436
1244
988
1180
1756
2236
2876
3516
4092
4092
3004
1500
132
-876
-1756
-2492
-2492
-1884
-924
-80
812
1980
2620
2492
1820
844
-340
-1980
-3388
-4348
-4604
-4092
-3388
-2108
-492
1244
2620
3516
4092
4092
3516
2492
1436
844
620
428
372
684
1180
1628
1980
2236
2492
2748
2876
2876
2876
3004
2876
2620
2364
2236
2236
2236
2364
2620
3132
4348
6140
7676
7420
5372
2620
460
-1116
-2364
-3516
-4092
-4348
-4604
-4604
-4092
-3004
-1820
-1308
-924
-524
-112
-396
-1372
-2236
-2748
-3260
-4092
-4604
-4860
-4860
-5372
-5884
-6652
-6908
-6652
-6396
-5628
-4604
-3388
-1980
-460
876
1820
1980
1500
652
-120
-876
-1756
-2492
-2620
-2236
-1500
-260
1244
2620
3388
3644
3644
3260
2620
1564
748
324
212
244
428
1052
1692
1980
1756
1308
812
164
-556
-1052
-1244
-924
-460
196
1052
1980
2620
2876
2876
2492
1692
460
-988
-2236
-3004
-3388
-3260
-2620
-1756
-492
876
2236
3388
4348
4604
4604
4348
4092
3388
2748
2236
1884
1628
1308
1116
1180
1116
1052
924
924
876
812
684
684
1244
2492
4092
5884
8316
9852
9340
7420
4604
1692
-524
-2364
-4092
-5116
-5628
-5372
-4860
-4092
-2876
-1244
-8
588
924
780
-16
-1436
-2748
-3388
-3772
-4092
-4604
-4860
-4860
-4860
-5116
-5884
-6396
-6652
-6652
-6396
-5884
-4860
-3516
-1980
-556
556
1180
1116
748
492
132
-492
-1436
-2236
-2236
-1436
-340
684
1436
1980
2108
1980
1884
1628
1244
988
716
620
876
1052
1372
1244
1052
812
260
-260
-748
-1052
-1244
-988
-492
180
988
1884
2492
2620
2492
1820
924
-260
-1564
-2748
-3516
-3900
-3644
-2748
-1628
-460
844
2108
3388
4092
4604
4348
3772
3004
2492
2108
1756
1500
1564
1628
1756
1820
1756
1756
1756
1980
2364
2620
2876
2748
2620
2364
2236
2364
2620
2748
3132
4092
6140
7932
7676
5372
2364
164
-1244
-2364
-3260
-3772
-3900
-4092
-3772
-3004
-1820
-652
-396
-324
-64
8
-588
-1820
-2748
-3260
-3516
-3772
-3900
-3900
-4092
-4348
-5116
-5628
-5884
-6396
-6396
-6140
-5372
-4092
-2620
-988
652
1820
2236
1980
1500
924
-16
-1116
-2108
-2748
-3004
-2876
-2236
-1244
-132
748
1500
2108
2236
1980
1308
684
324
56
-324
-556
-396
16
524
876
1180
1180
716
88
-324
-396
-340
-244
-88
164
492
812
1180
1308
1308
1116
652
48
-396
-748
-876
-684
-164
588
1308
2108
2620
3132
3260
2876
2492
2108
1820
1756
1756
1820
2108
2364
2492
2364
2236
1980
1628
1372
1116
1052
924
780
1116
1500
2236
3260
5116
7420
8316
7932
5372
2236
-88
-1756
-3004
-3900
-4092
-3644
-3004
-2492
-1692
-748
148
340
308
132
-372
-1308
-2620
-3260
-3388
-3388
-3516
-4092
-4092
-4348
-4860
-5372
-5884
-5884
-5884
-5372
-4348
-3388
-2364
-1116
196
1308
1756
1372
524
-356
-1116
-1756
-2492
-3260
-3388
-3004
-1692
228
1692
2108
1756
1180
844
292
-196
-556
-244
460
924
1436
2108
2748
2748
1820
924
372
-324
-1308
-2108
-1980
-1500
-812
132
1244
2364
2876
2748
2108
1372
492
-812
-1980
-2748
-2748
-2108
-1180
132
1372
2364
2748
3004
3132
3004
2364
1372
588
372
588
1052
1436
1884
2492
2748
2876
2876
2492
2108
1564
1244
1180
1244
1436
1628
1820
2364
3004
3644
4092
4860
6652
7932
7676
5116
1884
-620
-2236
-3260
-3644
-3516
-2876
-2492
-2108
-1500
-556
356
492
164
-260
-924
-1820
-3004
-3644
-3900
-3772
-3772
-3900
-3772
-3772
-4092
-5116
-5884
-6140
-6396
-6396
-5884
-4860
-3772
-2364
-988
460
1308
1308
588
-148
-780
-1500
-2364
-3132
-3132
-2492
-1244
0
988
1436
1436
1244
988
716
684
460
104
56
340
1052
1692
1980
2108
2108
1980
1372
556
-324
-1052
-1436
-1436
-780
460
1436
2108
2364
2492
2108
1564
924
64
-812
-1564
-1980
-1980
-1372
-428
492
1308
2108
2876
3516
3388
2876
2236
1564
924
652
812
1116
1564
2108
2748
3260
3388
3260
3004
2748
2236
1820
1436
1180
1244
1500
1980
2620
3132
3644
4604
6396
7932
7676
5372
1980
-556
-2108
-3004
-3516
-3132
-2108
-1372
-1052
-812
-260
260
-56
-844
-1564
-2108
-2876
-3772
-4092
-3772
-3388
-3132
-3260
-3132
-3388
-4092
-5372
-6396
-6908
-7164
-6652
-6140
-4860
-3388
-1884
-260
1052
1692
1308
212
-988
-1820
-2236
-3004
-3772
-4092
-3132
-1564
-132
988
1756
2108
1820
1116
844
988
1116
988
748
1180
1756
1980
1500
876
492
-180
-1052
-1756
-1980
-1820
-1628
-924
324
1884
3132
3388
3260
2876
2236
1052
-396
-1436
-1980
-2492
-2620
-2108
-876
340
1052
1564
2108
2492
2620
2236
1980
1628
1308
1180
1500
2108
2876
3260
3516
3772
3772
3388
2748
2108
1756
1564
1564
1756
2108
2620
3132
3388
3644
4092
4860
6396
7676
7676
5884
2876
308
-1180
-1980
-2364
-2236
-1564
-780
-684
-924
-988
-716
-684
-1180
-1884
-2492
-3004
-3644
-3772
-3516
-3132
-3004
-3132
-3388
-3644
-4348
-5372
-6396
-7164
-6908
-6396
-5372
-4092
-2620
-1372
-228
684
988
396
-876
-2236
-3132
-3388
-3132
-2620
-1756
-684
132
1052
1500
1628
1180
244
-340
-492
-148
292
652
1052
1564
1980
2108
1756
1116
8
-1244
-2236
-2748
-2620
-2236
-1436
-228
1052
2620
3516
3772
3132
1980
556
-924
-1980
-2748
-2748
-2492
-1820
-812
356
1372
1884
1980
1980
1756
1564
1372
1244
1244
1372
1756
2364
3132
3644
3900
3900
3644
3132
2364
1692
1372
1180
1308
1692
2108
2748
3132
3644
4092
4092
4092
4604
6140
7676
7420
5372
2620
340
-1052
-1980
-2364
-1980
-1244
-876
-1180
-1628
-1692
-1244
-1180
-1500
-1820
-2236
-2748
-3388
-3260
-3004
-2748
-3004
-3388
-3772
-4092
-4604
-5628
-6396
-6908
-6652
-5628
-4348
-3132
-1980
-1116
-396
180
340
-308
-1628
-2876
-3260
-2876
-2108
-924
524
1372
1372
1116
1052
844
-88
-1180
-1436
-844
0
620
1244
1820
2236
2108
1628
1308
716
-684
-2364
-3260
-2876
-1980
-1116
48
1372
2492
3004
2876
2236
1180
-88
-1436
-2364
-2492
-2108
-1500
-988
-120
876
1372
1308
1052
876
652
492
556
924
1372
1756
2108
2748
3260
3516
3388
3004
2748
2492
2236
1820
1692
1820
2108
2364
2620
2748
2876
3004
3132
3388
3644
4092
5372
7164
8316
7164
4604
1692
-492
-1884
-2620
-2620
-1820
-988
-748
-1116
-1436
-1180
-876
-988
-1500
-1980
-2620
-3388
-3644
-3132
-2364
-1980
-2364
-3132
-3772
-4348
-5116
-6140
-6652
-6652
-6140
-5116
-3516
-1820
-812
-356
-164
0
-276
-1244
-2492
-3004
-2620
-1692
-308
684
1116
988
556
244
-32
-324
-652
-748
-684
-492
180
1244
2236
2620
2236
1692
1052
104
-876
-1692
-2108
-2108
-1756
-988
64
988
1372
1308
924
524
48
-492
-844
-876
-684
-460
-244
40
196
164
-40
-260
-276
-292
-372
-276
340
1244
1980
2492
2748
2876
2748
2620
2492
2364
2236
2236
2364
2492
2620
2492
2364
2364
2108
1980
2108
2236
2364
2620
2748
2876
3260
4604
6652
7676
6908
4604
1980
-212
-1628
-2364
-2108
-1244
-340
-212
-988
-1884
-2364
-2364
-2620
-2876
-3132
-3388
-3644
-3388
-2364
-1244
-876
-1500
-2620
-3644
-4604
-5372
-6140
-6140
-5884
-5116
-4092
-3004
-1756
-924
-588
-620
-812
-1244
-1564
-1436
-780
132
716
876
812
780
556
276
228
308
80
-428
-716
-492
88
748
1436
1980
1980
1372
492
-80
-428
-780
-1244
-1436
-1116
-780
-356
-80
244
460
428
276
180
180
120
-32
-244
-428
-524
-716
-876
-748
-396
-8
244
428
588
716
844
1052
1372
1692
1980
2236
2492
2748
2876
2748
2748
2876
2876
2876
2748
2620
2236
1980
1884
1884
1980
2236
2620
3132
3516
3516
3516
4348
5884
6908
6396
4604
2364
244
-1116
-1980
-1980
-1052
120
340
-716
-2364
-3644
-4348
-4348
-4092
-3644
-3260
-3132
-2748
-1884
-876
-524
-1180
-2364
-3644
-4860
-5884
-6396
-6396
-5628
-4860
-4092
-3260
-2620
-2364
-2236
-2108
-1980
-1884
-1980
-1980
-1564
-716
244
924
1244
1244
988
652
340
72
-64
-112
-148
-132
-88
148
556
988
1052
924
716
396
32
-244
-228
-104
-24
-48
40
292
652
988
1436
1628
1308
556
-132
-524
-684
-780
-876
-876
-588
-132
396
988
1436
1436
1244
924
716
844
1052
1500
1980
2364
2748
3004
3132
3004
2876
2492
2108
1980
1980
2108
2108
2108
2364
2492
2620
3004
3388
3516
3132
2492
2108
2492
3772
5372
5884
5116
3388
1756
356
-620
-1052
-556
428
748
-148
-1980
-3644
-4604
-5116
-4604
-3772
-2748
-2492
-2492
-2236
-1820
-1692
-1980
-2876
-3772
-4604
-5116
-5372
-5116
-4604
-3644
-2876
-2236
-1980
-2236
-2620
-2876
-2364
-1564
-1308
-1756
-1980
-1500
-620
48
588
1116
1372
988
196
-164
-212
-164
-244
-228
-64
-56
-180
-88
556
1180
1052
396
-180
-588
-1052
-1372
-1308
-844
-460
-196
196
844
1180
1180
780
180
-524
-1180
-1628
-1756
-1500
-1052
-556
-56
460
924
1180
1244
1180
1052
988
988
1244
1692
2108
2108
2108
2236
2236
2364
2492
2620
2748
2876
3004
3132
3132
2876
2620
2492
2620
3132
3516
3644
3388
3004
2620
3004
4092
4860
5116
4348
2876
1500
396
-324
-244
684
1884
2108
1116
-684
-2620
-4348
-5116
-5116
-4348
-3644
-3132
-2876
-2748
-2748
-2748
-2748
-2876
-3260
-3644
-4092
-4092
-3900
-3516
-2876
-2236
-1820
-1692
-1980
-2236
-2364
-2236
-2108
-2108
-2108
-1980
-1692
-1372
-780
-164
132
244
524
812
988
988
1052
1180
988
492
-16
-180
-88
-56
32
148
96
-276
-748
-1052
-1244
-1308
-1244
-1052
-588
-72
260
556
620
428
104
-132
-180
-88
16
72
228
340
308
164
104
104
180
324
524
876
1180
1436
1756
2108
2236
2108
1980
1820
1980
2236
2620
3004
3388
3388
3004
2620
2236
2108
1980
2236
2364
2492
2364
1980
1500
1308
1180
1500
2108
2748
3132
3132
2620
1500
356
-428
-492
-40
716
1372
1436
716
-492
-1884
-3004
-3772
-4092
-3772
-3132
-2748
-2620
-2748
-3004
-3260
-3644
-3772
-3772
-3644
-3388
-3132
-2620
-2236
-2108
-1820
-1564
-1372
-1180
-1116
-1052
-1116
-1308
-1436
-1372
-1308
-1308
-1372
-1436
-1308
-1180
-812
-292
340
780
876
716
460
88
-396
-716
-524
-96
372
812
1052
924
356
-196
-556
-684
-812
-844
-652
-492
-324
-80
276
588
924
1244
1628
1756
1628
1372
1052
684
356
228
276
492
780
1180
1564
1820
1980
2236
2492
2620
2492
2236
1884
1500
1372
1500
1692
2108
2364
2492
2492
2236
2108
1980
1820
1692
1628
1436
1308
1052
924
924
876
588
308
196
148
148
112
-56
-276
-524
-748
-812
-652
-556
-524
-428
-324
-324
-460
-716
-1052
-1436
-1692
-1692
-1628
-1500
-1500
-1564
-1692
-1820
-1980
-2108
-2236
-2364
-2364
-2364
-2108
-1820
-1372
-1116
-844
-812
-988
-1244
-1628
-1980
-2364
-2492
-2620
-2620
-2492
-2236
-1980
-1628
-1308
-988
-780
-684
-652
-780
-924
-1052
-1180
-1116
-812
-460
-164
88
340
492
524
428
244
32
-212
-260
-88
228
620
1116
1692
2236
2620
2748
2748
2620
2364
1980
1756
1692
1564
1564
1500
1564
1692
1820
1980
2108
2236
2236
2236
2108
1980
1756
1500
1308
1116
1052
1116
1052
988
780
524
308
164
196
196
228
228
244
196
196
292
292
148
-80
-276
-460
-652
-748
-780
-812
-748
-492
-196
48
244
340
372
292
180
96
64
-40
-164
-228
-132
64
228
260
132
-40
-308
-556
-748
-924
-1052
-1244
-1308
-1180
-876
-556
-276
-164
-148
-244
-460
-780
-1116
-1372
-1628
-1692
-1692
-1564
-1628
-1628
-1756
-1692
-1692
-1756
-1756
-1820
-1884
-1884
-1884
-1692
-1436
-1180
-844
-684
-556
-588
-620
-652
-748
-844
-924
-1052
-1116
-1052
-924
-748
-372
24
460
876
1180
1500
1756
1820
1756
1628
1564
1436
1372
1308
1244
1180
1180
1244
1436
1628
1692
1756
1820
1756
1500
1180
988
876
924
1052
1244
1244
1116
988
844
716
492
260
16
-148
-228
-276
-212
-64
56
180
292
340
276
164
16
-148
-292
-356
-372
-292
-96
180
308
244
196
132
96
24
-8
0
-24
-8
180
460
748
812
684
492
276
40
-164
-324
-524
-684
-748
-652
-396
-48
356
684
812
780
492
104
-324
-716
-1052
-1308
-1372
-1500
-1436
-1244
-988
-812
-684
-684
-780
-924
-1116
-1308
-1500
-1500
-1436
-1244
-1052
-988
-924
-844
-780
-812
-924
-988
-1116
-1244
-1308
-1372
-1244
-924
-556
-112
396
812
1116
1308
1372
1308
1180
988
844
716
556
396
260
196
196
372
620
844
924
924
924
988
876
780
812
924
924
988
1052
988
876
748
588
460
308
88
-64
-148
-120
-56
132
324
396
324
212
120
24
0
-40
-148
-228
-132
48
308
556
716
748
652
372
88
-148
-340
-492
-492
-308
8
396
748
988
1116
1052
780
460
180
-132
-492
-780
-1052
-1052
-748
-276
196
588
780
716
556
196
-196
-588
-988
-1244
-1308
-1116
-924
-684
-460
-308
-260
-324
-492
-780
-1116
-1500
-1756
-1756
-1628
-1372
-1052
-684
-276
32
212
276
120
-196
-620
-1052
-1372
-1628
-1628
-1436
-1052
-556
-148
260
684
988
1116
1180
1116
924
684
492
324
228
196
212
340
556
716
780
748
652
460
276
196
228
276
356
460
652
876
988
1116
1180
1052
876
684
556
356
120
-16
-16
80
212
324
372
396
428
428
460
428
292
196
164
228
324
428
428
340
164
8
-180
-308
-396
-428
-308
-132
40
276
524
620
588
428
104
-292
-652
-988
-1180
-1244
-1180
-988
-652
-292
164
556
748
652
356
0
-340
-620
-812
-876
-876
-844
-780
-588
-460
-396
-340
-228
-196
-244
-356
-460
-460
-396
-308
-164
24
148
196
260
228
72
-120
-276
-396
-524
-684
-876
-988
-1052
-924
-684
-396
-196
64
372
588
748
748
620
340
-24
-308
-524
-684
-684
-684
-652
-492
-260
-40
148
228
180
148
120
148
164
180
292
492
716
924
1052
1116
1052
924
844
716
620
492
356
324
492
716
812
876
876
812
748
652
620
620
524
492
524
588
748
812
780
652
460
372
260
120
-40
-228
-356
-324
-228
-112
-64
-112
-292
-524
-684
-924
-988
-924
-876
-812
-652
-340
-88
8
132
164
0
-260
-396
-524
-588
-620
-588
-556
-492
-524
-652
-716
-652
-460
-292
-148
-72
8
88
132
148
88
24
-132
-260
-428
-652
-748
-780
-684
-460
-356
-372
-460
-492
-492
-524
-524
-460
-340
-244
-88
112
308
356
260
72
-96
-244
-372
-460
-524
-524
-588
-524
-292
0
148
132
96
64
112
244
324
428
492
556
684
924
1052
1052
924
716
524
396
324
228
164
148
212
340
556
844
924
988
1052
1052
1180
1052
844
684
652
716
780
924
876
748
588
492
492
396
180
-40
-164
-228
-196
-72
-48
-72
-132
-132
-96
-88
-96
-148
-148
-96
-56
-40
-64
-120
-180
-212
-276
-396
-524
-556
-492
-340
-228
-244
-340
-492
-684
-780
-748
-652
-524
-372
-196
-8
212
340
260
-16
-244
-460
-716
-988
-1116
-1180
-1116
-1052
-988
-924
-924
-844
-716
-588
-556
-556
-492
-396
-228
-96
-96
-120
-196
-292
-492
-684
-780
-716
-652
-588
-524
-492
-396
-228
0
180
180
164
132
212
428
620
684
716
588
524
588
684
716
620
524
396
260
132
64
104
244
428
652
780
876
924
876
844
748
748
716
780
924
1052
1116
1052
876
684
460
228
148
132
180
164
112
132
292
372
492
620
620
588
556
460
324
228
48
-48
-72
-104
-132
-212
-260
-228
-132
-80
-88
-88
-64
-80
-88
-112
-260
-492
-748
-844
-812
-684
-460
-292
-228
-112
-64
-96
-228
-460
-620
-812
-876
-988
-988
-924
-812
-684
-556
-396
-396
-428
-428
-492
-524
-684
-812
-812
-716
-524
-372
-180
-16
80
72
-8
-88
-104
-48
48
104
64
80
132
228
340
356
276
88
-132
-276
-244
-120
-8
132
260
340
460
652
684
652
588
372
164
0
-132
-180
-164
-164
-164
-148
-48
64
164
196
244
260
324
492
588
556
524
396
340
324
276
340
396
396
340
260
180
56
40
80
196
308
372
428
524
588
652
716
844
876
780
556
356
212
112
96
88
16
-24
-40
-24
-8
16
16
-64
-196
-292
-308
-356
-372
-372
-428
-556
-716
-844
-924
-924
-988
-924
-844
-748
-652
-556
-588
-716
-812
-844
-876
-924
-988
-1052
-1116
-1180
-1052
-812
-620
-428
-260
-148
-16
80
196
228
228
276
396
588
684
652
524
396
260
228
260
356
428
428
460
460
588
748
876
988
1116
1180
1116
988
924
780
684
524
340
180
120
56
48
48
16
0
32
104
132
148
196
276
324
372
372
356
228
120
48
-8
-32
-40
-16
-40
-148
-244
-308
-292
-228
-164
-132
-96
32
80
132
244
324
324
324
324
244
148
120
132
88
32
-64
-164
-196
-196
-260
-260
-244
-212
-212
-228
-308
-324
-308
-356
-356
-396
-492
-588
-652
-716
-716
-684
-620
-588
-652
-652
-684
-716
-812
-844
-844
-924
-988
-1116
-1180
-1180
-1052
-748
-428
-212
-72
48
56
96
132
88
-32
-228
-196
-132
-40
120
260
244
196
112
64
64
48
40
48
64
96
196
396
684
924
1052
1180
1116
988
924
812
716
492
196
56
-56
-132
-112
-8
164
244
308
428
524
524
428
324
340
372
460
556
716
748
684
620
620
620
652
588
396
180
24
-8
0
32
88
180
292
396
524
588
620
588
652
716
684
652
588
492
428
292
164
72
-8
-132
-228
-180
-112
-120
-164
-244
-372
-556
-588
-556
-556
-524
-460
-524
-588
-684
-812
-876
-876
-924
-1052
-1116
-1052
-1052
-988
-988
-1052
-1052
-1116
-1180
-1180
-1180
-1116
-988
-812
-620
-460
-428
-460
-492
-428
-428
-324
-132
8
56
88
212
244
244
164
88
-40
-164
-180
-80
32
132
276
396
620
876
1052
1180
1244
1180
988
716
588
460
372
308
196
132
180
228
292
428
460
308
276
356
260
276
212
276
340
372
556
620
620
556
340
228
180
48
-64
-64
-88
-212
-180
-96
120
260
340
356
428
460
340
244
324
372
260
132
8
0
-112
-88
-32
-32
-80
-96
-24
-56
-40
32
64
-72
-132
-196
-292
-372
-356
-308
-372
-356
-396
-524
-588
-684
-684
-652
-556
-460
-340
-244
-180
-132
-212
-356
-492
-556
-716
-748
-684
-620
-556
-460
-324
-324
-276
-308
-308
-212
-164
-132
-72
32
148
276
396
428
356
340
212
24
-40
-80
-148
-112
0
132
308
460
684
812
748
716
556
308
80
0
48
112
244
428
492
588
588
588
588
460
244
80
104
-8
-24
-32
48
112
72
196
324
324
212
228
80
-56
-80
16
64
148
292
228
340
428
556
356
88
72
-8
-16
-8
32
-40
-48
-260
-356
-292
-40
32
-48
24
72
24
-260
-276
-132
-276
-524
-492
-372
-492
-492
-492
-308
-244
-396
-428
-588
-588
-716
-844
-812
-620
-428
-460
-148
-40
-96
-104
8
-164
-428
-428
-428
-588
-748
-396
-356
-260
-32
-104
0
-24
-56
-276
-64
48
0
228
492
716
652
844
652
652
492
148
0
-260
-196
-396
-276
-148
0
308
460
524
684
988
780
556
428
356
180
88
244
132
212
228
96
72
340
244
-32
120
88
-24
-244
64
132
228
260
292
428
492
492
492
460
396
228
72
132
-80
-96
-292
-80
212
72
96
396
396
396
460
524
260
260
-48
-556
-396
-72
-228
-292
-96
-16
56
-148
-212
-308
-276
-428
-588
-492
-588
-620
-652
-556
-372
-356
-396
-196
-292
-588
-924
-620
-684
-924
-492
-340
-212
-292
-164
-276
-356
32
-292
-356
-196
-180
-260
-260
48
-132
-148
16
-40
8
72
56
48
96
460
396
460
812
780
652
524
396
372
-180
-244
-396
-356
-340
-324
-164
260
356
324
396
588
988
556
428
340
620
396
16
308
428
112
-396
-292
-8
24
-180
24
80
244
132
-80
72
260
164
-132
72
372
228
324
460
588
460
556
228
120
164
16
16
-56
164
0
72
-16
180
196
428
396
180
396
64
-24
-276
0
8
-212
-196
-228
24
-260
-372
-460
-196
-24
-428
-492
-356
-112
-652
-588
-620
-276
-292
-780
-524
-524
-48
-556
-492
-356
-148
-24
-492
-228
-292
-180
-748
-524
-308
-460
-356
-460
-212
-132
228
0
72
372
340
40
-104
80
8
40
80
212
340
340
356
396
324
276
56
-80
-40
-88
-16
-104
-340
56
120
-212
132
96
196
428
356
428
196
244
72
-96
40
-72
-212
-276
-428
-88
16
8
260
56
228
276
324
196
148
212
132
-80
80
212
228
260
340
524
492
556
396
396
324
524
356
308
64
8
132
0
196
276
556
748
716
716
460
396
196
-48
-180
-132
-164
-324
-372
-356
-260
-196
-180
-48
0
-428
-340
-396
-308
-588
-924
-588
-780
-924
-1052
-780
-292
-196
-340
-148
228
276
-308
-588
-372
-492
-748
-876
-748
-340
-196
-492
-308
228
492
48
-148
244
244
-244
-260
-120
212
196
-96
24
780
1052
428
372
556
460
196
16
-88
80
260
-104
-132
148
588
148
-72
460
652
620
340
292
652
524
308
-104
-24
132
-104
-428
-340
356
492
-308
-396
396
428
-56
-396
308
620
72
-340
-212
460
180
-524
-492
148
492
32
-324
-16
588
148
-396
-308
148
-64
-396
-372
72
460
212
-164
148
524
72
64
-104
164
40
-428
-164
-492
-148
-524
-524
0
-244
-180
-396
-340
-212
-396
-324
-324
-396
-292
-556
-556
-132
-324
-80
-8
80
-80
8
132
-56
24
-64
-372
-556
-292
-292
-372
-212
40
48
112
260
308
396
340
244
48
460
524
180
340
396
524
372
148
356
492
460
-148
48
180
-104
-372
72
104
8
104
-180
32
80
244
-120
292
492
180
0
24
324
-40
-356
-588
-372
-132
-460
-524
-196
148
-56
-292
48
428
396
48
72
80
356
-72
-356
-180
-180
88
-64
-64
132
180
120
-244
0
-88
96
244
-16
-292
32
460
16
244
556
620
80
64
372
228
260
-180
180
292
-80
-396
-80
88
-196
-260
-148
132
72
-120
-492
-80
48
-292
-396
-460
-148
-212
-120
-276
-56
-96
196
120
260
132
-196
24
-372
-148
-356
-260
-24
-80
-260
-588
8
-148
-132
48
260
276
40
-180
-244
556
620
120
-292
524
1052
112
-88
-180
260
8
-428
-292
-180
460
-148
-460
104
460
120
132
132
556
620
460
340
-96
524
460
356
-164
-372
-396
-260
-428
-716
-244
-244
-292
-524
-260
-64
120
212
0
96
588
396
-196
-276
56
-56
-260
-148
-148
-56
-356
-324
-260
212
148
-148
-8
324
396
-180
-56
40
324
460
-8
164
492
428
-24
120
340
148
-96
-260
-132
-132
-492
-748
-276
-24
-104
-88
340
276
16
88
-96
112
-228
-588
-556
-308
308
-260
-324
460
492
308
212
180
148
-196
-120
-588
-428
-196
-556
-620
-428
356
460
96
32
460
556
324
-16
276
620
276
72
-212
120
308
112
-276
-372
0
8
-460
-492
-180
-228
-396
-244
-164
48
324
396
88
148
428
228
148
-148
-196
96
-40
-260
-556
-340
88
40
-260
-308
-88
164
-180
-40
148
-32
-148
-16
132
276
396
492
260
276
308
-104
120
0
-212
88
-260
80
88
72
276
492
924
492
196
276
32
276
104
-104
-72
148
396
428
-40
196
340
-120
-244
-292
180
-292
-308
-180
-244
24
244
292
-132
164
88
-396
-460
-524
-988
-716
-112
-324
-492
-356
228
164
48
292
16
32
-396
-588
-524
-924
-460
-492
-588
-244
48
276
556
148
180
88
356
196
-276
-132
-64
-48
-460
-276
72
340
148
48
276
212
112
-228
-244
-244
244
372
-308
-88
396
780
16
-164
120
180
620
-260
-340
148
684
-32
-460
32
924
460
-396
-244
212
620
-120
-620
-64
492
260
-24
-56
924
652
356
48
-120
164
80
0
-244
-24
356
308
-372
292
684
652
556
8
32
588
112
-324
-460
276
460
-196
112
24
620
460
-228
-620
276
356
-652
-748
-324
324
-212
-372
-72
228
372
-260
-524
-324
-212
-716
-988
-556
-212
-196
-620
-228
132
164
-196
-40
340
64
-524
-844
-292
-164
-652
-1052
-196
164
-148
-492
-96
588
492
104
-652
196
556
8
-684
-524
-40
-96
-260
8
196
164
72
-372
-132
56
-132
-492
-748
-132
0
164
180
-132
244
276
428
64
120
132
112
228
-356
16
-196
-132
-372
-196
112
-56
48
-132
80
428
588
396
260
556
684
844
428
372
684
396
324
180
372
164
132
180
96
396
372
260
356
684
396
428
228
492
428
372
492
372
372
180
428
276
148
-8
-652
-356
-356
-460
-396
-460
196
-32
180
-64
-212
120
-356
-260
-428
-340
-492
-812
-684
-356
-396
-308
-588
-180
-72
-120
-104
-356
-40
-196
-428
-324
-72
-308
-556
-372
80
8
-32
48
-196
72
212
-260
-64
276
356
-48
96
372
260
308
56
-196
228
428
-96
-228
-308
96
-104
-524
-460
-228
180
8
-64
-72
228
164
-164
-196
164
72
-148
-372
-308
-460
-428
-396
-588
-460
-164
180
-88
0
112
324
492
244
340
428
492
524
244
164
212
260
180
0
196
340
460
132
-228
-56
428
428
16
180
460
684
372
164
524
876
684
196
72
396
132
-340
-460
-492
-396
-428
-356
-148
16
196
120
-64
228
-48
-24
-148
-396
-652
-748
-524
-780
-652
-716
-524
-356
-276
-396
-524
-196
-324
-148
80
-48
132
-40
16
-56
96
40
-324
-40
-48
-40
32
-32
-48
72
148
372
396
356
276
244
292
48
196
180
-16
164
276
428
196
104
148
112
-120
-276
56
260
212
-16
148
292
244
-120
-196
308
120
-104
-96
40
-24
-212
-112
-228
180
148
-276
-180
148
396
-88
0
396
396
492
212
196
372
196
148
88
148
228
16
164
396
276
56
-324
0
308
308
372
228
276
164
180
428
292
96
-244
-276
104
-104
-396
-588
-652
-428
-356
-276
-308
-212
-164
-180
24
16
-356
-492
-460
-356
-396
-524
-780
-780
-492
-396
-308
-372
-396
-396
-340
-180
-32
40
8
0
180
148
16
-64
-196
-196
-132
-112
-212
-228
-24
24
244
372
276
276
244
372
228
120
180
196
372
556
428
244
228
164
132
-88
-164
-292
-260
-180
-244
-64
8
0
-96
32
460
460
228
104
72
72
64
-104
-40
96
-32
-148
-132
-56
-88
-56
48
-24
196
356
396
356
340
684
684
556
372
228
292
308
196
-24
112
228
212
0
-48
196
244
64
-88
132
396
396
212
148
212
308
132
-88
-148
-48
-148
-460
-492
-372
-292
-396
-524
-428
-292
-292
-356
-428
-260
-276
-308
-396
-492
-460
-492
-588
-748
-588
-396
-324
-228
-260
-148
-64
-24
-72
-132
-180
-24
-32
-340
-324
-120
-56
-16
0
88
292
460
396
244
340
340
64
-40
24
80
196
260
260
292
396
212
48
-16
-72
-120
-196
-164
-260
-148
88
276
396
428
340
460
524
292
132
56
0
-148
-32
-8
-132
0
112
164
112
104
196
132
48
-48
80
292
292
196
228
396
460
340
104
112
32
56
-72
-228
-112
-64
-88
-164
-8
164
196
228
148
164
324
340
180
96
164
148
64
-16
-212
-260
-212
-308
-428
-460
-396
-492
-524
-492
-396
-292
-356
-396
-292
-148
0
-96
-244
-324
-260
-276
-396
-460
-428
-340
-460
-396
-228
-48
8
56
8
32
72
-32
-212
-324
-276
-132
-8
0
64
260
356
396
324
276
212
148
72
40
104
164
104
80
228
396
492
460
324
244
132
48
-40
-104
0
96
132
212
324
372
396
460
428
260
212
56
-40
-32
-164
-132
-16
32
56
120
260
180
80
56
72
132
96
64
104
148
96
-8
16
148
212
212
80
104
56
-80
-148
-196
-180
-112
-120
-132
-24
64
180
132
148
196
112
64
-16
-148
-276
-396
-428
-492
-356
-228
-260
-196
-228
-196
-164
-212
-276
-324
-340
-372
-292
-132
-40
-72
-148
-196
-244
-276
-292
-340
-396
-356
-292
-244
-80
-16
40
56
88
64
-96
-244
-260
-212
-148
-96
-32
32
64
104
196
356
372
260
148
96
80
56
24
40
72
196
260
276
324
260
104
0
-32
-32
8
-32
-40
32
64
132
260
308
356
308
276
180
148
80
0
-80
-148
-96
16
132
196
292
356
356
276
196
164
180
132
88
72
80
48
48
148
196
228
260
164
48
24
-48
-180
-292
-292
-164
-72
-40
16
112
180
120
96
148
112
8
-228
-396
-396
-356
-356
-276
-196
-120
-96
-196
-228
-228
-260
-324
-428
-396
-356
-308
-196
-132
-180
-260
-196
-196
-132
-104
-112
-196
-244
-212
-104
-32
-24
56
48
120
164
120
64
0
32
-8
-8
-16
32
104
164
292
396
428
396
324
340
308
244
228
228
244
244
276
244
212
244
228
228
180
180
112
0
-24
-64
-72
8
64
180
308
356
292
324
212
120
0
-180
-244
-308
-308
-308
-180
-148
-132
-148
-88
0
0
-32
-88
-88
-112
-164
-164
-148
-104
-32
0
104
212
120
-96
-260
-396
-524
-524
-524
-524
-428
-340
-164
0
180
308
292
196
88
0
-104
-228
-372
-340
-292
-244
-148
-8
96
120
80
-24
-72
-180
-244
-212
-180
-132
-80
-132
-132
-96
0
72
64
40
24
-8
-24
-80
-64
-24
-56
-24
56
180
196
212
244
196
148
148
104
80
64
40
104
212
228
308
396
492
460
372
340
340
260
164
88
104
88
96
196
260
292
244
244
180
120
48
16
96
148
196
276
340
340
324
260
196
112
40
-64
-132
-148
-132
-164
-132
-80
-16
24
8
24
16
0
-148
-260
-276
-340
-356
-340
-276
-148
-56
-24
-64
-112
-260
-428
-524
-524
-460
-460
-428
-372
-292
-228
-212
-148
-96
-48
-80
-72
-88
-120
-196
-244
-228
-196
-148
-88
-32
24
40
-16
-88
-180
-196
-228
-228
-148
-104
-88
-40
56
132
196
292
292
212
132
164
132
80
56
72
120
148
212
212
308
308
212
112
104
88
40
56
80
132
196
228
244
276
276
244
212
260
292
228
132
56
-8
-8
88
148
196
180
132
96
56
-48
-148
-212
-228
-196
-88
8
132
212
276
324
228
148
80
-32
-196
-228
-228
-276
-276
-260
-244
-228
-148
-48
24
32
24
-16
-104
-104
-112
-132
-132
-112
-88
-24
0
-16
-56
-80
-120
-228
-196
-196
-260
-260
-228
-164
-88
8
104
104
132
148
148
112
40
8
0
-32
-48
16
56
8
-16
16
-24
-40
-64
-8
48
56
24
-32
-16
-48
-8
40
72
120
104
80
64
16
-32
-64
-120
-132
-72
-64
-40
40
64
64
80
48
0
-8
-8
0
0
48
72
96
164
212
196
260
292
244
180
104
56
-40
-96
-56
72
104
120
164
196
164
104
64
48
32
-24
-40
-48
0
80
104
120
148
196
148
-16
-120
-196
-260
-308
-324
-308
-260
-212
-120
24
88
72
72
-16
-64
-132
-228
-260
-356
-308
-292
-276
-164
-96
-24
-56
-48
-64
-104
-180
-228
-212
-244
-212
-196
-112
0
64
80
80
104
96
0
-32
8
-16
-80
-80
-16
56
96
132
148
148
180
132
132
164
196
88
0
-32
-16
40
96
196
244
292
244
196
212
180
80
16
8
40
40
104
148
180
180
164
148
104
64
24
48
88
80
40
72
132
104
64
56
64
32
-48
-80
-180
-244
-228
-212
-64
72
180
180
148
88
0
-80
-148
-180
-260
-324
-308
-276
-180
-72
32
80
80
56
8
-64
-120
-228
-244
-260
-308
-228
-180
-88
-8
48
88
88
16
40
0
-80
-56
-32
0
8
8
72
132
112
56
64
16
-40
-80
-56
-48
8
56
40
96
164
260
276
324
372
340
244
148
40
-16
-112
-180
-132
-64
-96
-56
8
88
112
80
88
48
-48
-120
-120
-164
-164
-148
-112
-120
-132
-112
-88
-80
-132
-148
-196
-212
-244
-228
-164
-72
-16
16
120
120
80
24
-48
-80
-80
-48
-24
16
120
164
196
292
372
356
260
132
8
-48
-132
-80
-32
-16
8
72
148
196
196
196
196
104
-24
-164
-228
-244
-228
-112
8
80
148
164
132
96
40
-16
-120
-244
-308
-356
-356
-340
-212
-104
-48
-24
16
64
40
0
-24
0
-48
-104
-64
-64
-80
-48
0
16
32
72
40
0
0
16
8
8
88
180
228
244
228
244
228
228
196
164
132
56
16
16
80
120
164
196
212
228
196
148
104
40
16
-40
-56
-24
-8
-24
-40
0
0
-32
-16
-16
-88
-164
-164
-180
-212
-228
-180
-148
-120
-32
8
16
-24
-64
-148
-164
-228
-244
-196
-164
-80
0
16
48
48
24
-16
-24
-80
-164
-148
-148
-64
-32
-8
40
132
132
132
72
32
-80
-228
-276
-260
-180
-120
-40
32
40
40
80
80
72
56
-8
-132
-196
-276
-308
-244
-212
-180
-132
0
40
48
104
132
164
104
16
24
0
-40
-88
-104
-16
96
148
196
228
212
164
80
104
148
148
148
196
228
244
276
260
324
396
356
324
308
276
164
40
0
0
-8
8
80
120
132
164
148
164
120
56
40
16
16
-8
-32
-40
-64
-72
-56
-72
-88
-148
-196
-148
-80
-56
-80
16
72
48
40
112
132
64
0
-48
-32
-48
-80
-72
-80
-96
-80
-40
0
32
24
32
-40
-104
-72
-40
-24
-64
-24
0
-40
-112
-120
-104
-164
-228
-260
-228
-180
-148
-120
-164
-148
-180
-164
-96
-64
-112
-180
-228
-260
-260
-292
-276
-244
-244
-244
-228
-164
-132
-132
-72
-24
-40
-40
-56
-104
-112
-148
-132
-96
-40
24
80
132
196
212
164
104
32
40
40
8
16
112
148
164
228
292
308
260
260
228
148
80
40
8
32
88
104
148
180
228
260
244
196
148
120
96
96
104
88
56
16
-16
-56
-88
-32
-48
-64
32
40
40
80
148
196
180
180
132
56
-8
-56
-48
-48
-80
-64
-24
24
72
96
88
72
40
0
-16
-40
-16
-32
-16
32
88
96
64
80
80
40
-24
-96
-180
-292
-356
-308
-260
-212
-164
-132
-72
24
80
96
24
-24
-148
-228
-212
-180
-164
-132
-72
-64
-56
16
64
40
24
8
0
32
32
64
64
8
-16
48
104
196
260
244
212
164
120
56
32
-16
-24
-32
-56
-40
32
132
180
196
196
164
112
32
-56
-96
-104
-112
-120
-96
-80
-112
-148
-148
-132
-132
-112
-132
-104
-96
-96
-112
-132
-132
-132
-148
-132
-148
-164
-180
-180
-120
-72
-56
-72
-24
40
8
-64
-40
-48
-72
-120
-112
-64
-104
-104
-56
40
32
8
40
48
16
-8
-24
-32
0
0
0
56
112
148
120
96
104
72
16
8
-16
-48
-72
-80
-80
-48
16
24
40
112
132
180
244
244
212
148
48
0
0
8
-40
-56
0
40
64
148
212
228
228
276
292
244
212
196
148
132
180
260
324
308
276
228
104
40
24
-32
24
64
56
40
72
132
180
164
180
148
132
120
48
0
-48
-72
-148
-180
-132
-148
-164
-196
-196
-196
-180
-164
-148
-112
-96
-72
-48
-56
-104
-148
-196
-260
-292
-324
-324
-276
-228
-228
-196
-132
-112
-88
-80
-80
-112
-196
-292
-276
-244
-228
-196
-148
-88
-64
-24
-24
0
-24
-16
-24
-64
-96
-120
-88
-104
-40
0
0
24
24
0
-56
-80
-104
-148
-180
-148
-80
-56
-24
24
88
104
112
164
164
148
132
64
0
-24
-24
-40
-40
16
80
148
164
196
276
244
212
180
148
104
112
148
148
180
212
244
260
260
228
180
80
32
104
72
88
164
148
148
180
196
212
196
164
164
120
180
132
72
80
56
72
80
72
64
56
24
8
-24
-64
-104
-112
-64
16
0
0
24
24
-48
-120
-112
-164
-228
-228
-196
-148
-96
-104
-16
80
80
88
80
16
-48
-148
-196
-212
-260
-276
-212
-132
-48
-24
32
56
8
-24
-112
-196
-244
-276
-276
-212
-132
-56
0
56
56
16
0
-80
-196
-260
-340
-372
-340
-260
-148
-80
-8
56
88
112
120
132
64
-40
-120
-180
-196
-180
-132
-88
-40
16
48
80
132
148
104
0
-40
-64
-56
8
48
104
164
196
228
228
196
196
164
80
80
96
104
148
132
96
104
148
180
180
132
120
120
64
56
72
96
80
72
80
104
88
8
-16
-80
-132
-148
-180
-104
-56
8
40
56
80
40
-32
-96
-132
-180
-228
-260
-196
-164
-112
-40
56
104
96
88
48
40
-32
-104
-132
-180
-180
-96
8
132
196
212
180
164
148
56
-32
-72
-56
-40
-40
48
120
164
244
324
324
244
212
148
104
24
-24
-48
-48
-16
32
88
164
148
148
164
132
104
40
0
-64
-112
-132
-148
-132
-48
-8
-24
-32
-40
-64
-112
-164
-196
-180
-196
-228
-164
-88
-24
-8
0
48
48
-48
-148
-180
-196
-228
-212
-180
-164
-164
-96
-40
-8
-24
-32
-24
-48
-40
-56
-32
0
-40
-104
-64
-8
-40
-64
-64
-88
-104
-120
-148
-120
-64
16
56
64
88
112
72
56
16
0
-16
-64
-48
-16
24
72
148
164
148
164
132
88
80
80
80
96
132
132
148
132
132
112
64
72
64
32
16
-24
0
32
32
80
96
80
56
72
104
56
0
-16
8
8
-16
-24
8
0
-56
-72
-24
16
0
24
112
164
164
148
164
132
48
16
8
0
24
32
0
24
56
40
0
0
0
0
-16
40
48
32
32
8
16
24
0
0
8
-32
-64
-112
-148
-196
-212
-228
-212
-180
-196
-180
-120
-132
-132
-112
-132
-120
-112
-120
-132
-132
-148
-132
-148
-180
-180
-196
-212
-196
-180
-132
-88
-72
-40
-16
-24
-8
-16
-40
-8
-16
-32
-48
-48
-32
-16
24
96
148
148
148
148
132
88
120
132
96
88
96
104
148
148
132
164
148
132
132
132
112
120
80
40
32
0
0
8
32
64
72
104
132
80
32
32
16
-8
-32
-32
0
16
16
40
96
96
96
112
132
112
56
-8
-24
-32
-8
0
8
24
48
48
32
32
48
16
-40
-48
-32
0
32
56
88
88
64
24
0
16
-24
-64
-80
-96
-96
-104
-96
-96
-80
-96
-104
-64
-16
-32
-48
-48
-56
-56
-64
-56
-24
-24
-80
-72
-64
-104
-132
-120
-104
-112
-88
-56
-8
32
32
40
56
64
24
0
0
32
8
-16
8
32
40
56
96
96
80
56
56
64
64
56
64
72
96
104
104
120
72
32
32
8
8
0
-24
0
0
-24
-40
-56
-40
-8
48
88
48
24
-8
-64
-96
-80
-88
-148
-132
-112
-104
-88
-80
-80
-64
-80
-88
-64
-72
-80
-88
-64
-40
-48
-72
-56
-32
-48
-40
-8
0
-32
-24
-32
-56
-32
-40
-24
0
48
56
48
72
72
48
40
48
32
0
-40
-56
-88
-88
-64
-32
32
56
64
72
64
48
40
24
0
-16
-40
-64
-80
-48
-24
-24
-8
-8
24
40
48
48
72
96
40
32
48
48
32
16
48
64
64
56
56
88
72
56
80
96
112
112
132
180
164
132
148
132
72
80
96
96
96
64
56
40
8
-8
-8
-8
0
0
16
24
24
32
40
8
-8
-32
-16
-8
-16
-24
-48
-80
-132
-180
-164
-148
-148
-132
-120
-80
-80
-88
-56
-72
-80
-104
-96
-72
-88
-96
-80
-104
-96
-72
-72
-72
-72
-24
-40
-96
-104
-104
-104
-104
-56
0
48
56
56
72
56
16
-8
-32
-72
-80
-96
-88
-64
-56
-32
-24
-8
0
0
0
0
0
16
24
32
48
40
24
40
48
16
24
16
8
16
40
40
32
24
56
96
88
112
148
148
148
164
132
104
96
72
88
132
132
132
148
164
148
132
112
104
112
88
96
112
112
80
80
72
48
48
16
0
-24
-40
-64
-88
-64
-72
-64
-64
-48
-24
-40
-40
-40
-48
-56
-96
-112
-120
-132
-164
-164
-148
-132
-104
-56
-16
-8
0
8
-40
-72
-72
-80
-88
-72
-48
-48
-64
-64
-40
-24
-24
-40
-48
-48
-64
-72
-40
0
32
40
48
80
72
56
72
40
0
-8
-40
-72
-88
-96
-72
-56
-64
-24
24
32
24
32
32
0
-8
-8
-8
8
16
48
80
48
16
16
-16
-40
-32
-16
-16
0
32
64
56
48
32
32
40
56
88
88
72
40
24
0
0
-32
-16
-16
-24
-8
8
16
16
16
8
0
0
0
-16
0
-16
-40
-24
-16
-56
-80
-80
-96
-96
-80
-56
-32
-16
0
0
8
8
0
-16
-32
-40
-64
-80
-80
-64
-40
-24
0
24
72
80
80
96
88
80
40
32
64
72
80
96
132
132
104
80
88
88
56
40
32
8
0
8
24
56
88
104
104
120
104
64
40
16
-24
-72
-88
-56
-48
-56
-56
-72
-48
-40
-56
-32
-16
0
0
-8
-8
-8
-8
-16
-24
-24
-24
-56
-48
-40
-32
-24
-24
-24
-8
0
32
64
80
88
96
88
80
48
48
32
0
0
0
-8
-32
-32
-48
-64
-64
-64
-48
-56
-40
-24
-32
-24
-32
