SAMPLES:	9052
BITSPERSAMPLE:	16
CHANNELS:	1
SAMPLERATE:	16000
NORMALIZED:	FALSE
56
48
48
48
48
40
32
32
24
24
24
24
16
8
8
8
8
0
0
0
0
-8
-8
-8
-8
-16
-16
-16
-24
-32
-32
-40
-40
-48
-48
-48
-48
-48
-48
-48
-48
-48
-48
-56
-64
-64
-64
-64
-64
-64
-64
-64
-64
-56
-56
-56
-56
-48
-48
-48
-48
-40
-40
-32
-32
-32
-32
-16
-16
-16
-8
0
0
0
0
0
0
8
8
8
16
24
16
24
16
16
16
24
24
24
24
24
24
24
32
32
40
32
24
24
16
16
16
16
16
16
16
16
16
8
0
0
0
0
8
0
8
8
0
0
0
0
0
0
0
0
0
0
8
0
0
0
0
0
0
0
0
0
8
0
0
0
0
0
0
0
0
0
0
0
0
0
0
0
0
0
0
0
0
0
0
0
0
8
8
8
0
0
0
0
0
8
0
8
8
8
8
8
8
8
8
8
8
0
0
0
0
0
0
0
0
0
0
0
0
0
0
0
0
0
0
0
0
0
0
0
0
0
0
0
0
0
0
0
0
8
8
8
8
0
8
8
8
0
8
8
16
16
16
16
8
8
8
8
8
8
8
16
8
8
8
8
0
0
0
-8
-8
-8
-8
-8
-8
-16
-24
-24
-32
-32
-32
-32
-32
-40
-40
-48
-48
-48
-48
-48
-48
-48
-48
-48
-48
-56
-56
-48
-48
-56
-56
-56
-64
-56
-48
-48
-40
-40
-40
-32
-24
-32
-24
-24
-32
-32
-24
-24
-16
-8
0
0
0
0
0
0
8
8
16
16
24
24
24
32
32
32
32
40
48
48
48
48
48
56
56
64
64
72
72
72
64
64
64
64
64
72
72
64
72
72
72
72
72
72
64
64
56
48
40
40
40
40
40
40
40
32
32
32
24
24
16
16
16
8
0
0
0
0
-8
-16
-16
-16
-24
-32
-32
-32
-32
-32
-32
-32
-32
-24
-32
-24
-24
-24
-32
-32
-32
-32
-32
-24
-24
-24
-16
-16
-16
-24
-24
-24
-24
-24
-24
-24
-32
-24
-24
-24
-24
-24
-24
-24
-24
-16
-24
-32
-32
-32
-32
-32
-32
-32
-40
-40
-40
-40
-40
-40
-32
-32
-32
-32
-32
-32
-24
-24
-24
-24
-24
-24
-24
-16
-16
-8
-16
-16
-8
-8
-8
-8
-8
-8
-8
0
8
8
8
16
24
24
24
32
32
32
24
32
24
32
32
32
32
24
24
24
32
32
32
32
32
32
32
24
32
24
24
32
32
24
16
8
16
8
8
8
8
8
0
0
0
-8
0
0
0
0
0
0
0
0
-8
-8
0
-16
-8
0
0
0
0
-8
-8
0
0
-8
0
0
0
8
0
0
8
8
8
8
8
8
16
8
16
16
24
16
16
16
24
24
16
8
24
24
8
8
24
32
24
16
24
40
32
24
24
32
24
8
16
24
16
8
8
16
16
0
8
0
8
8
0
0
8
0
0
-8
-8
-16
-16
-8
-16
-16
-24
-16
-16
-16
-24
-32
-32
-40
-48
-48
-40
-40
-32
-40
-40
-40
-56
-64
-64
-64
-64
-64
-64
-64
-56
-56
-56
-48
-56
-56
-56
-64
-64
-64
-64
-64
-64
-48
-48
-56
-48
-40
-40
-32
-24
-24
-32
-24
-24
-16
-16
-8
-8
-8
-8
-8
0
8
16
24
32
32
40
40
48
48
56
64
80
72
72
72
72
72
72
80
96
96
96
96
96
96
88
88
96
96
96
96
96
96
88
88
96
88
72
64
56
56
56
48
48
56
48
48
48
40
40
32
24
16
8
8
0
0
0
0
-8
-16
-24
-24
-32
-40
-40
-48
-56
-64
-72
-64
-72
-72
-72
-72
-80
-80
-88
-88
-88
-88
-96
-96
-96
-96
-96
-88
-88
-88
-88
-88
-80
-80
-72
-72
-72
-80
-80
-88
-80
-72
-72
-64
-56
-64
-56
-56
-48
-32
-40
-32
-32
-24
-24
-24
-16
-8
-8
-8
0
0
0
8
8
16
16
24
32
40
48
56
64
64
64
72
72
72
80
80
80
72
72
72
80
88
88
88
88
88
88
96
96
96
96
88
88
80
72
72
72
64
56
56
48
48
48
48
40
40
32
32
24
24
16
8
8
0
-8
-8
-16
-16
-16
-8
-8
-16
-24
-24
-32
-24
-32
-32
-32
-40
-40
-48
-48
-56
-64
-64
-64
-64
-64
-56
-56
-64
-56
-56
-56
-48
-48
-48
-48
-48
-40
-40
-40
-40
-40
-48
-40
-48
-40
-32
-24
-24
-24
-16
-8
-8
-8
-8
-8
-16
-8
-16
-8
-8
0
0
0
0
0
0
0
8
0
8
0
0
16
8
8
16
16
8
24
24
24
24
24
24
24
24
24
24
24
24
24
24
24
24
24
24
24
24
24
32
32
32
40
32
40
32
32
40
32
32
32
24
16
16
8
8
8
8
0
0
0
-8
-8
0
0
0
0
0
0
0
-8
-16
-16
-16
-24
-24
-32
-40
-40
-40
-40
-40
-32
-32
-32
-40
-40
-48
-56
-48
-48
-48
-40
-32
-32
-32
-24
-24
-24
-16
-16
-8
0
-8
-8
-8
0
0
8
16
24
32
40
40
40
40
48
48
48
48
56
64
56
64
64
56
56
56
56
56
64
64
64
72
72
72
64
64
56
48
48
48
48
32
32
24
24
16
16
16
8
0
0
-8
-16
-24
-24
-32
-40
-40
-40
-48
-48
-48
-48
-56
-56
-64
-72
-72
-72
-72
-72
-80
-80
-72
-72
-72
-80
-80
-72
-80
-80
-80
-80
-80
-88
-88
-80
-72
-64
-56
-56
-56
-56
-56
-48
-48
-32
-32
-40
-40
-32
-32
-24
-16
-8
-8
-8
-16
-8
-8
0
0
0
0
8
16
16
16
24
16
16
24
32
32
40
48
48
48
48
56
64
72
72
80
80
88
88
88
96
96
104
104
112
112
104
104
96
96
96
96
96
96
96
96
88
88
88
72
72
64
64
64
64
56
56
48
48
48
40
24
24
8
8
8
0
0
-8
-16
-24
-24
-24
-32
-32
-32
-48
-48
-56
-64
-64
-72
-80
-80
-80
-80
-80
-80
-80
-88
-88
-88
-88
-88
-96
-88
-80
-80
-80
-80
-80
-80
-80
-80
-80
-88
-88
-88
-88
-88
-88
-88
-88
-80
-80
-80
-88
-80
-72
-72
-72
-72
-64
-64
-56
-48
-48
-40
-24
-32
-24
-16
-16
-16
-8
-8
0
0
0
8
8
16
24
32
32
40
48
56
56
64
64
72
80
80
88
88
88
96
104
104
104
104
112
120
120
132
148
148
148
148
132
132
120
120
120
120
120
112
104
104
96
96
96
96
88
88
72
64
56
40
24
24
24
24
24
16
8
0
-16
-24
-24
-24
-32
-32
-40
-48
-56
-64
-72
-72
-72
-88
-88
-96
-104
-112
-112
-112
-112
-112
-104
-104
-104
-104
-96
-104
-96
-96
-96
-96
-96
-96
-80
-72
-56
-56
-56
-56
-56
-48
-40
-32
-24
-16
-24
-24
-16
-8
0
0
8
8
8
0
0
0
8
8
24
24
24
32
32
40
40
40
32
32
32
32
40
32
32
40
40
32
32
32
16
16
8
16
16
16
24
8
8
8
0
8
8
0
0
-8
0
0
-8
0
-8
-8
0
0
0
0
0
0
0
-8
-8
-8
-16
-24
-24
-24
-24
-16
-8
-8
-8
-8
-8
-16
-16
-16
-8
-8
0
0
0
0
0
-8
0
0
0
0
0
0
0
0
0
8
16
24
24
24
24
24
24
24
24
24
16
16
8
8
16
16
24
24
32
32
40
32
24
32
16
16
16
16
16
16
16
16
8
8
8
16
16
16
16
16
16
8
0
0
0
0
8
8
16
16
16
16
16
16
24
16
16
8
8
0
0
0
0
0
0
0
0
0
-8
-8
-8
-24
-24
-16
-24
-32
-32
-32
-32
-32
-40
-40
-48
-40
-40
-48
-48
-48
-56
-48
-48
-48
-48
-48
-48
-48
-48
-48
-56
-56
-48
-48
-56
-56
-56
-56
-56
-48
-48
-32
-40
-40
-32
-40
-40
-32
-32
-32
-32
-24
-24
-24
-16
-8
-8
0
0
8
0
8
16
24
24
32
40
32
32
40
40
40
56
64
64
80
80
80
88
80
88
88
80
88
88
88
88
88
88
88
88
88
80
72
72
72
72
72
80
72
72
64
64
64
56
48
40
32
24
16
16
8
8
0
0
0
0
0
-16
-16
-16
-16
-24
-24
-24
-32
-40
-32
-40
-48
-48
-56
-56
-64
-72
-64
-72
-64
-64
-64
-72
-72
-72
-80
-72
-72
-72
-64
-56
-64
-56
-56
-56
-56
-64
-64
-64
-64
-64
-56
-48
-48
-48
-40
-32
-32
-32
-24
-24
-24
-16
-16
-16
-8
-16
-8
0
0
8
8
8
8
8
8
8
16
16
16
16
24
24
24
24
32
24
24
24
24
24
24
32
32
32
40
32
32
24
24
16
16
16
16
16
24
24
24
32
24
16
16
8
8
16
16
24
16
8
8
8
8
8
8
16
16
8
0
0
0
-8
-8
0
0
8
8
8
8
0
0
0
0
-8
-8
-8
-8
-16
-24
-16
-16
-16
-8
-8
0
0
0
-8
0
-8
0
0
0
0
0
0
0
8
16
0
0
8
24
16
16
24
32
56
56
48
56
56
40
8
0
0
8
16
32
64
56
56
32
0
0
0
-8
-24
-32
-24
-8
8
24
16
0
-16
-32
-32
-32
-8
-16
-16
-8
32
24
8
32
32
8
0
8
-8
0
0
-24
-16
8
16
0
16
32
32
8
0
0
-16
-40
-48
-56
-56
-48
-40
-48
-40
-40
-64
-80
-88
-104
-120
-120
-104
-88
-72
-72
-64
-64
-64
-64
-56
-56
-56
-48
-56
-48
-24
-24
-24
-16
-8
-8
0
0
0
0
0
0
-8
0
0
0
0
8
16
16
16
24
24
16
16
16
24
24
32
32
40
48
40
40
32
24
24
16
24
24
32
40
48
56
56
64
64
64
72
72
72
72
72
72
64
64
72
64
72
64
64
72
72
72
72
64
64
64
72
72
72
80
80
80
72
72
72
64
64
56
40
32
24
0
0
0
-16
-24
-48
-56
-56
-48
-56
-56
-56
-64
-64
-56
-56
-56
-48
-64
-72
-72
-80
-88
-96
-112
-120
-120
-120
-120
-120
-112
-120
-132
-148
-148
-148
-132
-132
-112
-104
-96
-88
-88
-96
-80
-80
-96
-112
-104
-96
-96
-80
-72
-64
-64
-80
-64
-56
-48
-56
-64
-56
-48
-40
-32
-8
16
40
56
64
80
88
80
72
56
48
16
24
40
48
80
96
112
112
132
132
132
132
132
148
148
148
164
164
180
212
212
212
228
196
212
196
180
180
164
148
132
132
112
104
104
112
120
120
132
132
132
132
104
96
80
72
80
80
72
72
64
40
0
-16
-48
-56
-72
-64
-48
-40
-32
-32
-40
-40
-48
-80
-112
-148
-164
-196
-196
-180
-180
-164
-148
-148
-132
-132
-132
-148
-148
-164
-180
-196
-212
-212
-212
-180
-148
-132
-112
-88
-88
-104
-120
-148
-180
-180
-180
-164
-120
-96
-72
-40
-32
-48
-64
-88
-132
-164
-180
-164
-132
-88
-16
32
56
72
80
80
56
40
32
16
0
-32
-40
-40
-8
32
88
148
196
212
196
164
132
148
196
244
244
276
276
244
212
196
196
212
228
196
164
164
148
120
112
132
148
164
148
120
64
0
-40
-80
-120
-132
-120
-148
-164
-180
-180
-180
-212
-228
-244
-276
-308
-356
-356
-372
-396
-356
-356
-340
-308
-276
-244
-212
-196
-196
-212
-228
-212
-164
-164
-132
-96
-88
-64
-32
-8
8
8
8
24
16
16
48
88
132
196
276
372
428
428
428
356
292
212
164
148
164
228
324
396
428
492
524
556
556
524
524
492
460
396
356
340
324
372
460
652
924
1244
1564
1884
2236
2492
2620
2236
1692
1116
460
-96
-588
-988
-1180
-1308
-1436
-1436
-1244
-924
-620
-460
-428
-428
-524
-780
-1052
-1244
-1436
-1628
-1820
-1980
-1980
-1980
-2364
-2748
-3004
-3260
-3260
-3132
-2748
-2108
-1692
-1372
-1116
-780
-556
-524
-620
-716
-876
-1052
-1180
-1116
-844
-524
-164
212
588
844
844
620
340
96
-88
-132
-72
96
428
780
1052
1308
1564
1564
1436
1180
988
844
748
812
1052
1308
1500
1628
1692
1628
1628
1372
1116
748
372
48
-244
-340
-196
72
260
460
652
780
876
924
988
1180
1692
2492
3260
4092
4860
5628
6140
6396
5628
4348
2492
844
-620
-1820
-2492
-2492
-1980
-1564
-1116
-428
428
1180
1564
1500
1244
684
-80
-876
-1500
-1820
-2236
-2748
-3260
-3516
-3772
-4092
-4604
-4860
-5116
-5116
-5116
-4604
-4092
-3132
-2364
-1372
-244
524
748
460
80
-148
-460
-748
-716
-308
-132
-276
-524
-492
-196
-8
-80
-88
164
324
244
276
716
1308
1628
1628
1756
1884
1564
812
-88
-780
-1308
-1756
-1980
-1756
-1116
-356
164
556
988
1180
924
428
-80
-620
-1308
-2108
-2748
-2748
-2620
-2236
-1820
-1052
-148
716
1308
1756
2108
2236
2236
1980
1756
1628
1500
1244
1052
924
924
988
1308
2108
3388
4604
5628
6140
7164
8316
8316
7420
5372
3132
1372
40
-1116
-1692
-1628
-1244
-988
-780
-228
684
1436
1436
924
276
-492
-1692
-3004
-3900
-4604
-4860
-5372
-5884
-5628
-5372
-5372
-5628
-5628
-5628
-5116
-4604
-3900
-3260
-2364
-1820
-1244
-844
-620
-716
-1116
-1436
-1500
-1372
-1052
-588
148
924
1500
1884
2108
2108
1564
844
244
-112
-308
-324
-48
492
1244
1884
2492
3004
3132
2876
1980
812
-212
-1116
-1980
-2364
-2108
-1564
-780
-16
684
1180
1372
1116
492
-228
-1052
-1980
-2876
-3260
-3260
-2748
-2108
-1052
148
1372
2364
3004
3260
3260
3132
2620
2236
1884
1564
1372
1244
1308
1564
1820
1980
2108
2236
2364
2492
2492
2620
3132
4092
5116
5884
6140
6652
7420
7676
6652
4604
1884
-356
-1980
-3260
-4092
-4348
-3900
-3132
-2492
-1820
-844
112
460
72
-492
-1116
-2108
-3260
-4348
-4860
-5116
-5372
-5628
-5628
-5372
-5116
-5372
-5628
-5372
-5116
-4604
-4348
-3644
-3004
-2236
-1372
-620
-88
132
-96
-492
-748
-780
-588
-556
-556
-460
24
812
1244
1436
1500
1436
1180
812
716
1052
1436
1692
1756
1884
2236
2492
2364
2108
1756
1180
356
-396
-684
-684
-652
-396
88
748
1308
1628
1564
1308
988
428
-324
-988
-1436
-1628
-1692
-1436
-812
-16
620
988
1436
1820
2108
2108
1980
1884
1884
1820
1884
1980
2108
2236
2236
2236
2236
1980
1692
1500
1436
1500
1692
2108
2748
3516
4092
4348
4348
4860
5628
6140
5628
3900
1628
-196
-1564
-2492
-2876
-2748
-2236
-2108
-1980
-1692
-1180
-780
-780
-1052
-1372
-1692
-2620
-3516
-4092
-4092
-3900
-3900
-4092
-4092
-4092
-4604
-5116
-5628
-5628
-5628
-5372
-5116
-4348
-3516
-2620
-1564
-524
228
460
260
-16
-56
48
-72
-524
-1180
-1436
-1180
-652
-132
460
1052
1244
1052
924
1052
1564
1884
1980
2108
2236
2364
2108
1820
1500
1116
556
-244
-652
-812
-924
-844
-620
32
716
1244
1436
1500
1436
1116
524
-196
-812
-1308
-1692
-1756
-1244
-356
492
1052
1628
2108
2364
2364
2236
1820
1436
1244
1244
1436
1756
2236
2620
2876
3132
3132
2876
2364
1980
1372
876
652
924
1820
3132
4604
5884
6652
7676
8316
7420
5116
2236
-228
-1820
-2748
-3644
-3900
-3260
-2236
-1372
-652
120
780
748
132
-716
-1436
-2236
-3516
-4604
-4860
-4860
-4604
-4860
-4860
-5116
-5116
-5884
-6396
-6652
-6652
-5884
-5372
-4092
-2876
-1692
-748
-96
292
148
-620
-1628
-2492
-3004
-3260
-3260
-2876
-1980
-780
716
2236
3388
3900
3900
3516
3132
2620
1884
1052
524
120
-228
-292
104
924
1564
1692
1628
1500
1308
1052
812
924
1116
1308
1372
1436
1500
1180
620
-96
-812
-1436
-2108
-2620
-2748
-2364
-1564
-588
460
1564
2492
3004
3260
3260
2876
2236
1180
212
-308
-308
72
716
1628
2620
3516
4092
4092
4092
3900
3388
2748
1980
1436
924
492
356
588
1052
1820
2620
3388
3900
4092
4348
4860
5372
5116
3772
1500
-684
-2236
-3260
-4092
-4348
-4092
-3516
-2876
-2364
-1692
-1052
-524
-324
-428
-588
-1244
-2364
-3644
-4604
-5116
-5372
-5372
-5628
-5628
-5372
-5372
-5116
-4604
-4092
-3644
-3132
-2492
-1756
-1052
-492
-96
56
48
-308
-684
-748
-924
-1116
-1116
-652
-292
-64
428
1372
2236
2748
2876
2748
2364
1692
780
-96
-324
-164
-88
-88
428
1308
1756
1820
1820
1820
1500
780
88
-356
-372
-396
-324
-48
396
924
1052
1116
1244
1244
716
-112
-748
-988
-1052
-844
-340
492
1436
2236
2876
3516
3772
3644
3132
2364
1628
1052
588
308
308
748
1308
1820
2236
2492
2748
2620
2236
1820
1244
844
716
1180
2108
3004
3772
4092
4860
5884
5884
4348
1564
-684
-2236
-3260
-4348
-4604
-3900
-2876
-2108
-1500
-812
164
652
492
112
-308
-988
-2236
-3644
-4348
-4604
-4860
-5372
-5628
-5372
-5372
-5628
-5884
-5372
-4860
-4092
-3388
-2492
-1436
-588
164
716
1052
780
-64
-1116
-1980
-2364
-2620
-2748
-2620
-1980
-844
684
2364
3772
4348
4092
3260
2236
1244
356
-340
-652
-588
-244
120
748
1436
1884
2108
2108
2108
1820
1308
812
524
428
588
780
876
780
588
308
-132
-524
-844
-1180
-1372
-1180
-460
524
1500
2236
2620
2748
2748
2364
1756
1052
308
-340
-716
-652
-132
524
1308
2364
3132
3644
3644
3260
2748
2108
1692
1308
988
924
924
988
988
1116
1052
1116
1372
1820
2108
1980
1980
2364
3388
4348
4604
3772
2108
340
-1116
-2492
-3516
-3900
-3772
-3388
-3004
-2364
-1628
-780
-112
244
260
0
-684
-1692
-2748
-3644
-4348
-4860
-5116
-5116
-4860
-4604
-4604
-4604
-4348
-4092
-3644
-3132
-2492
-1820
-1116
-460
104
396
196
-460
-1372
-2236
-2748
-2748
-2620
-2236
-1980
-1244
-16
988
1692
2108
2364
2108
1564
924
556
356
292
212
308
924
1628
1980
1884
1980
1820
1372
588
-48
-148
-228
-24
428
1116
1884
2236
2492
2364
2492
2364
1692
844
0
-588
-1116
-1372
-1116
-588
8
556
1244
1884
2492
2876
2748
2492
2236
1820
1372
844
620
620
780
988
1244
1436
1564
1692
1692
1628
1500
1180
812
324
164
556
1500
2748
3772
4604
5372
6396
6908
6140
4092
1308
-748
-1980
-2876
-3516
-3388
-2748
-1820
-1244
-556
396
1244
1308
716
96
-428
-1244
-2364
-3388
-3772
-3900
-4092
-4604
-4860
-5116
-5372
-5884
-6396
-6140
-5884
-5116
-4348
-3132
-1980
-812
-120
244
164
-588
-1820
-3004
-3900
-4348
-4604
-4604
-4092
-2748
-924
924
2492
3644
4348
3900
2876
1500
460
-396
-1116
-1372
-924
-40
876
1564
2108
2492
2748
2620
2108
1980
1756
1564
1244
1436
1980
2364
2492
2108
1628
924
-40
-924
-1692
-2108
-2108
-1756
-1052
-32
1180
1980
2364
2364
2236
1820
1180
460
16
-164
-148
148
876
1756
2492
2876
3132
3004
2748
2108
1628
1116
812
844
1180
1564
1980
2364
2492
2492
2236
1980
1564
1500
1756
2236
2748
3132
3260
3772
4604
5116
5116
3900
1980
-372
-2364
-3900
-4604
-4348
-3388
-2108
-988
-80
652
1244
1308
844
32
-876
-1980
-3132
-4348
-4860
-4860
-4860
-4860
-4860
-4860
-4860
-5372
-5628
-5884
-5628
-5116
-4348
-3516
-2492
-1308
-396
96
-8
-556
-1436
-2492
-3388
-3772
-3132
-2108
-1436
-1116
-588
164
588
716
780
1116
1180
812
0
-460
-164
460
876
1436
2492
3260
3132
2492
2108
1564
684
-396
-1116
-1052
-748
-104
588
1564
2620
3260
3260
2748
2492
1820
844
-372
-1180
-1564
-1628
-1372
-748
428
1564
2492
3260
3644
3644
3260
2620
1756
1244
876
620
460
652
1180
1692
2236
2492
2620
2492
2236
1884
1628
1500
1308
1116
988
1180
1500
2236
3132
4092
4348
4604
4348
4604
5372
5116
3516
924
-1116
-2364
-2876
-3004
-2620
-1692
-716
-340
-556
-620
-356
-164
-492
-1180
-1756
-2108
-2364
-2876
-3132
-3132
-3260
-4092
-4860
-5628
-6396
-6652
-7164
-7164
-6396
-5372
-3772
-2364
-1180
-196
396
460
64
-748
-2108
-3516
-4348
-4604
-4092
-3388
-2492
-1052
876
2620
3260
3004
2364
1564
460
-588
-924
-164
988
1980
2620
3132
3644
3772
3004
1980
1372
716
-96
-652
-308
556
1500
2108
2876
3260
3004
2236
924
-112
-652
-876
-876
-556
276
1116
1564
1628
1564
1180
292
-652
-1244
-1244
-780
0
924
1980
2876
3516
3644
3388
2748
1884
876
56
-396
-428
-8
588
1308
2108
2876
3132
3132
2620
1980
1244
556
0
-260
-88
492
1372
2364
3004
3260
3004
3004
3388
3644
3388
2364
844
-844
-2236
-3004
-2876
-2236
-1372
-876
-988
-1372
-1692
-1820
-1820
-1884
-1980
-2108
-2364
-2492
-2620
-2620
-2620
-2876
-3388
-4092
-5116
-5628
-5884
-5884
-5628
-4860
-3900
-2876
-1980
-1436
-988
-844
-988
-1628
-2492
-3260
-3516
-2876
-2108
-1308
-212
1116
1756
1628
1244
988
652
72
-372
-260
396
988
1308
1564
2364
3132
3132
2364
1980
1756
1180
356
80
460
876
1180
1628
2364
3132
3516
3260
2876
2492
2236
1628
988
556
428
96
-324
-492
-292
-64
8
228
844
1756
2492
2876
3132
3260
3132
2620
1980
1308
780
372
96
-16
212
652
924
924
988
1116
1308
1308
1308
1180
924
556
164
72
556
1436
2364
3132
3516
4092
4604
5372
5116
3772
1436
-812
-2364
-3260
-3644
-3388
-2492
-1372
-988
-1372
-1980
-2236
-1980
-1820
-1820
-1884
-1884
-1980
-1980
-1980
-1980
-2236
-3132
-4604
-6140
-6908
-7420
-7676
-7164
-6396
-5372
-3900
-2620
-1308
-556
-372
-716
-1308
-1884
-2492
-3004
-3132
-2620
-1628
-620
196
924
1692
2236
1980
1436
1116
1116
748
340
460
1308
2236
2876
3260
3644
3644
3260
2620
2108
2108
2236
2236
2236
2748
3260
3260
2876
2620
2236
1628
812
148
-32
372
924
1180
1372
1564
1564
1052
524
292
244
40
-148
64
620
1180
1500
1756
1980
2108
1756
1244
748
460
372
308
372
620
876
988
988
924
988
844
716
652
748
924
1052
988
924
988
1052
1308
1628
1980
2108
2108
1692
1692
2236
2748
2876
2492
1628
228
-1308
-2620
-3132
-2876
-1980
-1244
-844
-988
-1436
-1980
-2236
-2236
-2236
-2364
-2748
-3132
-3388
-3516
-3516
-3516
-3772
-4092
-4860
-5372
-5628
-5628
-5116
-4348
-3772
-3132
-2620
-2492
-2364
-2492
-2748
-2876
-3260
-3260
-2620
-1564
-356
396
844
988
716
244
-132
-148
96
396
460
556
748
988
1180
1564
2108
2620
2876
2748
2620
2620
2492
2364
2108
1980
1980
1980
1980
2108
2492
2748
2748
2748
2876
2748
2620
2364
2108
1884
1500
1116
812
716
684
620
620
716
924
1052
1116
1308
1628
1820
1884
1884
1692
1436
1052
652
396
428
524
492
396
212
88
148
308
588
844
844
716
588
524
620
1052
1820
2748
3516
3900
4092
4604
4860
4348
2748
780
-1052
-2108
-2748
-2620
-1980
-812
148
372
-340
-1628
-2748
-3516
-3900
-3772
-3260
-2748
-2364
-2108
-1980
-1980
-2236
-3004
-4092
-4860
-5372
-5884
-6140
-5884
-5372
-4860
-4092
-3644
-3388
-3388
-3644
-3644
-3516
-3132
-2620
-2236
-1756
-1116
-396
148
396
684
1116
1500
1372
988
748
876
988
924
716
924
1244
1436
1308
1436
1980
2620
2876
3004
3260
3516
3132
2364
2108
2108
2108
2108
1980
2236
2236
1692
988
588
588
588
620
684
812
876
588
308
292
396
196
-180
-324
-148
228
460
716
1180
1628
1820
1756
1756
1820
1628
1372
1116
924
716
372
104
80
88
148
324
652
1116
1500
1820
1980
2108
2108
1884
1628
1692
1980
2492
2620
2620
2364
2492
2876
2876
2364
1564
524
-460
-1116
-1436
-1244
-780
-396
-244
-492
-1052
-1884
-2748
-3388
-3516
-3516
-3260
-2876
-2620
-2492
-2620
-3004
-3516
-4092
-4348
-4860
-4860
-4860
-4604
-4092
-3516
-3132
-3004
-3004
-3132
-3260
-3260
-3260
-3004
-3004
-2748
-2236
-1692
-924
-104
396
492
492
460
620
684
780
988
1308
1436
1244
1116
1052
1116
1180
1244
1564
2108
2364
2236
2364
2492
2748
2748
2748
3004
3260
3388
3260
3004
2492
2108
1692
1564
1564
1564
1500
1436
1372
1244
924
556
340
276
276
212
148
148
180
356
620
844
988
924
716
556
428
308
164
32
-96
-228
-308
-228
-24
-24
-16
132
396
588
684
684
652
588
524
684
1052
1500
1756
1884
2108
2620
3004
3004
2620
1820
924
196
-292
-460
-276
-24
112
148
-88
-716
-1628
-2620
-3388
-3900
-4092
-4092
-3900
-3644
-3388
-3260
-3388
-3516
-3516
-3644
-3772
-3772
-3900
-4092
-3900
-3772
-3516
-3516
-3516
-3260
-3004
-2620
-2364
-2108
-1980
-1980
-1980
-1692
-1180
-924
-844
-716
-164
492
1116
1564
1980
2492
2492
2364
2108
2108
2236
1980
1980
2236
2492
2620
2748
3004
3388
3260
2876
2748
2620
2492
2108
1980
1980
1884
1884
2108
2364
2492
2236
2108
1884
1692
1244
844
428
164
32
24
80
64
32
56
212
292
292
196
88
8
32
132
180
244
372
492
620
716
748
556
396
356
396
460
460
524
524
396
340
396
556
428
120
-88
-228
-324
-372
-308
-212
-132
0
260
556
844
988
1052
924
716
428
132
-244
-652
-988
-1180
-1308
-1372
-1564
-1692
-1692
-1756
-1820
-1980
-1980
-2236
-2236
-2364
-2492
-2620
-2748
-2876
-3004
-3132
-3260
-3388
-3388
-3644
-3644
-3644
-3772
-3772
-3644
-3516
-3260
-3004
-2748
-2364
-1980
-1756
-1500
-1180
-924
-652
-428
-244
-56
164
556
924
1244
1564
1820
2108
2236
2364
2620
2748
2748
2876
3004
3132
3132
3132
3004
3004
3004
3004
3004
3132
3004
3004
3132
3260
3388
3388
3260
3132
2748
2492
2236
1884
1628
1372
1180
1116
1052
988
924
812
588
356
56
-260
-492
-684
-844
-988
-924
-844
-748
-652
-524
-356
-292
-244
-228
-276
-428
-620
-844
-988
-1116
-1116
-988
-876
-620
-308
72
340
492
588
556
492
396
292
148
24
-40
-56
-32
-56
-120
-244
-356
-396
-556
-748
-844
-876
-780
-716
-684
-716
-748
-924
-1116
-1372
-1628
-1884
-2108
-2236
-2236
-2236
-2236
-2108
-2108
-2108
-1980
-1884
-1820
-1884
-1980
-1884
-1756
-1628
-1564
-1564
-1564
-1628
-1692
-1756
-1884
-1980
-1884
-1820
-1628
-1372
-1052
-652
-244
228
620
876
1116
1308
1372
1436
1436
1436
1372
1372
1436
1628
1884
2108
2236
2364
2492
2492
2492
2620
2492
2492
2492
2492
2492
2492
2492
2364
2236
1980
1820
1692
1564
1372
1308
1308
1244
1052
988
844
620
340
64
-148
-396
-556
-620
-684
-716
-620
-524
-324
-180
-112
-132
-276
-396
-524
-588
-652
-716
-780
-780
-716
-588
-372
-292
-276
-276
-244
-276
-260
-260
-292
-292
-260
-148
16
228
372
460
524
524
460
324
96
-48
-132
-212
-228
-276
-324
-372
-372
-460
-556
-684
-748
-812
-924
-1052
-1244
-1436
-1692
-1884
-2108
-2108
-2108
-2236
-2236
-2236
-2108
-1980
-1820
-1628
-1564
-1564
-1564
-1564
-1564
-1628
-1564
-1564
-1564
-1436
-1116
-844
-524
-148
228
620
924
1052
1180
1244
1436
1564
1692
1756
1756
1756
1820
1980
2108
2108
2108
1980
1980
1980
2108
2108
2108
2108
2108
1980
1980
1820
1692
1564
1500
1372
1180
1052
924
748
620
524
428
260
104
-32
-132
-308
-524
-652
-876
-1052
-1180
-1244
-1180
-1116
-1116
-1116
-1116
-1052
-1052
-988
-924
-780
-652
-492
-276
-132
-64
-40
-64
-80
-180
-396
-524
-588
-588
-492
-396
-180
96
372
716
1052
1244
1308
1372
1308
1116
780
356
72
-148
-276
-212
-112
-104
-88
-48
-8
16
32
-40
-164
-292
-460
-620
-780
-988
-1180
-1244
-1244
-1244
-1180
-1116
-1052
-1116
-1116
-1116
-1116
-1180
-1244
-1180
-1116
-988
-844
-684
-524
-428
-460
-492
-524
-460
-372
-396
-428
-396
-292
-88
104
276
524
748
988
1180
1372
1436
1500
1436
1372
1244
1180
1052
924
780
716
684
748
924
1052
1180
1180
1116
988
988
924
924
876
780
684
524
396
340
260
104
-16
-196
-324
-460
-524
-556
-588
-588
-556
-524
-428
-292
-180
-148
-164
-228
-276
-372
-460
-556
-684
-748
-812
-780
-716
-652
-524
-428
-340
-180
-112
-48
16
72
112
132
196
276
324
244
180
132
96
164
244
276
292
292
260
260
260
292
372
428
460
460
428
396
260
112
-24
-164
-308
-460
-588
-684
-652
-556
-428
-356
-292
-276
-244
-196
-228
-340
-492
-620
-748
-812
-844
-812
-780
-780
-812
-844
-844
-748
-588
-396
-228
-120
-88
-56
0
40
72
40
-32
-80
-88
-16
132
308
524
748
924
1052
988
876
748
588
460
356
372
460
684
924
1180
1372
1500
1436
1244
924
652
356
104
-80
-120
-96
-8
212
396
492
524
492
356
180
-72
-372
-684
-924
-1052
-1052
-924
-716
-556
-460
-396
-372
-396
-492
-524
-588
-556
-524
-556
-556
-492
-396
-276
-132
-56
-96
-96
-8
32
88
104
112
72
104
112
104
196
228
324
428
524
588
620
652
620
588
556
524
428
292
260
212
104
0
-72
-96
-112
-48
0
40
64
16
-80
-180
-276
-356
-396
-492
-524
-524
-492
-492
-492
-460
-460
-428
-460
-556
-652
-748
-924
-988
-988
-924
-924
-812
-652
-492
-292
-64
148
292
460
588
588
588
524
396
260
148
80
0
-88
-48
72
164
260
372
460
588
684
780
844
876
924
988
988
924
876
780
652
524
396
228
64
-32
-120
-164
-120
-48
0
104
244
356
460
460
396
292
164
0
-196
-356
-460
-524
-556
-524
-428
-292
-164
-40
64
112
104
24
-64
-164
-228
-340
-356
-308
-260
-196
-180
-120
-32
0
0
-56
-80
-16
40
96
180
276
356
428
492
524
428
228
-8
-292
-492
-684
-748
-684
-588
-428
-212
-16
132
244
260
228
112
0
-132
-260
-428
-428
-428
-460
-492
-524
-556
-588
-620
-716
-748
-780
-748
-684
-620
-588
-524
-396
-244
-180
-96
-56
-72
-112
-148
-196
-308
-428
-588
-684
-748
-716
-556
-396
-96
212
524
812
1052
1180
1180
1052
844
652
492
292
228
276
428
620
812
924
1052
1116
1180
1180
1052
924
716
524
396
372
356
324
276
148
48
8
-48
-120
-244
-396
-428
-356
-212
-104
-24
56
88
32
-24
-104
-244
-356
-396
-428
-460
-396
-308
-260
-132
0
96
148
228
292
276
260
244
292
324
356
396
372
372
396
356
324
276
244
276
324
428
524
556
588
556
460
396
308
132
0
-180
-372
-524
-684
-684
-652
-524
-428
-372
-372
-372
-396
-492
-620
-748
-812
-924
-988
-1052
-1052
-1052
-1052
-1052
-988
-988
-988
-924
-924
-876
-876
-844
-780
-716
-652
-588
-492
-428
-356
-308
-260
-196
-132
-64
0
104
196
308
340
396
428
524
588
620
716
748
780
844
924
924
924
924
924
988
988
1052
1052
988
988
924
844
812
716
620
524
396
324
260
180
56
-32
-64
-64
-88
-180
-244
-308
-324
-244
-164
-148
-164
-148
-148
-64
-16
-24
-80
-212
-324
-356
-340
-308
-276
-292
-228
-120
64
180
292
396
396
428
460
428
396
340
276
276
340
308
276
212
120
96
104
104
120
132
132
112
88
104
16
-112
-196
-308
-372
-396
-396
-372
-396
-460
-492
-460
-460
-492
-524
-652
-780
-876
-924
-924
-844
-812
-812
-716
-652
-588
-492
-492
-524
-620
-652
-716
-748
-684
-652
-556
-428
-244
-48
164
260
324
340
308
308
292
260
308
372
428
556
716
924
1052
1052
924
780
652
556
460
428
492
524
620
716
844
988
988
876
684
460
276
132
24
-56
-196
-260
-244
-228
-148
-72
-16
32
72
132
164
148
80
8
-40
-132
-180
-244
-340
-396
-460
-492
-524
-524
-492
-396
-244
-72
88
180
276
308
324
324
308
260
164
64
0
-32
-104
-148
-132
-132
-132
-88
-56
-40
24
132
212
308
372
372
324
196
40
-164
-396
-556
-684
-716
-684
-620
-524
-396
-356
-292
-244
-292
-372
-396
-492
-620
-620
-620
-652
-620
-556
-524
-396
-308
-292
-308
-356
-372
-396
-396
-356
-292
-228
-80
56
180
292
340
324
308
276
292
372
460
556
652
716
812
844
812
844
812
716
652
652
716
844
924
924
876
844
812
716
620
492
356
260
212
228
292
340
356
340
276
196
88
-24
-212
-340
-428
-460
-396
-356
-292
-228
-228
-228
-228
-260
-308
-396
-492
-556
-588
-524
-492
-460
-372
-292
-212
-164
-120
-112
-104
-56
-80
-180
-260
-324
-356
-340
-292
-292
-308
-260
-228
-148
-48
16
120
180
196
196
212
132
64
-32
-164
-260
-340
-372
-324
-260
-164
-88
-104
-64
-72
-112
-164
-180
-276
-428
-492
-492
-372
-244
-80
0
0
-56
-148
-212
-308
-372
-428
-460
-460
-396
-292
-228
-196
-212
-180
-148
-132
-112
-96
-104
-64
24
112
244
396
524
620
684
716
748
684
620
460
372
324
356
460
588
716
812
876
988
1052
988
924
844
716
588
428
324
308
276
276
324
324
308
244
196
164
164
180
148
72
0
-32
-104
-148
-180
-276
-308
-324
-324
-340
-356
-324
-340
-356
-396
-428
-492
-460
-492
-492
-460
-356
-244
-132
-16
-40
-16
-112
-228
-372
-524
-684
-684
-684
-556
-356
-164
80
244
324
276
164
-24
-196
-324
-356
-340
-308
-196
-64
104
308
428
372
260
64
-112
-292
-460
-556
-556
-492
-356
-196
-48
56
132
212
212
132
16
-112
-260
-356
-428
-428
-396
-428
-460
-428
-396
-396
-308
-260
-196
-148
-96
32
112
180
228
260
244
164
132
96
32
64
120
180
292
428
556
652
748
844
876
844
748
652
524
428
428
460
460
460
460
460
460
492
460
428
396
324
396
428
460
492
492
492
428
292
88
-88
-324
-524
-652
-716
-716
-588
-396
-228
-48
104
196
164
428
276
-228
-524
-652
-748
-1052
-1116
-988
-620
-492
-684
-716
-356
-132
-228
-276
-72
148
-8
-104
40
276
228
64
112
324
276
104
-24
-48
-80
-132
-104
-40
-8
-80
-72
16
112
120
64
24
72
112
72
32
-64
-132
-260
-428
-556
-588
-556
-620
-556
-428
-340
-340
-276
-164
-132
-148
-164
-196
-292
-372
-428
-372
-260
-212
-148
-32
8
40
64
132
148
96
48
72
132
148
260
428
588
684
684
716
748
748
748
716
716
684
652
620
620
652
652
684
684
716
748
684
620
556
460
372
244
132
48
-32
-148
-196
-148
-148
-196
-212
-148
-72
-64
-120
-148
-132
-212
-292
-324
-356
-428
-428
-428
-396
-292
-260
-212
-196
-148
-164
-276
-372
-356
-308
-292
-308
-244
-212
-212
-212
-164
-164
-180
-244
-292
-228
-132
-32
-24
56
148
260
356
396
308
148
16
-132
-260
-372
-460
-460
-396
-308
-196
-132
-72
-72
-164
-260
-292
-396
-492
-524
-524
-492
-396
-308
-244
-196
-196
-228
-244
-324
-356
-356
-340
-276
-196
-88
8
132
164
180
148
104
72
16
-8
24
120
212
356
492
620
684
716
716
684
620
556
524
524
492
460
492
524
620
620
588
588
524
460
460
492
460
396
340
396
396
428
372
324
276
180
24
-112
-212
-276
-324
-396
-428
-356
-244
-132
-32
16
48
24
-64
-120
-212
-228
-340
-396
-428
-428
-340
-260
-164
-80
-16
-40
-40
-32
-56
-132
-164
-196
-196
-196
-180
-164
-196
-164
-96
-48
-32
-8
-56
-132
-180
-180
-260
-308
-292
-324
-356
-292
-228
-164
-132
-164
-132
-164
-212
-276
-276
-212
-196
-244
-228
-164
-164
-228
-340
-340
-356
-460
-524
-492
-372
-276
-180
-56
56
164
148
132
132
88
-24
-164
-180
-132
-16
56
196
308
428
492
524
556
588
556
492
460
396
396
372
372
372
492
588
652
748
844
844
780
684
524
276
104
-16
-96
-48
-32
16
148
340
460
460
428
356
244
64
-132
-308
-396
-396
-428
-356
-180
-48
-8
-40
-32
24
32
-148
-356
-428
-460
-524
-492
-428
-260
-164
-148
-80
16
132
88
-32
-132
-260
-372
-428
-524
-460
-372
-260
-244
-196
-24
56
80
-32
80
40
-104
-260
-356
-356
-396
-460
-524
-396
-292
-196
-196
-64
40
56
-16
-16
96
148
64
-72
-40
-48
-40
-164
-244
-196
-148
-212
-260
-148
32
56
40
148
324
396
356
228
276
324
244
148
64
164
212
244
212
340
396
340
292
340
396
396
292
228
276
340
396
492
684
716
620
524
492
396
212
0
-96
-132
-132
-96
-56
-32
32
132
212
308
308
260
112
-8
-64
-132
-212
-276
-372
-324
-324
-308
-260
-244
-180
-132
-132
-164
-196
-244
-292
-372
-340
-324
-292
-324
-292
-196
-164
-180
-180
-180
-260
-292
-356
-308
-260
-228
-292
-292
-324
-292
-212
-148
-120
-104
-112
-244
-244
-292
-292
-308
-260
-196
-32
-24
-64
40
120
164
48
88
40
0
-88
-212
-164
-88
0
-16
64
148
132
64
-56
0
132
212
112
196
340
396
356
372
428
396
324
164
56
64
180
48
0
72
164
228
196
372
460
428
396
276
164
212
292
148
56
104
260
260
244
228
228
340
260
228
244
428
340
196
48
56
132
-24
-148
-180
-96
-228
-212
-180
-48
32
40
96
72
148
24
-24
-212
-196
-212
-292
-356
-356
-228
-292
-244
-244
-148
-244
-260
-244
-260
-80
-120
-148
-40
112
196
212
132
96
72
104
-40
-196
-372
-356
-492
-652
-556
-460
-356
-428
-356
-164
80
164
196
164
308
324
180
148
148
104
-72
-212
-340
-372
-244
-276
-372
-180
48
72
32
120
244
396
292
164
104
212
180
-148
-324
-244
-120
-180
-308
-260
-132
-16
-56
-164
-112
8
-24
-64
56
180
324
244
164
164
228
244
-24
-120
-80
24
8
-104
-24
64
212
276
212
244
396
356
292
132
104
212
8
-24
-180
-32
-8
-56
-104
-32
120
164
132
80
276
292
260
24
120
96
0
-104
-228
-104
-112
-148
-180
-228
-180
-132
-132
-32
40
56
-48
-96
-32
120
64
64
-120
40
64
-96
-112
-148
-24
-180
-308
-428
-260
-132
-64
8
132
340
276
372
524
524
460
148
148
228
96
-104
-212
-132
24
-80
-148
-8
276
492
80
112
356
428
276
24
164
460
492
276
48
308
292
-24
-180
-396
-292
-428
-588
-620
-460
-212
-132
88
308
244
212
228
228
16
-276
-260
-244
-460
-492
-716
-428
-196
-356
-308
-372
64
8
-212
-148
-96
72
-180
-308
-228
-16
-104
-372
-276
-96
48
-212
-228
-72
228
164
-96
24
96
212
-80
-48
-24
148
32
-164
-112
-8
96
-64
64
228
276
180
228
356
620
524
324
396
428
356
-72
-196
-180
-180
-196
-340
-356
-24
164
148
112
164
228
196
164
-112
-40
-32
-180
-308
-524
-292
-356
-324
-260
-292
-56
-104
-132
-148
24
148
80
0
-64
0
32
148
-88
-80
96
148
-40
-120
96
180
148
104
148
324
524
292
120
164
356
132
96
72
104
340
88
-16
212
524
228
-8
228
308
120
72
24
88
212
-72
-276
-56
228
180
-80
48
212
196
-112
-492
-340
-72
-24
-372
-460
-196
80
-56
-428
-492
56
212
-40
-164
-148
0
64
148
-260
-228
164
212
-180
-428
-292
-212
-88
-164
-164
8
260
180
24
308
396
244
180
164
276
196
24
64
-56
8
-32
16
8
-64
180
40
24
-48
88
164
-80
-88
40
308
-72
-16
-8
16
132
-96
-324
-460
8
-148
-460
-428
-308
-196
-148
-80
-196
-132
40
-104
-260
-396
-148
-88
-356
-196
-164
0
-56
-48
-120
56
244
-80
-340
-132
112
-32
-132
-372
-8
-48
-32
80
72
340
260
16
0
212
372
132
-164
356
164
180
132
16
460
112
104
48
48
148
-164
96
196
164
96
-16
356
292
260
0
-180
212
260
-48
-120
24
276
132
-164
-56
180
340
-24
-180
64
308
132
-72
-40
56
260
260
-48
0
260
164
112
32
112
80
196
148
-24
148
356
228
-88
112
276
0
-24
-228
-260
-64
-40
-80
-260
40
48
-32
-40
-212
-32
-56
-292
-276
-276
-180
-180
-260
-340
-308
-32
-196
-460
-372
-292
-88
-228
-460
-372
-276
-96
-396
-556
-276
80
8
-308
-340
132
148
-228
-244
-120
228
80
-112
-212
32
180
-148
-260
-64
164
64
-148
-48
212
196
96
-16
132
308
260
164
132
228
396
164
0
120
260
356
112
112
372
340
148
-16
164
308
292
212
48
-24
96
96
-40
-132
-56
104
180
-72
-180
0
0
80
120
-24
24
212
64
-8
-132
24
196
212
0
-324
64
164
-164
-212
8
428
260
148
96
164
356
72
24
64
228
276
120
-48
112
112
164
8
16
164
40
104
-120
-16
72
-112
-132
-88
8
-244
-372
-112
32
-132
-428
-324
-212
-132
-372
-372
-164
-148
-428
-620
-260
-48
-180
-396
-396
-132
72
-228
-492
-396
-132
-180
-460
-428
-260
-212
8
-148
-164
112
80
132
-180
-132
164
164
-16
-324
-16
292
180
-180
-180
120
356
148
-112
148
292
372
212
72
276
356
228
228
324
396
260
212
88
180
212
24
-8
40
212
132
356
396
356
212
148
396
56
-24
-104
276
212
0
-24
80
428
16
-132
132
244
72
-80
-180
64
260
-132
-212
0
32
-164
-324
-16
8
16
-228
-164
180
-64
72
-244
48
148
-228
-120
-212
-16
40
-132
-324
-244
104
-24
-324
-88
40
196
-132
-196
56
244
80
-260
-244
-164
-96
-196
-244
-196
132
32
-40
120
64
164
32
0
-196
-244
-132
-292
-180
-244
-164
-88
8
-64
-212
148
16
-8
-196
-120
16
-148
16
-276
16
212
132
-16
-196
132
-80
-112
-308
-164
-132
-132
-148
-148
308
56
120
72
372
428
56
96
-24
228
-132
-356
-80
-64
0
132
228
196
396
308
228
180
132
244
212
196
-16
64
372
180
24
104
228
292
212
104
32
164
180
132
196
260
164
292
72
-112
88
-96
112
-88
-324
-132
-212
88
-164
-228
-96
32
260
-88
-244
-40
-40
132
-196
-308
-72
-64
48
-492
-244
-132
-260
-148
-492
-308
-148
-180
-196
-460
-180
180
56
-88
-212
-16
212
-40
-308
-148
-132
-24
-96
-196
8
164
-16
-80
112
196
132
-212
-64
0
164
0
-308
228
112
164
132
148
428
372
164
-8
276
372
0
-228
-32
276
244
-32
0
260
428
228
164
96
212
132
-260
96
308
56
-120
-8
292
196
48
-88
-212
260
96
-324
-324
-132
96
-56
40
-32
72
260
112
-212
-180
132
-244
-396
-308
-276
-88
-180
-260
-148
40
132
-16
-16
88
-8
-120
-180
-148
-72
-132
-80
-180
-148
-8
-88
-88
-88
-132
-96
-212
-292
-132
-180
-48
-96
-8
212
132
148
164
164
132
-132
-148
-32
-196
-524
-460
-40
16
80
24
48
260
120
-16
-64
-8
120
-8
16
196
396
588
112
16
196
324
148
-180
-96
-24
132
196
-48
-8
324
372
228
396
196
148
212
-64
-8
48
180
-24
88
276
132
120
-132
-148
88
88
-112
-32
-16
-196
-340
48
40
-32
-120
-148
24
16
-80
-244
-164
-148
0
-112
-196
-212
-180
-72
40
32
80
-120
0
8
-148
180
-180
-48
-80
-80
132
-80
40
0
-180
196
132
64
104
-40
212
164
180
180
48
96
120
48
32
132
88
-64
-40
-24
56
-180
-324
-260
-64
-32
-88
96
-120
-148
72
244
112
-32
-48
-56
-32
-180
-396
-492
-460
-324
-460
-112
260
-56
180
104
48
180
-8
-56
-324
-64
112
-112
212
-24
24
460
292
276
324
88
88
-132
-196
72
-112
148
88
212
460
340
396
132
148
260
104
-24
-64
-244
-260
88
80
-164
-120
196
276
24
-132
-276
-148
-244
-460
-396
-340
-72
-180
-308
104
-24
96
132
-460
56
-80
-120
-148
-492
40
48
96
112
-64
324
228
56
-40
-196
-8
-64
16
-104
64
524
148
132
308
228
228
-8
40
0
88
180
-228
-88
244
196
276
164
132
228
24
48
-196
-132
-112
-324
-148
-40
32
32
-212
-16
0
-212
-88
-244
-308
-244
-212
-212
-276
-88
-16
0
132
148
16
32
180
-80
-132
80
-148
-244
-196
-132
0
104
16
8
164
292
260
340
-40
-32
428
244
104
40
212
292
324
132
-56
260
228
-88
-260
-120
64
-8
-260
40
260
164
324
-56
112
132
148
0
-588
-164
-260
-228
-148
-308
-48
164
164
88
-112
-16
-32
-88
-48
-396
0
-32
-212
-16
80
324
64
-24
64
-8
64
-8
-164
0
56
-40
48
164
120
260
260
104
80
-164
-276
-180
-72
-340
-340
48
196
212
196
308
356
196
212
-112
-212
-32
-340
-324
-276
-112
-104
-228
56
40
72
164
16
-112
-228
-180
-16
-32
-164
-32
96
16
104
132
-148
-244
-228
-96
-308
-324
-40
-148
-96
40
132
48
260
0
-80
112
88
-8
-428
-164
-96
-196
72
-24
48
56
40
260
212
0
-132
80
148
56
16
-24
-72
56
104
88
180
148
-8
-148
48
228
72
-112
-24
104
276
460
260
64
212
324
148
112
80
24
-120
-16
72
-24
88
164
308
396
292
276
228
16
-88
-72
132
180
-48
-308
-212
112
80
-104
-276
-164
64
72
-16
-180
-228
-80
-196
-72
8
-32
-72
-40
24
0
-8
-212
-228
-164
-180
-244
-148
-104
-292
-164
-48
-72
48
-40
-308
-164
16
16
-88
-228
-164
-104
-64
-88
-164
32
132
8
0
8
-16
0
-120
-112
-56
32
-32
-80
72
132
56
-32
32
180
112
-148
16
64
-132
-16
-24
-72
40
132
-72
-120
292
196
96
180
196
96
148
276
40
24
132
228
104
0
40
40
48
56
48
120
244
148
96
0
132
244
180
8
-48
148
196
132
0
24
72
112
-24
-260
-148
-32
-96
-164
-120
48
96
-56
-40
88
196
164
24
-64
16
-8
-180
-260
-228
-292
-104
-212
-180
8
-120
-112
-148
-8
48
8
72
-40
24
16
-196
-24
-8
-120
-104
-16
-40
-132
0
-24
-180
-104
8
-88
0
24
-164
-64
24
-72
-120
64
148
-48
0
24
-40
104
-40
-276
-56
32
32
-72
0
40
-32
112
24
40
40
-64
-40
0
56
32
-112
-48
-24
8
32
88
164
112
212
212
148
132
48
-88
-132
-112
-120
-8
0
-56
16
112
212
40
-16
32
8
80
-96
-244
-8
132
72
-24
64
212
120
40
-56
-8
228
56
-64
-8
-8
148
80
-32
24
80
148
-8
-104
-48
-16
88
40
-48
48
120
48
-72
-48
24
-40
-56
-40
48
180
96
-24
-16
56
88
8
-80
-96
-104
-56
-104
8
32
16
164
148
196
180
132
80
-24
8
-16
-72
-24
-32
8
96
16
16
0
32
96
-48
8
32
-72
-48
-32
0
64
-56
-64
-72
-132
-56
-120
-180
-260
-196
-196
-212
-212
-228
-148
-32
-24
-24
-16
72
112
8
-40
-40
40
-24
-132
-112
-16
0
8
0
-16
0
0
-8
0
64
148
132
96
-8
-32
48
-64
-132
-164
-212
-88
-16
-104
-64
96
72
148
112
88
32
-16
-56
-180
-112
-112
-148
-132
-72
-56
-112
-16
48
-16
-32
-48
104
96
8
-56
-40
56
24
0
8
48
120
64
-24
96
40
0
-24
-40
88
80
88
56
112
196
132
80
72
132
212
244
228
244
196
88
88
0
8
48
32
8
56
88
-16
-8
72
48
120
132
24
88
132
72
56
0
0
0
-24
-64
-64
32
-40
-148
-88
24
40
-24
-64
-8
120
64
-16
8
24
0
0
-24
-88
-96
-40
-56
-40
40
48
0
-56
-48
-88
-40
-16
-80
-104
-8
24
40
8
0
48
-8
32
24
-48
-112
-132
-120
-88
-88
-24
-56
-24
32
0
40
-32
-48
-112
-164
-164
-180
-132
-164
-164
-40
-24
-8
-32
-80
-8
-16
-88
-132
-104
-24
-16
0
0
-40
-16
-24
-48
0
-32
-148
-80
16
-32
-56
-56
-48
-32
0
-32
-8
96
80
-8
8
48
32
16
-32
-8
104
148
0
-56
32
88
64
-48
-32
32
24
-24
32
120
80
16
-16
56
56
0
-80
-104
-32
0
72
32
8
32
56
48
-40
-48
-48
-24
8
0
72
120
96
104
132
180
212
132
80
80
112
96
32
32
180
180
112
148
88
148
180
120
48
64
96
112
112
180
212
120
64
32
48
-8
-8
0
-112
-8
80
112
96
72
96
40
48
-32
-132
-180
-244
-260
-180
-164
-120
-8
-24
-32
-8
-24
-96
-132
-148
-148
-164
-244
-196
-96
-32
-40
8
8
-8
-8
-32
-16
-104
-180
-196
-148
-96
-104
-132
-112
-56
-40
48
64
48
16
8
24
16
32
16
-32
40
56
0
8
0
0
24
-16
-88
-88
-148
-132
-32
-40
-32
16
-8
-72
-72
-48
-96
-120
-164
-244
-212
-196
-244
-228
-72
8
40
88
104
112
64
8
-132
-148
-132
-112
-72
-32
40
80
132
180
244
260
260
244
196
180
164
164
180
196
212
244
260
260
212
148
88
56
72
48
48
80
32
64
120
148
180
164
132
112
80
8
-80
-180
-196
-228
-212
-132
-120
-88
-32
-16
24
40
40
24
-16
-48
-80
-80
-80
-64
-72
-64
-32
-8
24
0
16
-16
0
0
0
-8
-40
0
16
48
72
88
80
88
112
80
96
112
48
8
0
-56
-56
