 2.9138664  1.7076201  0.9842885  1.1827518  1.9747303  2.1793954  1.7875046  1.0504224  0.3929999  0.0298086  0.0331144  0.0388045 
 2.6661386  1.7773863  1.2714426  1.1781437  1.6355427  1.7370510  1.1450823  0.4806537  0.1906827  0.1196686  0.1374613  0.0296683 
 2.6705288  1.7997620  1.2572849  0.9879145  1.2345158  1.4530222  1.4024414  0.9599425  0.3582276  0.0118142  0.0216629  0.0098098 
 2.3660356  1.7072585  1.7288155  1.0765825  0.6286536  1.1828926  1.4189869  0.3637173  0.5133820  0.2569024  0.1541946  0.0276509 
 3.4674982  1.2264674  0.1014955  1.0616228  1.8453192  1.2566984  1.3527156  1.6494384  1.0440731 -0.0390622 -0.2260605 -0.0448750 
 3.0680537  1.6062340  0.6665031  0.5393925  1.0672794  1.5511890  1.9366073  1.5277166  0.6109770 -0.0733614 -0.0983910 -0.0307417 
 2.4869828  1.8547400  1.7689192  1.3532235  1.2233124  1.1846818  1.4573384  1.2319182  0.9042859  0.3849417  0.1512970  0.0283162 
 2.4895329  1.7524861  1.5884654  1.3242876  1.0276517  0.7079980  0.8971602  1.1262077  0.6531270  0.0916372  0.0618294  0.0208464 
 2.6386053  2.3630052  2.1979810  2.0391194  1.8903000  1.5954080  1.2826083  0.8807299  0.5624826  0.3258290  0.1732796  0.0469942 
 2.4548599  2.0466884  1.8553704  1.6060117  1.4515225  1.2484876  1.0394079  0.7963575  0.5700995  0.3412949  0.1697313  0.0312375 
 2.6998870  2.3734546  2.2103264  1.9392179  1.6332824  1.1826080  0.8216313  0.5497427  0.4055338  0.2576411  0.1570234  0.0257076 
 2.4765754  2.0229255  1.7687976  1.4772165  1.2555233  1.0419866  0.8056115  0.5669648  0.3494288  0.1960180  0.1213447  0.0157993 
 2.4741631  1.9699800  1.7724166  1.2621189  0.9896168  0.8086334  0.7304482  0.6366400  0.6425474  0.4097588  0.1975681  0.0321273 
 2.9238751  2.0188055  1.4082722  1.0696439  0.7133472  0.1017863  0.2239596  0.6401797  0.7176302  0.3252140  0.1703435  0.0370391 
 2.3691696  1.1134815  0.9635880  0.3558605 -0.0118315  0.0304821  1.2472486  0.9147391  1.0580986  0.0864441  0.0803213  0.0284350 
 2.6492228  1.7834424  1.1740383  0.4013219  0.3625737  0.7258468  0.8869118  0.8048847  0.4867164  0.1883886  0.1218723  0.0167054 
 2.0767071  0.9542450  2.0795852  1.0517064  0.6095048  0.3029878  1.6406476  1.2059242  0.2423635  0.2167218  0.1516829  0.0177593 
 0.5103348 -0.4615993  2.8941284  1.3208950  1.2281662 -0.4393234  1.1454248  1.2958423  0.7613757  0.3084447 -0.0547542  0.0135952 
 0.2946674 -0.3187858  3.0408794  1.2286951  0.8647625  0.4050133  1.3573269  0.6278458  1.3733267  0.2508256 -0.1491263  0.0206438 
 0.2100896 -0.7966939  2.7217189  1.3057770  0.3926492 -0.4751874  0.8961179  0.3888789  1.1172115  0.3603381 -0.0673100  0.0186967 
 0.6444398 -0.7556832  2.7179059  1.4086158  0.0585993 -0.3979791  1.8812412  1.1491171  0.9278362  0.2508789  0.0038505  0.0045749 
 0.6256967 -1.1126213  2.3367298  0.7591646 -0.4194606 -1.0701484  1.3252416  1.0897376  0.4804393  0.5747679  0.0936375 -0.0148082 
 1.9744963 -0.7249212  1.0198178 -0.6399422 -0.8450247 -0.8833061  0.7913167  1.2677673  1.1954414  0.2628008 -0.2070900  0.0330638 
 3.3472540  1.7704470  0.7610032  0.1054881 -0.1826092 -0.6536257  0.0212833  0.5677008  0.8733693  0.3225203  0.1411096  0.0350737 
 2.9109259  2.5506193  2.3152572  1.9081841  1.4518652  0.8193987  0.4403445  0.1699378  0.0771240  0.0181112  0.0742899  0.0038832 
 2.6224386  2.1377044  1.8578775  1.4296610  1.0358954  0.6834445  0.4274941  0.3007859  0.3350974  0.2305160  0.1595520  0.0244948 
 2.9166115  2.3553495  1.9471343  1.2851234  0.7857109  0.2245360 -0.0198146 -0.0851967  0.0534917  0.0872816  0.1367967  0.0278904 
 2.6494434  2.0043680  1.6417459  0.9565043  0.7825606  0.6964419  0.7506773  0.3621057  0.0449754  0.0438019  0.1193761  0.0234983 
 2.7621385  1.0942150  1.0892393  1.8713700  1.7623993  0.5742216  0.6404365  1.2538864  1.2611833  0.2251726 -0.1052993  0.0038933 
 2.1544016 -1.1501022  0.7627262  1.6578236  0.6716529 -0.9716695  0.1437141  1.2133310  1.5786918  0.2758191 -0.0880433  0.0384561 
 3.6000534  2.5272521  1.5639266  1.0197533  0.1739422 -0.8793816 -0.8064563 -0.0747142  0.3243528  0.1331456  0.1454379  0.0542760 
 2.5278582  1.7600389  1.2428386  0.4350406  0.0556505  0.1196004  0.3207942  0.2424333  0.2141633  0.0969865  0.1305351  0.0383824 
