 3.4077166  1.2941449 -0.1678833  0.4604231  1.9419686  2.4061205  1.8901144  0.9311516  0.0100450 -0.3771283 -0.1623946 -0.0008330 
 3.1622896  1.7636629  0.5870503  0.3840562  1.1734469  1.7542848  1.8557942  1.0829468  0.1786038 -0.2919451 -0.1534216 -0.0306645 
 2.6725136  1.7082651  1.1510394  1.1294390  1.7361018  1.8582932  1.5032250  0.6938094  0.0786663 -0.1441403 -0.0115247  0.0142608 
 2.6638749  1.7396545  1.2437788  0.5977494  0.8543234  1.0768745  1.2567598  0.7041788  0.2429915 -0.1001085 -0.0419713 -0.0361215 
 3.6146700  1.4059719 -0.4279475 -0.6350032  0.8771420  1.6637126  1.4585942  0.5272057  0.0470173 -0.1610153 -0.0819115 -0.0449529 
 4.3599455  1.8545501 -0.5326685 -0.8106052  0.4209147  0.9263569  0.5376907  0.0935134  0.0629738  0.1394644  0.1087593 -0.0183403 
 3.5230948  2.2821159  0.9476354 -0.1985947 -0.3954903 -0.2030793  0.1072310  0.2373373  0.2576035  0.1164285  0.0697586 -0.0312747 
 1.6331967  0.3815550  1.2805019 -0.1488325 -0.2900570 -0.1506066  1.2559458  0.4433404  0.3253354  0.1421340  0.1529095 -0.0153740 
 2.4087410  2.0516294  2.0159306  1.7087347  1.6525300  1.3735677  1.1789602  0.8182204  0.5842939  0.2896767  0.1505489  0.0318078 
 2.4422524  2.0174144  1.8597506  1.5182977  1.3027586  1.0521497  0.8390152  0.5987389  0.4234236  0.2398694  0.1272663  0.0127885 
 2.7179356  2.3699061  2.2216444  1.8570247  1.5477813  1.0000208  0.6021567  0.2555751  0.0890581 -0.0050153  0.0063023 -0.0184358 
 2.4683549  1.9013777  1.7647302  1.1776832  0.9392622  0.6425617  0.4209059  0.2203198  0.1425563  0.0560970  0.0713326 -0.0181230 
 2.0356623  1.3353215  1.7662623  1.0988924  1.7432749  0.3746315  1.0473288  0.6623002  0.5639776 -0.0156965  0.1108272  0.0018184 
 1.8539716  1.0695933  1.6232613  0.4580928  1.3069618 -0.1481505  0.9542627  0.2208796  0.0715822  0.0253944  0.1088221 -0.0100744 
 1.9448582  1.2764355  1.8090771  0.8483889  1.3883840  0.9140391  1.2571286 -0.0915306  0.4389409  0.0931406  0.0993635 -0.0024784 
 1.7811709  1.0219765  1.6435653  0.5429040  0.6827198  0.2599375  0.7347306 -0.4838550  0.3684262 -0.0545591  0.0826592 -0.0121629 
 3.3734944  3.0308175  2.6022229  2.0925566  1.4120202  0.5351392 -0.1607453 -0.5167315 -0.5312696 -0.3450961 -0.0835900 -0.0698481 
 2.7958193  2.3115438  1.9916491  1.4091397  0.9411711  0.3852537  0.0388410 -0.2255959 -0.2462287 -0.1807734 -0.0597489 -0.0456859 
 3.5708445  2.6934865  1.7039061  0.8221216  0.2293598 -0.3643150 -0.6884694 -0.7881524 -0.5111410 -0.1773104  0.0775794  0.0040949 
 3.0659135  2.3069016  1.6920184  0.7866659  0.3077344 -0.2242265 -0.1682014 -0.0807737  0.1524512  0.1610881  0.1562306  0.0031435 
 1.4994472 -2.1245502  0.3568130  2.5912042  1.4346490 -1.3872895 -0.4476487  0.8996268  0.7980467 -0.1247603 -0.0639961  0.0269340 
 1.8349120 -0.0634626  2.2056088  2.5708842  0.6483596 -0.3527729  1.6203982  1.0569710  0.3251332  0.1569077  0.2070307  0.0113783 
 2.5221636  1.8905900  1.6809479  0.9817955  0.7250545  0.6047048  0.7487356  0.6786056  0.7388899  0.4086210  0.2095697  0.0023566 
 1.8558043  1.0850523  1.5943262  0.6269027  1.3237725  0.2030191  0.2065040  0.0965086  0.7359509  0.0229678  0.0917064 -0.0145829 
 0.2548648 -1.5362603  2.2019489  1.6942445 -1.4728806 -1.1658116  1.7103217  0.4246903 -0.2301695  0.1864008  0.2106995 -0.0262533 
 1.1159734 -1.7241896  1.1532115  1.5464323 -0.2850454 -1.4937201  0.6825010  0.8677838  0.2294952 -0.0163761  0.1446340  0.0166718 
-0.1141317 -0.9675787  2.7217217  1.1664127 -1.4128128  0.7723531  1.6235271 -0.2760266  0.2339613  0.1770455  0.0695460 -0.0571205 
-0.1742167 -1.0738096  2.1696415  0.1838250 -1.9560659 -0.2520665  0.9583226 -0.0661092  0.0543327  0.1510308  0.1768250 -0.0567654 
 3.6543584  2.3554599  0.9677579 -0.3161171 -0.9046418 -1.1234064 -0.7511518 -0.3719806 -0.0866730  0.0013870  0.0819830 -0.0055302 
 3.1446009  0.7235676 -0.1770759 -0.9161918 -0.8330411 -0.8691144  0.0015612 -0.2503487  0.1233666  0.0009330  0.0906762  0.0260582 
 3.5384555  0.9454366 -0.3241905 -0.9056207 -0.4559664 -0.7318839 -0.7334676 -0.9503980 -0.3747377 -0.1030137  0.0823558  0.0250920 
 2.6659925  0.8668344  0.3296286 -0.3816091  0.2384765 -0.1685050  0.1565025 -0.2653875 -0.1658134 -0.1476261  0.0559097  0.0046848 
