SAMPLES:	8424
BITSPERSAMPLE:	16
CHANNELS:	1
SAMPLERATE:	16000
NORMALIZED:	FALSE
0
0
0
0
0
0
0
0
0
0
0
0
0
0
0
0
0
0
0
0
0
0
0
0
0
0
0
0
0
0
0
0
0
0
0
0
0
0
0
0
0
0
8
8
8
8
8
8
0
8
0
0
0
0
0
0
0
0
8
8
8
0
0
0
0
0
0
0
0
0
0
0
0
0
0
0
0
0
0
0
0
0
0
0
0
-8
-8
0
0
0
-8
-8
-8
-8
-8
-8
-8
-8
-8
-8
-8
0
0
0
-8
-8
-8
-8
-8
-8
-8
-8
-8
-8
-8
0
0
0
0
0
0
0
0
0
0
0
0
0
0
0
0
-8
-8
-8
-8
-8
0
0
0
0
0
0
0
0
0
0
0
0
0
0
0
0
0
0
0
0
0
0
0
8
0
0
8
8
0
8
8
8
8
8
16
16
16
16
16
16
24
24
16
16
16
16
24
24
16
16
16
16
16
16
16
16
16
16
16
16
16
16
16
8
8
8
8
8
8
0
8
8
0
0
0
0
0
0
0
0
0
0
0
0
0
0
-8
-8
-8
0
-8
-8
0
-8
-8
-8
-16
-16
-8
-8
-8
-8
-16
-16
-16
-16
-16
-16
-16
-8
-16
-8
-16
-16
-16
-24
-24
-24
-16
-24
-24
-24
-16
-8
-8
-8
-8
-8
-16
-16
-16
-16
-16
-16
-16
-8
-8
-8
-8
-8
0
0
0
0
0
0
0
0
0
0
0
0
0
0
0
0
0
0
0
0
0
8
0
0
8
0
0
0
0
0
0
0
0
0
0
0
0
0
0
0
0
8
8
0
0
0
0
8
8
8
8
0
0
0
0
0
0
0
8
8
8
8
8
0
8
8
8
8
8
8
0
8
8
8
8
8
8
16
16
16
8
8
8
8
8
8
8
8
8
8
8
8
8
8
0
0
8
8
8
8
8
8
8
8
0
0
0
8
0
8
0
0
0
0
0
0
0
0
0
0
0
0
-8
-8
-8
0
0
0
-8
-8
-8
-16
-16
-16
-16
-16
-16
-16
-16
-16
-16
-16
-8
-16
-8
-16
-16
-16
-16
-16
-16
-16
-16
-8
-8
-8
-8
-8
-8
-8
-8
-8
-8
-8
-8
0
0
0
0
0
0
0
0
0
0
0
0
0
0
0
0
0
0
0
0
0
0
0
0
0
0
0
0
0
0
0
0
0
0
0
0
0
0
0
0
0
0
0
0
0
0
0
0
0
0
0
0
0
0
0
0
8
8
8
8
8
8
8
8
8
0
0
0
0
8
0
8
8
8
8
8
0
8
8
8
8
8
8
0
8
8
8
8
8
0
0
0
0
0
0
0
8
8
0
0
8
0
0
0
0
0
0
0
0
0
0
8
8
0
0
0
0
0
0
0
0
0
0
0
0
0
0
0
0
0
0
0
0
0
0
0
0
-8
0
0
-8
0
0
0
0
0
0
-8
-8
-8
-8
-8
0
0
0
0
-8
-8
-8
-8
0
-8
-8
-8
-8
-8
-8
-8
-8
-8
0
0
0
0
0
0
0
0
0
0
0
0
0
0
0
0
0
0
0
0
0
0
0
8
0
0
0
0
0
0
0
0
0
0
0
0
0
0
0
0
0
0
0
0
0
0
0
0
0
0
0
0
-8
-8
-8
-8
-8
-8
-8
-8
-8
-8
0
0
0
0
-8
0
0
0
0
0
0
0
0
0
0
0
0
0
0
0
8
8
8
0
8
8
8
8
8
8
8
16
16
16
8
8
8
8
8
16
16
8
16
16
8
8
8
16
8
8
8
8
8
0
0
8
8
0
0
0
0
8
8
8
8
0
0
0
8
0
0
0
0
0
0
0
0
0
0
0
0
0
0
0
0
0
-8
-8
0
0
0
0
-8
-8
-8
-8
-8
-8
-8
-8
-8
-8
-8
-8
-16
-16
-16
-16
-16
-16
-16
-16
-16
-16
-16
-16
-16
-16
-16
-16
-16
-16
-8
-8
-8
-8
-8
-8
-8
-8
-8
0
0
0
0
0
0
0
0
0
0
0
0
0
0
0
0
0
0
0
0
0
0
8
8
0
0
0
0
0
0
0
0
0
0
0
8
8
8
8
8
8
16
16
16
16
16
16
8
8
16
16
16
8
8
8
8
8
8
8
8
8
8
8
16
8
8
8
0
0
8
8
8
0
0
0
0
0
0
0
0
0
0
0
0
0
0
0
0
0
0
-8
-8
0
0
0
0
-8
-8
-8
-8
-8
0
-8
-8
-8
-8
-8
-8
-8
-8
-8
-8
0
-8
-8
0
0
0
0
0
0
0
0
0
0
0
0
-8
0
0
-8
-8
0
0
0
0
0
0
0
0
0
0
0
0
0
0
0
0
0
0
0
0
0
0
0
0
0
0
0
0
0
0
8
8
0
8
0
0
0
0
0
0
0
0
8
8
8
8
8
0
0
0
0
0
0
0
0
0
0
0
0
0
0
0
0
0
-8
0
0
0
0
-8
-8
0
0
0
0
0
-8
-8
-8
-8
-8
0
0
-8
-8
-8
0
0
0
-8
0
0
0
0
0
0
0
0
0
0
0
0
0
0
0
0
0
0
0
8
8
8
8
8
8
16
16
16
16
16
16
8
16
8
8
16
16
8
8
8
8
8
8
8
16
16
16
16
8
8
8
0
0
0
0
0
0
0
0
0
0
0
0
0
0
0
0
-8
-8
-8
-16
-16
-16
-16
-16
-16
-16
-16
-16
-16
-24
-24
-24
-24
-24
-24
-24
-24
-24
-24
-24
-24
-24
-32
-32
-24
-24
-16
-16
-8
-8
-8
-8
-16
-16
-16
-8
-16
-8
-8
-8
-8
0
0
0
0
0
0
0
0
0
0
8
0
8
8
8
8
8
16
16
16
16
16
16
16
16
24
24
24
24
16
16
16
24
16
24
24
24
24
24
24
24
32
24
24
24
24
16
24
24
24
24
24
16
16
16
16
16
16
16
16
8
8
8
0
0
0
0
0
0
0
0
0
0
0
-8
-8
-8
-8
-8
-8
-8
-16
-16
-16
-16
-16
-16
-16
-16
-16
-24
-24
-24
-24
-24
-24
-24
-24
-24
-24
-24
-24
-24
-24
-24
-16
-24
-24
-16
-24
-24
-24
-24
-24
-24
-16
-16
-16
-8
-8
-8
-8
-8
-8
-8
-8
-8
-8
-8
-8
0
0
0
0
0
0
0
0
0
0
0
0
0
0
8
8
8
8
8
8
16
16
16
16
16
16
16
16
24
24
24
24
24
16
16
16
16
16
16
24
24
24
24
16
16
16
16
16
16
16
16
16
16
16
16
16
8
8
8
8
0
0
0
0
0
0
0
0
0
0
0
0
0
0
-8
-8
-8
-8
-8
-8
-8
-8
-8
-8
-8
-8
-8
-8
-16
-16
-16
-16
-16
-8
-8
-8
-8
-8
-8
-8
-8
-8
-8
-8
-8
-8
-8
-8
-8
-8
0
-8
-8
0
-8
-8
0
0
0
0
0
0
0
0
0
0
0
0
0
0
0
0
0
0
0
0
0
0
0
0
0
0
0
0
0
0
0
0
0
0
0
0
0
0
0
0
0
0
0
0
0
0
0
0
0
0
0
0
0
0
0
0
0
0
0
0
0
0
0
0
0
0
0
0
0
0
0
0
0
0
0
8
8
8
8
0
0
0
0
8
8
8
8
8
8
8
8
8
8
8
8
8
8
8
8
8
8
8
8
8
8
8
8
8
8
8
16
8
8
8
8
8
8
8
8
8
8
0
0
0
0
0
0
0
0
0
0
0
0
0
0
0
0
0
0
0
0
0
0
0
0
0
0
0
0
0
0
0
0
0
0
0
0
0
0
0
0
0
-8
-8
-8
-16
-16
-16
-16
-8
-8
-16
-8
-16
-16
-16
-16
-16
-16
-16
-16
-24
-24
-24
-24
-24
-24
-16
-16
-16
-16
-16
-16
-16
-16
-16
-16
-16
-16
-16
-16
-16
-16
-16
-8
-8
-8
-8
-8
-8
-8
-8
0
0
0
0
0
0
0
0
0
0
0
0
8
8
8
16
16
16
16
16
16
16
16
16
16
24
24
24
24
32
32
32
32
32
32
32
32
24
24
32
32
24
24
32
32
32
32
24
24
16
16
16
16
16
8
8
8
8
8
8
8
8
0
0
0
0
0
0
0
0
0
0
0
0
0
-8
-8
-8
-8
-8
-8
-16
-16
-24
-16
-24
-24
-24
-24
-24
-24
-24
-24
-24
-24
-24
-24
-24
-24
-24
-16
-16
-16
-16
-16
-16
-16
-16
-8
-8
-8
-8
-8
-8
-8
-8
0
0
0
0
0
0
0
0
0
0
0
0
0
0
0
0
0
0
0
0
0
0
0
0
0
0
0
0
0
0
0
0
0
0
0
0
0
0
0
0
8
8
0
0
0
0
0
0
0
0
0
0
0
8
0
0
0
0
0
0
0
0
0
0
0
0
0
0
0
0
0
0
0
0
0
0
0
0
0
0
0
0
0
0
0
0
0
0
0
0
0
0
8
8
8
8
8
8
8
8
0
0
0
0
0
0
0
0
0
0
0
0
0
0
0
0
0
0
-8
0
0
0
0
0
0
0
0
0
0
8
8
16
16
16
24
24
24
24
24
16
24
16
16
16
16
16
8
8
8
8
8
8
0
0
0
0
0
-8
-8
-8
-16
-16
-8
-16
-8
-8
-8
-8
-8
-8
-8
-8
-8
-8
-8
-8
0
0
-8
0
-8
-8
-8
0
0
0
0
-8
-8
-8
-8
-16
-16
-24
-24
-24
-24
-24
-24
-24
-24
-32
-32
-24
-32
-24
-24
-24
-24
-24
-24
-24
-16
-16
-16
-8
-8
-8
0
0
0
8
8
16
16
16
24
24
32
32
32
32
32
32
32
24
24
24
24
24
16
16
16
16
16
8
8
8
8
0
0
0
0
0
0
0
0
0
0
0
0
0
0
0
0
0
8
8
8
8
16
24
24
24
24
24
24
24
24
24
16
24
16
16
8
8
8
0
0
0
0
-8
-16
-16
-24
-24
-24
-24
-24
-24
-24
-32
-32
-40
-32
-32
-32
-32
-32
-32
-32
-24
-24
-24
-16
-16
-16
-16
0
0
0
8
8
8
8
8
24
24
32
24
24
24
16
16
16
16
16
8
0
0
-8
-16
-16
-8
-8
-16
-16
-24
-24
-24
-24
-24
-24
-24
-32
-32
-40
-40
-40
-40
-32
-32
-32
-24
-24
-24
-16
0
8
16
16
8
16
32
56
72
72
56
48
56
72
88
88
88
88
80
72
64
56
56
56
56
48
24
8
0
0
8
8
0
-24
-40
-48
-48
-32
-16
-24
-40
-48
-56
-56
-48
-48
-56
-64
-64
-80
-88
-88
-88
-80
-72
-64
-56
-48
-48
-40
-24
0
0
0
8
24
48
72
80
80
72
80
96
104
104
88
88
88
80
80
64
48
48
32
24
0
-8
-16
-16
-16
-16
-32
-64
-80
-88
-72
-64
-80
-96
-112
-120
-112
-104
-80
-88
-96
-96
-104
-96
-80
-64
-64
-56
-48
-40
-32
-24
-8
8
24
40
40
40
48
64
80
104
148
164
148
132
120
132
164
196
212
180
148
120
112
120
120
120
96
80
40
0
-16
-24
-24
-24
-40
-80
-112
-132
-132
-132
-120
-112
-132
-148
-164
-164
-132
-104
-80
-64
-64
-72
-88
-96
-72
-48
-32
-40
-40
-48
-48
-32
-24
-8
0
8
8
0
0
0
16
48
64
72
80
104
120
148
196
196
164
132
164
196
212
196
164
148
132
104
88
80
88
80
32
-8
-56
-96
-104
-96
-88
-104
-148
-196
-228
-212
-180
-148
-132
-132
-148
-164
-148
-120
-88
-64
-56
-48
-48
-64
-80
-80
-64
-40
-40
-56
-64
-96
-104
-88
-40
0
0
-16
-40
-32
0
32
64
72
72
64
72
96
148
228
292
308
276
228
228
276
340
340
308
260
228
180
132
104
96
104
80
8
-88
-196
-260
-244
-180
-148
-196
-292
-396
-460
-396
-340
-292
-276
-260
-276
-276
-260
-196
-120
-56
-32
-48
-48
-32
-24
-8
32
80
96
64
40
8
0
0
0
-8
-32
-64
-104
-112
-96
-80
-56
-32
-16
0
16
40
88
132
164
196
212
244
276
308
356
460
652
812
812
652
524
524
652
780
812
748
588
460
324
228
180
164
164
132
-24
-308
-588
-748
-652
-460
-372
-492
-748
-988
-1052
-924
-684
-492
-492
-620
-748
-748
-588
-340
-164
-72
-40
-48
-96
-164
-132
-16
132
196
196
120
16
-80
-112
0
148
196
64
-112
-228
-212
-64
96
148
112
0
-148
-228
-164
24
180
164
72
-16
-104
-112
-32
88
196
180
-8
-228
-324
-292
-180
-40
80
56
-112
-260
-276
-180
-24
80
104
40
-72
-132
24
396
748
844
652
428
340
460
716
924
1116
1116
924
652
460
524
716
844
844
684
340
-96
-460
-428
-196
0
-16
-308
-684
-988
-1052
-924
-652
-428
-460
-652
-876
-988
-812
-556
-324
-196
-196
-292
-428
-428
-260
-56
96
212
212
96
-80
-180
-88
112
276
276
164
48
-72
-212
-212
-16
120
112
-56
-276
-372
-372
-292
-164
-56
-80
-276
-556
-684
-524
-212
-16
16
-96
-276
-396
-372
-180
16
196
260
180
120
212
524
1052
1500
1692
1436
1180
1180
1500
1884
1884
1692
1564
1628
1564
1180
780
748
876
780
428
-104
-684
-1052
-1116
-876
-780
-1052
-1564
-1980
-1980
-1756
-1628
-1692
-1756
-1820
-1756
-1564
-1372
-1180
-988
-876
-620
-324
-164
-196
-308
-292
-164
64
212
228
132
0
-40
72
196
260
244
40
-164
-212
-104
-16
72
212
324
292
196
148
196
308
524
716
748
684
588
492
492
588
716
748
620
460
260
-8
-120
-64
120
96
-228
-620
-844
-844
-716
-588
-492
-428
-308
-104
244
652
988
988
988
1500
2236
2364
1980
1628
1884
2364
2492
2108
1628
1436
1308
1116
748
120
-524
-1116
-1372
-1308
-1372
-1820
-2492
-2876
-2748
-2364
-2236
-2492
-2748
-2876
-2748
-2236
-1692
-1308
-1180
-1052
-780
-356
0
148
212
292
428
556
620
716
684
588
524
620
876
812
492
196
132
228
212
228
276
260
96
-196
-324
-196
-8
132
212
372
308
0
-164
-40
276
524
556
460
164
-196
-524
-588
-260
196
324
-148
-780
-924
-780
-460
-228
-88
72
260
428
844
1436
1980
1980
2236
2748
3132
2748
1980
1820
2492
3388
3388
2364
1436
1116
1052
1052
844
396
-324
-1180
-1756
-1980
-1980
-2236
-2620
-2876
-2876
-2876
-3132
-3516
-3644
-3132
-2492
-2108
-1980
-2108
-2108
-1756
-1116
-492
-120
-132
-308
-356
-148
132
324
428
396
356
276
212
164
88
148
340
428
340
96
-132
-132
164
620
924
988
748
428
324
620
1180
1500
1500
1244
988
876
876
1180
1500
1500
1116
524
-24
-292
-308
-196
-148
-32
-228
-876
-1372
-1436
-1116
-988
-988
-748
-396
-40
244
684
1244
1820
2492
3004
3132
2620
1980
1820
2620
3644
4092
3260
1884
1244
1244
1308
988
588
96
-684
-1500
-2108
-2492
-2876
-2876
-2620
-2364
-2620
-3388
-4092
-4348
-3516
-2364
-1564
-1436
-1820
-2108
-1980
-1308
-324
396
620
460
56
-180
-80
324
844
1116
924
556
196
-88
-212
-56
276
460
148
-460
-924
-988
-620
-40
356
276
-32
-396
-556
-244
396
988
988
652
356
228
228
396
588
620
524
244
-164
-620
-844
-748
-524
-396
-428
-620
-988
-1436
-1436
-1052
-588
-324
-524
-620
-372
148
1052
1980
2748
3132
3388
3900
4092
3772
3388
3132
3772
4860
5372
4604
3260
2364
2108
2236
1980
1564
716
-372
-1436
-2236
-2620
-2876
-2876
-2620
-2620
-3004
-3772
-4604
-4860
-4348
-3516
-2620
-2236
-2492
-3004
-2876
-2236
-1052
-132
24
-356
-844
-988
-460
212
588
396
-72
-260
-260
-292
-164
48
48
-180
-556
-876
-988
-844
-460
-228
-40
88
-164
-588
-340
340
844
988
924
780
524
396
684
1116
1372
1180
780
292
-80
-132
120
308
132
-292
-924
-1436
-1372
-924
-428
-460
-812
-1052
-1116
-1052
-812
-340
-40
-104
-88
276
988
1980
3132
4092
4604
4860
5116
4860
3900
3132
3516
5116
6652
6396
4604
2364
1500
1884
2236
1820
924
8
-988
-1980
-3004
-3900
-4092
-3644
-2492
-2236
-3516
-5628
-7164
-6652
-4860
-3132
-2492
-2876
-3516
-3772
-3644
-2748
-1500
-180
684
588
-196
-1052
-1244
-428
1052
2108
2364
2364
1564
276
-556
0
1180
1308
684
104
-428
-1116
-1756
-1500
-396
620
780
-292
-1564
-1980
-1756
-1116
-80
1244
1436
-72
-1564
-1372
-112
876
1308
1308
460
-812
-1372
-780
276
876
876
260
-620
-988
-652
-244
-48
340
524
-180
-988
-812
48
620
1052
1500
1564
988
620
988
1628
1980
2108
2620
3772
4860
5628
5628
6140
6140
5372
3516
2620
3772
5884
6908
5372
3004
1116
340
524
1180
1436
684
-1180
-3260
-4860
-5628
-5628
-4604
-3132
-2364
-3644
-6396
-8316
-8316
-6140
-3900
-2748
-2876
-3772
-4604
-4860
-3900
-2108
-260
924
1052
164
-1244
-2108
-1244
780
2748
3004
1820
652
148
148
356
988
2492
3516
2492
-88
-1884
-1500
-244
620
1436
1756
524
-1820
-3132
-2364
-524
876
1052
260
-844
-1564
-1884
-1436
40
1980
2364
588
-1052
-1116
-308
460
1500
2364
1692
-196
-1500
-1116
112
1244
1756
1308
112
-844
-924
-276
652
1564
1820
1116
492
876
1628
2108
2492
3132
3132
2236
1436
1500
2108
2876
3772
4604
4860
4348
3772
4092
5116
5628
4860
2748
2236
3900
4860
3004
-56
-684
988
1884
492
-1500
-2492
-2748
-3388
-4604
-5372
-5116
-4604
-4860
-5116
-5116
-5372
-6396
-6908
-5116
-2748
-2492
-4092
-5116
-4348
-3004
-1500
-148
716
652
-260
-844
-460
588
1564
1884
1436
748
96
72
492
1180
1628
1244
460
-228
-620
-1052
-1436
-1500
-1244
-1052
-1244
-1564
-1820
-2364
-2364
-1628
-556
-120
-460
-876
-1052
-844
104
1436
2236
2108
1500
988
812
1180
2108
2492
1884
988
396
0
-276
-24
652
876
396
-244
-780
-1180
-988
-228
524
652
244
-40
-64
356
1180
1980
2364
2492
2492
2236
2108
2236
2876
3388
3260
2620
2236
2364
3260
4092
4604
4860
5372
5628
3644
212
-1116
1180
4604
5116
2876
372
-492
-308
-556
-924
-460
132
-492
-2364
-3644
-3772
-4092
-4092
-2748
-460
40
-2620
-5884
-6652
-4860
-2620
-1308
-988
-1820
-3516
-4860
-4348
-2236
-524
-356
-1308
-2236
-2620
-2876
-2876
-2108
-716
-56
-620
-1372
-1436
-1436
-1500
-988
372
1308
524
-1308
-2364
-1884
-716
524
1372
1244
80
-1500
-1884
-492
1308
1980
1372
492
88
308
924
1692
2364
2236
1628
988
924
1244
1244
988
988
1116
988
428
-196
-372
-56
524
924
844
396
-308
-684
-276
620
1180
988
460
396
684
1116
1756
2364
2492
2236
1820
1756
1884
2108
2364
2620
2492
2108
1372
1052
1756
3004
3772
3516
3132
3644
4092
3388
2108
1500
2236
3004
3132
2364
1436
716
228
-132
-428
-620
-924
-1564
-2364
-3132
-3900
-4348
-4348
-3900
-3004
-3004
-4092
-5628
-6396
-6140
-4860
-3388
-3132
-3772
-4348
-4604
-3900
-2876
-1692
-1116
-1180
-1628
-1820
-1500
-844
40
924
1052
620
196
40
120
524
1564
2364
2108
716
-652
-844
-32
988
1436
1116
276
-620
-1052
-684
260
1116
924
212
-112
16
148
276
812
1436
1500
988
588
428
428
492
716
876
780
260
-396
-748
-588
88
652
844
652
148
-340
-372
276
1180
1436
1052
924
1372
1980
2364
3004
3516
3644
3260
2876
2748
2876
3260
3388
3132
2748
2108
1500
1564
2108
2620
2492
2108
2236
2876
3516
3260
2236
1180
1180
2108
2748
2364
1500
924
716
340
-396
-1116
-1564
-1564
-1692
-2236
-3260
-4348
-5116
-4860
-3900
-3260
-3772
-5116
-6652
-6908
-6140
-5116
-4092
-4092
-4348
-4604
-4604
-3900
-3132
-2108
-1564
-1308
-1436
-1628
-1500
-988
-164
876
1820
2108
1500
396
148
1052
2620
3132
2620
1628
716
492
588
988
1372
1308
812
32
-588
-844
-988
-844
-276
460
492
-492
-1372
-1308
-356
620
1052
924
396
-340
-556
48
988
1692
1692
988
292
24
324
924
1436
1692
1500
924
524
652
1052
1308
1500
1756
1884
1884
1884
2108
2620
3132
3388
3388
2876
2492
2364
2492
2876
3132
2876
2108
1180
716
1052
1756
2364
2364
1692
1436
1820
3004
3644
2876
1436
460
652
1500
1756
1564
1116
492
-292
-1244
-1756
-1884
-1564
-1564
-2108
-3132
-4348
-5116
-4860
-4092
-3132
-3132
-4348
-5628
-6396
-5884
-4604
-3388
-2748
-3132
-3900
-4348
-3772
-2492
-1372
-812
-1052
-1500
-1692
-1436
-812
-132
396
556
524
812
1180
1116
588
492
1500
2364
1980
1052
460
396
308
228
588
876
620
-196
-988
-988
-396
-24
-40
228
652
356
-588
-780
228
1116
1308
1116
988
556
104
340
1244
1980
1820
1052
356
72
356
1052
1500
1564
1244
748
212
196
1052
1820
1980
1756
1756
1820
1820
1980
2620
3004
3004
2876
2876
2620
2236
2108
2236
2492
2364
1692
844
244
428
1116
1628
1500
1052
924
1244
2236
2876
2236
924
-48
396
1372
1756
1436
876
396
40
-492
-1052
-1436
-1500
-1436
-1756
-2364
-3388
-4092
-4604
-4092
-3132
-2876
-3644
-5116
-5884
-5628
-4604
-3388
-3004
-3388
-4092
-4348
-3772
-2748
-1692
-1308
-1436
-1628
-1564
-1116
-556
16
588
988
1052
716
620
844
1180
1436
1628
1820
1692
1308
620
32
-180
32
460
428
-196
-1052
-1692
-1692
-1052
-88
492
0
-924
-1244
-844
-16
812
1244
1244
780
396
588
1308
1980
2236
2108
1628
1308
1308
1500
1820
2108
2108
1820
1180
652
556
716
1052
1244
1180
812
428
428
876
1308
1628
1756
1628
1500
1308
1308
1564
1820
1980
1820
1372
988
1052
1308
1820
2108
1980
1756
1884
2364
3132
3132
2364
1564
1052
1308
1756
1980
1980
1628
1116
460
-356
-876
-924
-652
-524
-988
-1980
-3260
-4092
-3772
-2748
-2108
-2364
-3772
-5116
-5628
-5116
-3900
-2876
-2492
-3004
-3900
-4348
-3644
-2492
-1500
-1052
-1308
-1980
-2364
-2108
-1116
-8
684
620
196
-196
-340
40
684
1308
1692
1436
524
-460
-748
-292
164
276
-64
-524
-924
-1244
-1116
-780
-492
-292
-196
-324
-460
-556
-524
-112
716
1372
1372
924
556
556
924
1564
1980
1884
1180
652
748
1308
1756
1820
1436
812
292
148
372
684
748
524
324
244
396
716
876
1116
1308
1372
1308
1244
1308
1436
1628
1756
1980
1820
1564
1500
1756
2236
2364
2364
2364
2364
2620
3004
3132
3004
2364
1692
1564
1756
1980
1980
1756
1244
524
-244
-844
-844
-396
-324
-988
-1980
-2876
-3260
-3132
-2620
-2108
-2236
-3132
-4092
-4604
-4348
-3516
-2748
-2492
-2620
-3132
-3516
-3388
-2620
-1820
-1244
-1116
-1500
-2108
-2236
-1564
-588
132
40
-588
-1116
-1180
-684
-80
324
308
-132
-492
-524
-372
-292
-212
-228
-428
-556
-460
-292
-212
-164
-80
72
276
356
180
16
148
460
812
1116
1244
1244
1180
1180
1372
1564
1628
1436
1180
988
988
1116
1308
1308
1052
684
396
292
308
396
396
396
356
428
524
556
716
924
1052
1116
1180
1308
1372
1500
1628
1692
1692
1564
1692
1980
2236
2236
1884
1692
1884
2236
2492
2748
2748
2236
1564
1052
1180
1628
1884
1756
1436
988
324
-340
-588
-460
-212
-492
-1308
-2236
-2876
-3260
-3004
-2492
-2108
-2364
-3516
-4604
-4860
-4604
-3772
-2876
-2620
-3004
-3772
-4092
-3644
-2748
-1884
-1500
-1692
-2236
-2492
-2108
-1244
-492
-48
-16
-324
-620
-492
180
924
1308
988
524
260
396
812
1180
1308
924
460
132
164
524
684
492
120
-164
-292
-228
-132
-16
120
96
56
32
48
148
428
748
844
716
556
524
748
1116
1500
1628
1372
988
748
812
1052
1244
1244
924
684
684
988
1308
1628
1628
1436
1180
1244
1436
1692
1756
1628
1564
1500
1564
1692
1756
1756
1692
1628
1564
1500
1564
1564
1372
1372
1628
1980
1884
1372
652
324
524
988
1244
1116
620
-24
-524
-716
-588
-356
-524
-1308
-2236
-2748
-3004
-2876
-2620
-2236
-2364
-2876
-3644
-3900
-3772
-3260
-2748
-2492
-2620
-3132
-3388
-3132
-2364
-1628
-1244
-1308
-1628
-1884
-1756
-1180
-396
-8
-64
-372
-620
-652
-308
308
652
524
164
-180
-212
48
428
620
372
-88
-524
-652
-396
-24
80
-212
-684
-924
-812
-460
-80
112
0
-180
-120
164
396
620
748
924
988
924
924
1116
1308
1436
1500
1500
1372
1116
1052
1116
1244
1244
1180
1180
1116
1116
1244
1436
1436
1372
1308
1244
1436
1628
1692
1628
1564
1564
1692
1756
1756
1756
1628
1436
1372
1500
1692
1564
1308
1116
1052
1116
1308
1372
1308
1052
780
588
492
428
396
308
132
0
-228
-492
-652
-844
-988
-1116
-1436
-1884
-2108
-2236
-2108
-2108
-2236
-2236
-2364
-2492
-2620
-2492
-2364
-2364
-2492
-2492
-2492
-2364
-2108
-1692
-1436
-1564
-1756
-1692
-1244
-1116
-1116
-924
-844
-1052
-1180
-988
-524
-244
-292
-492
-652
-716
-556
-308
-132
-180
-460
-748
-780
-588
-428
-460
-492
-428
-372
-356
-196
8
180
180
260
524
652
620
716
1052
1244
1308
1436
1564
1500
1308
1308
1564
1628
1500
1372
1308
1180
1052
1052
1116
1116
988
924
924
988
1052
1308
1372
1372
1372
1436
1500
1500
1564
1564
1628
1628
1692
1756
1628
1500
1372
1372
1308
1180
988
620
396
340
308
196
72
-64
-228
-356
-396
-324
-340
-428
-588
-748
-812
-876
-844
-748
-844
-876
-748
-620
-556
-556
-524
-428
-428
-524
-556
-684
-748
-780
-780
-924
-988
-1116
-1244
-1372
-1500
-1628
-1692
-1884
-2108
-2108
-2108
-1980
-1884
-1884
-1980
-1980
-1884
-1756
-1500
-1372
-1308
-1244
-1052
-876
-716
-588
-492
-372
-260
-196
-132
-56
-16
40
164
276
292
260
260
260
244
340
556
716
748
684
812
988
1116
1308
1308
1308
1244
1244
1372
1564
1628
1500
1372
1372
1372
1372
1500
1500
1436
1244
1052
988
1052
1116
1180
988
716
492
396
428
492
492
460
428
396
492
588
652
652
556
460
460
460
460
396
308
276
260
244
104
-24
-180
-244
-244
-228
-292
-460
-684
-924
-1116
-1180
-1180
-1180
-1244
-1308
-1308
-1308
-1308
-1244
-1180
-988
-780
-652
-620
-652
-556
-428
-340
-244
-148
-72
-64
-88
-132
-120
-88
-112
-120
-132
-196
-308
-524
-652
-620
-556
-556
-716
-988
-1180
-1244
-1116
-924
-812
-812
-924
-1116
-1052
-812
-396
-164
-164
-276
-308
-132
164
428
524
460
324
396
684
924
924
844
844
988
1180
1244
1244
1052
876
876
988
1116
1052
924
844
716
716
748
812
876
876
684
492
396
460
620
716
716
460
196
56
148
340
428
372
228
88
48
88
212
308
228
8
-196
-260
-324
-324
-308
-308
-324
-372
-396
-492
-620
-652
-684
-556
-356
-228
-308
-492
-588
-524
-340
-132
-64
-148
-276
-372
-276
8
260
292
164
-32
-120
-16
120
212
196
120
64
24
24
72
40
-24
-72
-164
-292
-372
-428
-460
-492
-492
-556
-652
-748
-844
-844
-780
-748
-812
-988
-924
-748
-588
-492
-460
-524
-492
-340
-180
-64
-56
-180
-180
-48
120
244
228
228
196
212
212
292
372
372
372
396
460
556
620
588
524
428
396
396
372
372
356
356
324
324
292
180
64
32
148
308
428
428
308
212
180
276
460
556
524
428
396
460
620
684
588
428
324
396
556
652
588
492
372
372
492
492
340
120
-88
-132
40
244
228
32
-148
-308
-372
-324
-212
-260
-428
-620
-684
-588
-524
-428
-356
-396
-492
-524
-396
-260
-132
-16
40
96
120
112
32
0
24
48
24
-48
-196
-372
-492
-492
-292
-132
-164
-372
-620
-780
-812
-716
-652
-588
-588
-620
-652
-620
-524
-460
-396
-428
-428
-428
-428
-324
-180
-72
-56
-88
-104
-132
-148
-120
-72
-56
-132
-180
-180
-164
-104
0
16
-32
-104
-96
24
148
196
196
180
164
196
324
428
460
428
396
428
492
492
460
396
356
428
620
716
652
524
492
556
716
812
812
684
556
556
652
780
780
652
556
524
556
620
684
684
556
428
308
308
292
276
244
132
64
-16
-112
-196
-244
-308
-356
-492
-652
-652
-588
-428
-276
-292
-428
-524
-524
-356
-212
-132
-228
-372
-460
-428
-356
-180
-112
-212
-308
-396
-428
-356
-212
-148
-180
-244
-396
-556
-652
-684
-684
-684
-716
-748
-748
-812
-812
-748
-620
-556
-492
-492
-492
-428
-396
-324
-228
-180
-96
-80
-88
32
132
196
212
260
396
428
460
428
428
428
396
396
340
276
260
276
276
212
180
164
180
180
180
260
276
308
260
180
148
292
428
556
620
620
588
588
652
748
812
812
844
812
748
716
748
812
844
876
924
716
460
372
396
396
396
212
0
-120
-164
-164
-212
-292
-372
-524
-684
-716
-652
-652
-716
-748
-780
-748
-716
-620
-492
-428
-428
-460
-556
-556
-492
-428
-308
-244
-276
-244
-180
-132
-72
-104
-228
-308
-356
-372
-324
-292
-244
-308
-524
-684
-652
-620
-588
-556
-652
-684
-684
-588
-396
-292
-276
-292
-228
-88
112
228
260
244
244
308
428
588
620
620
588
620
684
716
716
716
684
588
492
492
460
460
396
292
148
48
0
88
196
228
112
-56
-80
24
196
244
112
-48
-112
-40
8
88
132
24
-88
-80
-8
40
104
228
292
292
228
180
196
212
292
324
292
212
228
212
180
164
164
132
80
32
-72
-196
-292
-340
-356
-276
-276
-372
-492
-524
-428
-324
-260
-292
-396
-460
-396
-292
-148
-132
-228
-292
-244
-196
-180
-148
-120
-164
-228
-164
-112
-148
-196
-180
-148
-80
16
48
0
-112
-196
-196
-180
-196
-212
-244
-180
-96
-72
-64
-24
40
88
148
196
212
212
324
396
460
492
492
524
524
524
492
428
324
276
244
276
324
308
228
96
32
64
120
120
80
0
-56
-40
0
80
120
164
120
96
164
164
132
120
64
16
-8
-48
-88
-132
-196
-228
-228
-228
-228
-308
-428
-492
-460
-324
-228
-244
-292
-340
-324
-244
-120
0
40
8
8
16
96
196
244
244
164
56
-8
24
72
132
88
8
-8
-48
-80
-72
-64
-120
-180
-196
-164
-148
-148
-132
-88
-104
-196
-212
-180
-80
-24
-56
-72
-24
-40
-56
-56
-16
32
40
56
32
-32
-104
-112
-72
0
-24
-164
-244
-292
-308
-260
-148
-88
-148
-196
-244
-132
64
180
260
212
112
132
228
396
492
460
396
276
196
292
396
428
356
212
88
40
72
120
148
164
164
32
-48
-24
48
104
148
196
180
72
-8
-24
40
56
24
8
-16
-112
-196
-180
-80
24
104
96
8
-64
-80
-32
32
24
-24
-80
-112
-132
-88
-24
40
64
64
96
72
40
120
180
244
308
276
212
164
196
244
260
212
120
8
-48
-64
-112
-164
-196
-180
-148
-112
-96
-180
-212
-164
-148
-180
-276
-308
-308
-308
-308
-228
-148
-132
-132
-164
-96
-56
-80
-112
-132
-132
-80
0
32
-16
-148
-228
-244
-196
-164
-180
-244
-324
-324
-308
-260
-212
-180
-164
-112
-56
24
120
164
180
132
132
164
180
196
212
228
244
324
356
324
324
324
292
292
228
148
64
24
32
80
120
64
0
-80
-148
-120
-72
-88
-148
-228
-292
-276
-228
-212
-180
-164
-132
-132
-112
-120
-104
-72
-56
0
64
132
64
-8
16
132
260
308
292
212
132
148
212
292
356
340
260
96
8
80
196
244
164
56
0
16
0
32
48
8
24
32
8
0
24
16
32
80
88
132
88
56
16
32
32
8
-8
-32
-16
48
64
72
96
64
64
104
104
16
-80
-148
-104
-24
0
-72
-196
-180
-132
-120
-56
-48
-48
-80
-148
-148
-132
-132
-80
-88
-112
-196
-260
-276
-244
-244
-260
-244
-244
-244
-276
-276
-244
-164
-180
-196
-212
-212
-212
-148
-56
24
80
80
88
96
132
180
260
324
340
308
292
260
196
148
164
196
244
228
132
64
0
-24
-16
-16
-32
-72
-132
-132
-120
-40
0
8
32
16
-40
-56
0
48
32
48
72
16
8
24
8
48
80
96
32
-120
-244
-308
-276
-212
-180
-228
-324
-340
-260
-120
-24
-16
-8
-96
-96
-16
72
196
276
324
324
372
428
492
524
492
460
428
372
340
308
228
132
24
-72
-112
-148
-228
-356
-428
-460
-492
-460
-396
-340
-372
-428
-396
-356
-260
-196
-260
-324
-324
-324
-260
-180
-96
-40
0
16
56
56
56
72
64
132
148
112
48
32
88
180
196
196
212
180
132
148
164
228
244
244
196
180
180
180
196
196
196
196
164
112
88
48
56
96
180
148
120
148
180
212
244
276
276
292
276
292
292
292
308
340
356
324
324
292
292
276
276
260
180
148
132
96
0
-96
-88
-56
-8
-56
-112
-196
-276
-292
-180
-56
-32
-88
-212
-244
-196
-164
-132
-180
-244
-324
-428
-428
-428
-428
-460
-460
-556
-652
-748
-844
-924
-988
-924
-876
-844
-812
-812
-780
-716
-684
-620
-492
-492
-460
-428
-396
-308
-148
0
64
132
164
164
196
244
276
260
196
180
196
244
340
428
396
340
276
292
356
396
460
396
324
244
308
372
396
372
292
260
324
396
356
356
356
372
428
524
588
620
556
492
492
556
588
588
556
492
428
460
524
492
492
428
356
356
428
428
460
460
428
396
356
372
396
396
396
340
292
228
164
112
64
48
-32
-96
-180
-292
-372
-460
-492
-524
-524
-556
-620
-684
-748
-748
-748
-748
-716
-780
-812
-844
-844
-812
-812
-812
-812
-780
-748
-748
-812
-780
-652
-588
-524
-524
-556
-588
-620
-524
-428
-356
-372
-396
-396
-356
-276
-212
-148
-104
-40
-16
-32
24
120
132
196
180
196
212
212
292
356
428
396
372
324
308
372
396
396
324
244
164
132
148
180
196
132
24
-16
40
228
372
356
292
244
260
324
492
588
620
588
620
652
652
684
620
620
588
524
556
556
588
620
620
620
556
492
428
428
492
492
396
324
324
324
324
356
372
396
324
276
308
308
292
244
148
0
-32
-48
-88
-132
-212
-340
-396
-396
-396
-492
-652
-780
-844
-876
-876
-924
-988
-988
-988
-988
-988
-1052
-1052
-1052
-1052
-1052
-988
-844
-780
-780
-812
-812
-748
-620
-524
-492
-492
-524
-460
-340
-228
-104
-48
-48
-56
-56
-24
40
80
112
148
180
196
180
212
324
396
460
492
492
428
428
460
524
620
716
684
620
620
588
620
620
588
524
460
396
356
396
428
428
396
324
292
244
228
196
228
244
244
212
196
164
120
120
148
164
132
132
72
16
48
132
228
228
132
48
56
80
56
56
32
-16
8
48
32
0
-104
-148
-148
-104
-56
-132
-260
-356
-372
-356
-292
-260
-340
-460
-492
-460
-396
-396
-428
-460
-460
-460
-396
-340
-340
-396
-492
-492
-396
-308
-276
-276
-324
-356
-324
-276
-180
-164
-180
-164
-132
-80
-16
40
72
64
104
120
132
212
276
356
372
372
372
428
460
492
524
460
460
396
356
372
428
396
356
276
276
308
308
340
324
276
244
228
244
308
276
212
244
308
292
244
228
196
196
228
244
276
276
244
180
212
260
244
212
164
132
96
64
72
96
56
-8
-96
-244
-324
-324
-308
-260
-212
-292
-396
-428
-460
-428
-340
-324
-340
-428
-492
-428
-396
-372
-396
-460
-524
-492
-460
-492
-556
-588
-620
-588
-588
-588
-684
-812
-844
-748
-652
-524
-556
-620
-652
-652
-524
-396
-340
-396
-428
-396
-324
-196
-120
-96
-96
-88
-40
24
64
72
104
132
228
308
308
340
428
460
492
556
620
652
684
652
620
588
588
556
588
588
620
588
556
588
588
684
684
652
588
556
556
620
652
620
556
460
428
460
460
428
324
308
308
308
276
212
148
120
120
132
148
132
72
0
-32
8
72
80
48
-8
-80
-64
48
164
148
104
-8
-104
-96
0
48
48
-8
-80
-132
-132
-88
-80
-132
-196
-228
-276
-292
-260
-228
-228
-244
-292
-356
-396
-460
-492
-524
-524
-524
-556
-620
-652
-716
-748
-748
-780
-748
-716
-684
-652
-588
-588
-588
-556
-556
-556
-524
-524
-492
-460
-428
-396
-308
-244
-228
-228
-244
-196
-104
-8
40
40
40
72
148
244
276
260
244
244
276
324
396
396
356
340
308
340
396
428
428
428
428
396
356
372
428
460
428
428
428
396
428
428
492
492
460
428
356
308
292
308
340
324
292
212
164
148
212
276
292
212
148
132
132
196
244
228
164
104
80
88
132
148
80
-24
-80
-88
-48
-8
8
-40
-196
-308
-356
-260
-180
-164
-196
-260
-340
-340
-260
-180
-148
-180
-228
-228
-212
-212
-180
-196
-212
-212
-276
-292
-292
-356
-356
-324
-308
-324
-324
-340
-292
-228
-212
-148
-112
-112
-120
-88
-32
8
80
120
112
96
64
72
112
148
132
132
104
48
16
32
64
112
112
112
72
32
56
64
64
48
48
56
32
0
24
8
-8
8
40
64
56
32
0
-16
8
72
80
96
72
80
80
96
104
88
8
-48
-40
-56
-8
-40
-104
-132
-164
-164
-148
-148
-104
-40
-16
-16
-8
-32
-56
-40
0
64
148
180
180
212
212
244
276
276
244
212
196
164
148
120
80
80
56
0
-40
-80
-148
-148
-132
-132
-132
-180
-244
-308
-340
-292
-228
-196
-212
-244
-292
-308
-244
-180
-120
-96
-56
-56
-24
-8
24
56
96
132
148
132
104
88
88
104
96
132
120
112
56
-8
-8
0
8
0
16
8
-16
8
48
96
132
148
112
120
132
180
212
228
196
132
104
72
120
196
196
148
64
-8
0
24
56
48
-24
-64
-56
-24
-32
0
24
8
40
72
88
88
56
88
132
120
104
80
80
88
148
148
112
88
56
96
148
120
24
-56
-104
-120
-80
-40
-72
-120
-196
-196
-228
-260
-292
-340
-340
-372
-308
-276
-324
-340
-340
-292
-196
-148
-164
-228
-276
-308
-228
-164
-164
-212
-228
-212
-196
-112
-72
-80
-104
-88
-48
0
24
48
32
8
8
24
56
112
148
180
164
164
196
212
260
292
276
260
260
260
260
228
212
196
180
148
148
148
112
64
56
64
56
40
16
-40
-72
-112
-148
-96
-88
-80
-96
-96
-96
-96
-120
-132
-132
-112
-48
0
16
24
8
-16
-24
24
64
64
72
48
48
72
96
72
72
96
88
32
32
16
32
40
32
56
64
88
112
148
148
132
148
196
260
308
308
292
324
308
292
308
308
244
244
196
132
112
88
64
56
40
8
-72
-164
-212
-228
-212
-260
-276
-276
-292
-308
-308
-260
-196
-164
-148
-148
-148
-148
-148
-132
-112
-96
-64
-48
-56
-72
-80
-80
-40
-24
-56
-96
-148
-180
-212
-212
-196
-212
-212
-260
-292
-308
-292
-276
-260
-276
-292
-292
-292
-244
-164
-112
-104
-112
-72
-24
-16
24
8
-24
-72
-72
-24
-8
32
8
-16
-40
-64
-56
-64
-72
-80
-40
-40
-24
0
0
16
64
132
196
212
196
228
260
292
340
308
292
308
324
372
372
396
396
372
396
428
428
428
356
308
292
276
276
276
324
324
324
324
308
292
276
260
260
244
196
148
132
148
180
180
148
88
56
24
-8
0
-8
-48
-112
-180
-212
-228
-212
-212
-276
-324
-372
-396
-340
-276
-276
-292
-260
-244
-212
-196
-212
-228
-260
-276
-244
-180
-148
-104
-120
-120
-104
-104
-132
-148
-196
-244
-244
-276
-260
-228
-228
-212
-260
-308
-308
-324
-324
-292
-244
-276
-308
-308
-260
-228
-148
-96
-96
-72
-88
-132
-132
-132
-96
-32
-24
-40
-80
-112
-96
-56
24
80
104
40
0
-32
-40
24
56
72
72
80
120
196
292
356
372
372
372
356
372
396
460
492
524
556
524
492
460
460
428
428
372
340
308
340
356
372
356
308
276
292
244
148
112
88
72
80
80
56
-8
-64
-80
-16
-8
-48
-88
-164
-180
-148
-120
-104
-104
-132
-148
-148
-120
-72
-64
-80
-112
-104
-88
-80
-64
-112
-164
-212
-196
-180
-132
-120
-164
-196
-212
-196
-212
-212
-244
-244
-228
-228
-212
-164
-180
-196
-196
-148
-148
-148
-132
-148
-148
-148
-120
-132
-164
-196
-244
-212
-164
-120
-104
-104
-112
-120
-112
-96
-80
-104
-132
-132
-104
-80
-72
-32
0
16
64
80
40
64
80
64
88
148
164
180
180
164
164
148
88
48
8
32
64
32
40
56
16
0
-8
-16
16
16
8
0
72
120
164
180
164
112
112
164
164
196
212
196
196
180
196
196
196
196
196
164
148
112
40
24
-8
-16
0
-24
-40
-80
-112
-96
-40
-24
0
16
8
-32
0
64
96
88
80
72
48
16
16
96
148
148
104
80
104
132
112
132
120
56
-8
-32
-24
-32
-16
-48
-72
-88
-120
-164
-164
-132
-88
-72
-56
-32
-64
-80
-40
24
40
40
40
-8
-16
-32
16
56
48
32
-8
-32
-16
0
32
24
-64
-132
-196
-212
-164
-104
-88
-56
-56
-88
-112
-96
-56
-56
-80
-132
-164
-148
-104
-64
-8
-16
-24
8
40
32
16
-32
-112
-164
-132
-40
0
-8
-16
-8
-8
0
56
88
16
-80
-132
-164
-164
-104
-104
-164
-228
-244
-244
-244
-180
-132
-148
-180
-212
-244
-212
-148
-88
-48
0
0
-8
0
8
56
88
112
148
132
104
96
96
148
196
228
212
180
164
148
132
132
148
132
120
120
132
132
148
180
180
164
112
56
16
48
24
40
56
40
0
16
64
80
88
64
72
88
104
104
80
80
112
148
180
164
132
80
80
112
164
196
164
148
164
164
164
212
228
228
212
164
132
112
104
104
104
88
96
88
32
-8
0
8
0
8
8
-16
-8
-56
-80
-56
-64
-72
-72
-72
-64
-80
-104
-64
-56
-80
-88
-120
-180
-228
-244
-212
-196
-212
-276
-356
-396
-396
-340
-340
-356
-396
-460
-460
-428
-396
-372
-340
-372
-372
-340
-276
-212
-180
-148
-164
-180
-148
-112
-40
48
96
112
96
88
132
112
112
104
72
56
80
112
112
104
96
80
112
96
80
16
-16
-24
-32
32
88
48
0
0
-56
-40
16
8
-8
-32
-32
-16
16
56
120
120
132
148
148
164
180
196
228
228
228
212
196
180
212
244
292
308
260
228
196
212
244
260
260
212
196
196
164
164
212
196
180
180
164
164
164
120
104
88
88
88
80
88
80
88
88
96
64
24
0
-8
-40
-48
-80
-88
-96
-104
-132
-180
-212
-228
-260
-276
-324
-356
-372
-396
-372
-324
-308
-292
-292
-292
-292
-276
-228
-180
-132
-104
-104
-96
-72
-40
8
48
72
48
40
16
0
0
8
8
0
-32
-80
-72
-96
-64
-16
-40
-96
-112
-148
-180
-148
-104
-64
-88
-112
-132
-132
-96
-64
-48
-40
-56
-56
-24
24
72
96
120
132
120
132
164
164
120
88
80
56
80
80
72
64
24
0
0
8
32
40
72
96
88
80
104
120
132
148
132
104
112
148
112
112
96
96
96
148
196
196
196
164
148
164
164
164
180
132
96
96
112
132
132
112
80
64
40
16
-16
-88
-132
-132
-120
-88
-88
-88
-104
-120
-104
-80
-96
-132
-164
-148
-164
-180
-180
-244
-228
-196
-148
-112
-96
-80
-112
-132
-120
-88
-88
-104
-96
-104
-104
-64
-24
-8
0
8
16
24
24
40
32
8
16
8
-8
0
8
32
40
16
56
48
64
80
64
40
40
32
40
96
132
132
96
72
72
24
48
48
56
40
0
-32
-64
-64
-24
-16
-32
0
-8
0
0
0
16
0
8
24
0
0
-8
-48
-56
-64
-56
-72
-80
-104
-88
-56
-72
-80
-80
-88
-80
-32
0
-8
-16
-48
-56
-32
-8
16
0
-48
-80
-48
0
48
64
64
16
32
80
104
104
24
0
-32
-24
-8
-16
-80
-104
-80
-32
24
32
0
-16
-16
-8
16
24
24
0
16
40
72
104
132
148
180
228
212
196
180
196
180
148
164
180
196
212
164
132
132
96
96
88
48
16
0
-8
8
24
8
-32
-80
-96
-72
-48
-56
-96
-148
-164
-120
-80
-48
-48
-32
0
8
16
0
-56
-112
-96
-88
-64
-16
-48
-80
-104
-80
-40
-16
-16
-56
-104
-148
-164
-148
-80
-32
-32
-48
-48
-48
-24
-16
-24
-40
-64
-96
-132
-120
-96
-80
-104
-120
-132
-120
-132
-88
-48
-24
-32
-32
-16
8
16
0
-8
-24
-8
-24
-24
-56
-112
-132
-148
-112
-80
-72
-96
-120
-132
-112
-56
-32
8
8
8
16
32
48
64
64
64
56
64
112
120
148
180
196
196
196
228
260
244
276
308
244
244
292
292
276
260
228
180
180
212
212
212
212
120
48
0
-40
-8
-16
-24
-40
-56
-56
-16
24
48
32
16
32
48
96
104
88
96
104
96
112
104
88
72
32
40
32
32
8
24
24
24
16
-40
-64
-72
-112
-112
-72
-72
-80
-132
-196
-228
-212
-228
-196
-180
