SAMPLES:	8220
BITSPERSAMPLE:	16
CHANNELS:	1
SAMPLERATE:	16000
NORMALIZED:	FALSE
0
0
0
0
0
0
0
0
0
0
0
0
0
0
0
0
0
0
0
0
0
0
0
0
0
0
0
0
0
0
0
0
0
0
0
0
0
0
0
0
0
0
0
0
0
0
0
0
0
0
0
0
0
0
0
0
0
0
0
0
0
0
0
0
8
8
8
8
8
8
0
0
8
0
0
0
0
0
0
0
0
0
0
0
0
0
0
0
0
0
0
0
0
0
0
-8
0
-8
-8
0
0
-8
-8
-8
-8
-8
-8
-8
-8
-8
0
0
-8
-8
-8
-8
-16
-16
-8
-8
-8
-8
-8
-8
0
-8
0
0
0
0
0
0
0
0
0
0
0
0
0
0
0
0
0
0
0
0
0
8
8
8
0
0
0
0
0
0
0
0
0
0
0
0
0
0
0
0
0
0
8
0
0
0
0
0
0
8
0
8
8
8
8
8
8
8
8
8
8
8
0
0
0
0
0
0
0
0
0
0
0
0
0
0
0
0
0
0
0
0
0
0
0
0
0
0
-8
-8
-8
0
0
0
0
0
-8
-8
0
0
-8
-8
-8
-8
-8
-8
0
0
0
0
0
0
0
0
0
0
0
0
0
0
0
0
0
0
0
0
0
0
0
0
0
0
0
0
0
0
0
0
0
0
0
0
0
0
0
0
0
8
0
0
0
0
0
0
0
0
0
8
8
0
8
0
8
8
8
8
8
8
8
8
8
8
8
8
8
8
8
8
8
0
0
0
0
0
0
0
0
0
8
0
0
0
0
0
0
0
0
0
0
0
0
0
0
0
0
0
0
0
0
0
0
0
0
0
0
0
0
0
0
0
0
0
0
0
0
0
0
0
0
0
0
0
0
0
0
0
0
0
0
0
0
0
0
0
0
0
0
0
0
0
0
0
0
0
0
0
0
0
-8
0
-8
-8
-8
-8
-8
-8
-8
-8
-8
-8
-8
-16
-16
-16
-16
-16
-16
-16
-8
-8
-8
-8
-8
-8
-8
-8
-16
-8
-16
-16
-8
-8
-8
-8
0
0
-8
-8
0
-8
0
0
0
0
0
0
0
0
0
0
0
0
0
0
8
8
8
8
8
8
8
8
8
8
8
8
16
8
8
16
16
16
16
16
16
16
16
16
16
16
16
16
16
16
16
16
16
16
24
24
24
16
16
16
16
16
8
8
8
8
8
8
8
8
8
8
8
8
8
8
0
0
0
0
0
0
0
0
0
0
0
0
0
0
0
0
0
0
0
0
-8
-8
-8
-8
-8
-8
-8
-8
-8
-8
-8
-16
-16
-16
-16
-16
-16
-16
-16
-16
-16
-16
-24
-24
-24
-16
-16
-24
-24
-24
-24
-24
-24
-24
-24
-24
-24
-24
-24
-24
-24
-24
-24
-24
-24
-24
-24
-24
-24
-16
-16
-8
-8
-8
-8
0
0
0
0
0
0
0
0
8
8
0
8
8
8
16
16
16
16
16
16
16
24
24
24
32
24
24
32
32
32
24
32
24
24
24
24
24
24
24
24
24
24
24
16
24
24
16
16
16
16
8
16
8
8
8
16
16
16
8
8
8
8
8
0
0
0
0
0
0
0
0
0
0
0
0
0
0
0
0
0
0
0
0
0
0
0
-8
-8
-8
-8
-16
-16
-16
-16
-16
-16
-16
-16
-16
-24
-24
-16
-24
-24
-24
-24
-16
-16
-16
-16
-8
-16
-16
-16
-16
-16
-16
-16
-16
-16
-16
-8
-8
-8
-8
-16
-16
-8
-8
-16
-16
-16
-8
-8
-8
-8
-8
-8
-8
-8
-8
-8
0
0
0
0
0
0
0
0
0
0
-8
-8
-8
-8
-8
0
0
0
0
0
0
0
0
0
0
0
0
0
0
0
0
0
0
8
8
8
8
8
8
16
16
16
16
16
16
16
8
16
16
16
16
16
24
16
16
24
24
24
24
24
24
24
24
24
24
24
24
24
16
16
16
16
16
16
16
16
16
16
16
16
16
16
16
16
16
16
8
8
8
8
8
8
8
8
8
8
8
8
8
0
0
0
0
0
0
0
0
0
0
0
0
0
-8
-8
-8
-8
-8
-8
-8
-8
-8
-8
-16
-16
-16
-24
-24
-24
-24
-32
-32
-32
-32
-32
-32
-32
-32
-32
-40
-40
-40
-40
-40
-40
-40
-40
-48
-48
-48
-40
-40
-40
-40
-40
-40
-40
-32
-32
-32
-32
-24
-24
-24
-16
-16
-16
-8
-8
-8
-8
-8
0
0
0
0
0
0
0
0
8
8
8
8
16
16
24
24
24
32
24
32
32
32
24
32
32
32
32
32
32
32
32
32
32
32
32
32
32
32
32
32
32
32
32
32
32
32
32
32
32
32
32
24
24
24
24
24
24
24
16
16
16
16
16
16
16
8
8
8
8
8
8
8
8
0
0
0
0
0
0
0
0
0
0
-8
-8
-8
-8
-8
-8
-8
-8
-8
-8
-8
-16
-16
-16
-16
-16
-16
-16
-16
-16
-16
-16
-16
-16
-16
-16
-16
-16
-16
-16
-16
-16
-16
-16
-16
-16
-16
-16
-8
-16
-8
-8
-8
-8
-8
-8
-16
-16
-8
-8
-8
-8
-8
-8
-8
-16
-8
-8
-8
0
-8
0
0
0
0
0
0
0
0
0
0
0
0
0
0
0
0
0
0
0
0
0
0
0
0
0
0
0
0
0
0
0
0
0
0
0
0
0
0
0
0
0
0
0
0
0
0
0
0
0
0
0
0
0
0
0
0
0
0
0
0
0
0
0
0
0
0
0
0
0
0
0
0
0
0
0
0
0
0
8
0
8
8
8
8
8
8
8
8
8
8
8
8
8
8
8
8
8
8
8
8
8
8
8
8
8
8
8
8
8
8
8
8
8
0
0
0
0
0
0
0
0
0
0
0
0
0
0
0
0
0
0
-8
-8
-8
-8
-8
-8
-8
-8
-8
-8
-16
-16
-16
-16
-16
-8
-8
-8
-8
-16
-16
-16
-16
-16
-16
-8
-8
-8
-8
-8
-8
-8
-8
-8
-8
-8
-8
-8
-8
-8
-8
-8
-8
-8
-8
-8
-8
-8
-8
-8
0
0
0
0
0
0
0
0
0
0
0
8
8
0
0
0
0
0
0
0
0
8
8
8
8
8
8
8
8
8
8
8
8
8
8
8
8
8
8
8
8
8
8
8
16
8
16
8
8
8
8
8
0
0
0
0
0
0
8
8
8
8
8
8
8
8
8
8
8
8
8
0
0
0
0
8
0
0
0
0
0
0
0
0
0
0
0
0
0
0
0
0
0
0
0
0
0
0
0
-8
-8
-8
-8
-8
-16
-16
-16
-16
-16
-16
-16
-24
-16
-16
-16
-16
-16
-16
-16
-16
-16
-16
-16
-16
-16
-16
-16
-16
-16
-16
-16
-16
-16
-16
-16
-16
-8
-16
-8
-8
-8
-8
0
0
0
0
0
0
0
0
0
0
0
0
0
0
0
0
0
0
0
8
8
8
8
8
8
8
8
0
0
8
0
8
8
8
8
8
16
8
8
16
8
8
8
8
8
8
8
8
8
8
8
8
8
8
8
8
8
8
8
8
8
8
8
8
8
8
8
8
8
8
8
8
8
8
8
8
8
0
8
0
0
8
0
0
0
0
0
0
0
8
0
0
0
0
0
0
0
0
0
0
0
0
0
0
0
0
0
0
0
0
0
0
0
0
0
0
0
0
0
0
0
0
-8
-8
-8
-8
-16
-8
-8
-16
-8
-8
-16
-16
-16
-16
-16
-16
-8
-16
-16
-16
-16
-8
-16
-16
-16
-16
-16
-16
-8
-8
-16
-16
-8
-8
-8
-8
-8
-8
-8
-8
-8
0
-8
-8
0
0
-8
0
0
-8
-8
-8
-8
0
0
0
0
0
0
0
-8
-8
-8
0
0
0
0
0
0
0
0
0
0
0
0
0
0
0
0
0
0
0
0
0
0
0
0
8
8
8
8
8
8
8
8
8
16
16
16
16
24
16
16
16
16
24
24
24
24
24
24
24
24
32
32
32
32
32
32
32
32
32
32
32
32
24
24
24
24
24
24
24
16
16
16
16
16
8
8
8
8
0
0
0
0
-8
-8
-8
-8
-16
-16
-16
-16
-16
-24
-24
-24
-32
-40
-40
-40
-40
-40
-40
-48
-48
-48
-48
-48
-48
-40
-40
-40
-40
-40
-40
-40
-40
-48
-48
-48
-48
-48
-40
-40
-32
-24
-16
-16
-8
-8
0
0
0
0
0
0
0
0
0
0
0
8
16
16
24
24
24
24
32
32
32
32
32
24
24
16
24
24
24
24
24
16
16
16
16
8
8
8
8
16
8
8
8
8
8
8
16
16
8
0
0
0
0
0
0
8
0
0
8
16
24
24
16
16
24
24
16
16
16
16
16
24
16
16
16
8
16
16
16
16
16
16
16
16
16
16
16
8
8
8
8
0
8
8
0
0
0
0
0
-8
-8
-16
-16
-8
-8
-8
-16
-16
-16
-16
-16
-16
-16
-16
-16
-16
-16
-24
-24
-16
-16
-16
-24
-24
-16
-8
-8
-16
-40
-32
-16
0
-8
0
16
8
-32
-48
-8
16
8
-16
-16
-8
-16
-56
-56
-24
8
0
-40
-64
-72
-56
-32
-8
0
-24
-64
-64
-56
-24
-8
0
0
-16
-48
-56
-24
0
0
0
0
-32
-64
-80
-48
-8
0
-16
-48
-64
-56
-32
0
16
32
32
8
0
0
32
72
104
112
96
88
72
80
132
164
196
180
164
164
180
212
244
276
276
244
196
148
120
132
148
148
104
56
0
-40
-64
-48
-40
-56
-120
-196
-228
-244
-244
-228
-212
-212
-260
-292
-308
-276
-244
-212
-196
-180
-180
-196
-180
-148
-88
-56
-48
-56
-64
-64
-64
-40
-8
0
-8
-16
-16
0
16
40
56
48
40
64
72
72
64
80
104
88
72
104
132
148
164
180
164
148
132
148
180
180
132
164
340
556
620
524
460
492
524
492
428
492
588
588
428
180
40
48
96
104
40
-120
-396
-684
-812
-748
-652
-684
-780
-844
-924
-1116
-1244
-1116
-876
-748
-716
-748
-812
-844
-748
-524
-244
-64
-48
-180
-260
-196
0
148
260
324
308
196
80
96
260
460
524
428
260
88
8
56
196
396
428
276
72
-40
16
132
244
324
356
228
40
-40
24
180
308
340
308
180
-8
-64
40
276
460
396
148
-104
-164
-32
112
212
212
64
-104
-212
-196
72
588
988
1180
988
716
684
876
1180
1372
1500
1628
1564
1244
924
812
988
1180
1116
812
276
-340
-812
-924
-716
-716
-988
-1372
-1692
-1980
-2236
-2364
-2364
-2108
-2108
-1980
-1980
-2108
-2108
-1820
-1436
-988
-588
-428
-620
-780
-620
-292
40
228
428
492
308
104
148
428
652
652
556
324
132
8
-56
24
180
180
-16
-244
-292
-228
-196
-148
-8
148
96
-80
-112
8
148
212
324
396
308
120
24
72
180
212
104
-120
-276
-212
-64
0
32
-24
-196
-372
-356
-180
-72
-120
-148
-120
0
396
1116
1980
2364
2492
2620
2620
2364
1980
1980
2748
3900
4348
3644
2364
1692
1692
1820
1884
1628
988
-24
-1052
-1884
-2236
-2364
-2236
-1980
-1756
-2364
-3644
-4860
-5116
-4604
-3388
-2748
-2748
-3004
-3388
-3388
-3004
-1980
-924
-340
-308
-524
-748
-684
-292
620
1884
2492
2236
1564
1052
780
652
1116
1820
1980
1372
244
-556
-620
-228
340
524
492
24
-924
-1692
-1564
-684
0
96
24
-196
-716
-1244
-1052
-148
524
620
260
-228
-588
-748
-324
260
620
524
-72
-780
-1180
-924
-212
148
96
-164
-492
-812
-812
-164
524
748
620
492
460
396
556
1500
2876
4348
4860
4860
4604
3772
2876
2492
3260
5372
6652
5884
3772
1820
1372
1756
2108
2364
2108
1244
-460
-2364
-3644
-4092
-3644
-2364
-1244
-1628
-3772
-6396
-7676
-6908
-4860
-3132
-2876
-3516
-4348
-5116
-5116
-4092
-2492
-652
276
16
-924
-1820
-2108
-1244
524
2236
3004
2492
1372
228
-556
8
1884
3516
3516
1820
-24
-1244
-1628
-844
812
2108
1884
-180
-2236
-2876
-1980
-492
396
812
460
-748
-2236
-2492
-1052
716
1564
1308
652
-228
-1180
-1308
-212
1244
2108
1564
260
-812
-988
-260
812
1564
1564
812
-492
-1436
-1052
292
1372
1628
1308
924
428
164
748
1884
2620
2364
1564
844
924
2364
4604
6396
6908
6140
4348
2108
988
2108
4860
7164
6908
4604
1756
104
148
924
1884
2492
1980
-64
-3132
-5628
-6140
-5116
-2620
-716
-620
-3132
-6908
-8828
-8316
-5372
-2876
-1756
-2108
-3388
-4860
-5628
-4860
-2492
112
1820
1692
-64
-2108
-3004
-2236
180
2748
4092
3132
1116
-924
-1980
-1500
556
3132
4092
2748
-340
-3004
-3644
-2108
164
1756
1628
-196
-2620
-4092
-3644
-1628
340
988
620
-492
-1628
-2492
-2236
-396
1692
2748
2492
1116
-292
-1116
-460
1436
3260
3516
1884
-292
-1820
-1500
180
1980
2620
1564
-244
-1820
-2108
-988
684
1884
1980
988
120
-372
-120
876
2108
3004
2748
1692
716
492
1116
2236
3900
5116
5628
4860
4092
4092
3900
3132
2364
2748
4604
5628
4604
2108
276
244
924
1116
876
120
-988
-2492
-3772
-4348
-4604
-4348
-3260
-1980
-1884
-3900
-6652
-7676
-6140
-3644
-2108
-1980
-2748
-3516
-3644
-3388
-2364
-844
524
988
460
-492
-1436
-1692
-844
780
2236
2492
1436
428
-356
-780
-812
-88
1500
3004
2620
112
-2748
-3260
-1372
844
1980
1820
524
-1692
-3260
-2748
-276
1980
2236
1052
-428
-988
-876
-556
652
2492
3516
2236
64
-844
-428
196
748
1564
1820
428
-1756
-2620
-1820
-180
924
812
-228
-1500
-2364
-2236
-1244
180
1308
1116
-212
-1116
-684
356
1308
2236
3004
2620
1180
180
588
1628
2236
2876
3644
4092
3900
3644
4092
4860
4860
3772
2236
1980
3516
4860
4604
2876
1500
1308
1308
1116
652
-112
-988
-1756
-2108
-2620
-3772
-4604
-4092
-2620
-1756
-2876
-5116
-6652
-6396
-4860
-3644
-3260
-3260
-3388
-3388
-3388
-3260
-2748
-1980
-1116
-372
-228
-988
-2108
-2364
-1308
292
1180
1308
1052
244
-876
-1436
-716
1500
3644
3260
524
-1980
-2108
-684
748
1692
1980
1052
-924
-2236
-1500
356
1756
1820
844
276
308
0
-396
428
2364
3132
1756
308
32
120
-48
396
1628
1980
716
-1052
-1628
-1052
0
748
684
8
-812
-1500
-1628
-988
340
1372
1116
460
460
1052
1372
1628
2620
3644
3388
2492
1980
2236
2492
2876
3260
3132
2876
2748
3004
3388
4092
4604
4860
4348
2876
1308
620
1436
3132
4092
3004
876
-652
-1180
-1116
-844
-588
-684
-1564
-3004
-4348
-5628
-5628
-4604
-3004
-2236
-3004
-4860
-6652
-7420
-6140
-4348
-2876
-2492
-2876
-3772
-4604
-4604
-3644
-1692
-80
372
-356
-1628
-2492
-2108
-620
1116
2108
1980
924
-228
-652
-228
588
2236
3900
3516
812
-1628
-1372
356
1372
1884
2364
2108
524
-1372
-1564
-132
1692
2492
1980
1116
356
-748
-1628
-620
2108
3644
2236
-132
-1500
-1628
-1372
-244
1436
1884
356
-1820
-2620
-1980
-652
556
988
524
-356
-1180
-1564
-1436
8
1756
2236
1756
1116
924
748
1116
2876
4604
4604
2876
1564
1372
1820
2876
4092
4092
2620
1372
1436
2236
3132
4092
4348
4604
4348
3004
1116
-64
1052
3516
4860
3900
1820
-8
-812
-524
276
492
-180
-1244
-2236
-3132
-4092
-4860
-4604
-3388
-2364
-2364
-4092
-6396
-7420
-6652
-5116
-3644
-3132
-3388
-4092
-4604
-4348
-3388
-2108
-1116
-460
-340
-876
-1500
-1500
-780
396
1500
1980
1756
1308
652
148
120
1500
3260
3388
1692
-104
-556
-396
-148
652
1628
1692
428
-1180
-2108
-1884
-652
524
844
620
-148
-1500
-2748
-1884
716
2364
1564
-196
-1244
-1500
-1436
-588
924
1564
844
-524
-1372
-1308
-556
620
1372
1308
556
-460
-1244
-1052
356
1884
2364
1884
1372
1052
844
1372
2748
3900
3772
2876
2108
1980
2236
2876
3516
3516
2748
1820
1500
2108
3132
4092
4348
4604
4348
2364
-652
-1692
748
3644
4092
2492
1116
844
-80
-1564
-1756
-492
876
32
-2364
-4092
-4604
-4348
-3900
-2492
-716
-924
-3388
-5884
-6396
-5116
-3900
-2876
-1980
-1564
-2236
-3388
-3772
-2748
-1372
-356
-164
-244
-620
-1436
-2108
-1692
308
2108
2236
1180
112
-492
-748
-164
1436
2492
1980
492
-428
-492
-276
340
988
1244
780
-196
-924
-1116
-812
-276
80
244
148
-428
-1116
-1308
-876
-120
324
244
-292
-876
-1308
-1244
-524
372
716
308
-428
-924
-844
-324
148
428
556
396
56
-148
148
748
1244
1628
1820
1884
1628
1500
1884
2492
2876
2876
2364
1980
1980
2236
2620
2620
2236
1564
844
460
460
988
1308
1436
1308
1116
1244
1980
3132
3516
2364
780
132
844
1980
2620
2620
1756
988
356
-180
-524
-716
-324
-80
-844
-2236
-3516
-4092
-3900
-2876
-1820
-1756
-3132
-4860
-5884
-5116
-3900
-2620
-2108
-2364
-3004
-3388
-3132
-2492
-1500
-460
-132
-228
-492
-780
-684
-396
244
1052
1564
1628
1180
524
32
180
924
1628
2492
2876
1180
-924
-1980
-924
620
924
492
-460
-1564
-2364
-2492
-1500
-260
340
-212
-1564
-1820
-1372
-1052
-876
-48
1180
1180
88
-556
-276
492
1052
1692
2108
1628
492
-276
72
1180
2236
2364
1692
780
308
428
812
1372
2108
2364
1500
716
620
1052
1564
2236
2876
2748
1692
844
812
1308
1628
1756
1628
812
0
-196
292
1180
1692
1884
1980
2236
3004
2876
1884
876
1052
2108
2748
2748
2108
1180
492
196
180
-24
-588
-780
-988
-1628
-2492
-3388
-3900
-3644
-2876
-2236
-2748
-3900
-4860
-5116
-4604
-3772
-2876
-2620
-3004
-3388
-3260
-2620
-1820
-1244
-844
-716
-684
-588
-460
-132
96
292
356
428
684
684
492
-48
-372
-180
244
492
684
780
-148
-1500
-1980
-924
96
24
-812
-1564
-1692
-1308
-924
-620
-164
104
112
-324
-96
716
844
428
556
1628
2108
1564
924
924
1244
1500
1692
1884
1628
988
340
324
924
1436
1372
620
88
164
492
812
988
1308
1564
1308
988
1116
1372
1372
1180
1500
1980
2108
1820
1564
1564
1500
1500
1564
1436
1180
1052
1244
1436
1436
1564
1820
2236
2876
3132
2620
1628
988
1116
1628
2236
2492
1980
988
396
96
-244
-556
-396
-180
-684
-1692
-2748
-3260
-3260
-3004
-2620
-2492
-3004
-3900
-4604
-4604
-4092
-3644
-3388
-3516
-3516
-3388
-3388
-3132
-2748
-2236
-1884
-1564
-1372
-1372
-1564
-1628
-1500
-1116
-684
-428
-492
-812
-1308
-1500
-1180
-652
-148
228
396
16
-844
-1308
-588
428
748
396
-96
-292
-48
324
620
988
1308
1308
812
620
1052
1244
988
988
1500
1884
1436
924
780
1052
1180
1180
1052
844
396
-88
-308
48
588
716
356
48
72
276
492
748
1052
1308
1180
924
1116
1628
1980
2108
2364
2620
2748
2620
2364
2492
2492
2364
2236
2108
1820
1500
1628
1980
2108
1980
1756
1820
2108
2620
3004
3132
2748
1756
988
1244
2108
2620
2236
1500
988
340
-396
-924
-748
-292
-524
-1372
-2492
-3388
-3772
-3900
-3388
-2620
-2620
-3516
-4860
-5372
-5116
-4604
-3900
-3388
-3132
-3388
-3900
-4092
-3772
-3004
-2236
-1692
-1500
-1628
-1980
-2364
-2236
-1564
-588
96
112
-396
-988
-1244
-924
-24
988
1980
1756
260
-1116
-1180
32
988
1180
844
164
-524
-988
-748
148
1052
1436
844
80
80
228
56
120
1052
1884
1564
780
340
356
588
924
1436
1628
1052
148
-428
-132
556
1180
1116
620
372
292
372
556
1052
1628
1564
1180
1116
1436
1820
1884
2108
2620
2876
2364
1980
1884
1820
1884
2108
2236
1884
1244
924
1116
1500
1980
1980
1756
1628
1820
2236
2620
3004
3132
2364
1244
1052
1756
2236
1980
1372
1052
652
16
-620
-924
-748
-748
-1180
-1980
-2748
-3516
-4092
-4092
-3260
-2748
-3132
-4092
-5116
-5116
-4604
-4092
-3516
-3132
-3132
-3516
-3772
-3644
-2748
-1980
-1564
-1500
-1500
-1628
-1756
-1628
-924
8
324
-24
-324
-460
-460
-276
492
1564
1564
308
-924
-988
-372
180
588
652
212
-556
-988
-652
356
1244
1372
748
356
524
716
620
988
1820
1980
1436
924
924
988
1052
1308
1756
1692
1052
372
132
428
988
1244
924
260
-112
-24
292
780
1436
1500
1052
684
924
1372
1564
1692
2108
2364
2108
1756
1628
1756
1820
1980
2108
1884
1372
876
748
1116
1692
1980
1564
1116
988
1116
1372
2108
2620
2364
844
-460
-396
556
1308
1180
780
148
-620
-1372
-1692
-1372
-844
-780
-1372
-2236
-3132
-3772
-3772
-3260
-2364
-1980
-2748
-4092
-4860
-4604
-4092
-3132
-2492
-2492
-2876
-3516
-3644
-3260
-2620
-1820
-1372
-1116
-1308
-1564
-1756
-1500
-620
196
492
308
-120
-492
-684
-80
1116
1820
1692
812
164
-112
0
556
1116
1372
988
228
-132
180
924
1500
1500
1244
812
460
460
716
1180
1564
1436
1052
748
620
652
924
1308
1436
1244
780
524
556
876
1372
1628
1564
1180
812
620
748
1244
1820
1884
1628
1244
1052
1180
1564
1980
2236
1980
1628
1308
1116
1180
1436
1628
1372
924
524
260
396
844
1244
1180
780
276
56
292
780
1372
1692
1564
1052
356
-112
88
812
1372
988
196
-492
-924
-1180
-1244
-1052
-924
-1244
-2108
-2876
-3516
-3644
-3516
-3132
-3004
-3132
-3772
-4604
-4860
-4348
-3772
-3260
-3132
-3132
-3388
-3644
-3260
-2492
-1756
-1308
-1052
-988
-1180
-1372
-1244
-620
64
524
524
132
-260
-340
180
844
1308
1308
780
-148
-588
-72
748
1116
1116
844
340
-56
56
780
1372
1308
1052
748
524
652
1052
1372
1564
1564
1308
1052
988
1180
1564
1628
1564
1500
1500
1372
1308
1500
1628
1500
1308
1180
1116
924
924
1244
1564
1628
1500
1244
1116
1244
1628
1884
1820
1692
1564
1372
1308
1564
1820
1756
1372
924
684
556
684
924
924
588
64
-324
-396
8
652
1180
1372
1116
620
-80
-396
24
876
1372
1180
460
-356
-748
-748
-428
-24
-48
-716
-1820
-2748
-3132
-2876
-2492
-2236
-2108
-2620
-3516
-4348
-4348
-3900
-3388
-2876
-2876
-3388
-4092
-4092
-3516
-2620
-1820
-1436
-1500
-1884
-2236
-2108
-1372
-492
56
148
-120
-396
-460
-196
324
844
1052
876
372
24
104
324
396
524
684
556
88
-356
-308
72
308
396
396
196
-96
-164
244
780
988
844
684
684
812
988
1180
1372
1436
1436
1308
1308
1500
1628
1500
1308
1308
1308
1244
1372
1500
1564
1500
1436
1500
1628
1692
1628
1500
1564
1756
1884
1820
1692
1628
1500
1372
1436
1436
1244
988
924
988
1052
1052
988
924
844
876
1052
1244
1436
1500
1436
1116
620
324
556
924
1180
988
396
-196
-428
-356
-228
-260
-588
-1372
-2236
-2620
-2492
-2236
-2108
-2492
-2876
-3388
-3772
-3772
-3644
-3388
-3132
-3260
-3388
-3644
-3772
-3516
-2876
-2236
-1884
-1884
-2108
-2108
-1884
-1308
-652
-308
-276
-428
-588
-556
-244
244
524
524
308
132
-8
-64
16
180
244
64
-164
-340
-428
-308
-96
-16
-8
-48
-228
-372
-260
-16
196
372
460
524
492
524
716
988
1180
1116
988
924
1052
1308
1564
1692
1628
1436
1372
1564
1692
1756
1692
1564
1436
1372
1564
1692
1820
1820
1756
1692
1628
1692
1756
1756
1692
1564
1500
1628
1564
1436
1308
1244
1244
1180
1116
924
844
748
812
988
1052
1052
924
780
748
716
556
356
308
276
260
132
-8
-112
-228
-492
-716
-924
-1180
-1500
-1692
-1756
-1884
-2108
-2364
-2620
-2748
-2748
-2620
-2620
-2876
-3388
-3516
-3388
-3132
-2748
-2492
-2492
-2620
-2748
-2620
-2108
-1628
-988
-684
-988
-1436
-1436
-780
-340
-148
-56
8
-180
-460
-460
-148
180
244
80
-56
-120
-196
-292
-212
196
460
324
72
24
212
260
356
684
876
620
276
460
924
1116
1116
1180
1116
844
652
1052
1500
1628
1500
1372
1244
1180
1436
1820
1980
1820
1436
1308
1244
1308
1628
1756
1756
1564
1500
1436
1308
1244
1372
1436
1308
1116
988
812
748
844
924
812
588
428
212
56
-32
72
212
88
-96
-164
-180
-112
-32
40
8
-132
-292
-396
-396
-276
-164
-212
-340
-428
-460
-460
-524
-620
-748
-876
-988
-924
-988
-1308
-1628
-1884
-1884
-1756
-1756
-1820
-2108
-2236
-2364
-2364
-2236
-2108
-2108
-2108
-2108
-1980
-1884
-1692
-1436
-1308
-1308
-1180
-988
-924
-780
-556
-396
-396
-356
-228
8
132
132
196
356
460
556
652
652
588
556
684
876
988
924
924
924
988
988
1052
1052
988
988
988
1052
1180
1308
1244
1244
1244
1244
1244
1308
1244
1308
1372
1372
1372
1372
1372
1308
1244
1308
1372
1244
1052
924
780
844
988
988
748
492
308
180
132
212
180
8
-212
-356
-396
-340
-292
-308
-372
-460
-556
-620
-588
-556
-524
-524
-556
-588
-556
-556
-588
-524
-428
-340
-292
-356
-428
-460
-492
-460
-308
-276
-428
-620
-780
-812
-812
-812
-780
-876
-1052
-1180
-1180
-1116
-1052
-988
-988
-1052
-1052
-1052
-1052
-1052
-988
-812
-716
-684
-716
-684
-588
-460
-340
-260
-180
-148
-212
-228
-180
-180
-148
-32
72
72
16
-56
-104
-56
104
292
372
292
196
164
212
340
588
716
684
620
556
524
556
812
1052
1180
924
652
620
684
876
1180
1308
1308
1180
1116
1180
1116
1052
1116
1244
1308
1180
988
876
844
924
1052
988
716
428
212
180
196
276
372
276
96
-8
-56
-120
-88
40
120
132
8
-244
-460
-524
-428
-260
-132
-196
-372
-556
-652
-588
-396
-324
-372
-556
-748
-780
-748
-652
-556
-556
-588
-524
-492
-524
-588
-684
-716
-716
-620
-588
-716
-844
-876
-812
-716
-524
-428
-524
-620
-684
-652
-588
-492
-396
-396
-460
-460
-428
-372
-276
-212
-212
-260
-308
-396
-372
-356
-356
-324
-324
-340
-356
-396
-428
-428
-340
-132
-16
24
88
56
24
72
260
428
396
308
228
228
292
428
588
588
460
428
372
356
340
396
524
556
524
492
492
524
684
924
988
988
924
876
844
876
988
1052
1052
988
924
844
780
812
924
844
716
588
556
524
428
396
372
396
356
340
292
164
24
-8
8
-8
-32
-132
-228
-324
-396
-324
-244
-260
-340
-492
-588
-620
-524
-428
-428
-492
-524
-524
-524
-492
-492
-556
-556
-556
-524
-428
-460
-524
-556
-492
-428
-324
-308
-340
-428
-428
-356
-228
-180
-228
-244
-276
-308
-228
-148
-148
-212
-308
-396
-372
-308
-308
-356
-492
-588
-556
-492
-460
-460
-460
-428
-428
-428
-324
-292
-324
-276
-180
-132
-132
-244
-228
-148
-48
16
16
-24
-80
-180
-244
-180
-56
0
8
0
-16
0
72
212
292
308
244
244
356
524
652
780
780
748
844
924
988
1052
1052
1052
1052
1052
1180
1180
1116
988
876
844
844
748
620
460
396
396
276
212
164
56
-88
-132
-132
-196
-292
-372
-396
-460
-524
-492
-340
-244
-260
-308
-340
-292
-196
-80
-56
-112
-148
-112
-56
-56
-40
-16
-32
-64
-80
-120
-120
-56
-56
-104
-148
-180
-164
-164
-132
-32
0
-24
-24
-40
-40
-64
-72
-148
-212
-212
-132
-164
-212
-212
-180
-88
-72
-88
-132
-244
-308
-276
-260
-308
-396
-492
-524
-428
-372
-324
-292
-324
-396
-460
-492
-340
-212
-228
-356
-460
-396
-396
-396
-308
-292
-308
-340
-276
-164
-148
-164
-180
-96
16
112
148
104
148
260
396
428
460
524
492
492
588
684
748
620
524
460
428
492
556
524
372
260
196
180
164
244
276
196
64
-56
-112
-212
-180
-132
-148
-164
-180
-164
-164
-148
-132
-72
-32
-16
0
-32
-88
-88
24
180
308
356
276
164
104
164
276
340
324
228
64
-32
24
164
212
148
56
-48
-96
-112
-132
-104
-132
-164
-164
-228
-276
-324
-356
-396
-428
-308
-148
-56
-132
-228
-276
-164
-8
112
132
-32
-164
-96
112
324
428
356
212
148
180
292
372
356
276
148
148
196
228
228
180
132
56
0
-112
-180
-292
-396
-428
-356
-292
-340
-460
-460
-396
-276
-212
-164
-132
-88
-8
80
132
120
132
112
112
164
228
324
340
356
356
356
340
260
180
48
40
80
96
112
72
-72
-132
-56
16
64
32
-40
-132
-148
-96
-16
80
148
132
120
164
196
212
164
120
96
112
164
96
16
-24
-132
-228
-228
-228
-292
-460
-556
-588
-556
-524
-524
-524
-588
-620
-588
-556
-588
-588
-588
-556
-524
-524
-428
-340
-212
-72
-24
-80
-96
0
112
228
212
132
120
120
132
244
340
356
276
244
196
228
260
260
228
228
244
196
148
88
88
96
96
72
120
112
16
-32
-32
0
-24
-16
0
0
-72
-72
24
164
244
292
324
292
260
292
340
428
524
620
652
556
492
460
556
684
780
748
524
324
228
308
524
588
524
356
196
180
196
212
228
196
196
164
132
80
24
56
96
148
120
24
-80
-212
-276
-276
-196
-148
-196
-356
-588
-652
-684
-652
-588
-652
-780
-876
-924
-876
-780
-780
-780
-812
-812
-812
-812
-748
-716
-620
-556
-524
-492
-492
-492
-492
-396
-308
-244
-228
-244
-260
-180
-104
-48
-16
-8
-24
-80
-72
0
104
196
260
228
180
180
180
244
260
308
276
244
308
292
276
260
228
308
372
372
276
180
196
196
228
356
396
396
292
180
180
308
396
340
276
164
88
164
324
492
556
556
460
460
524
620
684
684
588
556
492
492
492
460
340
276
260
292
276
148
-8
-88
-16
32
132
132
24
-132
-212
-148
-56
-40
-88
-148
-260
-324
-356
-396
-396
-396
-428
-428
-460
-492
-524
-556
-524
-492
-460
-492
-588
-652
-652
-588
-492
-372
-340
-396
-428
-396
-308
-260
-196
-104
-40
-48
-120
-196
-164
-88
-56
-40
-48
-80
-112
-88
-8
24
64
120
120
120
112
104
96
64
48
8
0
32
56
56
8
-32
-48
24
88
132
132
164
212
180
228
340
428
460
428
340
276
276
292
292
276
196
72
8
88
148
196
244
212
180
148
120
148
212
212
196
120
148
212
276
308
292
228
212
292
324
340
292
196
64
-64
-64
-40
-72
-164
-180
-212
-276
-276
-308
-372
-396
-460
-524
-460
-428
-460
-524
-588
-556
-524
-524
-588
-620
-556
-460
-396
-356
-356
-396
-396
-340
-292
-212
-148
-148
-132
-112
-64
-16
64
132
196
212
196
228
292
292
244
260
292
308
340
356
324
260
244
308
396
428
396
324
260
244
244
324
340
292
212
164
120
104
132
164
196
196
164
88
88
88
48
56
64
112
180
180
104
48
72
112
244
308
196
80
-40
-32
48
132
148
56
-56
-148
-148
-64
8
32
-8
-112
-244
-244
-132
-48
-24
-64
-64
-32
24
32
32
-24
0
0
-40
-64
-132
-244
-340
-276
-196
-196
-228
-340
-428
-460
-556
-524
-492
-492
-524
-556
-588
-588
-556
-588
-556
-460
-396
-372
-460
-492
-492
-396
-244
-104
-40
-48
-96
-104
-40
40
164
228
244
196
164
180
292
428
524
524
492
396
428
460
460
524
524
428
356
356
356
396
396
396
428
396
372
372
396
428
372
324
292
244
212
132
64
64
148
212
212
196
148
148
164
228
260
244
180
112
132
196
228
212
148
104
120
88
40
-48
-104
-104
-132
-72
-72
-88
-104
-148
-164
-164
-164
-180
-244
-276
-244
-228
-212
-212
-228
-292
-292
-228
-148
-132
-148
-228
-308
-324
-324
-308
-308
-308
-396
-460
-524
-588
-620
-652
-652
-620
-556
-556
-620
-588
-556
-492
-428
-396
-396
-396
-460
-428
-340
-260
-164
-112
-56
-40
-8
-16
16
132
244
292
292
276
292
340
428
524
588
556
492
460
492
524
524
556
492
428
396
372
396
396
428
428
396
340
308
324
308
324
324
292
228
132
104
88
132
212
212
164
88
16
-24
0
72
80
104
88
32
24
24
72
148
148
96
24
24
48
24
80
132
164
164
164
148
96
88
96
96
80
80
56
0
-48
-40
0
16
40
-48
-164
-212
-180
-96
-56
-80
-132
-196
-212
-212
-212
-228
-292
-340
-428
-428
-460
-460
-492
-460
-428
-460
-460
-460
-492
-524
-556
-556
-524
-492
-492
-524
-524
-524
-524
-524
-460
-396
-340
-292
-212
-180
-148
-132
-112
-40
0
16
8
0
32
104
180
212
196
228
244
260
276
308
324
324
324
308
340
356
396
396
356
292
260
292
356
492
492
396
308
308
356
356
356
340
324
340
324
308
276
260
228
212
260
292
276
196
180
180
180
212
212
228
196
196
148
88
104
132
112
96
64
24
-8
-40
-40
-8
0
-24
-32
-104
-164
-164
-180
-148
-132
-132
-104
-104
-120
-148
-164
-164
-148
-164
-212
-260
-292
-276
-196
-120
-64
-88
-180
-276
-324
-340
-292
-260
-276
-292
-292
-324
-324
-276
-276
-260
-212
-132
-120
-164
-164
-120
-40
56
132
112
72
48
24
24
48
40
56
24
0
-8
-24
16
56
56
56
24
-56
-104
-56
-16
0
0
-8
8
0
0
-16
-8
32
96
132
132
48
-16
-8
40
132
164
88
0
-8
16
64
72
40
-24
-96
-120
-80
-24
0
16
48
32
-32
-16
16
80
96
96
104
104
164
260
324
324
356
356
396
396
340
308
260
244
276
308
228
132
72
16
0
16
-8
-64
-96
-164
-212
-180
-120
-164
-212
-228
-292
-308
-244
-196
-164
-132
-112
-104
-88
-56
-40
-16
8
24
24
0
-72
-64
0
40
64
72
56
8
16
64
72
64
8
-48
-104
-104
-48
-40
-56
-112
-132
-164
-180
-164
-132
-104
-132
-180
-132
-88
-104
-88
-72
-104
-88
-88
-164
-228
-260
-260
-228
-180
-164
-180
-244
-228
-148
-104
-120
-148
-148
-180
-164
-72
0
24
48
104
104
80
96
148
196
244
276
292
276
212
196
212
244
260
276
292
260
180
148
132
196
244
308
292
228
180
164
196
260
292
228
180
148
112
132
164
164
180
132
48
32
48
56
72
48
-8
-40
-80
-88
-32
-16
-56
-120
-148
-120
-88
-104
-96
-80
-80
-80
-72
-8
16
24
16
8
24
8
40
104
120
88
88
48
64
132
104
40
8
-32
-88
-164
-180
-132
-132
-164
-196
-228
-260
-308
-340
-308
-276
-308
-372
-372
-324
-276
-228
-228
-244
-276
-308
-308
-324
-308
-276
-244
-228
-164
-148
-96
-80
-32
-24
-16
-56
-72
-104
-80
-48
-32
16
40
40
56
112
180
228
244
228
164
132
164
228
260
260
244
228
228
292
276
260
244
228
212
276
292
276
260
260
260
276
260
228
148
80
72
104
132
104
56
-8
-72
-88
-96
-148
-180
-164
-132
-48
-56
-72
-112
-120
-40
32
96
88
32
0
24
48
120
180
212
212
164
148
164
196
244
228
164
96
24
0
-24
-32
-40
-56
-80
-80
-104
-148
-132
-164
-164
-212
-212
-196
-212
-228
-212
-180
-196
-180
-196
-228
-260
-340
-396
-396
-356
-308
-260
-276
-292
-292
-276
-308
-324
-292
-276
-276
-244
-196
-212
-196
-180
-132
-80
-32
8
48
88
96
104
104
148
148
164
180
212
260
292
356
372
372
324
324
372
372
308
244
228
228
260
292
324
292
260
292
308
308
308
228
196
212
196
212
244
244
212
244
244
212
132
64
16
0
8
16
-24
-96
-148
-132
-88
-40
-72
-148
-196
-196
-148
-64
-8
-56
-96
-148
-132
-24
48
88
24
-48
-72
-56
-16
-8
-72
-132
-180
-180
-148
-148
-196
-228
-244
-244
-276
-244
-276
-292
-308
-308
-292
-308
-324
-324
-356
-356
-308
-324
-276
-244
-244
-244
-276
-276
-212
-104
-64
-80
-64
-88
-96
-24
32
64
72
48
40
32
64
88
104
148
148
120
104
104
104
132
180
228
260
292
276
244
260
276
356
372
356
340
292
260
244
276
292
244
164
148
132
132
112
88
32
24
8
32
32
0
40
40
24
16
-16
0
8
8
0
8
16
0
-32
-80
-88
-48
-24
0
16
0
-16
0
56
104
132
132
132
132
132
104
56
24
56
48
24
24
0
-40
-48
-16
-8
-8
-48
-80
-112
-180
-228
-212
-196
-164
-180
-212
-244
-292
-340
-324
-292
-244
-196
-196
-260
-276
-292
-324
-276
-276
-244
-244
-292
-308
-308
-276
-228
-196
-164
-148
-196
-260
-276
-244
-88
24
48
64
32
-8
8
96
148
180
196
132
164
212
212
244
292
340
308
276
260
244
292
372
396
396
340
228
180
228
292
340
340
292
244
228
196
212
228
196
180
180
164
212
228
260
292
308
276
260
228
164
148
132
132
132
132
80
8
-64
-132
-132
-120
-120
-148
-212
-276
-276
-244
-164
-112
-96
-120
-132
-132
-120
-104
-88
-72
-72
-72
-40
-32
-40
-24
-48
-64
-104
-132
-196
-244
-260
-276
-292
-276
-276
-308
-324
-308
-308
-308
-244
-244
-292
-308
-324
-292
-244
-212
-212
-276
-324
-292
-196
-112
-56
-72
-112
-120
-132
-64
-8
0
0
-32
-48
-32
16
56
64
64
32
-24
-48
-32
-16
16
56
72
104
96
56
32
64
96
132
148
96
72
88
120
180
212
196
180
164
196
228
260
260
244
276
244
244
260
228
228
228
244
244
260
228
212
196
196
244
276
276
212
112
56
24
48
48
72
48
-40
-32
8
56
112
120
64
40
48
88
132
120
96
96
72
80
104
72
48
80
112
104
80
24
-56
-80
-48
-32
-40
-48
-120
-164
-164
-148
-132
-112
-132
-164
-196
-228
-260
-260
-244
-244
-228
-260
-276
-260
-260
-244
-196
-212
-212
-212
-180
-180
-180
-180
-228
-244
-212
-148
-120
-120
-132
-132
-112
-72
-32
-8
8
-24
-48
-8
-16
180
148
16
-32
-48
-88
-196
-72
32
132
196
244
96
48
8
0
96
148
180
56
-8
-32
88
212
260
276
212
72
0
48
112
148
164
228
244
164
72
148
308
356
324
164
0
-212
-372
-340
-196
-120
-104
-48
-120
-212
-180
-96
-132
-180
-148
-228
-340
-356
-212
-88
-8
56
104
56
-72
-148
-56
-16
-32
24
112
112
24
32
148
180
148
88
32
-88
-196
-180
-56
64
132
112
16
-72
-88
-48
0
8
-32
-72
-148
-164
-104
0
48
48
56
64
40
16
104
180
212
196
212
228
228
244
324
372
356
276
212
120
56
112
164
196
180
148
120
88
112
148
148
96
0
-56
-56
-72
-80
-8
32
-8
-72
-56
-24
-40
-48
-48
-72
-88
-104
-96
-32
-8
-32
-40
-32
-64
-64
-56
-112
-120
-80
-32
-16
0
-32
-56
-88
-96
-72
-56
-104
-180
-260
-292
-244
-196
-148
-104
-88
-120
-120
-64
-64
-56
-32
-56
-96
-112
-48
-16
8
24
16
16
0
8
8
-8
-24
-16
0
0
0
-40
-88
-120
-132
-132
-132
-132
-132
-148
-164
-164
-148
-148
-132
-80
-16
-32
-24
-24
-24
0
8
56
88
88
104
164
180
228
276
260
228
212
212
228
212
196
196
164
164
148
148
148
164
148
120
104
104
132
132
132
80
80
88
112
104
72
32
8
48
80
120
88
48
0
0
16
40
72
40
32
8
32
32
16
0
-40
-48
-64
-48
-40
0
0
-8
-24
-72
-96
-132
-120
-80
-72
-112
-148
-132
-148
-120
-104
-88
-120
-180
-228
-212
-228
-196
-164
-148
-132
-112
-120
-164
-212
-164
-164
-164
-120
-148
-148
-148
-148
-96
-40
-16
32
48
40
16
0
8
64
96
88
64
32
0
0
8
56
40
0
0
-8
8
64
104
120
120
72
64
104
104
112
104
80
80
64
80
80
72
96
80
64
40
0
0
16
24
24
32
32
8
24
-24
-40
0
-16
0
16
-8
-56
-88
-64
8
32
56
8
16
56
112
132
148
148
80
64
56
64
104
104
72
88
72
48
56
32
24
48
72
104
104
64
16
16
32
56
56
24
-24
-88
-112
-120
-120
-96
-72
-104
-148
-180
-180
-180
-148
-112
-120
-148
-196
-228
-228
-180
-96
-48
-56
-72
-104
-104
-72
-16
32
80
88
96
112
132
164
212
228
180
164
132
104
132
180
196
132
120
80
48
80
56
56
16
-40
-104
-120
-120
-112
-112
-132
-196
-212
-212
-260
-244
-228
-132
-72
-80
-96
-132
-180
-132
-40
0
24
0
-32
-56
-32
0
0
8
0
0
-40
-48
-24
16
56
72
72
24
24
40
56
80
72
48
80
104
120
112
80
56
72
80
72
72
80
104
104
120
180
212
180
112
56
24
16
72
80
48
0
-56
-72
-48
-8
-8
-48
-88
-132
-132
-132
-80
-64
-104
-120
-132
-132
-104
-64
-72
-64
-40
-40
-32
-8
8
48
72
88
132
148
132
120
148
180
212
244
292
324
228
180
148
148
132
104
104
72
72
104
72
80
40
0
16
8
0
-32
-64
-104
-80
0
48
40
24
-32
-120
-112
-88
-96
-104
-64
-56
-72
-88
-56
-56
-80
-88
-80
-88
-164
-228
-228
-196
-180
-104
-56
-112
-164
-180
-196
-148
-88
-56
-96
-120
-112
-120
-96
-88
-72
-56
-64
-88
-104
-112
-80
-88
-64
-32
-72
-104
-120
-88
-24
-56
-88
-88
-120
-164
-132
-104
-96
-96
-112
-148
-132
-112
-112
-96
-88
-72
-88
-72
-64
-48
-16
0
8
40
56
24
-32
-8
40
56
72
104
120
132
148
148
196
228
228
260
260
260
260
260
324
372
372
340
308
308
324
396
396
372
324
260
244
292
324
324
324
244
180
180
196
164
132
120
72
8
-24
-8
0
-16
-16
-64
-104
-104
-132
-132
-148
-148
-148
-180
-180
-180
-180
-164
-120
-56
-88
-132
-180
-196
-164
-120
-88
-112
-148
-196
-228
-164
-112
-88
-72
-80
-148
-180
-180
-196
-164
-132
-132
-112
-72
-56
-32
-24
-32
-32
8
24
-8
-16
-64
-64
-40
-32
-16
-24
-56
-40
-24
-16
-8
-8
-48
-64
-32
-8
0
0
-24
-40
-56
-88
-80
-72
-96
-72
-40
-48
-32
-40
-56
-48
-64
-56
-56
-80
-80
-72
-40
-8
0
16
24
8
0
24
56
72
120
88
32
48
64
80
120
132
120
72
48
48
56
112
104
72
88
80
72
88
88
80
104
88
48
40
48
40
16
16
8
48
56
56
96
96
104
148
164
148
132
88
72
104
132
148
132
104
132
132
164
180
104
56
56
40
80
104
120
88
24
0
-8
0
-16
-32
-24
-40
-40
-24
-32
8
0
-80
-104
-112
-96
-72
-32
-8
-32
-64
-72
-72
-72
-80
-88
-120
-132
-148
-148
-96
-72
-64
-40
-56
-64
-88
-64
-80
-88
-32
-24
-96
-132
-148
-132
-120
-72
-24
-56
-72
-96
-132
-120
-56
-32
-48
-48
-8
-40
-56
-40
-16
-32
-56
0
32
0
32
48
-16
0
24
16
-24
-80
-104
-112
-72
0
0
-24
-56
-80
-88
-120
-96
-96
-132
-120
-80
-120
-112
-64
-56
-40
8
16
-16
-16
-24
-8
-24
0
48
64
64
56
8
24
112
132
96
132
104
64
72
104
96
120
148
132
164
180
164
132
164
212
228
196
164
148
56
32
96
96
96
120
88
32
24
64
56
56
56
40
0
-24
0
8
-16
32
56
16
-8
-8
-40
-64
8
56
32
0
8
-24
-48
16
24
16
0
0
-32
-24
32
16
48
96
88
16
8
80
80
48
72
56
40
72
72
40
48
72
72
104
120
88
56
32
0
8
56
56
32
8
-40
-132
-180
-164
-164
-148
-164
-196
-212
-212
-212
-228
-196
-196
-212
-180
-180
-244
-260
-244
-260
-212
-180
-196
-260
-292
-260
-212
-164
-120
-104
-132
-164
-148
-132
-132
-88
-88
-56
-40
-24
-16
24
24
0
-16
0
48
64
80
80
40
56
88
104
164
164
132
112
96
132
112
96
112
112
72
64
120
88
72
80
48
40
64
80
104
104
104
96
72
80
40
64
120
164
148
80
88
96
64
104
96
72
96
88
104
132
148
148
148
96
88
64
88
132
132
104
72
72
40
32
72
56
24
0
-8
32
16
56
48
0
-40
-8
-40
-32
0
8
-8
-56
-24
-8
0
-16
0
-48
-64
-16
-8
-8
0
-32
-48
-32
-16
-32
-40
-16
-80
-104
-64
-88
-120
-96
-80
-112
-80
-32
-32
-48
-56
-88
-104
-80
-16
-32
-64
-16
-16
-32
32
72
-32
-56
0
0
-24
24
0
-104
-80
0
-16
-16
-8
-88
-132
-56
0
-88
