SAMPLES:	7710
BITSPERSAMPLE:	16
CHANNELS:	1
SAMPLERATE:	16000
NORMALIZED:	FALSE
0
0
0
0
0
0
8
0
0
0
0
0
0
8
8
8
8
8
8
0
0
0
0
0
0
0
0
0
0
0
0
0
0
0
0
0
0
0
-8
-8
-8
-8
-8
-8
-8
-8
-8
-8
-8
-8
-8
-16
-16
-16
-16
-16
-16
-8
-16
-16
-16
-16
-16
-16
-16
-16
-8
-16
-8
-8
-8
-8
-8
-8
-8
-8
-8
-8
-8
-8
-8
0
0
0
0
0
0
0
0
0
0
0
0
0
0
0
0
0
0
8
8
8
8
0
0
0
8
8
8
8
8
8
8
8
8
8
8
8
8
8
8
8
8
8
8
8
8
8
8
8
8
8
8
8
8
8
8
0
0
0
0
0
0
0
0
0
8
8
0
0
0
0
0
0
0
0
0
0
0
0
0
0
0
0
0
0
0
0
0
0
0
0
0
0
0
-8
0
-8
-8
0
0
0
0
-8
-8
-8
-8
-8
-8
-8
0
0
0
-8
-8
-8
-8
-8
-8
-8
-8
0
-8
-8
0
-8
-8
0
0
0
0
0
0
0
0
0
0
0
-8
0
0
0
0
0
0
0
0
0
0
0
0
0
0
0
0
0
0
0
0
0
0
0
0
0
0
0
0
0
0
0
0
8
8
8
0
0
8
8
8
8
8
8
8
8
8
8
0
8
0
8
8
8
8
8
8
8
0
0
0
0
0
0
0
0
0
0
0
0
0
0
0
0
0
0
0
0
0
0
0
0
0
0
0
0
0
0
0
0
0
-8
-8
-8
-8
-8
0
0
0
0
0
0
0
0
0
0
0
0
0
0
0
0
-8
-8
0
-8
-8
0
0
0
0
0
0
0
0
0
0
0
0
0
0
0
0
0
0
0
0
0
0
0
0
0
0
0
0
0
0
0
0
0
0
0
0
0
0
0
0
0
0
0
0
0
0
0
0
0
0
0
0
0
0
0
0
0
0
0
0
0
0
0
0
0
0
0
0
0
0
0
0
0
0
0
0
0
0
0
0
0
0
0
0
0
0
0
0
0
0
0
0
0
0
0
0
8
8
8
8
8
8
0
0
0
0
0
0
8
0
0
8
0
0
8
8
8
8
8
8
0
0
0
0
0
0
0
0
0
0
0
0
0
0
0
0
0
0
0
0
0
0
0
0
0
0
0
0
0
0
0
0
0
0
0
0
0
0
0
0
0
0
0
0
0
-8
-8
-8
0
0
0
0
-8
-8
-8
-8
-8
-8
-8
-8
-8
-8
-8
-8
-8
-8
0
0
-8
-8
-8
-8
-8
-8
0
0
0
0
0
0
0
0
0
0
0
0
0
0
0
0
0
0
0
0
0
0
0
0
0
0
0
0
0
0
0
0
0
8
0
0
0
0
0
0
0
0
0
0
0
0
0
0
0
0
0
0
0
0
0
0
0
0
0
0
0
0
0
0
0
0
0
8
8
8
8
0
0
0
0
0
8
0
0
0
0
0
0
0
0
0
0
0
0
0
0
0
0
0
0
0
0
0
0
0
0
0
0
0
0
0
0
0
0
0
0
0
0
0
0
0
0
0
0
0
0
-8
-8
-8
0
0
0
-8
0
0
0
0
0
0
0
-8
-8
-8
-8
-8
-8
-8
-8
-8
-8
-8
-8
0
0
0
0
0
0
0
0
0
0
0
0
0
0
0
0
0
0
0
0
0
0
-8
0
0
0
0
0
0
0
0
0
0
0
0
0
0
0
0
0
0
0
0
0
0
0
0
0
0
0
0
0
0
0
0
0
0
0
0
0
0
8
0
8
8
8
8
8
8
8
8
8
8
0
8
8
0
8
8
8
8
8
8
8
8
8
8
8
8
8
8
8
8
8
8
8
8
8
8
8
8
8
8
8
8
8
8
8
8
0
0
0
0
0
0
0
0
8
0
0
0
0
0
0
0
0
0
0
0
0
0
0
0
0
0
0
0
0
-8
-8
-8
-8
-8
-8
-8
-8
-8
-8
-8
-8
-8
-16
-16
-8
-8
-8
-8
-8
-8
-8
-16
-16
-8
-16
-8
-8
-8
-8
-8
-8
-8
-8
-8
-8
-8
-16
-16
-8
-8
-8
-8
-8
0
-8
-8
-8
-8
-8
0
-8
0
0
0
0
0
0
0
0
0
0
0
0
0
0
0
0
0
8
8
8
8
8
8
8
8
8
16
16
16
16
16
16
8
16
16
16
16
16
16
16
16
16
16
16
16
16
16
16
16
16
16
16
16
16
16
16
16
16
16
16
16
16
16
16
16
8
8
8
8
8
0
0
0
0
0
0
0
0
0
0
0
0
0
0
0
0
-8
-8
-8
-8
-8
-8
-8
-16
-8
-16
-16
-16
-16
-16
-16
-16
-16
-24
-16
-24
-24
-24
-24
-24
-24
-24
-16
-24
-24
-24
-24
-24
-16
-16
-16
-16
-16
-16
-16
-16
-16
-16
-16
-16
-8
-16
-8
-8
-8
-8
-8
-8
-8
-8
-8
0
0
0
0
0
0
0
0
8
8
8
8
8
8
16
16
16
16
16
16
8
16
16
16
16
16
16
16
16
16
16
16
16
16
16
16
16
8
8
8
8
8
8
8
8
8
8
8
8
8
8
8
8
8
8
8
8
8
0
0
0
0
0
0
0
0
0
0
0
0
0
0
0
0
0
0
0
0
0
0
0
0
0
0
0
0
0
0
0
0
0
0
0
0
0
0
0
0
-8
-8
-8
0
0
-8
0
0
0
0
0
0
0
0
0
0
0
0
0
0
0
0
0
0
0
0
0
0
0
0
0
0
0
0
0
0
0
0
0
0
0
0
0
0
0
0
0
0
0
0
0
-8
0
0
-8
-8
-8
-8
-8
-16
-16
-16
-16
-16
-16
-16
-16
-8
-8
-8
-8
-8
-8
-16
-16
-16
-16
-8
-8
-8
-8
-8
-8
-8
0
0
0
0
0
0
0
0
0
0
0
0
0
0
0
8
8
8
8
8
8
8
16
16
16
8
8
16
16
16
16
16
16
16
16
16
16
16
16
16
16
16
16
16
16
16
16
16
16
16
8
8
8
8
8
8
8
8
16
8
8
8
8
8
8
8
8
8
8
0
0
0
0
0
0
0
0
0
0
0
0
0
0
0
0
0
0
0
-8
0
0
-8
-8
-8
-8
-8
-8
-8
-8
-8
-8
-8
-8
-16
-16
-16
-16
-16
-16
-16
-16
-16
-16
-16
-16
-16
-16
-16
-8
-16
-8
-8
-8
-8
-8
-8
-8
-8
-8
-8
-8
-8
-8
-8
-8
-8
-8
-8
-8
-8
-8
-8
-8
-8
-8
-8
-8
-8
-8
-8
-8
-8
0
0
0
0
0
0
0
0
0
0
0
0
0
0
0
0
0
0
8
8
8
8
8
16
16
16
16
16
16
16
16
16
16
16
16
16
24
16
16
16
16
16
16
16
16
8
8
8
8
8
8
8
8
8
8
8
8
8
0
8
0
0
0
8
8
0
0
0
0
0
0
0
0
0
0
0
0
0
0
0
0
0
0
0
0
0
0
0
0
0
0
0
0
0
0
0
0
0
0
0
0
0
0
0
0
0
-8
0
0
0
0
0
0
0
0
0
0
0
0
0
0
0
0
0
0
0
0
0
0
0
0
0
0
0
0
0
0
0
0
0
-8
-8
-8
-8
0
-8
-8
-8
-8
-8
-8
-8
-8
0
0
0
0
0
0
0
-8
-8
-8
-16
-16
-16
-16
-8
-8
-8
-8
0
0
0
0
0
0
0
0
0
0
0
0
8
8
8
8
16
8
8
8
8
8
8
16
8
16
8
16
16
8
16
8
8
8
0
0
0
0
0
8
8
8
8
8
8
0
0
0
0
0
0
-8
-8
-8
0
0
0
0
0
8
0
0
8
8
8
8
8
0
0
8
8
8
16
16
16
16
16
16
16
16
8
8
0
0
0
0
8
0
8
8
0
0
0
0
-8
0
0
-8
-8
-16
-16
-24
-24
-24
-16
-16
-16
-16
-16
-8
-16
-16
-24
-32
-32
-32
-32
-32
-32
-24
-24
-24
-24
-24
-16
-16
-16
-16
-16
-24
-24
-24
-16
-8
0
0
0
0
0
8
8
8
8
8
8
8
16
8
16
16
16
16
24
24
24
32
32
32
24
32
40
32
32
32
32
32
32
32
32
32
32
24
32
40
40
40
40
32
16
16
40
40
8
-40
-64
-8
32
32
-8
-48
-32
-8
-16
-32
-32
0
0
-32
-64
-64
-64
-56
-16
8
0
-48
-96
-88
-40
-8
0
0
-24
-48
-56
-24
0
16
8
0
-8
-8
0
0
0
8
24
16
-8
-24
-16
0
0
0
0
-8
-32
-40
-24
8
32
8
-16
-16
0
-8
-16
0
32
48
8
-40
-48
0
40
48
32
24
16
0
-24
-8
24
48
24
-16
-24
-16
-32
-56
-8
72
88
32
0
32
88
132
148
180
212
212
212
228
196
180
180
228
260
244
180
148
132
96
48
8
-8
-32
-88
-148
-196
-244
-292
-292
-276
-260
-292
-372
-428
-428
-372
-308
-292
-292
-292
-276
-260
-212
-132
-72
-64
-80
-80
-64
-32
-32
-16
0
8
-16
-56
-80
-64
-32
-24
-40
-64
-104
-164
-180
-120
-32
8
16
-16
-48
-56
-32
40
112
164
164
148
244
524
924
1116
1052
748
492
556
876
1180
1308
1180
988
716
492
356
356
460
588
588
228
-428
-1052
-1308
-988
-492
-260
-492
-1052
-1628
-1884
-1692
-1244
-780
-588
-716
-1052
-1244
-1052
-716
-260
132
372
492
292
-40
-212
0
524
844
924
780
396
120
48
292
588
684
524
104
-260
-460
-428
-212
8
132
0
-356
-684
-652
-396
-132
0
-56
-212
-460
-492
-260
64
276
228
0
-196
-292
-260
-132
8
96
-16
-244
-340
-276
-260
-324
-276
-132
-96
-112
88
556
924
1052
924
924
988
988
988
1308
1884
2236
1980
1436
988
924
1116
1436
1564
1372
780
-112
-780
-844
-588
-356
-396
-748
-1308
-1980
-2364
-2492
-2108
-1756
-1628
-1756
-2108
-2236
-2236
-1820
-1116
-684
-620
-748
-844
-748
-620
-340
180
748
988
652
260
276
684
1052
1180
1116
924
652
228
88
428
716
652
396
324
292
16
-340
-372
104
396
260
-40
-228
-260
-260
8
308
324
-16
-556
-812
-524
-48
40
-292
-492
-492
-524
-556
-556
-396
-372
-396
-16
812
1820
2236
2236
1980
1500
1052
988
2108
3644
4348
3516
1884
876
780
1180
1628
1980
2108
1308
-396
-2108
-2748
-2236
-1308
-492
-396
-1500
-3260
-4860
-4860
-3516
-1980
-1180
-1500
-2492
-3388
-3388
-2364
-924
340
620
-72
-988
-1244
-876
-180
780
1564
1820
1244
64
-492
-132
748
1500
1564
1116
120
-876
-1244
-524
620
1244
876
180
-308
-588
-460
-88
652
1052
844
396
132
396
780
1180
1500
1564
1116
428
0
112
356
556
396
-88
-684
-1052
-924
-844
-748
-716
-748
-588
-8
988
1884
2236
1980
1180
428
396
1436
3004
4092
4092
2876
1436
748
812
1436
1980
2364
2108
492
-1500
-2876
-2748
-1628
-396
56
-876
-2748
-4604
-4860
-3772
-2364
-1564
-1756
-2492
-3260
-3516
-2748
-1308
-112
260
-96
-684
-988
-876
-396
524
1500
1820
1116
196
16
524
1116
1500
1628
1244
356
-556
-876
-324
524
780
372
-196
-588
-684
-620
-164
396
460
56
-588
-492
40
492
748
812
812
308
-308
-492
-72
492
684
292
-356
-844
-1052
-1116
-780
-372
-196
-556
-1116
-1052
-120
1244
2492
3260
3132
1756
88
-340
1436
4348
5884
5116
2876
1052
524
924
1756
2748
3388
2876
924
-1500
-3260
-3388
-1820
308
1500
292
-2748
-5628
-6140
-4604
-2108
-556
-492
-1628
-3260
-4604
-4092
-1884
716
1820
924
-588
-1116
-924
-164
1436
3132
3388
1692
-428
-988
-340
460
1180
1980
1980
428
-2108
-3644
-2620
-72
1308
716
-780
-2364
-3772
-3900
-1692
1308
2236
460
-1564
-2108
-1564
-324
1180
2364
2364
988
-356
-876
-196
988
1628
1628
1180
492
-812
-2108
-1884
-292
924
276
-1052
-1980
-2364
-1980
-716
1244
2748
2876
2492
2748
2620
1756
844
1820
4604
6908
6396
3644
1500
1628
3132
4092
4348
3772
2876
1372
-180
-1436
-2236
-2364
-1244
292
340
-2108
-5372
-7164
-5884
-3388
-1884
-1820
-2876
-4348
-5372
-5372
-3772
-1500
260
620
-308
-1692
-2492
-1980
-164
1980
3004
2492
1180
716
716
716
924
2108
3516
3516
1628
-988
-2236
-1884
-556
924
1692
876
-1692
-4092
-4348
-1820
524
844
-340
-1564
-2492
-2876
-1980
-72
1244
988
-340
-1372
-1564
-1308
-684
72
812
812
-164
-1692
-2492
-1980
-812
148
396
-24
-1180
-2364
-2492
-1372
148
716
260
-396
-716
-556
0
1180
2876
4604
5628
5628
5372
4604
3516
3004
4348
6908
8316
7420
4860
3004
2876
3132
3388
3260
3132
3004
1820
-148
-2620
-4092
-3900
-1980
260
244
-2620
-6652
-8828
-7676
-4860
-2492
-2108
-3260
-5116
-6396
-6396
-4604
-2108
-104
492
-244
-1756
-2748
-2620
-1052
1500
3388
3644
2236
588
-196
-212
812
2620
4092
4092
1692
-1308
-2876
-2108
196
2236
2620
876
-1884
-4092
-4092
-1980
492
1244
-80
-1980
-3004
-2876
-1692
-228
716
524
-356
-1116
-1436
-1436
-988
-212
652
1116
716
-684
-2364
-2492
-988
844
1500
684
-1052
-2492
-2492
-988
876
1692
1052
-24
-684
-460
372
1372
2236
2748
3004
3260
4092
5628
7164
6652
4860
2876
3004
5372
7676
8316
6140
3900
2748
2236
1980
1692
1980
2620
2236
64
-3388
-6140
-6652
-4348
-1052
-24
-2492
-6652
-9340
-9340
-6652
-3900
-2620
-2876
-4092
-5372
-6140
-5372
-3004
-164
1564
1628
180
-1500
-2236
-1052
1244
3388
4348
3900
2620
924
-356
-164
1980
4604
5116
2492
-844
-2748
-2748
-1308
780
2492
1980
-876
-3900
-4860
-3132
-716
780
780
-132
-1692
-3388
-3644
-1628
1372
2620
1500
-228
-1628
-2236
-1692
428
2748
3260
1372
-1244
-2620
-1980
88
1884
2236
924
-1308
-3004
-3004
-1244
812
1436
924
196
-196
-396
-324
588
1980
2876
2492
1500
780
1180
3004
5628
7676
8316
6652
3004
148
620
4348
8316
9340
6140
1980
-780
-988
556
2364
3388
2620
180
-3132
-5884
-7420
-6908
-4348
-1372
-396
-2876
-7164
-10364
-9852
-6908
-2876
-652
-924
-3132
-5884
-6908
-5372
-1756
2108
4348
3516
684
-1980
-2620
-428
2876
5372
5628
4348
2364
80
-812
460
3132
4860
4604
2364
-1052
-3772
-4092
-1692
1756
3388
1564
-2620
-5884
-5628
-2876
164
1756
1052
-1692
-4348
-4604
-1628
1500
2492
1628
24
-1180
-1308
-212
1180
1820
1884
1628
1244
524
-308
-620
-244
716
1500
1116
-620
-2492
-2748
-1372
132
1116
1052
-48
-1372
-1436
80
1884
2620
2364
1500
684
428
876
2108
4348
6140
6908
6652
5628
4604
3516
3260
4348
5884
6908
6140
4092
1756
460
524
1180
1756
1500
180
-1980
-4348
-5884
-6140
-5372
-4092
-3132
-3132
-4604
-6908
-7932
-7164
-5116
-3132
-2108
-2364
-3516
-4604
-4348
-2876
-460
1628
2364
1500
196
-780
-924
-148
1372
2876
3260
2108
524
24
48
-104
16
924
1372
-96
-2492
-3644
-2876
-1500
-684
-524
-844
-1628
-2620
-3004
-1884
-96
428
-460
-1052
-356
492
620
748
1372
1980
1820
1564
1628
1564
1244
1244
1756
2364
2236
1116
-244
-748
88
988
924
-180
-1052
-1372
-1372
-844
16
620
228
-460
-340
492
1180
1372
1372
1308
1372
1436
1628
2108
2236
2236
3132
4604
6396
6908
5884
3772
1884
1820
3900
6140
6652
4604
2236
1244
1244
1180
716
684
1116
652
-1372
-3772
-5372
-5628
-4604
-2876
-1308
-1980
-4860
-7420
-7932
-6140
-3772
-2364
-2492
-3644
-4860
-5372
-4348
-2108
-228
292
-164
-812
-1244
-1436
-1372
-16
1564
1980
1116
-212
-748
-844
-492
524
1564
1628
48
-1884
-2748
-1980
-492
148
64
-308
-1180
-2492
-2876
-1372
396
876
196
-356
-492
-620
-180
1052
2364
2748
1980
1116
924
1244
1692
2108
2620
2620
1692
292
-588
-308
524
988
844
324
-396
-1180
-1372
-780
48
276
-196
-492
-460
-180
132
524
1116
1628
1756
1628
1564
1756
2108
2364
2492
2876
4092
5628
6396
5372
2876
1692
2876
5116
6140
5372
3900
2620
1692
844
428
924
1628
1564
588
-988
-3004
-4860
-5372
-3644
-1116
-428
-2364
-5372
-6908
-6396
-4604
-2620
-1436
-1980
-3900
-5372
-5116
-3644
-2108
-1180
-652
-652
-1244
-2364
-3004
-2492
-988
812
1244
428
-1244
-2492
-2492
-1564
112
1052
620
-924
-2492
-2876
-2236
-1116
-260
-72
-460
-1180
-1820
-1980
-1564
-460
556
1180
1052
340
-356
-356
748
2236
3260
3004
1980
924
780
1564
2748
3260
2876
1564
372
-196
132
924
1308
1052
180
-652
-924
-748
-228
180
276
-32
-372
-396
-120
428
924
1372
1884
2236
2236
2108
1980
2108
2748
3260
3388
3004
2236
1692
2108
3516
5116
5628
5116
4860
4860
3644
1436
428
1980
4604
4860
2876
492
-460
-652
-1116
-1372
-684
132
-492
-2620
-4604
-5628
-5628
-4604
-2620
-924
-1436
-4348
-7164
-7676
-5884
-3388
-1980
-1980
-3132
-4860
-5884
-5372
-3132
-924
-244
-1116
-2492
-3388
-3644
-2876
-1244
844
2364
2236
356
-1692
-1884
-292
1564
2364
2364
1436
-40
-1116
-1180
-64
1372
2236
1820
684
-292
-988
-1436
-924
1116
2876
2620
812
-460
-588
112
1500
2876
3004
1628
-244
-1116
-524
876
1980
1980
748
-460
-1116
-1244
-876
40
844
748
-132
-876
-988
-780
-340
684
1756
1980
1308
524
620
1564
2748
3516
3516
2876
1980
1564
1980
2876
3388
3004
2364
2364
2876
3260
3516
4348
5372
5628
4604
2492
812
1372
3516
4860
4348
2492
812
-148
-428
-324
-104
-180
-684
-1692
-3004
-4348
-5628
-5628
-4604
-3004
-2748
-4092
-6140
-7676
-7676
-6140
-4092
-3004
-3516
-5116
-6140
-5884
-4092
-2364
-1308
-1180
-1564
-1980
-2236
-1980
-988
96
1180
1756
1756
1756
1820
1500
1244
1628
2876
3260
1980
428
-276
112
844
1308
1308
924
32
-924
-1180
-48
1116
780
-556
-924
-164
292
492
876
1116
556
-276
-212
620
1180
844
164
-244
-164
80
180
132
120
-132
-620
-924
-652
-132
-88
-356
-460
-308
-356
-324
212
1116
1884
2108
2236
2492
2748
2748
2748
3004
3644
3900
3772
3388
3260
2876
2620
3132
4348
5116
5116
4604
4604
4604
3772
2236
1564
2364
3516
3516
2236
924
64
-372
-716
-924
-876
-1244
-2236
-3516
-4604
-5372
-5628
-5116
-4348
-3644
-4092
-5372
-6908
-7420
-6652
-5116
-3900
-3644
-4092
-4860
-5116
-4348
-2620
-1244
-876
-1116
-1436
-1436
-1180
-588
196
924
1436
1692
1500
1244
1372
1564
1884
2236
2876
3004
1756
244
-180
780
1980
2108
1500
492
-196
-428
-292
308
1052
1052
-8
-812
-228
620
588
96
164
492
212
-212
-260
-72
-180
-460
-492
-276
-244
-524
-780
-780
-308
32
-212
-588
-620
-372
-72
260
652
652
340
428
1436
2492
2748
2620
2492
2748
3004
3132
3260
3516
3388
3132
2620
2364
2108
1756
1756
2492
3260
3132
2620
2748
3516
3644
2492
1180
876
1692
2620
2492
1756
924
428
-8
-524
-748
-780
-1244
-2108
-2876
-3644
-4348
-4604
-4092
-3388
-3132
-3900
-5372
-6396
-6396
-5628
-4348
-3516
-3516
-4092
-4860
-4348
-3388
-1980
-1244
-1052
-1180
-1308
-1244
-988
-372
356
1052
1436
1436
988
684
1308
2364
3004
2876
2236
1884
1372
1116
1308
1756
1980
1436
684
196
164
228
16
-260
-104
-56
-684
-1308
-988
-276
-196
-588
-684
-620
-812
-1180
-1180
-876
-748
-780
-684
-460
-228
-180
-244
-80
260
356
148
56
428
988
1244
1180
1180
1308
1564
1884
2364
2620
2620
2492
2492
2620
2876
3004
2876
2876
2748
2492
1884
1500
1308
1180
1052
1372
1820
1980
1628
1500
2108
3132
3644
2748
1116
212
780
1980
2620
2492
1628
684
-72
-460
-524
-524
-812
-1372
-2108
-2876
-3644
-4092
-4092
-3516
-3132
-3260
-4092
-5372
-5884
-5628
-4348
-3260
-2748
-3004
-3900
-4348
-3900
-2492
-1052
-428
-620
-1244
-1692
-1308
-276
844
1372
1244
988
684
620
748
1180
1692
1884
1692
1116
588
196
72
24
64
80
-148
-588
-1116
-1628
-1980
-1820
-1372
-924
-1052
-1564
-1980
-1980
-1436
-492
324
428
-164
-716
-556
244
1180
1820
1980
1564
1244
1372
1980
2492
2364
1884
1500
1500
1628
1756
1756
1628
1436
1372
1500
1692
1756
1628
1500
1436
1564
1756
1692
1500
1308
1244
1244
1180
924
716
460
308
588
1244
1884
1980
1436
1436
2236
3260
3644
3132
2236
1628
1820
2492
3004
3132
2492
1628
812
396
260
-8
-324
-812
-1436
-2236
-3004
-3388
-3388
-3260
-3388
-3900
-4604
-5372
-5628
-5116
-4348
-3644
-3644
-4092
-4348
-4092
-3516
-2620
-1820
-1628
-1820
-1980
-1980
-1308
-524
164
492
260
-24
-96
324
844
1180
1564
1500
780
-164
-428
0
228
-40
-492
-780
-924
-1052
-1180
-1116
-988
-924
-988
-1052
-876
-684
-684
-428
396
1308
1308
876
684
812
1052
1436
1980
2364
1980
1244
1116
1564
2108
2236
1884
1308
780
684
812
1116
1308
1116
748
276
292
716
1052
1308
1436
1564
1436
1244
1372
1692
1884
1884
1756
1564
1372
1436
1564
1692
1564
1500
1564
1756
1756
1564
1692
2108
2492
2364
1980
1500
1116
1116
1308
1628
1692
1180
428
-16
-120
-180
-396
-620
-988
-1628
-2364
-2620
-2620
-2492
-2620
-2748
-3004
-3516
-3900
-4092
-3900
-3260
-2876
-3004
-3260
-3644
-3772
-3388
-2748
-2108
-1980
-2492
-2748
-2620
-1820
-988
-556
-588
-812
-924
-812
-460
308
924
748
-104
-652
-460
-48
164
228
180
-96
-588
-812
-492
24
276
-56
-428
-396
-196
-212
-260
180
716
748
460
372
428
356
396
988
1692
1692
1116
684
780
1180
1692
1980
1756
1116
556
524
924
1372
1436
1116
684
492
716
1052
1372
1436
1372
1244
1244
1436
1692
1756
1692
1628
1628
1628
1628
1692
1820
1820
1564
1308
1116
1052
1244
1500
1564
1308
1116
1244
1628
1884
1820
1436
1052
988
1052
1308
1500
1436
1180
844
652
460
212
40
-164
-556
-1180
-1628
-1884
-1884
-1980
-2236
-2620
-3260
-3772
-4092
-4092
-3772
-3772
-4092
-4348
-4604
-4604
-4092
-3644
-3260
-3260
-3260
-3132
-2748
-2236
-1820
-1436
-1180
-1052
-812
-492
-164
132
460
620
588
588
684
876
988
924
780
492
356
428
460
372
72
-276
-556
-684
-524
-260
-324
-684
-844
-556
-104
244
460
556
460
460
812
1372
1756
1820
1692
1628
1692
1980
2108
2108
1884
1756
1692
1628
1692
1564
1244
988
988
1116
1116
924
684
524
652
988
1180
988
620
524
780
1372
1884
1884
1372
876
812
1180
1756
1980
1756
1244
876
988
1308
1372
1436
1436
1436
1372
1372
1372
1180
924
652
588
684
588
340
32
-308
-492
-524
-492
-492
-652
-1052
-1500
-1756
-1692
-1628
-1692
-1820
-1980
-2236
-2492
-2748
-2876
-2748
-2620
-2620
-2748
-3132
-3516
-3644
-3388
-3004
-2620
-2620
-2876
-3260
-3260
-2876
-2492
-2236
-1980
-1692
-1692
-1756
-1500
-988
-460
-120
-8
-16
0
72
132
308
588
716
556
524
716
1052
1180
1180
1244
1244
1180
1180
1372
1500
1500
1372
1436
1564
1628
1756
1820
1756
1436
1308
1436
1692
1692
1564
1308
1116
1052
1372
1564
1436
1180
924
924
1180
1308
1308
1308
1180
1116
1180
1372
1628
1628
1436
1116
924
988
1116
1116
924
652
492
492
556
524
276
-64
-212
-40
228
228
-40
-196
-324
-292
-132
-32
-104
-396
-684
-924
-924
-652
-492
-460
-524
-588
-716
-924
-924
-780
-588
-524
-620
-780
-988
-1244
-1244
-988
-780
-924
-1244
-1628
-1884
-1884
-1884
-1756
-1692
-1820
-1980
-2108
-2108
-2236
-2236
-2108
-1820
-1628
-1692
-1756
-1756
-1628
-1436
-1052
-716
-620
-812
-1052
-1052
-812
-556
-340
-212
-196
-260
-196
72
340
428
556
684
780
924
1052
1116
1244
1308
1564
1756
1820
1820
1628
1500
1628
1884
1980
1980
1820
1564
1500
1628
1980
2108
1980
1564
1308
1244
1436
1628
1628
1436
1116
1052
1052
1180
1308
1308
1052
780
652
556
620
652
492
356
308
212
64
-24
-164
-260
-228
-180
-148
-164
-340
-428
-428
-396
-396
-428
-588
-812
-988
-1052
-988
-924
-780
-716
-748
-844
-876
-812
-684
-524
-356
-276
-356
-460
-460
-308
-180
-164
-260
-356
-460
-460
-396
-340
-396
-556
-716
-812
-844
-924
-1052
-1308
-1500
-1628
-1500
-1308
-1244
-1308
-1564
-1564
-1436
-1116
-988
-924
-988
-1180
-1180
-924
-620
-524
-556
-588
-492
-428
-324
-292
-244
-96
64
228
356
492
556
620
780
988
1052
924
716
620
684
844
988
1052
844
684
652
780
924
988
924
716
556
652
988
1180
1052
924
876
924
988
988
876
652
556
716
924
924
844
588
556
684
924
988
780
396
212
228
396
556
524
292
16
-24
104
292
292
8
-340
-556
-588
-396
-324
-460
-652
-812
-780
-556
-372
-340
-428
-460
-308
-104
112
244
228
148
132
260
396
396
396
428
492
620
620
460
292
196
244
396
356
196
-72
-340
-460
-356
-276
-260
-428
-684
-924
-1052
-1052
-876
-748
-748
-924
-1180
-1372
-1372
-1244
-1052
-988
-988
-1116
-1180
-1116
-1052
-924
-812
-684
-524
-492
-524
-588
-588
-460
-276
-180
-212
-460
-652
-652
-524
-292
-180
-260
-428
-460
-340
-228
-164
-132
-72
0
64
148
308
460
620
780
924
1052
1052
1052
1052
1180
1372
1500
1564
1564
1500
1372
1308
1308
1308
1244
988
812
716
684
588
524
492
428
340
244
148
32
-80
-196
-228
-196
-212
-292
-396
-428
-340
-148
-32
-32
-148
-292
-244
0
212
340
372
292
196
164
132
164
228
292
324
244
56
-164
-180
-40
148
228
132
-80
-324
-396
-396
-396
-340
-260
-244
-292
-428
-492
-492
-396
-196
24
88
0
-132
-120
-48
56
96
32
-8
-132
-260
-460
-588
-492
-308
-228
-292
-492
-684
-780
-748
-684
-620
-684
-812
-988
-1116
-1116
-1052
-924
-876
-748
-716
-748
-748
-748
-588
-340
-104
-32
-16
16
96
244
396
524
556
492
460
556
684
812
844
780
684
684
780
876
876
748
716
716
780
876
988
924
780
716
812
924
876
716
556
524
588
716
780
652
428
228
132
132
80
-16
-148
-228
-292
-372
-396
-396
-372
-396
-396
-396
-460
-492
-492
-428
-292
-180
-164
-164
-164
-212
-212
-180
-120
-64
-72
-212
-292
-308
-228
-148
-88
-72
-196
-372
-524
-556
-556
-524
-524
-460
-428
-460
-492
-524
-460
-372
-292
-324
-324
-356
-428
-396
-292
-132
-24
-88
-180
-180
-120
-64
-72
-120
-132
-88
-24
24
80
88
104
132
196
212
112
16
40
88
72
112
96
-32
-164
-212
-132
-24
24
-32
-212
-292
-180
40
324
460
492
428
492
620
812
924
876
812
812
988
1116
1116
1116
1180
1180
1244
1244
1116
988
844
812
748
716
588
460
308
132
48
-32
-180
-372
-460
-524
-556
-684
-812
-812
-716
-652
-652
-620
-588
-556
-556
-524
-460
-356
-308
-308
-212
-132
-148
-164
-104
0
8
16
8
32
16
-56
-96
-148
-132
-228
-372
-460
-556
-684
-716
-684
-684
-684
-780
-812
-780
-620
-428
-428
-492
-556
-524
-356
-228
-164
-228
-276
-196
-56
72
96
96
120
120
132
228
356
372
340
228
96
32
56
132
88
8
-72
-148
-196
-164
-48
0
-40
-104
-104
-132
-180
-148
-72
8
32
32
72
104
196
324
396
372
372
396
460
492
524
556
620
684
748
780
748
652
620
620
620
588
524
428
292
244
292
396
372
244
96
56
132
196
260
244
132
8
56
212
308
308
228
104
48
104
180
212
212
132
24
96
196
244
148
56
-32
-48
16
56
-32
-260
-372
-428
-428
-460
-556
-620
-684
-780
-812
-876
-924
-924
-812
-780
-844
-924
-924
-812
-684
-620
-524
-356
-180
-96
-132
-260
-244
24
356
492
372
120
-56
-16
212
428
396
212
-80
-260
-228
-88
48
64
-88
-292
-372
-356
-260
-132
-64
-64
-132
-212
-292
-356
-356
-228
-96
16
16
-48
-72
-112
-88
88
308
492
524
340
180
88
164
428
524
492
324
64
-56
0
228
396
396
212
56
0
-8
120
228
244
196
120
72
164
308
396
492
556
556
556
556
556
620
620
620
652
684
684
652
652
524
492
492
428
356
196
0
-120
-148
-132
-148
-260
-372
-524
-556
-524
-524
-588
-748
-844
-876
-844
-780
-716
-748
-748
-716
-620
-492
-396
-396
-460
-396
-260
-96
-8
8
0
0
96
212
196
132
80
80
132
196
244
244
260
324
396
396
372
372
372
372
340
372
396
396
372
308
244
228
292
308
164
-16
-164
-212
-148
-148
-196
-292
-396
-372
-396
-428
-524
-620
-652
-620
-524
-492
-556
-620
-620
-492
-292
-180
-132
-196
-260
-260
-40
212
356
396
276
196
228
356
460
460
460
396
260
132
72
132
132
164
164
120
24
-32
-48
-48
0
24
0
-24
-104
-164
-148
-80
16
24
-96
-260
-260
-88
96
148
16
-88
-104
-40
56
64
-80
-260
-340
-260
-120
-96
-196
-244
-244
-180
-32
72
88
0
24
148
276
396
460
460
524
524
492
492
524
492
492
492
460
428
396
324
228
164
56
-64
-132
-180
-260
-260
-180
-96
-104
-112
-196
-308
-324
-276
-180
-24
-16
-148
-308
-356
-260
-96
0
16
-64
-80
-24
32
164
228
244
244
164
120
104
132
244
308
324
356
324
196
132
132
148
96
80
16
-96
-228
-292
-260
-64
88
56
-88
-244
-324
-292
-180
-88
-112
-276
-460
-460
-324
-276
-228
-228
-260
-292
-276
-212
-148
-104
-96
-80
-120
-148
-88
-64
-80
0
72
64
56
0
-8
24
72
112
112
48
0
-16
40
120
120
64
-24
-56
0
64
48
48
16
-16
0
64
132
164
40
-148
-244
-260
-196
-164
-196
-308
-356
-372
-292
-180
-132
-164
-260
-308
-244
-148
-40
16
-24
-80
-80
40
132
308
340
244
228
260
340
428
492
460
428
396
428
428
428
356
324
324
372
428
396
324
212
104
64
48
88
164
164
16
-180
-228
-132
8
96
8
-148
-244
-260
-180
-8
72
88
64
-16
-104
-132
-48
0
8
-24
-148
-228
-212
-148
-88
-48
-80
-164
-196
-196
-244
-324
-244
-72
88
148
56
-64
-88
32
244
396
428
372
276
196
228
372
460
492
356
308
212
180
164
132
0
-64
-148
-180
-428
-340
40
-164
-428
-620
-748
-1244
-1436
-1116
-716
-460
-120
-132
-356
-372
-556
-748
-844
-684
-556
-524
-308
-64
196
372
524
556
492
244
64
80
104
40
132
308
396
460
620
812
716
460
244
16
-196
-196
56
228
196
104
164
260
340
460
428
212
-112
-228
-196
-148
-164
-132
-96
56
260
428
460
340
112
-16
-32
56
180
292
308
292
356
460
492
460
340
164
32
-16
-40
40
652
748
428
72
-72
-492
-988
-988
-812
-748
-492
-80
8
132
196
0
-212
-276
-244
-396
-428
-228
0
196
340
492
524
276
40
-24
-40
-212
-340
-260
-180
-260
-180
132
244
0
-164
-196
-396
-652
-684
-460
-460
-588
-524
-260
-164
-132
-24
48
-88
-308
-212
-40
-48
-104
-64
16
96
324
492
524
372
196
112
132
180
292
356
260
180
244
372
356
228
24
-104
-164
-72
16
-24
-80
-148
-212
-132
24
148
180
24
-132
-212
-148
8
132
180
120
148
212
276
308
324
260
228
212
164
196
180
148
112
120
112
56
48
88
88
40
-16
-88
-148
-164
-132
-32
32
-16
-120
-148
-164
-164
-164
-164
-148
-244
-324
-212
-56
-72
-148
-148
260
588
356
180
40
-276
-748
-812
-620
-684
-716
-460
-356
-356
-196
-228
-428
-620
-620
-620
-620
-460
-196
-72
0
196
372
372
396
372
292
148
56
164
292
276
324
620
748
684
588
620
428
164
132
292
396
324
292
372
428
396
524
620
524
396
396
396
260
396
396
148
40
132
196
8
-32
-64
-164
-228
-148
-196
-276
-324
-308
-228
-196
-212
-340
-428
-356
-260
-212
-180
-112
-88
-72
-40
88
132
40
0
88
132
88
88
276
372
340
292
292
212
32
-88
-112
-164
-292
-276
-276
-396
-556
-588
-524
-492
-460
-460
-492
-524
-524
-460
-460
-460
-492
-524
-556
-524
-428
-396
-460
-396
-324
-396
-460
-428
-396
-492
-588
-556
-428
-308
-260
-132
-64
-56
-64
-8
148
196
196
196
228
276
324
524
716
812
812
780
684
716
844
924
924
924
812
684
716
780
812
812
684
492
324
340
428
396
292
212
148
132
148
180
164
24
-40
-32
24
48
24
16
-80
-120
-32
72
96
40
-48
-112
-96
-16
104
148
80
-32
-112
-112
-120
-212
-260
-228
-212
-148
-80
-80
-112
-112
-132
-180
-196
-148
-196
-244
-180
-164
-180
-164
-104
-64
-132
-148
-148
-244
-396
-428
-460
-460
-428
-340
-244
-324
-428
-428
-372
-292
-276
-308
-460
-652
-652
-524
-396
-396
-428
-460
-492
-428
-428
-396
-428
-428
-372
-308
-244
-244
-244
-292
-260
-120
-8
16
8
0
24
56
180
356
428
428
356
396
396
492
652
716
652
588
524
428
556
716
780
684
556
492
428
460
492
556
524
460
324
244
244
340
428
324
244
212
164
96
104
244
228
96
88
112
132
104
120
104
80
72
148
196
132
120
132
80
56
80
56
-40
-80
-80
-164
-244
-196
-96
-16
-48
-96
-132
-148
-112
-32
40
56
0
-96
-120
-64
40
96
88
32
-96
-276
-340
-308
-244
-260
-292
-292
-308
-356
-372
-356
-340
-340
-396
-588
-684
-748
-684
-524
-428
-428
-492
-524
-556
-492
-428
-356
-324
-260
-244
-276
-292
-196
-96
-8
40
0
-32
-112
-88
0
88
148
148
96
72
112
196
340
428
460
396
356
308
276
260
244
196
180
180
196
212
244
292
276
276
196
104
24
0
64
104
72
8
-24
-104
-112
0
56
32
-24
-56
-64
-16
132
260
292
244
132
148
212
260
356
356
228
148
196
308
356
324
228
180
148
164
180
212
180
164
72
-40
-120
-96
-48
32
96
80
0
-104
-88
-16
8
72
72
0
-72
-132
-72
-24
-24
-48
-180
-276
-324
-340
-308
-308
-276
-292
-356
-396
-396
-428
-460
-460
-428
-396
-428
-460
-524
-524
-460
-372
-244
-148
-196
-276
-276
-276
-148
56
164
104
56
40
120
276
428
460
372
292
292
356
396
428
396
308
260
244
244
164
164
196
180
180
148
164
180
212
276
340
396
340
292
260
276
292
276
212
164
148
104
72
80
112
80
8
-40
-40
-96
-120
-88
-80
-112
-112
-112
-164
-164
-164
-196
-180
-148
-132
-132
-180
-132
-96
-24
24
16
32
16
16
72
132
196
212
180
120
56
0
-32
-72
-24
0
-88
-164
-180
-212
-276
-276
-292
-340
-372
-428
-492
-556
-556
-460
-372
-276
-260
-292
-340
-372
-276
-180
-164
-196
-148
-80
-48
-32
-40
8
0
40
88
80
24
24
88
180
244
228
180
132
96
96
148
164
180
132
80
0
-8
24
56
112
132
88
8
-8
72
164
244
244
132
56
40
104
228
372
324
180
48
0
32
88
112
148
72
-16
0
0
-16
0
0
16
32
-8
-40
-16
0
-8
32
80
72
56
72
104
132
196
244
228
260
228
180
148
120
148
148
180
164
180
164
104
112
80
24
-16
-8
24
32
32
-16
-24
-32
-8
64
32
-16
-104
-212
-228
-148
-112
-104
-148
-212
-212
-244
-244
-228
-228
-228
-244
-292
-356
-396
-396
-324
-292
-276
-260
-276
-276
-196
-132
-56
-48
8
24
-40
-48
16
64
72
96
64
8
-24
-24
0
48
104
112
64
8
-32
-40
-24
-24
16
24
-64
-180
-228
-196
-112
-64
-56
-96
-148
-148
-148
-88
-16
0
-24
-16
-40
-16
0
16
88
148
148
132
120
104
96
96
148
180
228
164
112
80
72
148
212
228
196
148
88
112
212
340
396
396
276
148
120
164
260
340
276
212
196
148
132
148
132
164
180
148
132
120
132
120
132
112
16
-88
-180
-196
-196
-132
-80
-64
-120
-228
-276
-276
-212
-180
-164
-164
-180
-164
-88
8
96
88
32
-24
-24
40
64
72
40
8
48
88
132
88
16
-64
-164
-196
-212
-164
-164
-228
-260
-228
-196
-180
-148
-148
-180
-212
-180
-112
-88
-96
-132
-120
-40
8
32
-32
-104
-148
-164
-112
-96
-120
-196
-276
-276
-196
-88
-56
-88
-164
-212
-228
-164
-56
-8
0
-72
-132
-80
-8
72
88
88
132
148
180
260
308
324
308
292
372
356
308
292
260
292
372
428
396
356
324
260
228
228
212
164
112
40
0
-16
-64
-64
-48
-64
-72
-80
-120
-120
-120
-196
-276
-340
-340
-308
-292
-292
-340
-372
-356
-324
-340
-340
-324
-340
-276
-228
-228
-228
-228
-212
-132
-56
8
40
40
48
64
104
164
180
180
196
180
164
164
196
244
292
324
340
292
260
196
244
276
244
212
180
104
64
88
72
72
40
16
-32
-64
-96
-132
-120
-112
-88
-80
-88
-148
-164
-148
-132
-132
-104
-64
-56
-96
-64
0
56
132
180
196
164
120
132
120
132
196
196
164
80
72
96
180
276
292
276
244
228
276
356
396
372
340
276
292
308
260
180
112
80
32
40
16
-56
-164
-244
-228
-212
-212
-292
-372
-460
-396
-324
-324
-356
-428
-460
-524
-492
-396
-356
-356
-356
-308
-228
-132
-88
-72
-56
-80
-96
-72
-56
-56
-64
-48
0
32
24
-16
-56
-48
-40
-24
-16
-40
-80
-180
-180
-120
-72
-56
-96
-104
-132
-148
-164
-132
-80
-88
-104
-72
-16
0
0
48
56
8
-8
-16
0
40
64
24
24
56
48
32
24
40
48
40
8
0
-8
8
80
120
164
148
132
180
244
292
308
292
308
324
372
396
428
492
460
460
460
396
396
396
372
372
396
356
324
340
308
228
196
148
180
120
8
-56
-80
-96
-72
-88
-132
-196
-260
-276
-308
-244
-196
-180
-180
-212
-260
-244
-196
-164
-132
-96
-96
-104
-148
-112
-96
-72
-80
-56
-64
-88
-88
-96
-88
-132
-180
-212
-164
-164
-196
-164
-132
-80
-64
-112
-196
-260
-292
-260
-180
-112
-112
-180
-244
-228
-120
-64
-72
-104
-212
-308
-340
-292
-244
-196
-196
-196
-212
-212
-148
-132
-132
-112
-80
-80
-96
-112
-120
-104
-64
40
120
80
0
-64
-32
48
228
308
292
228
196
212
260
356
372
340
244
228
260
308
324
308
308
308
308
308
308
228
196
212
228
228
180
196
196
196
228
212
196
180
164
148
120
148
180
196
180
132
132
96
80
64
24
8
-8
-64
-72
-88
-104
-88
-104
-88
-104
-148
-212
-164
-88
-16
0
-40
-96
-96
-104
-64
-8
24
24
-16
-64
-72
-56
-48
0
0
-24
-48
-72
-132
-120
-80
-96
-112
-180
-276
-340
-372
-396
-340
-372
-396
-372
-340
-292
-260
-276
-308
-308
-292
-228
-180
-196
-260
-260
-244
-148
-80
-40
-32
-32
-40
-24
24
56
40
0
16
48
56
132
196
196
228
228
148
72
16
8
64
132
196
180
148
132
132
196
292
276
228
212
180
164
196
244
260
260
228
244
260
244
212
212
196
196
196
180
196
228
180
148
148
212
228
180
120
72
56
48
112
132
64
-16
-72
-72
-32
-24
-64
-120
-180
-180
-132
-72
-16
16
8
-48
-64
-56
-32
16
32
8
-56
-96
-104
-64
-40
-24
-56
-148
-260
-292
-308
-308
-308
-244
-212
-212
-228
-196
-212
-244
-212
-212
-212
-196
-196
-196
-196
-180
-132
-132
-132
-148
-244
-292
-244
-180
-72
-40
-40
-40
-32
0
64
80
64
32
-8
-48
-24
0
0
16
48
56
32
40
16
32
72
132
180
212
212
244
228
244
292
260
228
228
228
196
212
260
244
212
120
96
112
132
132
96
72
40
56
56
88
96
104
120
132
120
88
80
56
56
16
16
8
8
16
-8
-24
-72
-120
-104
-104
-132
-132
-164
-196
-196
-180
-148
-132
-112
-64
-40
-80
-72
-88
-96
-40
-16
-16
-8
16
0
24
32
0
-24
-64
-72
-64
-88
-120
-104
-112
-88
-48
-48
-32
-88
-112
-88
-88
-112
-132
-148
-196
-212
-212
-196
-180
-164
-148
-120
-48
8
40
96
104
96
104
72
96
148
112
80
96
120
148
132
148
180
228
244
228
244
244
228
260
308
292
228
196
148
164
180
164
132
80
48
72
104
132
96
24
-8
-56
-72
-32
-48
-88
-104
-132
-132
-120
-104
-64
-40
-64
-72
-56
-56
-8
16
0
-64
-112
-120
-104
-48
-56
-48
-104
-164
-148
-112
-96
-132
-164
-196
-212
-228
-196
-180
-196
-196
-164
-112
-72
-72
-104
-80
-24
64
120
132
104
40
0
40
132
148
132
72
16
16
56
112
148
148
64
-16
-80
-80
-64
-104
-80
-96
-132
-196
-228
-164
-96
-80
-96
-80
-112
-104
-72
0
48
104
132
148
212
196
212
196
212
196
164
148
132
180
196
164
180
180
148
88
88
132
96
24
0
0
0
8
24
0
-16
-80
-132
-80
-32
-8
-40
-32
-16
0
40
72
88
72
56
16
40
56
48
72
72
64
80
80
48
16
24
24
8
0
0
-24
-32
-64
-80
-112
-196
-180
-164
-164
-180
-212
-228
-212
-180
-132
-112
-96
-80
-80
-72
-72
-88
-64
-88
-112
-48
-16
-48
-64
-56
-72
-72
-72
-56
-72
-48
-56
-56
-56
-56
-56
-64
-40
-48
-64
-64
-32
0
-8
-56
-96
-104
-72
-56
0
0
-24
-40
-8
0
0
64
80
64
88
132
120
132
