SAMPLES:	6841
BITSPERSAMPLE:	16
CHANNELS:	1
SAMPLERATE:	16000
NORMALIZED:	FALSE
32
32
32
32
32
24
24
32
32
32
32
24
24
16
16
16
16
16
16
16
16
16
16
8
8
0
8
8
8
0
0
0
0
0
0
0
0
0
0
0
0
0
0
-8
0
0
0
0
0
0
0
0
-8
-16
-16
-24
-16
-8
-16
-8
-8
-8
-8
-8
-8
-16
-16
-16
-24
-16
-16
-16
-16
-16
-16
-24
-24
-16
-16
-24
-16
-24
-24
-24
-24
-24
-24
-24
-16
-16
-24
-16
-16
-16
-16
-16
-16
-16
-16
-16
-16
-16
-16
-8
-8
-8
-8
-8
-8
0
0
0
0
0
0
8
8
8
8
8
8
16
16
16
16
16
16
24
16
24
24
24
16
16
16
16
16
16
16
16
24
24
16
24
16
24
24
16
24
16
16
16
16
16
16
16
16
16
8
8
8
8
8
8
8
8
0
8
0
0
0
0
0
0
0
0
0
0
0
0
0
0
0
0
0
0
0
0
0
0
0
0
0
0
0
0
0
0
0
0
0
0
0
0
0
0
0
0
0
0
0
0
0
-8
-8
-8
-8
-8
-8
-8
-8
-8
-8
-8
-8
-16
-16
-16
-16
-8
-8
-8
0
0
0
0
0
0
-8
0
-8
-16
-8
-8
-8
0
0
0
0
0
0
0
0
0
0
0
0
0
0
0
0
0
8
8
0
0
0
0
0
0
0
0
0
0
0
0
0
0
0
0
0
0
0
0
0
-8
0
0
-8
0
0
-8
-8
-8
-16
-16
-8
-8
-8
-8
-8
-8
-8
0
-8
0
0
-8
0
-8
-8
0
0
0
0
0
0
0
0
0
8
8
8
8
8
8
8
8
8
8
8
8
8
8
8
8
8
8
8
8
16
16
16
16
16
16
16
16
16
16
16
16
16
24
16
16
16
16
16
16
16
8
16
16
8
16
16
16
8
8
8
8
16
8
8
8
0
0
0
0
0
0
0
0
0
0
0
0
0
0
0
-8
-8
-8
-16
-16
-16
-16
-16
-16
-16
-16
-16
-16
-16
-16
-16
-16
-16
-24
-24
-16
-16
-16
-8
-8
-16
-16
-16
-16
-16
-8
-8
-8
0
0
0
0
0
0
0
0
0
-8
-8
-8
-8
0
0
0
0
0
0
0
0
0
0
0
0
0
0
0
0
0
0
0
0
0
0
0
0
0
0
0
0
0
0
0
0
0
0
0
0
0
8
0
0
0
0
0
0
0
0
0
0
0
8
8
8
8
8
8
8
8
8
0
8
8
0
0
8
8
8
8
8
0
8
8
8
8
8
8
8
16
8
8
8
0
8
0
8
8
8
8
8
8
8
8
8
0
8
0
8
8
0
0
0
0
0
8
8
0
0
0
0
0
0
0
0
0
0
0
0
0
0
0
0
0
0
0
0
0
0
0
-8
-8
-8
-8
-8
-8
-8
0
0
0
-8
-8
-8
-8
-8
-8
-16
-8
-8
-8
-8
-8
-8
-8
-8
-8
-8
-8
-16
-16
-8
-8
-8
-8
-8
-8
-8
-8
-8
-8
-8
-8
-8
-8
-8
-8
-8
-8
-8
0
-8
0
0
0
0
0
0
0
0
0
0
0
0
0
0
0
0
0
-8
0
0
0
0
0
0
0
0
0
0
0
0
0
0
0
0
0
0
0
0
0
0
0
0
0
0
0
8
0
0
0
0
8
8
16
16
16
16
16
16
16
16
8
8
16
8
8
16
16
16
16
24
24
16
16
16
16
16
16
16
16
16
16
16
16
8
8
16
8
8
16
8
8
8
8
8
8
8
0
8
0
0
0
0
0
0
0
0
0
0
0
0
0
-8
0
0
-8
-8
-8
-8
-8
-8
-8
-16
-16
-16
-16
-16
-16
-16
-16
-16
-16
-16
-24
-16
-16
-16
-16
-16
-24
-24
-16
-16
-16
-16
-16
-16
-16
-16
-16
-8
-16
-8
-16
-16
-16
-16
-16
-16
-8
-8
-8
-8
0
0
0
0
0
0
0
0
0
0
0
0
0
0
8
0
0
8
8
8
8
8
0
8
0
0
8
8
0
8
8
8
8
8
8
8
8
0
0
0
0
0
0
8
8
8
8
8
0
0
0
0
0
0
0
0
0
0
0
0
0
0
0
0
0
0
0
0
0
0
0
0
0
0
0
0
0
0
0
0
0
0
0
0
8
0
0
0
0
0
0
8
8
8
8
8
8
8
16
8
8
8
8
8
8
8
8
8
8
8
8
8
8
8
8
8
8
8
0
0
0
0
0
0
0
0
0
0
0
0
0
0
-8
-8
-8
-8
-8
-8
-8
-8
-8
-8
-16
-16
-16
-16
-16
-16
-16
-16
-16
-16
-16
-16
-16
-16
-16
-16
-16
-16
-8
-8
-8
-8
-8
-8
-8
-8
-8
-8
-8
-8
0
-8
0
-8
0
0
0
0
0
0
0
0
0
0
0
0
0
0
0
0
0
0
0
8
8
8
0
8
8
8
16
16
16
8
16
16
8
8
8
16
16
16
16
16
16
16
16
16
16
16
16
16
16
16
16
8
8
0
0
8
8
0
0
0
0
0
8
8
8
8
0
0
0
0
0
0
0
0
0
0
0
0
0
0
0
0
0
0
0
-8
-8
-8
-8
-8
-8
-8
-8
-8
-8
-16
-8
-8
-8
-8
-16
-16
-8
-16
-16
-8
-16
-16
-16
-16
-16
-16
-16
-8
-16
-8
-8
-8
-8
-8
-8
-8
-8
0
-8
0
0
-8
0
0
0
0
0
0
0
0
0
0
8
8
8
8
0
8
8
8
8
0
0
0
0
0
8
8
0
8
8
8
8
8
8
8
8
8
16
16
16
16
16
16
16
16
16
24
24
24
16
16
16
16
16
16
16
16
24
24
16
24
24
24
16
16
16
16
16
8
8
8
8
8
0
0
0
0
0
0
0
-8
0
-8
-8
-8
-16
-16
-16
-16
-16
-16
-16
-16
-16
-24
-16
-16
-24
-24
-24
-24
-24
-32
-24
-24
-24
-24
-24
-24
-24
-32
-24
-24
-24
-24
-24
-24
-24
-16
-16
-16
-16
-16
-16
-16
-16
-16
-8
-8
-8
-8
-8
0
0
0
0
0
0
0
0
0
0
0
8
8
8
8
8
8
8
16
16
16
16
16
16
16
16
16
16
16
16
16
16
16
16
16
16
16
16
16
24
24
16
16
16
16
16
16
16
16
16
8
8
16
8
16
16
16
8
8
8
8
8
0
8
8
8
0
0
0
0
0
0
0
0
0
0
0
0
-8
0
0
-8
-8
-8
-8
-8
-8
-8
-8
-16
-8
-8
-8
-8
-8
-16
-16
-16
-16
-16
-16
-16
-16
-16
-16
-16
-16
-16
-8
-8
-8
-8
-16
-16
-16
-16
-8
-8
-8
-8
-8
0
0
0
0
0
0
0
0
0
0
8
8
8
8
8
8
8
8
8
8
8
8
8
8
8
16
16
16
16
8
8
8
8
0
0
0
0
8
0
0
0
0
0
0
0
0
0
0
0
0
0
0
0
0
0
0
0
0
0
0
-8
-8
-8
-8
-8
-8
0
0
0
-8
-8
-8
-8
-8
-8
-8
-8
-8
0
0
-8
0
0
0
0
0
0
-8
-8
-8
-8
0
0
0
0
0
0
0
0
0
0
0
0
0
0
0
0
0
0
0
0
0
0
0
0
0
0
8
0
8
8
8
0
0
8
0
8
8
0
8
8
8
16
16
16
16
8
8
8
8
16
16
16
16
16
16
8
8
8
0
8
8
0
8
8
8
8
8
8
0
0
0
0
8
0
0
0
0
0
0
0
0
0
0
0
-8
-8
-8
-8
-8
-8
-8
-8
-8
-8
-8
-8
-8
-8
-16
-16
-16
-16
-16
-16
-16
-16
-16
-16
-16
-16
-16
-16
-16
-16
-8
-8
-8
-8
-16
-8
-8
-8
-8
-8
0
0
0
0
0
0
0
0
0
8
8
8
0
0
0
0
8
8
8
8
8
16
16
24
16
16
16
16
16
16
24
24
24
24
16
8
8
8
16
16
16
16
16
16
8
8
8
8
8
8
8
8
8
0
0
0
0
-8
-8
-8
-8
0
0
0
0
0
0
0
0
0
-8
-8
-16
-16
-24
-24
-24
-24
-24
-16
-8
-8
-8
-8
0
-8
0
-8
-8
-16
-16
-16
-8
-16
-16
-8
-8
-8
-8
0
0
0
0
0
0
0
0
0
0
0
8
0
0
0
0
0
0
0
0
8
8
8
16
16
24
16
16
16
8
0
8
0
0
0
8
16
8
8
8
0
0
0
0
0
0
0
0
0
0
0
0
0
0
-8
-8
0
0
0
0
0
0
0
-24
-48
-32
-8
8
8
-8
-24
-24
-24
-16
-16
-8
-8
-24
-40
-48
-48
-48
-8
40
56
8
-64
-80
-24
16
24
0
-24
-32
-48
-64
-32
8
32
0
-40
-40
-24
-24
-16
8
40
16
-40
-72
-48
-8
16
32
32
0
-40
-48
-16
40
64
48
24
0
-24
-32
-8
16
40
32
0
-24
-24
0
24
64
88
80
40
24
64
104
132
148
164
148
112
88
120
180
228
244
212
180
180
212
260
308
308
276
212
148
132
120
132
148
120
48
-32
-104
-148
-148
-148
-148
-196
-276
-396
-428
-396
-372
-340
-340
-396
-460
-492
-492
-428
-356
-308
-292
-292
-308
-308
-276
-228
-164
-120
-132
-180
-196
-180
-148
-112
-88
-56
-80
-112
-96
-40
16
56
48
32
24
32
88
148
212
212
196
164
132
164
228
292
308
260
196
164
196
276
308
276
228
212
244
340
524
652
620
524
556
684
652
492
396
524
684
652
460
260
164
164
148
56
0
-148
-372
-524
-556
-524
-620
-748
-716
-588
-556
-748
-988
-988
-844
-684
-556
-492
-492
-620
-652
-460
-132
80
64
-64
-112
-56
16
56
132
228
260
180
96
120
180
228
212
212
196
96
-24
-64
32
132
164
88
0
-80
-148
-148
-32
72
112
48
-56
-132
-132
-80
0
80
120
104
16
-32
8
80
88
48
24
0
-72
-112
-80
-16
-32
-120
-120
-32
16
148
460
876
988
780
620
844
1308
1500
1308
1052
1116
1308
1308
1052
924
924
780
556
356
64
-396
-844
-988
-876
-988
-1436
-1884
-1980
-1884
-1820
-1980
-2236
-2108
-1980
-1820
-1628
-1436
-1244
-1116
-924
-556
-164
8
-24
-104
88
428
748
1052
1116
684
132
148
588
844
716
460
292
96
-196
-340
-120
196
196
-196
-524
-492
-356
-396
-308
212
556
244
-356
-428
-16
292
356
492
556
340
-40
-164
80
428
588
324
-104
-460
-556
-524
-428
-120
164
40
-428
-780
-684
-396
-164
40
148
-16
-244
-88
716
1884
3004
3772
3772
3132
2236
1692
1820
2876
4348
5372
4604
2620
988
556
1116
1692
1980
1500
180
-1692
-3260
-3772
-3260
-2236
-1308
-1436
-2620
-4604
-6140
-6140
-4604
-2620
-1564
-1884
-2876
-3388
-3004
-2108
-748
492
1180
812
-8
-492
-396
148
1308
2876
3644
2620
524
-460
260
1372
1756
1564
1372
428
-1180
-2108
-1436
148
988
324
-748
-1436
-1820
-2108
-1756
-212
1116
876
-844
-1980
-1564
-620
64
524
844
492
-876
-1884
-1436
-212
556
372
-212
-812
-1180
-1628
-1820
-1308
-460
-276
-924
-1628
-1436
-924
-684
-396
164
492
56
-396
-196
588
1500
2236
3132
4092
5116
5628
5628
4860
3388
2620
3516
5628
7164
6652
4092
1756
924
1628
2492
2620
2108
876
-988
-2876
-4092
-4092
-3388
-2108
-1180
-1820
-4348
-6908
-7932
-6396
-3772
-1980
-2108
-3260
-4348
-4348
-3388
-2108
-780
308
924
780
64
-876
-1436
-684
1308
3388
3900
2492
244
-988
-620
1180
3132
3644
2108
-228
-1756
-2108
-1052
556
1692
1628
132
-1980
-3260
-3004
-1180
748
1436
716
-1052
-2748
-3132
-1564
1116
2492
1692
-88
-1500
-1980
-1372
132
1500
1628
524
-748
-1436
-1564
-988
104
988
924
96
-1116
-2236
-2236
-988
588
1244
924
148
-524
-716
164
1692
2620
2236
1244
372
396
1180
2748
4860
6396
6908
6396
4860
2364
556
1436
4348
7164
7164
4348
988
-1052
-812
876
2236
2492
1244
-1116
-3644
-5628
-5628
-4348
-2492
-716
-748
-3132
-6652
-8828
-7676
-4604
-1628
-780
-1756
-3388
-4348
-4092
-2620
-556
1116
1980
1884
620
-988
-2108
-1564
780
3516
4604
3132
324
-1692
-1820
-428
1820
3516
4092
2492
-876
-3772
-3772
-924
1756
2236
1116
-780
-2876
-4348
-3644
-748
2108
2492
372
-2236
-3004
-2108
-492
1116
2620
3132
1500
-988
-1980
-716
1180
2108
2236
1820
260
-1884
-2748
-1436
844
2236
1692
-276
-2108
-2876
-2364
-988
748
1820
1308
-492
-1692
-1052
556
1692
2364
2492
1628
72
-748
372
2748
5116
6396
6908
6652
4860
2364
132
324
3260
6908
7932
5372
1308
-1372
-1692
-64
1980
3260
2364
-556
-3772
-5628
-5884
-4860
-2620
-276
308
-1980
-6140
-9340
-8828
-5372
-1564
64
-812
-3004
-4860
-4860
-3260
-684
1500
2364
2108
844
-988
-2620
-2620
-260
3004
4860
3772
716
-1980
-2748
-1372
924
3004
3388
1628
-924
-2236
-2108
-1436
-276
1372
2108
652
-1884
-3388
-2876
-1116
844
2108
1980
356
-1436
-2236
-1052
1180
2748
2492
1244
492
72
-276
-180
780
1820
1500
-24
-1564
-2364
-2236
-1500
-180
812
460
-1052
-2876
-3260
-2108
-196
876
924
356
-372
-924
-556
1052
2748
3260
2492
1500
1116
1052
1308
2364
3388
3900
3900
3900
4092
5116
6140
5628
3388
1180
1244
3644
6140
6396
4348
1244
-684
-716
492
1820
2108
988
-1436
-3772
-4860
-4604
-3516
-1980
-876
-1436
-4092
-7164
-8316
-6396
-3388
-1692
-1820
-3132
-4348
-4860
-3900
-2364
-780
104
40
-716
-1692
-2620
-2748
-1820
356
2236
2364
620
-1308
-1980
-1436
-340
924
1820
1564
396
-1116
-1244
-88
748
812
844
1244
396
-1756
-3132
-1756
1180
2748
1980
-8
-1372
-1372
-588
924
2876
3388
1244
-1308
-1372
652
1980
1564
812
524
-212
-1372
-1756
-1244
-524
-228
-164
-292
-780
-1308
-1820
-1628
-356
1116
1372
72
-924
-492
748
1884
3004
4092
3644
1884
876
1756
3388
4092
3644
3132
2492
2236
2876
4348
5628
6140
6140
5884
4092
1692
460
1628
4348
6396
5628
2492
-212
-1180
-716
-16
556
812
-148
-2236
-4348
-5372
-5372
-4348
-2620
-1244
-1820
-4604
-7676
-8316
-6652
-4092
-2108
-1980
-3132
-4604
-4860
-4348
-3132
-1628
-588
-356
-812
-1692
-2620
-3004
-1980
428
2492
2620
924
-1180
-2108
-1628
16
1980
3004
2620
1372
-428
-1820
-1692
132
1980
2364
1180
-428
-1692
-1980
-812
924
2108
2108
924
-588
-1116
-260
812
1116
1116
1436
1244
-48
-1308
-1180
-276
292
372
196
-716
-2108
-2876
-1980
-292
988
876
-524
-1980
-2236
-1116
308
1436
1980
1628
716
340
1372
3132
4092
4092
3516
2876
2492
2364
2876
3516
3644
3260
3004
2876
3132
3644
4092
4860
5884
5884
3644
924
324
2620
5372
5372
2876
652
64
212
212
148
460
396
-1116
-3260
-4604
-4604
-3772
-3132
-2876
-3004
-3772
-5628
-7164
-6908
-5116
-3516
-3388
-4348
-4860
-4860
-4348
-3516
-2236
-1116
-924
-1372
-1628
-1372
-1116
-844
-16
1244
2108
1628
460
-292
-32
876
1820
2492
2236
988
-556
-876
64
1372
1820
1116
0
-1116
-1692
-1308
-80
1244
1372
132
-1372
-1628
-748
180
812
1052
652
-556
-1500
-1052
64
684
460
-148
-620
-1116
-1372
-1116
-620
-292
-428
-876
-1244
-1116
-556
-196
-32
308
716
620
308
652
1500
1980
2364
2748
3132
3004
2492
2492
2876
3388
3516
3388
2876
2492
1884
1500
1628
2236
2876
3004
2876
3132
4092
5116
4348
1980
32
492
2876
4860
4348
2620
924
0
-324
-276
212
780
196
-1500
-3260
-4348
-4860
-4348
-2876
-1436
-1820
-4348
-7164
-7932
-6652
-4348
-3132
-3260
-4092
-4860
-5116
-4092
-2364
-1052
-716
-1052
-1244
-1116
-1052
-1116
-652
748
2108
2364
1372
276
-260
-56
716
1884
2620
2108
876
-212
-372
460
1820
2748
2620
1500
16
-1116
-1372
-212
1436
2236
1628
0
-1500
-1820
-780
844
1756
1436
196
-1244
-1980
-1500
-228
844
1052
372
-780
-1820
-2108
-1372
-16
684
396
-620
-1436
-1564
-748
524
1372
1564
1244
876
812
1180
1980
2876
3260
3388
3004
2620
2236
2364
3132
3900
3900
3260
2364
1308
396
356
1052
1692
1692
1116
652
748
2108
4092
4860
3132
-64
-1436
180
3132
4860
4092
2236
308
-924
-1116
-212
1180
1564
228
-2236
-4348
-5116
-4604
-3260
-1628
-1308
-3132
-6140
-7932
-7420
-5372
-3516
-2876
-3388
-4604
-5372
-5116
-3516
-1820
-988
-988
-1244
-1308
-1116
-1116
-924
-40
1180
1980
1980
1436
876
396
396
1308
2620
3132
2236
748
-372
-396
780
1980
2364
1500
-120
-1692
-2492
-1628
48
1308
988
-588
-1980
-2492
-1692
-16
1116
1308
524
-556
-1244
-924
428
1692
2108
1628
812
64
-396
64
1244
2108
2236
1180
56
-556
-212
924
1980
2364
1884
1052
524
588
1436
2492
2876
2620
2108
1628
1372
1500
2236
2876
3132
2492
1628
780
276
292
684
1116
1244
1180
1052
924
1692
3516
4860
4092
1244
-780
-212
2236
4348
4348
3132
1564
292
-228
32
924
1372
588
-1180
-3004
-3900
-3900
-3260
-1980
-1244
-1980
-4348
-6652
-6908
-5884
-4348
-3260
-3260
-4092
-5116
-5372
-4348
-2748
-1500
-1372
-1756
-2108
-2108
-1884
-1436
-524
428
924
748
324
-8
-148
-56
524
1308
1628
988
-180
-988
-1244
-716
428
1244
748
-684
-1980
-2492
-1884
-556
716
1116
148
-1308
-1980
-1116
748
2236
2364
1372
492
88
276
1372
2876
3260
2364
988
492
924
1564
2108
2364
1692
556
-396
-428
228
924
1052
716
396
292
396
652
988
1500
1820
1628
1372
1244
1180
1180
1564
2492
3132
2876
1820
988
620
620
1052
1628
1692
1052
340
428
1308
2364
3644
4604
4348
2236
-120
-460
1564
4092
4860
3388
1692
652
324
396
988
1884
1756
8
-2108
-3132
-3132
-2748
-1980
-1180
-1372
-3132
-5372
-6652
-5884
-4348
-3516
-3644
-4348
-5116
-5628
-5116
-3900
-2620
-2236
-2620
-3004
-3004
-2620
-2236
-1820
-1180
-620
-748
-1180
-1372
-1244
-1052
-652
-56
588
684
96
-620
-812
-40
1052
1628
1244
340
-372
-492
132
1244
2236
2108
1180
276
112
844
1820
2492
2364
1820
1436
988
876
1436
2236
2620
1980
1180
716
556
780
1244
1564
1116
40
-876
-1116
-748
-80
324
276
-120
-428
-492
-212
356
924
1052
780
556
652
1052
1564
2236
2876
2876
2236
1564
1500
1756
2108
1980
1628
924
340
524
1308
2108
2236
1980
1820
2236
3004
3004
2108
1244
1500
2492
3260
3132
2492
1980
1564
1244
1180
1116
684
-260
-1116
-1628
-1820
-2108
-2492
-2492
-2748
-3388
-4348
-5116
-5372
-5372
-5116
-4860
-4860
-5116
-5372
-5372
-4604
-3900
-3516
-3644
-4092
-3900
-3388
-2620
-1980
-1692
-1628
-1628
-1436
-876
-276
56
164
340
716
1116
1180
1116
1308
1628
1980
2364
2236
1500
524
492
1244
1628
1564
1244
988
556
164
372
988
1500
1436
924
524
324
244
460
1244
2108
1884
876
16
80
748
1180
1308
1180
524
-372
-716
-96
716
924
588
180
-8
0
212
588
924
1052
876
748
988
1436
1820
1884
1884
1980
1980
1692
1436
1436
1500
1116
780
844
1052
1052
1116
1244
1372
1436
1564
1980
2492
2620
2364
1980
1756
2108
2620
2748
2492
1980
1756
1564
1308
844
396
164
-40
-396
-988
-1820
-2492
-2876
-2748
-2492
-2748
-3644
-4860
-5372
-5116
-4604
-4092
-4348
-4860
-5372
-5372
-4860
-4348
-3772
-3516
-3644
-3644
-3388
-2876
-2364
-2108
-1628
-1052
-620
-556
-620
-620
-356
196
844
1372
1500
1116
620
684
1180
1628
1756
1564
1244
684
492
812
1436
1756
1564
1116
684
684
1052
1372
1372
1116
844
588
748
1308
1692
1564
1052
780
988
1244
1372
1436
1308
844
524
748
1052
1116
748
492
556
780
1116
1436
1436
1180
748
684
1180
1692
1884
1692
1244
988
1180
1500
1692
1628
1308
844
652
876
1308
1372
988
524
460
716
876
924
844
460
0
-112
228
684
748
428
260
396
652
620
524
372
244
260
308
292
120
-180
-396
-396
-340
-460
-924
-1564
-2108
-2236
-2236
-2108
-2108
-2620
-3260
-3772
-3772
-3516
-3388
-3388
-3644
-4092
-4348
-4092
-3516
-2876
-2748
-3004
-3388
-3388
-3132
-2620
-2108
-1820
-1756
-1756
-1564
-1116
-428
80
324
356
460
876
1244
1308
1372
1628
1820
1820
1884
1980
1980
1692
1500
1564
1692
1628
1244
844
620
588
684
812
988
924
652
492
684
1116
1244
1116
1244
1372
1436
1372
1500
1820
1980
1980
2108
1980
1820
1564
1628
1884
1980
1820
1628
1308
1116
1052
1116
1116
1116
1116
988
652
460
292
324
588
812
716
276
-104
-212
-24
228
340
308
72
-164
-196
16
308
356
244
212
180
40
-48
-24
104
244
148
-96
-428
-716
-812
-748
-620
-620
-876
-1180
-1372
-1436
-1436
-1372
-1436
-1564
-1564
-1692
-1756
-1628
-1628
-1692
-1692
-1692
-1628
-1564
-1564
-1628
-1692
-1980
-1980
-1884
-1692
-1628
-1756
-1980
-2236
-2364
-2236
-2108
-1884
-1884
-1980
-2108
-1980
-1628
-1180
-924
-748
-812
-844
-716
-396
-48
196
324
428
556
748
988
1244
1372
1436
1564
1756
1884
1980
1980
2108
2236
2236
2364
2364
2236
2108
2108
2236
2236
2492
2364
2108
1884
1884
2108
2364
2364
2236
1756
1436
1308
1372
1628
1692
1436
924
620
588
684
812
812
428
-104
-524
-556
-396
-428
-620
-924
-1052
-1116
-988
-924
-1052
-1308
-1308
-1052
-812
-652
-652
-716
-716
-524
-228
-24
64
96
148
132
196
396
556
588
556
492
428
324
196
112
120
132
132
-32
-340
-716
-924
-812
-620
-652
-876
-1244
-1628
-1692
-1500
-1052
-876
-1180
-1628
-1980
-1980
-1884
-1628
-1436
-1500
-1820
-1980
-1980
-1756
-1500
-1308
-1308
-1500
-1564
-1564
-1372
-1116
-1052
-988
-924
-844
-652
-524
-460
-396
-244
-64
32
132
164
260
460
748
988
1116
1180
1244
1308
1372
1500
1628
1756
1756
1820
1884
1884
1884
1980
1980
2108
2108
1980
1756
1628
1564
1756
1820
1692
1436
1244
1052
1052
1180
1244
988
716
492
340
260
148
0
-120
-120
-132
-228
-340
-372
-428
-524
-556
-524
-460
-492
-524
-492
-460
-460
-340
-120
-32
-48
-132
-196
-164
-56
96
260
260
132
-16
-56
8
148
212
148
24
-132
-180
-180
-148
-180
-340
-492
-492
-396
-396
-588
-844
-876
-684
-428
-260
-356
-652
-844
-844
-588
-396
-428
-684
-1052
-1244
-1116
-988
-924
-924
-988
-1180
-1308
-1308
-1308
-1372
-1436
-1372
-1308
-1244
-1180
-1180
-1308
-1436
-1372
-1180
-876
-620
-588
-780
-988
-780
-228
260
460
372
148
48
244
748
1244
1436
1436
1308
1244
1372
1628
1980
2108
1980
1820
1692
1692
1756
1884
1980
1980
1756
1500
1308
1116
1116
1116
1052
924
716
556
460
396
396
396
372
276
148
-24
-132
-96
-8
48
-64
-260
-396
-492
-460
-372
-308
-372
-492
-460
-372
-308
-244
-148
-48
40
64
24
-80
-148
-120
0
148
196
228
64
-148
-228
-164
-16
80
8
-244
-460
-492
-292
-24
8
-164
-460
-620
-492
-260
-48
-80
-308
-492
-492
-308
-148
-212
-492
-812
-924
-876
-684
-556
-652
-876
-1116
-1116
-988
-844
-748
-876
-1052
-1052
-1052
-924
-748
-620
-524
-556
-620
-556
-492
-460
-492
-460
-428
-396
-356
-228
-132
-148
-196
-180
-16
228
396
372
292
244
308
556
924
1180
1116
924
844
924
1244
1500
1628
1436
1116
876
924
1116
1372
1436
1244
924
748
716
812
988
1052
924
716
524
372
292
308
372
356
244
24
-164
-212
-148
0
112
148
164
0
-276
-428
-308
-96
48
48
-80
-396
-588
-492
-148
88
120
56
-164
-372
-524
-460
-396
-292
-228
-276
-460
-684
-780
-748
-620
-356
-292
-460
-748
-1052
-988
-716
-372
-196
-212
-460
-716
-716
-372
-16
72
-8
-244
-460
-396
-72
228
244
32
-148
-72
120
292
340
180
-72
-196
-56
120
132
-64
-308
-460
-460
-308
-164
-260
-524
-716
-748
-620
-372
-212
-260
-396
-556
-460
-164
72
132
40
-40
16
276
588
748
716
620
556
716
924
1116
988
748
620
684
812
924
924
716
428
340
428
620
652
460
228
72
56
228
428
492
428
292
148
16
-8
96
244
292
196
56
-16
-48
-80
0
112
112
-16
-228
-396
-492
-396
-196
-112
-228
-428
-620
-652
-716
-812
-844
-876
-812
-748
-652
-716
-812
-684
-492
-292
-276
-308
-396
-396
-260
-96
64
132
120
212
428
588
556
460
372
428
524
556
492
324
276
356
492
524
428
260
72
56
180
244
212
40
-104
-132
-96
-40
8
16
-148
-292
-308
-260
-228
-212
-276
-396
-460
-492
-460
-428
-372
-396
-460
-460
-340
-228
-196
-196
-180
-132
-24
56
40
-8
-24
56
180
244
244
196
132
120
164
260
292
212
212
228
276
308
372
460
524
620
716
748
652
588
524
492
524
524
588
684
652
492
356
308
308
276
212
132
0
-180
-324
-428
-428
-396
-428
-556
-652
-748
-844
-876
-876
-924
-988
-988
-924
-812
-748
-716
-716
-684
-492
-308
-212
-212
-292
-212
-132
0
148
196
88
-16
-40
88
212
180
180
164
72
-64
-56
16
96
180
196
80
-56
-80
80
372
492
460
244
24
0
212
460
556
428
244
132
64
112
196
196
164
96
24
-64
-148
-80
16
64
16
-104
-228
-244
-164
-96
-56
-72
-16
72
132
132
104
104
80
112
196
276
228
148
180
212
276
396
460
460
396
324
260
244
356
524
524
428
244
132
148
276
492
524
428
228
88
40
96
212
244
228
80
-64
-132
-164
-148
-80
-72
-164
-308
-492
-652
-780
-780
-684
-556
-492
-556
-684
-812
-844
-748
-524
-340
-228
-292
-524
-652
-524
-244
8
88
0
-180
-292
-164
24
164
228
212
196
132
148
180
180
196
196
164
72
-24
-64
8
96
196
324
356
292
212
196
164
212
292
396
396
228
8
-64
32
148
132
-16
-276
-428
-460
-396
-356
-396
-460
-428
-276
-228
-292
-372
-356
-276
-56
132
132
40
-8
56
228
396
396
244
120
88
180
324
428
460
428
292
180
148
228
324
292
196
112
0
0
40
112
56
0
-16
-104
-180
-196
-228
-244
-180
-96
-40
-16
-32
-48
0
56
104
164
112
64
40
96
196
260
196
88
-32
-88
-64
-48
-56
-120
-148
-244
-244
-164
-24
40
16
-40
-132
-112
-32
80
132
104
-8
-88
-88
-16
48
72
48
32
-24
-8
112
228
244
196
104
-40
-96
-40
72
112
104
64
24
0
-8
24
64
40
8
48
56
24
-8
0
8
32
64
64
8
-80
-120
-72
0
24
148
212
148
24
-56
16
132
276
340
212
-24
-148
-64
96
260
132
-112
-324
-324
-164
-72
-164
-372
-556
-556
-428
-356
-340
-460
-588
-652
-588
-460
-428
-460
-524
-556
-556
-460
-356
-356
-324
-308
-228
-164
-96
-64
-40
0
32
148
260
292
292
292
324
396
492
492
492
460
396
428
396
396
460
524
524
524
492
396
276
228
260
260
196
120
24
-24
-16
32
64
-24
-180
-356
-396
-324
-196
-72
-40
-96
-56
32
72
96
132
148
104
112
148
180
260
372
428
460
396
324
324
372
428
460
428
340
228
212
292
340
340
308
180
-8
-148
-196
-148
-112
-196
-324
-428
-396
-228
-96
-80
-148
-228
-212
-112
0
64
-16
-112
-228
-292
-244
-212
-228
-276
-372
-396
-372
-356
-340
-372
-460
-556
-588
-588
-524
-524
-588
-588
-588
-460
-324
-244
-260
-276
-276
-212
-80
56
132
132
148
228
292
340
324
308
276
292
308
340
372
324
244
132
48
16
48
56
24
-40
-96
-104
-104
-96
-104
-112
-132
-164
-212
-292
-396
-340
-228
-196
-180
-148
-148
-132
-148
-120
-40
40
120
64
16
-48
0
148
292
396
356
340
244
180
292
428
460
428
356
340
396
460
556
556
460
356
260
228
196
180
164
56
48
80
132
112
16
-16
-32
24
120
196
132
112
132
180
276
372
356
308
292
308
308
324
308
276
260
260
260
148
0
-112
-164
-148
-112
-212
-372
-524
-492
-356
-244
-244
-396
-492
-556
-428
-228
-112
-148
-308
-372
-340
-228
-88
-40
-148
-292
-324
-260
-164
-132
-180
-260
-340
-428
-460
-396
-292
-196
-180
-276
-372
-324
-212
-96
-64
-96
-112
-120
0
196
292
260
244
276
292
324
372
396
308
228
196
180
180
132
148
164
72
0
-72
-96
-112
-104
-72
-80
-164
-180
-148
-104
-64
-104
-164
-180
-180
-180
-132
-104
-96
-148
-196
-212
-196
-212
-228
-228
-244
-196
-164
-120
-88
-56
-32
-16
32
32
0
-80
-104
-48
48
180
260
292
292
324
396
460
524
588
588
556
428
372
492
620
684
620
396
164
96
164
292
308
148
-88
-212
-132
48
228
260
148
32
-64
-40
48
112
104
-32
-148
-164
-132
-148
-212
-260
-308
-372
-428
-460
-460
-460
-428
-428
-356
-276
-260
-324
-356
-308
-260
-180
-72
40
56
40
40
148
340
460
492
492
372
308
356
396
428
396
372
324
292
308
308
292
196
164
132
16
-40
-104
-164
-228
-164
-132
-120
-196
-308
-356
-372
-340
-324
-340
-356
-340
-396
-372
-340
-324
-260
-212
-148
-104
-80
-96
-148
-164
-132
-148
-196
-260
-292
-324
-292
-260
-164
-40
-16
0
-72
-148
-56
104
244
356
356
276
180
180
308
460
556
556
556
492
460
372
324
292
292
260
180
88
0
-48
-48
8
88
48
-72
-228
-340
-308
-228
-212
-292
-396
-460
-460
-460
-428
-428
-492
-556
-492
-396
-340
-356
-324
-308
-292
-196
-132
-96
-132
-32
40
64
96
148
180
180
212
196
260
340
428
524
524
492
428
396
460
556
588
524
396
372
460
556
588
556
460
244
104
164
260
228
132
-48
-212
-212
-132
-32
-88
-260
-396
-492
-428
-324
-212
-196
-212
-260
-260
-196
-132
-120
-164
-180
-212
-180
-104
-8
24
0
24
24
64
88
120
96
120
196
212
180
104
80
64
104
132
104
56
32
40
112
228
324
308
244
196
196
212
244
260
212
112
32
32
40
0
-96
-196
-260
-292
-308
-340
-396
-492
-492
-428
-396
-428
-524
-620
-652
-556
-460
-396
-492
-620
-684
-620
-396
-212
-212
-396
-524
-524
-340
-80
96
148
72
-72
-96
0
148
292
276
212
164
212
292
372
372
340
372
428
492
492
428
292
260
340
428
428
340
164
64
56
132
180
104
32
8
48
120
164
112
56
48
72
120
132
64
32
40
80
148
196
148
56
32
64
80
104
88
24
-56
-104
-32
64
120
132
132
88
48
80
112
112
132
120
132
148
164
164
132
132
196
260
228
164
72
56
32
32
32
8
-56
-120
-148
-180
-244
-340
-372
-396
-396
-396
-428
-396
-396
-428
-492
-492
-428
-340
-324
-396
-460
-524
-492
-428
-356
-292
-292
-340
-396
-396
-356
-324
-260
-212
-196
-212
-244
-244
-212
-164
-72
32
32
8
32
40
40
8
40
104
132
164
180
148
104
132
196
292
396
428
356
308
308
396
460
460
396
356
292
276
276
340
372
292
244
308
324
324
372
372
276
228
276
340
356
292
292
244
260
308
356
308
228
180
180
292
372
340
228
96
16
96
212
276
228
148
64
0
8
40
24
24
40
16
-48
-104
-80
-56
-24
8
-64
-196
-324
-428
-428
-396
-356
-372
-396
-396
-428
-428
-428
-460
-460
-460
-428
-428
-460
-492
-556
-524
-492
-428
-356
-356
-396
-428
-492
-492
-428
-340
-260
-212
-276
-356
-340
-260
-148
-40
-32
-132
-196
-276
-228
-112
-48
-16
-40
-80
-132
-132
-112
-64
8
32
48
104
148
180
228
260
292
260
228
228
276
340
356
308
276
308
396
460
460
396
292
276
324
460
524
524
428
340
324
396
460
524
524
492
396
324
324
396
428
396
340
244
196
196
244
244
164
32
-56
-56
48
112
112
64
24
8
80
148
104
96
0
-40
-24
-24
-8
-112
-196
-212
-180
-164
-196
-260
-396
-492
-492
-396
-356
-460
-588
-684
-684
-524
-396
-356
-428
-492
-460
-428
-324
-244
-276
-292
-228
-180
-120
-112
-104
-112
-40
56
96
88
40
-24
-40
-24
-32
-24
-48
-132
-180
-196
-244
-212
-164
-120
-164
-196
-180
-180
-88
-8
16
-64
-132
-164
-88
24
132
148
0
-120
-104
24
180
228
196
56
-32
-40
64
180
228
212
148
112
104
104
148
196
180
164
180
212
244
292
372
460
492
460
492
492
556
588
652
684
620
588
588
556
524
524
460
372
276
180
132
148
164
120
8
-96
-164
-196
-148
-104
-180
-340
-460
-460
-428
-340
-212
-196
-244
-340
-340
-260
-196
-212
-244
-276
-308
-276
-292
-308
-308
-276
-228
-196
-180
-212
-228
-228
-148
-24
32
24
-48
-132
-196
-148
-48
40
56
-8
-88
-88
-24
0
16
-24
-56
-104
-148
-64
8
48
56
48
32
-8
-8
0
0
-48
-72
-80
-56
-56
-104
-196
-260
-244
-212
-164
-148
-212
-308
-276
-148
-8
104
120
48
8
40
132
244
356
356
292
212
180
212
276
324
372
356
292
212
164
212
308
396
396
292
244
244
244
292
340
308
260
260
212
132
132
112
80
72
56
-24
-132
-212
-180
-112
-96
-88
-132
-244
-396
-396
-396
-372
-356
-372
-396
-372
-356
-292
-244
-292
-276
-292
-324
-292
-212
-132
-148
-180
-196
-196
-120
-16
88
56
-24
-40
-8
48
148
212
180
88
88
96
104
120
132
104
72
80
80
80
88
80
96
72
32
40
32
32
16
16
8
48
132
104
8
-32
-112
-112
-72
-24
16
8
-24
-40
16
56
64
8
-16
-16
-16
8
16
80
104
96
104
132
112
64
96
120
148
164
148
148
148
148
180
228
196
164
132
112
164
212
244
212
148
164
164
180
212
196
148
96
56
16
8
-96
-148
-132
-112
-104
-180
-292
-396
-396
-356
-292
-260
-276
-308
-324
-308
-260
-244
-244
-260
-260
-196
-196
-164
-120
-96
-88
-132
-148
-148
-132
-96
-64
-96
-148
-196
-196
-132
-112
-132
-148
-212
-228
-180
-80
-32
0
40
32
0
-24
-8
56
132
148
132
112
96
112
212
276
260
244
212
164
180
260
292
260
212
164
148
148
196
196
228
228
244
228
180
180
212
228
228
228
212
196
180
212
228
244
212
164
112
80
96
80
64
24
8
32
48
40
-40
-132
-132
-88
-48
-64
-112
-196
-244
-164
-80
-40
-40
-88
-196
-228
-180
-148
-148
-180
-244
-260
-196
-164
-244
-340
-356
-340
-340
-308
-244
-244
-308
-340
-308
-260
-180
-120
-96
-120
-164
-164
-120
-48
40
120
132
112
104
112
164
244
276
244
212
212
212
212
244
212
180
180
164
132
132
148
180
180
148
64
0
0
24
72
56
32
0
-32
-72
-88
-72
-64
-56
-56
-96
-132
-112
-88
-56
-40
0
0
8
24
16
-16
-24
-8
0
-8
0
8
16
0
0
16
0
-8
-8
8
0
-48
-88
-80
-48
24
96
132
112
80
104
164
212
244
228
120
16
-8
24
64
132
132
72
-40
-112
-80
-24
-16
-48
-132
-228
-244
-180
-104
-132
-212
-260
-260
-244
-164
-96
-104
-148
-164
-148
-120
-88
-40
0
-32
-48
-8
40
88
180
276
276
244
244
276
308
308
260
196
196
228
244
212
164
88
32
48
80
104
64
24
-32
-40
-8
0
16
-8
-8
-24
-32
0
0
-24
-16
16
16
-24
-48
-104
-196
-228
-180
-132
-104
-120
-148
-196
-260
-228
-164
-120
-132
-180
-244
-292
-276
-212
-104
16
56
16
-48
-48
8
88
148
164
104
80
80
96
180
212
196
148
88
56
64
88
72
40
16
-32
-24
-16
-64
-72
-88
-112
-164
-148
-120
-104
-112
-132
-164
-132
-88
-16
0
-48
-88
-64
0
72
88
64
-8
-80
-80
-64
-8
16
-16
-40
-96
-132
-132
-104
-8
0
-16
-40
-112
-120
-32
64
132
180
196
164
164
212
340
428
428
428
260
88
24
32
164
396
588
620
428
260
56
-96
-132
-56
48
88
88
64
32
-56
-88
-148
-180
-196
-212
-260
-228
-164
-56
72
148
132
24
-120
-212
-164
-56
40
72
72
64
48
56
48
0
-64
-132
-132
-88
-48
-104
-164
-148
0
132
180
132
-16
-180
-308
-324
-276
-228
-228
-196
-180
-148
-112
-64
-40
-16
0
-8
0
-40
-56
-80
-112
-64
-32
-48
-64
-32
-32
-48
-56
-40
-64
-80
-24
-8
24
120
132
56
16
-16
-8
24
16
0
-48
-148
-180
-148
-148
-132
-88
-64
-80
-104
-96
-56
-8
24
64
88
120
132
132
196
196
180
132
88
32
32
80
96
120
112
112
80
112
180
228
292
308
276
228
196
180
132
88
40
8
-8
-56
-64
