SAMPLES:	8848
BITSPERSAMPLE:	16
CHANNELS:	1
SAMPLERATE:	16000
NORMALIZED:	FALSE
0
0
0
0
-8
0
0
0
-8
0
-8
-8
0
0
-8
-8
-8
-8
-8
-8
-8
-8
-8
-8
-8
-8
-8
-8
0
0
-8
-8
-8
-16
-24
-16
0
-8
-16
0
0
-8
-8
-8
-8
-8
0
0
0
0
0
0
0
0
0
0
-8
0
0
0
0
0
0
0
0
8
8
8
8
0
0
0
8
0
0
8
0
0
8
8
0
8
16
16
8
8
8
16
8
8
8
0
0
0
0
0
0
0
0
0
0
0
0
0
0
-8
-8
0
0
-8
0
-8
0
0
-8
-8
0
0
-8
-8
-8
0
-16
-16
-8
0
-8
-8
0
0
-8
-8
-8
0
0
0
-8
0
0
0
0
0
8
0
0
0
0
0
0
0
0
0
8
0
0
8
0
0
8
8
0
8
8
0
8
16
16
0
8
16
8
8
8
8
8
8
16
8
8
24
24
8
8
24
8
0
8
16
0
0
8
8
0
0
0
0
8
0
0
0
0
0
0
0
0
0
0
0
-16
-16
-8
-16
-24
-24
-16
-16
-24
-16
-16
-8
-16
-24
-8
-8
-24
-24
-8
-8
-16
-24
-8
-16
-16
-8
-8
-8
-8
-8
-8
0
-16
-8
-8
0
0
-16
-8
0
0
-8
0
8
0
-8
0
0
-8
0
0
-16
-8
0
0
-8
-8
8
0
-8
0
0
0
-8
0
8
0
0
0
16
8
0
8
8
0
0
8
8
16
8
8
8
0
8
8
8
8
16
16
0
16
24
8
16
32
24
16
24
32
8
8
24
16
16
16
32
16
16
24
24
8
16
16
8
8
16
8
0
24
16
8
0
16
8
-16
0
8
-16
-16
8
0
-16
-16
0
-8
-24
-16
0
0
-24
-24
-8
-16
-24
-24
-16
-24
0
-16
-32
-8
-16
-32
-40
-8
-16
-32
-24
-16
-16
-16
-24
-24
-8
-8
-8
-8
-8
-16
0
-8
-16
0
0
0
-16
-8
0
0
-8
-8
8
8
-8
0
8
0
0
0
16
0
0
8
8
16
0
0
16
16
8
0
8
16
8
8
8
16
8
16
16
0
0
24
16
0
8
16
16
8
0
16
16
0
0
24
16
0
0
24
0
-8
8
8
8
0
0
8
0
-8
16
8
-8
8
8
-8
0
16
-8
-8
16
0
-32
0
8
-24
-16
0
-16
-16
0
0
-24
0
8
-8
-16
0
0
-8
-8
-24
0
-8
-16
-24
0
0
-16
-8
0
-8
-16
8
-16
-24
0
0
-16
-16
0
8
-16
-16
0
-8
-8
-24
0
0
-16
8
-8
0
0
0
0
-8
-8
0
-16
-8
16
0
-8
0
8
0
0
-8
-16
24
16
0
0
40
16
0
0
16
32
8
0
0
32
24
0
-16
48
32
-24
0
24
16
8
0
-8
24
40
-16
-32
40
56
-32
-32
32
32
0
-48
0
40
8
-40
-24
32
16
-24
-40
8
16
-16
-72
0
48
-24
-48
0
48
-16
-48
0
8
0
-24
-8
16
0
-8
-16
8
8
0
8
-8
16
0
-8
0
-8
16
16
8
0
16
24
-8
8
8
8
16
16
-16
24
40
-16
-8
56
8
-32
24
32
-8
-8
48
8
-24
8
40
0
-24
16
40
0
-16
0
48
0
-24
16
32
-16
0
16
-8
8
0
-8
8
8
-32
-24
40
-8
-40
0
24
-16
-40
8
24
-32
-32
8
8
-40
-24
24
-16
-40
-16
0
-32
-64
0
0
-56
-24
8
-64
-24
-8
-32
-56
-16
8
-48
-64
-8
0
-24
-48
-48
24
0
-72
-24
8
0
-48
-16
16
0
-16
-32
24
16
-16
-16
24
24
-8
0
8
24
8
-8
8
32
16
-8
16
64
8
0
32
0
32
40
-8
8
48
32
0
0
40
24
16
0
24
56
0
-16
56
48
-8
16
24
24
-8
32
32
-16
32
48
8
-24
40
40
-32
8
32
0
0
8
24
-40
16
48
-16
-24
8
56
-16
-40
16
32
0
-48
0
48
-32
-24
16
8
-8
-24
8
-8
-24
16
-24
0
0
-24
0
8
-24
-32
8
8
-8
-48
16
24
-72
0
-16
16
-16
-56
40
0
-8
-16
-24
24
-8
-48
32
-8
-32
-24
-8
40
-56
-16
16
0
8
-64
8
40
0
-48
-32
48
16
-88
-40
80
-8
-80
0
56
-32
-56
16
16
-8
-32
32
24
0
-16
8
0
8
0
-40
-8
56
-8
-88
16
56
-16
-56
0
64
-16
-24
24
-32
40
8
-56
0
48
-16
-72
24
64
-56
-40
48
40
-32
-40
64
48
-64
0
72
0
-40
8
32
0
16
0
-8
8
32
8
-56
16
64
-32
-40
56
16
-32
8
24
8
-32
64
0
-24
8
0
32
-32
0
16
24
32
-24
-24
88
40
-80
0
88
32
-96
32
96
-24
-48
32
64
-48
-8
72
0
-24
24
32
-16
16
24
-8
16
8
0
0
48
0
-8
32
32
-48
0
64
8
-48
0
80
-8
-88
40
80
-80
-16
40
-8
-64
0
40
-72
-16
16
-8
-24
-56
-8
0
-16
-24
-24
-16
0
-24
-48
-32
56
0
-132
0
56
-56
-112
32
48
-96
-48
48
-32
-64
0
0
-16
-56
-8
0
-16
-32
-24
8
-8
-16
0
-72
24
48
-72
-56
32
104
-88
-72
72
56
-24
-96
16
112
-32
-88
8
104
16
-72
-16
48
88
-32
-96
72
104
-48
-80
96
56
-40
24
48
16
16
56
0
0
32
8
24
32
0
48
56
8
-8
72
56
-16
24
24
24
24
24
-8
56
40
-8
32
16
-24
16
32
0
-8
16
32
8
-16
0
16
32
0
-48
40
48
-8
-24
8
48
16
0
-8
0
0
56
-24
-72
40
56
-24
-88
88
40
-80
-24
32
8
-48
16
-16
-40
56
-8
-40
0
-24
0
0
-64
-32
16
16
-120
-56
88
-40
-48
-56
0
56
-88
-64
-24
40
-64
-88
16
-80
16
0
-132
-8
88
-48
-164
8
148
-132
-132
40
40
-32
-112
16
0
8
-24
-56
-16
40
64
-112
-56
120
32
-88
-40
56
56
-32
-64
48
48
8
-16
-32
88
48
-48
-48
112
80
-64
-32
96
48
-64
16
16
40
48
16
0
16
72
-48
-48
104
48
-72
8
104
0
-80
40
48
8
-8
-8
64
40
-56
-32
88
16
-72
8
72
-8
-16
64
-24
-16
24
0
8
-24
0
80
-24
-24
24
40
16
-80
56
56
16
-32
-32
96
40
-96
0
112
8
-64
24
64
-48
0
16
40
-16
-24
88
-8
-72
24
120
-48
-164
228
48
-260
16
212
-56
-276
164
212
-180
-120
104
88
-80
-64
0
64
24
-64
-72
56
64
-148
-24
96
-24
-120
32
132
-112
-40
88
48
-88
-104
132
8
-120
-56
88
16
-104
-120
132
0
-132
0
-8
96
-96
-88
8
16
64
-228
-16
164
8
-180
-112
228
-40
-212
72
56
-72
-96
56
88
-196
-16
132
-32
-132
24
80
-64
-112
96
64
-164
56
104
-80
-40
56
56
-104
-8
112
-48
-56
56
24
24
-64
-40
104
40
-88
-48
148
32
-148
-24
132
40
-148
0
132
0
-40
-48
80
88
-16
-32
-8
40
72
-64
-24
80
56
0
8
0
24
24
72
-16
0
96
-24
104
-8
-24
48
104
32
-56
104
96
-24
16
16
48
88
-24
-32
112
56
0
-8
56
48
0
0
8
32
-16
40
16
-24
-24
80
32
-180
56
196
-132
-228
228
120
-372
40
212
-72
-260
80
228
-132
-228
40
120
-120
-164
48
80
-212
-24
24
-72
-24
-132
8
16
-80
-64
-120
80
0
-180
-40
120
24
-276
-24
212
-88
-244
64
132
-132
-104
24
88
-56
-132
24
56
-48
-96
-8
8
24
-48
-32
-32
0
88
-72
-56
64
40
-56
-56
64
40
-72
0
40
-16
32
48
8
-64
8
132
-48
-96
132
164
-56
-72
180
72
-180
32
196
0
-104
164
132
-132
16
132
8
-40
72
132
8
-16
148
16
40
104
32
64
-48
48
80
-56
40
56
64
16
-40
72
64
-48
0
80
16
-24
40
48
-24
0
32
32
-88
56
96
-104
0
48
-32
-112
8
56
-88
-40
132
-24
-132
32
24
-64
-120
48
64
-164
-8
132
-104
-132
80
40
-228
-40
180
-88
-148
56
-8
-164
32
8
-112
-16
88
-88
-164
120
48
-228
-72
164
-72
-148
-16
104
-8
-164
-24
80
-16
-104
16
64
-104
-40
32
-40
-80
24
96
-48
-32
16
80
-48
-32
16
24
48
-72
-16
64
88
-64
-48
148
24
-112
32
80
-8
-16
64
112
-40
-56
112
16
-40
16
96
64
-72
-16
64
40
-80
0
96
80
-64
-104
72
48
-48
-72
48
64
-72
-56
0
-24
-16
-24
-8
8
-8
16
-56
-72
8
0
-56
-8
64
-8
-64
0
64
-32
-16
64
-48
-80
56
16
-64
-16
56
0
-40
48
32
-16
0
48
64
-8
-24
56
48
0
24
88
0
24
56
-16
8
96
32
0
96
104
24
-56
88
104
-56
0
132
96
-80
-24
132
24
-112
-8
104
0
-32
48
64
-40
-56
64
0
-104
-8
16
-32
0
16
-8
-24
8
-8
-56
8
8
-112
-48
40
-8
-88
-48
56
-56
-104
0
-16
-40
-72
-56
-16
-16
-16
-40
-64
-8
0
-80
-72
40
8
-56
-24
16
8
-40
-56
-40
24
24
-56
-32
64
0
-56
0
72
0
-40
16
32
-32
-24
24
16
0
40
40
0
-16
16
40
0
24
56
16
0
24
0
-24
32
24
16
40
24
8
0
0
-16
-24
24
24
-8
24
56
24
-32
0
24
-24
-24
48
40
-24
-32
40
32
-40
-8
32
0
-24
8
8
0
0
0
0
0
-8
-16
0
16
32
32
8
16
0
0
-16
-16
24
8
-16
0
24
8
-8
-8
16
32
-16
-16
16
8
-32
-24
32
0
-48
-32
8
-24
-64
-24
8
-40
-64
8
8
-32
-24
0
-8
-32
-48
-16
-24
-32
0
-8
-24
-24
-32
-24
-48
-8
-8
-8
0
0
0
-8
0
-8
-24
-8
0
0
8
16
0
0
0
-16
0
24
40
16
56
64
16
8
8
24
40
32
40
72
40
16
24
56
24
-8
16
56
32
0
56
64
8
-8
32
40
0
-8
32
48
0
8
48
16
-24
-24
8
-16
-24
8
8
8
0
8
0
-32
0
0
-8
8
8
0
-16
0
0
-8
0
-24
0
24
0
-8
-8
0
-8
-24
0
0
-24
-32
-8
8
-24
-16
-16
-24
-32
-32
-8
-24
-48
-24
-40
-32
-40
-40
-56
-72
-40
-56
-56
-24
-16
-16
-32
-24
-16
-40
-32
-16
8
0
-16
0
8
-24
-24
0
8
0
0
56
56
32
8
40
72
8
8
40
48
8
0
56
56
16
24
56
56
0
16
40
8
8
8
40
32
0
32
8
-8
16
24
24
24
40
56
16
16
32
8
-8
0
40
8
0
24
40
32
8
32
32
24
-16
-16
0
-24
-40
-24
40
32
16
40
32
16
0
40
48
8
16
16
0
-16
-16
0
-16
-40
-16
-16
-48
-56
-72
-64
-56
-64
-56
-64
-64
-56
-64
-80
-56
-48
-72
-72
-48
-56
-80
-64
-48
-48
-32
-40
-56
-56
-48
-40
-16
-16
-56
-8
24
8
0
40
56
0
16
64
64
24
40
96
88
64
72
104
64
56
88
80
56
72
104
88
72
88
80
48
64
64
32
0
24
16
-8
8
16
-48
-96
-56
-72
-112
-132
-96
-96
-148
-112
-64
-56
-104
-104
-48
-56
-120
-120
-72
-64
-104
-88
-16
-32
-104
-56
0
-40
-96
-72
-40
-80
-120
-72
-24
-64
-104
-64
-32
-80
-112
-24
24
0
32
88
120
64
56
96
120
96
104
180
148
112
120
132
132
80
132
180
196
228
276
324
340
340
324
308
324
340
308
356
372
356
308
260
292
260
244
308
372
396
372
396
356
196
40
-16
-120
-244
-324
-308
-340
-428
-460
-460
-524
-620
-620
-620
-652
-684
-620
-588
-556
-524
-460
-428
-492
-588
-620
-620
-684
-716
-652
-556
-524
-492
-372
-276
-292
-276
-196
-148
-148
-148
-96
-56
-40
-24
40
64
80
132
212
276
292
292
276
340
324
356
396
340
356
356
340
308
212
132
132
212
276
276
356
396
372
356
324
292
260
276
244
260
588
1116
1692
2236
2492
2620
2876
3132
2748
1692
988
844
524
40
-356
-556
-748
-812
-1116
-1692
-2236
-2364
-2620
-2748
-2492
-2108
-1884
-1500
-748
-40
372
556
620
276
-228
-556
-812
-1308
-1756
-1756
-1692
-1500
-1308
-1116
-1116
-1116
-1308
-1372
-1372
-1436
-1820
-1756
-1052
-428
228
1052
1564
1692
1756
1820
1180
396
196
-196
-812
-684
-196
-180
-356
148
620
132
-180
-80
-276
-844
-876
-396
-340
-372
148
748
876
924
1180
1180
1052
924
988
988
620
292
180
80
-104
-372
-556
-588
-844
-924
-620
-428
-244
-48
396
876
1052
1180
1244
1692
2492
3388
4348
5372
6140
6908
7164
6908
5628
3388
1436
-292
-1628
-2748
-3388
-3260
-2748
-2236
-2108
-2492
-2876
-3260
-3644
-3516
-3260
-2748
-1756
-524
876
2108
3004
3260
2620
1564
-64
-1756
-3260
-4604
-5372
-5372
-5116
-4092
-3004
-2236
-1820
-1692
-1500
-1628
-2108
-2620
-2748
-1884
-428
1116
2748
4092
4860
4860
4092
3132
1500
-372
-1980
-3132
-3516
-3260
-2748
-2236
-1308
-396
-228
-460
-524
-716
-1244
-1244
-492
164
620
1436
2108
2108
1756
1436
844
-132
-876
-1052
-1116
-988
-556
8
460
556
492
260
-112
-684
-1244
-1564
-1564
-1308
-812
104
924
1628
2364
3004
3388
3260
3004
2748
2236
1980
1980
2364
2876
3388
4348
5628
6908
7676
7420
5884
3516
1244
-244
-1436
-2364
-2492
-1692
-524
104
-40
-684
-1500
-2620
-3516
-4092
-4092
-4092
-3132
-1628
-8
1308
1980
2236
1564
228
-1436
-3260
-4860
-5884
-6396
-6140
-5372
-3900
-2236
-988
-340
-164
-428
-988
-1980
-2748
-2876
-2620
-1628
460
2748
4092
4860
4860
4092
2492
308
-1980
-3900
-4860
-5372
-4860
-3516
-1756
-780
-228
524
1052
588
-88
80
324
228
620
1756
2364
2108
1884
1628
876
-428
-1436
-1884
-2108
-2108
-1500
-396
428
924
1500
1884
1500
652
120
-180
-492
-748
-492
164
748
1372
2236
3004
3260
3260
3260
3388
3132
2620
2108
1692
1052
588
620
844
924
1052
1628
2492
4092
6140
7676
7420
6140
4604
2748
988
-588
-1692
-2236
-2108
-1820
-1980
-2748
-3772
-4348
-4860
-5116
-5116
-4860
-4092
-2620
-684
1052
2236
2748
2620
2108
924
-876
-2748
-4348
-5628
-6140
-5884
-4860
-3772
-2364
-1052
-196
-132
-652
-1564
-2748
-3644
-3772
-3004
-1564
308
2236
4092
5116
5372
4604
2876
844
-1116
-3004
-4348
-5116
-4860
-3772
-2364
-460
1052
1628
1692
1500
1116
620
196
40
24
356
1180
1884
2236
1820
924
-196
-1116
-1820
-2236
-2364
-1980
-1180
0
1244
2108
2236
2108
1628
1116
588
80
-524
-924
-844
-340
396
1244
1980
2620
3004
3388
3644
3516
3260
3004
2620
2108
1564
1052
716
812
1372
2108
2492
2876
3516
4348
5372
5884
5372
4604
3388
1980
356
-1308
-2492
-3132
-3388
-3388
-3004
-2748
-3004
-3132
-2748
-2364
-2108
-1884
-1436
-1116
-716
-132
308
292
-132
-780
-1244
-1884
-2876
-4092
-4604
-5116
-4860
-4092
-3004
-2236
-1628
-988
-164
460
324
-492
-1436
-1980
-1756
-1244
-164
1052
1980
2492
2492
1980
876
-244
-1820
-3260
-3516
-3260
-3260
-2876
-1244
180
812
1692
2236
1884
1116
684
180
-492
-780
-428
-244
56
588
812
748
524
260
-228
-684
-988
-1308
-1244
-924
-460
-148
132
276
228
96
48
96
64
228
652
1308
1980
2492
2876
3004
3260
3260
3004
2492
1980
1436
748
260
-32
-180
308
1436
2876
4348
6140
7932
8828
8828
7164
4348
1564
-244
-1756
-3132
-3516
-2876
-1820
-1564
-1884
-2364
-3004
-3644
-3900
-3644
-3132
-2620
-1436
276
1628
2364
2364
1980
1244
-212
-1980
-3900
-5884
-7420
-7676
-7164
-5884
-4348
-2364
-556
460
652
356
-524
-1756
-2876
-3004
-2364
-1244
276
2108
3900
5116
5116
4092
2108
-492
-3004
-4860
-5884
-5884
-4604
-2620
-492
1692
3516
3772
3004
2236
1564
588
-64
8
276
588
1116
1500
1436
780
-260
-1500
-2364
-2876
-3132
-2876
-1884
-748
244
1308
2108
2108
1372
652
0
-620
-924
-588
-8
748
1756
2876
3516
3900
3772
3516
3132
2748
2236
1980
1820
1628
1244
1052
988
684
324
180
196
292
876
1820
2620
3516
4092
4604
5628
6652
7164
6652
4860
2748
292
-1980
-3900
-5372
-5372
-4348
-3388
-2620
-2236
-2492
-2876
-3132
-3388
-3644
-3900
-3644
-2748
-1692
-620
324
924
1116
1116
492
-780
-2492
-4092
-5628
-6140
-6396
-6140
-4860
-3260
-1820
-588
396
924
812
428
112
132
-32
-212
48
812
1628
1980
1884
1500
924
460
-148
-1180
-1820
-1980
-1980
-1628
-228
1436
2236
2748
3132
2748
1820
748
-428
-1692
-2236
-2236
-1980
-1372
-460
132
276
716
988
780
396
212
16
-180
-40
372
684
748
876
988
876
684
428
308
196
244
492
1052
1756
2236
2748
3132
3388
3132
2748
2364
1820
1180
684
244
-148
-164
356
924
1756
3132
4348
5628
7164
8316
7420
5116
2748
652
-1244
-2620
-3516
-3516
-2620
-1500
-1372
-1980
-2876
-3772
-4604
-4860
-4604
-4604
-4092
-2620
-716
844
1980
2620
2748
2108
684
-1116
-3388
-5628
-7164
-7676
-7164
-5884
-3772
-1756
-80
924
1244
924
48
-1244
-2364
-2748
-2364
-1308
308
2108
3516
4604
5116
4348
2492
308
-1628
-3388
-4860
-4860
-3900
-2108
-244
1500
2748
3388
3260
2236
1180
460
-780
-2236
-2364
-1244
-620
-588
292
1116
684
-80
-80
-180
-1244
-1980
-1244
-308
32
524
1436
1884
1500
1052
812
324
-556
-924
-556
120
620
1372
2492
3388
3644
4092
4348
3900
3260
2748
2364
1884
1244
652
396
492
292
228
556
652
588
1052
1820
2236
2236
2620
3388
4348
5628
6652
6140
4604
2492
556
-1500
-3644
-5116
-5116
-4604
-3900
-3260
-3132
-3260
-3260
-3132
-3260
-3260
-3004
-2620
-1884
-988
-244
372
876
1244
1308
876
88
-1116
-2620
-3900
-4860
-5372
-5116
-4348
-3004
-1756
-588
356
652
340
56
-324
-988
-1372
-1052
-260
556
1308
2108
3004
3132
2236
1372
748
-556
-2108
-3004
-3004
-2364
-1372
-396
292
652
460
-276
-844
-1180
-1820
-2620
-2364
-1116
-460
0
924
1628
1372
1116
1372
1372
652
132
372
684
780
1052
1436
1436
988
620
524
260
-276
-492
8
684
1116
1756
2748
3260
3388
3388
3388
3004
2236
1884
1436
812
324
132
-16
0
340
844
1436
1884
2620
4092
6140
7676
7164
5372
3388
1372
-588
-2364
-3772
-4348
-3772
-2620
-2236
-2748
-3132
-3388
-3516
-3388
-3004
-2748
-2492
-1500
-88
924
1500
1820
1980
1756
924
-524
-2492
-4604
-6140
-6652
-6652
-5628
-4348
-2492
-716
428
924
1116
652
-132
-924
-1244
-1116
-340
988
2364
3260
3772
3772
3260
1692
-340
-1692
-2748
-4092
-4860
-4348
-3132
-1884
-716
308
1244
1820
1308
556
396
-292
-1820
-2236
-1116
-276
-524
64
1372
1308
372
460
812
-88
-1116
-748
64
120
120
780
1244
844
276
260
324
-132
-324
276
1180
1756
2236
3132
4092
4348
4092
4092
3772
3004
2108
1564
988
260
-212
-260
-276
-244
-164
32
356
652
988
1436
1692
1564
1884
3772
6396
7676
7676
6396
4092
1628
-684
-3260
-5372
-5884
-4860
-3644
-3132
-2748
-2876
-3132
-3132
-3004
-3260
-3644
-3388
-2364
-988
72
924
1692
2364
2620
2236
1244
-524
-2748
-4604
-6140
-6652
-6652
-5628
-3900
-1980
-684
148
780
812
0
-812
-812
-228
-88
-180
588
1820
2492
2364
1884
1692
1372
180
-1500
-2748
-3516
-4348
-4604
-3388
-1372
112
428
684
1628
1884
620
-620
-588
-588
-1372
-924
988
1692
988
1116
2364
2492
1436
1052
1180
652
-104
104
844
716
-40
-56
620
716
396
588
1116
1372
1564
2364
3132
3516
3644
3772
3900
3516
2748
2108
1692
1180
428
-40
-340
-924
-1308
-876
-64
460
1116
1980
2364
2364
3644
5884
7164
6908
5884
4604
2876
780
-1628
-3772
-4604
-4092
-3516
-3260
-3260
-3516
-4092
-3772
-3260
-3516
-4092
-3644
-2236
-876
148
988
1564
1628
1628
1436
620
-1052
-3004
-4604
-5628
-6140
-5884
-5372
-4348
-2876
-1500
-260
428
164
-924
-1756
-1820
-1436
-924
-260
356
1052
1980
2748
2492
1436
524
-292
-1820
-3260
-4092
-4348
-4604
-3644
-1980
-324
1244
2236
2492
2492
2108
844
-492
-588
-260
-460
-120
1372
2108
1564
1436
1756
1244
-72
-588
-428
-396
-428
96
988
1500
1628
1884
2364
2364
1884
1500
1564
1436
1308
1564
2108
2364
2492
2876
3132
3004
2492
2236
1980
1500
924
780
524
132
24
556
1244
1756
2364
2748
2876
3004
4092
5628
6396
5884
4604
3388
1820
-96
-2108
-3900
-4604
-4348
-3644
-3388
-3388
-3516
-3644
-3260
-2876
-3004
-3260
-2876
-1692
-340
492
748
588
292
0
-244
-988
-2236
-3772
-4860
-5116
-5116
-4860
-4604
-3772
-2748
-1628
-844
-716
-1244
-1980
-1980
-1436
-844
-260
428
1180
1820
2364
2492
1980
748
-276
-748
-1500
-2364
-2748
-3004
-3260
-2876
-1692
-716
-24
620
988
1052
1052
652
8
-196
164
396
492
1116
1628
1244
748
684
556
-8
-308
-16
164
180
556
1180
1628
1564
1500
1564
1628
1436
1372
1500
1564
1564
1756
2108
2364
2364
2236
2364
2364
2236
1884
1628
1372
1052
780
748
748
684
1052
1628
2108
2364
2236
2108
2364
3516
5116
5884
5372
4604
3516
2236
396
-1692
-3132
-3388
-3260
-2876
-2748
-2876
-3004
-3004
-2492
-2236
-2620
-3004
-2748
-1756
-844
-292
-56
-196
-428
-524
-492
-924
-1980
-3132
-3900
-4092
-4348
-4348
-4348
-3772
-3004
-1980
-748
-32
-492
-1436
-1628
-1052
-684
-716
-588
-260
260
988
1372
1052
524
244
-228
-1116
-1500
-1884
-3004
-3644
-2876
-1756
-1052
-212
620
988
988
988
684
164
-64
-164
-228
308
1180
1244
988
1052
988
492
88
88
-32
-164
228
1052
1564
1628
1692
1980
1980
1820
1564
1436
1244
1116
1244
1564
1820
1980
2108
2492
2748
2364
2108
2108
1884
1308
988
924
588
428
844
1500
2108
2364
2364
2236
2748
4348
5628
6396
5884
4348
2876
1564
104
-1820
-3260
-3388
-2876
-2620
-2620
-2748
-3260
-3772
-3644
-3516
-4092
-4348
-3900
-2620
-1180
0
556
588
340
-80
-652
-1372
-2492
-3772
-4604
-4604
-4092
-3772
-3260
-2620
-1980
-1372
-684
-340
-876
-1980
-2492
-2364
-1980
-1436
-556
428
1180
1980
2748
2620
2236
1308
0
-1052
-1692
-1980
-2364
-2236
-1756
-1180
-356
356
588
684
588
292
-132
16
396
120
260
1180
1756
1692
1628
1692
1052
88
-196
-88
-292
-492
-88
620
1180
1500
1756
1820
1436
1052
1116
1244
1180
988
1116
1628
1980
2108
2236
2236
2108
2108
2236
1980
1628
1244
1052
924
780
684
1052
1564
2236
2620
2748
2364
2236
2748
3772
4348
4348
3900
3388
2748
1500
0
-1244
-1980
-2492
-2748
-2492
-2492
-3004
-3388
-3132
-2748
-3132
-3388
-3260
-3132
-2748
-1884
-988
-716
-1116
-1436
-1436
-1564
-2108
-2748
-3260
-3516
-3516
-3132
-2620
-2236
-2108
-1564
-780
-324
-716
-1500
-2236
-2620
-2620
-2108
-1564
-1244
-988
-356
460
1052
1308
988
324
-132
-356
-620
-844
-924
-988
-716
32
396
340
260
-24
-524
-460
64
164
-180
32
620
924
1180
1628
1692
1116
748
924
1052
780
524
652
844
1052
1436
1820
1884
1692
1692
1980
1980
1564
1308
1372
1372
1244
1308
1564
1756
1820
1884
2108
2236
2108
1884
1756
1564
1180
876
988
1308
1692
2236
2876
3772
4860
6140
6140
5116
3516
2108
844
-276
-1180
-1628
-1436
-1116
-1244
-1628
-2236
-3004
-3900
-4604
-4860
-5116
-5372
-4604
-3772
-2620
-1436
-428
104
-148
-988
-1820
-2620
-3260
-4092
-4348
-3900
-3260
-2236
-988
-132
64
-72
-228
-556
-1116
-1820
-2620
-3132
-3004
-2364
-1628
-812
-104
244
812
1244
1244
924
460
-112
-556
-276
428
684
620
1052
1372
1052
556
324
-244
-1372
-1756
-1180
-844
-924
-428
324
652
652
1116
1564
1244
620
524
716
524
260
524
876
988
1052
1564
1980
1628
1308
1244
1308
924
556
716
924
812
924
1372
1628
1564
1564
1756
1756
1500
1244
1116
1116
1180
1308
1628
1980
2108
2236
2492
2236
1692
1628
2364
3132
3388
3388
3260
2748
1884
1116
428
-180
-780
-1180
-1180
-1244
-1564
-1820
-1884
-1980
-2492
-3132
-3516
-3772
-4092
-3772
-3260
-2876
-2620
-2236
-1980
-2108
-2492
-2748
-2876
-3132
-3132
-2748
-2108
-1628
-844
16
812
1308
1244
812
292
-276
-924
-1628
-1980
-2108
-2108
-1628
-988
-396
-132
8
-96
-340
-492
-588
-716
-652
-32
524
588
780
1116
924
212
-80
0
-340
-876
-684
-164
-72
80
812
1308
924
460
460
308
-228
-372
48
460
684
1180
1980
2364
2108
1884
1980
1756
1308
988
1052
1116
1052
1308
1628
1884
1980
1820
1884
1884
1628
1244
1244
1372
1244
1116
1308
1500
1372
1500
1628
1308
780
492
260
-164
-524
-396
-80
180
492
716
652
460
292
148
-244
-684
-924
-924
-780
-556
-180
32
56
-80
-228
-492
-924
-1372
-1564
-1692
-1692
-1628
-1564
-1500
-1564
-1756
-1980
-1980
-1980
-2236
-2236
-2108
-1884
-1500
-924
-460
-340
-244
-96
-96
-308
-620
-876
-1180
-1500
-1628
-1436
-1180
-1116
-988
-684
-556
-620
-588
-588
-620
-684
-684
-428
-212
-164
0
212
308
292
396
492
428
308
292
428
340
308
428
492
588
620
716
588
556
556
524
716
924
988
1052
1180
1244
1308
1372
1372
1372
1500
1628
1692
1628
1436
1308
1180
1116
988
844
780
748
748
844
924
812
716
524
356
308
276
308
324
308
396
492
428
260
40
-164
-276
-340
-324
-324
-396
-340
-180
24
164
164
88
8
-132
-228
-276
-260
-180
-64
8
196
356
396
292
56
-340
-812
-1116
-1436
-1564
-1628
-1500
-1244
-876
-524
-276
-148
-212
-356
-492
-620
-812
-924
-988
-988
-876
-748
-620
-652
-716
-748
-780
-812
-924
-1052
-1116
-1052
-924
-844
-780
-780
-812
-844
-876
-748
-684
-588
-428
-212
-56
48
72
16
-148
-324
-428
-460
-396
-164
120
356
684
988
1116
1180
1180
1052
812
748
748
716
844
1052
1244
1500
1628
1692
1756
1564
1244
812
396
40
-148
-196
-64
196
524
716
988
1116
1052
780
492
276
40
-64
0
132
276
428
652
748
652
492
340
-16
-524
-844
-924
-876
-716
-460
-132
132
372
620
620
396
148
48
-72
-104
80
196
228
292
396
372
196
-88
-428
-780
-1116
-1180
-1180
-1116
-924
-588
-148
260
588
748
716
620
524
356
56
-244
-428
-492
-492
-460
-620
-844
-1116
-1372
-1564
-1756
-1980
-1980
-1884
-1628
-1180
-716
-396
-276
-244
-228
-260
-324
-340
-372
-396
-428
-460
-372
-292
-292
-260
-180
-164
-180
-96
32
132
324
556
780
924
1052
1180
1244
1180
1180
1180
1116
1180
1244
1180
1052
844
620
396
112
-40
-104
-212
-196
72
356
524
652
812
844
812
748
716
556
340
244
212
180
88
-64
-120
-132
-196
-228
-292
-428
-492
-556
-492
-396
-340
-132
120
292
460
556
460
396
324
244
132
80
56
80
164
244
260
196
32
-164
-492
-780
-844
-812
-716
-524
-212
120
524
812
988
988
924
652
340
72
-180
-372
-492
-460
-372
-324
-308
-260
-260
-396
-588
-652
-844
-1052
-1116
-1052
-988
-780
-556
-396
-340
-356
-340
-372
-396
-428
-556
-652
-652
-620
-556
-396
-308
-396
-428
-356
-260
-132
-24
32
0
104
324
492
588
524
460
372
340
244
180
112
72
96
72
0
-80
-164
-212
-164
-148
-24
164
340
556
780
924
844
684
588
372
148
8
-72
-56
0
96
260
396
396
324
308
228
132
88
56
40
72
244
492
652
652
620
556
460
428
340
244
164
120
132
212
324
324
164
24
-88
-132
-148
-180
-132
-64
16
260
524
652
716
748
748
716
620
460
164
-80
-148
-196
-244
-396
-524
-684
-844
-876
-924
-924
-924
-748
-588
-460
-396
-324
-244
-228
-196
-112
-96
-40
16
48
-48
-260
-428
-652
-844
-988
-988
-1052
-1052
-988
-780
-396
-112
164
324
428
396
196
24
-132
-340
-492
-492
-356
-196
-32
88
148
132
8
-196
-428
-620
-716
-588
-396
-132
180
524
812
924
988
924
716
460
308
228
228
276
356
492
652
716
684
524
292
104
-64
-164
-196
-132
72
372
652
844
988
1052
924
844
684
492
244
88
16
132
228
276
324
196
-48
-276
-492
-748
-988
-988
-876
-556
-96
340
652
924
924
876
780
556
180
-164
-356
-460
-492
-428
-340
-340
-396
-428
-396
-492
-588
-588
-620
-492
-428
-324
-132
8
104
148
132
72
16
-48
-64
-132
-212
-276
-292
-324
-372
-396
-372
-356
-324
-196
-120
0
96
132
212
244
180
40
-112
-244
-260
-308
-396
-492
-588
-620
-556
-460
-492
-556
-588
-620
-620
-588
-620
-620
-524
-260
16
276
428
556
556
588
556
396
228
64
48
132
260
396
556
652
684
876
1052
1052
1052
924
924
924
988
1052
1116
1052
988
876
876
844
716
460
260
180
120
132
180
132
48
16
16
40
-48
-148
-260
-428
-428
-292
-132
-8
64
148
244
276
148
-132
-428
-652
-876
-924
-924
-876
-924
-876
-684
-492
-492
-556
-620
-748
-844
-812
-716
-588
-492
-292
-72
96
212
276
228
56
-164
-372
-588
-684
-652
-620
-556
-396
-228
-148
-132
-120
-120
-164
-148
-164
-292
-428
-460
-428
-276
-104
24
132
164
112
40
-16
-120
-276
-396
-428
-460
-460
-340
-132
8
180
372
588
684
716
684
588
460
428
428
460
460
428
492
652
748
748
620
492
492
492
556
652
620
652
780
924
924
844
748
588
460
396
372
276
80
0
-8
64
104
164
180
120
32
8
0
-112
-228
-276
-148
-56
40
88
96
16
-88
-148
-244
-396
-588
-620
-492
-308
-148
8
104
80
56
32
-16
-132
-244
-260
-228
-180
-148
-32
40
88
164
148
16
-212
-396
-556
-684
-748
-620
-460
-356
-324
-308
-324
-396
-428
-556
-652
-652
-684
-620
-460
-308
-260
-212
-120
-80
-32
0
0
-120
-212
-228
-212
-132
-120
-164
-212
-356
-460
-588
-716
-812
-748
-556
-276
40
356
684
924
1116
1180
1052
780
492
212
48
-24
-32
-24
-8
16
48
72
80
72
56
40
56
244
460
620
748
812
844
812
812
716
492
180
16
0
24
64
104
164
148
228
356
340
164
-16
-120
-80
40
164
276
324
428
524
588
620
492
340
212
148
104
56
-24
-112
-148
-112
-96
-104
-180
-340
-428
-428
-460
-524
-492
-460
-396
-260
-40
120
80
24
8
-40
-88
-148
-212
-356
-492
-556
-524
-620
-812
-924
-988
-924
-844
-684
-492
-428
-276
-40
180
356
492
556
588
556
460
292
72
-196
-428
-588
-684
-716
-620
-588
-460
-260
-32
212
492
716
812
844
924
876
812
684
524
356
228
132
32
-132
-324
-524
-652
-588
-428
-292
-196
-48
72
212
372
492
524
396
292
292
356
308
292
276
164
112
112
56
-96
-276
-340
-460
-460
-396
-356
-276
-180
64
244
428
460
428
428
428
428
308
180
80
16
72
212
244
212
148
112
72
40
-24
-120
-308
-428
-372
-212
-212
-228
-228
-244
-228
-244
-180
-148
-148
-104
-16
32
0
-48
-180
-372
-588
-748
-844
-876
-876
-780
-588
-396
-148
64
228
260
276
324
340
340
356
276
180
40
-16
-64
-132
-244
-324
-260
-244
-180
-96
0
120
260
428
588
620
652
748
748
716
716
652
524
356
260
164
24
-88
-148
-180
-228
-260
-196
-132
-112
-132
-32
72
96
228
340
396
396
428
356
308
244
148
132
72
-8
-64
-120
-228
-292
-292
-292
-276
-308
-340
-340
-212
-72
40
164
228
340
428
556
620
620
492
396
356
228
104
0
-48
-112
-180
-112
-40
-64
-112
-164
-292
-356
-428
-524
-620
-620
-492
-372
-196
-56
16
48
24
-56
-212
-428
-684
-924
-988
-1116
-1116
-1052
-988
-876
-716
-492
-308
-244
-196
-180
-164
-148
-96
-80
-32
24
148
244
308
308
260
180
48
-72
-148
-164
-180
-96
64
196
324
492
684
780
844
844
812
844
780
684
652
524
428
396
396
324
180
56
-48
-88
-8
40
120
212
244
292
324
356
308
308
276
260
340
396
396
428
428
340
228
148
0
-164
-324
-372
-396
-396
-324
-228
-132
-16
104
196
260
228
212
260
228
212
212
244
228
276
292
292
228
132
88
16
-96
-196
-356
-492
-524
-492
-428
-428
-460
-428
-428
-356
-244
-196
-164
-148
-180
-148
-212
-396
-556
-716
-780
-844
-924
-924
-876
-748
-684
-620
-524
-524
-524
-460
-324
-212
-164
-72
64
112
132
164
96
40
-16
-120
-164
-228
-228
-164
-48
80
196
292
292
308
324
276
260
276
292
324
460
556
620
652
620
556
460
340
260
120
32
32
64
112
180
180
148
132
180
196
212
244
276
324
428
492
524
524
460
396
324
228
164
104
88
96
112
148
164
148
120
64
48
-8
-88
-180
-244
-228
-88
104
228
324
372
396
372
308
196
0
-148
-260
-292
-292
-308
-308
-308
-308
-260
-260
-308
-396
-492
-556
-556
-492
-372
-276
-228
-120
-24
0
-40
-196
-356
-556
-684
-812
-812
-812
-748
-620
-492
-396
-292
-292
-260
-180
-88
-16
80
196
292
356
428
460
524
460
372
324
196
72
-48
-88
-72
-56
-32
48
132
112
212
260
260
292
356
428
492
524
556
556
556
492
428
308
164
16
-64
-132
-212
-244
-228
-244
-308
-276
-164
-104
-16
40
132
228
308
396
428
372
292
228
180
120
80
16
8
16
0
0
24
8
-16
-16
-16
0
32
48
64
120
164
244
292
276
228
164
164
96
-8
-164
-244
-324
-428
-492
-524
-620
-620
-492
-396
-372
-324
-292
-276
-228
-180
-212
-244
-228
-228
-212
-276
-340
-356
-396
-460
-460
-524
-556
-556
-492
-396
-260
-164
-32
112
212
324
396
428
428
396
324
292
244
196
164
112
88
112
112
72
56
104
96
120
148
196
260
292
324
356
396
396
428
460
428
396
396
356
308
244
132
72
16
-24
-96
-132
-164
-132
-72
-48
-48
-56
-24
0
56
148
196
244
260
260
260
260
196
148
148
72
16
-32
-64
-48
-40
-48
-72
-104
-132
-80
-32
-48
-48
-40
0
120
164
148
164
120
80
24
-8
-148
-340
-428
-428
-460
-460
-492
-492
-428
-340
-292
-292
-340
-356
-356
-356
-396
-428
-396
-396
-324
-260
-212
-164
-180
-260
-396
-492
-588
-588
-556
-428
-276
-120
56
180
292
372
396
460
428
428
428
372
372
340
260
196
104
72
56
48
40
-16
16
132
228
340
396
428
428
492
524
492
428
356
308
276
292
292
260
212
148
88
40
16
-16
-104
-212
-180
-132
-72
-64
-96
-112
-72
-8
112
180
196
244
260
260
244
212
120
88
64
48
16
-64
-104
-64
-72
-64
0
96
120
164
212
180
164
112
120
148
120
104
104
72
16
-8
-80
-148
-276
-372
-428
-460
-428
-460
-460
-428
-428
-356
-292
-324
-340
-396
-428
-428
-372
-356
-308
-228
-180
-132
-104
-180
-276
-292
-324
-428
-460
-460
-396
-292
-96
88
180
212
228
260
228
212
196
164
88
72
96
112
132
132
120
104
96
88
72
16
16
72
132
212
276
308
276
196
164
148
64
-24
-120
-120
-64
-32
24
96
88
112
180
196
196
120
0
8
96
148
196
228
196
132
104
104
56
-40
-148
-196
-148
-72
24
180
276
340
460
492
460
428
340
276
260
244
212
196
196
212
228
260
212
132
88
64
56
88
112
64
24
-32
-32
-48
-148
-260
-324
-372
-396
-372
-396
-396
-396
-396
-340
-308
-356
-492
-556
-588
-524
-460
-356
-260
-196
-148
-104
-32
-72
-164
-260
-276
-276
-276
-244
-180
-72
24
88
132
164
164
164
196
164
112
96
112
164
212
228
244
292
276
260
244
180
148
120
56
40
24
16
24
48
48
48
-16
-96
-132
-120
-132
-148
-120
-112
-32
24
56
132
180
180
148
64
-8
-72
-164
-228
-228
-196
-180
-132
-64
-16
-16
8
72
72
88
96
88
104
180
260
292
292
260
228
196
212
212
180
80
8
0
24
72
104
96
112
120
180
212
148
88
0
-132
-212
-244
-260
-292
-308
-276
-212
-120
-32
32
64
40
16
16
0
-112
-180
-148
-164
-132
-56
-16
0
-8
-16
-40
-96
-148
-196
-244
-244
-228
-180
-72
8
72
164
244
244
196
132
72
40
-8
-40
-32
-56
-80
-24
24
32
88
96
24
80
148
112
88
24
-8
-40
-16
0
-32
-88
-148
-148
-148
-148
-148
-148
-96
0
48
104
112
56
0
0
32
16
-8
-8
-56
-180
-180
-180
-164
-120
-80
-40
32
72
120
196
228
276
292
324
324
292
276
260
228
196
164
132
132
148
120
96
104
148
132
132
164
148
148
132
80
0
-48
-96
-132
-148
-164
-180
-180
-148
-132
-148
-228
-228
-260
-260
-228
-212
-180
-212
-180
-132
-88
-88
-48
0
32
40
0
-48
-96
-120
-164
-164
-180
-164
-104
-48
0
0
-8
-24
-32
-16
-16
-8
-32
0
-16
0
8
-40
-32
0
-16
-32
8
32
40
24
0
-24
-24
-8
-16
-8
-80
-132
-132
-120
-104
-112
-96
-56
16
112
180
212
212
180
164
96
-8
-80
-148
-180
-164
-148
-104
-48
40
148
244
308
324
308
292
292
276
244
228
228
276
292
324
340
276
228
132
48
-24
-104
-148
-148
-132
-32
56
112
196
276
356
372
372
276
148
56
-64
-132
-180
-180
-132
-104
-16
48
16
-16
-16
-72
-148
-196
-228
-260
-228
-196
-112
-40
-8
0
0
-40
-64
-132
-228
-292
-340
-324
-340
-276
-244
-260
-228
-164
-148
-104
-32
0
-32
-32
-48
-64
-112
-260
-356
-396
-460
-396
-340
-308
-212
-104
16
64
104
120
80
16
-32
-56
-112
-132
-72
-96
-96
-40
-40
-8
0
8
96
132
148
212
228
292
308
308
340
308
228
148
80
8
8
24
112
180
260
396
396
396
356
324
292
292
340
324
292
292
340
372
372
308
228
164
80
8
8
48
72
112
164
228
244
196
148
32
-72
-88
-80
-40
-24
-16
16
32
48
16
-48
-180
-292
-356
-428
-460
-460
-428
-396
-308
-212
-132
-120
-148
-164
-132
-148
-180
-212
-196
-196
-164
-132
-164
-228
-276
-292
-276
-212
-196
-164
-164
-132
-112
-132
-132
-164
-212
-260
-276
-292
-276
-196
-96
0
104
212
276
228
164
148
64
-8
-32
-132
-228
-260
-276
-276
-276
-260
-244
-164
-48
80
228
324
356
396
428
372
292
196
104
8
-72
-120
-120
-88
-24
80
196
292
356
428
428
396
356
260
196
212
308
396
428
428
428
396
340
244
104
-24
-132
-148
-104
-72
16
132
244
356
460
524
460
340
196
148
80
-40
-80
-88
-80
16
72
56
0
-80
-164
-164
-212
-244
-308
-372
-324
-244
-164
-148
-148
-180
-212
-180
-196
-196
-212
-228
-212
-164
-132
-132
-132
-212
-228
-260
-244
-212
-196
-180
-148
-64
-24
0
-64
-196
-308
-396
-396
-372
-308
-228
-56
148
260
292
292
212
112
0
-120
-244
-340
-396
-356
-292
-228
-132
-72
0
24
64
80
80
88
112
180
196
180
180
132
80
8
-48
-80
-72
-80
0
104
180
308
396
460
460
396
340
260
196
148
96
64
56
72
104
164
164
64
72
112
88
56
72
120
104
132
228
292
292
260
244
228
148
80
24
-40
-88
-112
-104
-112
-132
-148
-112
-132
-132
-104
-112
-120
-132
-164
-180
-180
-212
-228
-228
-228
-244
-180
-164
-164
-132
-88
-56
-40
-40
-72
-96
-64
0
8
0
0
-16
16
32
0
-48
-104
-112
-96
-56
-40
-24
16
64
120
212
228
228
212
164
132
96
-24
-164
-244
-340
-372
-324
-276
-228
-132
-64
24
132
260
324
372
396
356
308
228
148
48
-24
-72
-112
-180
-196
-132
-72
-8
64
132
132
148
180
196
180
112
132
132
148
196
260
244
244
228
196
132
24
-16
-80
-148
-180
-196
-104
0
72
148
196
244
244
196
148
32
-132
-228
-276
-292
-292
-228
-112
-80
-32
0
-72
-164
-244
-292
-324
-356
-340
-276
-196
-104
-88
-64
-88
-148
-164
-180
-212
-180
-148
-56
48
96
148
120
32
-64
-164
-292
-428
-460
-428
-396
-260
-164
-120
-96
-56
-24
-48
-80
-104
-56
8
96
180
180
196
164
88
32
-48
-180
-292
-340
-324
-276
-180
-48
80
212
356
460
492
556
556
524
524
492
492
428
428
340
244
180
132
56
0
-32
-48
-32
16
104
228
340
428
524
556
556
556
524
460
396
308
212
132
56
-8
-96
-132
-132
-148
-148
-88
-32
8
88
164
180
180
120
96
56
0
-48
-112
-148
-196
-244
-260
-292
-340
-372
-372
-356
-340
-340
-340
-356
-372
-372
-340
-324
-308
-276
-228
-196
-164
-148
-164
-148
-132
-104
-96
-88
-120
-164
-212
-228
-260
-340
-356
-340
-292
-196
-148
-88
-24
40
64
80
64
16
-40
-80
-64
-8
8
40
72
80
40
40
-16
-120
-244
-356
-356
-340
-260
-148
-64
16
148
244
324
428
396
356
324
292
324
276
212
164
104
88
80
40
0
-32
-96
-88
-40
-24
32
148
292
428
524
556
556
492
460
396
292
180
64
0
-40
-32
16
80
104
80
112
132
120
132
104
72
88
120
132
180
164
80
96
48
0
-48
-132
-180
-164
-148
-112
-88
-104
-88
-96
-96
-148
-180
-196
-180
-180
-180
-196
-180
-132
-88
-40
-40
-32
-64
-104
-120
-132
-164
-196
-212
-196
-196
-196
-180
-180
-164
-132
-88
-48
-56
-56
0
-24
-56
-64
-24
-16
-40
16
24
0
8
0
-8
0
-16
-32
-64
-96
-148
-180
-180
-164
-120
-56
0
56
120
196
228
196
212
212
196
132
80
40
-40
-112
-96
-132
-180
-148
-80
0
96
180
244
244
228
260
260
212
180
148
104
80
88
56
8
-16
0
-16
-32
-16
-32
-32
-24
16
104
148
196
244
244
276
260
244
196
112
16
-56
-132
-180
-164
-164
-120
-88
-72
-24
-32
-80
-132
-180
-212
-244
-228
-196
-196
-148
-112
-88
-72
-56
-96
-120
-132
-120
-104
-88
-16
32
48
32
0
-72
-164
-212
-260
-292
-260
-228
-164
-56
24
88
96
88
56
24
24
56
72
104
164
164
196
212
164
132
16
-88
-148
-212
-244
-244
-212
-164
-56
48
196
260
340
372
356
340
308
276
228
164
120
112
120
148
112
56
-16
-64
-48
-40
-16
0
8
64
120
212
292
308
308
308
276
212
180
132
96
72
16
8
-16
0
0
0
8
16
0
0
0
-64
-72
-48
-48
0
16
0
0
-32
-56
-104
-132
-148
-180
-180
-164
-164
-180
-180
-180
-180
-212
-260
-292
-340
-372
-372
-340
-276
-180
-88
0
24
16
16
-24
-88
-120
-120
-120
-104
-104
-132
-148
-148
-148
-164
-164
-180
-164
-132
-88
-16
0
48
96
132
180
196
180
180
164
148
132
104
56
40
16
-16
-24
-104
-180
-212
-228
-196
-164
-64
8
104
212
292
356
372
372
308
228
148
88
40
0
-32
-56
-56
-40
-16
0
40
72
64
64
72
80
132
164
228
292
292
308
292
244
196
132
48
-8
-72
-132
-164
-180
-132
-64
-16
56
96
164
196
180
164
104
24
-32
-64
-56
-64
-32
-24
0
40
16
8
-48
-164
-228
-276
-324
-308
-292
-244
-164
-104
-40
0
-8
0
-8
-8
-16
-40
-56
-32
0
0
8
-24
-72
-112
-180
-228
-244
-276
-260
-164
-104
-40
16
64
96
132
148
164
132
104
112
148
196
180
196
180
132
80
0
-32
-104
-148
-180
-180
-180
-180
-132
-8
104
196
260
324
340
324
324
276
180
104
24
-64
-120
-164
-212
-212
-196
-180
-148
-104
-112
-88
-96
-24
72
56
88
132
180
164
148
132
96
48
-16
-120
-212
-244
-244
-324
-276
-112
-80
-64
32
180
132
72
132
148
132
96
148
148
120
148
180
148
72
56
24
-40
-96
-96
-112
-164
-180
-180
-164
-164
-120
-120
-88
-64
-64
8
104
132
120
120
96
40
0
-56
-112
-180
-244
-228
-228
-228
-228
-212
-180
-164
-132
-104
-132
-132
-104
-72
-32
40
96
132
180
212
196
180
148
96
64
32
24
24
16
64
104
104
132
104
88
112
148
180
180
244
276
308
308
308
244
180
132
72
80
40
32
40
56
96
120
132
120
96
32
-8
-16
-16
-24
8
48
64
88
132
180
120
48
-8
-64
-120
-164
-180
-180
-196
-164
-120
-88
-96
-104
-96
-120
-120
-132
-164
-164
-180
-148
-80
-40
-16
0
-32
-88
-148
-196
-260
-276
-260
-260
-212
-196
-212
-196
-196
-180
-148
-164
-164
-148
-132
-112
-80
-56
-16
0
40
48
8
-8
-32
-56
-64
-32
-48
-64
-48
-32
-24
0
24
32
72
164
212
228
260
260
292
292
260
212
148
112
80
104
88
48
32
32
56
40
40
40
40
56
120
180
228
228
260
260
260
212
180
104
40
24
8
0
-16
0
-16
-80
-40
-72
-104
-80
-120
-132
-96
-64
-56
-16
-24
-16
-16
-48
-72
-72
-148
-180
-180
-180
-148
-104
-64
-40
24
48
48
56
24
8
32
48
56
56
64
80
96
120
112
112
88
64
64
64
64
32
8
0
-16
-32
-56
-80
-96
-120
-132
-148
-132
-112
-112
-56
-24
-32
-32
-32
-8
-40
-48
-48
-72
-80
-96
-120
-164
-180
-164
-180
-164
-104
-96
-72
-48
-24
-8
-24
-16
-8
-16
-8
16
40
32
8
-16
-40
-40
-40
8
40
48
80
112
164
148
196
196
180
180
132
104
64
48
24
48
80
80
148
196
212
228
212
196
164
164
148
148
120
96
96
64
40
32
8
0
0
-8
-24
-32
-32
-32
-64
-112
-132
-164
-196
-164
-132
-88
-48
-64
-56
-88
-148
-132
-164
-180
-164
-164
-104
-80
-64
-64
-72
-132
-148
-132
-132
-132
-132
-88
-88
-56
8
32
0
8
-24
-104
-120
-180
-196
-180
-148
-96
-24
24
96
132
164
196
132
96
48
32
16
40
80
132
164
164
164
148
88
40
48
64
80
132
132
148
148
148
104
120
120
80
104
72
72
40
32
56
64
64
72
64
72
80
40
0
0
-24
-24
-24
-24
-16
32
48
56
64
56
40
16
0
-32
-88
-104
-148
-148
-96
-80
-48
-16
16
0
-48
-48
-56
-96
-72
-64
-64
-88
-80
-72
-72
-88
-112
-132
-148
-148
-132
-148
-104
-64
-64
-24
-16
0
16
8
16
0
-32
-56
-80
-56
-48
0
16
24
56
40
40
16
0
-16
-32
-56
-88
-56
-56
-56
-32
-32
0
8
8
48
64
88
80
88
72
16
8
-16
-32
-32
0
-24
0
-8
-8
8
32
56
32
48
48
40
16
40
64
80
120
180
212
196
164
88
32
0
-16
-32
0
24
56
112
132
148
120
112
48
0
0
-48
-64
-40
-24
-8
32
56
48
64
64
16
0
-48
-72
-80
-132
-120
-96
-56
-48
-72
-88
-132
-132
-112
-112
-72
-64
-72
-24
0
-8
-32
-48
-40
-48
-48
-40
-48
-72
-56
-56
-72
-48
-72
-48
0
8
64
64
32
24
32
80
88
72
40
8
24
48
96
112
104
56
8
-16
-72
-132
-164
-164
-164
-104
-16
40
112
132
112
120
96
32
0
-32
-88
-80
-40
-32
-8
16
