SAMPLES:	8242
BITSPERSAMPLE:	16
CHANNELS:	1
SAMPLERATE:	16000
NORMALIZED:	FALSE
16
16
16
16
16
16
16
8
8
16
16
24
24
24
32
24
24
24
24
16
8
16
8
8
0
8
16
16
16
8
8
8
8
16
8
8
8
0
0
0
0
0
0
0
-8
-8
-8
-16
-16
-16
-16
-8
-8
-8
-16
-16
-16
-16
-16
-16
-16
-24
-32
-40
-32
-24
-32
-32
-24
-24
-32
-32
-24
-16
-24
-8
-8
-8
-16
-8
-8
-8
0
0
-8
-8
0
-8
-8
0
0
0
0
0
0
0
8
8
24
24
8
8
16
16
8
16
24
24
8
8
8
8
8
8
8
16
16
16
16
16
16
16
8
8
8
8
16
0
0
8
8
-8
0
0
0
-16
-16
-8
-16
-16
-16
-8
0
0
-8
-8
-8
-8
-24
-8
-8
-8
-8
-8
-24
-16
-8
-8
0
0
-8
0
0
-8
-16
0
0
-8
0
0
0
0
0
8
0
0
0
0
0
0
0
16
16
8
16
24
16
24
24
8
16
8
8
8
8
16
24
24
16
8
24
16
0
16
16
24
8
0
24
16
0
8
24
24
8
8
24
0
8
16
0
8
0
8
0
0
0
0
0
0
0
0
0
0
-8
-8
0
-8
-16
-24
-16
-16
-32
-16
-16
-24
-24
-16
-8
-24
-16
0
-16
-24
-16
-16
-16
-16
-8
-8
0
-16
-32
-16
-8
-16
-24
-8
0
-8
-8
0
-8
0
0
0
0
-8
0
0
-16
-16
0
-8
-24
-16
-16
-16
-8
-8
-16
0
0
-16
-16
-8
-8
-16
-8
0
-8
-8
-16
-24
-8
-16
-24
-8
-8
0
0
0
0
0
0
-8
0
8
8
0
24
32
8
8
24
24
8
16
32
32
16
32
32
48
48
16
32
48
40
24
32
48
24
16
32
40
24
16
24
40
32
16
16
24
24
8
8
32
16
0
0
16
8
0
0
-8
0
0
0
-8
0
0
0
-8
-8
-8
-8
-8
-16
-16
0
-8
-24
-8
0
0
-24
-32
-16
-16
-24
-16
-8
-8
-32
-24
-16
-24
-16
-24
-16
-8
-16
-24
-32
-8
0
-24
-24
0
0
-8
-16
-8
0
0
-24
8
32
8
0
8
8
-8
0
0
0
24
8
-8
8
40
8
-16
24
40
8
0
24
8
-8
8
8
0
-8
8
8
0
0
16
0
0
0
0
0
-16
-8
-16
-16
0
-24
-16
0
0
-32
-24
0
-32
-40
-24
-8
-16
-16
-24
-24
-8
-16
-32
-16
-8
-16
-16
0
-8
-24
-16
-8
-16
0
0
-8
0
-8
0
-8
0
24
0
0
24
16
0
8
24
8
0
24
24
8
8
16
24
32
8
8
24
24
16
32
16
24
24
24
8
8
32
24
8
24
16
0
8
8
0
24
8
0
24
24
0
0
8
0
-8
0
-8
0
8
-16
-8
16
8
-8
0
16
0
-8
0
0
8
8
0
0
8
8
-32
8
8
0
-8
0
0
0
16
-16
-16
32
0
-32
0
16
-16
-24
0
0
-24
0
-8
-16
0
0
-32
-32
0
-8
-40
-16
0
-8
-32
-16
0
-24
-24
-8
-8
-24
-24
-16
-16
-24
-8
-16
-24
-16
-8
-8
-32
-8
-8
-16
-24
-8
-8
0
-8
-8
0
16
-8
0
16
-8
0
-8
0
0
-8
0
0
24
0
8
32
16
0
32
32
0
32
32
16
32
32
8
16
24
8
0
16
32
8
24
24
24
32
16
24
32
24
8
8
16
0
16
0
8
24
-8
8
32
8
-8
8
32
0
0
8
0
8
16
-16
-16
24
24
-40
-16
24
0
-32
-32
0
0
-8
-24
0
8
-24
-32
0
-8
-32
0
-32
-16
0
-8
-32
-8
0
-32
-8
8
-32
-16
8
-32
-24
8
-8
-16
0
24
-24
-16
16
-16
-16
8
0
0
0
-24
0
8
-8
-24
8
24
-16
-16
8
0
-8
0
0
8
8
8
0
-8
-8
8
-8
-16
-8
0
8
-8
0
16
8
-24
0
24
0
-16
0
16
0
8
-16
8
0
-8
0
-8
8
24
16
-16
0
16
16
8
-8
8
32
24
-32
24
40
0
0
16
24
-8
0
16
0
8
16
-8
8
32
8
0
8
0
0
0
16
0
0
8
-16
-16
0
0
-8
-8
0
-24
0
0
-32
0
8
-16
-32
24
0
-40
-8
0
0
-16
-8
-8
0
16
-16
-32
24
0
-24
8
0
8
0
0
0
8
0
-24
32
32
-8
0
40
8
-32
0
24
16
24
8
16
24
8
-16
0
48
16
-24
16
24
8
-16
0
40
16
-8
0
32
-8
-8
0
0
-8
-8
0
0
16
0
-8
-8
0
-8
-40
-24
0
-16
-32
-8
-8
-24
-24
0
0
-16
-8
0
0
-32
-24
0
-32
0
8
-16
0
0
-8
-32
-24
-8
-24
0
0
-32
0
16
-32
-8
24
0
-8
8
0
-16
24
16
-24
24
40
-16
8
24
-16
0
32
0
-16
0
8
8
-8
-8
8
24
-16
-16
16
32
8
-8
0
24
32
-24
-8
16
32
-8
-16
16
8
0
-8
32
24
0
16
16
16
0
8
-8
0
24
-8
-8
24
16
-8
8
16
8
16
0
8
16
32
8
8
24
16
16
-8
0
24
24
-16
-8
48
8
-16
0
16
0
8
16
0
0
24
0
-24
0
0
0
-8
-32
8
0
-32
0
0
-8
-8
0
-8
-16
-8
16
-24
-16
24
-8
-24
-8
0
-48
-32
0
-24
-24
-16
-32
-16
8
-48
-40
0
-32
-24
-8
-40
-24
16
-16
-48
-16
16
-32
-32
-32
-16
8
-24
-32
0
16
-16
-40
0
24
-16
-16
24
8
-24
-24
0
0
-16
-16
0
16
0
0
0
16
24
0
-32
0
64
0
-16
16
72
8
-8
24
24
16
0
24
0
24
56
16
-8
32
48
24
-8
32
56
0
16
32
24
32
0
8
48
24
-24
24
88
0
-8
48
40
0
0
24
32
8
0
0
16
32
-24
0
32
8
-24
0
24
-40
0
48
-8
-40
-8
16
-16
-32
-24
-16
32
-8
-48
-32
8
-16
-72
-48
40
-8
-56
0
-16
-8
-24
-32
-40
0
16
-64
-40
0
0
-40
-56
24
16
-24
-32
0
0
-8
-24
-8
40
0
-32
8
24
-16
-24
24
16
16
-8
16
8
16
0
-24
32
8
-8
-16
0
24
-8
-16
24
16
24
0
-40
0
40
-8
-48
16
56
-24
-16
8
8
0
-16
0
0
0
-24
-16
24
-24
0
16
-16
16
-16
0
8
0
-40
-24
48
-8
-80
0
56
-32
-40
32
8
-24
24
24
-32
-8
32
-16
-32
16
0
16
32
-40
0
56
0
-32
8
40
0
0
16
0
0
0
16
24
0
-16
32
8
-16
16
0
24
32
8
0
40
24
0
0
32
40
-16
16
48
32
-24
16
72
-24
-8
32
32
0
0
16
-32
8
24
-24
-24
40
72
-56
-32
72
0
-32
-8
24
8
0
0
-32
0
16
-32
-40
0
0
0
-64
-32
48
-16
-72
-16
48
-64
-72
32
-8
-56
0
-16
-24
8
-24
-16
0
-8
-64
-16
32
-72
-48
48
-16
-32
-32
0
0
-16
-32
0
8
-24
0
0
0
-72
8
24
-64
-40
32
24
-40
-24
56
0
-48
0
0
40
16
-56
24
56
0
-48
24
64
-40
-24
64
24
-16
32
32
32
-16
-16
72
-8
-56
32
72
0
-16
72
-8
-8
32
8
-24
48
32
-24
16
72
0
-8
56
0
-8
32
16
0
0
24
32
0
-16
16
48
8
-24
16
32
-8
16
-24
24
16
-8
24
0
-8
8
56
-8
-40
16
40
0
-56
-32
72
8
-64
24
8
-8
0
-32
0
-8
8
-24
-24
24
-24
-32
0
0
-16
-24
8
8
-24
-32
-16
-32
0
24
-40
-16
16
-8
-16
0
-32
-24
16
8
-32
-56
40
32
-88
32
32
8
-8
0
24
0
24
-40
16
56
0
-24
40
48
-8
-16
32
32
-40
-8
48
40
-16
-16
88
32
-56
-40
96
16
-80
0
48
24
-88
0
16
8
-24
-8
0
24
0
-80
0
0
-48
-32
32
-16
-32
-8
0
-32
-56
0
-56
-32
-24
8
-32
-72
24
32
-24
-80
0
16
0
-72
-32
72
-24
-24
-32
0
16
8
-16
-8
40
24
0
-16
8
24
0
0
40
32
0
24
40
0
-24
56
32
-56
40
32
0
16
40
24
16
16
32
8
16
48
0
16
24
24
-16
-32
48
32
-16
-8
32
-24
40
-8
-32
-24
16
80
-80
-8
72
48
-72
-48
64
48
-40
-80
48
56
-16
-64
0
32
32
-40
-48
8
40
32
-104
40
96
-16
-32
-8
56
-24
-24
8
0
48
-40
0
48
-40
16
-48
8
88
-72
-40
48
24
-8
-48
0
0
8
0
-48
32
32
-40
-16
-32
-16
0
-24
-24
24
24
-24
-16
-8
16
0
-32
-48
32
0
-56
-48
-24
48
-16
-88
-8
56
-24
-40
40
-8
-96
64
80
-64
-56
40
112
-96
-88
48
64
40
-96
24
148
48
-88
-40
132
56
-112
40
148
24
-16
-24
88
56
-16
-96
96
180
-88
-16
104
64
-72
-8
72
40
40
-40
0
24
24
-24
-48
-32
48
48
-104
-56
48
112
-96
-88
56
96
-24
-180
0
80
-32
-80
-32
24
16
-64
-64
-48
16
16
-80
8
48
-32
-96
-16
40
-104
-24
48
-32
-40
-32
-8
0
-72
-64
24
0
-40
16
0
-32
-8
-48
-32
24
0
-88
64
104
-164
-88
180
8
-212
48
212
-64
-120
56
56
-24
-48
0
32
32
16
-64
48
64
-40
0
88
96
-64
24
112
8
-24
16
64
-32
8
32
8
56
0
16
40
40
0
-8
32
96
-48
-48
8
72
32
-196
56
180
0
-164
0
148
-8
-80
-24
96
32
-48
-8
24
8
-32
-32
8
40
0
-8
24
24
-48
-40
80
-16
-24
-40
-8
104
-56
-64
48
72
-80
-80
96
24
-56
8
56
-24
40
0
-64
-40
80
40
-96
0
-8
24
8
-56
8
48
-16
-64
32
16
-64
-16
16
32
0
-56
-56
8
40
-64
-88
40
64
40
-80
-56
56
56
-24
-148
0
148
-96
-164
88
104
-32
-104
72
32
-32
0
-64
48
72
0
-120
-16
148
-64
-132
24
180
-56
-132
120
104
-40
-112
88
164
-112
-56
132
32
-96
40
96
-80
0
120
-72
-48
96
-8
-72
88
80
-64
-32
72
-16
-72
16
32
0
-8
0
-40
24
16
32
-40
32
64
-24
-72
-16
96
-56
-40
104
0
-48
0
-64
-48
64
56
-148
-8
180
-104
-132
72
56
-132
-132
64
72
-96
-88
64
56
-88
-48
-8
-24
32
-40
-88
40
132
-40
-148
112
104
-212
-148
196
96
-228
-8
276
-56
-180
72
96
-56
-56
112
24
-8
0
-32
56
32
-8
64
32
-8
16
40
-16
0
72
0
-40
112
48
-80
32
64
-16
-48
120
40
-88
-24
80
48
-56
-32
-8
32
0
-24
-40
64
72
0
-24
-32
16
-40
-24
-40
0
24
-16
-16
-16
-24
8
56
-96
8
72
0
-88
16
104
-72
-48
40
48
-48
-72
0
88
0
-48
40
64
-48
-88
56
40
-16
24
48
-8
-8
16
-56
-64
24
40
-40
0
80
0
-80
0
0
-48
-56
32
32
-64
-8
32
-56
-104
8
-24
-72
8
80
-64
-64
56
8
-112
-80
112
-16
-148
-32
132
8
-164
56
88
-80
-40
16
0
-48
40
40
-56
40
80
-24
-40
24
88
0
-48
148
132
-48
0
120
16
-80
132
96
-64
40
88
-32
-80
72
72
-32
32
148
32
-72
48
96
-24
-8
96
16
-56
16
64
-24
-56
72
32
-80
-64
56
0
-120
48
72
-64
-72
48
16
-148
-24
96
-48
-104
-16
24
-80
-104
40
0
-32
-32
-32
-24
-48
-16
-56
0
56
-32
-80
-16
32
-40
-56
0
88
-16
-120
0
48
-24
-80
16
80
-24
-72
16
32
0
-8
48
56
-56
0
24
-40
-32
32
40
-40
-32
56
16
-48
24
80
24
-8
-8
0
24
-16
-40
16
80
32
-24
0
40
0
-48
-24
32
40
-40
0
40
8
0
-16
56
48
0
0
8
32
8
-32
0
40
0
-40
0
40
0
-32
8
48
24
-32
8
48
0
-48
24
56
-24
0
72
48
8
-8
0
-8
0
32
-16
40
48
-8
0
32
0
-24
16
56
8
-16
8
24
-16
-40
16
32
-8
0
16
-8
8
8
-32
-24
16
-8
-56
-8
24
-32
-64
0
0
-72
-48
0
0
-32
-16
0
-8
-48
-48
0
0
-16
-24
24
0
-72
-32
24
0
-48
0
48
-24
-48
0
0
-8
-24
-8
24
-8
-32
0
16
0
0
0
0
16
16
-8
16
32
-8
-8
-8
-8
-8
8
16
16
0
16
0
-32
0
8
0
0
16
0
-16
-40
-32
0
-16
-16
-16
0
-16
-40
-24
-8
-8
8
0
0
24
16
-8
-16
16
0
0
8
16
0
0
16
16
8
8
24
8
0
16
48
32
8
24
32
24
0
32
40
16
8
24
32
0
8
24
24
0
0
16
16
0
-16
32
32
0
0
24
8
0
8
16
8
-24
-16
0
0
-16
0
32
0
0
0
8
8
8
16
16
16
0
0
0
0
-8
0
8
8
-8
-8
0
-24
-8
0
0
0
-8
0
0
-16
-32
-16
-16
-32
-32
-8
0
-16
-32
0
0
-40
-32
-8
-24
-48
-32
-24
-24
-32
-32
-24
-24
-40
-32
-24
-24
-40
-40
-24
-32
-32
-24
-16
0
0
-8
0
-24
-32
-32
-24
0
0
0
0
8
16
8
8
8
8
8
24
24
24
8
8
24
0
0
24
8
0
0
0
-8
-24
-32
-40
-8
0
0
0
0
0
16
24
16
16
24
24
0
8
40
8
0
32
48
16
24
32
24
24
32
64
32
40
64
56
48
72
104
56
64
120
112
88
104
120
80
72
112
96
40
56
80
40
0
48
40
-8
0
40
40
0
8
32
8
-8
0
-8
-32
-56
-40
-72
-88
-72
-96
-88
-64
-56
-72
-88
-104
-132
-148
-132
-132
-120
-80
-56
-56
-64
-72
-104
-148
-148
-132
-132
-132
-132
-112
-112
-104
-96
-72
-96
-96
-72
-72
-104
-72
-40
-40
-48
-24
0
-8
0
40
56
16
32
64
48
56
96
120
72
72
80
56
72
48
80
96
80
80
48
32
56
56
80
132
180
180
148
180
196
164
132
132
196
132
132
148
148
120
104
148
132
88
72
56
16
0
0
16
-8
-8
24
24
8
0
48
32
-24
-32
-40
-72
-132
-164
-196
-228
-260
-308
-308
-308
-340
-372
-356
-340
-372
-372
-340
-260
-228
-228
-164
-148
-180
-180
-164
-148
-164
-180
-132
-112
-112
-80
-16
-16
-8
24
64
40
32
48
64
64
96
132
148
196
244
260
260
292
308
324
308
340
324
308
276
260
276
292
324
324
340
324
260
228
244
228
180
180
244
276
276
276
244
244
244
180
120
40
24
32
72
244
460
524
620
812
1052
1116
1116
1180
1180
924
588
308
120
-72
-148
-196
-372
-556
-716
-988
-1372
-1564
-1692
-1756
-1820
-1756
-1500
-1308
-1180
-988
-780
-684
-652
-716
-780
-924
-1052
-1116
-924
-780
-844
-924
-924
-1052
-1436
-1628
-1692
-1756
-1628
-1436
-1180
-924
-556
-292
-132
180
524
524
524
780
924
684
620
812
652
308
372
524
356
228
396
524
428
556
812
924
924
1052
1244
1244
1244
1308
1308
1180
1244
1372
1372
1308
1436
1500
1436
1436
1564
1500
1244
988
812
588
324
212
228
244
276
276
340
492
588
652
812
988
1116
1116
1052
1052
1116
1180
1372
1884
2364
2748
3388
4348
4860
4604
3516
2492
988
-588
-1628
-2492
-2876
-2876
-2620
-2492
-2876
-3004
-3260
-3900
-4348
-4348
-4348
-4348
-3644
-2620
-1692
-988
-196
56
-228
-652
-1052
-1820
-2876
-3388
-3772
-3900
-3260
-1980
-1116
-924
-1244
-1372
-1756
-2620
-3388
-3644
-3260
-2492
-1756
-716
492
1500
1884
1980
2364
2364
1500
492
80
-88
-748
-1052
-716
-396
-652
-716
-196
-8
-196
-132
396
684
844
1372
2108
2236
2492
2620
2620
2364
2108
1884
1500
1372
1500
1564
1564
1628
1820
1820
1628
1436
1244
988
684
556
588
716
924
1308
1756
2108
2364
2620
2748
2748
2364
1980
2108
2108
1820
1756
1820
1372
652
132
-132
-524
-876
-748
-372
148
748
1500
2364
3772
5116
5628
5628
4604
2876
812
-876
-2364
-3900
-4348
-4092
-3772
-4092
-3900
-3644
-4092
-5116
-5116
-5116
-5372
-5116
-4092
-3004
-2108
-988
80
492
340
-112
-924
-1884
-2748
-3388
-3900
-4348
-4092
-3516
-2620
-1244
-556
-492
-876
-1436
-2364
-3388
-3772
-3644
-2876
-1692
-148
1244
2364
2876
2620
1980
1564
924
-260
-924
-684
-196
96
924
1820
1980
1756
1628
1692
1116
620
524
620
844
1564
2492
3004
3260
3388
3388
3004
2620
1980
1436
1052
1180
1564
1884
2236
2492
2492
2364
1980
1628
1180
716
524
556
748
1052
1436
1980
2364
2620
2748
2748
2620
2364
1980
1628
1372
924
340
-64
-276
-588
-924
-1116
-1244
-1500
-1756
-1820
-1628
-1372
-844
72
1180
2108
3132
4604
5884
5884
5116
3516
1564
-556
-2492
-4092
-5116
-5116
-4860
-4604
-4604
-4348
-4348
-5116
-5372
-4860
-4860
-4860
-4092
-2620
-1628
-748
428
1116
1116
684
56
-1052
-2492
-3516
-4348
-4604
-4604
-4092
-3516
-2236
-652
196
196
-148
-684
-1756
-2748
-2876
-2236
-1244
-32
1372
2620
3516
3772
3260
2748
2364
1372
24
-428
-196
-120
-88
716
1564
1692
1628
1884
1820
1180
620
492
524
588
988
1628
2108
2492
2748
3004
2748
2364
1980
1628
1628
1756
1820
1884
1980
1980
1756
1564
1180
716
340
120
48
132
492
924
1244
1756
2364
2620
2748
2876
2748
2236
1820
1372
924
396
-96
-228
-396
-716
-924
-924
-1116
-1436
-1628
-1436
-1308
-1180
-780
72
1244
2364
3132
3900
5372
6140
5628
4604
2876
780
-1756
-3644
-5116
-5884
-5884
-5116
-4604
-4348
-4092
-4092
-4348
-4604
-4348
-4348
-3900
-2876
-1500
-396
588
1436
1628
1372
812
-196
-1820
-3516
-4860
-5628
-6140
-5884
-4860
-3900
-2364
-524
1116
1692
1308
588
-212
-1116
-1756
-1564
-844
228
1500
2492
3260
3516
3004
1564
308
-196
-988
-2108
-2108
-1180
-460
164
1628
2876
2876
2492
2364
1980
1180
556
524
556
748
1564
2620
3132
3388
3516
3388
3004
2748
2364
1980
1564
1436
1372
1308
1116
924
620
276
56
-24
112
324
684
1308
1980
2492
2876
3132
3132
2876
2364
1884
1500
924
428
96
-164
-460
-780
-876
-924
-1244
-1628
-1692
-1692
-1564
-1564
-1116
-620
-372
-72
428
924
1308
1628
1980
2620
3644
4604
5116
4348
2876
1116
-780
-2620
-4604
-5884
-5884
-5372
-5116
-4604
-3900
-3644
-3772
-3644
-3004
-2620
-2620
-2236
-1436
-780
-132
716
1244
1052
556
-56
-1180
-2620
-4092
-5116
-5884
-6140
-5116
-4092
-2748
-1244
228
1052
1180
1116
652
-396
-1436
-1756
-1564
-924
112
1244
2364
3388
3516
2876
1980
1180
-276
-1820
-1980
-1052
-460
292
2108
3644
3516
3260
3388
2748
1052
40
-180
-492
-556
276
1436
2364
3004
3900
4348
4092
3516
3004
2108
1308
844
556
276
164
212
244
260
244
260
428
556
780
1180
1756
2108
2364
2748
3004
2748
2236
1884
1436
716
-132
-748
-1116
-1564
-1980
-1820
-1436
-1180
-924
-492
120
308
276
396
460
428
120
40
132
112
112
340
812
1436
1884
2748
4092
4860
4348
3132
1756
-24
-2108
-4092
-5116
-5116
-4860
-4604
-4092
-3772
-3644
-3772
-3644
-3260
-3004
-3004
-2620
-1884
-988
-292
324
748
716
260
-588
-1884
-3388
-4860
-5884
-6396
-6140
-5116
-4092
-2364
-844
492
1308
1372
716
-396
-1372
-1980
-1820
-1180
-372
748
2108
3004
3260
3132
2620
1692
556
-276
-780
-1052
-924
0
1180
2108
2748
3132
3132
2492
1980
1436
748
292
492
1116
1692
2492
3388
3900
3772
3644
3260
2492
1692
1052
812
620
588
748
844
812
716
716
780
844
812
876
1116
1308
1628
2108
2364
2364
2236
2108
1628
1116
716
396
48
-244
-276
-308
-460
-652
-492
-244
-260
-276
-228
-80
48
120
148
492
620
524
292
196
132
-196
-164
372
844
1372
2236
3388
4092
4092
3260
1980
228
-1564
-3388
-4860
-5628
-5628
-5372
-5372
-5116
-4348
-4092
-3900
-3388
-2876
-2876
-2748
-2108
-1500
-988
-620
-148
8
-164
-652
-1628
-2876
-4092
-4860
-5372
-5372
-4860
-3516
-1692
-372
556
1372
1436
492
-684
-1436
-1756
-1628
-924
-104
844
2108
3004
3004
3004
3132
2108
588
56
16
-460
-620
428
1500
1980
2492
3132
3004
2108
1564
1372
812
372
780
1436
1980
2620
3516
3772
3516
3132
2876
2236
1628
1308
1116
924
780
924
1116
1052
924
924
988
924
716
684
924
1180
1308
1564
1980
1980
1692
1756
1756
1564
1244
1116
988
620
196
-112
-356
-652
-748
-556
-396
-524
-556
-244
16
120
164
396
492
24
-492
-716
-924
-1116
-1116
-556
396
1052
1692
2620
3388
3516
2876
1564
-292
-2236
-3900
-5116
-5884
-5628
-5116
-4860
-4604
-4092
-3644
-3644
-3388
-3132
-3004
-3004
-2620
-1980
-1436
-876
-228
112
132
-212
-1116
-2364
-3644
-4604
-5116
-4860
-3900
-2748
-1628
-716
164
588
308
-372
-620
-620
-780
-780
-212
460
1052
1756
2620
3260
3516
3388
2620
1980
1692
1244
716
780
1308
1692
2108
2748
3260
3004
2876
2876
2620
2108
1884
2108
1980
2108
2364
2748
2620
2492
2620
2492
2108
1884
1692
1436
1308
1500
1564
1436
1308
1180
988
684
372
72
-132
-260
-276
-120
164
460
652
988
1436
1564
1436
1372
1180
812
196
-324
-780
-1244
-1628
-1756
-1692
-1628
-1500
-1244
-876
-588
-492
-396
-260
-428
-812
-988
-1116
-1244
-1244
-988
-716
-148
780
1628
2364
3132
3772
3644
2620
1308
-228
-1980
-3516
-4604
-5116
-5116
-5116
-5116
-5116
-4860
-4604
-4348
-3772
-3004
-2236
-1692
-1052
-228
396
812
1052
924
276
-748
-1980
-3260
-4604
-5116
-5372
-5372
-4604
-3388
-2108
-812
308
1052
1308
1308
1180
844
620
684
988
1308
1884
2620
3260
3516
3516
3260
2620
1980
1500
1116
1116
1372
1884
2364
3004
3388
3388
3260
3004
2492
1884
1500
1500
1500
1884
2492
3004
3388
3644
3644
3388
2748
2108
1500
876
428
196
0
-180
-244
-244
-244
-292
-260
-260
-356
-212
48
396
780
1116
1372
1564
1692
1628
1372
812
164
-492
-1180
-1628
-1980
-2236
-2236
-2108
-1980
-1692
-1436
-1308
-1180
-876
-748
-876
-924
-876
-876
-988
-924
-652
-620
-684
-588
-308
56
396
844
1372
1884
2236
2108
1436
308
-1116
-2364
-3516
-4092
-4604
-4604
-4348
-4092
-3900
-3644
-3388
-2876
-2364
-1756
-1116
-716
-428
-120
16
120
-40
-428
-1052
-1980
-2748
-3388
-3900
-4092
-4092
-3644
-2876
-1820
-748
292
1052
1500
1756
1980
1884
1564
1564
1692
1692
1884
2236
2492
2620
2876
2876
2620
2364
2108
1756
1564
1756
1980
1980
2236
2620
2748
2748
2620
2364
1980
1628
1436
1500
1564
1756
2108
2492
2748
2748
2620
2364
1980
1564
988
556
212
-8
-148
-164
-32
56
164
260
292
260
96
8
112
340
620
812
924
924
812
588
196
-340
-844
-1244
-1628
-1884
-1884
-1884
-1884
-1628
-1308
-988
-844
-748
-748
-812
-780
-812
-924
-1052
-988
-924
-1052
-844
-524
-652
-844
-588
-148
-48
-32
428
684
652
652
652
164
-620
-1308
-1980
-2620
-3388
-3772
-4092
-4092
-3900
-3516
-3132
-2876
-2236
-1628
-1180
-844
-556
-492
-620
-716
-812
-988
-1308
-1692
-1980
-2236
-2236
-2364
-2236
-1820
-1372
-812
-72
556
1052
1372
1628
1884
1980
1980
1820
1756
1692
1756
1980
2236
2364
2364
2364
2364
2108
1980
1980
2108
2108
2492
2748
2748
2748
2748
2492
2108
1756
1500
1244
1116
1180
1308
1436
1564
1756
1692
1500
1308
1052
652
356
276
196
88
80
148
148
104
56
-96
-356
-492
-492
-460
-308
-40
164
340
492
556
460
196
-132
-492
-716
-924
-1116
-1052
-924
-684
-620
-620
-556
-652
-844
-988
-924
-748
-716
-684
-524
-356
-428
-492
-372
-308
-428
-460
-428
-324
112
748
1372
1884
2364
2620
2236
1308
96
-1244
-2492
-3260
-3772
-4092
-4092
-3900
-3772
-3644
-3388
-3260
-3132
-2748
-2236
-1820
-1500
-1116
-748
-524
-356
-324
-652
-1244
-1820
-2492
-3004
-3388
-3388
-3132
-2620
-1820
-844
88
812
1308
1628
1756
1756
1564
1244
1116
1116
1244
1500
1820
2236
2364
2620
2748
2748
2620
2492
2364
2492
2492
2492
2492
2492
2492
2364
2108
1980
1820
1564
1308
1308
1308
1244
1308
1564
1692
1692
1628
1564
1372
1180
1116
924
716
460
244
96
-80
-212
-340
-492
-556
-588
-492
-292
-88
56
228
428
460
428
428
340
104
-72
-180
-308
-524
-716
-748
-988
-1116
-1052
-1180
-1244
-1180
-988
-844
-812
-684
-556
-460
-492
-372
-164
0
-56
-196
-244
-324
-588
-652
-260
228
492
716
1180
1372
924
244
-356
-1052
-1884
-2492
-2748
-3004
-3260
-3260
-3260
-3132
-2876
-2748
-2492
-2236
-1980
-1756
-1628
-1436
-1180
-988
-924
-924
-1116
-1436
-1756
-2236
-2620
-2748
-2876
-2748
-2364
-1692
-924
-244
356
924
1244
1372
1372
1372
1244
1116
1180
1500
1692
1980
2236
2620
2620
2620
2620
2492
2108
1884
1820
1820
1820
1980
2108
2236
2236
2236
2108
1884
1628
1436
1244
1116
1052
1116
1244
1436
1628
1756
1820
1756
1692
1564
1308
1116
812
556
372
148
48
16
0
-72
-80
16
80
72
164
356
428
356
324
340
164
-16
0
-40
-244
-524
-716
-924
-1052
-1116
-1244
-1244
-1052
-780
-588
-372
-120
-180
-308
-356
-556
-924
-1116
-1116
-1116
-1116
-844
-716
-556
-196
276
716
1116
1372
1436
1180
588
-164
-924
-1564
-2108
-2492
-2620
-2748
-2876
-3132
-3260
-3388
-3644
-3644
-3260
-2748
-2236
-1692
-1180
-780
-460
-396
-492
-844
-1308
-1692
-2108
-2492
-2492
-2364
-2108
-1692
-1052
-372
120
428
652
780
748
780
844
876
988
1180
1564
1980
2236
2364
2364
2364
2236
2108
1980
1820
1756
1820
1980
1980
2108
2108
2108
1980
1980
1820
1564
1308
1180
1052
988
1052
1180
1308
1436
1500
1628
1692
1692
1628
1500
1244
1052
844
588
396
244
88
-56
-48
-40
-72
8
132
196
276
396
396
396
428
372
260
164
104
16
-196
-324
-340
-524
-716
-812
-924
-1180
-1308
-1244
-1244
-1116
-780
-652
-652
-460
-324
-524
-748
-716
-780
-988
-924
-716
-588
-340
180
716
1052
1180
1180
924
340
-396
-1052
-1692
-2236
-2620
-2876
-2876
-3004
-3132
-3132
-3260
-3260
-3260
-3004
-2748
-2236
-1756
-1308
-876
-556
-428
-556
-844
-1116
-1436
-1756
-1980
-1980
-1884
-1692
-1308
-748
-180
196
524
748
780
780
780
844
924
1052
1436
1884
2236
2620
2876
2876
2748
2620
2364
1980
1628
1564
1500
1564
1756
1884
1980
1980
1980
1820
1628
1436
1180
1052
1052
1116
1244
1436
1628
1692
1692
1692
1628
1372
1116
876
620
396
292
308
324
324
356
340
244
96
8
-120
-292
-428
-356
-212
-56
132
212
276
308
244
148
64
-72
-308
-492
-684
-844
-988
-1052
-1116
-1180
-1180
-1052
-988
-876
-748
-716
-716
-780
-876
-988
-988
-924
-876
-748
-620
-620
-588
-356
-72
104
180
356
396
228
32
-260
-748
-1244
-1500
-1756
-1980
-2108
-2364
-2492
-2748
-2748
-2876
-2876
-2876
-2620
-2364
-1884
-1436
-1116
-876
-748
-684
-716
-844
-988
-1180
-1244
-1180
-988
-748
-492
-148
88
180
308
340
292
260
356
492
652
924
1308
1756
2108
2492
2620
2748
2748
2620
2620
2492
2620
2620
2620
2620
2620
2364
2236
1980
1564
1180
924
780
684
780
924
1052
1244
1436
1564
1564
1500
1372
1244
1052
924
876
748
652
620
588
428
276
64
-148
-356
-524
-556
-620
-620
-620
-556
-492
-460
-396
-356
-308
-292
-228
-112
-48
-96
-180
-260
-396
-588
-716
-876
-1052
-988
-924
-876
-812
-780
-844
-988
-1052
-924
-988
-1116
-988
-876
-844
-780
-620
-372
-132
228
588
844
876
748
556
244
-80
-356
-588
-924
-1180
-1500
-1820
-2236
-2620
-3004
-3388
-3644
-3516
-3388
-3004
-2492
-1980
-1372
-1052
-844
-748
-684
-812
-988
-988
-988
-924
-684
-396
-40
164
340
460
460
372
180
72
72
132
356
716
1052
1436
1756
1980
2108
2108
2236
2236
2364
2364
2492
2620
2620
2748
2620
2620
2364
2236
1980
1756
1436
1244
1116
1052
1052
1052
1052
988
988
924
876
844
748
748
748
684
684
684
620
588
524
324
56
-212
-428
-588
-620
-588
-524
-460
-396
-292
-180
-228
-276
-292
-324
-340
-308
-196
-88
48
88
40
-32
-212
-396
-620
-780
-924
-988
-988
-924
-780
-716
-716
-780
-812
-876
-988
-1116
-1180
-1180
-1116
-924
-716
-492
-372
-340
-324
-292
-372
-524
-652
-812
-924
-988
-1116
-1116
-1180
-1180
-1244
-1372
-1436
-1500
-1564
-1500
-1372
-1180
-924
-844
-652
-492
-396
-428
-460
-524
-716
-780
-780
-812
-780
-684
-492
-292
-104
80
164
180
212
276
356
396
428
524
620
780
988
1052
1180
1244
1372
1500
1628
1756
1884
1980
1980
1980
2108
1980
1980
1884
1820
1692
1500
1308
1052
924
924
844
780
748
748
684
652
780
812
812
780
748
716
620
460
324
180
0
-80
-120
-88
-96
-120
-112
-132
-196
-196
-196
-260
-324
-308
-276
-292
-308
-276
-276
-324
-372
-428
-524
-684
-780
-924
-924
-988
-924
-876
-844
-812
-716
-684
-716
-620
-588
-556
-524
-428
-428
-396
-292
-196
-196
-276
-356
-428
-524
-588
-684
-748
-844
-924
-924
-988
-988
-1052
-1116
-1116
-1116
-1116
-1116
-1052
-988
-844
-652
-492
-340
-196
-120
-56
-24
-40
-80
-120
-80
-96
-64
8
48
88
228
292
292
340
396
428
492
588
684
748
780
780
748
716
684
748
780
812
924
1116
1244
1436
1500
1500
1500
1372
1180
988
812
620
492
428
428
428
460
524
588
620
652
620
588
460
460
524
524
492
492
460
340
196
0
-164
-324
-460
-556
-492
-428
-356
-228
-120
-32
8
8
-48
-88
-180
-260
-308
-356
-428
-492
-460
-428
-492
-524
-588
-716
-812
-924
-924
-924
-924
-924
-844
-748
-652
-588
-556
-588
-684
-716
-844
-844
-812
-748
-588
-460
-308
-180
-80
-48
-104
-180
-292
-428
-524
-556
-588
-556
-460
-356
-228
-88
-24
-32
-72
-120
-196
-308
-396
-396
-340
-228
-64
80
228
308
308
228
180
148
104
88
80
196
372
524
684
780
876
876
780
748
652
524
460
396
460
588
748
924
1180
1244
1244
1244
1180
1052
988
988
924
924
924
924
924
876
812
684
524
356
276
228
180
196
244
308
292
308
244
104
-32
-228
-396
-460
-524
-556
-460
-340
-260
-228
-212
-260
-324
-428
-460
-524
-556
-588
-588
-556
-524
-428
-356
-396
-428
-524
-652
-716
-748
-812
-780
-684
-588
-460
-340
-276
-308
-396
-492
-588
-716
-780
-812
-844
-780
-716
-620
-588
-524
-460
-428
-372
-340
-292
-276
-244
-228
-244
-292
-356
-396
-460
-524
-460
-396
-372
-308
-260
-180
-96
-72
-24
-40
-16
-8
-32
0
56
104
180
276
308
340
396
372
372
356
356
372
372
428
492
588
652
716
812
876
924
924
924
924
876
844
812
780
748
716
748
812
812
876
876
924
924
924
844
780
716
652
556
460
372
260
212
180
180
164
132
132
72
8
-64
-180
-260
-292
-308
-292
-244
-196
-132
-196
-276
-372
-460
-556
-620
-652
-620
-620
-588
-524
-428
-324
-260
-212
-196
-244
-396
-460
-524
-556
-556
-524
-492
-460
-396
-396
-340
-396
-460
-492
-524
-524
-460
-396
-372
-324
-324
-308
-308
-372
-428
-428
-396
-324
-244
-132
-72
-40
0
32
-8
-80
-148
-228
-308
-356
-324
-228
-120
16
196
308
356
396
396
324
196
132
32
-96
-132
-104
-120
-148
-120
-104
-120
-112
-64
0
80
228
396
588
684
780
844
876
844
748
588
428
260
112
32
24
16
24
104
164
228
340
428
460
524
588
684
748
780
780
748
684
620
524
460
372
260
196
88
0
-64
-132
-212
-292
-340
-308
-292
-260
-180
-132
-112
-88
-80
-132
-148
-196
-260
-324
-396
-460
-524
-620
-620
-620
-588
-524
-492
-428
-396
-372
-340
-340
-276
-212
-244
-276
-324
-340
-396
-428
-428
-460
-428
-396
-396
-340
-308
-308
-260
-244
-260
-276
-292
-292
-292
-244
-180
-164
-104
-8
40
120
164
148
112
96
64
8
24
48
64
88
148
228
308
396
460
556
652
652
652
588
524
428
428
372
308
292
308
308
292
324
340
356
372
428
492
492
524
524
524
492
524
524
492
460
428
356
260
228
148
88
32
24
16
80
148
164
180
212
180
164
164
80
0
-40
-104
-228
-244
-212
-244
-308
-396
-460
-556
-588
-620
-652
-620
-620
-492
-372
-308
-276
-244
-308
-356
-428
-492
-556
-620
-620
-588
-524
-492
-460
-428
-428
-428
-428
-428
-396
-396
-340
-228
-164
-96
-56
-8
32
16
-16
-80
-132
-148
-148
-88
0
48
88
88
64
0
-64
-80
-164
-228
-228
-212
-132
-88
16
132
196
276
340
372
372
308
212
132
96
80
32
16
8
-16
8
64
88
164
212
292
428
556
588
652
620
556
492
428
372
276
228
212
212
212
244
276
324
356
356
396
428
460
492
460
524
556
588
620
620
556
492
356
196
88
-8
-96
-148
-148
-164
-132
-56
0
56
104
132
112
72
0
-96
-196
-292
-372
-460
-460
-460
-428
-372
-356
-340
-324
-340
-396
-428
-492
-460
-492
-492
-460
-396
-340
-308
-292
-324
-356
-396
-492
-524
-524
-556
-524
-460
-428
-372
-276
-228
-180
-164
-148
-164
-164
-164
-148
-80
-24
24
112
212
260
292
292
228
148
56
8
-64
-104
-148
-196
-164
-148
-96
-40
16
104
112
132
228
260
308
356
356
340
308
260
196
164
120
112
88
64
88
120
164
228
260
308
340
372
356
260
196
132
104
80
40
40
56
96
132
196
212
212
228
260
292
356
460
460
492
524
556
492
428
324
196
88
-56
-132
-132
-148
-132
-72
8
48
80
112
164
120
96
88
24
-32
-56
-96
-132
-148
-164
-180
-196
-212
-260
-324
-396
-428
-460
-428
-460
-428
-428
-396
-372
-356
-308
-276
-308
-324
-308
-324
-340
-340
-324
-356
-396
-396
-460
-492
-524
-524
-524
-460
-396
-340
-260
-180
-120
-80
8
96
180
180
196
212
196
164
148
180
132
80
40
8
-56
-72
-88
-112
-132
-132
-120
-96
24
120
196
308
428
524
588
620
684
620
524
396
308
180
112
96
72
32
24
72
112
228
356
396
428
428
372
276
180
72
8
0
-16
-8
32
48
112
196
212
244
260
260
196
148
132
112
104
104
164
180
196
180
96
8
-120
-244
-324
-340
-340
-340
-244
-112
8
112
212
260
244
164
72
0
-132
-196
-244
-276
-244
-196
-180
-180
-120
-132
-132
-148
-164
-196
-196
-196
-212
-164
-88
-24
32
32
0
-24
-48
-104
-164
-260
-340
-308
-276
-260
-244
-260
-276
-276
-228
-212
-212
-180
-112
-24
48
132
212
276
292
308
292
196
112
16
-64
-132
-164
-196
-276
-308
-340
-340
-276
-260
-212
-148
-72
32
148
260
324
356
356
324
228
120
-24
-148
-260
-340
-356
-372
-340
-244
-148
-48
40
96
132
132
120
132
148
132
148
148
104
56
0
-32
-80
-148
-132
-132
-120
-64
-8
48
132
196
308
396
428
428
428
460
428
396
340
276
164
48
-24
-80
-120
-132
-132
-64
-16
16
80
132
196
212
212
212
180
132
80
64
24
-8
-16
-24
0
0
32
16
24
40
64
80
88
104
104
104
72
80
104
80
80
96
120
96
64
72
56
32
8
-8
-40
-72
-88
-80
-96
-96
-80
-24
48
148
228
244
260
260
228
180
96
64
0
-88
-148
-164
-212
-276
-324
-356
-356
-372
-396
-396
-396
-396
-324
-228
-164
-132
-148
-164
-164
-228
-292
-308
-396
-460
-460
-460
-428
-428
-340
-292
-212
-148
-64
-8
16
56
40
32
-48
-112
-196
-228
-260
-308
-308
-244
-228
-196
-148
-96
-32
0
48
120
180
260
276
396
492
492
524
524
492
428
340
180
0
-88
-164
-212
-196
-148
-48
24
120
196
260
244
260
260
212
164
112
64
32
80
132
148
148
180
196
196
196
164
132
132
104
88
80
80
88
80
112
148
120
120
120
104
120
148
180
164
148
132
64
32
56
32
32
72
104
132
180
260
276
292
276
244
180
148
88
8
-24
-56
-64
-64
-80
-104
-164
-212
-276
-340
-340
-324
-292
-228
-148
-72
0
72
120
104
112
104
56
-16
-72
-72
-56
-40
0
32
8
-16
-32
-64
-148
-180
-164
-180
-148
-120
-80
-80
-72
-80
-112
-148
-164
-180
-180
-196
-212
-164
-132
-120
-72
-32
-24
16
24
32
16
-16
0
0
16
-8
-96
-180
-308
-396
-492
-556
-524
-492
-428
-324
-260
-148
-48
-8
0
0
-48
-96
-132
-212
-196
-196
-132
-80
-32
16
32
0
0
0
-64
-88
-132
-132
-112
-64
-8
48
112
180
260
276
276
292
276
228
244
228
244
212
180
164
112
96
80
72
88
96
96
132
180
196
228
324
372
396
428
428
396
356
340
292
212
132
48
-32
-112
-148
-148
-148
-104
-48
0
40
120
180
196
228
260
292
308
276
228
196
104
32
32
24
8
-8
0
-16
0
56
64
80
88
88
88
104
80
64
56
32
24
-8
-64
-96
-132
-164
-112
-80
-72
-80
-56
-8
40
132
212
260
276
276
228
148
24
-120
-212
-308
-428
-492
-556
-588
-556
-460
-356
-244
-164
-88
-72
-56
-40
-80
-112
-132
-164
-180
-196
-228
-260
-260
-292
-308
-308
-292
-276
-260
-228
-196
-120
-56
-8
-8
0
40
40
32
24
16
16
0
16
40
56
56
24
0
-8
-96
-180
-212
-228
-244
-212
-148
-64
-16
32
80
96
148
148
148
180
196
196
196
164
132
72
8
-56
-132
-196
-260
-292
-292
-276
-212
-120
-40
48
88
88
120
104
80
112
112
64
24
16
8
-8
0
16
0
-32
0
16
32
80
132
196
244
308
292
292
244
164
132
132
148
132
148
212
260
308
340
372
396
396
356
324
308
244
244
276
308
276
244
228
164
120
80
32
8
16
48
40
96
164
180
196
244
260
212
164
104
56
-40
-112
-148
-196
-180
-196
-196
-180
-164
-180
-148
-120
-88
-80
-32
8
24
48
72
48
24
16
0
-16
-64
-112
-132
-196
-260
-292
-324
-356
-340
-372
-372
-340
-340
-308
-276
-228
-148
-120
-120
-104
-72
-48
-72
-64
-80
-148
-180
-180
-180
-212
-244
-324
-372
-372
-396
-428
-428
-428
-428
-340
-260
-196
-72
-24
32
132
148
132
132
48
-32
-104
-212
-324
-372
-396
-372
-276
-180
-80
16
72
148
228
292
340
356
396
396
428
396
396
372
292
228
196
164
120
80
56
96
112
164
212
260
340
396
460
460
428
396
292
212
180
148
80
32
16
-24
-48
-32
-16
-8
40
80
104
120
120
120
88
72
24
-24
-32
-32
-56
-56
-56
-56
-64
-72
-88
-112
-148
-180
-180
-164
-148
-164
-104
-64
-32
24
56
64
88
72
48
32
32
40
8
-8
0
-40
-120
-120
-112
-88
-48
-40
0
24
16
16
40
72
72
64
112
148
120
132
148
112
56
56
32
0
-56
-80
-88
-112
-80
-8
0
32
64
88
104
80
80
80
48
0
-8
-40
-80
-132
-120
-120
-80
-24
0
80
164
196
212
276
276
308
276
228
164
80
-24
-112
-180
-196
-96
-56
0
-8
-88
-228
-396
-492
-492
-396
-260
-148
-132
-212
-244
-308
-428
-372
-244
-244
-260
-212
-292
-428
-396
-372
-396
-308
-244
-212
-212
-120
-16
-8
-40
24
56
-16
-88
-132
-112
-120
-180
-180
-120
-148
-228
-164
-132
-148
-104
-40
48
148
228
260
292
324
292
244
292
292
228
244
260
308
292
260
308
372
396
324
308
292
260
180
212
340
324
340
428
492
492
460
492
460
372
308
260
196
196
212
164
180
212
196
96
32
8
-32
-40
32
132
120
112
120
164
64
0
8
-96
-212
-212
-292
-396
-396
-340
-308
-340
-212
-80
-32
24
80
88
72
148
132
0
-32
-40
72
132
-48
-196
-324
-356
-460
-524
-396
-324
-212
-180
-276
-492
-396
-308
-492
-428
32
16
-340
-132
56
-196
-428
-228
-292
-556
-524
-356
-276
-292
-148
-8
-8
-80
-40
-64
-196
-148
-80
-132
-148
-148
-180
-212
-164
-148
-180
-148
-24
-16
8
164
196
148
228
340
292
180
244
308
228
260
372
396
292
308
396
372
372
396
396
340
356
372
340
340
356
340
292
308
340
324
324
340
340
260
260
260
260
276
340
356
260
260
244
196
180
164
96
24
-48
-80
-132
-148
-120
-120
-72
-148
-228
-260
-292
-356
-340
-292
-260
-260
-244
-276
-356
-340
-276
-276
-244
-244
-260
-244
-196
-180
-212
-164
-180
-260
-340
-372
-396
-428
-428
-340
-260
-292
-276
-212
-212
-244
-196
-148
-180
-212
-180
-132
-164
-120
-64
-48
-16
-40
-96
-148
-228
-292
-292
-260
-212
-164
-104
-48
56
132
148
180
196
132
72
96
148
132
120
180
244
228
244
228
212
228
228
276
292
308
356
372
396
460
460
492
460
460
460
460
460
460
460
492
524
492
460
396
292
228
196
148
132
132
148
164
196
244
212
180
164
120
80
40
32
16
-32
-32
-24
-16
-48
-72
-132
-180
-276
-340
-356
-356
-356
-340
-308
-308
-292
-276
-260
-244
-244
-212
-180
-148
-164
-148
-148
-164
-228
-292
-292
-356
-340
-308
-244
-196
-132
-72
-8
16
-16
-24
-48
-112
-112
-112
-132
-88
-48
-32
0
24
24
-40
-72
-132
-196
-196
-212
-196
-132
-72
16
80
104
120
80
-24
-88
-148
-228
-196
-180
-180
-164
-132
-64
-40
-16
-8
-24
-56
-40
-24
-40
-48
-56
-32
-64
-56
-24
-32
-72
-112
-80
-40
-40
8
96
88
132
180
180
180
148
180
196
212
212
196
180
164
164
148
112
104
56
40
72
72
80
132
164
164
196
196
180
164
148
164
164
148
132
148
132
120
132
120
88
64
0
-24
-56
-88
-120
-112
-132
-88
-72
-56
-40
-40
-32
-64
-72
-72
-56
-32
-24
-8
0
16
8
-8
-8
-32
-88
-120
-72
-56
-24
48
148
212
244
276
292
244
212
228
212
212
196
212
212
212
212
196
196
112
24
-16
-64
-88
-40
0
64
88
148
212
212
180
132
80
8
-64
-104
-104
-132
-132
-132
-88
-96
-164
-164
-180
-228
-228
-228
-212
-228
-260
-228
-180
-180
-196
-212
-244
-324
-324
-356
-356
-324
-308
-292
-260
-244
-244
-260
-292
-276
-260
-292
-260
-244
-244
-212
-180
-148
-88
-56
-24
-8
0
-16
-8
-40
-48
-40
-32
-24
-32
-16
0
24
8
40
48
32
56
112
164
196
212
244
260
260
228
180
120
88
88
104
96
88
112
120
180
228
244
244
260
276
308
340
340
292
244
196
148
104
96
72
64
120
164
244
276
308
308
308
324
324
292
228
228
180
180
164
120
56
24
-16
-48
-64
-88
-120
-164
-164
-148
-96
-72
-48
-32
0
0
-8
-48
-112
-164
-212
-244
-276
-260
-244
-228
-180
-148
-132
-104
-112
-132
-148
-180
-196
-212
-244
-244
-228
-228
-196
-180
-180
-180
-196
-196
-228
-228
-164
-120
-88
-56
-72
-88
-72
-48
-64
-64
-32
-24
8
48
72
96
132
120
112
112
64
16
-16
-32
-32
-32
-48
0
16
16
56
80
96
88
120
120
148
164
132
112
96
96
88
72
80
48
40
8
0
32
32
24
48
72
40
32
40
40
32
32
32
56
88
80
64
24
-8
-24
-48
-56
-40
0
0
24
64
96
120
104
96
64
24
0
-40
-56
-88
-80
-24
32
96
120
148
132
72
40
0
-40
-64
-88
-80
-80
-64
-48
-32
-48
-64
-64
-112
-164
-148
-148
-132
-56
8
64
132
196
228
228
212
164
148
88
16
-40
-80
-120
-104
-64
-72
-48
-56
-72
-104
-120
-112
-132
-120
-72
-8
24
56
64
