SAMPLES:	9453
BITSPERSAMPLE:	16
CHANNELS:	1
SAMPLERATE:	16000
NORMALIZED:	FALSE
64
24
0
40
32
0
16
48
8
0
72
16
-16
56
40
-40
0
64
-8
-24
56
24
-24
0
16
-8
-16
32
0
0
0
-8
0
0
0
-16
-8
0
-32
-8
0
-32
-16
0
-24
-24
-16
0
-16
-32
-8
-32
-16
0
-32
-16
16
-16
-40
-8
0
-8
-40
-16
-8
-24
-24
-24
-16
-8
-8
-32
-16
-8
-24
-16
-16
-16
-16
8
-16
-40
0
16
-24
-32
16
16
-24
-56
24
8
-64
-40
16
24
-24
-24
0
16
-24
-40
0
24
-8
-40
16
48
0
-48
32
64
-32
-32
64
40
-32
-16
56
32
-16
-16
32
56
-16
-16
40
48
24
-16
0
72
24
-32
16
56
16
-16
16
48
8
-8
8
24
8
-8
16
8
-8
8
0
0
0
-8
-8
-8
-8
0
-8
-24
8
0
-24
-24
8
0
-48
-8
40
-40
-64
24
32
-56
-40
48
8
-48
-8
48
-16
-40
32
32
-24
8
16
0
32
8
-24
24
40
0
-32
48
48
-16
0
56
56
-16
16
64
48
-32
16
64
16
-16
-16
64
56
-32
0
72
24
0
0
16
24
0
8
-8
0
24
0
0
0
0
-8
0
-24
-8
-16
-24
8
-16
-24
8
0
-32
-8
0
-8
8
-16
-40
8
32
-48
-32
40
-16
-64
8
-8
-32
0
0
-40
-40
16
0
-48
0
-8
-32
24
-24
-112
0
112
-104
-148
96
40
-132
-32
32
-72
-40
0
-64
-48
16
0
-64
-8
16
-48
-64
32
0
-120
16
96
-80
-88
96
56
-132
-8
132
-32
-112
80
96
-80
-72
96
32
-56
56
80
-32
8
104
16
-48
72
96
-16
24
56
56
16
24
40
8
80
24
-40
72
88
-32
-16
148
16
-64
88
64
-40
40
112
-64
-16
132
-8
-80
80
48
-40
8
40
0
-16
24
24
-24
0
0
24
-24
-56
48
24
-88
-16
72
-32
-112
64
56
-180
0
132
-132
-120
112
32
-148
-32
148
-72
-148
104
56
-148
0
120
-88
-112
96
48
-132
-40
112
-48
-120
64
0
-112
0
16
-48
-8
32
-32
-72
64
0
-120
24
80
-112
-64
48
16
-96
-32
56
0
-72
0
24
-40
-16
-8
-16
-8
16
-32
-24
64
-16
-96
48
24
-64
-32
24
48
-64
-16
104
-56
-40
120
8
-96
80
104
-104
0
148
-40
-24
104
-24
0
120
8
-32
112
96
-56
-16
212
56
-132
56
180
32
-96
40
132
0
-24
48
56
24
8
0
8
72
56
0
-32
32
132
-40
-148
148
80
-164
-8
132
-72
-56
72
-48
-64
0
16
-48
-56
40
-32
-64
0
-16
0
-16
-64
32
16
-64
-80
56
24
-132
8
64
-120
0
80
-80
-88
96
72
-148
-72
148
0
-112
8
56
-64
-8
64
-80
24
48
-8
-64
32
120
-32
-96
40
132
-40
-132
80
112
-88
-80
40
64
8
-56
-32
-8
48
32
-148
-32
148
-56
-148
48
32
-88
0
-16
-132
48
132
-180
-148
180
56
-180
-80
64
64
-40
-132
-56
88
72
-180
-148
148
72
-196
-88
132
0
-96
0
16
-16
72
16
-80
-72
164
148
-212
-80
196
120
-228
-64
196
48
-64
-8
16
80
104
-56
-132
132
244
-148
-164
164
180
-32
-164
24
132
64
-40
-132
80
212
-40
-180
88
148
-24
-24
-8
0
104
24
-96
-56
228
104
-276
24
308
-8
-212
32
212
8
-132
72
164
-40
-64
132
16
-48
88
64
-24
0
64
24
-40
-16
56
80
-40
-80
80
112
-104
-88
148
-8
-148
96
0
-112
24
8
-56
24
-24
-88
-16
32
0
-96
-32
0
56
-80
-260
180
244
-372
-180
428
-24
-428
72
260
-260
-148
260
-148
-164
196
-40
-260
24
148
-120
-196
64
104
-180
-164
112
48
-148
-80
56
0
-180
-8
80
-88
-148
64
64
-228
-96
180
-64
-260
120
120
-164
-112
164
16
-260
104
244
-180
-196
228
212
-260
-180
356
96
-356
80
396
-96
-228
260
180
-276
104
276
-88
-132
212
260
-244
-120
524
72
-372
180
524
-196
-292
460
212
-308
164
372
-244
32
556
-112
-308
460
292
-340
16
324
112
-64
-56
88
228
40
-324
104
428
-196
-212
196
96
-32
40
-104
-48
276
-8
-324
96
308
-212
-244
96
8
-24
-8
-104
-32
96
-64
-196
8
132
-40
-276
32
148
-180
-212
80
-16
-244
80
0
-212
-32
72
-88
-180
88
56
-276
-72
164
-104
-244
80
80
-228
-112
228
-164
-260
308
40
-492
40
460
-324
-372
324
228
-372
-64
180
-148
16
40
-96
-164
244
212
-524
-88
492
-212
-356
308
16
-212
196
-40
-260
148
260
-340
-148
428
-104
-292
196
24
-260
164
96
-180
-32
180
24
-372
132
340
-244
-164
120
260
-212
-228
396
-8
-308
244
228
-372
132
356
-132
-228
292
196
-372
88
460
-228
-260
524
32
-460
324
356
-396
-132
556
40
-396
308
228
-228
16
292
-120
-56
340
-96
-164
196
228
-276
-104
308
0
-148
8
24
132
104
-324
72
428
-180
-356
292
292
-356
-16
292
-88
-56
180
-24
-80
120
96
-132
-72
292
-40
-112
132
-16
104
8
-164
80
228
-32
-164
196
164
-244
72
276
-148
-88
260
16
-164
148
164
-260
24
260
-164
-196
228
96
-340
88
228
-276
-196
196
-16
-260
72
120
-276
-16
324
-260
-324
292
212
-524
-292
652
-32
-716
164
428
-372
-292
212
16
-196
16
-120
-180
148
72
-292
-276
340
340
-588
-396
556
228
-684
-292
556
72
-460
-148
180
164
-308
-164
56
32
164
-228
-396
244
460
-428
-460
292
396
-292
-524
72
396
-132
-460
120
196
-212
-164
-8
0
-8
0
-120
-180
-32
132
104
-460
16
556
-228
-492
396
228
-428
88
428
-356
-212
684
-40
-556
212
716
-308
-428
684
276
-428
-48
556
132
-356
196
428
-148
120
164
24
396
72
-112
244
460
112
-276
276
556
-72
-180
164
396
244
-308
88
556
16
-148
132
308
32
-64
292
0
-120
372
48
-244
180
212
-132
0
96
148
-8
-148
80
16
-32
-56
0
32
-132
32
64
-308
120
120
-396
-88
120
-24
-228
-324
212
212
-492
-276
324
96
-524
-372
308
164
-492
-260
72
64
-88
-356
-308
244
260
-620
-460
620
148
-924
-132
748
-164
-812
80
524
-340
-492
292
80
-340
48
56
-276
0
148
-212
-372
588
-32
-812
524
340
-716
-180
460
-88
-588
276
556
-652
-260
524
-164
-396
-104
244
-16
-276
132
-40
0
104
-260
-164
308
180
-428
-196
652
64
-748
132
620
-276
-524
356
372
-244
-164
180
88
-8
72
-180
292
212
-396
340
396
-396
120
556
-48
-396
428
428
-260
104
340
-180
244
428
-556
112
988
-56
-924
652
1052
-652
-556
812
524
-492
-96
396
308
72
-212
-96
396
396
-308
-244
460
428
-340
-428
524
356
-460
-132
372
64
-212
-260
112
396
-80
-308
-228
556
228
-924
120
652
-112
-460
-120
292
32
40
-228
-260
556
260
-812
-292
780
356
-780
-524
924
460
-1116
-428
988
308
-924
-180
652
80
-428
-120
180
24
180
-244
-524
460
460
-812
-460
988
96
-1244
72
988
-492
-588
396
80
72
-244
-324
396
120
-340
-260
396
96
-588
104
80
-212
260
16
-492
308
324
-492
-292
396
212
-748
24
524
-276
-396
104
112
-104
-72
112
-196
-132
180
-180
-460
120
112
-396
-96
308
-164
-588
228
180
-524
-196
292
-32
-356
-64
260
-244
-276
356
-88
-292
180
8
-196
-276
340
244
-588
148
556
-260
-276
324
164
-180
80
228
-260
-16
492
-48
-112
148
396
56
-356
276
524
-196
-64
460
180
-308
228
492
-132
-32
460
292
-180
72
196
80
324
24
-524
396
844
-588
-652
988
588
-876
-292
780
292
-428
-372
324
324
-132
-460
-72
460
164
-524
-492
684
356
-988
-212
924
180
-780
-180
684
104
-652
-556
924
396
-1052
-276
876
8
-620
-196
196
588
-56
-780
-180
1052
292
-1244
-228
1436
164
-1244
-308
1308
276
-1244
-56
988
104
-292
-460
180
684
-8
-556
-120
748
148
-780
-276
812
524
-716
-652
988
460
-1052
0
748
-80
-244
0
276
-276
-244
492
-212
-396
492
292
-492
-684
620
556
-1116
-428
844
308
-780
-112
460
-244
-260
-324
-396
244
260
-716
-340
924
-120
-988
-104
652
-180
-556
-492
524
340
-924
-460
292
524
-588
-684
340
588
-556
-620
492
120
-260
132
-180
-8
396
-196
-396
524
396
-620
-324
812
164
-748
308
492
-228
-120
308
112
-88
356
-212
-340
1052
396
-1436
244
1756
-684
-684
924
460
-396
-16
492
-276
260
396
-812
460
748
-588
-228
780
112
-684
-112
780
120
-844
72
780
148
-748
96
748
32
-460
-164
120
428
40
-716
164
780
-228
-588
428
292
-244
-88
212
-292
40
428
-276
-88
72
-32
372
164
-780
244
988
-588
-988
924
620
-1308
72
780
-276
-64
-96
-164
340
132
-396
-64
524
-96
-588
244
228
-148
-196
132
132
-292
-96
-16
-148
-72
56
-132
24
-96
-180
180
-104
-460
228
308
-428
-428
492
180
-988
48
812
-428
-292
112
104
228
-460
-212
396
196
-324
-460
620
-180
-588
588
-372
-524
812
96
-812
196
780
-684
-652
844
196
-924
396
180
-620
460
308
-924
-80
1052
-524
-780
684
556
-924
-260
988
-120
-588
80
260
292
-340
-372
492
356
-372
-292
396
340
-212
-292
64
876
24
-1116
684
988
-988
-492
1116
356
-652
80
652
132
-340
80
40
80
556
-356
-260
652
64
-492
148
716
-428
-396
924
-88
-524
428
0
-620
396
132
-588
260
428
-460
-180
588
-104
-844
72
1052
-556
-748
524
372
-460
-684
196
428
64
-556
-428
748
308
-988
-460
988
428
-876
-396
988
164
-780
-492
588
780
-716
-556
556
556
-276
-652
292
492
16
-620
-96
748
104
-396
-428
748
652
-988
-556
1116
-8
-556
492
132
-228
-16
148
-180
-24
524
-212
-164
428
-620
-72
924
-652
-988
1436
684
-1692
-428
1756
0
-1692
292
1244
-556
-716
292
428
-164
-164
-104
-196
428
196
-1052
372
1244
-716
-1052
988
780
-1628
-40
1692
-620
-1052
1244
460
-1372
-16
1372
-428
-844
812
460
-1116
340
924
-1116
-372
1436
-324
-1052
652
588
-780
-24
844
-460
-556
308
164
-48
-340
340
148
-524
180
196
-428
-356
396
228
-460
-340
228
16
-396
48
-64
32
-88
8
56
-396
212
324
-588
-112
340
-324
-260
372
212
-492
396
356
-1116
492
876
-924
-524
924
748
-1052
-556
1052
212
-844
-96
924
112
-988
356
988
-620
-212
652
-276
40
812
-340
-556
716
684
-620
-244
876
-292
-716
1180
396
-1500
780
1308
-988
-684
988
372
-1052
460
844
-492
-324
0
292
212
-524
-112
684
-80
-460
8
260
-120
-396
80
460
-88
-556
0
292
-80
-244
-292
-64
492
148
-1180
0
1116
-876
-924
876
396
-1308
-324
1436
-556
-1372
716
924
-1564
-324
1500
-652
-1244
876
780
-1628
-96
1436
-988
-652
1244
-492
-924
924
96
-988
428
876
-924
-524
1372
-132
-1116
396
924
-524
-748
684
588
-620
-372
876
428
-460
-396
684
620
-356
-260
64
812
556
-1244
16
1692
-112
-1564
748
1756
-988
-588
1052
428
-492
0
492
-88
196
340
-80
-212
780
112
-1180
924
988
-1180
80
1308
-652
-620
1052
340
-844
228
1052
-588
-716
588
588
-716
-492
988
120
-492
64
-324
260
556
-924
-556
1372
132
-1436
-180
844
-8
-1052
-460
556
164
-988
-396
556
88
-556
-492
-260
372
24
-1244
-132
1180
-492
-1244
396
396
-1052
-748
844
132
-988
-308
924
-120
-1372
148
924
-844
-1116
876
988
-1052
-1308
988
988
-1180
-924
1116
716
-1244
-112
1116
-524
-308
492
24
-324
292
-56
-324
356
132
-396
276
652
-556
-120
748
48
-748
260
1180
-72
-1116
260
924
-88
-780
588
1244
-244
-1180
844
1308
-1308
-164
1436
-24
-684
924
324
-988
988
988
-1180
-132
1244
-244
-524
684
460
-684
308
1564
-988
-1116
1628
1308
-1756
-684
1980
492
-1564
-88
1820
-428
-1308
1180
428
-1372
460
780
-924
-32
844
-196
-780
372
308
-716
-72
620
96
-1052
80
988
-1052
-1308
1052
812
-1180
-924
988
396
-1564
-340
1308
-556
-1244
844
524
-1436
24
1116
-812
-988
1244
196
-1436
-56
1180
-244
-924
72
460
56
-340
-428
356
924
-812
-556
924
132
-492
0
72
-48
684
180
-1116
492
1564
-812
-1436
1052
1180
-1052
-460
1372
88
-812
620
8
-292
460
-180
-244
620
588
-924
-372
1244
460
-1436
-324
1052
524
-588
-684
684
396
-652
-652
428
652
48
-812
-308
876
80
-1052
-428
1180
556
-1308
-132
812
-492
-460
428
-104
-524
620
492
-1436
-276
1052
-324
-748
260
372
-356
308
-104
-1052
492
1436
-1564
-1500
2236
748
-2620
-104
2492
-588
-1884
1052
844
-1052
132
164
-524
812
196
-1180
460
1180
-780
-924
1436
588
-1820
-24
1980
-620
-1628
1500
1436
-1308
-1308
1756
812
-1884
0
1628
324
-1244
96
988
-620
-244
292
-148
428
716
-780
-460
1372
-16
-1884
308
2364
-812
-1628
1500
924
-1692
-196
1308
-716
-524
1180
340
-1180
164
1180
-812
-556
844
356
-492
24
396
-164
-120
180
56
-372
492
684
-924
-148
652
8
-556
212
524
-276
-148
620
-180
-1244
924
524
-1180
-372
1052
492
-1628
40
1500
-716
-1116
812
428
-780
-324
428
88
-924
396
308
-748
104
-132
-228
-48
164
-492
-428
844
-212
-1308
524
780
-924
-684
812
556
-1052
-844
1116
524
-1244
-308
1244
340
-1628
-292
1500
16
-1564
716
1180
-924
-620
684
292
-812
276
876
-588
-120
748
-308
-684
876
120
-1052
812
988
-988
-428
1628
32
-1692
428
1628
-1116
-1052
2364
212
-1564
1116
780
-1564
-72
1756
-716
-780
1820
260
-1564
460
1308
-1116
-748
1436
292
-1180
924
988
-1244
-228
1244
-276
-1180
924
1116
-1244
-48
1372
-652
-1116
988
492
-1116
372
524
-652
-244
460
72
-620
180
492
-620
-324
812
-556
-924
1180
228
-1628
292
1308
-988
-988
748
492
-652
-988
40
588
64
-716
80
812
-356
-780
-244
396
228
-716
-260
652
-64
-492
-64
48
-132
-180
24
244
96
120
-228
72
428
-460
-228
132
340
-120
-340
396
356
-292
-120
228
-260
-88
24
-56
-148
396
492
-396
-40
428
-72
-588
-372
308
324
-356
-32
460
132
-228
-260
40
56
-180
-80
88
292
228
-292
-340
212
276
-340
-260
556
212
-396
-32
212
132
16
-228
-56
356
276
-492
-164
1052
0
-924
460
812
-716
-428
876
244
-684
372
780
-524
-196
684
-64
-524
372
620
-524
-308
684
8
-492
244
588
-244
-556
372
428
-812
-276
1052
276
-652
40
716
-196
-924
228
588
-308
-228
396
-48
-104
164
-96
-148
8
-24
0
-32
-72
0
-260
0
212
-164
-292
104
120
-428
-228
244
120
-308
-196
104
148
-196
-228
-40
88
-64
-492
64
324
-292
-196
180
-196
-244
-24
-40
-132
96
276
-228
-8
356
-56
-492
244
460
-556
-164
556
-80
-396
180
228
-48
-196
148
228
-228
-64
396
104
-228
228
276
24
-56
164
48
32
148
-32
8
356
88
-308
180
372
-48
-356
180
620
-180
-356
324
228
-492
-132
460
-164
-260
260
48
-212
120
-8
-460
24
244
-340
-132
428
-96
-460
64
308
-180
-460
64
260
-260
-396
132
196
-180
-324
196
244
-260
-148
212
120
-212
16
244
-120
-148
212
96
-120
32
196
-24
-244
196
196
-212
56
356
112
-112
212
196
-56
-88
112
180
0
104
212
64
88
0
-80
104
-64
-80
260
104
-212
-104
164
48
-372
-132
324
96
-428
-104
308
-112
-396
-80
48
-64
-120
-228
-72
112
24
-180
-132
132
-24
-244
-32
132
24
-212
-180
-32
-72
-196
-88
0
-96
0
-40
-148
16
0
-148
40
164
0
-80
80
48
-132
32
196
-16
-120
132
132
-48
-72
32
80
0
-8
112
148
132
-64
16
276
8
-244
16
244
-8
-180
148
292
-148
-260
164
132
-132
-16
164
96
-32
32
148
32
-32
-56
24
132
-56
-228
104
260
-80
-132
260
180
-228
-120
148
132
-64
48
212
0
-80
80
-32
-196
32
148
-32
-56
148
64
-88
32
56
-64
72
164
-64
-132
148
132
-228
-180
148
-8
-308
64
260
-164
-212
148
-48
-212
112
180
0
-104
64
80
-196
-132
8
0
-112
-104
48
56
-48
-132
-72
-16
-96
-164
-56
40
-32
-64
24
-24
-148
-32
-16
-80
-112
-80
-48
-196
-164
48
72
-88
-16
32
-64
-228
-244
-24
0
-132
-40
180
32
-148
-72
88
0
-164
0
196
88
-104
8
196
40
-8
80
260
276
8
0
340
212
-132
132
340
56
-8
244
244
72
96
120
132
96
0
212
228
148
196
132
228
180
8
48
104
-24
-32
48
72
32
16
96
112
-48
-88
80
-56
-88
0
16
24
8
-32
-32
40
-148
-180
72
-8
-228
-112
-48
-164
-196
-88
-64
-148
-132
-8
-104
-196
-132
-148
-132
-64
-96
-120
-112
-212
-164
-132
-148
-104
-132
-112
-16
0
-24
32
16
-72
-72
-80
-80
-56
-148
-24
112
-40
-24
56
-32
-88
-96
0
96
-8
-16
180
148
48
120
112
48
-16
8
-56
16
80
-24
40
96
-24
-80
56
24
0
16
72
64
-64
72
112
32
132
120
72
120
56
-48
8
32
-8
-72
24
64
-8
-48
64
96
-32
16
56
-8
8
48
64
48
32
64
56
24
64
72
24
88
72
-40
120
112
-32
64
80
-8
-16
8
-72
-48
8
-8
72
80
-112
-32
88
-48
-88
-32
-8
8
-8
8
80
-72
-112
-16
-64
-104
-96
0
-16
-96
-56
-24
-180
-104
0
-148
-180
-24
-72
-196
-88
16
-104
-112
16
-16
-104
-8
0
-148
-80
-24
-88
0
0
-48
24
-64
-64
-24
-32
0
64
72
16
24
32
32
88
96
24
120
244
64
8
196
196
-72
8
292
196
32
120
260
96
80
260
260
24
8
196
148
24
212
340
212
212
340
356
164
180
244
88
0
72
-8
-80
8
40
56
16
56
0
-120
-88
-132
-164
-196
-164
-56
-132
-276
-148
-180
-340
-228
-180
-148
-164
-356
-396
-244
-428
-460
-180
-148
-308
-276
-244
-428
-524
-396
-460
-524
-308
-292
-428
-396
-164
-164
-228
-228
-212
-244
-228
-196
-120
0
-40
16
56
0
-32
-40
24
24
148
372
356
340
492
588
396
428
492
340
292
244
196
244
396
396
356
492
492
428
340
524
620
524
428
428
524
428
340
428
588
428
228
292
396
212
8
180
308
148
24
96
96
56
-16
-104
-72
-88
-196
-196
-132
-96
-196
-196
-164
-148
-120
-148
-180
-132
-96
-292
-396
-340
-340
-524
-556
-428
-460
-588
-620
-524
-492
-620
-620
-460
-460
-524
-492
-356
-356
-428
-276
-212
-372
-356
-260
-396
-428
-460
-428
-492
-492
-356
-308
-276
-292
-276
-196
-292
-276
-64
-48
-32
96
80
164
260
180
148
212
276
132
24
180
324
340
460
716
716
652
716
812
844
924
1052
1116
1116
988
924
812
652
588
556
492
588
716
748
812
988
1116
1052
1052
1244
1244
1180
1308
1244
1180
780
460
244
-212
-588
-556
-492
-524
-556
-460
-492
-588
-716
-876
-844
-876
-988
-1052
-988
-924
-988
-1180
-1180
-1180
-1436
-1692
-1628
-1628
-1756
-1628
-1436
-1308
-1372
-1372
-1116
-1052
-1180
-1116
-924
-1052
-1052
-876
-780
-716
-588
-492
-292
-104
-88
-16
96
104
40
-80
-80
104
80
120
428
588
556
524
588
684
684
652
844
812
716
748
716
876
1052
1180
1116
1308
1436
1052
988
1180
1180
1116
1052
1116
1052
844
812
588
556
716
556
460
748
780
588
652
988
1180
1372
1980
2620
3132
3772
4604
4860
4092
2748
1692
620
-716
-1692
-2236
-2364
-2236
-2108
-2108
-2236
-2364
-2620
-2620
-2364
-2236
-2236
-1820
-1180
-652
-292
120
396
244
-260
-780
-1372
-2364
-3260
-3132
-2620
-3004
-3260
-2492
-1980
-2620
-2492
-1372
-924
-1116
-924
-780
-988
-1052
-1244
-1052
-180
620
588
748
1436
1052
-212
-652
-196
-716
-1692
-1372
-620
-844
-1180
-372
588
460
276
876
1244
812
396
716
1052
924
780
1244
1564
1308
1180
1372
1628
1564
1308
1308
1500
1372
1052
1116
1308
1180
988
988
1052
876
492
428
684
780
924
1564
2108
2236
2236
2236
1820
1308
1436
1500
1308
1756
2492
2236
2236
3644
5116
5116
4604
3900
2492
492
-1308
-2748
-3772
-3644
-2620
-2108
-1980
-1436
-1564
-2492
-2748
-2364
-2492
-3004
-2364
-1372
-1116
-780
80
556
260
-112
-524
-1500
-2876
-4092
-4860
-5116
-5116
-4604
-3644
-1980
-620
276
924
1308
1116
212
-924
-1692
-1980
-1884
-1308
-308
556
1244
1756
1500
308
-524
-1180
-2492
-3260
-2492
-1820
-1756
-924
492
1116
780
844
1116
588
-260
-492
-120
-88
-132
212
924
1244
988
988
1308
1052
620
620
924
1052
876
988
1372
1308
988
812
684
524
460
492
844
1308
1628
2236
2748
3004
3004
2876
2748
2492
2236
2108
1980
1500
924
716
620
212
-48
460
1244
1564
1820
2364
2876
3388
4604
5884
6652
5628
4092
2364
396
-1820
-4092
-4604
-3900
-3644
-3772
-3132
-2620
-3516
-4092
-3132
-2364
-2876
-2876
-1692
-924
-812
-324
556
876
324
-276
-812
-2108
-3900
-5116
-5628
-5628
-5628
-4860
-3516
-2492
-1436
16
1116
924
-56
-844
-1372
-1980
-2108
-1308
-72
620
876
1436
1980
1244
-112
-716
-1180
-2364
-3516
-3388
-2364
-1308
196
1884
2876
3260
3132
2108
1308
844
-72
-924
-428
396
396
460
1372
2108
1692
1372
1628
1308
356
308
876
1052
1116
1180
1372
1500
1436
1180
988
780
588
292
524
1052
1308
1692
2492
3004
3004
3132
3004
2492
2108
2108
1980
1116
340
-120
-844
-1436
-1116
-276
460
1180
1692
1884
1980
2108
3388
5372
6652
6652
5628
3772
1180
-1628
-4092
-5116
-4604
-3772
-3388
-2876
-2748
-3516
-4092
-3644
-2876
-3260
-3516
-2492
-1436
-1052
-524
556
1244
1052
620
8
-1244
-3132
-4604
-5116
-5628
-5884
-5884
-4860
-3388
-1980
-492
1180
1628
716
-48
-276
-748
-1436
-1052
308
1052
1564
2492
2620
1436
340
260
-524
-1820
-1980
-2108
-2364
-1884
-372
924
1980
3132
3260
2620
2748
1980
88
-460
196
-196
-924
340
1628
844
340
1372
1564
308
-148
524
460
-148
260
1244
1372
1052
1052
1308
1180
812
556
556
876
988
988
1628
2492
2620
2748
3260
3388
2492
1884
1980
1756
988
780
812
132
-620
-684
-652
-524
-308
120
1052
1628
1436
1180
1500
1564
2364
4860
7164
7676
6140
4348
2108
-1052
-4092
-5884
-5628
-4604
-4092
-3516
-3260
-4092
-4860
-4604
-3260
-3004
-3388
-2876
-1628
-876
-276
620
1372
1436
988
396
-396
-2108
-4348
-5628
-6140
-6908
-6908
-5884
-4092
-2620
-1308
32
1180
1116
180
-244
-260
-684
-1052
-428
620
1180
1820
2748
2748
2492
1980
428
-988
-1500
-2236
-3260
-2492
-396
556
1244
2620
2876
2236
1980
1500
524
260
212
-244
148
1308
1436
924
1564
2492
1756
1052
1756
1820
1052
1308
2236
2364
1884
1692
1564
1436
924
396
340
292
228
524
1372
2236
2620
3004
3516
3772
3260
2748
2364
1756
1116
780
588
244
-260
-588
-556
-812
-1244
-1116
-812
-652
-244
460
1052
1180
1052
1180
1692
3132
5372
6652
6652
5372
2748
0
-2620
-5116
-6908
-6140
-4860
-4348
-4092
-3516
-3900
-4348
-3644
-2492
-2620
-3004
-2108
-988
-620
0
988
1436
1372
1244
780
-460
-2364
-4604
-5884
-6396
-6908
-6908
-5628
-3644
-1980
-356
1244
1884
1500
1244
1372
1052
620
588
556
356
492
1116
1692
1628
1180
876
396
-924
-2620
-3132
-2748
-2364
-1628
-8
1884
2620
2620
3132
3644
2620
812
260
524
-180
-1052
-324
780
588
372
1500
2364
1756
1244
1980
2364
1564
988
1244
1372
924
716
1116
1116
460
32
292
492
492
924
1980
2748
3132
3516
3772
3772
3132
2620
2236
1564
276
-460
-492
-876
-1308
-876
-164
-132
-396
-260
16
-96
-260
132
716
844
780
1052
1500
2492
4348
6396
7420
6652
4348
1628
-1244
-4348
-6652
-6652
-5116
-4092
-3772
-3004
-2748
-3260
-3004
-1756
-1500
-2364
-2492
-1308
-684
-492
324
1372
1692
1500
812
-428
-2364
-4604
-5884
-6396
-6652
-7164
-6396
-4348
-1980
16
1756
3004
2876
1436
524
292
-556
-1884
-2236
-1500
-812
-372
684
1564
1244
844
812
80
-1564
-2492
-2620
-2364
-1244
588
1884
2492
3132
3388
2876
2236
1244
56
-588
-588
-460
-244
324
988
1500
2108
2620
2620
2236
1884
1820
1692
1436
1308
1116
924
844
524
164
-212
-588
-588
-148
324
988
1820
2364
3132
3772
3900
3388
2748
2108
1372
556
80
-80
-492
-844
-652
-652
-844
-876
-1052
-1116
-748
-396
-324
132
1180
1884
2108
2748
3004
2748
3516
5628
7164
6908
5372
3132
212
-2748
-4860
-6140
-5628
-4092
-3388
-3004
-2492
-2876
-3260
-2620
-1436
-1372
-1820
-1244
-324
-8
276
924
1372
1116
396
-428
-1820
-3772
-5372
-6140
-6396
-6908
-6652
-5628
-3772
-1756
32
1372
1756
1180
228
-524
-1180
-1980
-2364
-1820
-924
-228
684
1436
1628
1500
1116
620
228
-492
-1628
-2108
-1308
-620
132
1436
2364
2364
2364
2236
1500
556
180
-120
-260
356
924
1052
1500
2364
2748
2620
2620
2492
2108
1436
1244
1308
716
80
104
260
8
-260
-72
180
308
684
1500
2108
2620
3132
3516
3644
3516
3132
2364
1820
1436
748
244
-24
-556
-1052
-1180
-1180
-1180
-1116
-748
-292
0
308
620
812
1052
1564
2108
2236
1980
1756
1244
1372
3132
5372
6140
5884
4092
1884
-684
-3132
-5116
-5884
-5116
-3772
-3388
-3004
-2748
-3260
-3516
-2492
-1628
-2236
-2620
-1980
-1372
-1180
-620
64
148
-244
-876
-1692
-2876
-4348
-5372
-6140
-6652
-6908
-6396
-4860
-2876
-748
1116
2108
2108
1244
196
-812
-1372
-1884
-2108
-1564
-588
96
1244
2492
2620
2236
2236
1500
-212
-1756
-2236
-2108
-1116
492
1980
2876
3516
3516
3132
2620
1628
276
-396
-120
64
180
924
1980
2492
3132
3644
3516
2876
1980
1564
1244
924
684
652
780
844
988
1180
1052
748
812
1180
1564
1692
1980
2364
2748
2876
2876
2620
2236
1628
1436
1308
748
0
-556
-812
-924
-1052
-924
-492
-164
228
556
812
684
196
-32
212
748
988
988
1052
1052
780
988
2748
4604
5372
5116
3900
1756
-1052
-3900
-5884
-6140
-4860
-4092
-3644
-3260
-3260
-3644
-3772
-3004
-2748
-3516
-3772
-2876
-2236
-2108
-1244
-24
524
492
196
-460
-1820
-3388
-4604
-5372
-6140
-6652
-6140
-4604
-2492
-524
924
1692
1436
588
-180
-780
-1244
-1308
-988
-428
260
1308
2748
3260
2748
2748
2876
1436
-652
-1564
-1820
-2108
-1372
228
1692
2492
2620
2748
2876
2492
1244
428
876
1244
924
1372
2620
3004
2620
3132
3900
3260
1884
1436
1500
988
492
524
684
460
308
556
844
620
324
588
1116
1500
1628
1980
2620
2748
2876
3004
2876
2364
1692
1436
1244
460
-396
-876
-1308
-1628
-1692
-1436
-1180
-1052
-620
-164
0
-16
64
340
684
1052
1436
1820
1980
1628
1308
2108
3644
4604
4860
4348
2492
-16
-2492
-4604
-6396
-6140
-4860
-3772
-3260
-2620
-2876
-3644
-3516
-2748
-2748
-3260
-2876
-1980
-1372
-924
-104
716
844
460
-212
-1372
-3132
-4604
-5628
-6396
-6908
-6908
-6140
-4092
-2236
-196
1884
3004
2492
1244
492
-180
-1244
-1756
-1116
-148
684
1500
2364
3260
3260
2108
1500
1244
-428
-2364
-2492
-1372
-308
1052
2748
3644
3772
3644
3132
2492
2108
1180
396
1116
2108
1980
1884
2876
3260
2620
2364
2620
1756
460
212
588
716
652
716
1116
1244
924
748
876
716
396
684
1308
1628
1564
1692
1980
2108
1756
1372
1052
588
0
-324
-460
-844
-1436
-1500
-1116
-844
-716
-340
196
356
276
372
308
32
0
340
844
1244
1244
1116
812
588
1180
2748
4348
4860
4092
2492
492
-1692
-3900
-5628
-5628
-3900
-3004
-2748
-2364
-2748
-3900
-4092
-3388
-3004
-3388
-3132
-2236
-1564
-1052
-324
492
716
292
-460
-1564
-3004
-4604
-5628
-6140
-6140
-5884
-5116
-3260
-1244
652
1980
2620
2108
812
-556
-1372
-1692
-1756
-1052
120
988
1692
2364
2492
2620
2364
1692
1052
180
-924
-1436
-924
112
1500
3004
3772
3644
3772
3388
2236
1308
1244
988
556
1308
2620
2620
2236
2876
3260
2492
1884
1820
1308
492
324
716
924
716
716
924
988
716
396
292
260
260
244
556
988
1372
1564
1980
2236
1980
1372
812
588
260
-212
-492
-684
-988
-1180
-1052
-684
-396
-340
-72
196
-32
-396
-428
-292
-112
356
1052
1500
1500
1052
988
2492
4604
5116
4604
3388
1436
-1052
-3260
-4860
-5628
-4860
-3516
-2492
-1980
-2492
-3644
-4348
-3900
-3516
-3772
-3772
-2876
-2108
-1628
-716
324
924
876
428
-460
-2108
-4092
-5116
-5372
-5628
-5884
-5628
-4348
-2876
-1372
340
1756
1820
924
48
-684
-1564
-1980
-1372
-132
1052
2236
3132
3260
2748
2108
2108
2236
1436
88
-396
-340
-292
396
1692
2364
2492
2876
3132
2876
2492
1820
988
1180
1820
1756
1628
2236
2492
2236
2492
2876
2108
988
524
556
276
-72
-64
112
16
-164
48
372
308
196
524
1116
1372
1116
1052
1372
1244
988
924
1052
748
292
228
428
196
-428
-684
-492
-556
-684
-308
104
164
80
104
-40
-428
-652
-324
372
1116
1500
1628
1372
1116
2108
4092
5372
5628
4604
2748
684
-1308
-3388
-5116
-5116
-3644
-2748
-2236
-2108
-2876
-4348
-4604
-4092
-3772
-4092
-3516
-2236
-1372
-780
196
1116
1244
844
16
-1180
-3004
-4604
-5628
-5372
-5372
-5116
-4092
-3004
-1884
-1116
-340
228
340
-80
-844
-1372
-1884
-1692
-652
684
1692
2748
4092
3900
2620
1692
1308
492
-492
-652
-260
40
588
1564
2492
2748
2236
1628
1756
1692
1116
844
1372
1756
1756
1980
2364
2236
1436
1116
1436
1436
1052
876
988
1116
1052
1244
1500
1180
524
56
-112
-292
-492
-460
8
620
1052
1436
1756
1820
1692
1564
1692
1564
1116
924
876
620
428
372
132
-212
-396
-460
-620
-748
-780
-716
-716
-652
-492
-180
196
716
1372
1820
1692
1628
2876
4860
5628
5628
4604
2620
228
-1884
-3644
-5116
-5116
-4092
-3388
-2620
-2364
-3132
-4092
-4348
-4348
-4604
-4604
-3516
-2620
-1820
-1052
-80
780
1180
1180
684
-556
-2364
-4092
-5116
-5628
-5628
-5372
-4348
-2876
-1692
-988
-492
-340
-308
-460
-924
-1372
-1500
-1372
-988
-112
1372
2876
4092
4092
4092
3644
2364
1116
228
-460
-924
-924
-308
876
2108
2364
1980
2492
2620
1308
460
1116
1436
620
1436
3516
3644
2620
2876
3388
2620
1500
1372
1436
524
-212
148
876
716
132
428
924
588
64
164
428
112
-40
588
1308
1244
988
1244
1564
1372
988
1180
1116
588
372
524
276
-276
-620
-716
-780
-988
-1052
-924
-924
-988
-716
-40
428
588
924
1308
1564
2492
4348
5884
5884
4860
3260
1308
-620
-2492
-4092
-4092
-3388
-3004
-2620
-2236
-2620
-3772
-4348
-4348
-4604
-5116
-4348
-3260
-2364
-1692
-924
-96
148
80
-48
-492
-1820
-3388
-4092
-4348
-4604
-4860
-4092
-3004
-2108
-1308
-652
-620
-1180
-1564
-1820
-2108
-2236
-1820
-1052
-180
620
1564
2748
3132
2492
2748
3260
2492
1116
988
1180
620
292
924
1436
1308
1116
1180
1564
1308
428
308
1180
1500
1372
2236
3644
3644
3132
3388
3772
3004
1980
1820
1980
1308
460
524
988
620
-64
48
492
164
-260
132
748
524
180
748
1436
1308
1116
1500
1692
1180
812
1116
1180
556
196
260
16
-460
-620
-492
-524
-716
-812
-748
-684
-716
-556
-8
460
556
524
1116
2492
3772
4604
4860
4092
2748
1564
492
-924
-2108
-2364
-2364
-2620
-2492
-2236
-2876
-3644
-3900
-4092
-4860
-5372
-4860
-4092
-3388
-2620
-1628
-924
-924
-988
-988
-1500
-2492
-3260
-3132
-2876
-2748
-2492
-2108
-1692
-1436
-1116
-748
-1116
-1820
-2108
-2108
-2108
-2364
-2108
-1500
-924
-340
684
1756
1980
1692
1500
1500
1180
588
460
988
1372
1436
1884
2492
2364
1692
1308
1436
1116
588
716
1180
1308
1308
1884
2620
2492
2108
2364
2620
2364
1980
1980
2108
1820
1628
1980
2364
2108
1628
1564
1564
1116
716
524
428
308
228
460
812
748
556
716
844
556
276
308
276
72
80
324
324
112
132
276
228
80
32
16
64
112
32
24
64
80
212
924
1820
2108
1820
1628
1308
684
260
-16
-372
-396
-32
32
-260
-588
-1052
-1564
-1980
-2364
-2876
-3772
-4092
-3772
-3644
-3388
-2876
-2492
-2364
-2236
-1980
-2236
-2876
-3516
-3644
-3260
-2748
-2236
-1692
-1372
-1180
-924
-556
-460
-924
-1372
-1436
-1500
-1564
-1372
-1052
-812
-716
-372
228
620
492
212
72
-96
-324
-372
-180
64
228
460
1180
2108
2364
2236
2236
2108
1692
1372
1372
1308
1052
988
1436
1884
1884
1820
1884
1756
1500
1372
1628
1564
1180
1180
1436
1628
1756
1980
2108
1980
1692
1564
1372
876
460
356
556
748
716
620
556
292
72
212
292
196
148
292
428
460
396
372
396
228
72
148
228
72
0
148
180
64
80
80
-32
-88
-112
-132
-196
-356
-492
-460
-340
-324
-228
-132
-228
-460
-620
-684
-876
-1180
-1244
-1116
-1180
-1244
-1116
-988
-924
-988
-988
-1052
-1180
-1244
-1180
-1244
-1436
-1564
-1564
-1436
-1244
-1308
-1372
-1372
-1500
-1628
-1564
-1436
-1436
-1436
-1116
-716
-556
-524
-428
-428
-524
-492
-396
-556
-780
-924
-988
-876
-812
-844
-876
-876
-780
-460
56
556
844
1180
1500
1756
1820
1884
1820
1436
1244
1180
1244
1372
1436
1308
1308
1436
1628
1756
1692
1564
1500
1436
1308
1436
1564
1500
1500
1628
1820
1884
1820
1692
1372
1116
924
780
652
460
196
32
-148
-308
-340
-324
-396
-524
-620
-748
-812
-924
-988
-1052
-1052
-988
-780
-588
-356
-212
-148
-212
-292
-308
-396
-556
-620
-524
-492
-460
-556
-524
-556
-556
-396
-292
-308
-340
-340
-292
-56
88
164
148
40
112
112
32
0
-96
-260
-340
-324
-292
-340
-372
-460
-524
-524
-684
-812
-924
-1116
-1244
-1180
-1052
-1052
-844
-620
-428
-276
-132
-56
-64
-72
-132
-276
-308
-308
-492
-588
-588
-620
-684
-716
-748
-844
-812
-652
-396
-244
-48
196
556
988
1180
1372
1372
1180
924
844
876
924
988
1244
1500
1564
1628
1564
1436
1244
1244
1116
1052
924
812
748
716
780
780
812
924
988
924
812
684
524
324
308
276
148
112
80
-72
-260
-428
-684
-988
-1180
-1244
-1244
-1244
-1244
-1180
-1052
-924
-652
-356
-164
0
164
260
228
148
0
-196
-292
-356
-324
-292
-308
-460
-556
-556
-652
-620
-620
-620
-492
-308
-88
148
244
180
228
292
276
228
244
148
-104
-180
-48
-64
-180
-64
48
-48
-148
-132
-292
-620
-812
-812
-780
-812
-844
-716
-620
-588
-492
-396
-492
-652
-652
-492
-428
-428
-324
-276
-324
-324
-308
-292
-276
-292
-228
-196
-212
-112
0
48
228
396
556
684
652
524
492
460
428
556
780
988
1244
1500
1628
1820
1820
1628
1436
1180
924
844
780
684
620
524
492
524
524
524
492
428
340
244
180
180
196
132
164
244
228
0
-308
-492
-748
-988
-988
-988
-988
-988
-924
-812
-716
-652
-652
-620
-492
-292
-112
88
324
460
588
684
716
492
196
72
-88
-324
-460
-524
-588
-588
-428
-180
0
48
132
244
196
112
48
-8
-88
-40
88
132
244
244
244
228
112
-40
-164
-276
-460
-524
-524
-524
-588
-588
-588
-652
-716
-812
-780
-812
-844
-748
-684
-684
-652
-524
-460
-460
-428
-396
-460
-556
-524
-460
-428
-212
-8
64
96
132
24
-148
-132
-96
-212
-228
-112
-72
-24
88
196
260
340
460
620
780
924
1052
1244
1308
1180
1244
1180
988
844
780
684
524
324
148
-56
-180
-56
164
292
460
684
748
780
812
844
748
620
524
324
120
-164
-356
-460
-524
-460
-372
-356
-324
-428
-556
-492
-428
-340
-196
40
340
492
588
780
716
396
212
24
-212
-396
-492
-492
-588
-652
-460
-228
-80
112
260
276
228
148
8
-72
-228
-460
-428
-324
-244
-132
-40
0
32
8
8
80
40
8
72
48
-24
-24
-72
-196
-292
-428
-524
-524
-524
-492
-428
-428
-460
-396
-276
-212
-228
-260
-324
-324
-292
-276
-164
-164
-180
-180
-196
-308
-556
-716
-812
-924
-876
-812
-748
-620
-460
-292
-24
132
148
148
212
324
428
428
524
748
876
988
1052
988
716
396
260
196
112
56
64
120
180
372
716
924
988
1116
1244
1180
988
924
748
524
372
372
308
132
-64
-276
-396
-524
-588
-620
-556
-492
-396
-212
0
148
244
292
292
228
244
228
164
132
8
-120
-196
-212
-292
-292
-260
-340
-396
-324
-324
-396
-276
-96
0
72
148
96
-48
-132
-88
-88
-120
-48
24
72
148
324
492
460
356
308
292
228
132
16
-80
-228
-428
-524
-588
-588
-556
-460
-308
-292
-396
-356
-372
-428
-356
-356
-460
-556
-620
-620
-556
-588
-556
-524
-556
-620
-588
-556
-620
-684
-620
-428
-340
-260
-96
24
48
64
64
24
-80
-148
-56
132
276
492
748
924
988
1116
1116
1052
876
716
556
428
428
492
492
620
716
684
716
844
812
620
492
428
260
88
112
244
356
396
292
148
-120
-428
-556
-588
-524
-324
-56
180
396
492
356
212
112
-120
-396
-556
-556
-556
-492
-340
-228
-244
-228
-132
-24
32
56
56
32
-24
32
260
460
524
460
372
212
-40
-196
-372
-556
-684
-588
-324
-56
148
324
524
556
524
460
396
212
-48
-104
-88
-148
-292
-340
-324
-428
-524
-620
-652
-780
-988
-1052
-988
-924
-812
-556
-308
-104
-80
-148
-164
-212
-372
-492
-524
-716
-780
-748
-652
-556
-428
-308
-96
8
16
112
180
80
0
16
-56
-88
0
112
244
396
556
716
812
844
924
924
876
844
780
780
812
812
780
716
652
620
684
620
524
460
356
308
324
356
492
492
524
588
524
356
148
8
-72
-112
-96
32
148
180
64
-8
-88
-396
-620
-748
-780
-780
-652
-372
-244
-196
-180
-96
-40
-48
-64
-132
-196
-260
-260
-196
-64
-56
16
112
120
-16
-228
-428
-652
-780
-876
-844
-812
-748
-524
-180
64
244
396
428
324
244
132
-24
-164
-212
-228
-292
-260
-324
-396
-324
-372
-460
-428
-492
-556
-556
-492
-244
-56
96
260
340
292
212
132
56
-24
-120
-112
-24
40
120
164
212
228
244
260
180
96
16
-24
-32
-16
-16
0
0
16
148
308
396
460
684
780
812
812
812
716
588
524
524
492
396
324
292
260
212
228
260
228
164
164
164
180
180
196
212
276
396
396
372
324
228
120
96
112
48
-48
-212
-356
-460
-620
-652
-556
-492
-524
-292
-104
-72
24
96
64
8
-48
-112
-196
-276
-356
-396
-396
-324
-292
-164
-80
-148
-276
-340
-524
-716
-876
-988
-988
-924
-812
-556
-356
-196
24
212
260
132
40
-88
-212
-276
-372
-396
-292
-292
-244
-132
-104
-132
-212
-276
-292
-324
-372
-244
-48
0
48
276
492
460
372
324
244
56
0
88
132
64
32
180
276
228
180
180
148
72
112
164
180
132
96
196
340
428
460
524
492
492
556
684
780
812
716
780
780
652
588
620
492
428
428
428
428
276
180
196
180
104
104
132
80
56
104
212
276
244
244
260
88
-24
-64
-148
-260
-396
-492
-524
-588
-748
-780
-748
-716
-620
-492
-356
-308
-308
-276
-196
-196
-244
-260
-260
-260
-276
-292
-324
-396
-428
-356
-244
-212
-164
-132
-180
-292
-460
-556
-620
-620
-556
-356
-80
164
396
588
716
556
372
260
96
-148
-292
-308
-292
-180
-56
32
32
24
40
56
0
-72
-96
-88
-40
48
132
148
132
88
48
-32
-132
-244
-356
-396
-356
-212
-96
32
132
180
112
16
8
-112
-244
-260
-260
-292
-276
-196
-164
-88
-32
96
292
340
396
428
492
556
620
716
780
748
652
620
556
524
428
356
340
324
340
372
396
396
324
276
244
228
196
148
132
196
212
212
212
132
40
-48
-64
-96
-212
-356
-428
-460
-492
-428
-324
-212
-112
0
104
148
96
-80
-260
-396
-588
-652
-556
-396
-372
-340
-196
-64
-48
0
72
32
-24
-32
-40
-88
-228
-260
-164
-72
-16
32
88
132
180
196
164
88
-24
-80
-48
-24
8
80
132
212
292
292
292
276
164
132
56
-48
-24
-24
-104
-132
-112
-148
-196
-212
-260
-356
-460
-460
-396
-260
-164
0
148
148
132
104
0
-196
-340
-428
-524
-556
-556
-524
-524
-460
-324
-180
-56
-24
-56
-120
-96
-40
0
96
228
276
324
372
356
308
276
276
308
356
396
356
276
180
164
88
-72
-132
-260
-356
-276
-96
56
244
308
308
396
460
428
324
228
164
40
-48
16
24
32
80
196
292
260
212
164
48
-72
-164
-212
-196
-72
112
324
492
588
556
524
492
340
228
212
180
180
132
-40
-180
-276
-324
-308
-244
-212
-164
-8
180
276
308
292
196
212
212
212
148
-40
-196
-212
-228
-276
-292
-324
-372
-428
-396
-356
-428
-460
-356
-340
-324
-276
-340
-396
-460
-524
-460
-460
-428
-308
-164
-40
32
64
16
-96
-244
-292
-340
-460
-492
-460
-428
-340
-228
-148
-32
48
112
196
180
80
-8
24
164
276
396
588
684
652
588
556
492
356
260
244
212
112
40
32
48
56
24
16
80
48
16
96
132
132
212
292
308
276
276
308
308
276
228
180
132
88
88
120
24
-112
-180
-260
-324
-308
-292
-228
-112
-48
88
228
180
164
180
164
104
0
-72
-96
-132
-104
0
16
-40
-112
-212
-356
-460
-492
-460
-372
-196
24
196
276
308
324
276
148
40
-80
-212
-212
-228
-180
-48
-24
-32
0
-16
-56
-88
-132
-228
-308
-340
-292
-260
-292
-228
-148
-164
-148
-64
-48
-64
-56
8
112
132
212
260
196
112
16
-80
-164
-212
-212
-164
-180
-180
-164
-96
16
96
148
164
80
112
196
292
372
460
524
524
556
556
492
372
260
196
132
48
80
112
88
32
96
112
40
0
0
-8
-24
96
212
260
396
492
556
524
396
212
64
-88
-212
-276
-340
-372
-396
-396
-308
-212
-228
-292
-292
-244
-196
-180
-80
-64
-148
-180
-112
-48
-72
-180
-276
-340
-372
-460
-460
-492
-588
-684
-652
-620
-652
-588
-492
-292
-164
-48
96
164
148
132
112
120
72
-16
-72
-64
-88
-104
-56
-32
-24
0
16
24
80
72
88
120
120
148
132
104
56
64
56
80
164
228
260
292
372
428
492
524
492
492
460
428
396
324
244
228
180
148
132
96
72
72
80
132
148
164
196
228
260
340
428
428
396
356
324
212
120
40
0
16
16
48
56
0
-64
-112
-180
-180
-180
-132
-64
-40
16
64
80
96
96
16
-88
-212
-324
-428
-460
-396
-340
-340
-324
-292
-308
-276
-292
-308
-324
-292
-244
-180
-148
-56
-32
-48
-32
-48
-104
-244
-340
-324
-340
-324
-308
-292
-292
-228
-96
-56
-120
-212
-292
-308
-196
-80
-8
80
104
96
112
80
-40
-132
-104
-96
-120
-40
-24
0
96
180
228
228
132
-16
-132
-148
-120
-132
-48
0
40
132
196
164
132
72
0
-32
8
64
56
80
196
372
492
492
492
428
292
148
32
16
-32
-32
8
40
64
104
80
132
212
180
180
276
260
212
244
228
212
196
180
180
196
196
212
276
276
244
180
96
48
8
8
64
80
80
148
164
148
164
180
180
132
64
32
-8
-112
-164
-148
-260
-340
-324
-372
-356
-244
-196
-180
-212
-212
-244
-308
-308
-244
-260
-228
-196
-180
-148
-180
-164
-148
-120
-96
-88
-104
-88
-96
-112
-164
-244
-292
-356
-340
-276
-228
-196
-132
0
80
148
148
120
180
180
148
112
96
72
32
72
180
196
112
32
-64
-196
-292
-292
-260
-276
-212
-48
96
148
180
244
148
72
96
120
88
24
0
0
-16
24
120
104
80
72
40
-48
-132
-196
-292
-308
-276
-212
-120
-16
72
120
164
180
132
104
148
148
164
212
260
260
244
292
292
244
196
120
8
-96
-132
-88
-88
-40
16
80
148
148
164
148
180
212
260
324
340
324
276
244
112
-24
-148
-276
-356
-396
-428
-428
-396
-340
-244
-112
-56
-48
24
88
88
96
120
112
72
104
148
180
148
88
8
-148
-308
-356
-356
-396
-428
-356
-308
-244
-104
48
148
196
276
292
276
228
164
80
32
48
24
-16
-40
16
16
-8
16
-8
-48
-148
-132
-56
-32
-24
72
196
180
164
180
132
64
88
96
132
164
180
148
104
80
56
40
24
0
-24
-40
-56
-80
-72
-120
-164
-148
-104
-64
-8
0
0
64
120
96
112
148
112
112
132
112
32
-40
-148
-180
-132
-132
-132
-132
-148
-164
-212
-164
-104
-228
-276
-196
-132
-132
-40
40
48
80
148
180
120
-32
-228
-356
-492
-620
-652
-620
-556
-460
-324
-120
16
104
112
120
96
8
-8
8
8
48
120
196
212
180
212
164
180
164
88
48
48
8
48
148
164
196
212
276
308
340
292
228
196
196
164
132
148
164
148
180
228
228
244
228
196
196
120
64
32
0
-24
-32
-48
-48
-32
0
32
24
56
88
32
-16
-16
-72
-112
-132
-148
-104
-132
-164
-148
-88
-48
-40
-24
-32
-88
-88
-88
-72
-112
-132
-132
-148
-88
-24
-16
0
0
-16
-8
0
72
132
96
64
32
8
48
96
112
148
164
120
88
32
-40
-120
-180
-244
-276
-196
-132
-132
-72
24
48
64
96
48
-32
-72
-112
-164
-196
-260
-308
-276
-228
-196
-148
-132
-104
-64
-104
-132
-88
-120
-132
-64
0
32
96
164
180
148
164
164
64
0
-48
-132
-196
-196
-180
-164
-88
-32
8
56
96
148
180
212
244
228
212
212
212
212
212
228
228
196
180
148
96
64
24
0
0
16
24
32
80
132
148
132
132
112
40
-24
-96
-196
-228
-244
-164
-120
-96
-64
-24
0
24
48
48
64
64
72
56
-16
-104
-196
-244
-244
-276
-228
-180
-148
-72
32
164
180
120
96
48
8
-8
-8
8
0
64
180
212
196
164
148
40
-32
-148
-164
-148
-148
-32
96
148
180
260
308
292
276
308
228
132
72
24
-40
-72
-132
-132
-120
-180
-180
-148
-148
-148
-112
-88
-64
0
48
148
212
228
276
196
104
32
-88
-228
-292
-356
-460
-492
-492
-460
-396
-324
-292
-228
-212
-212
-164
-132
-132
-40
32
40
40
24
-32
-104
-120
-148
-164
-196
-228
-196
-164
-148
-80
-40
0
40
72
164
148
112
104
32
40
16
24
32
16
32
96
148
196
228
228
244
276
244
260
308
292
356
372
356
324
228
148
88
24
8
-16
-24
0
96
196
260
324
308
292
228
180
164
104
56
56
64
48
104
104
80
64
24
16
32
-16
-88
-72
-40
-8
8
64
96
88
48
32
16
-64
-96
-120
-196
-244
-276
-308
-324
-324
-292
-260
-180
-148
-148
-132
-132
-96
-64
-24
48
120
96
88
132
72
-32
-88
-112
-212
-324
-396
-396
-356
-340
-276
-132
-56
-24
0
8
-8
-88
-120
-120
-164
-132
-104
-88
-56
-80
-112
-80
-88
-120
-104
-132
-164
-164
-80
0
48
104
104
88
88
64
0
-64
-120
-164
-164
-132
-96
-96
-40
72
148
212
260
228
228
180
164
212
164
164
260
308
292
276
212
120
104
104
132
120
120
132
244
356
396
492
460
396
396
372
260
212
180
120
56
64
88
48
48
80
88
64
40
0
-24
0
72
96
132
148
80
88
88
40
-8
-72
-120
-120
-196
-260
-308
-396
-428
-428
-428
-428
-460
-428
-356
-340
-308
-196
-112
-104
-40
32
0
-64
-112
-196
-244
-308
-324
-292
-324
-292
-244
-244
-212
-180
-148
-104
-40
24
64
48
32
32
16
-8
0
16
56
48
64
56
32
48
64
80
88
148
164
180
228
228
212
196
180
164
148
112
40
48
24
-8
0
48
64
96
148
180
212
196
148
104
32
-8
-24
8
8
-32
-16
0
-24
0
-24
0
40
0
-16
-40
-56
-72
8
96
148
180
164
104
48
16
-56
-132
-148
-212
-260
-196
-164
-112
8
48
88
132
148
104
80
40
8
-24
-96
-112
-132
-132
-48
32
72
120
120
56
-40
-120
-180
-260
-292
-308
-308
-244
-228
-164
-40
0
56
148
132
132
180
164
132
88
96
88
96
132
132
120
112
64
32
0
-32
-48
-16
8
40
64
64
104
96
120
132
96
32
16
24
64
80
72
88
72
56
16
0
-16
-56
-48
-16
-40
-48
-96
-104
-64
-56
-64
-24
-32
-40
8
72
148
148
96
72
80
40
0
-8
-40
-80
-72
16
72
96
148
164
96
24
-16
-32
-104
-132
-112
-80
-16
-8
48
120
96
96
112
48
-16
-132
-228
-292
-324
-308
-276
-196
-132
-72
-40
-8
-72
-164
-180
-196
-228
-260
-212
-228
-244
-180
-88
-32
-32
-56
-64
-64
-120
-148
-132
-180
-196
-180
-180
-164
-164
-180
-96
-56
-40
56
80
96
164
228
308
356
396
460
460
428
372
308
212
112
16
-40
-80
-64
-40
-16
72
164
244
292
308
324
292
308
292
260
228
164
180
196
164
148
120
48
16
8
-16
-64
-80
-48
-32
0
32
72
96
96
132
120
56
0
-16
-40
-48
-80
-132
-148
-164
-164
-132
-88
-96
-88
-88
-88
-72
-32
24
40
48
48
16
-16
-96
-164
-180
-244
-276
-260
-244
-260
-228
-164
-104
-72
-64
-72
-88
-148
-164
-196
-212
-148
-132
-40
64
104
64
24
-48
-148
-228
-260
-308
-308
-244
-132
-24
48
132
120
112
132
104
64
0
-64
-112
-104
-132
-132
-88
-112
-104
-40
-24
-8
-8
0
32
56
112
228
308
356
396
372
324
260
148
24
-56
-132
-164
-164
-148
-96
-40
0
48
48
56
72
80
112
120
180
212
148
112
112
88
40
0
-48
-104
-88
-64
-40
0
24
72
148
196
212
212
164
148
112
120
148
132
148
132
132
120
104
64
56
32
-24
-24
-16
-24
8
56
120
180
212
212
180
88
40
-24
-96
-120
-180
-228
-228
-212
-212
-228
-212
-164
-164
-132
-72
-64
-72
-96
-120
-132
-120
-112
-88
-24
0
40
32
8
-64
-104
-164
-228
-180
-148
-120
-32
40
72
132
164
164
132
112
40
0
-8
-24
0
0
16
32
0
0
8
-48
-88
-64
-48
-24
16
72
96
164
196
212
196
112
40
-32
-80
-120
-164
-260
-292
-292
-212
-132
-80
-16
16
16
-8
-24
-24
-64
-104
-64
-72
-132
-132
-148
-164
-212
-196
-164
-164
-148
-148
-96
-48
-8
64
148
212
180
132
104
16
-24
-16
-56
-96
-104
-132
-112
-96
-40
8
8
48
88
132
212
228
244
244
244
244
292
292
228
180
120
72
32
-8
-56
-72
-56
0
48
96
132
180
180
180
180
148
132
96
96
96
88
32
80
112
80
112
96
16
-24
-56
-56
-64
-48
0
64
112
148
196
164
148
112
