SAMPLES:	9359
BITSPERSAMPLE:	16
CHANNELS:	1
SAMPLERATE:	16000
NORMALIZED:	FALSE
0
0
0
-8
0
8
16
24
16
16
32
40
32
40
48
56
64
56
72
64
64
80
88
96
96
88
72
80
72
72
80
80
72
80
72
64
48
40
16
8
8
0
8
0
0
0
-24
-24
-24
-32
-32
-24
-24
-32
-56
-56
-72
-64
-64
-56
-56
-40
-48
-56
-56
-56
-64
-72
-72
-72
-56
-56
-72
-40
-48
-40
-40
-40
-40
-48
-48
-48
-24
-24
-32
-48
-48
-24
-16
0
0
8
0
-8
8
0
0
0
-8
-16
-16
-24
-16
-8
-16
-8
0
0
-8
-8
0
0
8
0
0
8
0
-8
0
0
0
-8
-8
8
0
0
0
-8
0
0
0
16
24
16
16
24
40
32
16
24
24
24
24
32
16
8
16
16
24
24
32
24
8
24
24
16
32
24
16
16
8
0
0
0
8
8
16
8
8
16
0
24
16
24
40
40
16
-8
16
8
16
16
48
48
40
40
56
48
24
16
24
24
0
8
24
16
24
8
0
24
24
-8
-16
8
0
0
8
32
24
16
8
-8
-16
-16
-8
-40
-16
0
-8
-16
-24
0
-48
-64
-16
0
-24
-16
-24
-40
-40
-56
-24
-32
-48
-32
-24
-32
-32
-32
-40
-32
-48
-24
-8
-16
-24
-8
-8
-16
-8
-24
-16
-16
-24
-8
0
-8
8
8
-8
-8
-8
-16
0
0
-8
0
0
0
0
0
0
16
8
32
16
8
8
16
0
0
40
0
16
8
-8
0
0
24
-32
-32
-16
-32
-40
-32
-24
-24
0
-16
-40
-8
0
-32
-24
-24
-16
-24
-24
-16
-16
0
-8
-16
-24
0
0
0
0
16
16
0
0
0
24
-16
16
48
0
0
8
40
16
0
56
48
0
40
40
16
40
48
24
16
56
56
-8
0
80
40
-24
48
64
32
32
32
56
56
40
8
48
0
24
16
16
24
16
40
48
32
8
32
16
32
24
0
16
16
16
0
0
0
8
0
0
16
0
0
-40
-8
-8
-24
-16
-40
-8
0
-24
-48
-8
-32
-32
-48
-32
-8
-80
-64
-40
-32
-64
-48
-24
-96
-112
-32
-88
-120
-56
-32
-72
-88
-16
-24
-112
-8
-16
-48
-32
-48
-48
-56
8
-40
-8
16
0
-16
-16
0
-16
-8
32
56
16
40
32
48
-16
56
40
-24
72
40
32
24
24
32
0
40
48
40
56
40
48
16
16
16
0
0
8
0
0
16
24
8
-56
48
8
-64
8
32
0
-24
16
0
0
-56
-8
16
-24
16
0
48
40
-8
48
24
-40
24
16
-24
32
16
48
0
-8
24
8
-8
0
16
32
64
0
0
80
72
-32
8
72
24
-8
32
80
0
56
88
0
8
32
24
0
16
48
0
-8
48
16
-64
24
48
-8
-40
16
8
-88
-40
8
-40
-64
24
-16
-64
-48
8
-24
-40
0
-16
-32
-64
0
-40
-24
-40
-48
16
-72
-40
-48
-8
-24
-64
0
0
-56
0
-32
-80
32
-40
-56
-8
-24
-16
-80
-40
8
-32
-16
16
-40
-24
48
0
-32
32
16
-40
0
16
24
-56
-16
48
-8
0
0
40
40
0
-16
48
72
-32
56
64
-24
0
32
-24
-8
40
-16
48
24
24
24
64
72
0
24
72
32
-8
8
24
0
0
48
0
0
16
-32
40
0
-16
24
0
8
-16
-16
48
-8
-40
64
-16
-8
8
-72
56
0
-32
-24
-8
40
-72
0
0
-40
-32
-32
-8
-24
-56
24
16
-40
0
8
32
-40
0
16
-24
-16
32
24
-16
-16
64
24
0
64
-24
40
48
0
0
16
56
8
-72
0
72
-48
0
0
0
16
0
32
0
-24
32
32
-48
-8
-16
24
-32
-24
16
-32
-32
24
-16
-24
8
-64
-40
-64
-8
-16
-80
8
24
-88
-8
40
-88
-16
48
24
-72
-24
104
-56
-104
96
48
-80
-8
56
24
-40
24
48
-80
72
48
-40
48
0
40
-24
-8
16
-8
0
16
8
-32
16
16
32
-40
88
24
-72
32
0
8
-80
8
104
-72
-64
88
-24
-80
40
-16
-8
-16
-24
32
-88
16
80
-132
0
96
-32
-40
32
-8
-8
-32
56
16
-8
32
64
8
-40
56
48
16
-48
64
72
-8
-64
88
32
-32
104
-56
104
56
-48
16
-24
80
48
-104
72
104
-32
40
32
0
40
0
0
-16
-24
104
-16
-32
32
0
32
-24
-56
48
-16
-104
24
0
-64
-64
16
24
-148
48
64
-132
16
40
-40
-64
-40
0
-48
-96
56
-64
-88
-16
-8
8
-88
80
-24
-132
40
8
-164
-56
64
-64
-72
8
56
-96
-8
40
-56
-56
40
32
-48
24
24
0
-32
-56
24
-8
-112
32
64
-64
-48
80
32
-120
32
48
-32
16
-24
0
56
0
-32
64
8
16
8
64
8
-8
132
-32
-8
96
64
-56
40
56
-8
96
-40
64
72
16
32
56
72
24
-16
88
88
-32
16
104
24
-16
24
88
64
-64
40
96
-32
-16
120
-32
40
64
-32
56
-8
0
32
-72
16
80
-112
0
24
-16
-48
-24
8
-64
0
16
-40
-80
40
-64
-8
-32
16
-32
-132
72
-32
0
-64
0
72
-88
-32
32
-32
-56
40
-16
-120
24
96
-80
-72
132
0
-96
-32
104
-64
-120
88
-64
-80
0
-32
-8
-8
-16
-32
-24
-48
-64
16
-32
-56
8
16
-72
16
-48
-48
-16
-40
0
-56
8
-32
-8
48
-88
-8
32
-8
8
-24
80
-16
-48
132
-64
-40
104
16
0
0
80
64
-72
56
64
-56
16
80
32
-96
56
164
-72
-16
228
-48
-40
112
48
-72
8
88
-32
0
112
-40
-48
120
-8
-16
-80
112
64
-148
88
32
-32
-72
-88
104
-32
-88
164
-16
-16
104
24
-72
-32
132
-72
-104
112
8
-80
32
-32
-8
56
-48
56
-40
32
72
-32
-8
-64
104
8
-112
64
88
-24
-88
-8
56
-32
0
0
-64
96
24
-48
48
0
32
40
-24
56
40
-80
-8
-56
8
120
-148
8
112
32
16
-24
64
-72
-40
24
0
-48
132
0
-88
96
16
-8
-24
80
0
-8
112
-64
-80
112
-32
-96
132
32
-64
64
-48
32
-64
-32
-56
-112
164
-72
40
-32
-32
32
-24
-104
48
-16
-48
-24
-132
132
-196
-40
64
-80
-40
-88
-8
-80
-16
16
-164
0
148
-164
-196
64
-40
-180
56
88
-96
-112
88
-64
-112
80
-8
-64
-72
64
16
-72
-48
0
0
-112
40
148
-64
-24
72
16
0
32
32
-72
40
80
-32
-56
148
72
-72
56
148
-32
-80
56
56
-112
132
148
-96
8
132
104
-104
148
0
-32
96
64
0
228
48
-96
164
48
-72
80
228
-48
48
132
-32
-40
228
8
-196
292
196
-32
-56
228
-148
-80
292
-8
-148
72
244
-120
-8
96
-32
8
-8
72
16
-104
56
56
-56
-120
64
-48
-148
48
-16
-148
-24
148
-212
-212
228
0
-428
104
196
-372
-132
80
8
-212
-180
104
-16
-244
24
56
-104
-56
-32
48
-164
-32
148
-80
-104
112
-88
-148
40
56
-112
32
180
-80
-24
132
-24
-196
180
72
-196
-132
120
-32
-228
180
132
-88
-132
196
8
-148
32
64
-80
-48
80
0
-24
-32
72
-96
48
112
-120
-64
24
-16
-32
164
-16
-104
72
196
-8
-148
180
180
-228
-56
164
24
-164
-72
164
40
0
64
64
56
24
-132
148
-40
-120
48
-56
164
-24
24
40
-40
196
32
-276
164
24
-228
56
0
104
-8
-40
88
-64
72
-164
-72
104
-104
40
-88
40
-8
-132
48
-72
96
-24
16
120
-120
8
72
-180
16
88
40
24
16
228
-180
-40
228
-72
16
72
112
16
64
244
-164
-104
244
32
-8
-24
132
228
-132
24
64
24
104
0
24
48
120
40
-164
24
196
16
-196
104
96
-164
104
132
-96
-32
120
-120
-148
8
96
-64
-164
120
16
-148
-132
32
24
-164
-180
148
16
-356
-112
180
0
-196
-72
-16
-16
-132
-64
-164
120
196
-428
-8
308
-88
-292
-8
244
-72
-260
164
-64
-164
72
-164
-120
8
48
48
-132
40
180
-212
-212
-32
-40
-16
-104
32
88
104
-72
-88
-80
112
0
-212
16
32
56
-40
-148
104
132
-88
-40
164
0
-40
-40
56
16
-64
132
64
88
24
132
120
-8
48
56
72
8
148
96
-40
132
180
0
112
80
88
180
120
40
64
104
96
132
80
96
64
112
-80
16
164
16
-40
32
276
-148
-32
260
-132
-56
212
-32
-88
56
8
-148
-148
244
-40
-260
148
-16
-228
96
40
-308
-24
40
-212
0
40
-112
-276
132
32
-292
-40
16
-164
-96
56
-196
16
80
-212
-180
96
32
-396
-16
-16
-112
-16
-120
-24
-32
88
-120
-96
56
-72
-148
-64
72
-56
88
-32
-132
40
72
-72
-72
48
16
64
-48
16
132
-48
-32
132
96
24
56
56
-96
-96
24
8
-8
112
148
-24
148
132
0
32
0
16
64
-40
80
80
-64
48
72
56
80
-8
8
80
-40
32
16
-40
8
-32
48
16
16
56
-148
-64
96
-196
-16
96
-132
-148
72
196
-148
-148
180
-32
-164
56
16
-72
-56
-8
0
40
0
16
-96
8
120
-56
-40
96
40
-96
96
148
-8
-40
32
8
16
40
72
96
32
-48
56
104
-80
-112
104
148
-148
-24
132
-8
-40
24
16
-72
64
16
-56
64
24
-24
80
-24
-64
72
64
16
16
-24
-40
-16
0
-96
-8
88
-96
-56
164
80
-64
0
148
-24
-96
40
32
-24
-24
56
88
0
-56
48
-24
-72
104
32
40
16
0
72
-16
-8
32
-24
-40
0
32
24
-64
-80
48
-24
-48
-8
-8
48
0
-48
-112
-8
-24
-104
16
56
-112
-120
-24
-48
-112
8
-16
-104
-16
-32
-80
-132
-96
-120
-64
32
-24
-80
-48
-64
-132
-96
-8
-16
-80
-112
8
0
-88
16
16
-40
-120
-56
-56
-96
24
24
24
120
64
-48
32
0
-16
24
0
56
24
40
88
56
48
40
104
164
-8
16
180
64
-16
88
180
56
-16
148
104
16
80
132
24
40
196
72
32
164
132
-16
72
180
64
24
96
40
-72
56
88
-8
8
112
64
-8
80
72
-64
-48
72
56
-8
8
56
-24
-40
32
-8
-32
-24
24
8
-32
16
-64
-112
-16
0
-64
-88
-40
-80
-132
-72
-8
-148
-180
-40
-112
-164
-56
8
-96
-112
8
-72
-180
-104
-80
-80
-48
16
-16
-112
-64
-64
-132
-40
16
-40
-16
32
32
-64
-96
16
-16
-104
64
132
-16
0
88
48
-16
56
96
16
96
80
40
72
64
-16
-8
48
16
72
104
56
16
32
-16
-64
-8
24
0
16
48
24
8
32
-48
-72
0
-8
-40
-8
16
-32
-104
-72
0
-40
-56
24
8
-16
-24
-40
-72
-56
-8
16
72
72
8
-32
-24
-24
-16
-8
40
88
32
48
56
8
-48
-24
88
88
56
104
88
-16
16
88
80
96
80
120
80
48
0
-32
-8
24
72
88
164
132
16
-32
-16
0
-8
32
88
88
48
0
-16
-80
-120
-104
-48
-8
-8
0
-88
-120
-148
-164
-104
-96
-56
-16
-72
-148
-180
-212
-212
-132
-104
-48
-8
-48
-88
-132
-180
-180
-132
-56
24
0
-24
0
-56
-132
-112
-64
-64
-8
16
56
64
16
0
0
48
56
96
132
120
72
8
-24
-40
-24
32
120
164
180
148
148
72
72
104
180
260
196
196
148
148
88
132
260
244
340
356
356
260
148
104
88
148
148
228
212
112
132
72
0
-72
-32
-32
-24
16
8
8
-32
-132
-196
-196
-228
-324
-324
-324
-372
-372
-340
-292
-292
-308
-212
-148
-196
-244
-244
-260
-292
-260
-196
-132
-164
-96
-72
-120
-164
-148
-164
-180
-112
16
16
-8
8
8
-40
-40
-40
-24
-8
-16
24
32
48
40
-8
-8
24
72
148
212
212
180
164
148
148
112
132
228
212
196
180
120
40
16
80
132
132
180
180
228
276
212
244
260
244
244
276
396
396
308
244
164
112
64
64
148
324
396
492
556
556
524
492
460
428
492
460
372
372
428
428
356
324
196
16
-132
-244
-396
-556
-620
-812
-1052
-1116
-1180
-1372
-1500
-1500
-1628
-1692
-1692
-1692
-1756
-1628
-1436
-1372
-1244
-1116
-988
-924
-876
-844
-748
-812
-844
-748
-620
-524
-460
-308
-180
-80
-40
-80
-40
-24
-16
112
260
372
396
460
588
684
748
924
1116
1308
1372
1436
1500
1500
1436
1436
1500
1436
1500
1564
1436
1308
1244
1244
1308
1436
1500
1564
1564
1308
1052
748
652
684
620
716
684
428
244
292
620
748
924
1180
1436
2364
4092
5884
5884
4604
2748
1436
1052
988
1180
1628
2236
2108
1052
-620
-2236
-3644
-4348
-4348
-3900
-3772
-4092
-4604
-4604
-4860
-5116
-5372
-5628
-5116
-4604
-3772
-3132
-3132
-3388
-3260
-2620
-1436
-492
96
492
652
684
924
924
32
-1308
-2108
-1372
-588
-292
-180
-428
-924
-1628
-1756
-1500
-1244
-988
-524
356
1052
1052
428
0
120
372
780
1500
1980
1756
1244
988
876
340
-308
-372
72
716
1244
1436
1116
428
-64
112
588
876
988
1116
1180
1052
924
988
924
748
988
1564
1884
1820
1436
1308
1372
1628
1980
2364
2364
1980
1500
1244
1052
844
1116
1628
2236
2876
3260
4092
6140
7676
7932
5884
3260
1820
1372
1628
1884
2492
3260
3260
1980
-244
-2492
-4348
-5116
-4860
-4092
-3900
-4348
-4604
-4604
-4604
-4860
-5372
-5884
-5884
-5372
-4860
-4092
-4092
-4348
-4348
-3260
-1692
-652
-212
-244
-460
-652
-684
-988
-1980
-2876
-2748
-1244
372
1116
620
-524
-1500
-2108
-1564
-588
372
876
924
844
428
-80
-556
-1052
-1180
-556
244
684
780
588
112
-620
-780
-212
260
324
460
684
716
428
132
132
196
556
1052
1628
1756
1244
652
228
292
620
1116
1308
1244
1052
844
780
620
492
652
1116
1756
2364
2748
2876
2492
2108
2108
2364
2108
1756
1564
1500
1820
2364
3132
3516
3388
3644
5116
7420
8316
6396
3516
1756
1372
1692
2108
2492
3004
2876
1980
-80
-2364
-4348
-5628
-5884
-5116
-4348
-4092
-4604
-4860
-4860
-5116
-5628
-5884
-6140
-5884
-5372
-4348
-4092
-4092
-4092
-3132
-1628
-396
340
524
196
-324
-716
-1052
-1756
-2364
-2492
-1980
-780
340
492
-324
-1564
-2236
-2364
-2108
-1436
-588
260
620
396
-148
-556
-716
-620
56
1308
2108
1980
1564
1436
1308
844
684
1180
1628
1820
2108
2620
2236
1116
228
196
652
988
1372
1564
1244
748
428
492
588
492
492
812
1052
1180
988
652
292
372
988
1756
2364
2364
2108
1884
1820
1980
2236
2108
1564
1116
684
652
1052
1564
2108
2492
2876
3900
6140
7420
6908
4092
1564
748
988
1628
1980
2492
2876
2492
1116
-1244
-3516
-5116
-5628
-5116
-4092
-3516
-4092
-4604
-4604
-4604
-4860
-5372
-5884
-6140
-5628
-4604
-3644
-3516
-3900
-3516
-2108
-556
460
652
196
-588
-1180
-1372
-1436
-1980
-2620
-2492
-1692
-924
-684
-396
-460
-1180
-1756
-1308
-372
-132
-132
148
356
228
132
196
292
428
620
924
1372
1756
1372
748
588
684
684
716
1244
1756
1756
1628
1436
812
-32
-492
-276
324
748
924
924
620
372
244
340
428
324
340
748
1244
1308
1052
924
924
1116
1756
2492
2748
2492
2492
2748
3004
3004
2748
2364
1980
1820
1564
1244
1244
1372
1884
2620
3004
3516
5116
7164
7420
5372
2876
1564
1244
1436
1884
2492
3260
3260
2364
292
-2108
-4092
-5116
-4860
-3900
-3388
-3900
-4604
-4860
-4860
-5116
-5628
-6140
-6652
-6396
-5372
-4348
-4092
-4092
-4092
-3004
-1372
-104
356
-196
-924
-1116
-924
-748
-1116
-1884
-2364
-1884
-876
-308
-292
-844
-1756
-2748
-2620
-1180
-428
-428
-716
-652
-524
-620
-228
164
292
340
844
1820
2364
1980
844
228
396
924
1308
1628
1756
1180
652
556
492
-308
-1308
-1500
-844
-148
244
372
-24
-652
-876
-228
460
748
812
876
1180
1500
1628
1820
1980
1884
2108
2748
3388
3516
3132
3132
3388
3516
3772
3516
2876
2108
1436
1244
1116
1116
1500
1980
2236
2492
2748
4092
5884
7164
6396
3900
1980
1308
1372
1756
2236
3004
3516
3004
1180
-1180
-3260
-4604
-4860
-4604
-4092
-4348
-5116
-5628
-5372
-5372
-5884
-6140
-6396
-6396
-5884
-4860
-4348
-4348
-4348
-3388
-1884
-356
324
104
-276
-340
-104
-96
-460
-1180
-1692
-1308
-260
556
260
-748
-1756
-2236
-1980
-1116
-308
-56
-244
-460
-396
-356
-56
356
812
1244
1884
2492
2364
1756
716
-48
-260
340
1116
1308
924
340
-56
-276
-460
-988
-1500
-1692
-1308
-748
-260
-260
-748
-1116
-812
64
844
1244
1052
748
716
924
1436
1820
1884
1884
2236
2748
3132
2876
2364
2108
2364
3004
3772
3900
3132
2236
1628
1372
1436
1372
1180
876
924
1372
1692
1820
1820
2620
4860
6908
7676
6140
3388
1756
1244
1756
2236
2876
3388
3132
1756
-460
-2492
-4092
-5116
-5628
-5372
-5116
-5116
-5372
-5372
-5116
-5628
-6140
-6396
-6396
-5884
-5372
-4604
-4092
-3900
-3260
-1980
-556
372
620
588
588
492
244
-340
-1052
-1436
-1116
-428
292
112
-988
-2236
-3004
-2492
-1756
-1052
-460
88
748
988
780
556
396
372
812
1564
2364
2236
1308
524
228
292
308
324
396
324
-72
-340
-556
-1052
-1628
-2236
-1980
-1052
-492
-292
-260
-260
-372
-164
556
1436
1756
1628
1564
1884
2108
2108
2108
2108
2108
2492
3004
3260
2876
2364
1884
1980
2492
3132
3516
3260
2620
2108
1692
1372
1052
652
372
80
244
620
844
924
1052
1884
3900
6652
7676
6396
3644
1692
1180
1308
1500
1820
2620
3004
2492
716
-1308
-3388
-4860
-5628
-5116
-4348
-4348
-5116
-5628
-5372
-5116
-5372
-5628
-5884
-6140
-5884
-4860
-4092
-3900
-3772
-3132
-1692
16
988
988
556
88
-164
-308
-524
-876
-1116
-1052
-620
-228
72
-260
-1180
-1884
-1756
-988
-556
-164
260
556
492
164
-8
-40
72
228
428
652
716
212
-428
-396
-40
164
196
396
556
260
-180
-308
-356
-684
-812
-356
372
876
1052
1052
924
652
924
1436
1884
2364
2492
2492
2236
1980
1820
1628
1692
1884
2236
2620
2876
2748
2364
1980
2108
2492
3004
3132
2876
2236
1692
1308
988
844
780
652
372
212
292
428
308
396
812
2236
4860
6652
6652
4348
1980
924
924
1116
1180
1628
2236
2364
1436
-132
-1980
-3644
-4348
-4604
-4092
-4092
-4604
-5116
-5116
-4860
-4860
-5372
-5628
-5884
-5884
-5372
-4604
-4604
-4604
-4348
-3132
-1436
56
652
492
16
-96
-164
-460
-780
-924
-812
-460
-120
396
780
228
-1052
-2108
-1884
-1500
-1308
-1116
-812
-924
-1564
-1692
-1372
-812
-492
-620
-652
-212
356
356
148
292
924
1372
1756
2364
2492
1980
924
556
684
620
684
1116
1628
1820
1820
1628
1436
1180
1052
1180
1500
1980
2108
1980
1372
1244
1372
1500
1756
2236
2748
3004
3132
3004
2876
2876
3004
3004
3132
3004
2620
2236
1980
1756
1372
1116
876
556
132
-292
-340
-96
120
396
748
1564
3004
4860
5884
5116
3132
1372
780
924
1180
1308
1884
2492
2364
1116
-460
-1820
-2876
-3644
-4092
-4092
-4092
-4604
-5628
-5372
-5116
-5116
-5628
-5884
-5628
-5628
-5372
-5628
-5884
-5628
-5116
-3772
-1980
-684
-396
-812
-988
-716
-716
-1116
-1436
-1500
-1372
-988
-556
-396
-120
0
-588
-1500
-1980
-1500
-1436
-1980
-2364
-1980
-1372
-844
-244
244
588
620
684
924
1564
2108
1628
988
1564
2620
3004
2748
2620
2364
1692
988
1052
1308
1180
988
1180
1884
2492
2492
1820
1180
988
1372
1436
1244
1180
1052
652
652
1372
2108
2364
2108
2236
2620
2876
2620
2492
2492
2748
2876
3132
3388
3260
2748
1820
1244
1180
1180
924
492
340
292
148
-24
-80
40
120
260
924
2492
4348
5116
4348
2876
1820
1372
1308
1180
1180
1692
2236
2108
988
-372
-1500
-2236
-3004
-3260
-3516
-4092
-4860
-5372
-5372
-4860
-4860
-5372
-5628
-5628
-5628
-5884
-6140
-6140
-6140
-5372
-4092
-2620
-1500
-1180
-1436
-1436
-1244
-1308
-1692
-2236
-2364
-1980
-1244
-524
292
652
148
-748
-1052
-812
-812
-1116
-1308
-924
-292
164
212
244
460
684
780
812
1244
1500
1052
588
1180
2364
2876
2748
2748
2748
2620
1980
1372
988
876
1052
1436
2108
2748
2876
2108
1244
1116
1308
1244
988
924
1180
1180
1116
1500
1980
1980
1820
1980
2492
2876
3004
2620
2492
2492
3004
3388
3644
3772
3388
2620
1756
1372
1180
780
96
-396
-372
-132
-164
-308
-276
-24
72
96
356
1052
2364
3516
4092
3900
3004
1980
1180
684
556
748
1244
1564
1180
-80
-1308
-1980
-2108
-2364
-3132
-3900
-4604
-4860
-4860
-4604
-4860
-5116
-5628
-5628
-5372
-5372
-5372
-5884
-6140
-5884
-4860
-3644
-2620
-2108
-1884
-1756
-1628
-1436
-1628
-1980
-2492
-2364
-1500
-396
228
620
1052
1116
844
276
148
8
-684
-1308
-1180
-324
460
716
588
716
1244
1628
1756
1820
1980
1692
1180
1244
2236
3004
2876
2492
2364
2364
1980
1244
716
460
556
1116
1820
2492
2748
2364
1564
1116
1372
1564
1052
524
684
1052
1052
1180
1500
1756
1980
2364
2876
3004
2876
2364
1980
1884
2108
2364
2236
1980
1884
1628
1244
844
556
340
164
120
228
356
428
356
340
460
684
716
556
524
1116
2236
3388
3772
3260
2108
924
396
428
492
524
684
684
244
-524
-1244
-1692
-1980
-2620
-3260
-3772
-4092
-4604
-5116
-5116
-4860
-4604
-4604
-4860
-5116
-5628
-5884
-6140
-5884
-5372
-4604
-3644
-2748
-1980
-1372
-1180
-1180
-1244
-1372
-1436
-1308
-748
-40
324
260
48
72
164
180
292
372
292
48
-72
-8
180
396
748
1308
1980
2492
2492
2108
1756
1628
1628
1628
1820
2108
2108
1820
1564
1436
1244
988
988
1244
1500
1692
1756
1692
1628
1564
1436
1244
1436
1756
1820
1628
1436
1436
1436
1500
1628
1756
1820
1884
1820
1820
1980
1980
1692
1436
1308
1372
1308
1180
988
924
924
876
924
988
876
492
64
-196
-276
-356
-588
-716
-524
-132
196
228
460
1052
2108
3132
3644
3132
1884
780
276
260
428
620
844
780
396
-308
-924
-1372
-1980
-2748
-3388
-3900
-4348
-4604
-4604
-4604
-4604
-4860
-4860
-4860
-5116
-5372
-5372
-5372
-5116
-4604
-3644
-2748
-2108
-1564
-1116
-876
-780
-812
-1116
-1308
-1180
-652
56
492
524
260
88
132
428
716
684
556
492
556
716
716
684
844
1180
1564
1884
1980
1820
1500
1116
1116
1436
1820
2108
2236
2236
2108
1980
1692
1500
1436
1500
1756
1980
2236
2236
1980
1564
1308
1308
1244
1308
1372
1372
1308
1244
1244
1244
1180
1116
1180
1180
1180
1244
1308
1308
1116
1116
1244
1244
1180
988
620
276
148
88
0
-148
-396
-620
-620
-652
-652
-684
-524
-292
-72
212
292
324
588
1244
2492
3644
4092
3260
1980
1052
588
460
460
588
812
924
620
-120
-876
-1500
-2236
-3004
-3900
-4348
-4604
-4860
-4860
-4604
-4348
-4348
-4604
-4860
-4860
-4860
-5116
-5116
-4860
-4092
-3388
-2620
-1980
-1372
-1052
-924
-876
-924
-988
-1180
-1180
-748
-196
428
1372
1980
1820
1116
524
196
-372
-780
-684
-56
492
780
748
780
1244
1564
1564
1436
1820
1980
1500
1180
1884
2876
3004
2748
2748
2620
2108
1564
1244
1308
1436
1884
2364
2876
3260
3132
2364
1436
1372
1564
1308
876
812
1052
924
780
876
1116
1180
1116
1116
1244
1308
1052
652
556
716
924
1052
1052
1052
924
524
80
-72
0
40
-16
0
-24
-132
-260
-340
-164
112
324
356
396
812
1628
2620
3388
3516
2876
1820
812
212
32
56
180
428
620
372
-620
-1628
-2364
-2876
-3516
-4348
-4604
-4860
-4860
-4860
-4604
-4348
-4348
-4860
-5116
-5372
-5116
-5116
-5116
-4860
-4348
-3388
-2492
-1756
-1308
-1116
-1116
-1180
-1052
-924
-988
-1052
-924
-524
-104
356
1052
1628
1692
1116
428
-16
-340
-588
-492
148
988
1500
1692
1564
1628
1756
1628
1308
1372
1628
1756
1692
2108
2876
3132
2876
2748
2620
2364
1980
1628
1500
1628
1884
1980
2236
2620
2620
2236
1756
1564
1628
1436
988
876
988
1052
988
988
1052
1052
988
1052
1308
1372
1244
1116
1244
1436
1564
1500
1116
844
780
876
924
844
684
372
244
324
340
196
-164
-460
-372
120
652
876
844
988
1756
3004
3900
3644
2364
812
-132
-292
-88
96
260
372
0
-844
-1628
-2236
-2748
-3516
-4348
-4604
-4860
-4604
-4348
-4348
-4348
-4604
-4860
-5116
-5372
-5628
-5628
-5884
-5628
-4860
-3772
-3004
-2492
-1980
-1756
-1564
-1436
-1180
-1308
-1564
-1692
-1372
-716
-148
88
524
1244
1500
988
228
-8
-196
-620
-460
356
1308
1628
1372
1116
1308
1628
1564
1052
1244
2108
2364
2236
2620
3388
3644
3132
2748
3004
3004
2620
2236
1980
2236
2620
2876
3004
2876
2748
2108
1308
1244
1756
1692
924
524
924
1308
1244
1180
1116
1116
988
1052
1372
1756
1628
1308
1116
1436
1884
1884
1308
812
716
748
924
1052
988
620
8
-428
-524
-588
-844
-1180
-1052
-396
196
460
492
652
1436
2748
3900
3772
2492
652
-620
-876
-492
-24
244
428
308
-276
-1372
-2492
-3516
-4348
-5116
-5372
-4860
-4604
-4604
-4604
-4604
-4604
-4604
-5116
-5372
-5372
-5372
-5116
-4604
-3900
-3004
-2108
-1628
-1308
-988
-716
-556
-556
-748
-876
-924
-812
-276
428
588
132
-428
-652
-556
-324
-132
-132
-104
88
428
780
924
1116
1244
1500
1980
2492
2748
2748
2748
2876
3132
3260
3260
3132
2876
2620
2620
2620
2620
2492
2364
2236
1980
1820
1628
1436
1308
1116
924
924
988
924
844
748
652
588
748
1116
1372
1564
1756
1884
1884
1884
1820
1756
1628
1436
1308
1244
988
620
396
356
556
748
748
524
16
-620
-988
-988
-1052
-988
-748
-356
64
244
356
780
1628
2876
3772
3900
2876
1308
72
-396
-292
-48
260
652
588
-324
-1756
-3004
-3772
-4348
-4860
-5116
-4860
-4604
-4348
-4348
-4092
-4092
-4604
-5116
-5372
-5116
-4604
-4348
-4092
-3644
-2876
-2236
-1756
-1436
-1308
-1308
-1372
-1308
-1244
-1372
-1628
-1628
-1308
-812
-460
-492
-780
-924
-716
-308
244
716
876
924
1116
1500
1884
2108
2236
2364
2492
2748
3004
3132
3132
2876
2620
2620
2748
2620
2364
1980
1692
1628
1756
1884
1820
1628
1436
1308
1436
1628
1564
1308
1180
1308
1564
1820
1980
1692
1372
1180
1244
1500
1820
1884
1884
1756
1756
1756
1564
1436
1308
1180
1052
1116
1116
988
812
556
460
524
556
260
-340
-876
-1308
-1500
-1116
-492
0
72
80
276
924
2236
3516
4348
3900
2620
1052
120
-292
-620
-780
-372
396
460
-620
-2236
-3388
-3900
-4348
-4860
-4860
-4604
-4604
-4348
-3900
-3516
-3516
-4092
-4604
-4604
-4092
-3900
-3900
-3900
-3388
-2620
-1980
-1692
-1628
-1756
-2108
-2236
-1980
-1884
-2108
-2620
-2748
-2236
-1564
-1308
-1052
-716
-556
-492
-64
812
1500
1628
1372
1308
1756
2108
2108
2108
2364
2492
2492
2492
2876
2876
2620
1980
1884
2108
2108
1692
1500
1564
1820
1980
1980
1980
1884
1820
1884
1980
2364
2364
1980
1692
1820
1980
1820
1372
924
684
556
620
876
1116
1116
988
988
1180
1308
1180
924
716
924
1244
1244
1116
988
780
492
396
428
292
-88
-620
-876
-876
-780
-492
-80
428
748
876
1052
1564
2620
3900
4860
4604
3260
1628
492
-56
-372
-652
-588
-80
-8
-876
-2364
-3516
-4092
-4604
-5116
-4860
-4348
-4092
-3900
-3644
-3388
-3388
-3900
-4348
-4348
-3900
-3772
-3772
-3644
-3260
-3132
-2876
-2748
-2748
-2876
-3260
-3388
-3132
-2876
-3132
-3644
-3772
-3260
-2364
-1244
40
924
924
652
780
1372
1820
1820
1884
2364
3004
3260
3004
2620
2364
1980
1820
2236
3004
3260
2748
2364
2620
3004
2876
2364
2108
2108
2108
2236
2364
2364
2108
1820
1884
2364
2620
2236
1436
1116
1244
1372
1180
716
324
-112
-372
-396
-112
56
64
96
492
1052
1308
1052
924
1116
1308
1372
1308
1372
1244
924
748
684
492
40
-356
-492
-524
-780
-780
-524
96
812
1308
1692
1980
2620
3772
4860
5116
3900
2108
716
148
-148
-556
-716
-396
-120
-812
-2236
-3516
-4092
-4604
-4860
-4604
-4092
-3644
-3644
-3516
-3260
-3260
-3900
-4604
-4348
-3900
-3516
-3516
-3644
-3516
-3516
-3388
-3260
-3132
-3388
-3644
-3644
-3132
-2620
-2620
-3004
-2876
-2364
-1628
-1116
-428
276
620
684
988
1692
2108
2236
1980
2108
2364
2364
2108
1884
1980
2108
1980
1980
2236
2364
2236
2108
2364
2492
2236
1628
1308
1308
1500
1692
1980
1980
1820
1692
1756
1884
1820
1500
1052
924
1052
1052
876
556
260
16
-32
180
460
556
556
716
1116
1564
1628
1436
1308
1564
1884
2108
2236
1980
1436
924
780
748
588
324
0
-228
-340
-260
-180
-96
244
684
1180
1628
1980
2364
3004
4092
5116
4604
3260
1436
276
-340
-748
-924
-748
-308
-356
-1372
-2748
-3644
-4092
-4604
-4604
-4092
-3644
-3260
-2876
-2364
-2236
-2748
-3644
-4348
-4348
-3900
-3644
-3900
-4092
-4092
-3900
-3772
-3644
-3772
-4092
-4348
-3772
-3004
-2620
-2620
-2748
-2748
-2236
-1436
-716
-372
-260
-88
524
1436
2108
2364
1980
1628
1564
1628
1756
1884
1628
1372
1308
1756
2364
2364
1884
1628
1820
2236
2364
2108
1628
1244
1052
1372
1884
2108
1884
1564
1692
1980
2108
1980
1628
1436
1372
1500
1628
1500
1052
524
276
460
812
1052
1244
1372
1628
1692
1564
1436
1372
1372
1436
1628
2108
2108
1756
1180
588
292
72
-72
-64
8
24
-8
164
620
988
1052
988
1244
1564
1980
2876
4092
4604
4092
2364
988
180
-308
-812
-1244
-988
-620
-780
-1564
-2492
-3132
-3644
-3772
-3516
-2876
-2492
-2492
-2492
-2364
-2492
-3132
-3900
-4092
-4348
-4092
-4092
-4092
-4348
-4604
-4860
-4604
-4604
-4604
-4860
-4604
-3900
-3132
-2492
-2236
-2108
-1820
-1436
-716
8
324
308
460
1116
1756
1980
1756
1500
1436
1372
1180
1052
1052
1116
1116
1308
1692
1820
1628
1372
1564
1980
1980
1756
1692
1692
1564
1628
1884
1980
1980
1820
1980
2236
2236
1980
1692
1692
1884
1884
1756
1500
1180
716
396
292
260
196
276
492
876
1244
1308
1180
1116
1244
1436
1628
1980
2364
2492
2364
2236
1980
1628
1116
684
588
588
556
492
620
924
1180
1436
1500
1500
1500
2108
3132
4092
4092
3260
1980
652
-132
-716
-1180
-1372
-924
-308
-260
-844
-1884
-2748
-3388
-3516
-3132
-2620
-2236
-2108
-1980
-1980
-2364
-3004
-3900
-4604
-5116
-5116
-5116
-4860
-4860
-4860
-4860
-4604
-4604
-4604
-4604
-4092
-3388
-2492
-1884
-1820
-1884
-1820
-1308
-716
-492
-556
-588
-32
588
924
1052
988
844
684
556
428
428
524
684
988
1372
1628
1436
1244
1308
1628
1756
1628
1628
1628
1500
1500
1820
2108
1980
1980
1980
2236
2108
1884
1692
1564
1500
1372
1308
1116
988
924
812
716
620
588
556
684
988
1308
1692
1980
2108
2364
2492
2492
2364
2492
2620
2620
2364
2108
1820
1628
1628
1564
1436
1244
924
588
684
1116
1372
1500
1244
1308
1692
2236
2748
3004
3260
2876
2108
1180
356
-340
-812
-1116
-988
-492
-396
-780
-1564
-2236
-2876
-3260
-3260
-3132
-2876
-2620
-2492
-2492
-2492
-2748
-3260
-4092
-4348
-4604
-4860
-4860
-4860
-4604
-4604
-4348
-4348
-4348
-4348
-3900
-3132
-2492
-1980
-1884
-2108
-2236
-2108
-1820
-1436
-1052
-716
-340
32
356
524
524
524
556
652
844
1116
1180
1180
1116
1180
1372
1372
1372
1244
1244
1244
1308
1372
1500
1564
1500
1564
1692
1756
1884
1820
1628
1500
1372
1308
1308
1372
1308
1180
1052
924
1116
1244
1244
1116
1052
1052
1116
1244
1372
1436
1500
1756
2108
2236
2236
1980
1980
2108
2236
2364
2364
2236
1980
1756
1564
1500
1372
1116
716
652
844
988
988
924
844
924
1180
1692
2108
2364
2108
1756
1308
748
-40
-748
-1116
-1116
-924
-924
-876
-1116
-1564
-1980
-2364
-2492
-2492
-2492
-2620
-2492
-2236
-2364
-2620
-2876
-3132
-3388
-3900
-4348
-4348
-4348
-4604
-4348
-4092
-3772
-3644
-3516
-3260
-2876
-2620
-2492
-2492
-2364
-2364
-2108
-1884
-1628
-1308
-1052
-748
-372
56
396
556
684
876
988
924
844
876
1052
1052
1052
1052
1116
1180
1116
1116
1052
988
988
1116
1308
1436
1436
1436
1628
1756
1820
1884
1884
1884
1820
1884
1980
1980
1980
1756
1756
1820
1820
1820
1692
1436
1244
1116
1116
1244
1500
1692
1820
1980
1980
2108
2108
2236
2236
2236
2236
2108
2236
2108
1756
1308
988
780
652
588
556
372
164
16
8
104
88
40
8
88
340
492
396
40
-324
-492
-588
-524
-524
-492
-460
-308
-132
-196
-396
-652
-876
-988
-1052
-1052
-1308
-1628
-1884
-2108
-2364
-2492
-2876
-3132
-3516
-3644
-3772
-3900
-3900
-3900
-3772
-3772
-3644
-3388
-3388
-3516
-3516
-3516
-3516
-3388
-3260
-3132
-3004
-2620
-2364
-2108
-1980
-1692
-1436
-1052
-588
-308
-180
-96
24
260
556
812
924
988
1116
1308
1628
1884
1980
1980
2108
2236
2364
2492
2620
2748
2748
2748
2748
2748
2748
2876
3004
3004
3004
2876
2748
2620
2620
2492
2364
2236
1980
1756
1628
1564
1436
1308
1308
1308
1436
1500
1500
1372
1180
1052
988
1052
1052
988
988
988
988
924
924
924
716
524
492
588
620
556
356
164
180
356
620
780
748
492
308
396
524
556
460
340
340
428
524
620
396
16
-372
-492
-492
-684
-988
-1372
-1692
-1980
-2236
-2620
-2876
-3132
-3516
-3644
-3772
-3900
-4092
-4604
-4604
-4860
-4604
-4348
-4092
-4092
-4092
-4092
-4092
-4092
-3900
-3900
-3772
-3644
-3260
-2748
-2364
-2108
-1980
-1756
-1372
-988
-556
-244
-24
132
396
780
1244
1564
1692
1756
1884
2108
2236
2492
2620
2620
2620
2748
2876
2876
2876
3004
3004
3004
3004
3004
3004
2876
2876
2748
2620
2492
2492
2364
2236
2108
1884
1628
1500
1372
1244
1052
844
748
780
812
844
924
924
924
988
1052
1180
1180
1116
1116
1244
1372
1308
1180
1052
1052
1116
1180
1116
1052
812
684
620
684
652
588
652
748
844
812
812
780
716
716
588
524
524
492
372
180
-164
-428
-716
-876
-1052
-1436
-1756
-2108
-2364
-2492
-2620
-2876
-3260
-3516
-3772
-3772
-3772
-3900
-4092
-4348
-4348
-4348
-4092
-4092
-4348
-4092
-4092
-3772
-3644
-3644
-3644
-3772
-3644
-3388
-3004
-2620
-2492
-2236
-1980
-1500
-1116
-812
-556
-340
-96
212
588
988
1244
1500
1628
1820
2108
2236
2492
2620
2620
2748
2748
2876
3004
3004
3004
3004
3004
3004
2876
2748
2620
2620
2492
2492
2364
2236
2108
2108
1980
1756
1628
1500
1372
1244
1180
1116
1052
988
1052
1052
1116
1116
1116
1116
1116
1116
1244
1244
1180
1116
1116
1116
1052
988
924
924
876
924
988
1052
988
924
716
684
812
988
1116
1180
1116
876
876
876
924
780
524
396
340
396
228
-112
-492
-844
-1052
-1116
-1308
-1564
-2108
-2364
-2492
-2620
-2620
-2876
-3260
-3644
-3900
-3900
-3900
-4092
-4092
-4348
-4348
-4348
-4092
-3900
-4092
-4092
-4092
-4092
-3900
-3772
-3772
-3644
-3388
-3132
-2620
-2236
-1980
-1980
-1756
-1372
-988
-524
-148
212
524
780
1052
1308
1500
1628
1756
1820
1980
2108
2236
2492
2492
2492
2492
2492
2364
2492
2620
2620
2620
2620
2492
2492
2620
2492
2364
2236
2108
2108
2108
2108
1980
1884
1692
1628
1628
1564
1500
1436
1308
1180
1116
1116
1180
1116
1116
1116
1244
1244
1308
1244
1180
1116
1116
1180
1244
1244
1180
1116
1180
1180
1116
1052
876
780
780
876
988
1052
988
924
844
812
780
716
524
260
132
0
-72
-180
-372
-684
-924
-988
-1116
-1372
-1692
-2108
-2492
-2748
-2876
-2876
-3132
-3260
-3516
-3644
-3772
-3900
-4092
-4092
-4092
-4092
-3900
-3772
-3772
-3772
-3772
-3644
-3644
-3516
-3388
-3260
-3132
-2748
-2364
-2108
-1980
-1692
-1436
-1180
-924
-684
-524
-340
-88
228
524
812
988
1180
1308
1436
1628
1692
1756
1820
1884
1980
2108
2236
2364
2364
2364
2364
2364
2492
2492
2492
2492
2364
2364
2364
2236
2108
1980
1756
1692
1692
1628
1628
1500
1308
1180
1180
1244
1308
1308
1308
1244
1308
1372
1372
1372
1372
1372
1436
1500
1500
1436
1372
1308
1244
1244
1180
1116
1052
988
924
844
652
492
308
244
396
524
524
492
428
460
556
652
716
620
460
292
260
276
104
-292
-748
-1180
-1308
-1436
-1564
-1884
-2364
-2620
-2876
-3004
-3004
-3132
-3388
-3516
-3644
-3772
-3772
-3772
-3772
-3772
-3644
-3388
-3260
-3132
-3132
-3260
-3260
-3132
-3004
-2748
-2492
-2236
-2108
-2108
-1980
-1692
-1436
-1244
-1052
-988
-812
-716
-588
-428
-260
8
324
588
844
988
1116
1244
1436
1692
1884
1980
1980
2236
2364
2364
2492
2620
2620
2492
2492
2620
2492
2364
2236
2364
2364
2364
2236
2108
1980
1820
1820
1756
1500
1436
1372
1372
1500
1564
1628
1564
1564
1628
1628
1500
1372
1308
1244
1180
1116
1180
1244
1180
1116
1052
988
924
844
812
748
620
524
492
492
460
372
324
340
372
396
372
340
324
356
396
428
428
324
120
-96
-324
-524
-812
-1180
-1436
-1692
-1884
-1980
-2108
-2236
-2492
-2748
-2876
-3004
-3004
-3004
-3132
-3132
-3132
-3260
-3260
-3260
-3388
-3516
-3388
-3260
-3132
-2876
-2876
-3004
-3004
-2876
-2876
-2748
-2620
-2364
-2236
-1980
-1756
-1564
-1372
-1244
-1116
-876
-524
-196
-16
88
164
324
556
812
1116
1308
1500
1692
1820
1980
1980
2108
2108
2236
2364
2620
2748
2748
2748
2620
2620
2492
2492
2364
2364
2492
2492
2492
2364
2236
2108
1980
1884
1820
1756
1756
1756
1756
1692
1628
1500
1372
1372
1372
1372
1308
1308
1116
924
812
844
924
988
924
924
924
876
924
924
844
748
748
748
780
684
620
588
620
652
556
428
428
372
340
324
196
32
-180
-428
-620
-812
-1052
-1308
-1564
-1820
-1980
-2236
-2364
-2364
-2492
-2620
-2748
-2876
-3004
-3132
-3260
-3388
-3388
-3388
-3388
-3388
-3388
-3260
-3260
-3260
-3260
-3260
-3132
-3132
-3132
-3004
-2748
-2620
-2492
-2364
-2236
-1980
-1692
-1436
-1244
-1052
-844
-588
-308
-48
132
276
396
492
716
924
1116
1244
1436
1692
1980
2108
2364
2364
2364
2492
2492
2492
2492
2492
2492
2492
2620
2620
2492
2364
2236
2236
2236
2236
2236
2108
1980
1756
1692
1692
1692
1564
1500
1500
1500
1564
1564
1500
1372
1372
1436
1436
1436
1244
988
844
748
684
716
716
620
588
556
556
556
492
372
356
396
428
492
524
460
340
324
324
228
180
64
24
0
-56
-104
-276
-524
-780
-924
-988
-1180
-1372
-1692
-1980
-2236
-2364
-2492
-2492
-2620
-2748
-2876
-2876
-2748
-2876
-3004
-3132
-3260
-3260
-3132
-3004
-2876
-3004
-3004
-2876
-2748
-2620
-2620
-2492
-2364
-2236
-1980
-1820
-1692
-1692
-1628
-1500
-1372
-1180
-924
-684
-460
-228
32
244
460
620
748
876
988
1180
1372
1564
1756
1980
2108
2108
2236
2236
2364
2364
2364
2492
2492
2620
2748
2748
2748
2748
2620
2492
2492
2364
2364
2236
2108
1980
1884
1820
1756
1692
1628
1500
1436
1436
1500
1500
1372
1372
1308
1308
1308
1244
1052
924
844
780
684
556
396
244
148
148
180
180
164
164
88
40
96
88
96
64
8
-32
-88
-164
-260
-340
-460
-556
-652
-780
-876
-1052
-1244
-1436
-1628
-1820
-1980
-2108
-2236
-2364
-2492
-2620
-2748
-2748
-2876
-2748
-2748
-2876
-2748
-2620
-2620
-2492
-2492
-2492
-2492
-2364
-2236
-2108
-1980
-2108
-2108
-2108
-1980
-1820
-1756
-1628
-1564
-1436
-1308
-1180
-1116
-988
-844
-652
-372
-56
164
324
460
588
780
988
1116
1180
1116
1180
1244
1308
1372
1564
1692
1756
1884
2108
2236
2236
2236
2364
2492
2364
2364
2364
2236
2108
2236
2236
2108
2108
2108
2236
2236
2108
1980
1756
1628
1628
1628
1628
1564
1564
1564
1628
1692
1564
1372
1180
1052
924
924
876
748
588
460
396
396
324
260
292
196
40
-72
-96
-64
-48
-80
-112
-72
-96
-148
-132
-164
-340
-492
-620
-684
-716
-780
-844
-988
-1180
-1372
-1500
-1628
-1820
-1884
-1980
-1980
-1980
-1980
-2108
-2108
-2236
-2236
-2236
-2236
-2236
-2236
-2364
-2364
-2364
-2364
-2364
-2236
-2236
-2108
-2108
-1980
-1980
-1980
-2108
-2108
-2108
-1884
-1756
-1564
-1436
-1308
-1244
-1052
-876
-652
-492
-324
-164
40
276
428
524
684
780
924
1116
1308
1500
1564
1564
1628
1756
1884
1980
2108
2108
2108
2236
2364
2364
2492
2492
2364
2492
2364
2364
2364
2364
2236
2108
1980
1980
1980
1884
1756
1628
1500
1308
1180
1052
988
924
988
1052
1052
988
780
556
428
396
356
276
180
148
80
72
24
-148
-228
-308
-428
-396
-324
-396
-460
-428
-372
-340
-324
-260
-324
-460
-556
-620
-684
-812
-988
-1116
-1116
-1116
-1052
-1116
-1244
-1308
-1308
-1308
-1372
-1372
-1372
-1372
-1372
-1372
-1372
-1436
-1500
-1564
-1628
-1692
-1628
-1692
-1820
-1884
-1884
-1820
-1692
-1564
-1564
-1500
-1436
-1436
-1372
-1372
-1372
-1244
-1116
-1116
-1052
-876
-748
-716
-684
-652
-556
-460
-324
-164
-40
80
260
460
620
684
684
748
812
988
1180
1308
1500
1628
1692
1820
1980
2108
2108
2108
2108
2108
2108
2236
2236
2236
2236
2108
1980
1980
1884
1820
1756
1692
1628
1564
1436
1372
1308
1180
988
876
812
748
780
812
844
844
748
684
652
524
372
228
132
40
-8
-72
-196
-260
-324
-396
-428
-460
-556
-684
-780
-844
-876
-844
-780
-716
-716
-748
-812
-924
-1052
-1052
-1116
-1180
-1180
-1116
-1052
-1052
-1052
-1052
-988
-988
-988
-988
-988
-1116
-1116
-1116
-1180
-1116
-1116
-1116
-1116
-1180
-1180
-1244
-1308
-1308
-1244
-1180
-1116
-988
-876
-812
-684
-620
-620
-652
-684
-684
-620
-620
-556
-460
-428
-428
-428
-460
-428
-396
-324
-244
-180
-164
-148
-120
-48
0
72
196
292
396
492
588
716
876
988
1052
1052
1116
1180
1244
1372
1436
1436
1436
1500
1564
1564
1628
1628
1564
1564
1500
1500
1500
1500
1436
1308
1308
1308
1244
1180
1180
1116
1052
1052
1052
1116
1180
1116
1052
988
844
716
588
460
308
148
8
-72
-104
-148
-196
-228
-292
-340
-460
-556
-588
-684
-684
-716
-780
-780
-780
-812
-812
-844
-876
-924
-988
-1052
-1052
-988
-924
-924
-924
-924
-876
-844
-812
-780
-780
-812
-844
-748
-684
-652
-652
-652
-684
-748
-748
-716
-716
-748
-716
-652
-556
-492
-428
-372
-340
-324
-340
-356
-396
-460
-524
-524
-460
-396
-396
-460
-588
-652
-588
-492
-428
-396
-396
-372
-292
-112
-32
-112
-148
-180
-148
-88
-16
48
88
164
260
372
460
492
524
556
620
748
876
844
844
876
924
1052
1116
1244
1180
1116
1116
1180
1244
1244
1116
988
924
924
924
988
988
924
924
924
924
876
780
716
652
524
524
524
492
428
308
244
244
212
196
132
80
32
-24
-48
-132
-244
-396
-492
-492
-428
-396
-492
-524
-588
-588
-524
-588
-684
-780
-780
-716
-556
-428
-428
-492
-524
-428
-276
-212
-276
-356
-372
-396
-372
-308
-308
-396
-460
-460
-428
-428
-460
-492
-492
-492
-428
-372
-324
-340
-356
-396
-428
-460
-492
-524
-524
-492
-492
-492
-492
-524
-556
-524
-460
-372
-324
-292
-260
-244
-212
-164
-196
-244
-260
-276
-292
-276
-244
-196
-180
-196
-164
-120
-56
48
164
244
308
340
356
428
460
556
652
716
780
780
844
876
876
844
812
812
844
812
812
780
748
748
780
844
844
876
876
876
812
716
684
652
652
652
684
620
556
460
428
396
308
212
104
0
-48
-16
0
-48
-164
-244
-276
-308
-308
-356
-428
-460
-428
-396
-324
-308
-356
-372
-340
-260
-196
-180
-180
-212
-244
-212
-180
-228
-292
-308
-308
-276
-276
-340
-396
-396
-396
-396
-340
-396
-460
-428
-356
-308
-260
-244
-292
-308
-340
-324
-340
-372
-460
-524
-492
-492
-492
-492
-524
-524
-492
-428
-340
-324
-356
-372
-340
-356
-396
-396
-428
-492
-524
-524
-460
-396
-396
-372
-396
-356
-228
-132
-48
40
64
88
148
228
292
340
356
372
460
524
620
652
620
588
556
556
556
588
588
588
620
652
684
716
716
716
748
748
780
684
684
684
684
652
652
588
524
492
492
524
492
460
396
292
244
196
180
164
112
56
16
-24
-148
-228
-308
-324
-308
-276
-196
-164
-164
-196
-228
-196
-212
-196
-132
-120
-104
-120
-164
-212
-228
-244
-228
-228
-260
-276
-308
-324
-340
-340
-340
-308
-276
-228
-212
-228
-292
-292
-260
-276
-292
-308
-324
-356
-340
-324
-356
-396
-428
-356
-308
-244
-228
-228
-212
-244
-228
-212
-180
-196
-196
-196
-212
-244
-212
-196
-228
-244
-276
-292
-308
-292
-292
-308
-212
-120
-56
16
104
112
112
120
132
244
340
396
460
524
556
556
524
492
460
460
428
396
428
428
396
372
340
292
228
196
276
340
372
340
340
356
396
428
428
428
372
340
292
292
276
260
228
212
212
164
112
64
-32
-96
-148
-196
-212
-180
-180
-212
-244
-292
-292
-276
-276
-244
-212
-244
-244
-228
-196
-212
-228
-244
-212
-164
-148
-196
-260
-292
-324
-308
-228
-132
-112
-104
-40
24
8
-64
-164
-244
-292
-340
-324
-260
-180
-164
-212
-212
-196
-212
-180
-164
-112
-80
-24
48
104
132
148
164
164
180
180
112
16
-64
-120
-148
-180
-212
-244
-276
-228
-196
-180
-196
-244
-260
-180
-72
0
56
64
96
148
212
308
356
372
356
324
428
524
556
460
372
276
244
228
212
180
148
164
180
228
276
244
196
180
196
228
276
292
292
324
340
340
356
324
244
164
148
112
64
24
16
8
8
0
-16
-56
-132
-164
-164
-180
-180
-196
-212
-228
-228
-212
-180
-164
-180
-164
-164
-180
-196
-228
-228
-212
-228
-196
-148
-180
-196
-180
-148
-132
-164
-164
-212
-212
-212
-244
-196
-212
-244
-260
-228
-244
-276
-276
-260
-244
-228
-212
-164
-132
-148
-120
-56
-40
-40
-24
-40
0
80
104
132
148
104
48
0
-40
-64
-132
-164
-148
-164
-132
-72
-96
-132
-132
-112
-64
-40
0
32
88
132
148
212
244
260
308
324
340
356
340
324
292
244
196
180
196
196
212
196
196
180
132
112
56
32
80
112
112
104
80
72
80
104
132
120
104
80
96
112
104
88
88
104
164
196
196
196
148
104
104
112
112
96
96
56
56
96
112
96
88
48
8
40
56
56
0
-56
-88
-88
-72
-40
0
0
0
16
32
24
16
-24
-48
-24
-24
-24
-32
-88
-164
-212
-228
-228
-244
-244
-260
-308
-308
-292
-244
-196
-196
-196
-196
-148
-72
-24
-32
-16
-24
-24
-24
-64
-72
-132
-180
-212
-212
-148
-112
-88
-56
-40
-24
-48
-112
-132
-132
-120
-96
-80
-64
-56
-48
0
0
8
8
16
16
0
0
-40
-88
-148
-180
-228
-228
-260
-260
-228
-228
-212
-228
-292
-308
-292
-244
-180
-104
-72
-64
-32
-48
-48
-48
-64
-32
0
48
120
148
148
132
104
132
132
132
132
104
120
132
164
196
212
212
196
228
308
292
276
292
276
276
276
228
228
244
244
260
276
276
276
308
372
372
396
340
324
356
340
324
276
228
212
196
164
148
88
40
16
32
32
8
-8
-32
-32
8
48
64
104
88
48
72
120
120
80
96
96
72
64
48
8
0
-24
-48
-48
-32
0
32
16
-8
0
-32
-24
-32
-24
-48
-88
-104
-148
-164
-244
-292
-276
-244
-244
-228
-228
-260
-276
-308
-324
-340
-396
-460
-492
-428
-428
-428
-428
-460
-492
-492
-492
-460
-460
-460
-428
-396
-372
-292
-244
-212
-228
-212
-196
-228
-244
-196
-148
-180
-148
-112
-48
-32
32
96
148
164
164
196
244
260
244
260
292
308
292
292
292
292
260
244
292
276
260
260
244
260
308
308
292
324
308
340
356
372
356
340
324
292
292
276
260
228
180
148
132
80
24
32
32
32
56
96
112
96
104
112
112
80
48
16
24
40
40
40
0
-16
-32
-8
-16
-40
-56
-112
-164
-148
-88
-88
-80
-48
-80
-132
-148
-196
-212
-276
-308
-292
-260
-228
-228
-228
-276
-292
-276
-228
-148
-132
-148
-148
-180
-212
-244
-292
-308
-308
-308
-292
-276
-292
-276
-228
-180
-148
-96
-112
-104
-80
-56
-32
16
24
32
96
148
212
244
212
196
196
244
260
324
372
396
396
372
396
372
324
292
308
356
428
396
396
372
356
372
396
428
396
396
324
308
276
276
292
260
228
212
228
244
212
180
164
112
56
0
-24
-72
-120
-164
-180
-180
-212
-260
-292
-324
-356
-372
-356
-396
-428
-396
-396
-428
-492
-492
-524
-524
-492
-460
-460
-460
-460
-460
-492
-492
-460
-460
-428
-396
-372
-324
-308
-292
-212
-148
-132
-132
-164
-164
-132
-80
-96
-104
-104
-96
-64
-48
-40
-80
-96
-64
-8
48
104
112
88
104
132
148
96
8
-80
-132
-132
-88
-32
0
0
16
32
80
112
96
96
104
132
164
228
276
292
292
308
340
356
356
340
340
372
396
428
492
524
492
524
556
588
620
620
652
652
652
620
620
652
652
620
588
556
524
492
460
460
428
428
396
372
340
260
180
112
48
64
64
40
56
-24
-120
-196
-244
-292
-308
-356
-428
-492
-524
-556
-556
-524
-556
-556
-588
-620
-620
-620
-620
-620
-588
-588
-620
-620
-556
-556
-524
-524
-524
-492
-428
-372
-340
-260
-180
-164
-132
-96
-120
-148
-180
-212
-228
-228
-196
-164
-148
-104
-64
-80
-96
-104
-88
-88
-88
-48
-8
-16
-32
-48
-72
-112
-148
-132
-112
-88
-96
-72
-56
-32
-16
48
72
48
24
16
16
16
40
80
112
148
212
260
244
228
244
228
244
276
292
292
276
276
276
292
292
308
372
372
396
428
460
460
428
396
356
324
276
244
196
164
180
212
180
196
196
180
244
260
276
260
244
180
180
196
148
88
24
-8
-56
-48
-64
-120
-164
-212
-228
-180
-148
-164
-148
-180
-212
-260
-324
-356
-372
-396
-356
-308
-276
-260
-260
-212
-196
-164
-164
-164
-180
-164
-120
-80
-24
-16
-8
8
32
56
72
56
64
16
-8
0
40
80
96
104
132
180
180
164
148
148
148
148
196
244
244
180
148
132
104
56
8
-32
-88
-96
-48
-24
-56
-80
-88
-112
-120
-120
-132
-120
-104
-120
-112
-112
-148
-148
-148
-148
-164
-164
-148
-180
-164
-148
-148
-132
-104
-72
-40
-32
-16
0
0
-16
-56
-72
-88
-104
-72
-32
-24
-8
32
32
32
72
96
104
104
104
120
164
196
164
132
96
64
32
16
32
40
32
40
48
32
-24
-88
-104
-80
-104
-132
-164
-180
-180
-164
-148
-164
-196
-212
-244
-212
-180
-132
-104
-40
24
72
80
24
0
-48
-40
56
104
132
148
148
148
96
80
56
40
32
64
132
132
120
132
180
196
196
212
132
148
148
164
180
164
112
72
104
132
104
56
0
-64
-80
-16
0
0
0
-16
-24
24
48
16
-8
-32
-32
0
24
40
24
0
0
24
48
56
72
104
104
104
96
112
104
104
120
104
80
72
32
16
24
0
-24
-48
-24
-40
-64
-72
-88
-64
-48
16
40
32
16
0
40
8
24
72
88
80
32
-24
-56
-96
-88
-56
-56
-32
-40
-88
-120
-132
-132
-148
-132
-148
-196
-212
-164
-132
-132
-196
-260
-244
-228
-212
-148
-88
-104
-104
-72
-8
-24
-64
-56
0
48
112
96
96
48
0
48
64
88
8
-56
-120
-112
-80
-48
-32
-16
8
40
56
40
16
-48
-40
-24
-8
-16
-80
-132
-180
-132
-120
-112
-112
-120
-88
-32
-8
-24
-64
-132
-132
-132
-112
-72
-48
-48
-16
32
48
48
8
0
8
0
72
120
180
148
112
48
64
132
164
244
228
260
276
244
260
276
196
132
104
96
64
72
132
212
260
228
260
244
212
228
228
244
292
308
292
292
260
260
