SAMPLES:	7917
BITSPERSAMPLE:	16
CHANNELS:	1
SAMPLERATE:	16000
NORMALIZED:	FALSE
-8
48
-8
-56
24
32
-48
-24
32
-16
-24
8
0
0
0
-16
-8
16
0
-40
-16
8
8
-16
-32
0
24
-32
-48
16
24
-40
-32
24
0
-56
-24
24
-16
-40
-8
8
-16
-32
0
-16
-40
8
0
-40
-8
16
0
-24
8
0
-8
32
0
-40
40
8
-24
16
8
-24
8
8
0
24
0
0
16
40
0
-8
24
16
0
0
8
24
8
-16
0
32
8
-24
8
40
0
-40
8
48
-8
-24
24
8
0
0
-24
0
40
-16
-48
8
32
0
-40
0
24
0
-40
0
24
0
-16
-32
8
32
-24
-16
16
32
0
-32
-24
32
8
-32
-8
32
0
-48
24
8
-24
-16
32
16
-24
-40
24
32
-32
-32
0
56
0
-24
8
0
16
-16
0
8
0
8
0
0
16
24
0
0
24
8
-16
48
-8
0
32
0
8
8
32
16
-16
0
40
24
-32
-24
56
24
-8
-16
24
48
-32
-8
48
0
-16
-16
8
24
-56
0
0
0
0
-56
16
56
-40
-40
0
16
-16
-88
0
32
-24
-72
-16
72
-32
-80
0
40
-16
-72
0
16
0
-32
-48
48
16
-64
-32
24
32
-40
-48
16
24
-8
-48
-16
40
8
-56
0
48
24
-48
-32
56
16
-80
-8
48
0
-32
-16
24
56
-48
-72
72
32
-72
0
32
-8
8
-16
-40
24
32
-32
0
0
-24
56
0
-80
0
112
-48
-72
88
8
-72
16
56
-48
-48
56
40
-48
0
32
0
16
16
0
-16
72
0
-16
16
8
112
-16
-56
80
80
-24
-24
48
32
0
32
-8
0
88
-24
0
96
0
-8
24
48
16
-16
0
32
24
24
0
0
48
0
-24
0
48
0
-32
0
24
0
-32
-64
48
56
-88
-72
120
0
-120
0
48
-80
-72
96
-32
-112
32
64
-80
-132
56
72
-132
-56
8
0
40
-64
-148
56
164
-148
-148
132
88
-132
-88
72
16
-64
0
32
0
48
-24
-8
32
-24
-16
16
40
0
-40
72
80
-132
-8
132
16
-104
-32
132
72
-96
-72
112
104
-96
-112
64
132
-16
-104
0
88
40
-96
-72
88
48
-56
-32
32
-16
-16
40
-64
-56
72
48
-132
-24
112
16
-132
-56
132
-16
-148
0
120
-32
-104
32
0
0
16
-72
-32
48
48
-40
-96
72
24
-48
-40
-24
72
16
-16
-24
0
56
40
-104
-56
132
72
-132
0
80
32
56
-72
-32
132
72
-132
-16
96
-8
-16
40
-16
-24
88
32
-148
0
180
16
-148
-24
96
96
-120
-180
164
132
-112
-96
96
64
-32
-16
-32
-24
24
132
-80
-164
164
132
-104
-104
72
72
32
-56
-88
112
132
-148
-88
180
72
-64
-40
24
80
72
-88
-16
120
32
0
24
-40
-32
196
24
-276
96
276
-120
-180
88
32
8
56
-148
-56
244
-8
-324
-16
196
56
-244
-148
244
96
-260
-164
180
132
-260
-64
72
-80
104
-64
-212
64
112
-88
-132
96
0
-132
56
-32
-196
56
132
-148
-148
80
120
-72
-96
-40
88
164
-132
-276
180
292
-244
-260
292
148
-180
-24
88
0
16
80
-148
-48
228
8
-148
-40
164
96
-164
-120
164
212
-132
-212
132
148
-24
-120
-80
244
228
-196
-228
180
292
-132
-324
180
212
-148
-56
88
0
0
112
-80
-112
260
72
-244
64
212
-48
-132
0
104
132
8
-164
-64
308
96
-396
-72
396
164
-372
-8
276
24
-180
80
-16
-148
492
-132
-620
428
460
-356
-428
356
492
-356
-228
260
32
-16
-56
-276
148
260
-104
-292
72
356
-64
-340
0
396
-132
-276
8
164
24
-196
8
8
132
-24
-244
0
292
-104
-324
132
148
-132
-276
104
148
-164
-212
164
132
-164
-80
-24
56
80
-132
-148
148
-64
0
24
-276
132
148
-324
48
228
-120
-56
-40
64
120
-80
-104
48
80
16
-8
-132
-16
228
24
-372
212
244
-228
-104
324
-24
-324
260
132
-260
16
244
-148
-148
276
80
-324
0
396
-80
-324
292
324
-308
-56
112
32
0
-8
56
-96
72
148
-180
-64
164
-32
-32
-24
40
72
-48
-72
104
8
-24
-88
132
40
-292
148
164
-196
-80
72
132
-120
-24
88
-244
96
308
-396
-340
556
340
-716
-292
844
80
-780
212
588
-228
-260
132
180
-96
-40
148
-72
-48
292
-112
-132
-16
276
88
-396
212
212
-48
0
-24
8
16
164
64
-340
-40
652
-88
-684
276
620
-356
-524
356
212
-64
-180
-148
276
292
-428
-396
428
276
-372
-308
356
244
-276
-396
-88
652
-164
-780
148
780
-276
-748
180
196
32
-132
-428
-104
684
56
-1052
164
924
-492
-588
-16
228
340
-428
-652
428
780
-620
-924
844
620
-844
-308
460
292
-260
-292
104
356
64
-620
212
652
-180
-684
396
924
-620
-652
876
620
-492
-492
340
812
-120
-652
164
1052
164
-1308
260
1372
-212
-924
428
1116
-460
-748
588
292
16
-132
-148
460
72
-324
8
492
-72
-308
324
148
-292
-96
132
228
-40
-340
64
588
-164
-988
492
716
-812
-524
876
260
-844
0
244
-196
164
48
-396
196
556
-396
-748
276
460
-292
-260
-132
340
372
-556
-492
340
396
-260
-812
428
844
-716
-556
292
308
-260
-308
16
244
372
-556
-620
716
244
-988
-276
844
64
-716
-32
372
-164
-460
0
112
-8
-340
0
308
-96
-684
-80
876
-428
-924
244
748
-196
-924
-72
924
40
-844
-340
812
748
-1372
-244
1308
24
-988
88
844
-244
-196
-120
276
556
-524
-396
556
460
-308
-164
428
24
260
112
-876
748
684
-748
-132
716
428
-652
-56
620
-112
16
244
-260
492
308
-652
276
460
-212
-276
588
460
-924
292
1116
-652
-324
524
-32
-24
292
-212
-112
812
-64
-780
620
556
-1052
428
812
-524
-80
244
276
-196
-148
148
-24
-104
292
-120
-356
292
104
-148
-16
88
-260
-324
308
104
-588
80
324
-244
-164
-88
-148
8
-8
-164
-324
164
308
-620
-292
292
0
-652
24
492
-372
-180
-16
56
104
-196
-244
-164
292
308
-924
-112
1180
-356
-924
748
588
-780
-556
812
40
-556
228
88
112
164
-428
-524
340
924
-524
-1052
924
716
-556
-876
524
780
-844
-196
652
-88
-812
492
844
-1116
-492
988
212
-620
-244
112
132
196
-396
-780
780
428
-924
0
340
80
-588
-80
812
-652
-780
780
556
-844
-372
652
-56
-372
308
-212
-276
716
244
-1052
324
812
-812
-104
460
-88
-308
356
340
-460
164
716
-524
-524
988
460
-1052
-24
1436
-40
-1180
524
780
-180
-164
64
64
524
460
-876
96
1372
-64
-1372
460
1372
-372
-924
104
716
716
-652
-924
1116
988
-1116
-652
988
844
-988
-588
716
620
-56
-988
260
924
-48
-876
-88
748
24
-620
132
524
-684
96
988
-684
-1308
1116
1052
-1564
-716
1116
716
-812
-844
48
988
-132
-1308
228
1244
-340
-1052
196
588
-88
-748
-164
780
460
-988
-196
812
-196
-292
-112
324
-132
-492
340
80
-340
112
260
-276
-88
276
-88
-492
-96
428
212
-372
-196
372
372
-372
-1180
844
1244
-1436
-716
1244
428
-1308
132
876
-780
-244
492
-276
-428
556
-64
-812
428
396
-1116
-324
1308
56
-1756
40
1692
-460
-1564
228
988
56
-924
-652
924
588
-1244
-372
1116
180
-716
-588
988
196
-924
-196
276
1116
-428
-1116
684
1500
-684
-1372
1116
924
-1180
-48
988
-292
40
96
-228
556
620
-460
-588
1372
524
-1564
-32
1756
120
-1180
396
1052
0
-748
88
748
-104
-180
180
460
16
-396
-292
460
524
-588
-48
340
308
-396
-684
652
148
-652
308
492
-492
-780
716
492
-924
-324
460
652
-492
-1052
556
1052
-748
-924
652
684
-716
-652
372
-40
460
-80
-876
460
988
-684
-1308
988
876
-876
-428
524
372
-396
-196
-308
308
652
-524
-988
988
924
-1244
-524
844
588
-1052
-308
716
260
-324
-556
308
588
-356
-1180
460
1244
-924
-1308
1116
1052
-1436
-988
1180
812
-1116
-876
684
988
-524
-1564
620
1756
-1052
-1884
1308
1628
-1372
-1500
1052
1564
-1116
-1564
1308
1308
-1180
-1052
1180
812
-924
-844
684
844
-308
-748
244
1244
-180
-1436
428
1628
-652
-1308
924
1244
-620
-716
684
780
-396
-492
180
620
112
-492
228
492
-260
-120
164
-40
-196
244
112
-72
32
64
372
0
-684
-132
844
196
-988
-228
1180
88
-1436
-396
1564
16
-1756
556
1308
-620
-1244
-40
988
-112
-988
-120
988
228
-1564
-396
1436
-212
-1436
120
1436
-308
-1308
556
748
-292
-876
-212
1180
212
-1116
-260
1372
396
-1980
-40
1820
-308
-1500
228
1628
-32
-844
-120
588
684
-588
-780
492
1180
164
-1052
48
1372
72
-1052
-212
1180
492
-716
-460
748
1052
-988
-748
1372
780
-988
-492
684
492
-104
-524
104
716
212
-588
-620
588
652
-748
-812
716
1372
-924
-1436
1180
924
-1180
-812
620
588
-292
-492
-396
260
684
-988
-1116
924
924
-924
-1052
748
748
-812
-620
228
132
112
-56
-684
32
988
-524
-1180
340
988
-276
-1244
72
924
32
-1052
-132
924
292
-988
-428
716
492
-588
-924
428
988
-492
-988
396
588
32
-492
-356
620
588
-588
-876
588
812
-428
-556
428
340
-24
-292
-308
460
356
-244
-324
276
460
-80
-120
292
212
72
-40
-56
228
88
164
212
-148
96
340
40
-356
88
524
56
-372
372
524
-88
-196
-24
396
132
-428
-148
340
260
-308
-372
428
308
-356
8
164
8
56
-228
-492
212
460
-356
-492
684
396
-780
-340
460
48
-492
-132
276
492
-396
-308
588
164
-780
-244
748
-96
-716
120
492
-228
-460
0
492
-180
-524
132
260
-48
-428
96
524
-244
-396
260
276
-460
-196
492
164
-620
-88
812
-40
-924
-64
1052
-244
-1180
396
988
-556
-876
460
716
-428
-812
356
308
-292
-292
8
372
-40
-292
-112
32
164
-212
-276
228
164
-180
-88
212
148
32
24
0
164
-24
72
8
-16
228
-148
132
340
-96
-80
276
276
-164
-96
308
164
-148
-132
196
396
-292
-244
372
112
-212
8
324
-56
-372
196
556
-428
-428
460
244
-556
-148
460
-148
-492
-72
132
-164
-180
-64
-164
-244
-24
132
-196
-164
260
-40
-492
-120
212
-228
-324
96
148
-88
-88
24
112
-40
-196
88
56
-148
24
-72
-56
212
-32
-164
324
164
-292
96
356
-48
-228
120
356
104
-16
308
340
0
16
32
48
132
72
-80
72
276
72
-260
-8
356
56
-276
148
460
0
-308
164
428
-164
-260
308
212
-212
-120
260
148
-292
-212
96
148
-196
-244
164
244
-260
-276
164
32
-244
-104
148
112
-212
-148
148
-32
-308
-64
148
-88
-196
0
164
-112
-164
164
-88
-396
0
212
-180
-260
72
180
-112
-244
16
164
-132
-260
0
112
-16
-324
-120
212
24
-88
40
132
-104
-324
-56
148
-72
-96
164
196
-112
-120
112
0
-132
32
260
228
-48
-212
40
120
-16
48
244
228
72
0
-40
132
196
-80
32
308
112
-16
164
196
48
0
88
40
0
212
228
32
24
24
-56
32
132
48
64
212
96
-88
48
244
24
-120
148
180
-212
-132
180
-64
-196
80
120
-180
-196
32
-16
-164
-16
148
164
-80
-180
-72
-48
-196
-276
8
32
-212
-112
104
-148
-292
-96
0
-24
-120
-40
32
-164
-228
-64
-56
-104
-96
0
56
-48
-164
-132
-80
-88
-212
-96
196
64
-196
-80
148
-56
-276
-148
104
56
-164
-40
120
48
-164
-132
72
40
-24
24
104
164
-48
-132
96
112
72
88
88
180
104
-48
56
148
48
-8
180
196
80
228
196
16
32
112
64
0
112
112
-24
-8
148
88
32
148
120
-32
-32
32
16
0
48
196
40
-16
-24
-132
-56
-132
-164
-24
-8
-148
-120
-48
-72
-64
-40
-80
-96
-164
-164
-212
-120
-24
-80
32
88
16
-48
0
-80
-164
-8
40
-32
32
212
132
-24
-8
-8
-24
-48
-96
96
276
104
-8
196
104
-180
0
132
-48
-96
104
212
112
8
180
244
-8
-112
48
112
-8
-48
8
56
0
-112
-24
96
0
-180
-80
-80
-196
-132
32
40
8
-40
-32
-96
-292
-244
-164
-196
-88
24
-56
-32
-48
-132
-164
-32
104
0
32
212
132
-80
0
148
56
-64
56
228
56
-40
96
164
64
40
164
88
16
24
-32
-24
64
40
80
148
164
164
96
112
24
-8
-8
-40
-48
0
0
-32
56
88
24
-24
0
56
32
-72
-32
0
-56
8
196
276
292
164
228
340
120
-32
112
164
-120
-64
32
-32
-72
16
8
-104
-88
24
-40
-96
56
-48
-196
-196
-48
-16
-196
-244
24
-56
-492
-324
-16
-212
-428
-244
-24
-180
-292
-148
-16
-120
-260
-228
-180
-260
-396
-292
-80
-180
-244
-148
-112
-32
0
56
180
132
-88
-40
80
8
-196
-104
132
-40
-244
-80
64
-228
-340
-164
-228
-212
-228
-244
-196
-148
-32
0
112
148
16
-16
32
-16
-48
16
56
72
88
260
396
372
492
460
460
492
588
684
652
652
716
780
844
924
988
988
876
876
844
812
748
620
620
748
812
780
924
924
652
460
324
324
148
-32
64
0
-112
-24
212
396
164
104
244
-72
-492
-652
-748
-988
-1308
-1372
-1308
-1500
-1692
-1692
-1692
-1820
-1980
-1884
-1820
-1820
-1628
-1372
-1308
-1244
-1116
-1052
-988
-988
-924
-876
-924
-988
-924
-924
-812
-620
-460
-372
-132
96
-80
-72
164
96
-40
24
164
260
492
588
716
924
1052
1052
1180
1308
1180
988
988
1052
924
988
1180
1180
1116
1052
876
812
844
780
716
876
988
844
844
924
780
780
876
812
556
556
684
748
1052
1500
1820
2236
2748
3900
5116
5372
4604
3388
1980
524
-492
-1244
-2108
-2236
-1820
-1756
-2108
-2108
-2236
-2748
-3516
-3516
-3260
-3260
-3004
-2236
-1244
-924
-652
-80
132
132
56
-428
-1244
-2108
-2620
-2364
-2108
-1980
-1884
-1628
-1500
-1756
-2108
-2108
-2364
-2748
-2620
-2108
-1692
-1180
-292
524
1180
1980
2620
2364
1820
1436
812
-292
-1180
-1372
-1564
-1692
-1244
-308
180
120
324
876
684
132
276
356
196
260
876
1500
1564
1500
1820
1820
1564
1436
1372
1500
1244
1052
1308
1180
988
924
924
748
324
196
196
8
80
260
620
844
924
1436
1980
1980
1884
1980
1980
1692
1628
2108
2364
2364
2620
2876
3900
5628
6652
6396
4860
2364
120
-1500
-2748
-3900
-4092
-3260
-2620
-2364
-2236
-1980
-2364
-3260
-3388
-3388
-3644
-3388
-2492
-1436
-588
0
396
524
340
-260
-1500
-3004
-4348
-5116
-5116
-4860
-4604
-3644
-2876
-1884
-988
-260
24
-492
-1500
-2108
-2364
-2236
-1692
-556
844
1820
2620
4092
5116
3772
1884
460
-1116
-3388
-4604
-4348
-3644
-2364
-844
588
1692
2108
1692
1116
844
684
-72
-492
684
1820
1884
2364
3388
3004
1628
1116
924
-372
-1564
-1564
-1052
-924
-524
652
1500
1436
1372
1564
1372
748
356
588
716
684
1116
1980
2748
2876
3004
3388
3388
2620
1980
1820
1436
620
96
196
260
-16
104
356
324
308
556
1308
2108
2748
4092
6140
8316
8316
6908
4092
1564
-372
-2236
-3900
-4604
-4604
-4348
-4348
-4348
-3900
-4092
-4604
-4604
-4092
-4092
-3900
-2620
-1052
-228
308
1116
1628
1308
748
48
-1564
-3644
-5116
-5116
-5116
-5628
-5372
-4092
-2876
-2108
-1628
-1436
-2108
-3132
-2620
-1692
-1564
-1564
-428
1180
2236
3260
4348
4348
3772
2876
1436
-308
-1628
-3004
-4348
-4092
-2364
-924
72
1980
3004
2236
1884
2236
1500
48
104
988
988
1308
2748
3388
2748
2108
1884
924
-492
-988
-988
-1052
-1052
-276
924
1564
1820
2108
1884
1244
588
260
260
132
72
684
1628
2364
3004
3644
3900
3388
2620
2364
1820
988
324
-104
-428
-652
-460
-228
-212
-356
-492
-556
-556
-460
-492
-308
652
2108
3772
6396
8828
9852
8316
5628
2364
-684
-3004
-4604
-5372
-5372
-4604
-4092
-3772
-3644
-3900
-4604
-4860
-4860
-4604
-4092
-3260
-1436
64
988
1980
2492
2236
1980
876
-844
-3388
-5372
-6908
-7676
-6908
-5884
-4604
-2876
-1244
-372
180
244
-684
-1980
-2748
-2492
-1500
104
1692
3004
4092
5116
5628
5116
4348
3132
1116
-1180
-2876
-3772
-3772
-2748
-1372
460
2364
3004
3004
3388
3260
1692
88
-40
356
212
748
2364
2748
1756
1436
1756
924
-780
-1244
-716
-588
-396
620
1692
1564
1116
1436
1564
524
-684
-988
-1116
-1436
-1116
40
988
1564
2492
3644
4348
3900
3260
2876
1980
924
244
-196
-844
-1308
-1116
-652
-684
-876
-924
-1244
-1436
-1180
-588
96
924
1692
1980
2364
2748
3388
4348
6396
8316
8828
6396
3004
-292
-3260
-5628
-6396
-6396
-5628
-4348
-3260
-2748
-2620
-3004
-3772
-4348
-4348
-4092
-3132
-1500
372
1820
2620
3004
2876
2236
1244
-556
-3004
-5372
-7164
-7932
-8316
-7932
-6652
-4348
-1884
396
1884
2236
1180
-340
-1436
-2108
-2108
-684
1244
2620
3644
4860
5628
5116
3388
1564
492
-652
-2748
-4604
-4604
-3900
-3132
-1564
1308
3772
4348
3900
4092
3772
2364
524
-24
556
620
988
2748
4092
3388
2108
2108
2108
556
-460
104
228
-460
-32
1180
1436
684
492
780
228
-556
-588
-308
-292
-104
988
2492
3260
3900
4348
4348
3516
2236
1628
1244
148
-844
-1116
-1436
-2108
-2108
-1628
-1308
-1564
-1756
-1372
-1052
-748
-276
428
1052
1436
2236
3132
3388
3004
2236
1500
1116
2108
4348
5884
4860
2620
276
-1436
-3132
-4860
-5372
-5116
-4348
-4092
-3388
-3004
-3260
-3900
-3516
-2620
-2108
-1884
-924
492
1244
1308
988
396
-716
-1628
-1884
-2364
-3900
-5628
-6396
-6396
-5884
-5116
-3644
-2108
-780
356
988
924
-112
-1564
-1980
-1052
-64
492
1244
2236
3004
3388
3516
3644
3644
2620
876
-924
-2236
-3388
-3772
-2748
-556
1980
3260
3516
3900
4092
2876
876
0
-196
-924
-988
1052
2748
2620
2236
3132
3388
1980
988
924
24
-1308
-1244
-228
-112
-620
-180
844
988
556
588
588
-276
-876
-228
684
1308
2108
3132
3900
3772
3260
2876
2236
1116
-88
-748
-1372
-2364
-2748
-2364
-1820
-1308
-212
780
1308
1564
1884
1980
1372
1052
1308
1564
2108
2620
3004
2748
1980
1436
1980
3388
4860
5372
4092
1980
48
-1244
-2364
-3260
-3644
-3516
-3260
-2876
-2748
-3004
-3772
-4348
-4092
-3260
-2748
-1980
-876
64
588
716
372
-652
-1756
-2236
-2748
-3772
-5116
-6140
-6908
-6652
-5884
-4604
-3388
-2236
-1372
-460
-120
-460
-1116
-1884
-1564
180
1500
1980
2108
2492
2748
2492
1884
1564
1564
1436
48
-1436
-1244
-1116
-1980
-1628
588
1692
1372
2236
3644
3516
2364
1980
1564
716
556
1372
1884
1756
1692
1628
1820
1884
1628
1244
844
460
148
132
324
80
-492
-428
132
396
556
780
988
924
652
1180
1884
1980
2108
2492
2492
1980
1820
1884
1628
1116
684
72
-324
-684
-780
-524
-524
-556
-356
0
308
556
876
1180
1372
1564
1820
2108
2492
2236
1628
1244
780
748
2364
5116
7164
6396
4348
2236
-48
-2236
-3900
-4860
-5372
-5372
-5116
-4348
-3772
-3900
-4604
-4348
-3516
-3260
-2876
-1980
-1116
-588
-372
-180
-460
-1180
-1436
-1500
-2236
-3900
-5628
-6652
-7164
-6908
-5884
-4348
-3132
-1756
-356
524
556
-132
-1116
-1884
-1372
-24
924
1436
2108
2876
3772
4092
4092
3772
3004
1372
-812
-2108
-2748
-3132
-2492
-588
1820
3388
3772
4348
4860
4092
2492
1308
812
244
-16
1116
2492
2364
1980
2364
2876
2236
1308
1308
924
-148
-276
556
812
104
16
780
1052
684
492
372
-340
-988
-620
524
1372
1820
2492
3260
3388
3260
3004
2748
1980
1052
396
-48
-844
-1756
-1884
-1500
-1308
-876
0
620
876
1116
1500
1564
1244
988
812
780
988
1116
780
460
180
-492
-684
652
3004
4860
5372
4860
3132
588
-1756
-3516
-4860
-5628
-5628
-5116
-4348
-4092
-4092
-4092
-3772
-3516
-3516
-3260
-2620
-1756
-1052
-748
-924
-1436
-1692
-1564
-1436
-1884
-3132
-4604
-5372
-5628
-5372
-5116
-4604
-3644
-2108
-340
780
988
228
-876
-1372
-620
292
524
876
1820
2620
3260
4092
4348
3644
2876
2620
1692
132
-652
-988
-1372
-620
1180
2364
3004
4348
4860
3900
3260
2876
1436
-40
308
1180
1180
1500
2492
2748
1980
1820
2108
1436
396
324
524
104
-260
104
716
876
748
876
988
260
-652
-924
-844
-1052
-1052
88
1372
2108
2620
3132
3132
2620
2108
1884
1372
196
-924
-1372
-1628
-1884
-1980
-1372
-812
-524
72
780
1052
844
524
460
308
-148
-164
308
428
356
652
716
212
716
2876
5372
6652
6396
4348
1628
-1244
-3644
-5116
-5884
-5884
-5884
-5116
-4348
-3900
-4092
-4348
-4092
-4092
-4092
-3132
-1564
-260
492
748
748
428
-72
-460
-1116
-2620
-4348
-5628
-6140
-6396
-6140
-5628
-4604
-3132
-1308
492
1308
1052
292
-460
-924
-244
1564
3004
3388
4092
4860
5372
5372
4604
3260
2620
1980
80
-1372
-1244
-1180
-1692
-684
1564
2876
3388
4092
4092
3388
2492
1564
684
716
1308
1500
2108
3260
3516
2364
1628
1436
356
-1244
-1564
-1116
-1308
-1564
-924
-340
-492
-652
-308
-8
-396
-780
-748
-620
-428
244
1180
1980
2620
3260
3772
3644
2876
1980
1180
244
-812
-1372
-1820
-2364
-2620
-2236
-1628
-1180
-812
-112
652
1116
1500
1756
1692
1308
988
988
924
780
844
924
812
684
276
-428
-244
1500
4092
5628
5372
3388
652
-1884
-3900
-5116
-5884
-5884
-5372
-4604
-3260
-2236
-2236
-2748
-3132
-3260
-3388
-2876
-2108
-1500
-1116
-748
-292
-212
-684
-1436
-2364
-3260
-4092
-4860
-5116
-5372
-5372
-4604
-3260
-1564
196
1500
1980
1820
1244
492
492
1308
1692
1820
2620
3772
4348
4860
4604
4092
3900
3132
1244
-164
-620
-1308
-2108
-1308
780
2236
2748
3260
3900
3772
2876
1980
1308
812
8
-148
1052
2364
2108
1628
1564
1052
-396
-1244
-1116
-1244
-1756
-1500
-460
228
428
684
812
428
-260
-588
-620
-924
-1116
-844
-244
524
1436
2492
3132
3004
2364
1756
1116
340
-428
-924
-1244
-1692
-1628
-924
-164
-80
-24
460
684
588
812
1308
1308
812
748
876
812
620
684
812
876
844
492
-64
-684
-1308
-844
1052
3516
5116
5116
3644
1628
-924
-3260
-4860
-5628
-6140
-5628
-4604
-3388
-2748
-2620
-2620
-2748
-3004
-3260
-3132
-2748
-2108
-1372
-652
-308
-492
-1052
-1500
-1980
-2492
-2748
-3004
-3132
-3388
-3388
-2876
-2236
-1436
-524
524
1308
1436
1436
1820
1980
1244
620
876
1500
2108
3132
4092
4348
4860
3900
2236
1244
652
-716
-1756
-1180
64
748
1500
2364
2492
2108
1980
1980
1564
876
308
-24
276
748
924
1052
1116
812
276
72
16
-276
-620
-460
-64
292
556
780
780
460
64
-180
-396
-556
-588
-492
-148
324
844
1372
1692
1628
1500
1372
1180
1116
1052
812
460
72
-56
-244
-428
-428
-428
-428
-260
80
244
324
524
684
684
652
588
340
64
40
228
492
588
292
-80
-460
-924
-748
524
2364
4092
4348
3388
1308
-988
-2876
-4348
-4860
-4860
-4604
-3900
-3260
-2748
-2748
-3004
-3516
-4092
-4348
-4092
-3644
-2876
-1980
-1052
-356
0
-72
-340
-716
-1308
-1628
-1820
-1980
-2108
-2108
-1820
-1436
-844
-148
524
844
812
988
1116
716
308
212
396
924
1980
3260
4604
5628
5372
4092
3132
2108
844
-428
-924
-716
-428
308
1372
1820
1500
844
356
32
-196
-396
-492
-132
396
876
1564
2236
1980
1436
1116
876
492
16
-244
-556
-844
-748
-428
0
396
492
492
396
164
64
-8
-32
40
324
716
1052
1436
1820
1756
1628
1564
1436
1244
1052
652
148
-196
-428
-460
-460
-396
-180
32
372
684
716
460
96
-148
-356
-684
-780
-812
-748
-556
-132
228
212
-196
-684
-988
-1052
-396
988
2364
3132
2748
1564
196
-1052
-2108
-2876
-3260
-3644
-3772
-3772
-3644
-3644
-3772
-3900
-3900
-4092
-4092
-3644
-3132
-2748
-2236
-1692
-1052
-748
-652
-372
-244
-324
-356
-340
-460
-588
-620
-460
-292
-88
276
460
588
924
1308
1180
716
460
460
524
748
1564
2876
3900
3900
3900
3772
3388
2364
1308
844
652
396
308
844
1116
556
-132
-356
-428
-844
-1372
-924
-40
324
748
1692
2236
2108
1692
1820
1884
1308
716
844
812
196
-112
244
292
-132
-48
356
324
-48
-244
-24
64
-72
212
748
876
988
1372
1692
1756
1564
1628
1756
1564
1180
780
276
-164
-492
-620
-556
-524
-652
-652
-588
-652
-684
-716
-780
-812
-780
-748
-652
-492
-244
56
196
148
-180
-620
-876
-1116
-1244
-988
-492
-48
396
524
340
-164
-876
-1692
-2236
-2620
-2876
-2876
-2492
-2108
-1980
-1884
-1980
-2108
-2364
-2620
-2748
-3004
-3260
-2876
-2236
-1820
-1564
-1308
-1052
-924
-924
-780
-652
-812
-988
-652
96
780
1244
1692
2108
2236
2492
2876
2748
1980
1052
556
340
212
460
1116
1692
1820
1980
2236
2236
1564
780
340
104
40
88
340
780
1052
1116
1308
1692
1564
876
308
88
-228
-620
-524
-24
228
324
924
1692
1820
1628
1564
1116
524
292
340
460
428
396
588
988
1180
1052
1052
1052
524
276
556
492
24
-148
-112
40
356
684
844
780
460
164
212
212
-340
-684
-620
-652
-308
104
96
-8
-104
-260
-292
-308
-556
-988
-1180
-988
-924
-556
-180
-428
-748
-876
-1116
-1500
-1692
-1980
-2364
-2748
-2492
-2364
-2236
-1980
-1756
-1564
-1372
-1180
-988
-812
-812
-716
-620
-556
-620
-684
-524
-372
-196
-48
-80
-180
-276
-308
-292
-196
-48
48
308
716
1116
1372
1436
1308
1116
1116
924
556
228
56
-80
-88
88
260
372
428
524
588
556
292
-48
-212
-260
-292
-196
48
308
492
652
748
748
684
556
460
324
196
72
-112
-104
16
120
180
180
340
460
492
524
556
492
588
876
1052
1052
988
988
924
1052
1180
1180
876
780
924
1116
1116
988
780
492
396
428
460
372
180
-16
-120
-180
-340
-620
-748
-748
-684
-652
-652
-780
-876
-716
-588
-428
-372
-492
-396
-324
-396
-460
-460
-556
-652
-620
-460
-324
-324
-396
-428
-652
-924
-1180
-1372
-1564
-1756
-1820
-1692
-1436
-1180
-1052
-988
-748
-620
-492
-228
-48
64
132
212
460
748
716
620
428
196
-40
-132
-88
-180
-276
-64
276
524
716
844
988
988
924
988
1116
1052
1180
1308
1372
1436
1372
1244
988
588
120
-244
-492
-716
-988
-988
-924
-748
-428
-148
16
120
88
132
276
276
148
64
148
308
460
492
492
428
180
-24
-96
-276
-620
-844
-876
-620
-396
-212
64
292
428
556
652
620
524
372
372
396
396
396
292
212
148
148
120
72
16
-16
-48
-120
-196
-228
-228
-260
-276
-244
-308
-492
-492
-556
-684
-780
-812
-844
-844
-716
-524
-428
-356
-228
-104
-32
-8
24
56
-80
-324
-524
-716
-924
-1052
-1052
-924
-924
-844
-684
-372
-276
-212
-104
-132
-212
-292
-212
-132
-132
-148
88
492
748
876
924
924
748
428
292
292
164
96
212
524
748
844
924
988
876
588
556
652
588
556
588
684
876
924
924
924
780
524
428
460
276
32
-132
-104
80
244
356
460
428
340
260
308
308
-56
-460
-620
-556
-524
-308
-24
48
-48
-180
-164
-212
-396
-556
-620
-684
-716
-620
-524
-460
-492
-428
-244
-164
-88
132
308
356
324
396
324
64
-40
-80
-104
-148
-244
-260
-372
-460
-356
-260
-276
-308
-260
-244
-276
-292
-276
-428
-556
-460
-260
-64
48
-8
-72
-112
-132
-180
-244
-396
-588
-684
-620
-460
-428
-460
-460
-492
-524
-460
-356
-244
-196
-148
24
212
212
212
228
244
120
72
8
-180
-356
-396
-356
-276
-148
-72
148
324
428
556
620
684
748
716
684
620
524
428
428
460
460
492
556
588
652
684
684
652
652
652
716
748
748
748
684
620
428
180
0
-164
-356
-460
-460
-340
-196
-56
32
104
228
324
372
396
292
132
48
-32
-164
-260
-276
-196
-32
164
260
228
72
-32
-132
-164
-244
-356
-324
-148
104
372
620
684
556
340
340
164
-104
-276
-428
-620
-844
-924
-780
-748
-620
-492
-492
-588
-620
-588
-460
-356
-372
-372
-292
-244
-228
-228
-428
-748
-988
-1116
-1244
-1308
-1308
-1372
-1308
-1244
-988
-684
-524
-556
-460
-340
-260
-88
64
196
308
396
588
812
876
716
588
428
120
-72
-88
-32
-16
0
228
460
556
588
652
620
492
492
588
716
780
876
988
1052
924
748
620
492
340
292
244
308
356
372
460
620
684
684
716
620
460
292
244
228
180
164
180
120
148
244
260
196
112
16
-64
-40
40
88
132
164
120
88
72
-32
-212
-308
-372
-340
-260
-120
16
48
180
372
460
428
308
120
-120
-164
-148
-196
-228
-228
-180
-72
16
24
-164
-428
-492
-556
-652
-748
-716
-556
-428
-356
-196
-96
-228
-396
-492
-620
-924
-1180
-1180
-1052
-924
-748
-492
-324
-292
-396
-428
-652
-988
-1244
-1436
-1436
-1308
-1180
-988
-716
-524
-276
-72
-48
-80
-120
-212
-180
-72
8
212
524
748
924
1052
1116
1052
748
460
180
-112
-196
-104
40
260
588
876
1052
1180
1244
1116
924
876
812
684
620
684
844
876
988
1116
1116
988
812
652
460
260
112
120
72
112
244
372
556
684
620
460
340
340
396
396
324
292
228
164
196
112
-132
-524
-812
-844
-748
-716
-684
-684
-620
-556
-428
-212
-148
-244
-212
-212
-276
-292
-324
-276
-244
-228
-180
-132
-212
-340
-428
-492
-556
-588
-524
-396
-276
-180
16
132
104
56
-96
-228
-356
-492
-524
-492
-492
-460
-428
-340
-308
-340
-340
-292
-228
-196
-164
-16
132
148
180
164
-8
-244
-292
-324
-460
-556
-524
-460
-340
-132
16
48
-8
32
132
212
324
396
428
524
556
652
780
716
620
556
556
428
196
96
-120
-260
-180
-72
0
104
260
396
524
652
748
620
428
260
80
-80
-292
-276
-112
-40
-24
80
228
228
324
396
276
148
56
24
0
-48
-112
-212
-212
-148
-16
120
180
148
112
16
-164
-260
-260
-276
-228
-96
32
180
228
228
180
64
-80
-132
-132
-228
-396
-372
-244
-132
56
212
308
308
228
148
-8
-196
-460
-652
-652
-556
-524
-492
-372
-340
-292
-228
-164
-212
-260
-164
-56
0
16
-48
-72
-88
-164
-148
-196
-324
-324
-260
-148
-96
-72
-32
56
132
180
244
228
104
24
-24
-48
40
180
340
492
556
492
396
396
356
308
260
212
196
260
396
372
276
104
-8
16
56
148
356
524
652
844
988
988
924
780
620
556
460
244
8
-132
-228
-372
-324
-260
-356
-460
-428
-396
-372
-428
-428
-396
-308
-228
-32
180
260
276
292
308
164
-32
-196
-396
-556
-588
-492
-460
-492
-524
-492
-556
-524
-492
-460
-460
-588
-556
-428
-260
-112
24
88
-24
-120
-112
-80
-120
-228
-324
-460
-492
-372
-196
-56
0
88
196
356
492
460
372
212
32
-112
-180
-196
-292
-356
-308
-196
-164
8
228
308
260
164
40
-24
-64
-132
-148
-132
-132
-32
244
460
492
492
428
164
-104
-212
-276
-308
-356
-308
-148
-16
120
180
180
132
132
212
292
356
308
164
120
212
244
244
244
148
24
24
80
56
-8
-40
16
148
292
524
588
556
524
524
524
396
276
276
260
228
196
132
48
72
112
180
356
308
164
0
-112
-148
-148
-164
-88
-24
-40
16
120
96
0
0
-104
-180
-212
-292
-492
-588
-652
-684
-524
-340
-80
132
180
196
228
164
48
-164
-324
-372
-396
-356
-340
-372
-460
-492
-428
-292
-212
-196
-180
-180
-120
-40
148
324
396
428
396
356
228
164
64
-32
-104
-148
-88
-56
-40
-96
-228
-340
-396
-396
-340
-372
-428
-356
-324
-276
-40
88
80
180
396
524
556
556
428
228
0
-104
-132
-260
-372
-428
-292
-132
-104
-32
24
16
112
308
492
556
460
372
372
244
80
-40
-148
-180
-164
-132
-48
8
-80
-56
72
48
0
64
32
-24
48
164
196
244
292
276
212
132
72
-16
-148
-244
-276
-340
-308
-260
-196
-104
-32
-16
16
88
96
80
64
24
32
72
104
132
164
180
180
164
196
212
40
-56
-32
-56
-56
0
48
104
148
196
276
276
132
24
0
-80
-164
-164
-96
-48
-40
0
56
-48
-96
-24
24
16
-32
0
88
88
164
244
164
112
180
228
292
276
148
64
0
-88
-180
-244
-396
-652
-748
-716
-652
-588
-428
-396
-260
-40
112
212
260
292
260
276
276
164
88
48
24
8
32
8
0
72
32
8
8
-88
-196
-148
-120
-132
-48
24
8
88
180
164
88
0
-56
-88
-104
-132
-148
-196
-180
-96
8
96
112
132
164
96
8
-8
-96
-164
-244
-244
-148
-148
-148
-120
-132
-164
-120
-40
24
16
-16
-8
56
88
24
24
0
-24
-32
-24
40
80
48
96
164
132
112
112
80
148
244
292
396
396
396
396
428
460
372
276
148
24
-64
-112
-148
-212
-228
-180
-132
-132
-212
-276
-292
-276
-260
-132
8
88
212
356
460
492
428
356
324
244
72
-40
-148
-308
-428
-492
-460
-492
-492
-492
-492
-588
-684
-716
-652
-460
-372
-276
-48
96
244
460
588
524
396
244
112
0
-96
-212
-324
-428
-428
-308
-148
16
148
196
276
276
244
148
132
120
32
40
148
196
228
292
292
292
292
212
180
164
40
-24
-48
-16
80
164
324
396
460
524
524
428
260
24
-148
-212
-212
-132
-72
0
180
308
396
492
460
324
148
-24
-180
-308
-524
-652
-652
-556
-396
-196
-48
8
0
8
32
-32
-64
-40
0
56
112
196
292
244
180
180
96
0
-148
-244
-308
-396
-428
-460
-428
-492
-460
-356
-308
-308
-276
-276
-308
-244
-148
-72
16
80
164
244
308
340
340
212
88
56
0
-104
-244
-428
-556
-652
-652
-524
-396
-276
-132
-32
72
196
292
372
396
396
356
244
148
32
-120
-212
-244
-196
-180
-104
-72
-40
16
64
148
212
276
292
356
460
524
460
356
244
180
120
80
96
-32
-212
-260
-164
-48
32
88
72
180
244
340
460
524
492
524
620
684
652
492
276
24
-132
-276
-324
-356
-428
-372
-244
-48
120
228
324
340
372
308
292
324
212
48
-24
-64
-96
-132
-132
-96
-212
-292
-292
-340
-460
-524
-428
-396
-292
-164
-64
-24
-24
0
64
88
16
8
-32
-132
-164
-244
-324
-372
-460
-588
-652
-652
-716
-748
-620
-428
-292
-132
88
196
228
276
260
180
40
-24
-56
-56
24
120
148
104
80
-8
-88
-132
-276
-372
-308
-164
48
228
356
428
428
492
492
492
356
148
-24
-148
-180
-64
40
132
244
356
460
524
556
492
396
292
244
228
244
212
148
88
72
80
80
48
-24
-148
-244
-260
-276
-260
-196
-132
-64
0
112
228
244
212
212
196
120
32
-32
-164
-356
-524
-556
-588
-620
-556
-524
-460
-372
-276
-164
-96
-72
-80
-56
-48
-88
-132
-164
-132
-132
-104
-72
-48
-24
-16
-40
-32
-16
-96
-148
-132
-104
-48
0
56
80
64
132
244
308
308
276
276
228
244
276
244
212
212
164
164
164
96
16
-32
-8
16
40
120
148
196
292
372
396
308
196
132
80
72
88
72
32
24
24
32
0
-32
-148
-212
-164
-80
16
132
196
180
228
244
244
244
212
180
132
120
112
88
80
72
72
48
40
48
0
0
0
0
-40
-96
-120
-120
-112
-32
88
180
148
32
-40
-148
-244
-340
-460
-460
-492
-492
-428
-324
-292
-228
-164
-180
-196
-276
-372
-556
-620
-716
-780
-780
-684
-524
-428
-308
-244
-212
-212
-196
-196
-180
-164
-112
-104
-148
-132
-104
24
104
132
196
196
164
148
164
180
120
56
56
72
120
228
340
396
428
492
556
620
684
716
748
748
748
652
684
620
492
396
396
324
260
196
132
56
48
104
112
112
180
212
228
308
340
324
212
120
104
72
8
-112
-228
-372
-428
-396
-292
-212
-164
-72
0
56
56
32
-64
-132
-148
-132
-72
-64
-96
-88
-72
-96
-88
-72
-80
-132
-180
-212
-244
-340
-372
-308
-292
-260
-196
-164
-196
-132
-88
-120
-96
-164
-260
-260
-276
-292
-260
-180
-148
-132
-104
-80
-88
-148
-196
-148
-88
-40
8
0
-40
-148
-244
-372
-492
-524
-524
-524
-396
-212
-40
48
104
180
228
164
132
132
32
0
56
112
180
164
212
308
324
276
228
196
88
64
96
88
24
16
40
64
212
308
372
396
372
292
292
308
308
308
340
356
308
292
212
72
16
-64
-148
-244
-260
-228
-164
-56
56
196
228
228
228
212
120
32
0
-40
-80
-64
-24
-72
-148
-180
-164
-180
-164
-212
-212
-120
-8
88
212
212
164
88
40
16
0
-56
-112
-80
-8
56
132
180
164
148
104
48
-24
-96
-164
-228
-228
-228
-212
-148
-88
-24
24
64
72
8
-40
-16
-8
0
0
-32
-40
-16
-40
-56
-72
-148
-244
-244
-260
-308
-324
-308
-212
-148
-112
-40
40
40
32
24
24
16
-24
0
80
56
-40
-80
-72
-64
-132
-132
-132
-180
-132
-64
8
40
24
72
212
340
428
460
428
396
372
324
212
132
80
40
24
48
104
88
56
72
24
8
88
112
180
196
164
164
132
104
112
88
32
8
-16
-40
-40
-80
-132
-164
-228
-244
-196
-212
-244
-228
-244
-244
-228
-260
-308
-324
-340
-324
-228
-148
-80
-32
8
40
88
88
72
40
0
-80
-212
-260
-340
-340
-324
-260
-228
-196
-88
16
80
164
244
308
396
428
524
524
524
556
556
524
460
340
212
104
72
24
16
-32
-80
-24
48
32
80
180
180
228
292
324
244
132
40
-24
-80
-96
-80
-148
-212
-244
-244
-228
-212
-244
-244
-244
-260
-260
-244
-260
-356
-356
-276
-212
-148
-80
-56
-120
-132
-104
-112
-196
-228
-244
-244
-196
-96
-32
40
104
164
244
228
164
88
-24
-112
-120
-104
-80
0
40
72
120
180
244
228
228
244
228
212
180
132
64
-16
-64
-56
-56
-40
-64
-48
-48
-48
-16
8
-40
-56
-8
0
0
-48
-88
-132
-180
-164
-132
-148
-132
-120
-104
-96
-120
-132
-164
-180
-180
-212
-244
-244
-276
-228
-148
-40
8
32
148
260
276
324
428
460
428
396
396
340
292
228
164
96
0
-64
-64
-48
0
88
132
164
212
260
292
276
212
196
132
104
180
244
244
196
180
196
180
148
96
112
24
-24
40
88
96
96
148
148
120
120
120
56
-8
-48
-132
-196
-212
-228
-228
-228
-244
-260
-276
-276
-308
-276
-196
-132
-80
16
80
132
164
132
56
-40
-148
-324
-428
-460
-428
-460
-428
-340
-308
-276
-212
-164
-148
-104
-64
-32
-16
-8
32
56
40
24
-8
-80
-132
-180
-228
-228
-260
-260
-212
-96
-16
56
104
72
56
88
132
132
148
148
132
164
260
244
260
212
80
16
-24
-112
-196
-244
-244
-228
-164
-8
112
260
396
492
524
556
524
460
396
340
196
88
72
48
-8
-8
-8
-48
-56
-80
-164
-276
-276
-260
-228
-148
-40
-32
-32
8
16
-24
-48
-132
-260
-324
-356
-396
-396
-356
-292
-180
-72
40
132
132
148
88
56
32
-32
-96
-112
-104
-148
-112
-40
40
16
-8
40
16
-40
-64
-32
-56
-32
56
148
212
244
244
292
292
244
276
340
292
276
308
324
324
260
212
164
148
148
120
72
48
32
72
120
164
244
196
148
148
104
32
16
48
72
72
96
148
180
132
132
132
132
104
0
-16
-64
-104
-96
-88
-64
-96
-180
-196
-180
-212
-180
-148
-164
-148
-40
-16
16
80
8
-64
-56
-96
-212
-244
-244
-244
-260
-228
-180
-212
-244
-260
-228
-180
-196
-148
-64
-56
-64
-16
40
40
-8
-24
-56
-164
-244
-260
-260
-308
-292
-308
-308
-324
-276
-228
-244
-292
-372
-428
-428
-372
-340
-292
-196
-96
-40
72
212
212
164
132
64
0
-64
-96
-96
-132
-112
-64
-8
-8
16
64
40
16
16
16
64
112
196
244
244
276
308
324
356
324
260
244
276
324
396
396
396
356
276
276
228
180
212
244
276
308
308
372
428
492
492
492
460
396
356
340
324
244
180
132
148
112
80
132
132
112
148
148
96
88
80
16
24
-32
-64
-40
-24
-32
-32
-56
-96
-96
-148
-228
-292
-276
-292
-244
-164
-148
-132
-112
-120
-132
-180
-260
-276
-308
-324
-292
-260
-244
-228
-180
-132
-96
-80
-120
-196
-260
-356
-396
-372
-324
-292
-276
-260
-260
-260
-276
-244
-228
-308
-372
-396
-372
-356
-340
-292
-260
-228
-212
-132
-72
-72
-88
-104
-72
-24
8
8
16
32
24
32
96
88
88
72
64
148
196
244
324
340
340
324
340
372
340
340
340
340
356
340
340
340
340
308
260
212
148
132
120
120
148
112
88
180
196
180
164
112
64
0
-40
-8
-16
-24
8
40
32
16
-8
-80
-132
-164
-212
-244
-212
-148
-96
-64
-8
16
-32
-88
-132
-212
-260
-292
-244
-148
-96
-16
56
64
32
0
-56
-164
-212
-244
-228
-148
-64
0
88
164
164
88
32
32
0
-32
0
8
-24
16
88
164
180
164
120
16
-56
-96
-148
-196
-148
-72
32
180
260
244
228
196
164
132
112
64
16
40
56
88
148
132
96
72
40
-16
-48
-80
-120
-104
-72
0
88
196
276
292
244
164
96
32
-48
-112
-132
-148
-132
-32
16
-24
-48
-132
-228
-260
-260
-196
-180
-164
-104
-40
-8
16
72
40
-24
-48
-88
-132
-164
-212
-260
-292
-356
-340
-244
-164
-80
-40
-16
-40
-72
-32
-8
16
56
40
72
104
96
80
16
-64
-72
-88
-96
-56
-64
-48
-40
-32
16
16
0
24
16
24
88
132
164
148
132
112
96
72
0
-96
-148
-164
-148
-132
-88
-40
-8
32
104
132
148
164
132
120
120
132
132
132
120
88
64
16
-16
-40
-64
-40
8
80
180
244
292
308
308
340
340
324
324
276
212
196
132
120
148
132
104
120
120
104
104
96
80
40
32
112
164
212
212
180
180
148
40
-32
-80
-180
-244
-212
-148
-180
-212
-212
-180
-164
-164
-180
-228
-244
-260
-212
-196
-228
-212
-212
-228
-212
-228
-292
-356
-372
-372
-356
-340
-324
-308
-308
-276
-292
-308
-292
-276
-292
-244
-180
-148
-72
0
24
40
0
-56
-72
-72
-56
-72
-80
-24
0
32
96
112
96
56
8
-24
-8
24
72
132
196
244
244
228
260
244
212
164
132
132
148
196
244
260
276
244
212
228
132
24
32
48
88
180
276
340
372
396
396
396
324
228
120
40
-32
-72
-48
24
80
80
104
96
32
40
16
-40
-40
-48
-32
80
164
196
212
196
180
148
72
-48
-164
-292
-356
-396
-356
-356
-372
-324
-212
-148
-112
-120
-180
-244
-244
-196
-196
-180
-148
-104
0
72
64
24
-56
-148
-212
-276
-292
-292
-244
-164
-88
-64
