SAMPLES:	7507
BITSPERSAMPLE:	16
CHANNELS:	1
SAMPLERATE:	16000
NORMALIZED:	FALSE
120
-32
80
80
0
132
-8
64
112
0
48
112
16
0
96
-8
24
104
-48
40
72
-40
56
32
-24
24
32
-32
32
16
-24
32
-40
8
-40
-48
-16
-56
-40
-48
-40
-24
-48
-72
-56
-8
-132
-56
-24
-148
-40
-48
-96
-120
-8
-96
-72
-16
-104
-40
-24
-80
-88
8
-40
-72
-40
-16
-56
-80
-16
-56
-56
-32
-40
-32
-16
-16
-32
-24
0
-8
-24
24
0
-8
-8
24
8
-56
72
32
-32
56
-8
80
-8
8
96
16
8
32
32
0
24
0
48
16
48
48
40
72
8
24
40
48
48
-8
96
80
-16
80
64
0
48
72
16
56
64
-16
72
72
-16
48
104
-8
-8
56
32
-16
-8
24
32
0
0
32
0
-16
-64
0
24
-104
0
32
-48
-56
24
-48
-72
24
-80
-16
16
-80
-8
0
-64
-48
-8
-32
-16
-40
-88
-16
0
-132
-8
16
-120
-48
16
-32
-24
-8
8
-16
-24
24
-40
-40
-48
0
-8
-48
48
8
-32
40
8
40
-16
64
104
-104
80
88
-88
40
80
-24
64
64
-8
8
56
32
16
64
32
0
72
72
-24
80
40
8
72
0
56
72
-8
88
40
-56
64
16
48
24
-8
72
0
-24
48
8
8
8
0
72
-16
-16
24
64
0
-56
0
56
-48
-32
8
-64
16
-80
-96
8
-24
-48
-48
0
-64
-104
-16
-96
-64
-48
-48
-72
-88
-64
-132
-24
-48
-112
-8
-48
-148
-72
-72
-96
-72
-104
-48
-56
-48
-56
-80
-8
-72
-16
-40
-48
80
-104
-48
72
-40
-32
-8
8
32
-32
48
48
-40
96
0
32
80
32
112
32
80
24
64
112
-32
120
132
24
112
104
72
88
80
40
64
120
88
-40
180
120
8
80
48
148
-8
32
112
-8
72
96
-40
80
80
-32
24
32
72
16
0
16
56
32
-48
24
112
24
-96
24
104
-56
0
24
0
40
-40
-40
0
40
-96
-32
8
-56
0
-56
-96
16
-40
-132
-56
-32
8
-96
-132
48
-72
-164
-48
-24
-120
-64
-32
-164
-40
0
-148
-96
-48
-40
-40
-196
-16
48
-132
-72
-80
-80
32
-88
-112
32
56
-80
-56
0
24
-16
-80
24
16
0
0
-8
0
56
24
8
64
-8
56
96
-40
16
180
0
0
180
16
40
56
8
96
24
32
56
56
96
-24
88
104
24
48
48
0
148
32
-72
164
0
0
40
48
-8
8
56
-16
48
80
-80
0
104
-112
-48
104
24
-8
-32
64
0
-40
-8
-48
16
-16
0
-16
-96
56
32
-148
0
64
-96
-64
-56
8
-48
-80
-8
-112
0
0
-112
-64
-16
-16
-56
-16
-32
-64
-40
-16
-88
-48
8
-72
-40
16
-32
-104
16
-32
-104
0
0
-16
-96
56
16
-88
0
0
80
0
-40
132
32
-96
56
88
-64
32
120
0
-8
180
-8
-40
180
24
24
164
48
0
132
80
-40
148
32
-48
196
-56
-8
228
-48
-40
132
80
24
-8
88
-8
40
64
-132
88
72
-164
8
80
-88
-72
132
-132
-48
148
-164
-96
196
-104
-180
148
0
-132
-40
24
-112
-32
0
-88
24
0
-120
0
32
-96
-48
0
-24
24
-24
-72
24
-24
-96
-40
-8
-24
0
8
-56
-72
120
-32
-132
-32
148
72
-244
80
112
-32
-148
-24
132
-96
-24
24
-64
-16
80
-104
-120
120
180
-164
-120
308
-8
-96
48
72
8
48
48
-132
64
104
0
-112
164
120
-120
132
16
-48
8
164
-88
0
196
32
-8
40
148
-72
80
48
-32
148
-32
8
64
-48
112
-88
-24
228
-132
-40
228
-112
-8
24
-148
32
16
-132
-48
132
-56
-112
0
-48
-24
-48
-24
-16
-8
-16
-72
-104
16
0
-212
0
96
-164
-16
-32
-164
104
-64
-164
104
-80
0
-32
-196
96
0
-276
0
180
-244
-48
96
-64
-212
-32
180
-132
-228
196
120
-276
40
120
-104
-112
164
-32
-32
112
40
-16
-72
212
24
-196
180
212
-148
8
164
104
-96
16
228
0
-16
132
180
-132
212
148
-112
260
0
-48
180
56
96
56
56
196
112
-104
112
196
8
-48
96
244
8
-80
120
180
-260
64
292
-244
48
196
48
-64
-56
164
80
-212
16
308
-132
-132
164
-72
-148
112
32
-180
96
40
-148
-104
8
72
-164
-88
72
-64
-212
-40
16
-120
-180
-64
64
-164
-164
80
-148
-80
-8
-132
-88
16
-120
-244
148
-104
-292
32
-8
-164
-164
-32
-16
-80
-88
-212
8
72
-308
-56
40
112
-104
-196
164
-56
-32
-40
-64
24
88
-8
0
8
80
104
-180
56
180
-32
-32
104
132
16
16
16
88
56
180
16
8
244
16
-32
32
104
64
-8
132
64
132
104
-88
72
260
-104
64
196
-32
16
56
132
-120
48
244
-148
32
228
-72
-104
132
-16
-88
112
0
-88
72
48
-104
0
0
-16
-24
-8
56
-24
-64
0
48
-104
-112
88
72
-112
-8
120
-112
-148
88
-80
-196
132
-32
-56
56
-120
132
-48
-212
148
-24
16
-88
-132
212
-120
-180
148
-40
8
0
-132
56
40
-40
-104
0
88
32
-80
-104
292
64
-292
56
104
-24
-120
-48
164
24
-40
24
104
56
-88
80
24
-72
64
0
164
-96
-16
228
-196
-72
164
-56
40
24
56
72
-88
48
-148
88
132
-164
-16
196
64
-260
0
120
-112
-72
96
-16
40
72
-56
-96
40
72
-244
-16
48
-64
-32
-112
32
16
-120
-24
96
-120
-148
72
80
-244
-32
148
-212
-120
64
16
-164
88
0
-212
80
-72
-260
16
112
-180
-180
164
0
-276
56
64
-132
40
-164
-120
72
-104
-80
16
56
-8
-112
80
56
-104
-104
-16
56
64
-148
32
212
24
-72
0
228
-16
-72
64
164
24
-8
56
32
180
88
112
148
228
120
-16
260
180
-48
164
308
0
72
324
212
-16
56
324
56
16
196
96
120
112
96
40
96
244
-24
24
228
80
-104
-72
148
72
-132
88
196
-56
-40
-24
24
0
-148
-8
16
-132
-16
-40
-148
-16
-56
-164
-88
-8
-180
-276
-64
-80
-260
-180
0
-180
-212
-96
-88
-164
-180
-72
-164
-148
-104
-96
-96
-148
-112
-72
-80
-112
-104
-56
-24
-104
-180
-40
-64
-164
-40
56
-32
-48
-56
-112
-64
-8
-132
-72
180
0
-148
72
180
-72
-88
104
120
0
8
104
-16
72
96
-24
48
132
24
-132
64
276
40
-32
212
104
-40
8
72
96
96
104
24
32
212
112
-80
88
148
-24
32
120
64
64
96
88
0
56
132
8
-56
48
112
-16
32
48
-40
16
24
40
64
48
96
8
-48
72
96
-56
24
112
16
-24
16
-16
-132
-8
-16
-16
32
8
-64
24
72
-104
-24
32
-80
-88
-48
24
0
-40
-72
-40
32
-64
-88
48
0
-132
-56
24
-72
-48
24
-40
-24
40
-40
-80
48
-8
-164
-64
64
-56
-120
32
8
-88
-32
64
-8
-40
8
-64
-80
16
8
-64
16
24
-8
-16
16
0
-48
-64
-40
0
-8
-8
0
32
24
24
32
0
-56
-40
-24
-8
8
40
-8
-40
40
32
40
88
48
0
24
64
32
40
40
32
-8
-8
48
0
0
40
24
-8
56
48
-16
-32
8
48
40
24
24
-32
-72
-56
-24
-16
-24
-24
-24
-24
24
32
0
-8
-8
0
-8
-16
-8
8
24
0
0
40
-32
-88
-48
-32
-56
-32
48
24
-24
0
0
-24
-24
-16
-40
-56
-16
-64
-8
8
-56
-8
0
0
0
-24
-16
-80
-32
24
-8
24
40
16
32
24
32
40
0
32
32
16
72
88
96
48
88
64
0
16
8
8
16
24
64
64
48
88
56
32
32
48
48
16
16
48
48
0
24
40
8
64
40
80
80
16
0
-16
-56
-8
8
40
80
64
72
40
-16
-56
-48
-72
-64
0
0
-24
-48
-72
-72
-104
-88
-8
-32
-48
-32
-80
-96
-88
-64
-32
-8
0
0
-8
-24
-48
-88
-80
-80
-112
-64
-16
-40
-48
-64
-64
-104
-164
-96
-64
-104
-88
-32
-56
-120
-120
-64
-40
-64
-8
24
0
0
16
0
0
16
16
8
8
16
40
8
-16
-8
-24
-8
-24
0
56
40
40
40
0
32
64
48
64
96
120
64
48
112
112
96
132
180
180
132
132
132
132
104
120
164
120
88
132
132
120
132
164
196
180
120
104
112
56
-8
48
80
40
40
64
8
-16
-24
-72
-88
-48
-88
-112
-88
-88
-132
-164
-212
-212
-196
-212
-164
-132
-148
-180
-196
-212
-196
-164
-148
-96
-96
-148
-132
-196
-244
-212
-164
-120
-104
-32
8
-56
-72
-32
-64
-56
-56
-32
-24
-40
-56
-88
-96
-88
-64
-56
0
32
16
0
-24
0
0
-56
0
48
32
0
0
32
64
72
72
112
164
180
80
164
212
164
112
148
196
196
180
196
276
228
148
180
260
324
396
588
780
924
1116
1308
1436
1436
1180
988
924
812
716
652
652
524
244
-8
-276
-524
-812
-1052
-1116
-1180
-1308
-1500
-1564
-1628
-1692
-1692
-1692
-1628
-1500
-1436
-1372
-1308
-1308
-1308
-1244
-1052
-924
-716
-556
-556
-492
-492
-588
-716
-844
-844
-748
-652
-428
-244
-180
-88
-24
0
64
212
372
524
684
812
924
924
876
844
844
988
1052
1116
1116
1052
924
876
812
812
924
988
1052
1180
1180
1052
812
620
652
652
684
876
844
556
228
-112
-340
-556
-684
-652
-356
120
716
1116
1564
2876
4860
6140
6140
4604
2492
1052
780
1564
2620
3388
3644
3132
1564
-292
-1884
-3004
-3516
-3900
-3644
-3516
-3644
-3644
-3516
-3644
-4348
-4860
-5116
-4860
-4092
-3388
-2876
-2876
-3132
-3004
-1980
-716
80
292
324
276
132
-212
-924
-2108
-3132
-3260
-2492
-1244
524
1436
1116
104
-748
-844
-924
-780
212
1564
2492
2492
2236
1980
1372
356
-96
428
1244
1500
1308
1180
1116
244
-812
-812
-324
0
112
460
876
244
-988
-1244
-716
-356
-48
620
1180
1052
492
112
-24
-372
-652
-260
396
812
812
716
492
212
148
260
924
1436
1500
1692
1820
1820
1884
1692
1500
1308
1052
812
844
1308
1980
2492
2620
3260
4860
7164
8316
7420
4860
2108
652
716
1820
3004
3772
3900
3004
1116
-988
-2748
-3772
-4604
-4604
-4348
-4092
-4092
-4092
-4092
-4348
-5372
-5884
-6140
-5884
-5116
-4348
-4092
-4348
-4604
-3900
-2620
-1116
-276
-120
-460
-684
-748
-1180
-1980
-2876
-3644
-3516
-2364
-924
180
372
-32
-56
396
132
-492
-684
-24
588
716
1372
2236
2492
1436
-40
-652
-492
-244
88
988
1756
1308
-112
-780
-164
428
308
716
1756
1884
988
340
356
-104
-1116
-1180
0
988
988
924
876
556
64
-32
396
876
988
1052
1500
1884
1692
1436
1308
1436
1884
2620
3132
3516
3516
3260
3004
2876
2876
2620
2108
1884
1692
1308
1116
1180
1436
1980
3004
5116
7420
8316
6908
3644
748
-212
120
1180
2492
3516
3516
2364
356
-1756
-3772
-5372
-5884
-5628
-5116
-5116
-5116
-5116
-4860
-5116
-5884
-6140
-6140
-5884
-5372
-4604
-4092
-4348
-4604
-3772
-2492
-1244
-620
-588
-716
-812
-1116
-1756
-2748
-3772
-4348
-4092
-2620
-1308
-716
-988
-1436
-1884
-1820
-1116
620
1980
2108
1692
1820
2620
2364
1820
2108
2876
3004
2236
2108
2236
1756
620
-64
588
1628
1436
652
844
1564
1180
0
292
988
492
-356
72
1116
588
-588
-748
-80
180
16
356
924
588
-244
-460
0
428
460
588
924
1372
1564
1628
1820
1980
1884
1820
2236
2748
3004
3004
2748
2364
2108
1820
1500
988
324
-164
-180
492
1756
3260
5116
7676
8828
7932
4604
1372
120
292
1372
3004
4604
5116
3516
1052
-1244
-3132
-4604
-5372
-5372
-5116
-5116
-5116
-4348
-3772
-4092
-5628
-6396
-6396
-5884
-5116
-4604
-4092
-4604
-5116
-4604
-2876
-1372
-620
-428
-460
-620
-1116
-2108
-3132
-4348
-4860
-4348
-3132
-1820
-1372
-1692
-2108
-2492
-2364
-1980
-1372
716
3132
4092
3644
3004
2876
2364
1436
1756
2748
3132
2364
1628
1308
924
104
-588
-88
924
1116
652
716
1052
748
-460
-684
260
620
652
1244
1980
1500
180
-460
64
556
492
716
1116
1308
1116
844
684
492
428
684
1436
2108
2492
2364
1884
1756
1980
2364
2620
3132
3388
3132
2620
2236
2236
1980
1564
844
324
-260
-844
-812
-120
1052
2620
4604
7676
9340
7932
4092
748
-428
-164
1052
2748
3900
4092
2620
492
-1564
-3644
-5372
-6140
-6140
-5372
-5372
-5372
-5116
-4604
-4860
-5884
-6396
-6140
-5628
-4860
-4092
-3900
-4348
-5116
-4604
-2876
-1116
-56
88
-340
-716
-1116
-1980
-3260
-4348
-4860
-4860
-3900
-2364
-1244
-1180
-1564
-1884
-1820
-1308
-228
1628
3644
4348
3900
3004
2748
2620
2236
1756
1820
1980
1756
1308
1052
748
104
-780
-924
-88
748
988
716
812
924
620
356
812
1628
1980
2108
2236
2236
1692
844
748
1372
1756
1564
1500
1436
1244
780
428
652
924
1052
1372
1884
2364
2492
2236
2108
2364
2492
2492
2620
2620
2748
2492
2492
2492
2364
1884
988
112
-652
-1244
-1756
-1820
-1372
-340
1372
3644
6396
8316
7932
4604
876
-1244
-1372
-148
1564
3004
3516
2748
1116
-924
-3004
-4604
-6140
-6652
-6140
-5628
-5372
-5372
-5116
-4604
-4860
-5116
-5116
-4604
-4348
-4348
-4348
-4860
-5116
-4860
-3132
-1116
372
716
428
56
-324
-1116
-2492
-3772
-4604
-4604
-3644
-2236
-988
-684
-1180
-1692
-1628
-1116
-56
1692
2876
3132
2748
2492
2748
2364
2108
2364
2748
2620
1980
1564
1372
988
16
-460
164
988
988
652
924
1372
844
0
308
1116
1372
1308
1980
2492
2108
1308
1052
1372
1372
1244
1116
876
684
428
260
396
988
1372
1308
1372
1820
2236
1980
1628
1692
2236
2364
2620
3004
3132
2876
2236
2108
2108
2108
1628
876
396
32
-492
-988
-1372
-1628
-1628
-1052
292
2364
4604
6908
8316
7676
4860
1564
-132
-180
684
1884
3260
4092
3260
1180
-1244
-3132
-4348
-5372
-5884
-5628
-5628
-5884
-5884
-5116
-4348
-4348
-5116
-5372
-5116
-4860
-4860
-5116
-5372
-5628
-5116
-3644
-1628
-40
460
-88
-652
-1116
-2236
-3900
-5372
-6140
-5884
-4860
-3516
-2236
-1692
-1980
-2236
-1980
-1052
356
1820
2620
2620
2492
2364
1980
1692
1756
2492
3004
3132
3004
2748
2236
1372
524
556
1308
1980
2236
2108
2364
2364
1756
1244
1308
1756
1980
2108
2492
2748
1980
1180
876
1116
1564
1820
1820
1756
1564
1308
876
556
652
876
988
1180
1628
1884
1500
1116
1500
2236
2748
2748
2748
2620
2108
1500
1180
1244
1116
748
492
396
260
-148
-780
-1180
-1244
-1180
-924
-148
988
2108
3260
5116
7164
7676
5884
3004
620
-132
356
1436
2364
2876
2620
1244
-748
-2236
-3004
-3900
-4860
-5372
-5372
-5372
-5372
-5372
-4604
-4092
-4348
-4860
-4860
-4860
-4860
-5372
-5628
-5628
-5372
-4860
-3388
-1820
-924
-1052
-1564
-2236
-3004
-4092
-5116
-5628
-5628
-4604
-3516
-2364
-1500
-876
-460
-180
620
1628
1980
1564
1244
1436
1180
924
1244
2492
3900
4348
4092
3644
3004
1980
1052
556
812
1244
1308
1372
1884
2492
2108
1244
876
1308
1500
1372
1308
1436
1436
1180
1116
1564
2108
2108
1692
1372
1244
924
460
180
372
844
1180
1308
1628
1884
1884
1564
1564
1980
2364
2364
2108
1980
1756
1436
1372
1500
1884
2108
2108
1980
1692
1308
684
180
-104
-148
-180
0
180
228
276
460
988
1564
2492
4092
5884
6396
5116
2620
876
-48
-132
396
1052
1564
1244
-340
-2236
-3516
-4092
-4604
-5116
-5628
-5628
-5628
-5884
-5628
-5372
-5372
-5628
-6140
-5884
-5372
-5116
-5116
-5372
-5628
-5628
-4604
-3132
-1564
-748
-1052
-1980
-2492
-2492
-2620
-3132
-3772
-3644
-3132
-2236
-1052
0
556
924
1692
2364
2620
2364
2108
1756
1564
1980
3004
4092
4860
4348
3644
3004
2620
2364
1820
1500
1500
1244
988
1436
2236
2748
2620
2364
2236
1980
1628
1436
1372
1372
1500
1884
2492
3004
3004
2748
1980
1372
1308
1052
492
88
-40
-88
-80
164
556
652
492
460
748
1116
1436
1436
1308
1244
1308
1436
1692
1980
2108
1980
1564
1244
876
428
-40
-356
-260
-32
164
276
212
80
-180
-340
-260
80
460
652
1500
3260
4860
5372
3900
1820
260
-556
-716
-620
-324
-196
-812
-1884
-3004
-3516
-3644
-4092
-4860
-5372
-5628
-5884
-5884
-5628
-4860
-4604
-5116
-5372
-5116
-4604
-4348
-4604
-5116
-5628
-5372
-4860
-3516
-2108
-1436
-1500
-1884
-1980
-1564
-1500
-1884
-2236
-2364
-1820
-924
-72
588
780
876
1116
1564
2108
2620
2620
2236
1980
2108
2620
3004
3388
3900
4348
4092
4092
3516
3004
2492
1980
1820
2108
2620
3260
3516
3644
3516
3260
2876
2748
2748
2492
2492
2492
2492
2364
2108
1628
1116
924
1116
1116
924
716
460
308
276
524
812
988
924
748
652
620
524
324
180
148
340
684
988
1052
1052
924
716
588
588
556
308
56
64
132
228
48
-428
-844
-1052
-1052
-812
-396
-212
-324
96
1628
3772
4860
4348
2492
372
-988
-1436
-1244
-876
-356
-104
-588
-1756
-2748
-3132
-3516
-4092
-4604
-5116
-5628
-5884
-5884
-5628
-5116
-5372
-5884
-5884
-5372
-4860
-4604
-4860
-5372
-5372
-4604
-3516
-2236
-1116
-588
-588
-748
-716
-652
-1052
-1820
-2364
-2236
-1756
-1052
-228
460
1052
1500
1820
2108
2492
2748
2748
2620
2492
2748
3388
3900
4348
4860
5116
4860
4348
3772
3260
2876
2492
2364
2492
3004
3132
3004
2876
2620
2108
1692
1628
1692
1756
1692
1564
1372
1308
1308
1244
1116
988
924
556
104
-120
-244
-428
-652
-652
-372
-32
212
428
524
492
492
620
924
1308
1372
1308
1180
1180
1372
1564
1436
1244
988
716
524
340
96
-164
-396
-652
-748
-780
-780
-684
-620
-524
-524
-356
492
2108
3900
4604
4092
2364
684
-180
-396
-260
-96
48
-48
-844
-2108
-3004
-3644
-4092
-4860
-5372
-5884
-6140
-6396
-5884
-5372
-4860
-4860
-5116
-5116
-4860
-4348
-4348
-4604
-4860
-4604
-4092
-3004
-1820
-1116
-988
-1308
-1692
-1628
-1500
-1628
-2108
-2364
-1980
-1180
-292
556
1116
1436
1820
2236
2876
3388
3516
3388
3260
3388
3900
4604
5116
5372
5372
5116
4604
3900
3260
2876
2364
1980
1756
1980
2236
2236
2108
1980
1884
1628
1436
1372
1244
1116
988
924
988
1052
1052
924
652
460
64
-492
-924
-1116
-1116
-844
-524
-148
212
372
428
396
356
324
428
684
1052
1308
1372
1244
1116
1116
1244
1436
1372
1372
1180
716
356
72
-132
-32
32
16
-96
-356
-684
-988
-1052
-716
-132
340
876
1820
3388
4604
4860
3644
1756
196
-780
-1244
-1308
-1052
-780
-1308
-2492
-3772
-4604
-4604
-4860
-5116
-5372
-5628
-5884
-5884
-5372
-4860
-4604
-4604
-4604
-4348
-3772
-3388
-3516
-4092
-4348
-4092
-3388
-2364
-1372
-924
-1244
-1564
-1628
-1372
-1116
-988
-1116
-1052
-556
212
924
1500
2108
2620
3132
3772
4348
4604
4348
4092
3900
3900
4348
4860
5116
4860
4348
3772
3004
2108
1436
1180
1052
1116
1436
1692
1820
1564
1308
1308
1372
1436
1436
1308
1116
924
684
308
-96
-396
-428
-292
-164
16
-148
-684
-1244
-1436
-1372
-988
-460
-16
196
292
428
652
844
988
1180
1244
1308
1372
1372
1308
1052
924
1052
1372
1628
1756
1692
1308
716
164
-80
-260
-340
-292
-212
-56
132
324
460
492
556
1116
2492
4348
5628
4860
2748
396
-1180
-1820
-1820
-1564
-1244
-1244
-1820
-2748
-3772
-4348
-4604
-5116
-5628
-5884
-5884
-5628
-5372
-5116
-4604
-4348
-4604
-4604
-4348
-4092
-3900
-4348
-4860
-4860
-4348
-3260
-1980
-780
-276
-460
-924
-1116
-988
-1116
-1372
-1564
-1180
-244
924
1884
2364
2876
3132
3388
3644
4092
4348
4092
3644
3260
3388
3900
4348
4604
4604
4348
3900
3132
2492
2236
1980
1628
1628
2108
2492
2620
2364
2108
1756
1500
1244
1116
924
620
276
48
-96
-96
-56
-148
-372
-460
-492
-652
-1116
-1500
-1692
-1500
-1116
-652
-212
112
244
276
460
780
988
1180
1308
1372
1500
1500
1436
1372
1372
1308
1308
1244
1116
844
524
180
0
48
148
104
-24
-180
-244
-120
148
492
844
1180
2108
3644
5116
5372
3900
1564
-308
-1308
-1564
-1372
-1116
-1116
-1500
-2492
-3644
-4348
-4860
-5372
-5884
-6140
-6140
-5884
-5628
-5116
-4604
-4348
-4604
-4860
-4604
-4092
-3644
-3644
-4092
-4348
-4092
-3004
-1980
-1052
-716
-924
-1372
-1692
-1564
-1564
-1980
-2364
-2108
-924
780
2108
3004
3260
3388
3388
3644
3900
4348
4348
4348
4092
4348
4860
5372
5372
4860
4604
4092
3260
2620
2236
2236
2108
2108
2236
2492
2620
2236
1628
1116
812
620
620
684
748
780
588
308
120
32
-212
-652
-988
-1116
-1308
-1756
-2108
-2236
-2108
-1628
-924
-276
196
428
228
48
88
428
924
1308
1500
1564
1564
1500
1308
1052
924
876
844
988
988
716
324
-104
-180
8
276
428
396
324
588
876
1052
1052
1116
1692
3132
4860
5372
4348
1884
-428
-1884
-2364
-2236
-1884
-1756
-2108
-3004
-4092
-4860
-5116
-5372
-5372
-5628
-5628
-5372
-4860
-4348
-3772
-3516
-3644
-3900
-4092
-3644
-3388
-3388
-4092
-4604
-4860
-4092
-3004
-2108
-1628
-1628
-1980
-2236
-2236
-2236
-2236
-2364
-1980
-924
556
2236
3772
4604
4860
4604
4604
4604
4860
4860
4860
4860
4860
4860
4860
4860
4604
4348
3388
2748
2492
2236
1980
1692
1884
2236
2364
2492
2620
2236
1628
876
228
64
48
72
24
-112
-164
-244
-524
-924
-1244
-1500
-1820
-2108
-2108
-2108
-2236
-2108
-1820
-1308
-716
-228
88
396
524
620
844
988
1372
1884
2108
1980
1884
1756
1564
1116
780
716
780
876
988
1116
1244
1116
1116
1244
1308
1180
812
492
460
652
876
844
924
1372
2492
4092
5116
4604
2236
-588
-2492
-3260
-3004
-2364
-1980
-1980
-2364
-3132
-4092
-4604
-4604
-4604
-5116
-5116
-5116
-4604
-4092
-3772
-3644
-3772
-4348
-4604
-4348
-4092
-4092
-4604
-5372
-5628
-5116
-4092
-3132
-2236
-1820
-1820
-1820
-1564
-1180
-1308
-1564
-1308
-228
1244
2748
3772
4348
4348
4348
4604
4860
5116
4860
4604
4092
3900
3772
3772
3772
3772
3516
3260
2876
2492
2108
1820
1820
1980
2236
2492
2492
2492
2108
1628
1180
844
748
652
524
308
48
-260
-652
-988
-1116
-1180
-1308
-1436
-1436
-1564
-1884
-1980
-1884
-1564
-1052
-372
180
428
524
556
780
1116
1436
1756
1980
1980
1884
1692
1372
1180
1116
1244
1372
1628
1692
1500
1052
556
428
492
556
684
748
652
492
340
492
556
620
652
652
1180
2492
4348
5116
3900
1308
-1436
-3132
-3516
-3132
-2492
-1980
-1756
-2236
-3388
-4348
-4860
-5116
-5116
-5116
-4604
-4092
-3772
-3644
-3516
-3388
-3644
-4092
-4348
-4348
-4348
-4348
-4860
-5372
-5372
-4604
-3516
-2620
-1980
-1820
-1820
-1628
-1244
-988
-1116
-1436
-1180
-40
1564
2876
3900
5116
5884
5884
4860
4092
3644
3260
3004
3132
3900
4348
4348
3516
3004
3132
3004
2620
2236
2748
3388
3260
2620
2492
2748
2620
1980
1628
1500
1180
396
-492
-988
-1116
-1180
-1180
-1052
-748
-716
-1116
-1692
-1628
-1244
-1372
-1980
-2236
-1884
-1500
-1244
-876
-396
104
396
652
1116
1628
1756
1436
1372
1628
1884
1820
1500
1244
1052
812
524
524
844
1244
1372
1436
1564
1692
1564
1116
924
1052
988
876
924
1180
1372
1116
876
1244
2492
4092
4860
3900
1308
-1372
-3260
-3900
-3644
-2748
-2236
-2108
-2620
-3516
-4348
-4860
-5116
-5116
-5116
-4604
-4092
-3644
-3132
-2748
-2876
-3516
-4348
-4860
-5116
-4860
-5116
-5372
-5628
-5628
-4860
-3900
-2748
-1980
-1628
-1564
-1244
-652
-260
-396
-684
-524
340
1692
3132
4092
4348
4860
5628
6140
5884
4860
3644
3004
2620
2748
3388
4348
4860
4348
3388
2876
2748
2492
1980
2108
2876
3260
2876
2236
2236
1980
1436
924
876
716
96
-748
-1436
-1756
-1980
-1820
-1628
-1372
-924
-844
-1180
-1372
-1436
-1692
-2236
-2620
-2108
-1180
-588
-244
88
396
684
924
1308
1820
1980
1756
1500
1564
1820
1884
1564
1244
1116
1180
1308
1500
1692
1756
1756
1980
2236
2492
2492
2108
1692
1692
1756
1372
716
292
148
56
-32
-96
112
844
2108
3004
2492
524
-2236
-4348
-5116
-4604
-3644
-2876
-2364
-2364
-3004
-4092
-4860
-5372
-5372
-5372
-5116
-4604
-3900
-3772
-3772
-3644
-3900
-4092
-4604
-4860
-5116
-5116
-5372
-5628
-5116
-4348
-3388
-2492
-1884
-1308
-620
-88
324
492
396
356
812
1980
3516
4860
5116
4604
4092
4092
4092
3900
3772
3644
3516
3388
3516
3644
3644
3516
3132
2876
2876
2876
2620
2492
2620
2876
3132
3132
3004
2364
1564
876
492
340
244
80
-244
-460
-588
-684
-812
-1052
-1308
-1372
-1244
-1052
-924
-988
-1116
-1244
-1244
-924
-460
48
492
924
1244
1564
1692
1692
1884
1980
1980
2236
2364
2236
1820
1372
1052
988
1244
1564
1692
1756
1692
1692
1884
1980
1820
1564
1244
812
524
308
-80
-780
-1436
-1628
-1244
-876
-812
-1116
-1116
-492
812
2236
2620
1308
-1244
-3644
-4604
-4604
-4092
-3388
-2876
-3004
-3516
-4092
-4604
-4860
-5116
-5116
-5116
-4348
-3772
-3516
-3388
-3516
-3516
-3644
-3900
-4092
-4092
-3900
-3772
-3772
-3388
-2748
-2236
-1980
-1436
-684
-196
96
340
556
652
716
924
1500
2236
2876
3260
3260
3132
3260
3388
3388
3260
3388
3516
3516
3644
3644
3772
3772
3644
3516
3516
3388
3132
2748
2620
2748
2620
2236
1820
1372
812
396
196
260
324
48
-276
-292
-148
-212
-524
-844
-988
-988
-844
-556
-196
-148
-492
-780
-844
-556
-228
96
460
780
1116
1372
1564
1564
1564
1372
1308
1308
1372
1180
924
652
460
524
780
1308
1756
1980
1884
1500
1052
780
748
812
812
748
620
460
196
-196
-556
-652
-652
-748
-924
-1052
-1116
-748
56
988
1500
844
-844
-2876
-4348
-4604
-4604
-4092
-3260
-2492
-2492
-3004
-3772
-4348
-4604
-4348
-4092
-3388
-2876
-2876
-3004
-3004
-2620
-2620
-2876
-3004
-3004
-2876
-2748
-2492
-2236
-2108
-2108
-1980
-1500
-716
80
652
1116
1436
1436
1180
1180
1628
2236
2620
2748
3004
3260
3260
3132
3260
3388
3388
3132
3004
2876
2876
2748
2748
2748
2748
2620
2236
2108
1980
1756
1436
1116
812
556
308
132
104
80
-112
-260
-308
-356
-356
-524
-812
-1052
-1116
-1052
-988
-716
-556
-588
-620
-524
-428
-460
-492
-276
228
812
1180
1436
1500
1436
1372
1308
1372
1564
1628
1500
1372
1116
924
812
924
1180
1372
1500
1564
1500
1308
924
492
180
-48
-308
-428
-340
-324
-428
-716
-780
-524
-460
-780
-1372
-1884
-1884
-1372
-212
988
1628
1116
-460
-2236
-3388
-3772
-3516
-3004
-2364
-1980
-2108
-2492
-2748
-2876
-3132
-3132
-2876
-2364
-1980
-1820
-1756
-1820
-1980
-1980
-2108
-1884
-1756
-1820
-1980
-2108
-2108
-1980
-1980
-1884
-1564
-876
-132
492
924
1116
988
876
1052
1436
1980
2236
2236
2364
2620
2876
3004
3004
2876
2748
2748
2748
2620
2364
2108
1884
1820
1980
1980
1884
1692
1372
1116
1052
924
748
460
196
8
0
132
396
588
652
524
292
148
8
-148
-428
-748
-1052
-1180
-988
-748
-492
-460
-588
-652
-556
-308
112
460
748
924
924
988
1052
1052
988
924
988
1116
1116
924
524
196
-64
-32
276
588
812
780
588
428
276
244
228
244
48
-276
-684
-924
-988
-812
-524
-428
-588
-876
-1052
-988
-716
-324
-24
180
104
-228
-876
-1692
-2364
-2748
-2620
-1980
-1436
-1180
-1244
-1564
-1884
-2236
-2236
-2108
-1980
-1820
-1692
-1564
-1564
-1628
-1756
-1820
-1980
-2108
-2108
-1980
-1756
-1436
-1308
-1244
-1180
-988
-652
-132
308
652
748
780
876
924
988
1052
1244
1564
1820
2108
2236
2492
2364
2364
2236
2108
2236
2364
2492
2492
2364
2108
1756
1564
1436
1308
1180
1180
1180
1180
1116
988
844
588
396
396
428
396
260
112
-8
-88
-212
-244
-196
-260
-340
-428
-492
-524
-428
-292
-212
-56
132
228
276
324
340
260
180
244
340
396
492
620
748
780
588
324
120
32
16
112
260
276
260
228
356
588
588
428
148
-132
-324
-460
-428
-460
-588
-588
-524
-460
-492
-748
-1116
-1500
-1692
-1436
-1052
-620
-492
-684
-924
-1052
-1052
-1052
-1308
-1500
-1692
-1692
-1564
-1372
-1180
-1116
-1244
-1308
-1372
-1244
-1244
-1372
-1500
-1628
-1692
-1756
-1692
-1628
-1628
-1564
-1500
-1308
-1116
-988
-924
-844
-780
-652
-372
64
340
492
652
780
924
924
924
924
988
1180
1436
1756
1980
2108
1980
1820
1820
1980
1980
1980
1756
1564
1372
1244
1180
1116
1052
988
1052
1116
1180
1116
924
844
812
876
924
1052
1116
924
780
684
588
460
260
40
-32
48
196
308
324
308
228
120
56
48
72
104
180
228
356
428
492
460
372
276
180
112
8
-88
-164
-196
-164
-64
-16
-32
8
80
72
-104
-396
-492
-524
-396
-212
-164
-228
-356
-492
-492
-356
-396
-620
-844
-1052
-1116
-988
-924
-812
-812
-844
-876
-924
-924
-876
-844
-876
-812
-684
-492
-396
-372
-308
-340
-396
-492
-556
-716
-924
-1116
-1372
-1564
-1628
-1564
-1564
-1692
-1756
-1628
-1436
-1244
-1052
-988
-924
-924
-844
-716
-620
-556
-492
-556
-556
-556
-620
-620
-588
-492
-340
-164
-24
80
120
180
260
428
716
988
1308
1500
1692
1820
1884
1820
1884
1980
1980
1980
2108
2236
2236
2108
1980
1884
1820
1692
1628
1564
1564
1628
1756
1692
1564
1436
1308
1180
1052
988
924
844
748
620
492
340
244
196
180
132
64
-8
-104
-164
-324
-524
-684
-748
-748
-684
-588
-556
-620
-684
-652
-620
-492
-428
-396
-524
-620
-652
-620
-620
-556
-492
-428
-396
-396
-292
-276
-324
-292
-244
-64
72
164
228
228
228
196
212
292
308
196
16
-148
-244
-276
-340
-460
-620
-748
-924
-988
-1116
-1372
-1628
-1980
-2236
-2236
-2236
-2236
-2236
-2364
-2492
-2492
-2620
-2748
-2748
-2620
-2364
-2108
-1756
-1436
-1244
-1180
-1116
-1052
-924
-844
-780
-684
-556
-356
-244
-104
80
340
652
988
1372
1692
1980
2236
2236
2364
2492
2620
2620
2620
2748
2876
2876
2876
2876
2748
2620
2492
2364
2364
2364
2364
2236
2108
1980
1756
1500
1244
1116
1052
988
924
780
684
556
396
260
80
-112
-196
-292
-396
-428
-492
-652
-780
-876
-988
-1052
-1052
-988
-876
-748
-620
-460
-356
-260
-164
-112
-104
-96
-212
-340
-428
-524
-492
-460
-396
-276
-72
120
308
372
356
260
180
120
180
228
212
196
120
148
164
148
32
-212
-428
-556
-652
-684
-748
-924
-1052
-1308
-1372
-1436
-1436
-1500
-1564
-1692
-1756
-1884
-2108
-2364
-2492
-2492
-2620
-2620
-2748
-2748
-2748
-2748
-2748
-2620
-2492
-2236
-1980
-1884
-1692
-1500
-1308
-1116
-924
-780
-588
-324
24
340
556
748
924
1052
1244
1500
1628
1756
1884
2108
2364
2620
2748
2876
3004
3004
2876
2876
2876
3004
3004
3132
3004
3004
2876
2876
2876
2748
2492
2236
1980
1756
1564
1308
1116
988
988
924
876
780
684
556
396
292
180
32
-132
-276
-396
-524
-652
-780
-812
-812
-924
-1052
-1180
-1244
-1180
-1116
-1052
-876
-780
-684
-620
-492
-372
-340
-372
-396
-428
-372
-292
-244
-260
-396
-396
-372
-324
-276
-292
-308
-372
-372
-396
-492
-556
-652
-652
-652
-620
-492
-460
-588
-684
-748
-748
-716
-684
-684
-780
-924
-1116
-1244
-1372
-1500
-1628
-1756
-1756
-1820
-1884
-1884
-1980
-1980
-2108
-2108
-2108
-2108
-2236
-2236
-2236
-2108
-1820
-1628
-1436
-1244
-1052
-876
-780
-620
-460
-292
-132
132
460
652
844
1052
1244
1372
1564
1756
1820
1884
1980
2108
2364
2492
2620
2748
2748
2876
2876
2876
2876
2876
2748
2748
2748
2876
2748
2620
2364
2236
2108
2108
1980
1756
1500
1308
1180
1116
988
812
652
556
492
428
324
196
72
-80
-196
-308
-396
-492
-716
-988
-1180
-1244
-1244
-1244
-1308
-1372
-1436
-1436
-1244
-988
-812
-748
-748
-748
-716
-780
-876
-1052
-1180
-1244
-1180
-1052
-924
-844
-780
-652
-556
-492
-460
-556
-588
-556
-428
-340
-244
-80
72
228
276
292
228
32
-132
-228
-308
-372
-460
-588
-716
-812
-876
-924
-1052
-1180
-1244
-1372
-1436
-1500
-1500
-1628
-1756
-1884
-1884
-1884
-1884
-1820
-1756
-1756
-1756
-1692
-1628
-1500
-1436
-1308
-1244
-1244
-1180
-1116
-924
-780
-556
-260
88
460
780
1116
1436
1756
1884
1980
2108
2364
2492
2748
2876
2876
2876
3004
3004
3132
3132
2876
2876
2748
2748
2748
2748
2748
2620
2492
2364
2108
1980
1820
1628
1564
1372
1180
988
876
844
716
524
324
96
-132
-244
-372
-556
-748
-924
-988
-988
-1116
-1244
-1500
-1692
-1756
-1820
-1884
-1820
-1692
-1628
-1436
-1308
-1244
-1180
-1180
-1180
-1116
-1052
-1052
-988
-988
-924
-876
-780
-620
-460
-324
-244
-164
-96
-40
-8
48
56
104
96
48
24
-32
-104
-180
-260
-292
-292
-340
-356
-372
-372
-428
-556
-716
-812
-844
-876
-844
-780
-748
-876
-988
-1116
-1180
-1308
-1244
-1244
-1244
-1308
-1372
-1500
-1564
-1628
-1628
-1500
-1372
-1180
-988
-844
-780
-748
-748
-716
-620
-460
-212
164
556
876
1052
1180
1372
1500
1692
1884
1980
2108
1980
2108
2236
2364
2364
2364
2364
2492
2492
2492
2364
2236
2108
2108
2108
2108
2108
2108
1980
1884
1884
1692
1436
1180
1116
1052
1052
876
556
340
180
64
-16
-164
-356
-524
-620
-588
-620
-684
-780
-988
-1116
-1116
-1180
-1244
-1372
-1436
-1500
-1436
-1308
-1052
-924
-924
-924
-988
-988
-924
-716
-588
-492
-428
-356
-260
-212
-148
-148
-148
-64
88
148
80
-48
-212
-276
-292
-356
-460
-524
-652
-716
-748
-716
-748
-876
-988
-1052
-1052
-988
-988
-1116
-1308
-1372
-1436
-1436
-1308
-1308
-1308
-1372
-1372
-1308
-1308
-1372
-1372
-1372
-1308
-1244
-1116
-1116
-1116
-1180
-1052
-924
-780
-588
-492
-356
-164
40
244
428
556
588
652
876
1180
1436
1628
1756
1820
1884
1980
2108
2108
2236
2236
2236
2236
2364
2364
2364
2364
2364
2364
2236
2108
2108
1980
1884
1820
1692
1564
1436
1372
1308
1244
1308
1244
1116
1052
924
716
556
396
292
164
8
-148
-372
-588
-780
-924
-1052
-1052
-1116
-1052
-1052
-1052
-1116
-1180
-1180
-1116
-1116
-1052
-1052
-924
-844
-844
-844
-844
-876
-924
-924
-924
-924
-876
-844
-812
-780
-748
-684
-652
-588
-492
-396
-396
-356
-324
-396
-428
-460
-492
-524
-556
-588
-620
-716
-812
-924
-988
-1052
-1052
-988
-876
-876
-924
-924
-924
-844
-620
-460
-396
-356
-396
-396
-428
-460
-588
-748
-876
-844
-716
-588
-556
-492
-460
-396
-260
-148
-32
56
112
196
324
492
620
748
844
924
924
988
1052
1180
1308
1372
1372
1436
1436
1500
1564
1628
1564
1564
1564
1628
1628
1628
1628
1628
1692
1692
1692
1628
1500
1436
1372
1308
1180
988
780
620
524
492
428
396
324
196
40
-80
-180
-260
-356
-396
-372
-356
-340
-396
-460
-556
-716
-876
-924
-924
-924
-988
-1052
-1116
-1116
-1052
-924
-748
-652
-620
-652
-684
-716
-684
-748
-844
-876
-780
-588
-396
-308
-340
-428
-428
-428
-428
-396
-396
-396
-308
-276
-228
-260
-356
-524
-620
-588
-556
-492
-460
-460
-524
-556
-492
-356
-244
-180
-212
-324
-396
-372
-292
-228
-164
-164
-244
-324
-372
-356
-428
-524
-620
-556
-460
-324
-228
-164
-132
-112
-48
56
196
260
228
276
396
524
716
844
924
924
924
988
988
1116
1052
988
988
988
1052
1180
1244
1244
1180
1116
1116
1180
1244
1244
1180
1116
1052
988
924
844
716
556
396
260
132
-16
-196
-356
-372
-356
-372
-324
-308
-260
-228
-212
-260
-356
-460
-588
-620
-684
-748
-844
-876
-876
-844
-780
-780
-924
-988
-1052
-988
-844
-684
-620
-524
-428
-340
-228
-88
-16
-24
-40
-64
-104
-132
-132
-72
0
80
132
164
148
148
148
88
56
-24
-48
-56
-80
-8
88
180
276
276
196
80
-24
-64
-88
-96
-104
-132
-212
-260
-340
-396
-428
-428
-460
-460
-492
-492
-428
-396
-428
-428
-460
-524
-524
-492
-460
-340
-260
-196
-56
72
196
308
396
396
340
276
260
340
460
620
748
924
1052
1116
1116
1052
924
844
844
844
844
812
812
812
844
924
924
988
988
924
924
924
844
780
748
684
620
524
396
180
-64
-276
-492
-588
-652
-620
-524
-492
-460
-524
-588
-588
-588
-620
-684
-748
-780
-748
-684
-588
-620
-748
-876
-988
-988
-988
-924
-924
-988
-1052
-1052
-924
-780
-588
-492
-460
-428
-396
-308
-260
-276
-276
-292
-244
-132
0
88
72
-48
-120
-120
-40
56
132
180
196
180
180
196
228
212
228
292
372
372
356
308
164
56
56
112
196
244
180
88
32
0
8
32
32
-16
-96
-80
16
112
164
120
56
16
64
148
260
340
340
356
396
460
556
588
556
524
556
556
588
588
556
556
620
652
684
684
652
588
524
460
460
460
492
556
588
588
556
524
556
524
428
396
356
340
276
260
212
88
-56
-244
-340
-460
-588
-652
-716
-780
-780
-780
-716
-684
-684
-652
-620
-620
-684
-748
-780
-812
-844
-844
-812
-748
-716
-780
-844
-924
-924
-844
-748
-652
-588
-524
-460
-292
-64
88
164
148
80
56
56
80
56
16
40
72
132
120
48
-24
-64
-32
120
276
292
324
340
324
324
340
260
244
212
164
196
244
228
180
148
120
164
164
120
16
-148
-308
-356
-356
-276
-244
-180
-148
-132
-64
-88
-148
-228
-308
-308
-180
-56
72
180
260
292
276
308
340
340
292
260
260
292
372
428
460
460
428
428
492
524
492
524
524
524
524
492
524
556
620
652
684
684
620
524
428
396
428
524
556
524
460
396
244
196
112
0
-196
-308
-340
-340
-292
-276
-324
-492
-524
-492
-492
-492
-524
-652
-748
-780
-716
-620
-588
-620
-652
-684
-684
-684
-748
-780
-844
-780
-684
-524
-276
-164
-120
-120
-164
-180
-212
-228
-228
-244
-244
-228
-180
-120
-48
32
112
180
212
228
212
180
164
180
196
228
260
276
308
292
260
228
180
104
40
0
-48
-16
16
0
-64
-132
-260
-292
-244
-164
-48
-8
-48
-88
-88
-8
16
0
-64
-148
-244
-228
-196
-164
-180
-180
-148
-80
0
88
132
132
148
148
260
356
396
460
556
620
652
620
524
396
324
308
372
460
460
428
396
356
396
492
556
588
524
492
492
524
556
524
428
396
356
340
292
164
-24
-196
-260
-276
-276
-276
-276
-324
-356
-372
-372
-396
-428
-428
-396
-372
-356
-372
-428
-492
-492
-428
-396
-340
-324
-356
-324
-260
-196
-148
-132
-120
-96
-48
8
56
72
32
32
56
120
212
308
324
260
212
164
164
180
148
132
80
72
112
112
96
16
-16
-24
-8
56
80
24
-32
-112
-196
-244
-292
-260
-292
-356
-460
-556
-620
-620
-620
-556
-492
-460
-492
-460
-396
-396
-396
-428
-460
-492
-492
-460
-396
-356
-356
-356
-324
-276
-196
-56
56
132
244
372
492
556
588
524
428
492
588
620
684
652
588
492
428
492
524
460
428
460
492
524
588
620
588
556
556
588
588
524
428
324
260
196
164
120
48
-16
-120
-88
-40
-56
-72
-180
-308
-292
-244
-228
-276
-340
-356
-324
-276
-244
-244
-260
-340
-396
-396
-396
-428
-460
-460
-396
-292
-228
-180
-148
-148
-148
-148
-104
-24
24
48
64
64
80
132
212
276
340
340
308
260
196
148
96
48
32
24
48
80
64
40
40
80
96
88
132
148
104
64
32
16
-24
-104
-120
-120
-180
-228
-276
-292
-308
-308
-308
-308
-244
-212
-244
-260
-324
-396
-396
-396
-324
-244
-244
-196
-132
-112
-88
-56
-72
-80
-56
8
148
276
372
396
356
340
396
428
428
396
340
308
324
396
372
308
260
180
212
276
308
292
276
244
244
276
308
292
244
148
96
112
88
40
0
-88
-180
-180
-164
-132
-180
-260
-308
-292
-244
-180
-180
-244
-292
-292
-260
-276
-324
-396
-460
-492
-460
-396
-396
-396
-396
-372
-324
-292
-260
-244
-228
-244
-196
-132
-56
8
72
80
40
56
72
32
48
72
32
40
80
132
132
88
56
32
72
64
104
148
164
244
340
396
428
428
428
428
428
428
396
340
228
196
180
132
112
112
112
112
80
40
40
24
24
40
40
72
64
48
24
24
40
24
64
132
196
212
164
96
32
16
16
64
148
196
196
196
244
244
180
112
48
16
0
24
56
24
0
0
-24
-24
-24
-72
-112
-180
-212
-180
-148
-196
-196
-180
-164
-164
-196
-212
-244
-324
-356
-372
-428
-428
-460
-492
-460
-428
-372
-340
-340
-372
-396
-396
-372
-340
-276
-260
-324
-396
-428
-396
-308
-292
-276
-276
-260
-196
-132
-40
8
16
-24
-16
0
8
0
-48
-64
-32
16
80
120
64
32
0
-40
0
96
132
212
324
428
492
524
492
428
340
340
396
460
460
396
356
340
372
428
492
492
460
396
340
340
340
292
276
292
292
292
340
340
276
164
64
48
24
40
48
8
-40
-48
-32
16
96
120
96
72
40
8
-16
-48
-56
-80
-88
-64
-40
-40
-72
-132
-148
-104
-80
-64
-104
-164
-196
-212
-228
-260
-276
-276
-276
-292
-244
-228
-292
-324
-292
-212
-132
-112
-132
-132
-132
-104
-64
-8
8
-8
-16
-8
-56
-120
-132
-132
-148
-164
-148
-88
-56
-24
40
64
32
0
-48
-132
-132
-80
-56
-32
-16
-32
-72
-96
-64
-80
-148
-180
-228
-228
-180
-132
-120
-96
-56
-40
-32
-48
-80
-88
-112
-104
-64
-40
0
96
212
292
396
356
260
180
112
120
148
180
196
196
180
196
212
228
228
212
196
180
196
212
228
244
244
212
196
228
276
276
196
88
-32
-132
-164
-148
-112
-88
-104
-72
-48
-40
8
8
0
-24
-48
-32
8
48
24
0
-48
-96
-120
-88
-120
-148
-212
-292
-308
-292
-276
