SAMPLES:	7684
BITSPERSAMPLE:	16
CHANNELS:	1
SAMPLERATE:	16000
NORMALIZED:	FALSE
16
-48
-72
-24
-16
-72
-80
-32
-40
-48
-80
-64
-16
-64
-72
-64
-80
-24
-48
-112
-64
0
-64
-112
-40
-16
-64
-56
-48
-24
-24
-64
-56
-24
-16
-16
-48
-16
16
-40
-24
-16
8
8
-16
-16
32
16
-32
0
48
8
-8
32
16
24
24
8
8
40
48
0
8
48
48
8
16
32
32
24
48
16
0
72
0
40
32
8
80
8
8
32
64
16
8
48
40
24
8
0
32
48
0
-16
32
56
-8
0
16
32
24
24
8
8
72
0
-8
64
16
0
8
0
48
24
-8
16
72
8
-40
48
48
8
-8
-24
16
40
-40
-40
40
24
-32
-40
24
16
-24
-32
0
16
8
-40
0
40
-16
-40
-16
24
-32
-16
0
-24
-24
-8
-24
-40
-8
-24
-24
-8
-8
-24
-24
-8
-40
-32
-16
-8
-24
-32
32
0
-24
-24
32
0
-80
8
8
-16
8
-16
8
16
-40
0
-32
8
-16
-40
24
-40
-8
0
-32
0
-16
-16
0
-40
0
-32
-24
40
-88
0
16
-24
-24
-16
24
-8
-24
-32
16
16
-40
-8
32
-8
0
16
-32
16
48
0
-48
24
24
-24
0
24
0
8
48
-16
8
56
8
-8
24
48
-16
8
0
0
64
-32
-16
88
40
-48
32
56
0
-32
16
8
16
24
-16
0
8
8
-40
16
32
16
-24
24
24
-8
16
-40
56
40
-16
8
8
24
-8
-16
16
0
0
0
0
32
0
-16
40
-16
0
16
8
8
-32
32
40
-32
0
40
-16
-24
8
72
-48
-24
72
-8
-8
8
8
24
32
-48
0
64
-32
-40
48
8
-8
16
0
0
24
8
-40
16
16
-24
0
0
0
0
-32
-48
8
0
-16
-48
8
32
-56
-48
24
-16
-56
0
0
-32
-24
0
-32
0
-40
-24
0
0
-48
-8
32
-56
-24
0
-24
-24
16
-16
-40
24
-8
-8
-16
16
-24
8
32
-40
16
16
0
-8
-8
64
-24
8
-8
0
64
-24
8
16
24
0
-16
8
16
16
-8
32
32
-8
0
24
-8
-40
48
24
-24
0
16
-8
-24
0
0
16
0
8
0
24
0
-24
8
0
0
-24
-8
0
16
-24
0
8
-32
8
0
-8
-24
16
-8
-24
24
16
-24
8
8
-16
-8
0
16
-24
0
0
0
8
0
0
0
-16
40
-8
-32
8
0
8
-40
-16
32
24
-40
-16
32
8
-32
8
40
8
-24
8
48
-8
-24
0
72
0
-32
64
32
8
-24
-16
48
8
-16
16
24
16
8
8
-16
24
64
-48
-32
112
-16
-56
88
16
-56
16
64
-40
-24
56
0
-32
40
-8
-32
56
-8
-48
24
24
-32
-80
64
48
-80
-8
16
8
-8
-56
-32
64
-40
-80
32
16
-56
24
0
-48
16
16
-24
-40
0
0
-24
-24
-24
32
-24
-40
32
-32
0
8
-32
-8
32
-16
-72
56
8
-24
-16
16
40
0
-16
-8
48
-40
-16
0
24
0
0
-40
-8
56
-48
-24
64
8
-88
0
16
0
-16
-64
24
24
-40
0
-16
40
-24
-48
24
-8
8
0
-16
0
8
40
-16
-56
88
0
-32
8
-8
48
24
0
0
0
40
32
-16
24
48
0
0
24
56
-40
8
88
-16
-24
40
64
16
-64
56
72
-24
-24
40
88
-24
-24
48
64
16
-64
-8
96
0
-72
-16
32
88
-96
-104
96
32
-56
-40
0
0
-32
-24
0
-8
0
-40
-48
-8
0
-24
-72
24
32
-96
-32
32
-40
-16
-32
0
-16
-48
0
-40
8
-16
-64
0
8
-40
-8
24
24
-40
-24
48
0
-32
-24
24
0
-48
40
32
-48
32
48
-8
-24
16
56
8
-32
40
64
-32
0
88
-24
0
72
-32
0
96
16
-80
64
88
-16
-48
24
64
48
-24
-48
104
24
-48
8
88
-8
-24
32
16
0
0
8
-16
40
-56
8
48
-32
0
16
56
24
-32
-8
80
-24
-64
32
32
-40
-16
72
-32
8
-16
-32
0
-32
-40
-8
32
0
-32
0
8
-96
8
16
-72
-24
0
-8
-56
-64
-32
32
-8
-148
-56
132
-56
-164
24
80
-56
-120
8
48
8
-96
16
16
0
-40
0
40
0
-8
-40
72
8
-40
-40
72
16
-24
16
0
48
48
-48
-48
96
16
-72
-24
64
72
-56
0
112
-24
-24
24
-16
48
0
32
24
24
64
0
-40
56
16
0
24
-16
88
-72
32
64
-16
8
-24
80
48
-40
16
56
32
0
-48
64
32
-16
0
-48
104
88
-132
-8
132
40
-164
-16
164
-24
-96
0
80
16
-56
-88
24
16
0
-64
-72
88
-8
-88
-56
32
24
-120
-24
40
-24
-80
-32
16
-32
-8
-40
-32
8
40
-56
-24
-24
8
72
-104
-80
48
120
-112
-132
88
48
-24
-104
0
104
0
-72
-16
56
-16
-16
-24
8
32
24
-48
32
72
-64
32
24
-8
8
64
0
32
8
-8
8
32
8
-24
56
72
32
-16
40
48
0
-56
64
120
-64
-16
88
24
-80
24
80
-24
-24
80
-24
8
48
0
-24
-16
48
-56
-40
0
56
-56
-48
72
-24
-104
-8
88
-40
-120
0
104
-88
-112
0
16
-80
-104
-8
112
-32
-212
0
104
-64
-196
-8
132
-8
-148
-88
88
96
-148
-132
64
96
-132
-120
132
16
-88
32
40
0
-40
-24
48
24
0
-72
24
132
-64
-40
48
96
32
-72
72
112
8
8
16
96
-16
24
88
-40
72
112
-80
8
148
24
-132
88
80
-56
80
-40
24
80
16
-80
64
88
-64
-24
0
72
0
-72
8
80
0
-88
40
56
-32
8
16
0
64
0
-72
56
40
-48
-24
80
0
-80
-8
112
-32
-48
16
40
24
-80
16
16
32
0
0
8
0
0
16
-48
16
64
-64
-8
-24
-8
-16
16
-120
56
120
-164
-120
96
0
-180
16
72
-48
-120
8
-64
-72
-8
-80
0
-48
-32
48
-72
-96
-40
24
0
-148
-40
80
-40
-120
0
24
-40
-48
-16
-8
0
-16
-56
48
80
-80
-32
48
32
-24
8
64
8
32
24
-32
64
120
-72
-8
196
0
-24
40
132
48
-24
56
96
88
8
8
72
112
-64
16
40
48
96
-40
48
96
0
0
32
40
40
-16
-40
24
88
-96
-64
112
-72
-72
96
16
-120
32
40
-48
-48
16
-8
-88
104
-72
-164
48
88
-180
-112
180
8
-196
0
32
-64
-48
-32
48
0
-88
-8
0
-48
-40
-48
-8
48
-8
-132
56
56
-64
56
-64
-24
132
0
-148
8
132
-48
-132
148
96
-132
112
40
16
-32
48
72
-64
72
0
-8
112
-72
-8
112
-88
112
24
-16
0
32
32
-40
64
16
-96
40
132
-120
-88
112
72
-180
-24
148
-80
-40
96
-104
-56
180
-132
-212
180
132
-260
-120
276
-8
-292
16
104
-48
-132
24
16
-80
48
16
-132
16
72
-96
-32
0
0
-132
148
56
-164
48
72
0
-164
-64
148
24
-64
-32
24
180
-104
-88
48
0
48
-88
-16
96
88
-112
-80
148
24
-132
80
72
0
16
-16
16
-64
148
8
-164
48
112
48
-104
0
64
104
-32
-148
104
80
8
-16
-80
112
112
-104
-64
112
40
-104
64
64
-80
96
0
-8
72
40
32
-24
40
120
-40
-32
32
48
-8
-48
180
-8
-24
120
-16
40
0
48
-16
-16
148
8
-96
72
80
-40
-16
16
88
-24
32
-32
-48
48
0
0
-96
16
56
-32
-132
24
48
-48
-56
-40
0
-16
16
-88
-64
40
-56
-120
-72
48
-72
-148
96
0
-164
0
-16
-104
-64
16
24
-112
-72
64
-24
-148
-120
56
-8
-148
8
8
24
-8
-148
-32
24
8
-120
-72
148
40
-88
-48
24
0
-40
-8
-80
96
132
-112
-112
196
32
-164
-8
132
0
-24
96
24
48
16
32
0
72
-24
24
104
56
-16
40
112
-8
-8
-8
96
48
-24
56
104
88
-8
0
148
80
-40
32
96
64
8
0
48
96
40
-48
8
164
56
-132
56
112
-24
0
48
8
-16
40
0
-56
24
56
-56
-24
0
16
-24
-88
24
0
-40
0
8
0
-32
-48
16
-8
-40
-24
-40
-24
-56
-24
8
-32
-40
-40
0
-40
-104
-32
-24
-48
-8
-24
-40
0
-40
-48
8
-24
-56
-16
-32
-16
16
-24
-64
24
-24
-96
8
32
-40
-24
-16
-32
0
24
-120
-48
48
-56
-24
0
-24
-64
24
-16
-132
16
104
-104
-48
40
8
-48
-16
24
-48
-24
24
-8
-64
0
40
40
-24
32
56
-8
-8
24
40
0
16
40
-16
56
112
16
-8
96
88
-32
24
120
8
8
64
64
48
40
32
64
80
72
16
56
112
16
0
32
88
40
-32
72
112
32
48
56
8
0
48
8
-40
48
56
-40
0
80
24
-88
-24
48
-32
-48
32
56
0
-16
32
32
-48
-40
-16
-16
-24
-32
-48
-32
-8
-24
-48
-16
16
-32
-48
8
-8
-72
-24
-32
-16
-32
-16
8
-24
-8
-16
-40
-8
0
-48
-24
-8
0
-32
-16
-8
-24
0
-16
-64
-24
8
-40
-24
16
16
-16
-8
16
16
16
8
0
-24
32
8
-72
8
48
-56
-16
32
-16
-72
-24
0
-8
-8
-32
0
-8
-48
-16
8
-32
-40
-32
-16
-48
-32
-8
-16
-8
0
-16
-24
8
-8
-32
-32
8
-16
-40
8
0
-24
0
-8
-16
0
-24
-24
8
32
0
0
24
8
0
16
0
-24
-16
16
24
16
32
16
0
-8
-8
8
24
8
8
24
8
-8
16
8
8
24
0
16
24
0
24
24
24
56
32
8
24
24
0
8
40
32
48
56
32
24
24
24
16
40
32
48
48
64
72
40
56
56
40
24
32
32
32
40
56
32
40
64
24
16
56
48
16
32
32
16
16
16
8
8
24
0
0
24
0
0
16
16
8
-16
-8
-16
-8
-32
-40
0
-24
-32
-40
-40
-24
-72
-72
-48
-32
-56
-56
-40
-40
-80
-88
-64
-88
-88
-96
-88
-112
-120
-112
-120
-104
-96
-64
-56
-72
-56
-72
-80
-112
-96
-80
-112
-104
-56
-64
-80
-48
-32
-72
-72
-40
-56
-64
-32
8
-8
0
0
16
0
0
24
16
16
32
48
80
88
88
120
112
104
112
104
112
96
96
104
104
112
104
96
88
80
72
72
104
104
80
80
88
72
72
64
80
96
56
56
96
56
-8
24
80
24
24
88
104
56
32
56
40
0
-16
0
24
16
8
24
32
8
16
0
0
0
-24
-40
-32
0
-8
-16
0
0
-24
-8
-24
-72
-88
-80
-48
-72
-40
-24
-16
0
-40
-64
-88
-88
-80
-96
-64
0
-32
-88
-96
-72
-80
-80
-48
-16
-24
-32
-48
-48
-64
-88
-96
-104
-72
-88
-64
-24
-24
-32
-8
-8
-48
-96
-64
-32
-88
-64
0
8
-16
-32
-32
-48
-64
-56
-32
0
16
0
-8
-8
-8
-56
-88
-72
-64
-56
-40
32
96
64
32
64
96
64
8
72
132
88
72
112
112
72
40
96
112
72
72
72
96
120
104
96
96
88
72
88
104
96
40
24
24
40
32
0
32
24
-40
-32
8
0
-72
-80
-16
-48
-112
-112
-72
-120
-180
-132
-48
-72
-112
-80
-48
-64
-96
-64
-40
-88
-132
-56
-24
-64
-80
-16
-16
-64
-56
0
-24
-40
-32
-16
48
0
-8
32
40
40
56
112
164
148
132
148
164
132
104
120
164
180
180
228
260
244
180
180
132
40
24
96
164
164
212
244
228
212
148
120
132
132
56
64
164
212
228
292
372
396
356
372
396
396
356
308
308
308
244
196
196
164
40
-64
-180
-292
-460
-588
-716
-812
-924
-988
-988
-1052
-1052
-1116
-1116
-1116
-1052
-1116
-1052
-988
-988
-988
-924
-812
-812
-876
-780
-748
-812
-780
-748
-748
-748
-716
-492
-292
-276
-164
0
72
132
196
244
276
292
396
492
620
748
844
876
988
1052
1052
1052
988
988
988
876
844
876
812
780
812
812
812
780
748
844
812
844
812
780
812
748
780
716
652
588
460
340
228
212
148
0
-8
-64
-244
-260
-64
324
748
1372
2108
2876
3644
4348
4348
3772
2748
1820
988
88
-716
-1180
-1372
-1500
-1884
-2108
-2364
-2620
-3260
-3772
-3900
-4092
-4092
-3516
-2620
-1692
-1116
-556
112
340
180
-164
-684
-1372
-1980
-2236
-1884
-1564
-988
132
876
524
-492
-1372
-2364
-3772
-4860
-4860
-3644
-2620
-1628
-244
1244
1980
1884
1692
1692
1308
132
-556
-260
64
-104
-132
524
620
-196
-620
-492
-844
-1820
-2364
-1820
-1052
-588
164
1180
1820
1756
1820
2108
1884
1180
620
812
1116
1244
1436
1820
1980
1628
1372
1372
988
164
-428
-492
-460
-492
-196
356
812
1180
1756
2364
2492
2364
2236
2108
1980
1692
1436
1500
1436
1244
1372
1692
1980
1980
2236
3388
4860
6140
6652
5372
3516
1500
8
-924
-1820
-2236
-2364
-2108
-2108
-2236
-2492
-2876
-3388
-3900
-4348
-4604
-4604
-4092
-3004
-1756
-812
-260
-292
-356
-652
-1308
-2236
-3388
-4348
-4604
-3644
-2492
-1628
-1180
-924
-988
-1180
-1308
-1628
-2492
-3388
-3772
-3132
-1980
-556
684
1884
2876
3388
3260
2364
1052
-524
-1980
-2876
-3004
-2748
-1980
-780
460
1436
1756
1628
1244
620
-64
-492
-428
-148
428
1308
2364
3132
3388
3260
2748
1980
1116
372
-132
-196
-164
164
780
1244
1500
1372
1052
748
492
276
180
428
780
1180
1756
2364
3004
3132
3132
3132
2876
2748
2492
2236
1980
1564
1308
988
588
148
-340
-684
-988
-1244
-1308
-1116
-748
-148
716
1820
2876
4604
6396
7420
7676
5884
3516
988
-1180
-2876
-4092
-4348
-4092
-4092
-3900
-3900
-4092
-4604
-5116
-5628
-5884
-5884
-5372
-3900
-1756
16
1052
1500
1372
988
324
-556
-1884
-3516
-4860
-5116
-4604
-3644
-3004
-2748
-2620
-2364
-2236
-2108
-2108
-2620
-3644
-3772
-2748
-1116
292
1628
3004
4348
4604
4092
3260
2108
524
-1116
-1820
-1436
-876
-492
396
1564
2236
1980
1564
1500
1052
212
-16
524
1052
1244
1628
2620
3132
2876
2492
2364
1980
1116
716
988
1308
1372
1500
1980
2236
1756
1116
620
120
-492
-716
-460
-16
372
924
1820
2492
2876
3132
3132
3004
2748
2492
2236
1980
1756
1372
1244
1052
684
148
-396
-924
-1244
-1564
-1884
-1980
-1692
-1052
-180
812
1980
3004
4348
5884
7420
8316
7420
5116
2236
-308
-2364
-3900
-4860
-5116
-4860
-4604
-4604
-4348
-4604
-5372
-5884
-5884
-5884
-5372
-4348
-2620
-748
556
1308
1436
1116
556
-324
-1500
-3132
-4860
-5884
-5884
-5116
-4348
-3772
-3132
-2492
-1884
-1500
-1692
-2108
-2876
-3132
-2620
-1500
276
1628
2620
3900
5116
5628
4860
3388
1564
-428
-2108
-2876
-2620
-1756
-1116
-212
1116
2364
2876
2620
2364
1756
924
372
588
1180
1372
1308
1980
2620
2748
2620
2364
2108
1820
1564
1756
2236
2236
1692
1628
1820
1628
1052
460
-64
-716
-1116
-844
-196
324
924
1820
2876
3644
4092
4092
3900
3388
3004
2620
2236
1628
924
372
-8
-196
-524
-1052
-1244
-1436
-1756
-1756
-1500
-1180
-988
-652
164
1052
1980
2748
3644
4860
6140
7164
7420
6140
3388
396
-2236
-3772
-5116
-5884
-5884
-5372
-4860
-4604
-4604
-4604
-5116
-5372
-5372
-4860
-3900
-2620
-684
924
1756
1820
1372
780
-260
-1756
-3388
-5116
-6140
-6908
-6652
-5372
-4092
-3132
-1980
-924
-276
-524
-988
-1372
-1980
-2492
-2236
-876
748
1884
3004
4348
5116
4604
3260
1500
-428
-2492
-3772
-4092
-3260
-1980
-652
1244
3132
4348
4348
3900
3260
2364
1052
428
652
988
1116
1756
2748
3388
3260
3004
2748
2364
1756
1372
1308
1308
1116
1052
1500
1756
1500
876
340
-24
-492
-684
-292
260
844
1692
2748
3516
3772
3644
3388
3004
2620
2108
1692
988
244
-276
-716
-988
-1308
-1692
-1980
-1980
-1756
-1564
-1372
-1052
-620
-132
396
988
1372
1372
1372
1564
1980
2492
3132
4348
5628
6140
5372
3388
988
-1564
-3644
-5116
-5628
-5628
-5116
-4604
-4092
-3772
-3644
-3644
-3516
-3388
-3388
-3004
-2108
-844
308
924
988
556
-132
-780
-1564
-2620
-4092
-5628
-6396
-6140
-5116
-4092
-3004
-2108
-1436
-988
-924
-1372
-1884
-1980
-1884
-1564
-652
876
2236
2748
3388
4092
4348
3516
1884
308
-1180
-2492
-3388
-3004
-1500
48
1052
2364
3772
4348
3388
2364
1692
492
-524
-460
652
1564
1820
2492
3644
4092
3900
3260
2876
2236
1308
876
988
924
556
356
684
876
556
112
-96
-260
-524
-396
260
988
1564
2236
2876
3516
3516
3132
2620
2108
1308
524
-64
-652
-1244
-1692
-1756
-1628
-1500
-1372
-924
-428
0
180
460
780
1116
1372
1564
1564
1244
716
340
428
652
924
1436
2620
4348
5628
5884
4860
2876
356
-1884
-3388
-4348
-4860
-4860
-4348
-3644
-3388
-3388
-3644
-3900
-4092
-4092
-4092
-3388
-2492
-1436
-492
32
72
-396
-876
-1436
-2236
-3644
-5116
-6140
-6140
-5628
-4604
-3516
-2492
-1628
-988
-556
-228
-180
-844
-1884
-2364
-1628
-260
780
1884
3388
4860
5116
4604
3644
2236
40
-1884
-2748
-2236
-1372
-684
684
2236
3388
3644
3388
3132
2108
876
340
620
988
1052
1564
2748
3644
4092
3900
3772
3132
1980
1180
924
620
196
24
460
924
988
924
652
228
-372
-716
-524
-180
132
652
1372
1980
2364
2492
2620
2364
1980
1628
1244
844
356
-80
-428
-684
-924
-1052
-1052
-844
-556
-260
-96
120
492
876
1116
1372
1436
1116
748
324
-196
-588
-716
-428
244
1308
3132
4860
6140
6140
4860
2876
180
-2492
-4604
-5884
-6396
-6140
-5372
-4860
-4348
-4092
-4092
-4092
-4348
-4348
-4348
-3644
-2492
-1244
-356
72
228
88
-260
-924
-1980
-3260
-4604
-5628
-5884
-5372
-4604
-3772
-2748
-1564
-652
-8
684
684
-212
-1116
-1308
-588
196
1180
2492
4092
5116
5116
4604
3516
1756
-340
-1980
-2364
-1884
-1308
-308
1500
3388
4348
4092
4092
3516
2108
844
492
716
684
876
2108
3516
4348
4092
3900
3644
2748
1628
924
492
0
-460
-164
652
1244
1244
988
780
396
-180
-460
-372
-180
64
652
1692
2620
2876
3004
3004
2748
2236
1756
1372
844
180
-396
-684
-924
-1116
-1308
-1244
-924
-652
-524
-340
-104
-88
-228
-164
56
212
48
-228
-556
-1052
-1308
-1308
-988
-396
396
1436
3004
4348
4860
4092
2364
428
-1756
-3772
-5116
-5628
-5628
-5372
-4860
-4092
-3900
-4092
-4604
-4860
-4860
-4860
-4348
-3132
-1884
-812
-132
460
748
356
-428
-1180
-1980
-3132
-4092
-4604
-4348
-3772
-3132
-2236
-1436
-716
260
780
428
-492
-1308
-1436
-1180
-428
1052
3004
4604
5372
5884
5628
4604
2620
924
-56
-340
-588
-180
1052
2492
3260
3388
3388
3004
1820
748
324
164
32
324
1244
2492
3388
3900
4348
4348
3644
2748
1884
1180
556
132
308
812
1052
1052
844
428
-340
-1244
-1692
-1884
-1820
-1436
-556
524
1436
2236
2748
3132
3132
2748
2108
1628
1116
492
0
-324
-652
-1116
-1564
-1756
-1980
-2108
-2108
-1884
-1500
-1052
-460
-80
180
260
292
292
164
-132
-428
-620
-524
-132
372
1180
1980
3004
3900
4348
3772
2108
212
-1820
-3644
-5116
-5884
-5884
-5372
-4860
-4604
-4092
-3772
-3772
-4092
-3900
-3644
-3260
-2620
-1500
-460
56
132
40
-292
-988
-1820
-2620
-3516
-4348
-4604
-4348
-3644
-2876
-1980
-1180
16
1116
1628
1308
620
148
-212
-148
556
1884
3260
4348
4860
5372
5372
4348
2748
1308
460
-244
-460
120
1180
1980
2364
2876
3004
2620
1756
1308
1244
1116
1052
1500
2364
3004
3132
3132
3132
2620
1692
924
492
-56
-652
-588
-72
260
372
492
556
292
-324
-684
-780
-844
-716
-228
428
1052
1500
1884
2108
1980
1628
1180
748
324
-8
-148
-180
-324
-428
-588
-716
-924
-1052
-1308
-1372
-1308
-1116
-988
-716
-196
120
308
652
988
924
492
-64
-492
-716
-876
-812
-588
-212
340
988
1884
2620
2876
2108
876
-460
-1564
-2620
-3388
-3900
-3900
-3772
-3644
-3388
-3516
-3772
-4092
-4092
-4092
-3900
-3644
-3132
-2236
-1436
-924
-748
-844
-1180
-1564
-1884
-2108
-2364
-2748
-2620
-2236
-1628
-988
-492
-96
524
1564
2236
1980
1372
844
428
-64
164
988
1980
2620
3004
3388
3644
3132
2108
1308
1052
924
652
1052
1820
2364
2364
2236
2236
1756
812
372
620
620
244
460
1244
1692
1628
1756
1980
1820
1180
924
1116
1052
684
556
876
988
652
524
588
276
-244
-356
-64
112
164
396
844
1052
1052
1116
1116
812
428
292
340
428
588
812
924
924
812
460
112
-164
-460
-684
-748
-652
-588
-524
-356
-196
-132
-212
-260
-372
-492
-684
-780
-812
-780
-716
-748
-588
-196
132
524
1052
1500
1564
1116
324
-652
-1692
-2492
-3132
-3388
-3388
-3260
-3260
-3260
-3388
-3772
-4092
-4092
-4092
-3900
-3388
-2748
-1980
-1372
-924
-588
-492
-460
-652
-924
-1116
-1052
-1052
-1116
-924
-524
-112
-8
72
180
96
-80
-164
-164
-196
-40
340
924
1628
2364
2876
3132
3388
3388
3260
3004
2620
2364
2108
1980
1820
1692
1500
1308
1180
924
684
356
148
64
48
148
372
556
748
1052
1372
1628
1692
1692
1692
1628
1564
1436
1244
924
620
428
340
196
0
-180
-292
-340
-292
-276
-324
-356
-292
-16
308
620
876
1052
1244
1372
1372
1308
988
588
228
-40
-132
-340
-492
-524
-652
-716
-684
-716
-812
-924
-844
-924
-924
-812
-716
-620
-524
-396
-228
-148
-148
-180
-112
40
132
196
372
588
524
80
-492
-1052
-1564
-1980
-2364
-2620
-2748
-2876
-3004
-3004
-3004
-3132
-3132
-2876
-2620
-2364
-2108
-1884
-1564
-1308
-1180
-1116
-1116
-1244
-1372
-1308
-1180
-988
-876
-812
-588
-292
-132
0
32
32
40
80
308
556
780
1116
1500
1820
2108
2236
2236
2236
2236
2236
2236
2364
2364
2236
2236
2108
2108
1884
1692
1436
1180
924
780
780
716
684
780
924
1180
1372
1372
1372
1244
1116
1116
1180
1180
1180
1244
1308
1308
1244
1052
716
340
32
-148
-276
-372
-428
-340
-228
-132
16
88
40
-16
-56
-80
-80
-56
-32
64
148
308
396
396
244
48
-132
-492
-924
-1116
-1308
-1500
-1500
-1308
-1116
-988
-844
-748
-748
-844
-924
-844
-716
-620
-524
-372
-32
340
652
924
1052
924
620
212
-276
-812
-1308
-1820
-2236
-2492
-2620
-2620
-2620
-2620
-2620
-2620
-2620
-2364
-2236
-2108
-1980
-1756
-1628
-1372
-1116
-988
-924
-988
-924
-876
-844
-780
-652
-492
-308
0
340
556
620
748
876
988
988
1052
1180
1244
1244
1372
1564
1564
1628
1692
1820
1884
1884
1980
1884
1756
1628
1500
1372
1244
1180
1052
988
1052
1052
1116
1180
1116
1116
1116
1116
1116
988
812
780
780
684
716
748
748
652
588
652
652
524
372
308
244
180
164
212
196
132
96
148
228
244
212
228
244
308
292
372
324
196
164
64
-64
-228
-428
-748
-924
-924
-1052
-1180
-1244
-1308
-1308
-1180
-1052
-876
-844
-812
-684
-588
-460
-372
-308
-324
-356
-372
-340
-292
-308
-460
-652
-780
-924
-1244
-1500
-1756
-1980
-2236
-2236
-1980
-1884
-1692
-1500
-1244
-1180
-988
-748
-524
-428
-428
-324
-180
-88
-132
-164
-228
-492
-748
-844
-988
-1180
-1308
-1244
-988
-716
-372
56
356
588
812
988
1180
1180
1180
1180
1244
1372
1436
1436
1308
1180
1052
988
988
924
812
748
780
924
1052
1180
1180
1244
1308
1436
1500
1500
1372
1244
1180
1116
1116
988
812
684
556
492
492
556
556
460
492
620
652
620
620
588
460
372
324
324
276
324
396
460
460
428
396
276
56
-104
-276
-460
-524
-492
-396
-292
-164
-24
-40
-164
-260
-460
-716
-876
-988
-1116
-1116
-924
-812
-684
-588
-556
-620
-652
-620
-652
-748
-812
-812
-780
-652
-556
-492
-556
-620
-780
-924
-1052
-1308
-1564
-1692
-1756
-1756
-1628
-1500
-1436
-1308
-1180
-1180
-1116
-1052
-988
-876
-620
-356
-96
196
428
556
524
460
356
164
-32
-80
-80
-48
120
292
396
524
620
716
652
524
396
292
260
396
620
876
1116
1372
1564
1628
1564
1436
1116
780
460
292
244
276
340
556
684
652
620
716
716
588
492
460
428
460
620
812
988
1116
1180
1244
1116
924
684
396
180
16
-80
-112
-104
-112
-164
-132
-96
-132
-164
-196
-180
-148
0
148
244
244
212
180
148
48
-112
-324
-524
-620
-588
-524
-460
-428
-460
-492
-556
-652
-844
-1052
-1244
-1308
-1308
-1308
-1116
-1052
-924
-812
-684
-652
-620
-588
-524
-428
-324
-164
-56
-16
-48
-48
-32
-180
-396
-652
-876
-1052
-1052
-988
-924
-876
-684
-588
-460
-372
-428
-460
-428
-340
-164
96
292
524
620
684
780
780
620
492
340
276
244
260
340
460
428
492
588
620
652
652
684
748
924
1116
1244
1308
1372
1308
1180
1052
924
716
492
356
308
308
340
428
556
588
556
524
492
460
396
372
372
276
356
428
428
356
340
244
132
88
72
-24
-196
-244
-244
-212
-196
-196
-292
-428
-524
-588
-620
-620
-652
-652
-460
-308
-228
-132
-164
-276
-460
-524
-524
-652
-716
-716
-620
-492
-396
-308
-244
-276
-356
-396
-492
-620
-812
-876
-924
-876
-812
-716
-556
-396
-292
-196
-96
-56
-132
-228
-148
-112
-164
-212
-196
-260
-396
-396
-396
-396
-396
-396
-244
-32
120
196
228
244
228
228
228
244
148
120
112
148
228
276
276
228
244
244
276
372
356
324
428
492
492
556
556
460
460
460
524
556
524
460
428
396
324
244
244
212
164
164
292
460
588
684
748
684
524
492
356
148
0
-120
-196
-164
-164
-120
-56
-32
-8
0
0
-48
-112
-164
-180
-164
-80
24
120
212
244
260
180
56
-48
-244
-396
-460
-428
-324
-196
-48
104
196
244
292
212
40
-72
-196
-276
-324
-396
-396
-340
-292
-228
-228
-276
-396
-492
-556
-556
-556
-524
-428
-292
-132
16
104
64
-8
-104
-244
-324
-396
-588
-748
-844
-844
-748
-652
-556
-460
-396
-324
-228
-196
-164
-148
-96
24
148
324
460
556
588
588
588
492
308
104
-32
-148
-164
-72
16
96
244
356
428
428
372
340
228
148
196
292
292
340
460
492
524
524
460
372
276
212
180
196
228
308
356
372
460
524
524
460
396
292
212
164
132
120
56
-8
-40
-72
-112
-148
-164
-164
-88
-64
-64
-80
-88
-96
-180
-244
-324
-340
-308
-228
-112
80
164
212
396
460
428
396
308
148
0
-64
-148
-276
-356
-372
-324
-292
-260
-276
-372
-492
-588
-684
-684
-684
-620
-556
-356
-132
48
148
228
164
8
-132
-244
-396
-524
-492
-396
-324
-308
-276
-308
-492
-716
-844
-988
-1116
-1180
-1052
-844
-652
-356
-104
104
292
396
428
396
292
180
148
148
228
340
492
588
652
684
556
428
356
260
104
8
0
56
148
260
428
588
588
524
556
556
492
396
292
292
340
460
588
652
652
652
620
588
556
460
396
324
292
292
260
260
276
260
308
396
396
356
324
340
372
356
428
428
396
396
308
212
80
-64
-196
-308
-428
-556
-620
-652
-652
-620
-524
-372
-196
-40
40
104
180
196
228
260
244
112
-32
-196
-340
-556
-748
-876
-988
-1116
-1116
-1052
-988
-924
-780
-588
-460
-428
-308
-260
-308
-324
-396
-492
-620
-716
-748
-716
-684
-588
-460
-396
-308
-260
-292
-372
-492
-556
-620
-652
-652
-556
-372
-228
-164
-64
-16
0
-40
-72
-72
-104
-64
0
72
164
308
492
652
748
780
780
652
524
460
460
460
428
492
684
780
844
876
812
652
556
556
492
460
524
588
652
748
748
716
492
324
244
112
32
88
180
276
460
716
876
876
812
652
428
196
64
-16
-72
-16
132
396
588
716
716
620
396
120
-132
-372
-524
-620
-524
-308
-80
80
148
96
0
-104
-196
-372
-556
-652
-620
-356
-80
164
356
460
396
324
180
-32
-340
-588
-748
-748
-748
-652
-556
-588
-556
-524
-556
-620
-748
-876
-924
-924
-876
-748
-620
-492
-356
-276
-212
-196
-196
-292
-396
-460
-492
-524
-524
-492
-460
-460
-524
-524
-556
-588
-620
-556
-428
-324
-164
-24
132
244
356
492
556
556
588
588
556
492
396
260
180
120
96
104
148
164
164
228
324
396
492
620
716
812
844
924
924
812
684
556
428
292
260
244
180
72
-8
-80
-164
-228
-212
-132
0
132
308
524
620
684
684
556
460
396
276
132
72
64
24
16
24
24
8
16
16
0
-64
-96
-132
-164
-180
-180
-164
-120
-164
-132
-104
-212
-244
-260
-308
-396
-396
-340
-308
-276
-228
-132
-88
-120
-132
-120
-180
-308
-428
-524
-620
-652
-620
-652
-588
-492
-356
-260
-228
-244
-244
-308
-372
-396
-396
-396
-292
-96
96
212
308
372
340
260
196
72
-120
-212
-244
-228
-180
-72
40
120
180
228
244
244
228
228
196
164
228
276
340
372
324
260
196
132
56
-32
-72
-72
16
148
396
588
748
780
812
812
748
652
524
340
212
180
148
132
32
-24
-40
8
32
80
132
148
164
228
324
308
308
292
292
308
396
428
396
324
196
64
-88
-276
-460
-652
-780
-844
-876
-748
-588
-460
-356
-212
-104
-48
-56
-120
-260
-396
-460
-460
-492
-620
-684
-716
-716
-716
-748
-780
-844
-876
-812
-652
-492
-292
-132
64
228
308
308
212
32
-148
-244
-260
-308
-308
-260
-148
-40
8
24
-16
-56
-132
-148
-196
-276
-324
-308
-164
32
308
492
652
716
716
748
684
556
460
372
308
356
396
372
372
396
372
356
428
524
524
588
620
684
684
684
652
588
460
396
396
372
396
428
428
428
428
428
340
228
132
32
0
0
0
40
88
132
212
196
164
72
-64
-180
-276
-308
-356
-396
-428
-372
-308
-228
-80
-104
-228
-340
-460
-524
-588
-652
-652
-652
-620
-492
-428
-492
-588
-652
-652
-556
-460
-372
-276
-148
-40
64
96
48
-80
-244
-308
-340
-356
-372
-396
-372
-356
-292
-260
-260
-244
-276
-308
-292
-260
-212
-88
40
164
292
396
460
492
492
428
356
324
276
196
180
180
132
96
56
0
-56
-132
-196
-244
-292
-308
-292
-228
-148
-8
148
324
428
524
588
588
556
524
460
372
292
260
228
212
212
276
276
324
356
356
340
292
276
228
164
132
132
132
148
196
228
228
212
228
180
104
16
-96
-196
-276
-292
-244
-180
-104
-8
88
196
260
276
244
148
-56
-292
-492
-620
-716
-748
-652
-524
-372
-196
-56
72
132
104
16
-104
-244
-396
-460
-460
-396
-340
-212
-64
48
132
132
48
-72
-180
-228
-276
-244
-164
-24
112
244
356
372
356
308
228
112
24
0
0
0
32
88
104
32
-72
-132
-196
-308
-396
-356
-292
-180
0
260
492
652
748
780
716
588
428
292
148
64
-24
-72
-16
-56
-120
-180
-228
-292
-396
-492
-524
-556
-492
-356
-180
0
132
260
356
396
356
292
212
120
112
112
88
64
56
56
32
32
16
-72
-148
-164
-164
-132
-164
-180
-164
-180
-180
-96
-96
-104
-104
-120
-96
-96
-48
-8
-16
0
0
8
-8
-40
-96
-148
-120
-40
0
-8
-16
-88
-228
-324
-372
-428
-428
-372
-308
-212
-32
212
396
524
524
492
396
260
96
-32
-148
-244
-244
-148
-16
72
120
164
148
120
104
96
96
132
212
292
396
428
428
460
428
396
372
308
276
212
112
16
16
8
-80
-196
-244
-308
-372
-356
-292
-244
-228
-120
0
148
212
292
324
292
276
260
244
148
88
88
80
32
-24
-164
-276
-396
-460
-524
-524
-556
-556
-460
-324
-88
48
164
260
276
260
212
120
0
-112
-228
-260
-260
-276
-292
-276
-244
-180
-112
-88
-72
-40
-32
24
40
72
80
48
0
-24
32
32
0
-32
-32
-64
-80
-64
-96
-164
-164
-148
-132
-32
88
244
396
460
524
524
396
212
56
-72
-228
-292
-324
-308
-196
-40
132
324
396
396
356
292
180
48
-40
-56
-24
16
64
212
292
292
308
244
164
96
-48
-112
-132
-120
-72
48
164
212
276
276
260
180
132
80
32
8
0
24
56
48
0
-72
-148
-276
-396
-460
-460
-396
-340
-196
-64
48
164
180
196
180
56
-120
-180
-228
-308
-308
-244
-196
-148
-104
-104
-148
-244
-292
-308
-324
-276
-212
-120
-8
64
80
48
0
-112
-228
-308
-372
-460
-492
-396
-244
-112
0
132
180
164
196
212
212
196
212
308
324
324
324
276
180
104
48
-40
-132
-180
-164
-88
0
132
228
292
356
428
460
460
492
460
428
396
340
276
180
112
48
-40
-148
-228
-292
-372
-356
-308
-212
-104
-8
80
196
228
244
260
148
48
16
8
0
-8
-24
-32
-64
-48
-40
-80
-180
-276
-308
-324
-324
-244
-148
-32
64
148
228
212
180
164
80
16
0
-48
-80
-40
-32
-72
-104
-132
-180
-180
-164
-180
-196
-196
-164
-80
0
32
80
88
132
104
40
-16
-56
-64
-112
-132
-112
-120
-148
-180
-212
-244
-260
-244
-244
-244
-228
-164
-56
-32
-16
32
32
0
8
16
8
56
120
196
292
396
492
492
492
460
396
260
196
148
64
0
-16
-32
-32
-16
0
16
0
-24
-32
-24
16
48
88
148
244
292
260
276
276
228
196
196
164
96
48
0
-120
-244
-356
-428
-460
-428
-396
-356
-260
-196
-132
-48
-24
-16
-32
-48
-80
-120
-164
-196
-196
-196
-132
-64
-32
-16
-16
-48
-112
-164
-228
-276
-340
-308
-260
-212
-132
-48
16
80
132
180
180
180
196
196
228
276
276
276
244
212
180
132
48
-32
-64
-72
-72
-40
0
64
132
164
196
228
244
228
164
132
104
40
8
8
-8
-40
-64
-72
-64
-40
-32
-32
0
-24
-16
24
88
120
164
212
180
164
148
132
96
88
88
80
104
80
64
40
8
-40
-72
-96
-132
-120
-64
-8
88
180
228
244
212
120
40
-32
-132
-212
-260
-276
-228
-164
-120
-72
-56
-56
-132
-180
-212
-292
-356
-340
-292
-260
-228
-164
-132
-180
-196
-196
-244
-276
-276
-244
-196
-164
-112
-88
-56
-64
-88
-64
-112
-148
-164
-148
-104
-40
-8
40
64
72
56
40
16
-16
-40
-48
-40
-8
24
96
180
244
292
308
308
276
276
308
324
340
372
340
324
292
228
120
40
0
-16
-40
0
96
180
212
244
276
308
308
260
244
164
104
56
40
8
0
0
-24
0
24
48
64
88
120
132
112
120
96
88
72
56
0
-48
-120
-164
-164
-132
-112
-132
-132
-132
-120
-88
-64
-48
-32
-16
16
24
0
8
0
-48
-64
-72
-80
-120
-132
-164
-196
-180
-148
-88
-32
0
0
0
-32
-104
-164
-196
-228
-260
-324
-396
-428
-460
-492
-460
-428
-428
-428
-396
-324
-244
-180
-132
-104
-104
-112
-104
-104
-148
-180
-164
-196
-212
-196
-196
-196
-180
-132
-64
-8
48
148
196
244
292
324
324
340
372
356
372
356
372
428
460
492
428
396
356
340
324
340
356
356
340
340
372
396
396
428
396
356
308
260
212
180
112
104
132
132
120
72
32
0
-8
-40
-120
-180
-212
-180
-164
-132
-64
-40
-72
-88
-56
-112
-148
-164
-164
-120
-88
-88
-148
-228
-292
-396
-428
-428
-428
-428
-372
-292
-228
-164
-88
-40
-48
-8
0
24
56
72
148
148
148
180
196
164
112
24
-32
-112
-196
-196
-132
-88
-8
48
56
88
104
96
72
56
24
0
0
0
8
0
8
32
32
32
8
-8
-24
-80
-96
-132
-148
-164
-132
-120
-148
-164
-164
-132
-104
-96
-72
-72
-96
-56
0
-24
-8
0
-16
-16
24
32
-16
-56
-64
-64
-80
-88
-88
-88
-88
-64
-40
-40
-16
16
72
148
212
260
260
276
276
244
180
148
64
-8
-56
-96
-112
-120
-80
-16
8
8
8
-16
-24
-72
-148
-164
-132
-80
8
132
244
308
372
396
356
308
180
16
-96
-196
-244
-276
-276
-292
-292
-260
-212
-148
-104
-40
0
64
164
260
396
460
524
556
524
492
396
292
164
40
-72
-148
-180
-212
-196
-148
-104
-64
-8
24
72
132
132
148
148
164
164
148
132
120
88
24
0
-24
-72
-96
-132
-148
-164
-132
-104
-80
-40
-32
-24
-8
80
148
164
148
132
96
32
-8
-72
-164
-260
-308
-340
-340
-308
-292
-260
-228
-164
-104
-48
-56
-24
32
48
88
96
88
72
24
0
0
-48
-112
-180
-212
-228
-260
-244
-196
-148
-72
-8
32
40
24
16
-16
-40
-64
-96
-148
-164
-132
-132
-148
-148
-132
-96
-88
-104
-120
-180
-228
-196
-112
-56
-16
0
24
56
32
32
24
0
-64
-112
-148
-180
-164
-148
-80
40
112
180
260
308
340
372
428
428
396
372
372
340
324
308
292
292
260
244
276
276
260
212
180
148
72
64
88
96
112
148
212
244
260
212
164
88
0
-40
-72
-132
-180
-196
-180
-148
-104
-72
-24
-8
-32
-48
-72
-132
-180
-212
-212
-196
-212
-180
-196
-196
-212
-228
-212
-260
-308
-324
-292
-244
-196
-120
-64
-72
-56
-24
0
8
-8
-32
-40
-64
-56
-16
0
16
48
56
32
0
-24
-16
-8
16
96
196
244
276
276
228
120
56
8
-40
-48
-40
-24
24
96
132
164
180
120
80
56
24
8
8
64
80
132
180
196
148
64
-16
-120
-212
-260
-276
-292
-260
-212
-148
-40
48
88
104
104
104
104
96
40
0
-56
-104
-132
-112
-88
-104
-120
-96
-112
-104
-24
24
40
48
64
88
88
72
64
56
32
8
16
32
32
8
-24
-40
-80
-148
-180
-212
-196
-148
-120
-80
-24
0
32
72
96
56
16
0
-32
-48
-56
-48
-48
-40
-24
0
0
0
-8
-72
-104
-104
-104
-88
-64
-72
-24
24
64
64
64
72
88
72
72
112
112
132
180
244
244
212
212
180
148
112
64
16
0
-16
-32
-16
0
16
48
72
104
104
112
164
180
180
228
260
276
276
244
212
180
132
72
40
0
-16
-64
-96
-104
-132
-120
-112
-40
0
16
56
88
120
104
104
104
48
0
-24
-48
-80
-104
-104
-104
-148
-164
-180
-228
-276
-276
-260
-228
-196
-164
-148
-120
-56
-32
-40
-48
-64
-148
-228
-260
-308
-340
-324
-276
-228
-196
-164
-180
-212
-292
-324
-340
-340
-324
-276
-196
-164
-120
-80
-104
-148
-180
-196
-228
-260
-228
-196
-112
-40
16
104
148
148
112
120
96
80
80
120
148
164
244
292
324
340
324
276
260
276
292
340
396
460
492
524
524
492
460
372
292
244
212
212
212
244
292
340
356
396
372
324
260
196
132
104
80
56
64
96
180
228
228
164
48
-16
-88
-148
-228
-292
-276
-260
-212
-164
-132
-132
-164
-180
-212
-228
-292
-356
-372
-324
-292
-260
-244
-244
-260
-260
-260
-276
-276
-276
-260
-244
-212
-196
-164
-148
-132
-148
-148
-112
-104
-112
-96
-48
-24
-8
16
0
-16
-32
-48
-88
-148
-164
-180
-164
-132
-64
0
56
88
96
64
32
-24
-96
-120
-120
-112
-80
-24
0
40
48
32
8
-48
-104
-112
-132
-112
-56
8
56
96
148
164
196
228
228
196
212
196
180
212
228
244
244
260
276
276
276
276
276
260
228
212
196
212
228
244
260
276
292
308
372
396
356
308
244
180
96
40
24
-40
-32
0
0
32
56
32
32
8
-8
-32
-40
-80
-112
-132
-132
-104
-72
-80
-112
-132
-196
-276
-356
-356
-372
-396
-372
-324
-276
-212
-112
-88
-120
-164
-196
-260
-292
-324
-324
-308
-276
-228
-180
-148
-148
-164
-180
-196
-196
-212
-212
-196
-132
-72
-24
8
0
8
0
-72
-148
-228
-292
-308
-308
-212
-132
-48
16
112
228
244
260
260
228
212
212
228
228
228
244
244
260
244
180
120
80
40
8
24
56
148
244
292
356
396
356
324
260
164
112
40
0
-16
0
0
16
32
48
32
24
32
0
-32
0
24
80
148
212
228
180
180
132
56
-32
-132
-164
-196
-164
-148
-80
-72
-88
-56
-48
-40
-64
-96
-112
-132
-104
-56
-24
0
32
16
8
-8
-24
-48
-112
-132
-148
-180
-180
-148
-180
-164
-148
-132
-120
-148
-180
-180
-164
-164
-180
-164
-120
-112
-96
-80
-72
-88
-104
-96
-64
-16
16
40
80
104
112
132
132
88
24
0
0
16
64
148
212
228
244
212
180
132
80
64
40
56
120
164
228
324
372
372
372
292
260
196
164
148
180
196
228
292
308
292
276
244
196
132
56
-8
-56
-96
-112
-88
-64
-72
-24
-8
-64
-96
-132
-196
-244
-244
-244
-260
-244
-212
-212
-212
-212
-244
-260
-276
-276
-228
-196
-164
-132
-112
-132
-180
-212
-292
-324
-340
-340
-292
-276
-196
-132
-72
-24
8
40
8
-24
-48
-88
-80
-96
-96
-72
-56
-32
0
16
0
0
32
32
24
0
-56
-120
-180
-196
-180
-164
-148
-104
-32
16
88
132
148
148
148
164
148
112
112
120
120
132
164
196
180
164
132
104
72
64
72
88
112
164
212
276
356
396
428
460
428
356
308
244
180
120
96
88
80
88
104
120
112
112
88
64
40
16
48
72
96
148
244
292
308
292
244
132
24
-96
-212
-308
-372
-396
-428
-372
-340
-292
-260
-244
-276
-260
-244
-228
-228
-196
-132
-88
-56
-24
0
-40
-88
-120
-228
-292
-356
-356
-292
-212
-88
0
64
132
148
132
80
40
0
