SAMPLES:	7777
BITSPERSAMPLE:	16
CHANNELS:	1
SAMPLERATE:	16000
NORMALIZED:	FALSE
0
-8
0
0
0
0
0
-8
0
0
-8
-16
0
0
0
-8
-16
-8
0
-8
-24
-8
-8
0
-8
0
0
-16
0
0
-16
-24
0
-16
-24
-16
-16
-24
0
-24
-32
0
-16
-32
0
-16
-24
-8
-24
-40
-16
-8
-48
-8
-8
-24
-16
-32
0
0
-24
-24
0
0
-24
-16
0
-16
-16
-8
0
8
0
0
0
8
0
0
16
8
8
24
16
0
24
16
0
16
32
16
8
24
16
16
24
8
16
24
16
24
32
0
0
40
8
0
24
24
24
24
16
8
24
16
0
8
24
16
8
0
0
16
8
0
0
16
8
0
0
8
16
0
0
0
8
0
-8
16
0
-16
8
0
0
-8
0
0
-8
8
0
-8
0
-16
-8
0
0
0
-8
0
-16
0
16
-16
-16
16
-8
-8
0
-8
0
0
-8
-16
32
-16
-24
24
0
-32
-8
0
-8
0
-16
0
16
-8
-24
16
8
-24
-16
8
0
0
-8
-8
8
0
-16
-8
0
-16
0
-8
-24
-8
0
0
-24
-8
0
-8
-8
-16
-8
0
-8
-16
-24
0
8
-16
-32
16
0
-8
-8
-16
8
0
-16
-16
0
16
-24
-8
16
0
0
-8
8
-8
-8
-8
-8
0
0
-8
-16
8
-8
-16
0
8
0
0
8
0
24
-8
0
8
16
-8
0
32
0
8
8
16
16
0
0
8
40
24
-8
48
24
-8
8
24
16
0
24
8
32
32
0
8
56
0
0
40
8
24
24
8
8
32
16
-8
32
32
-16
0
24
16
-8
8
32
0
0
0
24
8
0
0
0
16
-8
-16
0
8
-8
-16
0
16
-32
-8
8
-8
-32
-40
0
0
-16
-32
-8
0
-40
-32
-24
-8
-16
-32
-32
-24
-8
-16
-56
-8
0
-32
-16
-40
0
-8
-48
-32
-8
-16
-32
-40
-8
0
0
-32
-32
16
-8
-16
-24
-8
8
0
-32
-16
40
0
-48
0
8
-8
0
-16
0
0
0
0
8
40
-8
-16
64
0
0
40
0
32
8
8
8
32
32
-8
32
48
0
16
32
32
24
0
48
32
8
32
24
24
0
8
24
48
24
0
24
40
16
-8
24
32
24
0
8
40
24
0
-8
0
32
16
-16
0
24
8
-32
0
8
-8
-8
0
-8
-8
0
0
-16
-32
0
8
-40
-24
16
-32
0
0
-64
-16
48
-48
-64
32
16
-56
-32
8
-16
-8
-32
-24
16
-16
-16
-32
8
0
-48
8
0
-8
-24
0
0
-8
-8
-8
8
8
-24
0
8
0
-24
-16
32
-16
-8
16
0
0
-32
8
0
-32
0
16
-8
-32
8
16
-24
0
16
-32
24
0
-24
16
0
0
0
8
16
-24
8
16
-16
0
0
16
-16
-8
24
-16
-8
32
0
-8
16
8
0
0
24
-24
16
48
-40
16
16
-8
16
8
-16
8
40
-16
-16
16
16
16
0
-24
16
56
-40
-16
16
40
16
-24
-16
56
24
-24
8
8
24
-24
0
-24
16
16
-40
24
0
-16
16
0
-24
40
0
-32
0
8
-16
-16
8
-8
0
0
-8
-16
16
0
-8
16
0
-16
0
24
0
-24
16
-8
-8
0
-16
8
16
-8
-8
32
-8
-16
16
8
-16
8
8
-32
24
16
-40
16
24
-48
-8
32
0
-32
8
24
-16
32
-16
-24
40
8
-40
0
24
-16
8
24
-24
16
24
-24
16
-8
0
40
-32
-16
8
32
-24
-16
40
0
0
-8
-8
0
0
0
0
-16
16
0
-32
-8
0
8
-16
-8
0
48
-8
-24
0
16
8
-56
8
8
16
-8
-16
8
40
-32
-56
40
16
-40
-24
40
16
-40
-32
8
24
0
-40
32
8
-24
-16
0
8
0
-16
0
24
0
-32
16
48
-8
-64
40
24
-56
-8
16
8
0
0
-16
16
32
-56
-24
24
16
-16
-56
48
24
-24
-16
-16
48
-32
-40
0
-8
16
-40
-24
16
-8
0
-24
-8
48
-40
0
-8
0
0
-64
40
0
-40
48
0
-16
40
-8
-8
48
16
-40
0
120
-32
-24
72
8
48
0
-24
40
72
0
-16
56
72
-8
16
72
32
0
32
48
8
0
-8
40
24
-24
0
24
56
24
-88
32
132
-48
-48
40
24
0
24
-56
-40
112
-40
-104
48
0
-56
40
-32
-56
16
-16
-24
0
-32
-24
16
-24
-48
-48
16
0
-48
-40
-32
-16
-8
-32
-40
-24
16
-32
-56
16
-56
0
8
-80
8
0
-72
24
0
-56
-24
8
0
-32
-32
-16
32
40
-72
-24
48
0
-16
-48
-8
48
-24
-48
16
16
8
-48
-16
8
16
24
-56
0
56
16
-48
-8
64
-24
8
16
-24
32
24
-24
0
24
0
24
0
16
32
24
-16
8
72
-16
0
32
8
32
0
0
32
32
8
-16
16
56
-8
16
-24
-8
72
0
-32
0
64
24
-8
8
0
16
56
-40
0
88
-24
8
24
0
0
16
24
0
0
48
32
0
8
0
80
0
-48
0
56
48
-40
-40
64
48
-64
-16
-32
104
0
-80
32
16
48
-96
-8
40
-16
-24
-32
8
8
-88
0
8
-64
-8
-72
0
24
-24
-72
-24
40
-40
-64
8
-24
0
-8
-80
-24
24
16
-72
16
40
-56
24
24
-40
8
24
0
-16
16
0
-8
56
-32
-32
104
0
-48
24
32
0
0
16
-16
56
32
-96
40
64
-104
8
56
-64
0
0
-40
-32
8
-40
-16
72
-64
-80
72
-8
-112
-32
40
0
-64
-56
40
0
-56
-80
0
32
-56
-40
16
32
-8
-96
40
72
-104
-48
72
32
-40
0
-8
24
80
-96
-48
132
-8
-40
48
0
-8
56
8
0
80
16
-24
112
40
-72
48
96
8
-8
56
16
40
72
-40
0
132
0
-56
32
32
32
8
0
8
96
-8
-32
32
-8
24
32
8
-48
24
16
8
32
-40
8
56
-24
-16
-8
48
32
-32
-32
-8
24
-16
-88
24
16
-8
8
-104
0
96
-32
-104
64
16
-80
0
-24
-48
88
-48
-120
72
-8
-64
0
8
-24
16
-24
-96
56
8
-132
48
48
-104
0
16
-8
-24
0
-40
-48
40
16
-88
48
32
-32
0
8
16
-48
64
56
-80
-8
32
-8
32
-24
0
24
56
0
-16
40
0
0
-16
0
0
-8
-24
32
0
-40
16
24
-64
8
56
-40
-56
16
88
-24
-16
32
16
32
-32
-48
64
56
-16
-24
8
24
0
-16
16
32
16
8
0
56
8
-72
24
164
-64
-72
132
56
-56
-16
64
-16
80
-56
-64
104
72
-80
-64
112
72
-56
-72
48
24
-8
-56
8
64
-32
-24
-32
24
-32
-72
40
-32
-88
16
-48
-24
-40
-80
0
24
-48
-120
-8
-16
-64
-40
-56
-40
40
-72
-96
40
-24
-32
-24
-32
24
24
-104
-88
96
16
-132
-16
16
0
0
-72
-24
32
16
-64
-48
120
48
-48
-8
64
40
-40
40
64
0
8
24
16
24
0
-24
112
112
-16
-32
88
88
16
-40
16
132
8
-48
0
180
16
-24
56
0
48
56
16
-64
56
88
0
-16
48
8
0
48
-16
0
72
88
-80
-24
64
24
0
-56
8
72
40
-64
16
64
24
-24
48
-64
-40
120
-56
-56
16
0
-24
8
-16
0
32
8
-64
32
0
-24
24
-40
0
-40
-48
0
40
-80
-40
24
-32
0
-88
-40
16
32
-88
-80
48
64
-32
-132
0
16
-16
-112
-8
16
16
-48
-64
16
24
-8
-48
8
8
-8
-32
-16
8
32
-24
-88
-32
16
16
-16
-8
56
48
-120
-40
40
0
-24
0
48
-8
16
-24
-8
-24
-56
8
8
-48
56
24
-32
16
72
0
-88
40
8
-40
32
16
-32
40
24
0
0
16
8
8
40
40
0
-16
-56
16
48
-24
0
0
24
16
0
8
16
16
-32
-56
56
56
-96
8
72
-16
0
32
-32
-16
0
0
32
0
-16
-8
132
24
-96
32
40
0
-32
24
64
-24
16
8
0
64
48
0
24
8
0
40
72
-32
-16
64
16
0
0
8
0
8
24
0
0
16
24
24
-8
-24
16
-8
-32
8
8
64
0
-32
0
0
0
-24
-8
0
-16
8
8
-64
-8
0
-16
-24
-48
-48
-32
16
-16
-32
16
40
-48
-40
-16
-24
0
-64
-24
0
-40
-40
0
0
-24
-56
-32
8
-8
-80
-40
24
-24
-56
-40
0
-48
-40
-8
0
0
-40
-32
-8
-16
-40
0
-8
-32
0
24
-32
0
48
0
-8
40
40
-32
-24
0
16
24
0
32
0
8
88
32
-16
16
48
16
48
64
24
40
32
8
16
32
16
0
56
56
40
32
24
32
8
8
48
48
0
8
32
8
-8
0
24
0
24
40
8
0
-24
0
24
-8
-8
32
24
-8
0
24
-8
0
32
0
8
24
-24
-24
8
16
0
16
24
-24
8
24
0
0
0
-8
-8
8
16
8
-8
-32
-24
0
-24
-8
40
0
-16
-16
-40
-40
-16
-24
-16
16
-16
-56
-40
-40
-40
-16
-8
-8
-16
-32
-56
-72
-48
-24
-56
-40
0
-24
-48
-48
-32
-40
-40
-24
-24
-40
-32
-16
-24
-40
-24
-24
-48
-16
8
-32
-48
0
0
-48
-24
8
0
-24
-16
16
24
8
16
0
24
24
-8
8
24
16
16
32
48
48
24
16
40
40
24
24
40
48
48
32
56
48
40
24
16
32
32
40
24
48
72
32
0
16
32
48
32
24
72
48
24
16
16
0
0
0
-16
8
24
8
0
16
16
0
-8
0
-8
-16
8
24
0
0
24
16
-16
-24
0
-16
-24
-16
8
0
0
8
0
-8
-16
0
-16
-8
0
-8
-8
-8
-16
-40
-32
-16
-24
-40
-8
8
-8
-24
-8
-8
-32
-16
0
-8
-16
-8
0
0
-8
0
0
0
-16
-8
0
-8
0
0
0
8
-8
-8
0
8
0
-8
16
8
-16
-16
0
0
-16
-16
8
0
-16
-8
0
0
0
0
0
0
8
0
-8
-8
-8
-24
-16
0
-16
-24
-8
-8
-24
-40
-16
-8
-32
-32
-24
0
-16
-48
-32
-32
-16
-24
-24
-8
-8
-8
-32
-32
-8
-16
-24
0
8
0
0
0
16
8
-8
-8
-8
0
0
16
40
32
32
32
16
24
16
0
8
24
24
16
40
32
8
0
24
32
0
0
16
40
16
16
56
56
8
0
32
40
8
-24
0
24
0
-16
24
48
24
8
40
56
32
8
48
72
48
24
40
56
16
16
32
56
48
16
48
64
32
16
24
40
8
8
24
32
16
0
-8
-16
-8
-16
-16
8
0
-8
-24
-24
-40
-48
-24
-32
-40
-40
-40
-40
-48
-56
-32
-40
-64
-80
-40
-40
-80
-80
-48
-32
-56
-72
-16
0
-48
-32
-32
-32
-64
-88
-56
-56
-48
-32
8
24
8
48
56
72
56
80
104
56
24
24
16
-8
-24
-24
-16
-40
-32
-40
-32
-32
-48
-40
-56
-32
-8
-16
0
0
-8
-32
-80
-64
-64
-80
-56
-48
-24
-40
-32
-16
-16
-24
-40
-32
-48
-48
-24
-24
0
-16
-24
0
-16
-40
-32
-40
-32
-24
8
40
40
40
40
80
56
32
32
16
-16
-24
0
0
0
24
24
24
80
88
96
96
120
112
48
64
64
88
48
88
164
180
148
120
80
72
40
24
88
132
196
164
212
228
196
180
164
180
212
228
228
276
308
324
308
324
260
228
180
120
132
196
276
324
396
372
292
180
8
-164
-292
-428
-524
-556
-652
-716
-748
-780
-844
-924
-924
-988
-924
-924
-844
-716
-652
-588
-460
-460
-524
-556
-588
-684
-748
-748
-652
-556
-492
-340
-196
-120
-40
32
64
72
96
132
148
164
228
308
372
428
524
588
652
684
716
716
716
716
716
716
716
716
652
588
556
492
460
396
372
396
396
428
492
588
620
588
524
556
428
276
164
40
-16
-56
80
72
148
292
556
1116
1692
2492
3388
3644
3260
2364
1372
556
-356
-988
-1436
-1500
-1436
-1564
-1564
-1692
-1980
-2364
-3004
-3260
-3516
-3516
-3004
-2108
-1244
-684
-260
164
164
-72
-556
-1116
-1756
-2364
-2236
-1884
-1436
-1052
-844
-556
-588
-812
-716
-1052
-1820
-2620
-2620
-1756
-1372
-684
276
1564
2364
2364
2492
2236
1436
356
-492
-524
-492
-716
-340
556
1436
1500
1308
1308
748
-72
-652
-620
-556
-748
-372
588
1372
1692
1756
1980
1756
1308
1116
1116
1052
652
652
1180
1308
1116
876
684
260
-276
-492
-556
-652
-876
-460
276
748
1244
1756
2108
2364
2364
2364
2108
1564
1244
844
652
588
684
812
844
1436
2364
3132
3900
4860
6396
6908
5628
3260
1308
228
-748
-2108
-2492
-2236
-1884
-2108
-2748
-2876
-3132
-3772
-4348
-4860
-4860
-4604
-3644
-2108
-812
-308
-196
-324
-684
-1436
-2236
-3004
-3900
-4348
-4348
-3260
-2364
-1884
-1436
-1308
-1500
-1980
-2620
-3260
-4348
-4860
-4092
-2364
-460
1052
2620
4092
4604
4348
3388
2236
876
-684
-1980
-2492
-2364
-2108
-1628
-924
-24
524
652
460
308
180
8
196
812
1500
1980
2620
3132
3388
3260
2748
1980
988
56
-524
-716
-716
-620
-340
120
588
812
748
556
308
132
112
276
556
844
1308
2108
2876
3260
3260
3132
3132
2876
2620
2620
2492
1980
1436
1116
812
396
-64
-556
-684
-812
-1052
-988
-812
-308
460
1756
3260
4348
5372
7420
8828
8316
5884
2876
652
-1180
-2876
-4348
-4348
-3900
-3516
-3644
-4092
-4348
-4860
-5628
-6140
-6140
-5884
-4860
-3004
-620
924
1628
1884
1820
1308
244
-1180
-2876
-4604
-5628
-5884
-4860
-4092
-3516
-3004
-2620
-2364
-2364
-2876
-3644
-4860
-5372
-4604
-3004
-876
1628
3772
5628
6908
7420
6396
4092
1980
88
-1372
-2108
-2236
-1628
-844
-260
340
748
1116
844
212
260
684
1308
1820
2620
3516
3644
3644
3644
3260
1980
260
-844
-1308
-1628
-1628
-1052
-24
876
1564
2364
2492
1628
396
-396
-876
-1372
-1692
-1372
-556
260
1180
2236
2748
2748
2620
2876
3004
2748
2364
2108
1820
1500
1244
988
372
-428
-988
-1180
-1308
-1436
-1564
-1500
-1052
-492
260
1436
2748
3900
4860
6140
8316
9340
8316
5372
2748
652
-1372
-3388
-4860
-5116
-4092
-3772
-3772
-4092
-4348
-4604
-5116
-5372
-5372
-5116
-4092
-2620
-780
524
1308
1756
1980
1756
924
-556
-2492
-4860
-6140
-6652
-5884
-5116
-4348
-3516
-2620
-1756
-1372
-1756
-3004
-4348
-5372
-4604
-3004
-588
2364
4860
6396
7164
7164
5884
3388
492
-1628
-2364
-2748
-2876
-2492
-1628
-988
-524
356
1436
1500
812
324
780
1564
1628
1564
1820
2108
2364
2748
3004
2492
1052
8
8
276
88
96
684
1244
1628
1820
1756
924
-460
-1372
-1436
-1180
-1180
-1052
-196
716
1628
2620
3388
3900
3644
3772
3900
3772
3388
2620
1980
1436
748
180
-396
-1052
-1372
-1372
-1244
-1308
-1308
-924
-524
-32
340
876
1692
2748
3900
5116
6908
8828
9852
8316
5372
2236
-308
-2620
-4604
-5884
-5628
-4604
-3900
-3900
-4348
-4604
-4604
-4860
-4860
-4860
-4092
-2620
-324
1820
2620
2492
2108
1884
1244
-340
-2620
-5116
-7164
-8316
-7932
-6652
-5372
-4092
-2620
-1116
-228
-260
-1180
-2620
-4092
-4348
-3516
-1884
-324
1180
3132
5628
7420
7932
6652
4092
1180
-2108
-4604
-5884
-5628
-4348
-2492
-96
2236
3388
3516
2748
2236
1564
620
492
924
1820
2748
3516
4604
4604
3644
2364
812
-620
-2108
-3004
-2876
-1980
-620
924
2364
3132
2876
2236
1116
-72
-1564
-2620
-2620
-2236
-1116
428
1980
3260
3900
4092
3900
3516
2876
2364
1980
1692
1180
716
180
-492
-1244
-1884
-2236
-2364
-2492
-2236
-1692
-924
-112
1052
1980
2876
3644
3772
3516
2876
2364
2108
1980
1980
3004
4860
6396
6396
4604
2492
228
-2108
-4604
-5884
-5884
-4860
-3900
-3260
-2876
-2492
-2108
-1756
-1500
-1820
-2108
-1756
-748
340
588
340
32
-260
-716
-1564
-3004
-4860
-6652
-7164
-6652
-5372
-4348
-3260
-2236
-1308
-556
-292
-556
-1500
-2748
-2876
-1628
0
1116
1980
3132
4092
4092
3004
1820
556
-924
-2236
-2620
-2364
-1980
-1628
-428
1436
2876
3132
3132
3004
2364
1180
276
196
196
276
924
2108
2876
2748
2748
2876
2748
2108
1500
1308
1052
844
988
1308
1116
292
-308
-588
-844
-1244
-1500
-1244
-620
112
1052
2108
2748
3260
3516
3644
3516
2876
1820
924
180
-492
-1116
-1500
-1628
-1884
-1980
-1628
-1052
-460
-40
652
1116
1436
1372
1308
1244
924
1052
1500
2236
3004
3772
5628
7676
8316
7164
4092
1180
-1244
-3644
-5372
-6140
-5372
-3644
-2876
-2876
-3388
-3388
-3260
-3388
-3388
-3388
-3132
-2236
-876
396
988
1244
1308
876
-132
-2108
-4348
-6652
-8316
-8828
-7932
-6396
-4860
-3388
-1692
-212
492
492
-308
-1756
-3260
-3900
-3388
-2108
80
2620
4860
6396
6652
6396
4092
844
-1692
-2876
-3260
-3516
-3004
-1244
924
2492
3388
4092
4348
3388
2108
1628
1628
1564
1244
1756
2876
3516
3516
3260
2876
1692
372
0
260
260
228
924
2108
2876
2876
2364
1500
276
-1116
-1692
-1756
-1628
-1372
-428
1180
2492
3388
3772
3772
3516
3004
2492
1820
988
356
104
180
260
-96
-588
-988
-1372
-1564
-1628
-1500
-1116
-588
196
1180
2108
2620
2876
3004
3132
2364
1308
212
-588
-876
-588
228
1884
4348
6396
7164
5884
3644
924
-1756
-4092
-5628
-5884
-5372
-4860
-4348
-4348
-4092
-3772
-3900
-3772
-4092
-4092
-3644
-2876
-1884
-1308
-876
-524
-460
-620
-1372
-2748
-4348
-6140
-6908
-7164
-6652
-5884
-4860
-3644
-2364
-1308
-588
-588
-1116
-2108
-2620
-1980
-372
1244
2492
3772
5116
5628
5116
3516
1980
340
-1052
-1980
-2236
-1980
-1500
-588
876
2620
3644
3900
4092
3900
3260
2620
2108
1980
1820
2108
2876
3644
3900
3900
3644
3260
2492
1756
1244
988
988
1052
1244
1308
1116
652
308
64
-260
-460
-292
-8
340
924
1692
2492
3004
3516
3644
3516
3132
2364
1628
1116
460
-24
-428
-812
-1116
-1372
-1372
-1052
-652
-244
148
588
1052
1500
1692
1692
1628
1308
1052
652
0
-652
-1116
-1308
-1052
-428
588
2492
4604
5884
5628
4348
2108
-556
-3132
-5116
-6140
-6140
-5372
-4604
-4092
-3772
-3516
-3772
-4092
-4348
-4348
-4348
-4092
-3260
-2492
-1884
-1308
-924
-748
-988
-1692
-2748
-4092
-5372
-6140
-6140
-5372
-4348
-3260
-1980
-812
-196
-8
-356
-1244
-2236
-2236
-1116
148
1308
2492
3772
4604
4348
3772
3132
2364
1436
460
-228
-652
-620
-148
988
2492
3772
4604
4860
5116
4348
3260
1980
988
212
-212
-64
524
1116
1820
2620
3388
3772
3644
3260
2748
2492
2108
1564
1116
620
-112
-620
-876
-1116
-1500
-1628
-1372
-988
-588
-132
620
1436
2236
3004
3388
3260
3004
2620
2108
1692
844
-104
-844
-1372
-1756
-1980
-1884
-1564
-1244
-684
56
620
988
1052
988
988
748
524
164
-120
-396
-684
-716
-556
-260
308
1244
2876
4860
6140
6396
4860
2492
-56
-2620
-4860
-6652
-6908
-6140
-5372
-4860
-4604
-4092
-3900
-3900
-3516
-3132
-2876
-2492
-1980
-1116
-556
-308
-228
-396
-812
-1756
-2876
-4092
-5372
-6396
-6140
-5372
-4348
-3516
-2364
-1052
48
620
524
32
-492
-244
748
1980
2876
3772
4604
5116
4860
4348
3516
2620
1628
620
56
-212
-428
-324
460
1884
3132
3900
4348
4348
3900
3004
2236
1564
988
716
924
1500
2108
2492
2748
2876
2620
2108
1372
716
120
-308
-396
-308
-396
-748
-1116
-1436
-1756
-1884
-1756
-1372
-988
-356
588
1500
2236
2876
3260
3388
3388
3004
2236
1116
164
-652
-1308
-1884
-2236
-2492
-2492
-2108
-1500
-844
-260
48
180
620
1052
988
876
988
1116
1052
780
460
8
-524
-876
-988
-684
-8
652
1980
4092
5372
5372
3900
1980
-148
-2748
-5116
-6396
-6396
-5884
-5116
-4092
-3388
-2876
-2748
-2748
-2492
-2492
-2876
-2748
-2236
-1500
-1244
-924
-460
-356
-588
-1180
-1980
-3260
-4604
-5372
-5372
-4860
-4092
-3260
-1980
-492
780
1692
2364
2364
1756
1052
1116
1820
1980
2108
2748
3900
4604
4604
3644
2748
1628
396
-684
-1244
-1372
-1308
-556
1116
3004
4092
4348
4348
4092
3260
2108
1052
356
-260
-260
588
1692
2236
2108
2108
2108
1436
524
-396
-876
-1052
-924
-308
340
396
96
0
104
-196
-748
-1052
-924
-556
8
988
1980
2492
3004
3260
3260
2620
1500
324
-652
-1308
-1756
-1980
-1820
-1564
-1052
-340
324
748
924
876
876
1052
1052
812
588
652
748
652
620
244
-492
-988
-1116
-924
-716
-132
876
2364
4092
4860
4348
2876
1116
-812
-2876
-4860
-5884
-5884
-5372
-4860
-4604
-4092
-3772
-3516
-3388
-3260
-3004
-2748
-2364
-1628
-988
-844
-812
-684
-684
-1052
-1692
-2620
-3644
-4604
-4604
-4092
-3132
-2364
-1500
-308
844
1628
2108
2364
1980
1180
1052
1628
1884
1692
1884
2876
3772
3772
3004
2364
1820
988
180
-24
132
212
460
1436
2620
3388
3388
3260
3132
2620
1564
588
-32
-652
-988
-684
132
684
844
988
1244
1244
780
460
396
164
-88
32
164
-72
-492
-684
-684
-812
-988
-988
-684
-292
72
684
1308
1692
1980
2236
2364
2236
1692
1052
652
356
-32
-340
-460
-556
-588
-492
-148
132
340
356
428
684
812
812
812
876
876
924
924
716
212
-276
-556
-588
-340
32
620
1564
3132
4348
4604
3772
1980
24
-1980
-3772
-5372
-5884
-5628
-4860
-4092
-3644
-3132
-2876
-3004
-3260
-3260
-3388
-3004
-2620
-1980
-1436
-1116
-812
-716
-716
-988
-1564
-2236
-3132
-3772
-4092
-3516
-2876
-2108
-1052
148
1308
1980
1980
1436
780
148
-164
-96
340
988
1820
2748
3516
3900
3772
3132
2492
1628
876
276
16
148
588
1244
1980
2620
2876
2748
2108
1436
492
-428
-924
-988
-716
32
1052
1980
2492
2620
2492
1980
1308
716
148
-148
-228
-228
-112
8
96
64
-16
0
-48
-132
-180
-132
72
372
812
1372
1820
2236
2364
2108
1820
1308
780
212
-308
-620
-748
-684
-396
-104
104
244
340
308
228
148
-48
-428
-748
-780
-876
-924
-844
-780
-780
-748
-556
-164
324
924
1628
2748
3772
3900
3004
1564
48
-1628
-3132
-4604
-5116
-5116
-4604
-4348
-4092
-4092
-4092
-4092
-4348
-4348
-4092
-3516
-2492
-1500
-652
-356
-104
-64
-212
-588
-1180
-1884
-2492
-2876
-2748
-2364
-1756
-1180
-652
48
620
1052
1180
844
276
-164
132
1052
1980
2876
3772
4604
5116
4860
4092
3132
1980
924
292
228
308
460
812
1436
2108
2236
2108
1820
1436
924
428
132
-56
-244
32
780
1564
2108
2364
2364
2236
1756
1180
716
324
16
-80
120
324
260
8
-292
-588
-924
-1052
-1052
-876
-492
-40
460
1052
1500
1884
2236
2364
2108
1628
1244
876
460
148
-148
-428
-524
-372
-276
-356
-524
-684
-812
-1116
-1372
-1500
-1500
-1436
-1372
-988
-684
-524
-524
-556
-460
-212
260
924
1820
3004
3900
4092
3516
2236
556
-1180
-2620
-4092
-4860
-4860
-4860
-4860
-5116
-4860
-4604
-5116
-5116
-5116
-4604
-3772
-2620
-1436
-396
132
340
356
196
-244
-844
-1308
-1628
-1756
-1692
-1308
-844
-652
-556
-396
-244
-356
-492
-372
-428
-524
-148
780
1756
2620
3516
4348
5116
5116
4860
4092
3388
2492
1692
1244
1052
988
988
1052
1180
1116
844
492
196
16
0
112
372
652
924
1436
2108
2492
2620
2620
2620
2236
1564
1052
492
-88
-428
-556
-588
-588
-652
-620
-588
-588
-588
-460
-340
-260
-48
260
524
748
1116
1500
1884
1980
1980
1756
1564
1180
620
88
-428
-844
-1052
-988
-988
-876
-748
-588
-588
-620
-748
-988
-988
-924
-652
-396
-308
-180
16
180
196
372
780
1244
1980
2876
3388
3260
2108
812
-396
-1692
-2876
-3772
-4092
-4092
-4348
-4092
-4092
-4092
-4348
-4604
-4604
-4604
-4348
-3644
-2748
-1756
-1116
-588
-244
-372
-620
-988
-1244
-1628
-1884
-1628
-1244
-780
-356
-48
180
244
244
356
396
292
48
8
396
876
1436
2108
2620
3004
3132
3132
2876
2236
1692
1308
1116
1116
1372
1692
1756
1756
1692
1436
988
460
32
-120
-88
56
260
492
716
988
1180
1308
1244
1116
1052
1116
1180
1180
1116
1052
988
844
812
684
396
80
-40
-80
-148
-80
0
40
132
276
492
556
620
780
988
1244
1436
1564
1564
1372
1116
844
620
260
-120
-324
-340
-308
-260
-228
-340
-428
-492
-588
-716
-844
-988
-988
-844
-684
-492
-292
-88
324
844
1180
1756
2108
2236
1980
1180
492
-244
-924
-1628
-2108
-2364
-2748
-3004
-3260
-3516
-3644
-3900
-4092
-4348
-4348
-4092
-3772
-3260
-2748
-2492
-2108
-1884
-1884
-1756
-1756
-1820
-1884
-1820
-1628
-1308
-876
-460
-132
148
356
588
844
988
924
748
716
924
1244
1564
1820
2236
2492
2492
2620
2620
2492
2108
1756
1564
1308
812
588
524
556
524
524
620
684
748
812
924
924
812
780
988
1116
1116
1052
1116
1180
1308
1500
1500
1372
1116
924
780
652
428
260
212
228
244
292
396
460
492
492
620
716
748
780
812
812
844
924
924
844
652
460
308
164
-8
-132
-148
-104
48
180
148
-24
-164
-356
-556
-780
-988
-1180
-1244
-1244
-1180
-1116
-1052
-924
-812
-620
-428
-292
-276
-292
-396
-556
-716
-1052
-1436
-1756
-1980
-2236
-2492
-2620
-2620
-2364
-2236
-1980
-1692
-1436
-1180
-924
-684
-652
-684
-556
-356
-180
80
276
428
492
492
460
276
40
-164
-308
-396
-308
-164
-96
8
112
276
428
428
428
460
556
652
748
876
988
1116
1116
1052
924
716
524
324
148
16
16
72
244
324
276
244
212
132
56
104
132
132
196
340
460
428
372
324
372
356
372
340
324
372
492
684
812
924
988
924
924
924
876
716
556
492
620
844
1116
1308
1372
1372
1308
1180
924
620
244
-64
-132
-104
-164
-164
-164
-196
-196
-228
-292
-428
-620
-748
-780
-780
-780
-716
-652
-588
-428
-340
-276
-292
-372
-324
-308
-292
-276
-372
-524
-748
-988
-1244
-1500
-1756
-1884
-1980
-1980
-1884
-1756
-1628
-1372
-1052
-876
-780
-684
-620
-620
-588
-524
-460
-428
-372
-212
-104
8
40
40
148
244
324
292
260
276
292
340
372
292
260
292
396
588
844
1116
1308
1436
1500
1500
1372
1180
988
812
748
780
924
988
988
924
876
780
588
372
180
-56
-292
-356
-196
0
196
396
588
748
780
684
460
164
-132
-260
-164
-56
0
132
292
356
396
356
132
-104
-372
-556
-620
-524
-428
-196
64
340
588
716
652
460
276
132
-40
-148
-260
-396
-428
-428
-460
-492
-588
-684
-748
-652
-524
-460
-372
-228
-88
-40
-96
-180
-292
-396
-492
-556
-588
-684
-684
-684
-748
-748
-780
-812
-924
-988
-1052
-1116
-1116
-924
-748
-556
-308
-48
88
120
80
-16
-88
-164
-292
-428
-492
-492
-428
-292
-212
-212
-132
16
32
48
24
-16
48
180
324
460
556
620
652
620
588
428
340
260
260
428
652
876
1116
1244
1180
1116
1052
924
684
524
460
524
620
876
1116
1116
1116
1052
988
716
396
72
-80
-56
40
244
460
588
716
844
844
620
228
-180
-492
-684
-652
-492
-260
-8
324
556
716
652
460
148
-120
-292
-372
-396
-428
-396
-308
-88
88
132
32
-196
-524
-780
-988
-1180
-1372
-1308
-1116
-780
-396
-164
-40
-16
-112
-276
-460
-684
-924
-1116
-1116
-988
-780
-620
-492
-492
-556
-588
-748
-988
-1308
-1500
-1564
-1372
-1116
-780
-428
-132
104
276
356
244
40
-112
-276
-340
-356
-340
-164
16
276
524
652
620
492
292
112
-48
-132
-88
80
340
652
924
1116
1308
1308
1308
1180
1116
988
876
876
844
844
988
1052
1116
1052
924
780
652
588
588
524
492
556
652
716
684
684
556
428
340
212
16
-88
-132
-148
-80
-96
-112
-56
-56
-96
-228
-460
-652
-780
-812
-748
-716
-652
-524
-396
-260
-212
-196
-212
-228
-164
-80
16
48
72
148
276
372
260
56
-244
-460
-652
-780
-812
-812
-716
-556
-308
-96
24
0
-72
-196
-396
-556
-652
-652
-620
-492
-292
-132
-64
-56
-72
-212
-460
-620
-748
-924
-1052
-988
-924
-748
-620
-588
-556
-524
-460
-428
-428
-428
-340
-196
-80
72
132
196
308
428
524
556
620
652
684
716
748
684
588
556
460
396
308
164
24
-16
40
132
228
372
556
748
924
1116
1244
1308
1244
1244
1052
844
556
276
40
-148
-212
-260
-212
-32
180
340
492
556
524
428
356
228
56
-56
-104
-96
-24
148
292
372
428
356
164
-64
-292
-492
-588
-620
-652
-652
-556
-396
-276
-260
-340
-356
-324
-212
-48
72
164
276
428
556
652
588
460
324
180
-32
-260
-460
-684
-844
-876
-812
-748
-684
-620
-492
-308
-132
-32
-16
0
-72
-212
-292
-396
-524
-620
-652
-620
-588
-524
-428
-396
-324
-228
-196
-180
-260
-396
-460
-588
-652
-684
-684
-588
-492
-356
-164
56
148
180
228
228
164
120
104
88
228
340
460
588
588
460
276
164
-8
-164
-196
-164
0
212
460
748
876
924
844
780
684
524
372
228
120
132
276
396
460
428
372
260
148
16
-120
-228
-196
32
356
652
924
1116
1180
1180
988
716
396
132
-40
-104
-196
-260
-212
-212
-180
-196
-276
-372
-428
-460
-428
-340
-292
-276
-228
-164
-72
-24
-72
-228
-340
-460
-556
-556
-492
-428
-324
-180
-16
88
112
120
164
164
132
120
64
-96
-244
-340
-460
-524
-556
-588
-524
-356
-180
-24
72
164
196
164
88
-32
-180
-244
-260
-180
-40
96
132
212
308
324
260
132
16
-80
-96
-104
-148
-196
-164
-112
-56
-48
-64
-64
-40
8
64
132
164
212
308
356
292
132
0
-132
-228
-276
-228
-104
-16
72
196
308
396
396
340
244
132
56
16
8
40
72
80
32
16
0
-32
-96
-148
-180
-164
-96
0
56
64
40
40
48
56
56
16
0
8
32
32
24
-24
-104
-228
-340
-492
-620
-684
-652
-492
-228
40
260
356
396
356
276
120
-80
-276
-428
-396
-356
-308
-276
-244
-228
-148
-180
-260
-276
-308
-196
24
292
556
780
924
988
1052
924
684
324
-8
-292
-460
-460
-396
-292
-64
180
324
396
308
112
-96
-292
-428
-428
-356
-212
-32
244
492
588
588
492
324
96
-120
-292
-372
-396
-260
-72
0
32
64
48
-8
-56
-56
8
120
196
356
460
492
428
292
120
-88
-196
-308
-324
-244
-112
80
308
492
556
524
396
244
96
40
16
-16
32
260
460
556
588
524
356
64
-164
-428
-716
-876
-844
-684
-492
-276
-104
-24
24
-8
-80
-180
-308
-340
-428
-428
-428
-372
-324
-356
-372
-356
-308
-276
-292
-396
-428
-372
-276
-196
-164
-132
-96
-48
0
0
-72
-180
-244
-212
-148
-88
-48
-24
48
112
148
180
164
80
48
96
164
164
196
244
324
492
620
684
620
524
428
324
212
96
8
-56
-72
-88
-88
-96
-180
-228
-292
-356
-372
-308
-228
-212
-88
32
112
212
260
228
180
164
132
80
40
48
72
132
180
180
196
196
180
148
64
-24
-104
-164
-196
-228
-212
-164
-96
0
112
212
212
196
276
292
244
196
212
212
164
180
260
292
292
292
340
396
372
356
276
164
80
8
-132
-260
-396
-396
-324
-196
-32
80
164
212
228
164
112
112
64
56
96
132
72
-24
-96
-164
-260
-356
-428
-428
-428
-324
-180
0
132
276
324
260
196
112
-48
-148
-244
-308
-396
-428
-428
-428
-428
-492
-524
-588
-652
-620
-620
-588
-524
-372
-132
64
228
372
428
428
396
308
148
-72
-244
-292
-292
-260
-244
-228
-260
-276
-260
-228
-292
-396
-492
-492
-428
-244
-88
32
164
324
460
588
620
556
460
396
356
396
396
292
164
48
-48
-196
-244
-260
-212
-80
72
260
428
492
524
492
396
276
148
72
48
0
16
88
120
180
244
180
64
-80
-196
-244
-228
-212
-104
88
276
492
620
620
492
292
80
-120
-276
-428
-492
-460
-276
-40
212
372
492
524
372
180
-56
-308
-460
-492
-428
-308
-96
104
292
396
396
356
212
48
-96
-212
-180
-40
88
276
428
460
460
396
276
132
8
-164
-260
-276
-260
-244
-196
-180
-196
-260
-260
-276
-372
-396
-396
-276
-120
148
340
492
620
652
620
492
212
-80
-340
-556
-620
-620
-652
-620
-652
-620
-556
-556
-524
-556
-556
-524
-372
-244
-72
64
276
492
556
556
460
292
56
-132
-260
-340
-372
-372
-340
-292
-276
-228
-120
-80
-104
-16
104
196
308
428
460
492
460
396
324
148
-16
-180
-244
-228
-164
-48
40
112
148
164
212
292
356
396
428
492
556
620
588
492
292
80
-96
-260
-396
-492
-524
-492
-324
-148
-8
120
212
308
372
340
260
164
40
-16
-72
-120
-96
-48
-8
16
32
24
-32
-148
-180
-180
-228
-212
-80
48
148
196
276
324
340
324
356
292
148
64
-16
-88
-180
-292
-396
-460
-492
-492
-428
-372
-196
0
244
460
556
620
620
652
588
460
276
80
-56
-148
-196
-244
-260
-308
-356
-324
-276
-340
-460
-556
-588
-524
-428
-372
-308
-260
-164
-8
80
96
40
-48
-104
-148
-212
-196
-132
-132
-48
24
96
56
0
-32
-56
-40
-40
0
0
-48
-64
-64
-96
-148
-96
-56
-40
-48
0
40
40
80
164
244
260
292
308
372
428
428
428
460
428
396
308
132
-64
-292
-460
-556
-556
-588
-524
-396
-228
-56
88
180
244
292
308
228
112
0
-40
0
48
148
196
148
104
32
-24
-96
-132
-148
-148
-88
0
132
244
340
396
428
396
324
276
196
132
80
56
64
88
132
120
96
24
0
-24
-80
-120
-180
-164
-112
-40
56
148
260
372
460
460
396
260
132
72
8
-56
-120
-180
-260
-260
-228
-292
-340
-372
-428
-396
-372
-356
-324
-260
-180
-40
72
148
196
228
228
260
260
244
180
148
148
132
72
-16
-64
-132
-132
-120
-120
-148
-180
-180
-148
-132
-196
-196
-148
-72
-40
-64
-56
-40
0
40
64
40
-32
-120
-164
-212
-260
-308
-356
-372
-324
-308
-276
-260
-356
-460
-492
-460
-428
-428
-396
-340
-292
-212
-104
-40
8
88
132
212
164
48
-80
-132
-120
-104
-72
-8
56
112
180
180
148
88
72
16
8
16
80
276
428
556
652
748
780
780
684
588
492
372
260
228
212
164
148
180
180
120
24
-80
-164
-180
-132
0
120
228
396
460
588
588
524
356
212
104
-24
-132
-212
-276
-260
-180
-132
-88
-120
-180
-228
-260
-324
-324
-228
-180
-88
8
80
132
164
164
132
8
-56
-72
-72
-56
-48
-8
-24
-48
-72
-132
-196
-196
-164
-120
0
56
96
96
32
-64
-148
-148
-164
-148
-112
-48
0
96
164
196
212
180
164
88
24
-80
-212
-308
-292
-308
-276
-276
-276
-308
-356
-356
-340
-324
-308
-260
-120
-8
40
132
212
244
244
212
180
48
-104
-164
-148
-148
-120
-64
-24
8
16
16
32
24
0
-48
-72
-64
0
64
148
244
292
276
308
356
372
356
308
260
164
96
-16
-180
-308
-396
-396
-396
-428
-428
-396
-308
-196
-88
-24
88
180
276
372
372
292
164
24
-96
-164
-260
-340
-372
-340
-244
-132
-56
-32
0
0
0
-40
-88
-96
-64
0
88
180
308
356
396
372
260
132
-16
-132
-260
-260
-228
-180
-80
16
96
164
164
132
112
48
32
40
72
96
96
180
244
212
180
104
8
-64
-96
-112
-132
-132
-32
64
180
228
228
260
260
212
180
164
132
64
8
64
96
120
164
228
276
276
244
180
96
24
-40
-32
32
96
132
132
132
132
132
148
180
196
228
244
244
276
228
132
48
-40
-96
-164
-228
-244
-276
-308
-260
-164
-148
-164
-164
-212
-196
-196
-196
-164
-164
-180
-180
-164
-196
-276
-372
-460
-460
-492
-556
-524
-460
-396
-276
-196
-132
-96
-88
-164
-244
-308
-396
-460
-524
-524
-460
-340
-196
-96
-32
24
96
112
96
16
-72
-96
-148
-132
-88
-80
-96
-96
-56
-32
-56
-72
-64
-24
40
148
276
460
620
684
748
844
876
844
780
684
588
460
308
132
72
16
-24
0
48
120
180
244
292
372
396
396
396
356
276
180
80
-8
-24
0
48
40
24
-56
-96
-148
-180
-212
-228
-228
-260
-228
-212
-196
-148
-40
40
96
148
120
32
-24
-88
-120
-148
-148
-180
-164
-96
-80
-80
-120
-180
-212
-164
-180
-196
-148
-88
0
88
180
196
180
132
64
32
40
8
24
72
120
148
132
48
-56
-148
-228
-308
-356
-324
-292
-164
-48
40
132
180
120
48
-48
-132
-180
-244
-260
-260
-212
-148
-164
-180
-228
-244
-212
-180
-132
-88
-40
-24
32
104
132
132
72
24
0
-32
-64
-48
-24
32
180
308
428
524
588
588
492
396
292
180
88
48
16
0
-32
-80
-112
-132
-148
-148
-132
-132
-112
-96
-24
-8
-16
48
48
72
88
80
64
0
-112
-196
-228
-292
-324
-340
-308
-276
-244
-180
-132
-120
-104
-64
8
72
16
0
56
56
48
72
56
24
0
-40
-64
-72
-80
-40
24
64
132
164
148
148
148
112
32
-8
-40
-32
-24
-8
24
40
64
104
132
112
64
16
-8
-8
24
80
132
148
196
196
120
56
-56
-148
-228
-276
-276
-212
-40
56
164
260
276
228
112
32
-32
-80
-96
-56
40
132
212
260
260
212
148
64
-56
-180
-276
-372
-396
-324
-260
-196
-64
88
228
340
396
396
356
340
324
340
292
228
164
88
8
-48
-64
-96
-120
-164
-212
-244
-260
-276
-276
-228
-132
-24
56
112
132
148
132
120
64
8
-24
-40
-48
-96
-196
-244
-260
-308
-292
-292
-308
-308
-260
-212
-88
16
48
80
64
32
-8
-40
-88
-164
-180
-180
-180
-164
-180
-212
-212
-196
-164
-104
-40
-8
0
48
32
8
40
56
40
48
56
16
24
32
72
132
180
196
196
196
212
244
212
180
148
132
164
180
212
148
104
72
64
88
112
112
120
148
196
260
292
292
292
276
244
212
148
56
-40
-96
-72
-80
-112
-164
-212
-244
-212
-164
-112
-72
-96
-88
-48
0
56
56
56
88
96
112
132
80
16
-48
-132
-196
-260
-340
-372
-340
-276
-196
-132
-104
-56
16
80
104
88
8
-56
-104
-120
-104
-48
-48
-16
8
0
-16
-32
-56
-112
-132
-148
-148
-164
-164
-112
-24
24
8
40
64
80
64
48
40
8
-8
-8
8
8
0
0
8
-16
-32
-48
-88
-104
-96
-48
-16
8
32
64
104
180
180
164
148
104
80
64
72
112
148
164
196
196
180
196
164
112
88
64
32
40
88
96
104
180
228
212
196
196
148
164
132
120
148
120
96
48
8
-32
-104
-164
-196
-196
-180
-212
-228
-212
-196
-164
-132
-104
-80
-48
40
88
148
120
80
0
-104
-180
-260
-308
-356
-356
-244
-148
-88
0
16
-8
0
24
32
40
64
64
96
120
148
164
164
104
16
-80
-180
-244
-324
-292
-212
-148
-104
-64
-48
-16
-40
-120
-196
-260
-276
-244
-164
-112
-80
-48
-8
-8
-48
-104
-164
-228
-212
-180
-112
-56
0
64
96
80
8
-32
-56
-80
-72
-16
64
148
212
276
356
372
324
260
212
132
72
112
196
260
356
460
492
492
428
324
228
148
56
40
80
96
104
164
244
260
244
228
132
80
8
-40
-80
-112
-132
-132
-96
0
16
48
64
0
-56
-132
-196
-292
-324
-292
-244
-196
-164
-120
-132
-180
-212
-260
-308
-372
-396
-372
-308
-228
-120
-24
0
40
16
-72
-196
-308
-396
-372
-324
-212
-96
24
164
244
292
260
180
96
48
8
56
120
196
276
340
372
308
212
80
-16
-80
-132
-148
-132
-56
32
196
324
356
292
228
180
96
56
32
56
56
104
180
212
180
112
56
0
-72
-104
-112
-120
-64
-8
48
120
132
132
132
80
-8
-96
-164
-228
-228
-180
-164
-120
-148
-180
-196
-228
-276
-308
-276
-212
-148
-72
16
48
64
64
72
0
-48
-72
-120
-132
-112
-96
-148
-164
-180
-196
-148
-132
-120
-88
-48
-32
16
88
120
164
212
212
228
196
180
164
132
104
104
80
40
24
8
0
8
24
56
88
104
132
148
132
120
148
148
88
64
32
-32
-80
-104
-120
-120
-120
-88
-40
0
16
16
56
80
72
72
72
64
80
88
88
80
64
48
32
16
-40
-112
-148
-132
-132
-112
-80
-24
48
164
260
276
276
244
196
196
148
96
48
8
0
-24
-48
-64
-120
-148
-148
-132
-96
-40
0
48
88
132
148
164
164
132
112
40
-24
-80
-148
-212
-276
-324
-324
-356
-372
-372
-396
-372
-340
-292
-196
-80
-40
56
132
132
120
88
0
-56
-112
-180
-180
-228
-244
-228
-164
-88
-32
0
8
40
32
16
16
32
80
132
148
244
276
292
292
244
196
132
72
64
48
16
0
-16
-40
-72
-80
-104
-64
-56
-64
-48
-24
16
96
164
196
212
148
80
32
-40
-96
-148
-180
-148
-96
-16
40
104
120
120
88
0
-64
-132
-148
-96
-16
72
148
212
244
244
180
132
24
-72
-120
-164
-180
-132
-64
-8
40
72
72
64
0
-64
-104
-148
-196
-180
-104
-16
72
132
164
148
132
104
32
-32
-88
-132
-132
-120
-96
-40
-24
-40
-72
-88
-96
-112
-132
-104
-88
-72
-48
-8
16
24
40
40
72
104
112
148
212
228
260
276
228
196
148
112
56
-8
-40
-32
-24
64
120
180
244
276
292
308
292
260
244
180
164
148
132
104
96
80
72
96
104
96
64
40
-16
-72
-132
-148
-164
-180
-180
-132
-104
-48
8
16
16
16
-24
-72
-88
-112
-180
-260
-308
-308
-324
-324
-292
-244
-212
-164
-148
-164
-212
-276
-276
-276
-244
-164
-132
-80
0
24
64
80
16
-8
-64
-164
-228
-276
-324
-308
-292
-244
-148
-104
-56
-32
-24
-24
-8
-8
8
80
148
212
260
276
260
196
132
56
8
-32
-64
-112
-164
-164
-148
-120
-64
-32
-8
0
0
16
80
96
48
48
56
72
104
132
132
80
-8
-40
-40
-72
-88
