SAMPLES:	9292
BITSPERSAMPLE:	16
CHANNELS:	1
SAMPLERATE:	16000
NORMALIZED:	FALSE
-8
-8
-24
-8
-8
-8
-8
-24
-8
0
0
-8
-8
-16
0
0
-8
0
0
-8
-16
-8
0
0
0
8
32
0
16
32
0
16
0
0
8
8
24
24
16
40
32
0
32
24
16
32
24
16
24
16
16
24
32
40
24
40
32
24
0
24
16
8
32
24
24
40
16
8
24
0
8
8
0
16
0
0
0
-8
-8
-8
-8
-8
0
-16
-8
-16
-16
-16
-24
0
0
-32
-8
16
-40
-24
0
-32
0
-8
-16
-8
0
-8
-16
-8
0
-8
0
0
-8
0
0
0
0
0
0
0
0
8
0
8
16
0
0
16
32
24
0
16
48
0
0
32
24
8
-16
24
24
-16
0
8
0
0
8
8
0
0
-24
-24
0
-16
-40
-24
-16
-16
-40
-16
-24
-56
-24
-16
-24
-32
-8
-32
-48
-24
-48
-32
-8
-32
-40
-24
-8
-24
-48
-8
-8
-56
-16
0
-8
-8
-16
-16
-16
-8
-16
-24
0
8
-8
-8
8
16
8
8
0
16
24
32
16
8
32
32
0
8
40
48
24
8
32
32
16
8
8
32
32
0
0
40
24
8
24
16
24
24
16
24
8
40
24
0
24
32
16
16
32
16
16
16
8
24
0
16
24
0
8
0
-16
24
32
0
8
0
24
0
-32
8
0
8
0
-16
16
8
0
0
32
8
-16
8
8
-8
0
-8
0
0
-16
-8
-24
-16
-8
-8
-16
-32
-8
-8
-32
-32
-8
-32
-40
-16
-32
-8
-8
-24
-24
-32
-24
-40
-48
-24
-16
-32
8
-40
-24
0
-32
-16
-56
-16
-8
-48
-8
0
-32
-40
-32
0
-8
-32
0
0
-8
-16
0
-8
0
16
-8
24
48
0
0
0
32
16
8
-16
8
48
0
0
32
16
8
16
24
16
24
16
8
0
8
0
24
32
8
8
24
24
-8
16
16
8
24
0
0
56
-8
0
48
8
8
16
24
24
0
0
40
16
-8
-8
0
40
0
-40
24
48
-24
-16
24
0
16
0
-8
32
16
-16
-16
16
24
-32
-24
16
8
-24
0
-8
0
32
-40
0
24
0
-8
-24
0
0
-24
-8
-8
-24
8
-40
-40
24
-32
8
-8
-24
48
0
-40
0
32
0
-16
0
0
0
-16
-8
-24
16
8
-32
8
0
-8
-32
0
24
0
-32
24
0
-8
0
-16
24
8
-16
16
-24
-16
24
-16
8
24
0
-8
16
-16
8
-8
-16
32
-48
-16
16
-32
-32
16
16
0
0
-32
24
8
-40
-32
24
0
-48
0
8
0
-16
0
0
0
-40
0
8
-48
-8
16
-16
-24
0
-24
-24
0
-24
-16
-48
0
-8
-32
16
-16
-40
0
0
-24
-8
-16
16
0
-32
0
8
-24
0
16
-16
16
48
-40
8
56
-8
-24
72
48
-16
32
64
8
16
32
40
48
16
40
48
24
32
24
40
48
32
56
32
56
16
8
56
32
40
56
0
32
24
16
32
-16
24
40
0
0
16
40
-8
-40
64
24
-48
24
0
-24
0
-16
0
-40
-8
0
-40
-16
8
-8
-16
-32
0
16
-48
-32
8
-16
-32
-8
-48
-8
16
-72
-56
16
-24
-80
-16
16
-16
-64
0
0
-40
-8
-40
-8
-8
0
-40
-32
0
-40
-48
-40
0
0
-56
-8
32
-48
-40
-8
-8
-8
-32
0
8
-32
0
-16
-8
8
-24
-16
-8
-8
-16
-8
0
0
-24
-8
0
8
16
-48
-16
16
16
-32
-32
0
8
8
-32
32
40
-40
16
16
-8
40
24
-16
40
48
0
8
8
32
16
8
8
32
32
32
0
80
104
-16
40
64
16
72
0
0
112
16
16
16
88
72
-8
88
56
24
72
24
32
48
24
48
32
32
40
48
64
0
24
48
24
24
40
-24
64
80
-88
8
104
0
-16
-40
40
40
-64
16
-24
40
16
-80
-8
0
0
-56
-48
0
8
-64
-40
-16
-80
-24
-40
-72
-72
-56
-8
-88
-88
-24
-48
-72
-96
-64
-48
-48
-88
-96
-56
-40
-96
-48
-32
-96
-8
-64
-104
0
-48
-120
16
-8
-120
-24
16
-56
-24
-48
-24
8
-16
-104
0
8
-24
-24
-32
64
-64
-8
56
0
-32
0
16
40
-8
-64
80
-16
-48
48
40
0
8
24
-48
16
104
-40
0
112
0
32
32
40
72
8
8
32
40
64
8
-40
132
48
-16
88
24
56
32
8
32
72
0
40
120
-16
64
40
32
48
-16
104
80
-72
72
104
0
72
64
24
64
8
56
32
8
16
48
32
-40
56
24
56
48
-32
8
80
-56
-48
88
8
-24
-72
132
-8
-148
64
48
-72
-32
32
-56
32
-8
-80
-8
16
24
-88
-48
56
-24
-132
-24
8
-48
-80
-16
16
-56
-48
-16
-8
-32
-40
8
-80
-96
56
-48
-132
80
-48
-16
-8
-112
104
-72
-80
56
-64
-24
0
-96
48
-16
-64
24
-8
-40
-16
-40
8
40
-48
-8
-24
24
-24
-8
32
16
-40
-56
72
-24
-32
0
48
0
8
32
-16
8
-24
40
-64
-8
96
-64
0
72
0
-8
24
48
-32
-48
80
0
-40
56
0
-16
-16
80
40
-104
96
48
-64
64
8
-32
16
0
56
0
-40
40
32
-32
24
-16
-72
64
-32
-88
64
32
16
-40
0
72
-88
-32
88
-24
-32
72
56
0
0
56
-8
8
56
-24
8
-24
16
120
-40
0
40
0
48
-40
32
96
32
0
64
0
-24
0
56
0
-48
112
24
-72
64
80
-64
-8
148
32
-112
80
8
-112
40
0
-48
64
8
-56
72
-16
16
-56
8
56
-132
64
-24
-56
0
-32
-40
24
8
-104
-48
80
-48
-80
16
-40
0
-8
-48
-8
16
-64
-96
-56
8
-88
-40
-48
-64
0
-72
-24
-80
48
-16
-132
8
0
-80
-148
16
-80
32
-16
-72
88
-96
-16
16
-24
-72
56
120
-148
-64
96
-32
-80
24
104
-40
0
180
-80
-80
104
16
-56
88
120
-16
-8
80
16
-40
88
56
8
132
40
-24
56
132
-40
-64
196
48
-16
0
32
112
-8
-32
56
132
8
-48
-56
0
64
-8
0
56
56
120
-8
-64
88
8
0
-24
104
24
-40
-16
40
-56
-88
80
8
-64
0
112
-88
-72
104
-96
-24
112
-132
8
56
-40
-88
8
56
-148
40
112
-120
0
40
-48
-48
-104
72
8
-132
0
32
-48
-16
-56
-24
64
-112
16
88
-88
40
-40
-48
0
-40
80
0
-80
40
40
-164
48
72
-96
0
104
-32
-120
120
48
-164
96
196
-228
-48
196
-24
-88
-40
164
-112
0
104
-8
-132
96
164
-164
-40
148
16
-120
8
24
0
-88
48
56
-196
148
148
-228
24
8
-16
72
-80
-8
48
16
0
-132
8
80
-8
0
-80
64
104
-72
-64
24
80
-8
-64
164
56
-180
148
32
-48
8
-80
88
56
-164
-32
244
-88
-96
40
164
24
-120
104
64
-56
-56
104
-8
-120
212
-120
-88
244
-64
-88
-72
212
32
-308
112
180
-148
-120
16
112
-196
-32
260
-324
24
132
-112
-104
-80
180
-164
-164
148
48
-132
-48
80
-164
-40
80
-228
8
276
-96
-180
56
180
-88
-292
212
148
-260
32
148
-112
-24
88
-104
-8
212
16
-112
48
148
-148
-8
180
-132
72
164
0
-48
40
96
-148
24
196
-56
-80
228
-72
-112
196
0
-72
64
180
-104
-72
72
32
-212
-16
244
16
-40
112
16
0
-104
-32
8
-40
0
16
64
-8
0
40
-32
-32
96
-24
-80
56
32
-64
-24
80
88
-132
-72
212
-104
-104
148
16
-132
16
164
-72
-132
148
8
-276
260
80
-56
-8
88
0
-180
148
-48
-32
64
0
64
-24
32
164
-196
-96
88
24
-32
-180
32
104
-72
-72
-72
96
16
-148
8
56
24
-120
-96
-80
104
0
-164
-48
132
48
-260
40
40
-148
-72
104
-64
-24
112
-56
-104
-56
96
-48
-96
72
72
8
-96
-40
40
-96
96
56
-72
260
72
-228
-24
164
-64
-228
72
212
-80
-64
132
64
-48
48
48
-132
64
132
-96
-40
148
-56
-64
64
-48
32
88
72
-32
64
164
-104
-212
132
196
-212
-72
260
24
-32
56
-32
0
0
0
-132
-80
324
-40
-340
228
260
-372
-16
340
-8
-244
164
196
-372
-132
260
16
-228
228
260
-228
80
96
-340
24
212
-244
40
228
16
-148
8
244
-292
-132
396
-180
-276
132
88
-64
-72
64
0
-72
40
-24
-16
80
8
-24
-48
0
8
-64
-16
24
64
-96
64
32
-132
112
120
-80
-96
-24
148
-120
-96
244
0
-8
-8
56
-56
24
88
-56
-8
-8
8
40
132
-80
-48
104
-64
-80
-56
88
48
-112
32
148
-48
-104
80
0
-64
-24
-64
-16
-64
24
-80
-132
64
24
-148
-88
56
64
-88
-48
40
-72
-8
-72
-276
-24
244
-48
-196
32
228
-112
-324
148
72
-120
16
16
-24
-16
8
-148
-16
148
0
0
104
104
-40
-88
-196
0
132
-56
64
308
72
-64
32
48
-132
-16
180
-48
72
324
0
-244
8
196
-72
-64
324
148
-148
64
88
-96
-48
148
16
32
292
132
0
0
80
-8
-24
180
32
-48
212
132
-64
24
24
104
-72
-72
196
48
0
-16
0
112
-56
-40
0
-40
64
0
-48
24
-32
-104
-56
56
-32
-72
-16
-48
-16
-24
-72
-148
-104
8
-48
32
148
-180
-164
-8
-132
-164
-40
32
-72
-80
104
-48
-196
-32
-40
-56
-56
16
-88
-132
-104
-24
0
-32
88
-48
-72
-32
-112
-80
-40
-32
8
72
80
-40
-96
-48
-80
-104
-48
80
0
-64
-48
-8
-24
-88
-16
24
-8
32
56
0
-16
-56
-32
-104
-8
72
16
16
104
16
-64
-24
0
32
56
80
-24
80
64
-80
-8
120
72
-56
132
228
72
24
120
16
16
64
48
96
132
112
24
132
132
-16
-16
148
96
-16
112
148
0
-64
112
148
0
-8
112
56
-32
8
0
-16
0
32
48
24
32
16
-64
-80
-48
-56
-56
0
-40
-32
8
16
-80
-24
40
-72
-148
-56
56
-40
-64
0
48
-48
-48
16
0
-24
-104
-16
24
0
-16
32
40
0
-72
-8
24
-96
-56
-8
-32
-40
-16
-16
40
64
0
-48
48
0
-112
-40
32
-32
-96
48
64
-88
32
16
-112
-40
16
-8
-48
16
0
-16
0
40
8
-24
-24
-32
-24
-56
-16
8
0
0
0
8
0
0
0
-32
-24
40
-8
-32
0
0
-32
-24
0
-8
-24
-24
-8
0
-40
-56
0
24
8
40
88
48
-8
0
0
-32
-32
-48
8
0
-48
-8
-64
-48
40
48
80
88
64
8
-72
-8
16
-64
40
80
56
104
104
88
40
16
0
48
40
40
64
88
48
0
0
8
-16
-32
-16
-32
-8
-56
-48
-16
-40
-48
-16
-8
-24
-16
-56
-72
-56
-72
-56
-48
-40
-24
-72
-56
-56
-8
0
-8
8
48
8
24
80
48
96
64
48
80
72
120
64
16
56
8
16
16
56
112
96
112
132
132
56
24
8
0
16
64
112
96
96
48
32
0
0
0
56
112
88
88
64
72
56
-16
-40
-16
-56
-96
-112
-132
-120
-112
-96
-104
-148
-96
-80
-148
-164
-148
-132
-148
-56
8
-64
-112
-164
-228
-260
-244
-164
-132
-104
-88
-56
-32
-56
-96
-132
-88
-120
-132
-64
-32
-80
-104
-112
-164
-148
-112
-96
-56
16
0
-32
-32
-48
-64
-48
0
24
64
40
0
32
24
72
120
180
292
276
292
292
276
260
260
396
428
428
460
396
276
212
164
180
228
292
308
244
212
180
112
88
132
196
148
88
164
104
-16
-48
-24
8
-56
-64
-24
-80
-148
-196
-164
-164
-244
-196
-180
-180
-180
-228
-244
-276
-308
-260
-292
-244
-180
-244
-228
-244
-276
-292
-324
-292
-260
-244
-196
-180
-212
-212
-180
-228
-276
-212
-148
-164
-164
-96
-96
-164
-180
-196
-228
-228
-164
-104
-64
-8
0
8
8
48
56
72
64
72
132
112
88
56
0
8
8
96
228
396
524
556
588
556
556
556
588
620
556
620
556
524
588
588
748
988
1180
1308
1372
1500
1628
1692
1564
1372
1180
988
988
876
716
556
324
-64
-492
-876
-1244
-1500
-1756
-1756
-1756
-1884
-2108
-2236
-2364
-2492
-2492
-2492
-2492
-2364
-2364
-2108
-1980
-1884
-1692
-1500
-1244
-988
-748
-620
-588
-620
-556
-556
-684
-812
-812
-780
-652
-460
-324
-228
-180
-164
-196
24
276
308
372
620
844
844
876
1116
1180
1052
1244
1436
1500
1372
1372
1436
1308
1180
1180
1244
1116
988
988
1052
1052
924
780
684
620
556
428
244
96
40
-196
-24
524
1436
2236
3260
4860
6396
7164
6652
4860
2876
1820
2108
2620
3388
3644
3772
3388
1756
-340
-2364
-3644
-4348
-4348
-4092
-3644
-3644
-4092
-4604
-4860
-5116
-5372
-5372
-5116
-4604
-4092
-3516
-3260
-3004
-2620
-1756
-396
620
1308
1500
1308
844
148
-684
-1244
-1372
-1052
-524
292
748
260
-988
-2108
-2364
-2236
-1820
-844
276
780
716
492
88
-120
-340
-324
80
876
1692
1500
1052
812
428
-460
-620
0
-56
-460
-524
-428
-748
-1436
-1628
-1244
-924
-556
24
308
120
-292
-620
-524
-340
-164
244
652
780
812
780
652
492
396
588
924
1052
1052
1372
1820
2492
3388
4860
6652
8828
9340
8316
5628
3388
2492
2748
3260
4092
4604
4860
4092
2108
-308
-2364
-3644
-4348
-4092
-3516
-3260
-3260
-3516
-3644
-3900
-4348
-4860
-4860
-4604
-4348
-3644
-3260
-3132
-3260
-2748
-1756
-620
148
324
80
-396
-988
-1756
-2620
-3388
-3644
-3132
-1980
-876
-396
-356
-812
-1436
-1564
-1116
-40
652
1308
1820
1980
1436
748
148
-492
-684
-556
64
524
228
-492
-1500
-2364
-2492
-2108
-1692
-1436
-1052
-812
-924
-1244
-1564
-1820
-1980
-1500
-356
716
1180
1052
876
556
244
340
492
292
-8
-72
-40
-24
-180
-324
-132
132
588
924
924
812
652
924
1884
3132
4348
5372
7164
9340
10364
9340
6140
3644
2876
3004
3516
4348
5116
5628
4604
2364
24
-1980
-3516
-4348
-4348
-3772
-3516
-3772
-3644
-3516
-4092
-4860
-5372
-5372
-5372
-4860
-4348
-3900
-3772
-3516
-2748
-1564
-396
308
324
-24
-372
-876
-1564
-2364
-3132
-3260
-2620
-1756
-1116
-1244
-1564
-1628
-1436
-1180
-924
-372
396
1180
1756
1628
1116
212
-748
-1436
-1564
-1180
-716
-492
-588
-844
-1500
-2108
-2492
-2236
-1820
-1308
-396
372
492
-72
-780
-1116
-924
-260
716
1628
1884
1628
1180
812
620
684
812
924
1116
1180
924
460
56
-212
-228
276
924
1564
1628
1372
1052
988
988
1308
1884
2748
3644
5116
7676
10364
10876
8316
4604
2108
1500
1980
2620
3260
4092
4604
3900
1820
-844
-3388
-5372
-5884
-5372
-4604
-4348
-4348
-4092
-3900
-4092
-4604
-5116
-5628
-5628
-5372
-4604
-3900
-3516
-3260
-2492
-1244
-32
620
684
356
-104
-652
-1180
-1628
-2108
-2364
-2108
-1372
-620
-620
-1244
-1980
-2364
-1756
-396
684
988
1180
1052
716
308
196
460
72
-324
-748
-748
-292
-196
-324
-620
-812
-1244
-1436
-1244
-684
-244
-164
-148
-104
-164
-228
-24
276
460
460
588
620
492
180
-260
-428
-460
-164
96
120
88
-24
-196
-260
64
492
812
988
1244
1500
1756
1820
1628
1308
1052
1308
2236
3644
5116
7164
9852
10876
9340
5372
2492
1180
1372
2108
2876
4092
5116
4604
2620
120
-2236
-4092
-5372
-5372
-4604
-4092
-4092
-3772
-3004
-3004
-3900
-4860
-5372
-5372
-5116
-4604
-4092
-3772
-3516
-2876
-1500
-120
492
396
212
88
-104
-716
-1692
-2492
-3004
-2748
-1884
-1180
-1180
-1980
-2876
-2236
-924
-132
80
0
244
-556
-1628
-1628
-876
-148
-104
-16
164
460
372
-48
-228
-372
-780
-1180
-524
652
844
32
-212
88
0
-428
-556
-292
-396
-396
112
876
812
56
-260
-132
72
148
132
-32
-244
-492
-460
-164
96
340
356
492
844
1244
1244
1052
988
1116
1180
1372
1980
3004
3900
5116
7164
9340
9852
7676
4348
2364
1820
2236
2620
3388
4348
4604
4092
2492
588
-1564
-3516
-4348
-4604
-4092
-3900
-3516
-3132
-2620
-2748
-3388
-4092
-4604
-4860
-4860
-4604
-3900
-3516
-3004
-2108
-1052
-228
196
276
96
-372
-1052
-1628
-2236
-2748
-2876
-2748
-2236
-1756
-1884
-2236
-2620
-2876
-2492
-1500
684
2108
1980
556
-748
-1180
-1628
-1372
-524
492
924
780
460
-8
-556
-1628
-2236
-1436
64
780
324
120
460
148
-428
56
924
988
588
652
924
652
-40
-460
-228
524
1116
1116
988
812
148
-844
-1308
-844
-396
-196
120
748
1244
1052
716
556
780
988
988
1500
2364
3388
4348
5116
6908
8828
9340
7676
5372
3388
2364
2364
2748
3260
3772
4092
4092
2620
492
-1372
-3004
-4348
-5116
-5116
-4604
-4348
-3900
-3260
-3132
-3516
-4348
-5116
-5116
-5116
-5116
-4860
-4092
-3132
-2236
-1500
-588
56
40
-324
-652
-876
-1308
-1980
-2620
-2620
-2236
-1756
-1564
-1692
-1884
-2108
-2236
-1628
-556
-48
-396
-812
-228
88
-460
-812
-148
812
748
276
164
524
460
-112
-428
-212
104
-112
-324
396
1116
780
104
244
876
812
396
620
1052
988
460
396
588
492
276
212
356
524
428
-8
-340
-196
-88
-460
-684
-228
324
356
356
812
1244
1180
1052
1244
1628
1980
2236
3132
4348
5884
7420
8828
8828
6396
3516
1884
1820
2492
2620
2876
3516
3900
3132
1244
-396
-1820
-3260
-4348
-4604
-4092
-3772
-4092
-3772
-3132
-2876
-3644
-4348
-4604
-4604
-4604
-4860
-4860
-4348
-3644
-2876
-1692
-212
588
396
-276
-780
-1372
-2108
-2876
-3004
-2492
-2108
-1756
-1308
-1052
-1052
-1500
-1756
-1116
-180
196
64
-112
-80
-556
-988
-428
876
1500
1180
748
620
748
396
-148
-308
164
748
988
1116
1308
988
164
-460
-132
556
716
492
492
780
684
164
-120
-196
-212
-260
-164
132
196
-112
-844
-1244
-1116
-652
-428
-228
212
460
460
556
1052
1564
1756
1756
1884
2236
2492
2748
3132
4092
5116
6396
7420
7420
6140
4092
2492
1980
2364
2748
2876
3004
3132
2748
1436
-24
-1116
-2108
-3004
-3644
-3516
-3132
-3004
-3260
-3004
-2748
-2876
-3516
-4092
-4348
-4348
-4604
-4860
-4604
-4092
-3644
-2876
-1980
-1116
-844
-1180
-1756
-1980
-2236
-2620
-3132
-3004
-2364
-1756
-1372
-1052
-812
-924
-924
-988
-164
988
1052
148
-812
-780
-716
-812
-716
-72
652
780
556
292
196
-180
-876
-844
356
1628
1628
924
748
1244
1308
1116
1244
1692
1756
1564
1500
1244
812
180
-180
80
924
1436
1116
524
372
396
-132
-716
-556
32
276
292
524
1052
1372
1244
1180
1436
1692
1564
1372
1500
1980
2492
3132
4348
6140
7420
7164
5372
3388
2236
1820
1756
1820
2236
2748
3004
2492
1564
620
-428
-1564
-2748
-3388
-3516
-3772
-4092
-3900
-3260
-3004
-3388
-3900
-4348
-4348
-4860
-5372
-5628
-5628
-4860
-3900
-2748
-1500
-620
-372
-396
-588
-748
-1180
-2108
-2620
-2492
-1980
-1436
-988
-620
-196
0
-180
-356
-492
-460
40
588
780
460
132
88
48
56
196
748
1116
1052
556
8
-112
16
260
716
1500
1820
1564
924
716
780
812
876
988
1180
1180
876
196
-396
-588
-556
-428
-48
492
652
324
-212
-524
-684
-924
-1180
-988
-492
-104
112
356
588
684
716
1052
1500
1756
1756
1564
1564
1980
2748
3516
4348
5372
5884
5884
5116
3644
2620
2236
1980
2108
2620
3260
3388
2748
1692
876
372
-260
-1180
-2108
-2876
-3132
-3260
-3132
-3004
-3132
-3388
-3644
-3644
-3644
-3772
-4348
-5116
-5116
-4348
-3516
-2492
-1756
-1244
-924
-812
-924
-1372
-1980
-2748
-3260
-3004
-2236
-1180
-396
104
460
620
748
620
-8
-748
-1052
-924
-620
-460
-372
0
524
924
1116
1180
1116
460
-372
-652
-132
524
924
1116
1372
1564
1692
1564
1372
1116
812
652
588
844
1180
1244
924
748
780
876
684
356
-48
-460
-748
-876
-876
-748
-716
-780
-556
-180
164
244
40
-96
0
428
988
1372
1308
1180
1052
1116
1564
1980
2620
3388
4348
5628
6140
5372
3644
2492
1980
2236
2620
2876
3132
3132
2492
1372
292
-292
-812
-1692
-2620
-3260
-3644
-3900
-3900
-3644
-3516
-3644
-3900
-4092
-4092
-4092
-4604
-5116
-5372
-4860
-3772
-2748
-1756
-924
-652
-684
-988
-1436
-1980
-2364
-2620
-2492
-1820
-988
-260
212
620
876
1116
1628
2236
2364
1756
748
132
-244
-428
-212
460
1180
1820
1884
1308
684
276
-112
-460
-212
588
1116
1180
1180
1500
1884
1756
1308
1052
844
716
524
132
-112
-120
16
16
148
492
492
-40
-812
-1244
-1372
-1628
-1820
-1564
-1052
-684
-356
-180
-48
228
524
684
924
1244
1564
1692
1564
1692
2108
2492
2876
3132
3644
4348
5116
5628
5372
4348
3260
2492
2364
2620
2748
2620
2748
2620
1980
924
-104
-812
-1500
-2492
-3260
-3772
-3772
-3644
-3516
-3516
-3388
-3516
-4092
-4348
-4604
-4860
-5116
-5116
-5116
-4348
-3516
-2748
-2108
-1628
-1244
-1244
-1500
-1756
-1980
-2108
-2108
-1756
-1052
-16
988
1820
2108
1980
1820
1436
716
8
-340
-212
0
164
588
1116
1436
1372
988
556
196
-132
-492
-556
-148
428
780
988
1180
1372
1500
1308
924
492
120
-72
-96
132
524
812
716
460
324
180
-292
-1052
-1564
-1756
-1756
-1692
-1372
-1052
-748
-524
-308
56
428
556
684
844
1116
1436
1820
2236
2364
2364
2364
2364
2620
3004
3260
3516
4092
4860
5884
6140
5372
3644
2492
2236
2108
1884
1756
1820
1692
1116
260
-396
-748
-1244
-2108
-3004
-3644
-3772
-3772
-3772
-3644
-3388
-3388
-3644
-4092
-4092
-4348
-4348
-4860
-5116
-4604
-3644
-2748
-1980
-1372
-1052
-1052
-1116
-1116
-1116
-1244
-1436
-1436
-924
-64
876
1692
2108
2108
1756
1308
876
428
120
-8
-8
-32
24
120
244
428
428
148
-148
-260
-356
-292
-96
260
748
1180
1500
1628
1564
1180
620
148
-72
-180
-148
-96
-104
-16
-40
-340
-684
-988
-1180
-1308
-1628
-1884
-1884
-1756
-1564
-1244
-748
-244
56
244
492
716
988
1244
1628
1980
2364
2748
2876
3004
2876
2748
2748
2876
3260
3644
3900
4092
4860
5372
5372
4348
2876
1980
1756
1628
1308
1116
1308
1308
652
-340
-1052
-1372
-1756
-2364
-3004
-3260
-3516
-3644
-3772
-3516
-3260
-3516
-4092
-4348
-4348
-4092
-4092
-4348
-4348
-3772
-2876
-1980
-1180
-780
-716
-924
-988
-924
-812
-780
-924
-844
-132
988
1884
1980
1692
1372
1052
620
56
-228
-228
-164
-276
-396
-120
492
924
812
556
460
356
164
132
396
876
1244
1372
1436
1500
1436
988
396
-148
-492
-620
-620
-684
-716
-684
-812
-1116
-1372
-1436
-1564
-1756
-1980
-1980
-1756
-1436
-1116
-748
-244
292
588
716
924
1052
1180
1372
1756
2236
2748
2876
2748
2748
2748
2620
2364
2364
2492
2748
3004
3644
4604
5372
5372
4092
2492
1564
1372
1436
1180
988
1244
1500
1116
212
-620
-1052
-1564
-2364
-3132
-3260
-3260
-3260
-3260
-3132
-2876
-3004
-3516
-3900
-4092
-3900
-4348
-4604
-4348
-3516
-2364
-1372
-620
-212
-104
-372
-716
-876
-924
-1052
-1116
-780
32
924
1628
1756
1436
1116
748
244
-276
-556
-460
-148
0
8
164
396
524
524
356
104
-148
-372
-428
-228
340
876
988
812
524
244
-148
-684
-1116
-1308
-1308
-1180
-924
-620
-372
-460
-748
-1052
-1116
-988
-1116
-1244
-1244
-988
-748
-396
24
372
556
652
780
924
1116
1500
1628
1820
2108
2492
2748
2748
2620
2364
2236
1980
2236
2620
3004
3516
3900
4860
5628
5884
4860
3388
2108
1820
1820
1692
1500
1692
1820
1308
276
-588
-1052
-1500
-2364
-3260
-4092
-4092
-4092
-3772
-3516
-3260
-3516
-4092
-4604
-4348
-4092
-4092
-4348
-4092
-3260
-1980
-844
-260
-112
-96
-244
-396
-524
-620
-924
-1244
-1180
-588
556
1564
1884
1500
924
428
-196
-924
-1436
-1244
-684
-292
-64
132
356
460
428
244
8
-72
-196
-356
-308
180
748
748
460
228
-24
-340
-780
-1116
-1308
-1244
-988
-716
-428
-292
-460
-924
-1308
-1372
-1244
-1116
-1180
-1180
-988
-652
-276
48
460
812
988
1052
1180
1564
1980
2236
2492
3004
3388
3516
3388
3004
2748
2492
2364
2620
3004
3388
3900
4348
5372
6140
6140
4604
2620
1372
1180
1372
1308
1308
1500
1500
988
-64
-1052
-1692
-2364
-3260
-3900
-4092
-3772
-3516
-3388
-3132
-3004
-3260
-4092
-4604
-4604
-4348
-4348
-4348
-4092
-3132
-1884
-924
-340
-148
-396
-988
-1372
-1436
-1372
-1500
-1372
-844
-164
684
1436
1628
1052
244
-356
-780
-1116
-1308
-924
-132
492
588
396
276
276
80
-460
-812
-924
-924
-924
-556
212
924
1052
652
180
-180
-524
-924
-1244
-1244
-876
-524
-276
-32
16
-260
-924
-1500
-1564
-1308
-1116
-1052
-988
-844
-652
-324
88
684
1180
1500
1756
1980
2364
2620
2748
2620
2748
3260
3516
3644
3516
3260
3004
3004
3260
3516
3900
4092
4348
4860
5884
6140
4860
3004
1692
1372
1436
1372
1372
1564
1692
1180
-16
-1116
-1692
-2108
-3004
-3644
-3772
-3644
-3644
-3644
-3516
-3516
-3772
-4348
-4604
-4348
-4092
-4092
-4092
-3772
-2748
-1756
-988
-460
-212
-428
-988
-1436
-1628
-1756
-1980
-1980
-1692
-988
-164
588
1052
924
356
-308
-924
-1436
-1628
-1500
-988
-244
120
72
-120
-164
-148
-324
-620
-652
-428
-196
112
556
988
1116
780
396
40
-276
-524
-812
-924
-924
-748
-620
-524
-428
-460
-652
-988
-1244
-1180
-924
-780
-716
-492
-132
196
524
924
1308
1692
1756
1884
2364
2620
2748
2748
2876
3132
3260
3260
3004
2748
2876
3132
3388
3516
3772
4092
4860
6140
6652
6140
4092
1980
1116
1308
1500
1436
1372
1756
1628
556
-1052
-2364
-3260
-4092
-4604
-4860
-4604
-4092
-3772
-3388
-3004
-3004
-3644
-4348
-4604
-4092
-3900
-3900
-3772
-3132
-2236
-1372
-684
-244
-228
-716
-1436
-1980
-2108
-2364
-2492
-2364
-1756
-876
-8
428
340
24
-260
-492
-780
-988
-780
-180
396
748
876
924
1052
988
812
716
652
460
292
340
748
1180
1308
988
588
148
-228
-460
-716
-876
-876
-844
-748
-620
-428
-460
-748
-1052
-1052
-876
-684
-428
-228
-164
-148
-64
308
812
1116
1308
1436
1692
2236
2492
2492
2492
2620
2748
2876
3132
3132
2876
2492
2492
2876
3260
3644
3900
4092
4604
5884
6396
5628
3772
1980
924
924
1180
1244
1308
1244
684
-588
-2108
-3260
-4092
-4604
-4604
-4604
-4092
-3516
-3260
-3004
-3004
-3388
-4092
-4604
-4860
-4348
-4092
-3772
-3516
-2876
-2236
-1628
-1372
-1244
-1564
-2236
-2748
-3004
-3004
-3004
-2876
-2620
-1980
-1116
-164
492
588
524
356
40
-228
-260
80
652
1244
1628
1692
1372
1116
924
748
620
524
396
308
524
812
924
812
460
120
-64
-8
40
-80
-196
-180
-196
-180
-40
-40
-260
-356
-260
-132
-56
-8
48
-24
-228
-460
-396
0
556
1116
1564
1884
2236
2492
2620
2620
2748
2876
3132
3388
3644
3772
3516
3388
3260
3260
3516
3772
4092
4092
4860
6140
6908
5628
3260
1116
132
212
324
148
308
620
260
-988
-2492
-3516
-4092
-4348
-4348
-3772
-2876
-2492
-2492
-2364
-2364
-2876
-3772
-4604
-4860
-4604
-4348
-4348
-4092
-3900
-3516
-3388
-3132
-2876
-3132
-3644
-4092
-3900
-3516
-3260
-3004
-2620
-1820
-652
460
1116
1244
1116
876
780
812
1052
1436
1980
2236
1980
1372
812
324
-24
-164
24
372
524
492
620
876
1052
988
684
324
132
80
180
324
276
-40
-428
-588
-556
-524
-748
-1052
-1180
-1116
-988
-924
-988
-1180
-1308
-1372
-1052
-428
228
748
1244
1756
2364
2748
2876
2876
3004
3132
3388
3644
3772
3388
3004
2748
2876
3132
3516
3900
4092
4348
5628
6652
6652
4860
2364
988
988
1308
1244
1308
1980
2236
1308
-292
-1692
-2620
-3516
-3900
-3772
-3004
-2364
-2108
-1980
-1980
-2492
-3644
-4860
-5372
-5116
-5116
-4860
-4604
-4092
-3644
-3644
-3516
-3260
-3132
-3516
-3900
-3772
-3388
-3260
-3388
-3132
-2364
-1244
-356
428
1308
1980
2108
1820
1628
1436
1244
1116
1308
1820
1980
1692
1052
620
460
556
556
556
748
844
876
876
1052
1180
924
428
196
324
460
276
-196
-652
-988
-1308
-1500
-1436
-1244
-1308
-1500
-1500
-1180
-924
-1180
-1692
-1980
-1756
-1116
-356
396
988
1436
1692
1980
2364
2748
2748
2748
2876
3516
3772
3644
3132
3004
2876
2876
3004
3388
3772
3900
4092
5116
6396
6908
5372
3132
1628
1436
1820
1756
1500
1756
1980
1308
-276
-1820
-2748
-3388
-3772
-3772
-3260
-2748
-2620
-2876
-2748
-2876
-3772
-4860
-5628
-5628
-5372
-5116
-5116
-4604
-4348
-4348
-4348
-4092
-3772
-3900
-4348
-4348
-3900
-3260
-3004
-2876
-2236
-1244
112
1564
2364
2620
2236
1980
1692
1500
1436
1500
1980
2236
1980
1500
1052
748
428
308
684
1180
1244
1180
1372
1756
1820
1500
1052
748
588
556
492
228
-148
-748
-1244
-1308
-1116
-924
-988
-1052
-988
-844
-876
-1116
-1372
-1500
-1628
-1564
-1052
-164
588
988
1372
1980
2492
2620
2492
2620
2876
3132
3260
3516
3516
3132
2748
2492
2492
2876
3260
3516
3772
4092
5116
6396
6908
6140
4092
2236
1756
1756
1564
1116
1180
1500
1116
-228
-1820
-3004
-3644
-4092
-4092
-3772
-3260
-3004
-3132
-3132
-3388
-4348
-5372
-5884
-5884
-5628
-5116
-5116
-4860
-4604
-4604
-4348
-4092
-3772
-3900
-4092
-3644
-2876
-2108
-1820
-1820
-1372
-492
524
1372
1820
2108
2236
1980
1564
1372
1308
1180
1116
1180
1244
988
588
340
524
1052
1564
1820
1980
2236
2108
1980
1756
1564
1244
652
276
212
148
-164
-684
-1244
-1564
-1692
-1692
-1628
-1564
-1564
-1564
-1564
-1372
-1308
-1436
-1692
-1692
-1308
-716
-32
588
1180
1692
2108
2364
2748
3132
3260
3260
3516
3900
3900
3516
3132
2876
2620
2620
2876
3516
4092
4348
4604
4860
5884
7164
7164
5372
3132
1884
1628
1564
1180
780
844
924
180
-1308
-2748
-3644
-4348
-4860
-4348
-3644
-3260
-3260
-3388
-3260
-3644
-4604
-5628
-6140
-6140
-5884
-5628
-5116
-4860
-4604
-4604
-4348
-3900
-3644
-3644
-3644
-3260
-2492
-1980
-2108
-1980
-812
620
1500
1756
1980
2108
1820
1436
1564
1884
1820
1628
1564
1692
1436
924
684
988
1756
2236
2236
2108
2108
1692
1116
844
780
428
-228
-556
-524
-460
-652
-1052
-1436
-1820
-2108
-2108
-1884
-1692
-1628
-1692
-1628
-1372
-1244
-1244
-1436
-1500
-1308
-924
-428
308
1116
1756
2364
2876
3260
3260
2876
2620
2620
2876
3132
3388
3516
3260
3004
2748
2748
3260
3772
4092
4348
4604
5372
6652
7420
6140
3900
2108
1372
1244
924
524
556
780
428
-652
-1980
-3004
-3772
-4348
-4348
-3772
-3004
-2748
-2876
-3004
-3388
-4092
-5116
-5628
-5628
-5628
-5372
-4860
-4348
-3900
-3900
-3772
-3644
-3388
-3388
-3516
-3132
-2364
-1820
-1756
-1436
-396
748
1564
1884
2108
2236
1884
1500
1500
1756
1980
1980
2236
2364
2108
1372
780
684
1116
1372
1500
1500
1436
1180
716
524
460
292
-164
-460
-460
-524
-812
-1244
-1692
-1980
-2236
-2108
-1756
-1628
-1756
-1820
-1820
-1628
-1500
-1500
-1628
-1500
-1244
-780
-164
556
1116
1436
1756
2108
2236
2364
2236
2236
2492
2876
3260
3516
3644
3516
3132
2748
2620
2876
3388
3772
4348
4348
4348
5116
6140
6396
5116
3132
1628
1180
844
292
-112
80
324
-64
-924
-1820
-2748
-3516
-4348
-4348
-3772
-3388
-3388
-3260
-3260
-3516
-4348
-4860
-5372
-5628
-5884
-5372
-4604
-3900
-3516
-3388
-3388
-3260
-3260
-3260
-3004
-2364
-1628
-1052
-652
-104
460
876
1116
1244
1244
1308
1500
1884
2364
2492
2492
2620
2364
1756
1116
812
924
1180
1436
1820
1980
1884
1372
1052
876
620
132
-196
-244
-164
-308
-428
-428
-652
-1116
-1628
-1756
-1692
-1692
-1820
-1820
-1692
-1628
-1500
-1308
-1116
-876
-620
-324
40
428
748
924
1116
1564
1980
2364
2364
2364
2492
2748
2876
3260
3516
3516
3260
3132
3132
3132
3132
3388
3644
3772
3772
3900
4092
4604
4860
4348
3260
2108
1180
652
212
-24
-32
104
112
-260
-924
-1692
-2620
-3516
-4348
-4348
-4092
-3772
-3644
-3772
-3900
-4092
-4604
-4860
-5372
-5372
-5372
-4860
-4092
-3260
-3004
-3004
-3004
-3132
-3132
-3132
-2876
-2236
-1500
-812
-260
56
212
180
72
132
492
988
1372
1628
1820
1980
1820
1372
1052
924
780
876
1180
1628
1756
1692
1500
1308
1052
748
460
260
112
-8
-112
-64
-132
-212
-340
-588
-812
-1052
-1052
-1052
-988
-812
-588
-356
-196
-104
-32
32
112
260
588
924
1244
1500
1692
1820
1820
1980
1980
1980
2236
2492
2620
2876
3004
3004
2876
2876
2748
2748
2876
2876
3004
3132
3260
3004
2620
2364
2236
2236
2236
1980
1564
1052
844
716
460
196
-164
-460
-684
-988
-1244
-1692
-2108
-2492
-2620
-2620
-2748
-3004
-3260
-3388
-3388
-3516
-3388
-3388
-3388
-3388
-3388
-3260
-3260
-3132
-3004
-2748
-2620
-2492
-2236
-2108
-1820
-1564
-1436
-1436
-1628
-1692
-1500
-1244
-844
-556
-356
-212
-96
32
112
112
96
164
396
652
988
1180
1180
924
716
652
716
716
652
492
356
180
88
80
48
-16
-196
-244
-180
-56
-16
-164
-260
-324
-164
56
276
460
524
556
684
924
1180
1308
1372
1308
1308
1372
1500
1436
1308
1372
1436
1564
1756
1884
1980
1980
1980
2108
2236
2364
2364
2364
2492
2620
2620
2492
2236
1884
1820
1980
1980
1820
1564
1180
1052
1116
1180
1116
988
748
588
396
212
0
-260
-524
-812
-1116
-1500
-1820
-2108
-2364
-2620
-2876
-3004
-3004
-3004
-3004
-3260
-3516
-3516
-3644
-3644
-3644
-3388
-3260
-3132
-2876
-2620
-2364
-2364
-2236
-2236
-2108
-1820
-1500
-1308
-1244
-1180
-1052
-876
-556
-308
-64
212
556
844
988
1180
1116
1052
1052
1244
1500
1564
1564
1500
1436
1372
1308
1308
1116
988
924
812
748
684
620
460
244
148
212
340
492
492
396
324
292
372
492
556
492
428
460
524
556
460
292
244
396
588
812
988
1052
1116
1180
1372
1628
1756
1820
1884
2108
2236
2236
2108
1756
1500
1436
1628
1820
1980
1980
1756
1564
1308
1180
1116
988
876
812
812
748
588
396
32
-428
-812
-1116
-1244
-1564
-1884
-2236
-2492
-2748
-2748
-2748
-2748
-3004
-3388
-3644
-3772
-3900
-4092
-3900
-3644
-3388
-3004
-2748
-2620
-2620
-2620
-2620
-2492
-2364
-2108
-1820
-1500
-1180
-876
-556
-324
-80
132
372
588
812
1052
1180
1244
1244
1308
1436
1500
1628
1692
1692
1756
1756
1564
1308
1180
1116
988
924
876
748
620
524
428
396
428
492
588
556
460
372
276
276
372
492
588
620
588
556
556
460
356
308
396
556
780
988
1052
1116
1116
1308
1564
1756
1820
1884
1980
2108
2108
2108
1980
1692
1564
1564
1692
1820
1820
1820
1564
1436
1244
988
876
716
684
620
652
588
428
196
-180
-588
-876
-1180
-1308
-1436
-1692
-1980
-2108
-2236
-2364
-2492
-2748
-3004
-3260
-3516
-3644
-3644
-3644
-3516
-3260
-3260
-3132
-3004
-2876
-2876
-2876
-2876
-2748
-2492
-2236
-1980
-1692
-1500
-1308
-988
-716
-556
-396
-228
56
308
524
684
812
988
1052
1372
1564
1628
1628
1500
1436
1372
1372
1372
1372
1308
1244
1180
1052
924
780
652
588
684
748
876
988
988
924
988
1052
1116
1116
1052
1052
988
988
1116
1116
988
844
812
844
924
924
876
924
1116
1180
1308
1372
1436
1436
1628
1884
1884
1692
1372
1180
1180
1308
1436
1500
1500
1436
1372
1244
1052
876
620
460
460
428
396
308
276
260
72
-148
-428
-684
-812
-988
-1180
-1308
-1436
-1628
-1884
-1980
-2236
-2492
-2876
-3132
-3388
-3644
-3644
-3516
-3388
-3388
-3260
-3132
-3132
-3004
-2876
-2876
-2748
-2748
-2620
-2364
-2108
-1820
-1692
-1564
-1500
-1372
-1116
-748
-324
-40
112
180
356
556
716
780
876
988
1180
1436
1628
1692
1820
1756
1692
1692
1692
1756
1756
1756
1756
1756
1692
1628
1564
1500
1436
1372
1244
1244
1308
1244
1116
988
876
748
684
652
620
556
396
356
396
428
428
324
324
524
716
844
876
924
1052
1180
1372
1436
1372
1180
988
988
1052
988
1052
1116
1116
1180
1116
1052
924
780
620
460
396
324
340
428
460
460
324
120
-148
-340
-556
-652
-748
-876
-988
-1116
-1244
-1436
-1628
-1980
-2236
-2492
-2748
-2876
-2876
-3004
-3132
-3004
-3004
-2876
-2748
-2748
-2748
-2748
-2620
-2620
-2492
-2364
-2236
-1980
-1756
-1564
-1372
-1180
-924
-620
-460
-340
-228
-96
132
396
652
876
988
1116
1244
1436
1564
1692
1756
1756
1820
1884
1884
1884
1820
1692
1628
1564
1436
1436
1372
1244
1116
988
876
844
780
684
620
556
588
684
716
620
460
308
260
308
396
428
340
244
244
396
556
716
748
780
844
924
924
924
780
684
716
780
812
812
844
812
748
556
428
396
372
396
460
492
556
524
556
588
396
180
64
0
-80
-164
-212
-260
-372
-524
-748
-924
-1116
-1372
-1628
-1884
-2108
-2236
-2364
-2364
-2364
-2364
-2364
-2492
-2492
-2620
-2620
-2620
-2492
-2364
-2108
-1884
-1692
-1628
-1564
-1564
-1500
-1308
-1180
-924
-684
-460
-228
-40
88
148
244
396
524
652
876
1052
1244
1436
1564
1692
1692
1692
1820
1884
1884
1820
1756
1692
1628
1564
1564
1564
1436
1308
1180
1052
844
716
620
588
620
780
924
924
876
748
620
620
588
492
356
244
164
180
276
396
460
428
340
276
228
212
180
148
164
148
148
180
180
164
132
164
80
0
-56
-80
-80
-88
-64
-72
-16
32
96
0
-148
-244
-324
-356
-396
-428
-460
-492
-524
-524
-620
-684
-812
-924
-1116
-1244
-1372
-1500
-1564
-1628
-1628
-1692
-1820
-1884
-1884
-1820
-1692
-1564
-1500
-1436
-1372
-1308
-1244
-1116
-988
-988
-988
-924
-844
-716
-620
-556
-556
-492
-372
-292
-164
0
120
212
324
524
748
988
1180
1244
1372
1436
1436
1436
1436
1436
1372
1308
1308
1308
1244
1116
988
876
876
844
812
812
812
812
844
924
988
1052
1052
1052
1116
1116
1052
924
924
924
924
924
812
684
652
620
652
652
556
460
396
396
396
356
244
96
8
16
16
-24
-96
-196
-260
-196
-132
-112
-164
-196
-164
-148
-196
-292
-428
-492
-460
-396
-396
-396
-372
-324
-292
-356
-492
-620
-812
-1052
-1116
-1116
-1244
-1308
-1436
-1500
-1500
-1564
-1500
-1436
-1372
-1244
-1116
-988
-876
-812
-812
-844
-844
-812
-812
-780
-716
-652
-556
-428
-428
-428
-428
-428
-428
-396
-292
-228
-180
-64
56
228
356
492
556
556
556
524
524
428
372
292
276
324
372
340
292
292
308
292
292
308
308
340
460
620
748
844
924
924
988
988
1116
1116
1052
924
780
748
748
780
684
588
588
556
524
492
460
428
460
492
556
620
620
524
460
428
396
396
372
428
492
428
292
164
80
-16
-64
-88
-132
-228
-292
-292
-292
-324
-340
-276
-196
-196
-276
-396
-556
-684
-812
-924
-988
-988
-876
-748
-652
-652
-684
-780
-844
-812
-716
-588
-460
-340
-340
-356
-396
-428
-460
-460
-428
-396
-372
-324
-276
-212
-132
-112
-80
-132
-80
-8
0
48
96
164
260
396
428
460
428
372
324
308
212
96
0
0
40
132
132
40
-16
-40
-72
-112
-164
-180
-180
-180
-104
48
132
148
88
132
180
196
228
212
112
0
-24
32
148
196
164
132
148
180
228
260
180
132
148
180
292
396
396
356
276
244
228
228
244
228
228
148
16
-24
0
148
196
40
-104
-148
-48
72
164
132
64
72
120
120
32
-64
-212
-324
-292
-260
-212
-228
-260
-244
-212
-244
-308
-428
-492
-492
-492
-460
-308
-120
-40
-32
-80
-164
-292
-324
-292
-228
-132
-32
64
148
164
120
80
48
64
148
212
212
244
276
308
356
372
308
244
164
80
0
-48
-88
-48
16
96
96
32
0
-56
-132
-164
-148
-164
-148
-88
0
104
148
120
32
24
72
104
72
40
24
48
80
132
164
180
120
104
88
0
-56
-80
-104
-132
-132
-24
72
40
40
80
96
104
48
-32
-96
-48
56
132
148
64
56
96
180
196
132
88
96
132
196
244
244
180
104
64
56
72
32
0
-80
-96
-88
-104
-96
-164
-276
-356
-396
-372
-356
-292
-228
-148
-16
56
56
24
-64
-196
-260
-260
-164
-8
72
180
228
196
120
64
64
24
0
-24
0
64
148
196
196
164
56
-104
-228
-244
-212
-196
-180
-196
-196
-180
-164
-148
-164
-260
-340
-324
-324
-340
-340
-372
-340
-244
-148
-88
-164
-276
-244
-132
-56
32
56
56
56
48
48
40
-40
-164
-164
-132
-8
104
132
104
96
56
104
164
148
132
40
8
32
112
180
212
212
228
260
244
228
244
244
212
196
244
308
356
428
428
396
460
460
492
492
460
396
340
276
180
88
-8
-72
-132
-132
-80
0
80
120
132
112
56
-16
-48
-48
-48
-72
-32
0
16
0
40
104
112
148
164
132
64
24
48
104
148
132
72
32
32
64
64
16
-80
-196
-228
-228
-244
-244
-260
-340
-356
-292
-244
-276
-396
-524
-652
-588
-460
-396
-396
-460
-524
-460
-372
-260
-244
-276
-276
-180
-48
56
56
-56
-148
-212
-212
-196
-196
-244
-260
-164
-48
48
56
48
24
-24
-64
-96
-96
-148
-164
-104
-64
-8
40
80
104
180
148
96
40
0
24
96
212
276
292
356
428
396
340
244
164
148
180
196
180
132
40
-8
-8
24
80
80
64
112
148
132
104
88
96
148
244
340
396
428
428
396
340
260
212
196
196
260
308
396
460
428
340
324
292
292
308
340
292
260
308
340
292
180
104
16
-64
-88
-96
-132
-212
-340
-396
-340
-228
-196
-212
-308
-428
-460
-460
-492
-492
-524
-492
-460
-396
-276
-244
-276
-292
-276
-244
-228
-228
-276
-260
-196
-180
-196
-260
-276
-212
-148
-80
-24
-24
-40
24
64
72
32
-104
-196
-196
-164
-104
-48
-64
-56
-40
-48
-40
-80
-120
-148
-196
-164
-88
-24
16
80
120
104
88
8
0
0
-24
-16
-24
16
48
72
72
40
-8
-80
-112
-88
-56
-32
-8
24
104
228
340
372
324
308
244
180
148
112
120
164
260
428
524
588
588
492
356
260
228
276
356
428
460
460
428
396
308
212
132
72
24
-32
-72
-96
-148
-148
-120
-112
-164
-228
-324
-356
-396
-396
-356
-324
-340
-324
-260
-228
-228
-228
-260
-292
-308
-260
-212
-180
-132
-96
-16
40
24
-40
-132
-164
-132
-56
72
164
164
104
40
-16
8
16
0
8
8
8
72
64
32
72
64
40
56
80
64
32
24
40
72
64
88
88
56
56
32
-8
-40
-24
-56
-104
-132
-112
-80
-80
-64
-148
-260
-324
-372
-356
-292
-180
-80
-32
-16
-32
-48
-48
-32
-56
-96
-32
32
72
148
212
228
164
132
148
164
180
196
212
276
308
396
460
460
396
340
276
228
196
196
180
120
80
88
88
72
64
32
-16
-104
-212
-244
-276
-308
-260
-260
-276
-292
-276
-244
-260
-292
-276
-244
-180
-112
-64
-64
-40
-40
-16
0
-56
-164
-260
-228
-148
-56
-24
-24
-40
-72
-72
-80
-96
-96
-120
-132
-120
-40
32
132
180
164
164
148
148
88
40
16
16
80
180
276
372
356
340
340
340
292
276
276
212
180
196
180
180
148
64
-24
-80
-104
-80
-24
40
80
120
88
8
-88
-164
-164
-132
-112
-112
-96
-80
-48
-72
-112
-48
56
104
48
40
96
148
132
148
164
132
120
148
180
164
80
-88
-196
-180
-132
-120
-148
-180
-228
-260
-292
-276
-292
-340
-356
-396
-396
-324
-260
-244
-292
-308
-260
-180
-120
-64
-48
-24
-32
-8
56
112
96
72
88
104
56
-64
-196
-260
-276
-244
-164
-104
-48
-8
8
-32
-40
0
8
56
120
148
164
212
260
228
196
164
164
180
164
196
180
180
180
180
164
148
180
180
212
228
180
64
-88
-244
-292
-212
-112
-48
16
-32
-164
-164
-112
-120
-120
-56
-8
40
64
40
48
80
88
80
40
24
72
132
164
244
356
396
428
460
492
460
428
428
428
428
428
396
396
308
276
244
180
132
56
0
-48
-72
-80
-48
-32
-72
-196
-276
-340
-372
-356
-340
-340
-396
-396
-396
-356
-292
-276
-244
-260
-276
-260
-292
-292
-308
-308
-324
-340
-340
-356
-356
-396
-396
-396
-292
-260
-228
-148
-120
-72
-32
0
24
32
56
104
148
164
164
148
132
72
64
104
180
196
228
196
48
-32
-72
-48
24
120
164
148
148
88
56
24
-16
-32
-32
-40
0
8
-48
-164
-260
-324
-340
-292
-228
-148
-64
0
0
8
16
8
8
40
32
32
80
148
244
292
372
396
396
372
396
428
396
340
340
340
340
356
396
428
396
340
260
164
48
16
-8
-88
-132
-104
-88
-24
0
-16
-40
-48
-48
-40
-48
-96
-164
-180
-96
-16
0
8
-56
-120
-120
-132
-132
-112
-148
-132
-88
-132
-148
-132
-148
-148
-120
-80
-24
-56
-88
-64
0
80
148
212
244
308
260
228
196
180
196
196
212
132
88
32
24
24
8
-16
-32
-16
8
8
-64
-132
-212
-260
-228
-180
-148
-148
-212
-356
-492
-524
-524
-556
-588
-620
-652
-588
-524
-492
-492
-428
-356
-260
-180
-96
-40
-56
-64
-64
0
80
72
104
132
164
212
276
340
356
356
324
356
460
524
524
524
492
428
372
324
228
148
88
32
8
8
-8
-24
24
16
16
-8
-64
-48
8
80
72
0
-56
-96
-72
-32
-56
-132
-244
-340
-308
-260
-244
-180
-132
-120
-96
-64
-48
-40
-64
-64
-32
24
104
148
196
212
276
340
372
396
428
372
340
372
428
428
428
372
260
132
48
16
24
112
148
112
24
-16
-40
-56
-40
-32
-40
-40
-32
0
0
-48
-164
-292
-428
-492
-492
-492
-524
-524
-524
-492
-428
-372
-324
-340
-308
-260
-212
-132
-72
-80
-96
-56
-8
40
112
180
212
196
180
212
244
292
340
372
396
396
428
428
396
308
260
180
148
112
96
132
132
148
132
80
16
-32
-64
-48
-24
-16
0
16
8
-16
-56
-64
-80
-96
-148
-244
-356
-460
-428
-372
-308
-276
-228
-244
-276
-244
-212
-228
-260
-292
-308
-260
-180
-96
-32
16
72
148
148
164
212
212
196
212
212
212
228
196
180
164
132
164
180
180
180
132
88
88
132
164
196
148
112
80
64
48
32
0
-72
-180
-308
-396
-396
-396
-396
-372
-396
-372
-308
-276
-244
-228
-260
-244
-212
-164
-112
-64
-16
8
64
132
148
164
196
228
212
196
212
276
324
340
372
372
372
372
356
396
372
292
228
212
244
244
292
244
196
148
80
16
64
104
72
96
112
64
16
0
-32
-80
-164
-196
-180
-180
-212
-276
-308
-308
-308
-324
-340
-372
-340
-356
-340
-260
-244
-228
-212
-196
-148
-72
-16
40
80
132
148
132
104
80
112
120
148
164
180
180
164
164
164
164
180
164
164
196
180
112
112
88
64
56
-8
-80
-132
-132
-180
-212
-228
-276
-340
-396
-396
-396
-396
-396
-396
-460
-428
-396
-340
-276
-244
-228
-244
-260
-244
-212
-148
-88
-56
-16
-24
-40
-48
0
48
80
120
164
180
228
276
244
244
308
396
428
492
492
492
428
428
396
428
396
340
292
244
228
196
196
212
196
148
132
132
96
72
32
24
56
48
24
-32
-120
-228
-308
-324
-356
-396
-356
-308
-244
-132
-88
-64
-32
-56
-56
-8
80
196
292
308
292
228
196
180
196
196
196
228
244
196
180
164
148
180
180
212
196
164
180
196
132
88
56
32
48
24
-16
-132
-244
-324
-356
-396
-372
-340
-372
-372
-372
-340
-356
-396
-396
-396
-428
-372
-356
-356
-356
-396
-428
-396
-396
-356
-308
-260
-212
-212
-196
-180
-180
-164
-120
-88
-72
-56
0
88
132
180
228
260
276
260
276
228
196
148
164
196
244
276
260
196
132
120
72
32
0
-8
40
48
80
148
132
88
24
0
24
24
-16
-96
-164
-180
-180
-164
-180
-196
-212
-164
-80
0
48
112
164
164
228
244
276
292
324
340
308
324
292
292
324
340
356
372
356
356
340
356
396
396
396
340
308
324
340
308
276
244
180
132
112
64
-40
-120
-196
-244
-244
-228
-244
-244
-228
-228
-212
-228
-244
-292
-340
-396
-396
-396
-396
-396
-428
-428
-460
-492
-524
-492
-492
-396
-340
-260
-228
-228
-228
-196
-164
-164
-148
-112
-40
0
64
132
132
148
104
48
8
-16
-24
-40
0
40
96
96
56
48
40
-16
-64
-56
-56
-32
0
24
72
104
64
8
-40
-96
-148
-180
-196
-196
-196
-148
-120
-120
-132
-148
-112
-88
-56
-64
-32
0
80
180
228
308
308
276
244
196
164
228
308
340
372
356
372
356
340
372
396
356
340
340
356
372
356
340
324
292
276
260
276
260
244
212
180
148
88
40
16
-32
-64
-72
-64
-64
-104
-148
-196
-212
-196
-180
-228
-324
-396
-460
-492
-428
-396
-396
-372
-356
-324
-292
-244
-244
-212
-180
-164
-132
-132
-112
-72
-24
24
80
104
112
88
64
24
-8
0
56
120
96
48
24
32
56
56
80
72
88
132
180
212
244
228
212
180
164
120
48
-32
-132
-196
-212
-212
-180
-148
-132
-148
-164
-164
-180
-212
-228
-228
-180
-96
-32
-24
-48
-64
-104
-88
-72
-88
-80
-80
-24
48
96
132
148
132
104
104
120
132
148
164
148
180
212
276
292
276
276
244
260
276
308
292
292
228
180
112
64
40
-24
-56
-64
-56
-72
-112
-132
-164
-164
-148
-148
-196
-244
-340
-396
-428
-396
-356
-324
-308
-292
-276
-292
-292
-260
-212
-164
-148
-180
-132
-72
-48
-40
-48
-40
0
64
104
72
56
16
16
48
48
32
48
112
148
212
276
260
228
164
148
148
148
148
148
180
164
132
88
72
0
-40
-24
0
40
40
8
-32
-64
-72
-40
0
24
40
24
16
32
64
80
96
104
120
132
96
72
80
104
132
180
228
196
164
196
212
228
276
308
292
292
308
340
372
396
396
396
396
356
324
244
180
132
112
120
96
64
16
-40
-88
-112
-148
-180
-260
-340
-396
-396
-396
-396
-428
-492
-556
-620
-620
-620
-620
-620
-620
-620
-588
-588
-588
-556
-524
-492
-428
-428
-428
-372
-340
-292
-244
-212
-196
-180
-164
-164
-196
-164
-120
-96
-32
16
48
72
96
120
148
164
180
196
244
244
260
276
260
276
244
228
196
164
180
148
96
104
112
64
16
72
120
148
148
148
120
88
80
104
164
180
212
212
212
244
260
244
228
228
228
228
292
324
340
340
396
428
428
460
460
428
460
524
524
524
556
524
524
524
492
460
396
340
324
292
292
260
228
180
112
96
72
48
0
-64
-132
-212
-260
-292
-356
-428
-524
-588
-652
-684
-684
-652
-652
-620
-620
-620
-588
-620
-620
-652
-652
-620
-588
-588
-492
-428
-428
-460
-460
-524
-524
-460
-396
-340
-324
-292
-276
-244
-212
-212
-196
-148
-64
-16
16
48
32
16
56
112
180
212
212
180
112
104
96
88
72
80
96
104
120
