SAMPLES:	8475
BITSPERSAMPLE:	16
CHANNELS:	1
SAMPLERATE:	16000
NORMALIZED:	FALSE
8
8
0
0
8
8
16
0
8
16
8
8
0
8
16
24
16
8
16
0
0
16
16
8
16
16
8
8
8
16
16
16
8
8
24
8
0
8
16
16
0
8
8
8
16
0
0
8
0
0
8
0
0
-8
0
0
0
-8
-8
-8
0
-8
-16
0
8
-16
-16
0
0
-8
-8
0
0
0
-24
-8
0
-8
-8
0
0
-16
-16
-8
-8
-8
-16
-8
8
-16
-24
-16
8
0
-16
0
-8
0
-8
-40
-16
8
-8
-16
-8
0
-24
-8
-16
-24
-8
0
-16
-16
-8
-8
0
-8
-24
-16
0
-8
-24
-8
0
0
-8
-8
0
0
-8
-8
0
0
0
0
8
8
-8
0
16
8
0
16
0
0
32
16
-8
16
24
0
16
24
8
16
32
8
0
24
24
8
24
24
16
24
16
16
24
32
8
16
24
16
16
16
8
16
24
8
0
24
24
0
8
16
8
8
0
-8
0
0
0
-8
0
0
-8
8
0
0
0
0
0
-16
0
-24
-16
0
-32
-16
0
-24
-16
-8
-8
-8
-16
0
-24
-16
-8
-24
-24
-24
-8
0
-24
0
-8
-8
-8
-16
-16
-16
0
-16
-8
8
-8
-16
0
0
-16
-8
8
-8
-8
8
0
0
0
-8
0
0
0
-24
0
8
0
-8
0
0
0
-8
16
0
0
16
0
8
8
0
0
0
16
0
-8
24
0
0
16
8
0
-8
16
0
0
0
0
16
0
-8
0
0
0
0
-8
8
0
8
8
-8
0
8
-8
0
16
0
0
0
0
-16
16
0
-24
24
8
0
0
0
-8
0
16
-8
0
16
-8
0
0
-8
0
0
0
0
8
0
-8
-8
0
-16
-8
0
0
8
-8
0
-24
16
8
-40
24
24
0
0
0
16
0
8
-8
-16
24
16
-16
16
16
16
8
0
8
0
0
-8
0
16
0
-8
16
8
8
0
0
16
16
0
-8
16
16
0
0
8
8
0
-8
-8
0
0
-8
0
0
-8
0
0
8
-8
0
0
0
0
-16
8
0
-16
-16
8
0
0
-8
-16
-8
-16
-16
-24
0
0
0
-8
-8
8
-24
-24
0
-8
0
0
-24
-16
16
-8
-40
0
8
-16
-16
-8
0
0
-8
-32
0
8
-8
-16
0
16
0
-8
0
0
-8
0
-8
0
0
0
8
-16
8
0
8
8
-16
0
0
16
-16
0
24
0
0
16
8
0
8
0
0
8
0
0
8
24
-16
8
24
0
8
32
8
0
32
0
8
16
8
0
32
16
-24
24
32
0
24
32
-8
24
32
-16
8
40
16
0
16
16
0
16
8
-8
16
16
-8
8
0
0
0
-8
8
-16
-16
0
0
-24
-8
8
0
-24
0
0
-24
0
-16
-16
0
0
-48
-16
0
-32
-32
0
0
-40
-16
0
-40
-8
-16
-24
0
-24
-24
-8
-8
-16
-24
-16
0
-16
-16
-16
0
-16
-16
-16
-32
16
-16
-24
16
8
-16
0
0
-24
0
16
-48
0
32
-24
-16
16
16
-16
8
8
0
24
16
0
24
24
0
0
24
24
0
16
24
16
16
16
0
32
24
0
32
40
0
24
40
8
8
16
32
0
24
16
8
8
0
16
8
0
16
0
0
24
0
0
16
0
0
16
8
0
-16
24
8
-24
24
8
-8
0
8
-8
0
0
-8
0
8
-24
-8
24
-8
0
16
0
0
-8
-8
-8
0
0
-24
16
8
-32
-24
0
-16
0
0
-16
0
0
-24
-16
0
0
-8
-8
-8
-8
0
-16
-8
0
-24
-16
0
-8
0
0
0
0
0
-8
-8
-8
-8
-16
0
0
-16
8
0
-8
16
0
-32
24
8
-32
0
0
-8
0
-8
-16
0
0
-8
-8
8
-40
24
-8
-32
8
0
-8
0
0
-24
-8
8
-16
-32
8
8
-16
0
16
-8
0
16
-24
0
24
0
-24
0
0
-16
24
-8
-16
48
-8
-48
56
8
-40
24
16
-24
8
32
-32
16
40
-8
24
32
0
8
32
0
-8
32
24
0
16
0
40
32
-16
8
48
16
-16
24
24
-8
24
8
8
32
0
8
40
16
-8
8
32
0
16
-8
32
48
-32
0
40
32
-8
0
0
16
16
-32
-8
40
0
-24
32
0
0
-8
-8
8
0
-24
-16
0
0
0
0
-8
-8
16
-48
0
8
-24
-8
-24
-16
-16
-8
-8
-40
0
-16
-24
-16
-32
0
-32
-32
-8
-40
-8
0
-40
-32
8
-8
-48
-16
-16
-16
-16
-32
-16
0
0
-48
-32
16
-32
-16
-8
-24
0
-8
-32
-32
-8
0
-32
0
8
-24
8
-8
-16
32
-16
8
32
-8
16
0
8
8
-8
24
0
8
64
0
16
40
0
24
24
32
0
24
56
-24
16
40
24
16
0
32
32
32
24
-8
32
56
0
0
16
40
0
0
40
0
24
16
0
24
8
8
8
24
32
-8
8
24
-16
16
0
-8
8
16
-40
8
16
0
0
-16
16
-8
0
0
-8
0
0
-16
-16
0
0
-48
0
40
-64
-8
48
-48
-24
24
-40
-16
16
-8
-40
24
24
-72
0
16
-24
-8
-8
16
-24
-16
8
-16
8
0
-24
0
0
16
-32
-16
40
-16
-16
-24
16
8
-32
-8
0
0
0
-24
-8
32
-24
-24
-40
16
8
-64
-8
-16
48
-8
-56
16
24
-16
-72
-16
24
-16
-16
-8
-40
40
0
-88
0
48
-24
-64
8
32
-32
-16
24
0
0
-40
-8
32
-16
-8
-16
16
48
-48
-16
72
8
-16
0
16
40
0
0
32
0
8
-16
32
8
0
48
-16
40
0
0
40
0
32
0
16
56
-8
0
40
0
24
8
0
24
64
0
-16
56
0
8
64
0
0
72
8
-40
56
24
0
0
8
48
-8
0
0
48
16
-32
8
56
16
-8
-16
40
40
-80
8
24
0
8
-16
8
16
-24
-40
24
32
-56
-32
24
0
-40
-16
0
0
-16
-40
-32
0
24
-48
-56
16
0
-40
-24
-8
-16
24
-40
-40
8
-16
-32
-8
-24
-24
0
-8
-40
-24
8
-40
-8
-32
-24
16
-32
-16
-32
8
0
-64
0
-16
-16
0
-48
-24
48
-24
-64
0
40
-32
-32
24
0
8
-16
-16
8
32
-32
0
8
0
24
-40
0
48
0
-48
48
16
0
0
0
8
16
32
-24
32
48
8
0
56
8
-8
40
24
8
16
24
-8
48
32
-32
16
88
-40
16
48
-40
16
48
-40
8
88
-56
-16
96
0
-80
72
48
-40
40
-32
8
88
-24
-72
64
64
-64
8
0
24
32
-16
-72
88
48
-112
0
80
0
-64
40
0
16
8
-32
0
40
48
-72
-32
40
0
-24
0
0
0
24
0
-40
-16
32
-8
-16
-8
0
0
-32
-8
24
-48
-8
-8
8
0
-40
-8
-8
0
-16
-72
0
16
-16
-24
-72
48
-16
-40
24
-80
40
8
-96
16
-40
8
-24
0
-16
-56
48
-32
-32
0
-40
-24
48
-40
-56
16
40
-72
-48
48
-40
-16
32
-16
-40
40
0
-80
24
56
-80
16
48
-24
-8
-16
16
-16
-16
8
0
0
48
-8
8
8
-8
64
-8
16
-16
24
104
-72
0
64
32
24
-40
40
40
40
-8
-32
96
40
-32
72
24
0
48
32
-16
24
64
16
-8
8
8
32
8
-40
112
0
-40
104
-8
-40
104
24
-112
48
132
-104
-40
148
-32
-72
88
32
-96
24
48
-64
32
32
-80
48
56
-64
-56
80
8
-72
0
-32
56
-16
-48
-8
24
56
-88
0
32
-48
32
-48
-40
32
-40
0
-64
48
-8
-48
8
-40
0
0
-32
-64
8
16
-96
-56
48
-64
-16
8
-64
-16
16
-24
-72
32
-56
-24
8
-80
-16
24
-56
-32
24
-48
0
0
0
-56
0
0
-80
16
32
-40
-32
24
0
-64
0
-8
16
24
-40
24
24
16
0
0
48
24
-32
-16
64
16
-56
96
0
-16
72
-32
32
96
16
-40
96
64
-40
0
120
-56
48
56
-32
112
-32
48
48
24
32
-8
48
64
-64
16
48
0
24
-48
48
80
-56
0
-8
56
32
-120
40
48
-88
24
8
0
-32
56
32
-96
104
-8
-64
40
-24
-32
0
16
8
-64
24
16
-8
0
-88
32
48
-32
-32
-32
40
40
-64
-8
-8
16
56
-112
32
32
-32
0
-16
48
-8
-72
32
0
0
-8
-72
72
24
-32
-96
48
104
-112
-8
72
40
-32
0
8
-24
24
0
-64
-8
56
-48
-16
24
-48
16
48
-48
-48
72
-8
-24
-32
24
-8
-48
-8
-80
80
-8
-48
-24
24
40
-40
-112
8
88
-48
-56
-72
112
-8
-148
-16
64
8
-148
0
48
-48
-120
48
8
-88
40
16
-32
-24
-16
-8
-24
-8
32
-40
96
-32
-80
96
-72
24
32
-8
48
-48
48
64
24
-32
16
48
0
40
40
-24
40
120
-32
24
8
32
8
40
88
-8
64
48
56
-24
0
72
32
16
-24
120
40
0
72
-8
8
-32
-24
40
-16
-24
56
72
-40
-32
48
-72
-8
40
-32
24
-32
-16
80
-32
-120
32
80
-112
-32
40
24
8
-80
-32
16
56
-72
-64
64
8
-40
0
-56
0
48
-64
-8
-56
120
8
-112
48
-48
72
-24
-80
24
24
16
-80
-56
132
-16
-72
48
-24
48
-132
-24
0
-16
48
-56
0
0
40
-8
-96
-32
24
0
64
-56
-80
148
-120
-80
40
24
0
-16
-16
40
-8
-72
0
72
0
-164
132
80
-164
-64
0
48
16
-56
16
72
32
-16
-120
64
56
-88
40
0
88
40
-48
-16
-8
56
-32
-24
48
72
16
0
0
0
-40
-16
40
-8
40
32
56
16
-24
-24
56
96
-24
0
64
48
-32
-24
-8
8
48
-8
-16
8
32
0
8
16
16
24
-56
64
40
-8
-16
40
48
-88
0
48
24
-48
-16
0
8
-8
0
-8
32
24
-40
24
-32
-8
0
-24
-16
24
-8
-48
16
-64
24
64
-72
0
32
0
-48
-8
-16
0
32
0
0
40
16
-56
-56
0
48
-72
-24
104
24
-16
8
-16
0
8
-56
-24
56
24
-96
-40
48
0
0
-24
-16
40
0
-96
0
56
-64
-56
56
32
-72
-8
40
0
-48
-40
0
-24
-8
-40
-32
48
24
-48
-16
48
-40
-48
-16
0
-24
-8
0
-40
24
-56
-32
16
0
-32
-32
48
32
-64
-48
32
40
-8
-24
8
16
8
-24
-24
72
16
-56
32
48
16
0
32
40
0
32
40
40
16
40
72
40
0
48
64
48
32
56
24
0
72
40
0
-16
96
40
0
64
56
32
16
24
16
24
32
40
-16
0
32
-8
0
-8
0
0
8
8
-48
-16
0
-24
-16
-32
-8
8
-56
-8
8
-64
-16
0
-40
-32
0
-24
-48
-16
-8
-32
-48
-16
-40
-40
-48
-48
-8
-32
0
-16
-32
-16
-48
-32
-16
-16
-32
-24
-8
-16
-40
-40
-24
-16
-32
-16
8
0
0
0
-24
-8
-8
-48
0
32
0
0
24
-8
-24
-8
-8
0
24
16
0
16
40
-16
-24
32
16
-24
8
64
-8
0
48
0
-16
32
32
16
32
40
24
0
24
0
-8
16
40
32
8
24
32
16
0
56
32
-8
24
24
16
16
32
-8
0
24
24
16
16
32
0
-8
16
32
8
0
24
24
-8
8
16
-24
16
64
16
8
16
0
0
0
8
32
32
16
0
8
16
-24
-8
0
0
-32
-8
32
0
-32
-24
0
-24
-72
-16
16
-24
-16
0
-16
-72
-64
-16
-16
-32
-8
0
-16
-48
-48
-32
-32
-24
-24
0
16
-16
-8
0
-8
-24
-24
0
0
8
16
16
0
-8
0
-16
-8
24
24
-8
-8
0
-24
-24
-16
16
16
8
8
16
0
-24
-8
-16
-8
-8
0
8
0
-8
-8
8
0
-8
-8
-8
-32
-32
-40
-16
-8
0
8
0
0
-16
-16
-32
-32
0
0
-8
0
0
-32
-40
-40
-40
-16
0
24
16
40
16
-8
0
-16
-16
-16
0
0
8
8
-8
-16
-8
-32
-16
8
0
8
16
32
8
0
0
-16
-16
0
16
40
56
64
40
32
56
40
56
80
88
104
104
80
64
64
40
40
64
80
88
88
104
96
64
64
48
24
48
40
32
32
40
48
32
40
40
16
0
0
0
8
0
0
-8
0
-16
-32
-40
-48
-64
-72
-56
-72
-80
-48
-56
-72
-48
-40
-64
-80
-72
-80
-104
-96
-80
-64
-88
-64
-48
-56
-48
-88
-56
-64
-96
-72
-48
-56
-64
-32
-40
-56
-64
-40
-32
-56
-48
-16
-8
-56
-48
-16
-16
-16
-32
-8
-8
-24
-24
0
-8
-24
0
0
-16
-24
-8
0
16
40
48
56
40
16
56
56
56
88
112
132
104
112
132
96
72
88
96
80
72
104
96
64
72
72
32
8
16
32
16
0
8
0
0
-40
-40
-24
-56
-72
-64
-32
-32
-40
-48
-40
-64
-64
-64
-48
-64
-72
-48
-40
-32
-56
-32
-16
-24
-24
-24
-16
-24
-64
-40
-32
-48
-32
-40
-16
-16
0
24
0
0
24
40
40
72
80
40
8
0
-8
-16
0
24
24
56
96
56
40
40
40
40
40
40
48
56
64
80
104
88
88
112
88
104
148
164
148
180
196
164
180
180
196
212
196
228
228
228
196
164
212
244
340
492
620
684
684
588
396
148
-32
-148
-260
-340
-396
-428
-492
-620
-652
-684
-812
-924
-988
-988
-924
-924
-812
-684
-652
-684
-620
-588
-684
-780
-844
-924
-924
-844
-716
-588
-460
-372
-324
-244
-196
-228
-260
-276
-276
-260
-164
-40
24
148
260
396
460
524
588
588
588
620
620
620
588
588
620
652
620
652
588
492
460
460
428
372
372
396
396
460
556
684
652
620
556
524
396
260
180
244
428
556
748
844
1052
1308
1628
1980
2748
3516
3900
3644
2876
2108
1180
356
-396
-876
-988
-1116
-1180
-1372
-1564
-1820
-2108
-2620
-3132
-3388
-3388
-3004
-2364
-1500
-988
-652
-308
-120
-180
-524
-988
-1500
-1980
-1980
-1756
-1372
-924
-748
-652
-844
-1244
-1564
-1628
-1980
-2620
-2876
-2108
-1244
-844
-308
556
1564
2108
2108
2108
1756
924
80
-684
-876
-780
-812
-492
96
748
684
428
396
-212
-924
-1372
-1244
-988
-924
-308
812
1500
1756
1692
1500
1180
492
8
-196
-396
-588
-324
276
748
780
524
324
0
-492
-748
-876
-924
-844
-396
324
988
1564
1980
2108
2236
2236
2236
1884
1500
1372
1308
1244
1372
1820
2492
3132
3772
4348
5116
6140
6396
5628
3516
1628
492
-260
-1052
-1564
-1308
-716
-780
-1372
-2108
-2748
-3132
-3772
-4348
-4604
-4348
-3644
-2108
-652
56
132
-132
-684
-1308
-2108
-2876
-3516
-4092
-4092
-3260
-2108
-1244
-876
-924
-1116
-1564
-1980
-2748
-3516
-4092
-3644
-1980
-308
1308
2748
3644
3772
3260
2492
1564
228
-1116
-1884
-2108
-2108
-1980
-1436
-748
-276
-308
-96
308
244
-148
-340
48
396
556
1052
1756
1884
1756
1756
1756
1180
212
-292
-396
-492
-396
-148
148
244
164
244
228
-64
-524
-748
-524
-164
88
652
1308
1820
2364
2876
3260
3132
2748
2620
2748
2620
2492
2236
1820
1116
588
260
32
-244
-356
0
428
1052
1756
2876
4860
7164
8316
7676
5628
3388
1692
48
-1500
-2620
-2748
-2492
-2620
-3004
-3260
-3388
-3772
-4348
-5116
-5884
-5884
-4860
-3004
-1308
-460
-8
428
652
588
-48
-1180
-2492
-3644
-3900
-3388
-2620
-2108
-2108
-2236
-2236
-2236
-2236
-3004
-4092
-5372
-5372
-3772
-1692
292
1692
3132
4348
4604
4092
2748
1244
-460
-2108
-2748
-2236
-1372
-588
-64
588
988
1052
924
588
460
64
148
924
1980
2620
2748
2876
3004
2492
1628
748
-64
-844
-1244
-812
-112
588
1116
1628
2108
1980
1372
652
-56
-748
-1180
-1052
-620
-132
460
1180
1980
2492
2620
2748
2620
2492
2236
2236
1980
1756
1564
1244
876
492
32
-524
-1052
-1116
-716
-132
620
1564
2236
3004
4604
6652
7932
7420
5372
3260
1308
-620
-2620
-3772
-3388
-2620
-2492
-2876
-2876
-2620
-2876
-3516
-4348
-4860
-4860
-4604
-3260
-1244
112
748
924
1116
1052
340
-844
-2492
-4092
-5116
-4860
-4092
-3388
-3004
-2620
-2108
-1692
-1628
-2108
-2876
-3260
-3132
-2620
-1692
-164
1308
1980
2748
3388
3516
2492
492
-1244
-2236
-2876
-3132
-2620
-1244
8
492
1372
2364
2492
1564
652
324
164
32
324
684
812
780
1052
1756
1692
924
132
-80
32
48
260
556
748
876
1436
2108
1980
1244
428
72
16
72
244
460
620
988
1756
2492
2876
2748
2364
2236
2492
2620
2364
1820
1372
1052
844
652
460
132
-212
-356
-212
72
556
1308
2108
2876
4348
6396
8828
8828
7164
4348
2108
524
-1436
-3388
-4092
-3516
-3004
-3132
-3516
-3772
-4092
-4604
-4860
-5116
-5372
-4604
-2876
-684
924
1436
1436
1244
780
-24
-1244
-2748
-4348
-5628
-5884
-5116
-4348
-3644
-3260
-2748
-2492
-2364
-2492
-3260
-4348
-5116
-4604
-3132
-1116
1500
3644
5116
5884
6396
5884
3132
120
-2108
-3132
-3772
-3900
-2876
-1244
-112
460
924
1500
988
-652
-1372
-812
132
524
1372
2748
3132
2876
2876
2876
1372
-812
-1884
-1628
-1308
-924
196
1756
3004
3772
4348
4348
3004
812
-812
-1500
-1980
-2236
-1756
-588
588
1820
3132
4092
4348
4092
3772
3772
3644
3132
2620
2364
1756
1180
780
276
-460
-1116
-1500
-1564
-1564
-1436
-1180
-684
32
812
1692
2620
3388
3516
3644
4860
6396
7164
6396
4348
2364
-24
-2364
-4604
-5884
-5884
-5372
-4860
-4860
-4604
-4348
-3772
-3644
-3644
-3772
-3260
-2364
-1052
460
1500
1884
1628
1308
924
148
-1180
-2876
-4860
-5884
-6140
-5372
-4604
-4092
-3004
-1500
56
988
812
-104
-1500
-2492
-2620
-1628
-292
924
1980
3132
4092
4348
3644
1756
-120
-1884
-3004
-3644
-3644
-2876
-2108
-1180
260
1628
2364
2108
1980
1564
780
80
-212
-164
-120
428
1500
2364
2876
2876
2620
2236
1564
988
652
652
748
748
924
1052
844
428
80
-244
-588
-620
-212
428
1116
1884
2748
3644
4092
4092
4092
3644
3004
2236
1500
748
148
-428
-652
-556
-556
-428
-460
-396
-428
-780
-924
-876
-620
-148
620
1884
2876
4092
6140
8316
8828
7164
4348
1820
-748
-3132
-5372
-6140
-5372
-4348
-3516
-3132
-3132
-3260
-3644
-3900
-4092
-4604
-4092
-2492
-356
1436
2236
2492
2108
1564
780
-460
-2364
-4860
-6908
-7676
-7420
-6140
-4860
-3516
-2108
-812
260
556
-104
-988
-1980
-2620
-2492
-1372
308
1244
1980
2748
3388
3132
1372
-716
-2236
-3260
-3900
-4092
-3004
-1308
40
1436
3004
4348
4348
3260
2620
1884
1116
556
396
460
396
748
1628
2364
2364
1756
1564
1756
1884
1980
2108
2364
2492
2492
2748
2492
1436
120
-716
-1052
-1308
-1372
-780
164
1372
2748
3900
4604
4604
4348
3772
3004
2108
1244
396
-228
-492
-524
-588
-780
-844
-780
-588
-292
-148
-396
-620
-492
-228
132
308
492
684
988
1500
1820
1980
2876
4604
6140
6652
5628
3900
1308
-1436
-3772
-5628
-6140
-5628
-4860
-4348
-3644
-3004
-2492
-2364
-2492
-2620
-2492
-1820
-876
164
748
876
684
72
-716
-1692
-2748
-4092
-5628
-6652
-6908
-6396
-5116
-3772
-2236
-924
-40
292
340
-16
-1436
-3004
-3772
-3260
-2492
-1980
-988
924
2620
3132
3004
2620
1756
-64
-1980
-2748
-2620
-2620
-2108
-196
2236
3388
3644
3900
3644
2364
780
-164
-844
-1564
-1692
-556
1180
2364
3260
4092
4860
4860
4092
3516
2620
1500
684
620
924
748
292
96
120
132
56
132
372
684
1372
2620
3772
4348
4348
4348
4092
3772
3004
2108
1244
460
-148
-652
-780
-1052
-1372
-1436
-1052
-372
196
460
588
748
988
1180
876
524
260
356
924
1628
2364
3388
5372
7164
7676
6396
3772
1052
-1564
-3772
-5372
-5884
-5628
-4604
-3900
-3388
-3260
-3004
-3132
-3260
-3388
-3516
-3004
-1980
-780
72
212
148
-212
-812
-1692
-3004
-4604
-6396
-7932
-8316
-7676
-6140
-4604
-2748
-1052
428
1244
1052
308
-716
-1980
-2748
-2492
-1372
-524
-196
748
2364
3644
3260
1692
460
-524
-1564
-2620
-2492
-1436
-428
716
2748
4860
5372
4604
3644
2748
1372
-48
-748
-924
-1052
-684
812
2620
3516
3516
3644
3900
3772
3132
2492
1756
988
460
652
1052
812
212
-56
148
396
492
748
1116
1692
2364
3132
3644
3516
3132
2876
2492
1980
1116
276
-372
-684
-844
-844
-684
-396
-120
292
748
1052
988
588
212
228
340
324
40
-64
96
212
276
196
56
-132
80
780
2364
4348
5628
5884
4860
3388
1436
-1180
-3644
-5116
-5372
-5116
-4604
-4348
-4348
-4092
-4092
-4092
-3900
-4092
-4092
-3516
-2236
-1052
-428
-292
-492
-780
-812
-924
-1756
-3260
-5116
-5884
-6140
-5628
-4860
-4092
-3132
-2236
-1244
32
428
-340
-1628
-1980
-1372
-812
-276
652
2108
3260
3772
4092
3900
3004
1116
-620
-1372
-1500
-1628
-1180
132
1756
2620
3004
3388
3260
2364
1308
812
620
260
340
1244
2492
3516
4092
4860
5372
4860
4092
3516
2620
1500
588
260
180
-48
-308
-340
-228
-132
0
356
844
1308
1756
2364
3004
3132
3004
2876
2748
2236
1628
988
308
-212
-620
-924
-1116
-1244
-1436
-1628
-1628
-1180
-844
-524
-64
396
876
1116
1180
1116
780
396
-244
-588
-588
-812
-988
-780
-260
684
2236
4092
5372
4860
3644
1884
-244
-2748
-4860
-6140
-5884
-5628
-5116
-4348
-3388
-3004
-3132
-3260
-3260
-3516
-3516
-2876
-1692
-1052
-988
-988
-988
-1180
-1692
-2492
-3388
-4604
-5628
-5884
-5372
-4604
-3772
-2492
-924
876
2108
2364
1436
228
-748
-1500
-1980
-1756
-876
324
1308
2364
3516
3900
3132
1980
988
276
-556
-876
-340
812
1980
3004
4092
4860
4860
4092
3132
2236
1052
104
-24
372
988
1692
2748
3644
4092
3900
3644
3260
2620
1756
1372
1180
988
924
1052
1116
924
684
396
80
-148
-244
-148
132
428
780
1180
1436
1436
1372
1308
1180
1052
812
588
324
132
-8
-308
-620
-812
-876
-844
-748
-684
-620
-524
-428
-212
-56
-56
-260
-588
-844
-924
-988
-924
-748
-196
876
2876
4860
6140
5884
4604
3132
876
-1820
-4348
-5628
-5884
-5628
-5372
-4860
-4092
-3900
-3900
-3900
-3900
-4092
-4092
-3260
-1820
-716
-196
196
356
148
-212
-844
-1980
-3516
-5116
-5884
-5884
-5372
-4604
-3644
-2236
-780
372
1308
1244
132
-1244
-1692
-1436
-1308
-924
340
2108
3516
4092
4348
4348
3388
1820
340
-356
-780
-988
-180
1500
3132
3900
4348
4604
4348
3132
1756
812
-16
-748
-684
396
1628
2620
3516
4348
5116
4860
4348
3516
2492
1308
396
-16
-292
-684
-876
-748
-524
-524
-716
-844
-748
-524
-88
492
1116
1692
2108
2620
3004
2876
2492
1884
1308
780
356
-260
-812
-1244
-1500
-1436
-1372
-1180
-988
-844
-556
-148
96
32
-32
-80
-112
-40
-104
-180
-276
-428
-276
8
340
748
1820
3644
5116
5628
4860
3516
1500
-1052
-3516
-5116
-5628
-5884
-5628
-5116
-4348
-3900
-3900
-4092
-4092
-4348
-4092
-3004
-1692
-684
-228
8
196
16
-556
-1308
-2236
-3388
-4604
-5116
-5372
-5116
-4604
-3772
-2620
-1372
-524
72
748
876
260
-396
-276
396
684
1052
1980
3260
4348
4348
3772
3388
2492
988
-356
-588
-428
-460
132
1628
3260
3772
3644
3772
3388
2108
924
308
0
-396
-180
924
2108
2876
3132
3644
3772
3260
2492
1820
1180
292
-340
-428
-308
-428
-620
-652
-556
-588
-684
-620
-428
-132
396
1244
1980
2364
2492
2620
2620
2620
2236
1628
1052
620
88
-428
-924
-1244
-1564
-1564
-1180
-812
-524
-260
32
396
684
924
924
988
924
716
556
396
88
-196
-228
308
1116
2236
3772
4860
5116
4092
2620
748
-1500
-3772
-5116
-5628
-5372
-5372
-5116
-4604
-4092
-3772
-4092
-4092
-4092
-3900
-3132
-1980
-924
-524
-588
-652
-780
-1180
-1980
-2876
-3900
-4860
-5372
-5116
-4860
-4092
-3516
-2364
-1116
244
1116
1180
492
-148
-244
-180
56
652
1820
3132
3900
4092
4092
3516
2364
1052
276
-164
-716
-780
16
1180
1980
2492
2876
2876
2492
2108
1820
1436
924
748
1244
1980
2492
2876
3132
3260
3004
2620
2236
1564
652
24
-56
-80
-180
-260
-276
-308
-396
-340
-164
-164
-56
276
748
1308
1692
1980
2108
2108
1980
1980
1692
1244
684
228
-72
-396
-780
-1116
-1308
-1308
-1116
-716
-292
228
556
652
716
716
524
112
-132
-244
-308
-276
-276
-276
-148
40
324
812
1564
2876
4092
4860
4604
3388
1692
-196
-2108
-3772
-4860
-5116
-4860
-4604
-4604
-4092
-3900
-4348
-4604
-4604
-4604
-3900
-2876
-1756
-812
-460
-428
-716
-1180
-1884
-2620
-3260
-3772
-4092
-4092
-3772
-3260
-2620
-1980
-1180
-460
428
924
812
104
-460
-460
-292
132
924
2108
3260
3772
3772
3644
3004
1884
780
260
212
244
620
1500
2492
2876
2876
3004
2748
2236
1628
1308
1244
1116
1244
1756
2364
2748
2748
2748
2620
2108
1564
1052
652
164
-120
56
356
556
588
556
460
80
-324
-556
-652
-748
-684
-228
324
812
1308
1628
1756
1820
1756
1564
1180
652
164
-196
-524
-924
-1116
-1180
-1052
-844
-556
-396
-428
-556
-556
-492
-460
-460
-524
-396
-180
148
260
132
180
244
460
812
1308
2236
3132
3516
3260
2364
1180
-428
-1980
-3388
-4348
-4604
-4604
-4604
-4604
-4348
-3900
-3900
-4092
-4092
-3900
-3260
-2492
-1500
-716
-524
-460
-652
-988
-1308
-1884
-2364
-2748
-2876
-2620
-2108
-1564
-1308
-1116
-924
-716
-556
-120
396
396
80
-40
396
924
1244
1628
2364
3260
3644
3644
3644
3388
2748
1980
1564
1628
1564
1436
1564
1884
2108
1756
1436
1244
844
460
492
988
1308
1436
1756
2108
2364
2236
1980
1884
1564
988
684
492
148
-308
-524
-460
-460
-524
-556
-460
-556
-620
-396
-164
-32
48
324
684
844
924
988
924
876
876
844
684
340
104
-24
-212
-492
-716
-748
-716
-588
-356
-148
-196
-228
-148
-32
8
24
96
104
164
212
228
164
-96
-48
132
652
1564
2364
2876
2620
1980
1180
120
-988
-2108
-3004
-3260
-3388
-3388
-3516
-3516
-3516
-3772
-4092
-4348
-4348
-4092
-3644
-3004
-2492
-2236
-2108
-2236
-2236
-2236
-2364
-2364
-2364
-2108
-1692
-1052
-524
-276
-112
80
212
340
340
340
684
988
1116
1116
1308
1436
1244
1180
1628
2236
2492
2492
2620
2620
2620
2236
2108
2108
2108
1820
1884
2236
2364
1980
1628
1564
1180
716
556
588
428
164
244
524
620
524
492
652
716
684
876
1116
1116
924
844
988
988
716
460
276
0
-196
-148
-132
-340
-524
-396
-72
164
372
620
748
924
1180
1372
1372
988
684
460
228
16
-112
-196
-244
-96
148
260
164
-96
-292
-556
-684
-780
-876
-924
-988
-844
-524
-372
-372
-396
-164
120
308
620
876
812
460
24
-244
-620
-1116
-1500
-1756
-1884
-2108
-2236
-2236
-2492
-2748
-3132
-3260
-3260
-3388
-3388
-3260
-3132
-3004
-2748
-2492
-2364
-2364
-2236
-1980
-1820
-1692
-1564
-1372
-1116
-924
-684
-428
-260
-228
-132
-40
-16
48
244
524
748
1116
1564
2108
2492
2748
3004
3132
3132
3132
3004
2748
2492
2364
2236
2236
2236
2236
2108
1820
1564
1372
1244
1116
988
844
924
1116
1308
1436
1500
1500
1436
1308
1180
1116
924
620
460
372
308
308
244
48
0
-32
-8
32
48
-16
-64
-16
-40
0
0
-80
-132
-132
-64
-24
16
-24
-56
-8
0
72
88
-16
-132
-164
-244
-228
-164
-164
-228
-244
-164
-104
-112
-228
-428
-684
-780
-780
-876
-924
-876
-748
-556
-428
-372
-396
-556
-780
-988
-1180
-1436
-1692
-1820
-1884
-1980
-2108
-2236
-2364
-2492
-2364
-2236
-2108
-1980
-1884
-1692
-1564
-1180
-780
-556
-492
-460
-356
-372
-492
-524
-588
-620
-620
-460
-164
48
292
524
684
748
716
716
684
588
652
844
1052
1308
1500
1692
1756
1884
1980
1756
1564
1308
1116
988
844
924
1052
1116
1308
1500
1564
1436
1244
988
780
460
196
8
-64
-72
16
164
260
308
324
396
492
396
212
132
148
164
212
292
396
428
396
524
588
428
196
0
-164
-228
-308
-340
-356
-428
-292
16
292
396
356
324
356
340
244
-32
-340
-620
-684
-556
-372
-292
-308
-196
-64
72
32
-164
-396
-492
-460
-372
-324
-260
-196
-88
80
148
96
-120
-372
-588
-748
-924
-1116
-1244
-1436
-1436
-1244
-1052
-924
-924
-988
-924
-1052
-1180
-1308
-1500
-1692
-1756
-1564
-1308
-988
-716
-428
-180
-56
0
-88
-228
-228
-56
180
396
588
748
844
876
924
876
780
620
556
652
780
988
1180
1372
1564
1692
1692
1564
1372
1180
988
988
988
924
844
780
780
748
716
588
356
112
-96
-180
-164
-148
-120
-32
112
196
212
196
164
112
56
0
0
-24
-180
-356
-428
-492
-556
-652
-684
-780
-780
-652
-492
-372
-308
-228
-16
112
132
80
72
64
56
104
164
228
244
292
428
492
460
340
164
48
48
104
228
324
396
340
244
164
-24
-276
-524
-748
-876
-876
-876
-780
-620
-556
-460
-372
-308
-276
-244
-228
-260
-260
-244
-196
-164
-260
-460
-748
-1052
-1372
-1692
-1980
-2108
-1980
-1756
-1564
-1116
-716
-324
-8
112
228
244
164
148
164
164
196
324
620
844
988
1052
988
876
652
492
372
308
396
588
876
1116
1308
1308
1244
1180
1052
924
876
844
812
876
1052
1052
988
780
524
356
244
212
276
324
356
492
684
812
748
524
164
-164
-396
-428
-492
-556
-588
-492
-276
0
180
196
88
0
-64
-148
-228
-308
-372
-356
-212
-48
16
-48
-196
-292
-396
-428
-460
-524
-492
-372
-148
164
356
372
244
-32
-260
-460
-620
-780
-924
-812
-588
-324
-148
-48
-132
-212
-340
-588
-844
-1116
-1244
-1244
-1052
-748
-428
-112
72
196
244
148
-56
-324
-556
-748
-748
-748
-780
-844
-924
-924
-988
-988
-1052
-1116
-1116
-1052
-844
-588
-308
-8
340
588
716
876
844
716
524
356
228
244
292
460
684
812
876
988
988
844
780
716
684
748
876
1052
1180
1308
1436
1500
1436
1372
1308
1116
1052
924
876
780
716
716
812
780
588
460
356
196
24
-104
-180
-244
-260
-212
-180
-180
-244
-244
-164
-120
-72
-64
-8
56
132
196
148
32
-96
-260
-460
-716
-924
-1052
-1052
-988
-812
-524
-292
-148
-80
-56
-80
-164
-212
-180
-164
-56
120
276
292
132
24
-132
-428
-716
-988
-1116
-1180
-1052
-780
-556
-356
-132
64
180
148
-40
-324
-620
-876
-988
-988
-988
-924
-812
-588
-460
-396
-428
-620
-876
-1052
-1052
-988
-876
-620
-396
-212
-16
88
112
48
-8
-56
-96
-96
-56
0
88
276
428
492
492
524
492
428
460
524
684
844
1116
1436
1564
1564
1564
1436
1244
1116
876
716
556
492
556
620
556
428
428
396
396
460
620
716
812
1052
1180
1116
988
780
524
276
88
-64
-276
-460
-524
-492
-428
-372
-340
-340
-324
-276
-260
-324
-324
-276
-196
-72
72
104
0
-148
-260
-396
-492
-492
-492
-340
-180
24
260
372
324
212
0
-244
-428
-588
-684
-748
-780
-652
-492
-340
-228
-228
-372
-524
-620
-748
-812
-844
-780
-620
-356
-164
-88
-132
-324
-524
-716
-988
-1180
-1244
-1244
-1052
-748
-396
-120
56
120
32
-132
-324
-588
-844
-924
-924
-684
-460
-228
24
228
356
396
356
212
96
16
16
180
396
588
812
1052
1244
1308
1180
876
652
428
308
260
260
292
428
652
924
1052
1052
924
812
716
652
716
812
844
924
1180
1372
1308
1116
876
652
460
292
196
132
88
148
276
372
492
556
524
340
112
-56
-244
-396
-460
-396
-244
-56
88
164
196
112
16
-164
-460
-716
-924
-988
-924
-924
-876
-876
-924
-812
-684
-588
-556
-524
-460
-372
-244
-164
-96
-72
-180
-292
-308
-396
-556
-684
-812
-924
-924
-876
-844
-780
-684
-588
-492
-428
-356
-244
-196
-164
-180
-212
-212
-244
-276
-308
-396
-428
-396
-308
-132
16
120
276
396
428
356
244
32
-276
-460
-492
-492
-428
-292
-148
24
164
340
460
428
396
428
492
620
780
876
876
924
988
988
844
588
276
24
-120
-180
-164
-24
212
492
780
1052
1180
1180
1116
988
924
748
652
460
372
276
228
212
164
104
56
-8
-80
-132
-132
-16
80
260
428
556
620
652
588
428
196
-96
-260
-308
-340
-356
-292
-196
-212
-340
-460
-620
-812
-924
-924
-876
-748
-620
-460
-308
-196
-196
-308
-428
-460
-492
-492
-492
-492
-492
-396
-244
-164
-196
-308
-428
-588
-716
-684
-652
-524
-372
-180
24
96
48
8
-16
-148
-228
-212
-132
-104
-64
48
120
148
164
104
-24
-180
-276
-324
-276
-228
-112
16
120
276
356
356
276
180
48
-80
-164
-164
-104
40
212
292
340
356
340
340
356
372
356
396
524
684
748
780
780
748
652
588
524
492
428
356
492
684
780
844
876
844
748
620
492
324
88
-88
-148
-164
-180
-212
-180
-132
-32
24
0
-32
-48
0
120
196
196
196
112
-8
-96
-244
-428
-652
-844
-988
-1052
-988
-924
-812
-716
-620
-588
-428
-356
-428
-492
-492
-428
-372
-292
-324
-340
-396
-396
-396
-428
-492
-556
-492
-396
-276
-196
-164
-112
-80
-40
-16
-24
0
48
40
132
244
228
148
56
-8
-56
-64
-16
0
-80
-112
-64
32
40
0
-8
-16
-88
-104
-96
-148
-228
-196
0
212
396
524
588
524
396
292
180
16
-180
-244
-228
-120
16
148
228
244
324
396
492
556
524
460
460
524
620
652
652
652
652
652
620
524
396
324
356
428
492
556
524
556
556
556
524
460
324
180
112
8
-88
-180
-212
-260
-212
-196
-228
-244
-308
-340
-372
-396
-324
-276
-212
-132
-88
-32
-72
-212
-292
-428
-620
-716
-780
-780
-748
-652
-524
-460
-308
-148
-40
88
80
0
-96
-164
-292
-428
-556
-652
-716
-716
-620
-460
-308
-228
-148
-64
40
88
164
212
244
196
212
276
260
212
80
-8
-164
-228
-196
-196
-212
-180
-120
-32
132
212
212
164
120
88
48
-72
-196
-308
-324
-276
-148
-8
88
96
196
308
428
524
460
308
180
132
56
-40
-132
-196
-180
-104
-32
96
212
292
340
460
524
492
396
292
228
244
260
244
212
244
292
308
324
292
260
180
148
132
132
132
164
196
324
460
556
588
588
524
428
292
48
-148
-292
-460
-588
-620
-620
-524
-460
-308
-112
8
72
180
260
244
164
32
-132
-260
-340
-396
-428
-460
-428
-324
-292
-260
-196
-212
-260
-308
-340
-324
-276
-244
-276
-212
-112
-64
0
-16
-88
-196
-260
-276
-260
-244
-212
-104
0
80
120
164
148
40
-56
-120
-196
-260
-260
-212
-120
-48
-16
8
8
0
0
-8
0
-24
-32
-24
-16
-16
-104
-180
-228
-244
-212
-180
-148
-40
88
228
340
460
524
556
524
492
372
276
196
148
180
196
260
340
396
372
340
260
180
104
40
56
56
88
148
228
308
356
308
244
120
-8
-104
-164
-164
-132
-24
80
196
244
324
396
356
340
228
120
0
-148
-324
-460
-524
-556
-492
-396
-308
-260
-164
-56
48
132
148
212
228
228
196
64
-48
-148
-228
-292
-308
-308
-276
-228
-196
-104
-40
0
72
96
104
104
148
164
148
88
-40
-148
-212
-276
-324
-308
-276
-308
-276
-196
-148
-196
-244
-244
-244
-260
-244
-180
-112
-48
64
196
260
228
212
196
196
148
32
-56
-180
-260
-260
-180
-112
-164
-212
-260
-292
-292
-340
-356
-372
-324
-228
-80
120
276
428
556
716
844
844
684
492
308
96
-72
-212
-372
-524
-588
-524
-428
-308
-112
40
180
340
460
460
396
340
292
244
244
228
212
212
196
164
104
72
112
148
112
96
80
64
32
56
132
148
164
180
260
292
212
132
24
-88
-164
-196
-164
-164
-164
-112
8
132
164
164
132
56
16
8
-32
-132
-244
-276
-196
-72
0
48
72
72
132
132
96
0
-48
-32
-40
-8
24
8
-16
16
56
32
-32
-96
-148
-164
-212
-212
-180
-228
-292
-308
-292
-292
-324
-324
-324
-244
-164
-64
80
148
180
276
292
340
340
244
104
-80
-212
-324
-428
-460
-492
-556
-556
-556
-524
-460
-460
-396
-276
-196
-80
64
212
308
396
460
460
324
148
0
-180
-340
-428
-428
-460
-356
-196
-24
164
308
428
524
556
524
492
428
396
356
292
260
244
244
196
132
120
80
48
48
88
148
164
164
228
324
396
428
460
460
396
356
276
88
-120
-396
-556
-620
-684
-588
-492
-356
-148
24
180
308
324
244
112
-24
-132
-212
-244
-244
-212
-120
-8
96
164
196
148
120
56
-32
-48
-56
-40
-8
56
104
148
164
148
112
64
24
-8
-64
-80
-64
-48
-40
-32
-40
-104
-180
-212
-244
-228
-180
-112
-8
104
164
228
292
260
180
120
32
-96
-196
-276
-356
-356
-292
-244
-276
-292
-308
-324
-396
-492
-524
-556
-492
-324
-96
40
180
292
340
324
196
72
-32
-148
-164
-132
-64
24
148
228
324
396
460
492
524
460
396
324
212
212
164
88
0
-72
-88
-64
-80
-88
-64
-48
8
104
244
340
396
428
372
340
260
164
64
24
-40
-164
-308
-372
-428
-588
-716
-780
-812
-780
-652
-428
-228
-64
148
324
428
396
292
132
-16
-212
-396
-492
-556
-524
-428
-260
-112
24
88
132
120
64
16
0
48
80
148
228
356
428
396
396
308
244
180
132
132
132
132
180
196
180
148
120
80
80
88
112
120
148
196
276
396
460
428
372
324
244
132
40
-56
-164
-244
-228
-196
-148
-180
-308
-372
-396
-428
-428
-340
-228
-56
120
308
460
524
556
556
492
276
104
-16
-80
-88
-32
48
104
164
244
276
228
180
148
88
64
16
0
-56
-112
-132
-112
-80
-48
-40
-80
-148
-244
-292
-324
-396
-396
-372
-340
-308
-308
-292
-276
-276
-228
-180
-148
-120
-112
-180
-260
-396
-556
-620
-684
-684
-652
-556
-460
-340
-196
-88
-16
8
-24
-48
-32
-48
-96
-88
-72
-48
16
96
164
180
164
104
32
-104
-228
-308
-340
-340
-260
-104
64
260
460
556
588
556
492
460
460
396
372
428
396
340
340
276
164
96
16
-32
-32
-40
-24
24
164
324
396
492
588
556
492
396
292
180
88
72
88
96
72
48
16
-40
-104
-164
-148
-72
16
132
308
460
524
556
556
460
244
88
-120
-276
-356
-372
-292
-164
-24
148
292
340
340
276
148
8
-80
-132
-196
-244
-260
-212
-212
-212
-244
-260
-292
-340
-276
-180
-96
16
120
244
292
228
164
96
-32
-180
-308
-356
-428
-492
-524
-556
-620
-652
-684
-620
-588
-460
-324
-180
-48
64
164
212
212
120
0
-164
-340
-492
-620
-620
-556
-460
-308
-164
-48
16
56
32
-40
-132
-164
-148
-112
-88
0
120
244
356
428
428
340
244
132
56
0
-16
-40
-24
0
8
16
32
32
0
0
24
88
180
276
372
428
524
556
588
556
460
356
212
104
-8
-80
-120
-148
-104
-112
-120
-104
-80
-56
-24
16
80
180
276
396
460
588
588
556
460
356
212
64
-80
-196
-260
-324
-308
-292
-228
-112
-16
16
72
72
56
88
88
96
96
72
72
104
96
72
64
40
48
40
8
-56
-148
-180
-228
-228
-244
-244
-180
-148
-80
-16
16
0
-72
-104
-180
-292
-340
-372
-396
-340
-292
-180
-56
24
88
148
132
64
0
-56
-148
-228
-260
-276
-212
-96
8
120
228
276
292
324
260
112
8
-88
-180
-164
-96
-48
0
32
88
104
132
132
132
132
112
164
164
164
132
56
-32
-88
-132
-132
-132
-164
-180
-132
-104
-72
-8
8
16
24
48
40
24
-8
-72
-80
-96
-48
-48
-72
-56
-96
-132
-132
-112
-72
-16
8
56
120
164
180
180
180
88
-24
-132
-228
-260
-260
-212
-132
-48
8
132
260
292
260
212
196
180
148
132
80
48
64
104
148
132
80
0
-32
-72
-104
-112
-64
-24
24
132
244
244
196
132
72
32
0
-64
-132
-180
-228
-196
-120
-96
-96
-112
-104
-96
-96
-88
-96
-104
-40
8
64
72
0
-48
-48
-56
-88
-72
-32
0
16
72
88
24
-40
-72
-120
-196
-244
-244
-228
-148
-40
104
212
228
260
260
244
180
104
48
0
-48
-16
8
8
0
-40
-24
-16
-24
8
48
72
88
164
212
260
260
244
260
228
228
212
132
16
-112
-228
-292
-340
-340
-356
-308
-212
-148
-48
-16
16
104
148
180
164
148
132
132
104
64
0
-132
-212
-276
-324
-372
-428
-460
-428
-324
-164
-48
72
212
276
340
396
428
372
276
164
64
-8
-104
-180
-260
-292
-276
-196
-96
-32
8
64
56
16
8
40
40
48
96
148
196
180
180
164
96
16
-96
-148
-180
-212
-196
-180
-148
-80
0
56
56
40
8
-40
-64
-88
-80
-56
-16
48
132
164
148
120
88
48
16
-40
-104
-132
-148
-88
16
112
132
180
180
196
196
164
112
40
24
24
40
80
120
120
112
96
80
8
-32
-40
-56
0
32
104
132
132
120
88
88
40
-56
-148
-196
-228
-228
-196
-164
-148
-96
-24
16
96
148
132
148
132
132
132
104
40
-48
-112
-148
-212
-260
-276
-292
-308
-244
-180
-104
8
148
276
396
460
460
428
396
292
164
40
-112
-228
-308
-356
-340
-308
-260
-212
-120
-56
-16
-24
-64
-112
-148
-120
-112
-64
-56
-80
-72
-48
-56
-96
-164
-228
-276
-324
-340
-340
-340
-292
-212
-148
-80
-32
-32
0
8
0
-16
-88
-120
-148
-112
-104
-120
-120
-56
-16
32
104
148
196
244
276
308
324
292
244
212
196
196
244
292
324
396
428
428
396
372
324
276
292
260
228
228
196
196
228
276
292
276
228
164
72
8
-72
-132
-180
-180
-132
-32
24
72
132
148
120
32
-56
-148
-260
-292
-292
-292
-260
-180
-104
-32
-32
-24
-40
-96
-164
-212
-244
-308
-340
-308
-212
-120
-80
-8
16
16
24
32
0
-48
-104
-120
-72
-16
-8
0
-24
-48
-8
-8
0
0
-8
-24
0
48
56
48
56
32
0
-56
-120
-164
-196
-196
-164
-104
-104
-148
-180
-196
-212
-212
-228
-260
-228
-164
-56
32
104
132
112
112
88
32
-48
-104
-148
-148
-120
-72
-40
0
48
72
32
-40
-104
-132
-88
-8
32
56
88
148
244
308
324
308
260
276
324
324
324
292
276
260
260
244
196
88
0
-40
-32
0
32
104
164
260
372
428
460
372
244
148
48
-24
-96
-132
-148
-132
-80
-48
-40
-56
-64
-104
-132
-132
-148
-148
-148
-112
-48
0
16
-40
-88
-104
-132
-196
-244
-292
-324
-292
-228
-196
-112
-40
-24
48
80
56
88
132
132
120
120
96
64
48
24
8
-8
-40
-40
-24
8
48
88
112
132
96
56
40
-8
-72
-64
-56
-64
-40
-16
16
24
0
-8
-32
-112
-212
-260
-292
-260
-228
-164
-72
32
80
120
120
72
24
-32
-80
-120
-120
-148
-132
-96
-24
16
8
0
-48
-104
-148
-180
-180
-196
-164
-112
-64
0
56
112
112
104
96
80
56
8
-8
-40
-88
-104
-132
-132
-132
-132
-96
-56
16
80
148
212
196
164
120
96
56
40
32
0
-8
48
96
96
72
56
40
8
24
24
0
24
64
132
196
228
212
196
148
96
24
-8
-56
-96
-56
16
132
196
228
228
196
132
56
0
-72
-132
-120
-48
40
112
132
164
180
132
104
72
48
8
0
32
104
120
180
212
180
148
48
-64
-196
-292
-340
-324
-276
-212
-120
-16
48
48
40
32
-24
-88
-120
-104
-80
-64
-40
-16
0
32
56
32
0
-40
-88
-112
-112
-120
-88
-16
48
132
196
196
164
112
56
-16
-112
-164
-228
-260
-212
-148
-104
-64
-72
-80
-24
0
-56
-112
-132
-132
-72
0
32
56
56
40
16
0
-48
-104
-164
-212
-212
-196
-212
-228
-164
-112
-72
-32
0
0
0
24
56
80
72
64
88
80
132
120
64
72
80
96
104
104
88
32
0
16
32
48
56
24
48
64
80
48
0
-32
-64
-64
-32
-24
-40
-40
-16
8
32
72
80
88
120
148
180
148
64
40
0
-40
-48
-64
-64
-56
-64
-40
0
8
0
8
56
96
132
164
180
148
164
132
64
32
-16
-56
-80
-80
-64
-64
-48
-24
0
40
80
104
120
132
120
80
88
112
132
132
120
72
-8
-72
-104
-148
-180
-212
-212
-196
-180
-104
-48
-32
8
56
64
80
120
112
72
72
96
112
132
148
132
96
72
40
8
-40
-104
-120
-120
-88
-8
24
48
88
80
40
0
-32
-88
-96
-96
-64
0
56
96
64
16
-24
-80
-104
-132
-196
-196
-228
-244
-244
-212
-212
-212
-196
-212
-212
-180
-180
-148
-132
-132
-112
-120
-132
-120
-112
-112
-104
-80
-56
-56
-64
-24
40
64
72
80
16
-24
-96
-132
-132
-88
-56
-8
40
64
96
132
112
104
112
104
72
72
96
104
104
120
112
64
32
8
-48
-56
-64
-32
40
120
212
292
292
324
340
324
324
292
180
88
48
24
16
32
80
112
148
148
148
96
24
-24
-32
-16
0
24
32
80
148
212
260
276
260
212
132
80
0
-56
-56
-48
-16
16
72
96
72
64
80
24
-16
-40
-88
-64
-32
-16
32
48
32
56
64
48
8
-32
-88
-148
-196
-212
-180
-164
-164
-120
-132
-164
-212
-292
-324
-372
-396
-372
-340
-308
-212
-96
0
88
112
88
24
-24
-80
-132
-196
-228
-244
-212
-164
-120
-64
-88
-148
-148
-164
-196
-212
-212
-196
-104
-16
80
164
180
212
228
196
88
-8
