SAMPLES:	9494
BITSPERSAMPLE:	16
CHANNELS:	1
SAMPLERATE:	16000
NORMALIZED:	FALSE
8
8
8
0
8
8
8
8
0
16
0
0
8
0
8
8
0
16
16
8
8
8
16
0
8
8
0
16
0
0
0
0
8
0
8
0
0
8
0
0
0
0
0
0
8
8
0
8
8
0
0
0
-8
0
0
0
8
0
0
0
8
0
0
16
0
8
8
0
8
8
-8
0
0
0
0
0
16
-8
0
0
0
8
0
0
8
0
0
-16
0
8
-16
0
-8
-8
0
-8
0
0
0
-8
-16
-8
-16
-16
-16
-24
-16
-16
-24
-8
-24
-16
0
-24
0
-16
-24
0
-16
-16
0
-8
-8
-24
-8
-16
-16
-16
-16
0
-8
-16
-8
0
-16
-8
-8
-8
8
-8
-8
0
0
0
0
0
0
0
0
0
0
0
8
0
8
8
0
0
8
8
0
16
8
8
16
16
0
24
8
8
24
16
16
16
32
0
24
24
24
24
32
16
24
40
16
16
16
24
0
8
16
0
16
8
16
8
8
16
0
8
16
0
8
0
0
0
-8
0
-8
-8
-8
-8
0
-8
0
-8
-8
0
-24
0
0
-16
0
-8
-8
-8
0
-8
-8
0
-8
0
-8
0
0
0
0
-8
0
0
0
-8
0
-8
0
0
-16
0
0
0
-8
8
-8
0
0
-8
0
-8
0
-8
-8
0
-16
0
0
-24
0
0
-8
0
-16
0
-16
0
0
-32
8
-8
-16
-8
0
-16
0
0
-8
-8
-8
-8
-16
0
-16
0
0
-8
-8
-16
0
-16
-8
0
-8
0
0
0
0
-8
0
-8
8
0
-8
8
-8
8
0
0
16
0
8
0
0
0
0
0
0
0
8
0
8
8
0
16
0
8
8
0
8
0
0
8
8
8
0
8
8
0
16
0
-8
16
0
8
8
0
8
0
8
0
16
8
8
8
0
24
0
-8
24
0
16
8
16
24
16
16
0
8
8
0
0
24
16
8
16
16
16
24
0
16
8
0
24
0
0
16
0
0
0
0
0
0
0
-8
-8
8
-8
0
-8
0
-8
-8
-8
-24
0
-16
-24
0
-16
-32
-16
-8
-16
-16
0
-16
-24
-8
-40
-16
-8
-48
-16
0
-16
-40
0
-8
-48
-8
-16
-16
-24
-8
-16
-24
0
-24
-24
-8
0
-32
-16
8
-16
-24
0
0
-24
0
-8
-16
0
0
-8
-8
16
0
0
8
16
0
8
32
0
24
16
8
24
0
16
8
8
24
8
24
24
16
32
8
16
32
32
16
16
32
8
0
32
8
8
40
8
24
32
24
8
8
24
0
8
16
16
0
16
16
8
8
8
0
0
8
-16
0
24
0
0
0
0
0
-8
0
8
0
-8
16
0
-8
-8
0
0
-16
0
0
0
0
-24
-24
-8
-16
-48
-8
0
-24
-16
-16
-24
-24
-16
-24
-16
-16
-24
-32
-24
-8
-40
-32
-8
-40
-16
-8
-40
0
-16
-24
0
0
-16
-32
16
-8
-8
0
0
-8
8
0
-32
16
16
-16
8
24
0
0
8
0
8
8
8
16
24
24
0
24
24
16
16
16
24
8
24
24
8
8
16
8
0
24
8
16
32
0
8
16
8
0
0
16
0
-8
8
0
0
8
0
0
0
0
0
8
0
0
16
0
0
0
8
0
-8
8
0
0
0
-8
-16
0
-8
-8
0
8
-24
-16
16
0
0
-8
0
0
-8
0
0
-32
0
0
-40
0
0
-8
0
-8
-8
-24
0
-8
-24
0
0
-8
-8
0
-8
-16
0
0
0
8
-8
0
8
0
0
24
0
8
16
0
16
8
0
0
32
0
-8
40
8
-8
24
16
-8
8
32
0
-16
48
0
-8
32
16
8
16
8
0
8
16
8
-24
8
24
-8
-8
8
16
0
-8
16
8
-16
-16
0
0
-16
0
-8
-8
-8
-8
-16
-8
8
-40
-8
8
-32
-24
-8
16
-24
-32
0
0
-8
-40
-8
0
-48
-24
-8
-32
-16
-8
-40
-8
8
-40
-32
24
-24
-48
-8
-16
-40
-8
-8
-40
-8
16
-40
-40
48
-16
-48
16
0
-48
8
24
-56
16
40
-48
24
40
-16
-8
48
0
-24
56
32
0
56
16
16
40
32
24
0
80
16
-8
64
32
8
56
8
24
80
-8
40
24
48
40
-16
72
32
24
16
16
56
32
0
16
32
0
40
0
0
72
0
-16
32
48
-8
0
8
8
24
-24
-16
16
32
-24
-16
40
0
-24
0
-8
-16
0
0
-56
16
8
-88
16
16
-56
-8
16
-64
-8
-24
-72
16
-40
-72
-8
-16
-64
-24
-16
-40
-16
-32
-64
-8
-16
-72
-32
0
-24
-56
0
0
-56
0
-32
-64
0
-16
-48
-16
0
-56
-16
-8
-32
0
0
-16
-8
16
-16
0
-16
0
24
0
24
-8
32
24
-8
16
24
16
32
32
-16
56
24
-8
56
8
16
24
40
-8
40
48
-24
72
16
-8
48
32
0
40
32
0
0
16
8
0
32
-8
0
24
0
8
-8
8
-16
16
0
-24
16
0
-24
0
24
-32
0
24
-32
-8
24
-32
0
16
-16
32
0
16
0
0
8
-8
40
-8
0
32
-32
8
24
0
0
24
16
-8
0
24
8
0
40
8
0
32
8
-24
24
40
-40
0
32
-32
24
0
-8
56
-8
0
0
24
0
-16
8
-32
32
-16
-24
-8
8
-32
-16
0
-16
-16
0
0
-56
24
-8
-72
24
-24
-64
8
-8
-24
-24
-24
-8
-40
-32
-32
-8
-24
-32
-16
-24
-8
-40
-16
8
-64
-24
8
-56
0
0
-96
64
24
-96
56
-8
-48
8
-16
-56
16
-8
-48
24
-16
-40
0
0
-48
48
-40
-40
56
-32
-24
0
16
0
-16
0
8
-8
0
8
-48
56
24
-32
40
72
-24
16
80
-48
56
56
-48
24
80
0
-48
96
32
-48
72
64
-40
32
120
-64
32
112
-56
0
148
0
-88
132
32
-64
64
40
0
16
72
8
0
56
56
-48
72
48
-24
104
-8
-8
56
8
0
-16
24
8
8
16
-8
32
0
0
8
0
8
0
-32
24
32
-48
8
16
-24
0
24
-64
0
0
-40
32
-48
0
0
-32
8
-32
-56
8
-8
-56
-24
-8
-16
-40
-16
-64
32
-8
-112
64
-64
-24
40
-132
32
8
-72
-16
0
-24
0
-32
-16
0
-8
8
-72
-16
32
-24
-88
16
48
-16
-32
-16
40
-16
-56
0
56
-64
48
16
-72
72
-8
-56
16
56
-24
-40
80
8
-64
32
48
-48
-32
112
-48
-56
40
0
-8
-16
32
16
24
-8
0
32
8
0
-32
48
8
-24
24
-80
88
24
-132
80
56
-56
0
104
-32
-40
40
-8
0
-8
0
16
-8
-8
64
-72
40
64
-148
80
64
-40
-40
16
80
-72
-8
56
-32
-24
32
-8
-24
32
0
-32
-16
48
16
-56
80
0
-32
96
-72
0
72
-24
-16
64
-8
16
40
-32
48
72
0
-24
72
48
-56
32
88
-48
0
132
-32
-40
132
0
-104
104
40
-56
0
88
-32
-16
104
-24
-24
48
24
-56
0
8
-24
-8
0
-64
8
0
-64
32
-24
-48
56
-72
0
0
-64
24
-80
0
0
-48
8
-64
-8
8
-132
0
32
-120
-8
24
-32
-64
0
-8
-104
16
16
-72
32
-40
0
-24
-24
8
-48
40
-32
24
-8
-8
0
-8
-16
0
64
-48
0
56
8
-48
0
16
-24
0
32
-40
40
56
-72
8
16
-8
-40
-8
48
-24
-8
56
24
0
-64
48
88
-104
0
132
-16
-48
32
80
-16
-32
104
-8
48
48
-8
48
48
32
-56
40
112
-16
-16
104
8
32
16
0
40
0
32
40
48
-16
64
48
-32
-16
72
16
-48
72
8
-16
0
40
-64
-40
88
-72
-32
56
-8
-16
8
-32
-24
-16
0
-72
-56
8
-8
-56
-56
16
-16
0
-64
-40
72
8
-112
-64
24
-32
-80
-40
40
8
-40
-16
-16
16
-32
-64
16
32
-64
-48
88
-24
-16
-8
-24
48
-32
-96
8
64
-104
8
-56
88
24
-112
72
-24
16
-16
-64
48
48
-80
-24
56
0
-48
16
32
-8
32
8
0
-8
40
16
-56
0
32
-40
48
56
-56
8
80
8
-80
40
48
-8
-8
64
88
-48
0
80
16
0
16
0
72
72
-32
-8
72
56
0
-8
56
132
-24
-40
64
32
16
-24
24
48
-8
8
56
0
-8
64
-40
-8
80
8
-40
48
0
-8
56
-72
64
0
-32
16
-8
0
-32
-16
-24
24
-64
0
-24
-80
-16
32
-24
-64
48
-24
-80
-56
-32
-48
-32
-16
-48
-56
56
0
-164
16
8
-120
16
56
-72
-64
8
-48
-120
-8
-24
-64
0
-32
-48
-40
0
-32
-48
-24
32
-24
-80
-16
8
0
-64
0
32
-16
-56
0
16
-24
-32
-40
16
24
-32
0
56
0
8
24
-8
24
0
0
40
16
32
16
56
56
40
40
32
56
0
72
72
48
56
40
32
32
0
56
56
56
56
40
48
8
24
56
40
56
88
16
8
72
56
-24
32
72
0
0
56
32
8
48
40
0
8
32
-8
-24
40
48
-24
-8
24
24
-48
-24
24
0
0
-32
0
8
-24
-40
-40
8
8
-16
0
16
-8
-48
-64
-32
-48
-88
-16
8
-16
-8
-8
-40
-24
-48
-56
-16
-32
-72
-64
-24
-48
-40
-24
8
-56
-24
8
-96
-64
16
-16
-80
24
32
-64
-48
0
-32
-48
0
-24
-48
8
-48
-104
0
-8
-48
-16
32
0
-48
-32
-16
-24
-32
0
-24
-48
-16
-32
-32
8
16
0
0
0
-24
0
0
-32
0
72
16
0
40
0
-8
16
40
0
32
56
16
32
64
40
32
64
72
40
56
40
32
40
40
64
40
56
40
40
64
40
48
56
48
40
48
48
48
24
32
32
32
48
40
24
16
16
8
8
0
8
0
0
8
-8
0
-8
-8
-24
-32
-16
-40
-56
-32
-32
-24
-8
0
-8
-32
-24
-32
-32
-32
-48
-40
-24
-24
0
-16
-8
0
-8
-16
-24
-16
-16
-8
0
0
-16
-24
-32
-8
-8
-8
8
0
0
0
-32
-16
-16
-24
0
8
32
16
-8
0
0
-8
0
16
16
16
0
24
8
-8
0
0
24
16
40
32
8
0
0
-8
0
16
0
8
16
8
0
-8
-16
-24
-24
-32
-16
-16
-16
-16
-8
8
0
0
16
16
0
0
0
-8
-24
-24
-24
-16
-8
-8
8
0
-24
-8
0
-32
-56
-16
0
-32
-8
0
-24
-32
-56
-48
-16
-24
-32
-8
-8
-40
-32
-48
-56
-56
-32
-16
-16
-24
-32
-56
-88
-64
-40
-16
-24
0
0
-32
-8
-24
-16
0
16
40
48
72
72
64
64
64
104
104
88
88
104
120
104
120
120
120
104
148
164
148
148
96
56
40
8
0
24
32
32
40
32
8
-16
-24
-48
-56
-40
-48
-40
-24
-32
-40
-24
-24
-24
8
24
56
40
48
32
8
0
24
40
48
56
48
48
24
8
0
16
16
0
48
88
56
40
48
32
0
0
8
32
32
24
48
24
8
-16
-40
-32
0
-24
-56
-32
-80
-120
-148
-164
-164
-212
-228
-196
-196
-228
-244
-228
-228
-244
-228
-180
-212
-212
-212
-212
-164
-148
-148
-112
-88
-132
-148
-132
-132
-120
-96
-40
8
8
8
40
32
-8
0
16
16
0
-8
40
24
0
40
48
48
32
16
16
-8
0
56
88
132
180
196
180
164
132
96
104
148
148
164
196
196
164
164
164
148
180
228
292
292
228
212
196
180
164
212
308
308
276
244
228
244
292
428
556
684
748
812
844
844
844
748
652
556
588
588
492
356
260
64
-212
-428
-620
-844
-924
-1052
-1116
-1180
-1308
-1436
-1564
-1628
-1628
-1564
-1500
-1372
-1372
-1372
-1308
-1244
-1180
-1052
-844
-620
-460
-372
-428
-396
-372
-428
-460
-396
-324
-292
-244
-212
-228
-276
-276
-148
24
180
260
428
524
492
524
556
620
652
716
876
924
876
924
876
844
812
812
780
780
780
652
588
556
492
460
492
620
716
748
684
620
556
396
356
356
260
180
64
-96
-40
164
524
1180
1980
2620
2876
3132
3900
4860
4604
3516
2364
1628
1756
1980
1980
1980
1628
844
-620
-2236
-3516
-4092
-4604
-4604
-4348
-4348
-4348
-4860
-4860
-5116
-5116
-4860
-4348
-3900
-3388
-2748
-2364
-1980
-1884
-1500
-652
460
1116
1244
924
460
-48
-652
-1372
-2108
-2620
-2364
-1564
-876
-588
460
1244
620
-556
-1116
-460
-324
-180
924
2236
2748
2236
1628
1052
716
276
428
1564
2492
2108
812
120
-120
-652
-1052
-460
372
260
40
0
-356
-1564
-2492
-1980
-524
812
1436
1756
1500
812
-56
-228
164
164
80
492
1436
1500
652
-32
-196
-88
340
1436
2236
2236
1564
1116
924
588
308
492
1372
2620
4092
5628
6396
6396
6652
6908
5884
3900
2108
1884
2492
3516
3644
3260
2492
924
-1308
-3388
-4348
-4348
-4348
-4604
-4348
-4348
-4604
-4860
-4860
-5116
-5372
-5372
-4604
-4092
-4092
-4092
-3900
-3516
-3004
-2364
-1052
340
988
716
112
-428
-1052
-1980
-2620
-2876
-2748
-2108
-924
-372
-844
-1692
-2108
-1980
-1500
88
2364
3516
2876
1372
716
-24
-988
-1052
120
1564
2108
1980
1372
372
-1244
-2620
-2364
-588
924
988
844
876
556
-228
-324
396
492
396
924
1500
1052
-460
-1500
-1308
8
1244
2108
2364
1820
652
-340
-428
-196
-148
148
1244
2364
2492
1980
1628
1244
988
1500
2620
3388
3004
2364
1756
1372
1372
1756
2492
3772
5116
6396
7164
7932
7420
4860
1756
356
1116
2364
3260
3516
3260
2492
356
-2236
-4604
-5628
-5884
-5628
-4604
-4092
-4348
-4860
-5116
-5372
-5628
-5884
-5372
-4860
-4348
-4092
-3644
-3388
-3004
-2364
-1372
-112
924
1180
684
-260
-1180
-2236
-2876
-3132
-3260
-3132
-2620
-1980
-2108
-2876
-3644
-3644
-3260
-2620
-1436
-276
1980
4604
4604
2620
276
-56
-40
-308
1116
3388
4860
3900
2108
276
-988
-1820
-2108
-308
2364
3516
2364
1436
1052
-56
-1372
-812
1180
1692
1436
1372
1052
-460
-2364
-2620
-844
1372
2236
2108
1628
716
-620
-1436
-780
148
492
1052
2108
2364
1180
-48
-228
620
1820
3132
3772
3388
2236
1244
324
-212
-32
556
1884
3772
5884
7420
8316
7676
5628
2492
-104
180
1980
3388
3900
4348
4348
2876
-340
-3388
-5116
-5628
-5372
-4604
-3644
-3388
-4092
-4604
-4604
-4860
-5372
-5628
-4860
-4092
-3772
-3644
-3132
-2492
-2108
-1500
-308
844
924
56
-1116
-1820
-2364
-2748
-3004
-3132
-3260
-3004
-2364
-2364
-3260
-4092
-4348
-3516
-2236
-180
2236
3132
1820
212
228
780
684
1052
2492
3900
3772
2876
2108
1372
120
-1372
-1500
0
1308
1244
716
652
684
-308
-1180
-780
-180
-212
-180
460
716
-196
-1180
-780
244
652
556
652
844
340
-524
-620
48
524
748
1308
1980
1564
492
24
492
1372
1980
2748
3516
3516
2748
1884
1308
748
396
292
780
1500
1980
2876
4348
6140
7932
8316
7420
4348
1372
244
1436
3260
4348
4348
4348
3516
1308
-1884
-4348
-5372
-5628
-5628
-4860
-3900
-3644
-4092
-4604
-5116
-5372
-5628
-5372
-4860
-4092
-3772
-3004
-2108
-1244
-988
-652
-72
276
-56
-780
-1116
-1244
-1692
-2492
-2876
-3260
-3260
-3004
-3004
-3644
-4348
-4604
-3644
-2364
-1116
460
1756
2364
2492
1756
924
372
924
2236
3132
3900
4092
3516
1756
-276
-1692
-2108
-1308
-196
748
924
492
-372
-1244
-1820
-1980
-1564
-1244
-396
308
308
-324
-1116
-1244
-716
228
1180
1884
1980
1564
780
428
748
1052
1244
1756
2364
2364
1820
1180
844
924
1564
2620
3644
3900
3132
2108
1308
1052
1116
1116
1052
1244
1500
1820
2620
4092
5884
7420
8316
6908
4092
1372
556
1308
2492
3388
3900
4092
2748
148
-2876
-4860
-5884
-6396
-6396
-5884
-4860
-4348
-4092
-4348
-4604
-5628
-5884
-5628
-4860
-4092
-3516
-2876
-1980
-1308
-780
-32
556
396
-196
-652
-588
-652
-1244
-2108
-2876
-3004
-2748
-2364
-2492
-3260
-4092
-4092
-3132
-1692
-524
340
2108
3644
3772
2876
2108
1980
1756
1884
2492
3772
4348
3260
1052
-924
-1980
-2364
-2108
-1052
180
180
-620
-1052
-1116
-1436
-2108
-1884
-876
196
492
308
-8
-620
-1052
-492
1052
2364
2364
1436
652
396
324
524
876
1308
1564
1756
1884
1564
780
-80
-180
844
2620
3772
3772
2876
1980
1500
1244
1436
1564
1436
1116
1308
2364
3900
5372
6908
8316
7932
5884
2748
620
492
1308
2364
3388
4092
3900
1692
-1436
-4092
-5372
-6140
-6396
-6140
-5372
-4860
-4092
-3516
-3516
-4604
-5628
-6140
-5372
-4348
-3516
-3004
-2364
-1564
-556
372
1052
1180
428
-492
-652
-276
-340
-1180
-2364
-2876
-2620
-2236
-2108
-2748
-4092
-4604
-4092
-2620
-988
-40
324
1500
2876
3388
2620
1820
1820
1692
1564
1980
3132
3644
2364
64
-1980
-2492
-2748
-2748
-2236
-1372
-1180
-1756
-1980
-1500
-1244
-1980
-2108
-1052
180
460
88
-112
-228
-228
356
1628
2620
2236
1052
292
492
1052
1180
1180
1372
1692
1756
1756
1628
1244
588
556
1628
3132
3900
3644
2876
2492
2364
2108
1820
1884
1692
1244
924
1116
1884
2492
3260
5116
7420
8828
7420
4348
1052
-180
308
1884
3132
3644
3644
2748
780
-1980
-4092
-5628
-6396
-6652
-6140
-4860
-3772
-3516
-3900
-4604
-5372
-5628
-5372
-4860
-4092
-3644
-3004
-2108
-1052
-244
164
356
524
428
148
-244
-812
-1500
-1980
-2236
-2108
-1884
-1820
-2492
-3644
-4348
-4092
-3132
-1820
-812
180
1980
3900
4348
2876
1052
524
716
924
1500
2620
3132
2108
164
-1436
-1980
-2108
-2620
-2492
-1244
-428
-844
-1500
-1180
-524
-684
-780
32
924
812
0
-372
-104
524
1116
1980
2748
2748
1884
556
212
556
684
524
748
1436
1884
1564
1052
652
276
56
588
1980
3388
3516
2748
2364
2364
2236
1820
1500
1564
1436
924
652
812
1308
2108
3388
5372
7420
7932
6396
3132
716
340
1180
2236
3004
3388
3516
2364
372
-1980
-3644
-4860
-5628
-5884
-5116
-4092
-3644
-3644
-4092
-4348
-4860
-5372
-5116
-4860
-4604
-4348
-3772
-2748
-1500
-588
8
492
876
780
132
-620
-1052
-1436
-1756
-1884
-1820
-1628
-1820
-2492
-3388
-4092
-3900
-3388
-2748
-2108
-1052
988
2236
1884
244
-684
-716
-924
-684
308
1692
1820
748
-524
-924
-396
-292
-620
-524
556
876
148
-260
308
844
428
244
620
1116
588
-356
-748
-212
588
1116
1756
2620
3004
2236
1308
1244
1628
1500
1244
1372
2108
2620
2620
2108
1756
1692
1820
2236
3004
3516
3260
2108
1500
1692
2108
2108
1820
1628
1308
780
372
396
652
1180
2108
3644
5884
7420
7420
5372
2620
924
844
1628
1980
1980
1980
1820
988
-524
-1980
-3260
-4348
-5116
-5628
-5372
-4860
-4860
-4860
-4860
-4604
-4604
-5116
-5372
-5372
-5372
-5116
-4604
-3516
-2364
-1564
-716
196
588
196
-460
-924
-1116
-1244
-1564
-1820
-1692
-1372
-1308
-1756
-2236
-2364
-2620
-2876
-2620
-1244
120
372
-460
-1180
-1372
-1500
-1308
-588
652
1180
812
16
132
1244
1756
1372
988
1564
1884
1308
652
812
1116
780
340
396
924
924
88
-812
-924
-212
524
1052
1500
2108
1980
1436
1180
1308
1372
1116
780
876
1564
2236
2364
2108
2108
2364
2492
2620
2876
2876
2364
1628
1500
1820
2108
2108
1884
1692
1564
1308
812
340
308
812
1564
2620
3900
5116
5628
5372
4348
2492
1180
588
924
1308
1564
1980
2236
1980
844
-620
-1628
-2236
-2748
-3644
-4348
-4604
-4348
-4092
-3772
-3772
-4092
-4860
-5628
-5884
-5628
-5116
-4860
-4604
-4092
-2876
-1628
-588
-164
-212
-588
-988
-1116
-924
-924
-1180
-1436
-1372
-924
-492
-492
-988
-1500
-1756
-2108
-2236
-2236
-2108
-1980
-1980
-1884
-1436
-652
8
276
228
88
88
324
748
1308
1756
1980
1980
1756
1628
1372
924
588
396
492
780
924
876
924
876
844
876
1052
1372
1564
1500
1372
1372
1308
1116
924
876
1116
1436
1692
1884
1980
2108
2108
2236
2364
2492
2492
2492
2492
2236
2108
1980
1980
1980
1980
1980
1980
1628
988
428
260
324
748
1308
1820
2364
3132
4092
3900
2748
1116
260
396
1052
1628
1884
2108
1980
1244
88
-780
-1308
-1628
-2492
-3516
-4092
-4348
-4348
-4604
-4860
-4860
-5116
-5116
-5116
-4860
-4860
-4604
-4860
-4604
-3900
-2748
-1564
-620
-148
-112
-372
-684
-588
-428
-372
-460
-396
-88
-8
-372
-876
-1244
-1500
-1500
-1564
-1692
-1756
-1756
-1628
-1500
-1372
-1052
-524
72
460
620
620
620
620
812
1116
1308
1436
1500
1372
1308
1372
1308
1116
812
780
988
1180
1372
1564
1500
1372
1308
1372
1436
1372
1244
988
812
780
844
748
748
812
988
1372
1692
1884
1884
1756
1692
1884
2108
2364
2492
2236
1980
1980
2108
1980
1756
1436
1180
924
620
372
164
16
80
396
876
1500
2364
3132
3772
3388
2236
1308
1052
1116
1180
1244
1628
1980
1820
924
-244
-1308
-2108
-2748
-3644
-4348
-4604
-4348
-4348
-4092
-3900
-4092
-4348
-4860
-4860
-4604
-4092
-4092
-4092
-3772
-3132
-2108
-1116
-524
-356
-460
-652
-588
-292
-228
-556
-1052
-1116
-812
-460
-428
-524
-428
-556
-876
-1052
-1052
-988
-924
-1180
-1244
-812
-56
652
780
492
196
180
396
812
1116
1052
924
716
812
1244
1628
1564
1308
1372
1628
1756
1500
1244
924
748
844
1116
1500
1436
988
356
40
64
80
164
292
524
812
1180
1564
1756
1756
1820
1980
2236
2748
3004
3004
2876
2748
2492
2236
1980
1820
1564
1372
1180
1052
812
428
-164
-780
-988
-588
-72
460
1244
2236
3388
4092
3772
3004
1820
1116
812
812
876
876
780
396
-276
-1052
-1628
-1980
-2620
-3516
-4348
-4860
-4860
-4348
-4092
-4092
-3900
-3900
-4092
-4348
-4604
-4604
-4604
-4860
-4604
-3516
-2364
-1372
-812
-716
-812
-988
-988
-748
-716
-844
-924
-716
-260
132
148
64
96
0
-212
-492
-556
-428
-292
-428
-556
-260
196
524
620
396
196
212
292
428
780
1244
1628
1884
2108
2364
2492
2364
1980
1820
1820
1756
1692
1692
1628
1500
1116
812
652
620
716
780
812
748
748
812
876
924
1052
1308
1564
1820
1980
2236
2236
2364
2236
2236
2364
2236
1980
1884
1884
1884
1692
1308
988
620
228
-88
-356
-428
-396
-276
212
780
1436
2236
3132
4092
4092
3260
1628
460
-164
-308
-228
-40
340
460
16
-812
-1692
-2364
-2876
-3644
-4348
-4604
-4348
-3772
-3388
-3260
-3388
-3644
-4092
-4604
-4604
-4604
-4348
-4348
-4348
-3644
-2620
-1756
-1180
-988
-1052
-1180
-1180
-924
-652
-588
-748
-748
-492
-104
24
-80
-56
56
24
-308
-780
-876
-716
-492
-396
-396
-276
32
180
0
-212
-340
-276
0
524
1244
1756
1692
1564
1500
1628
1628
1372
1180
1116
1052
924
844
812
812
684
620
716
924
988
924
924
876
924
1052
1308
1436
1564
1692
1820
1980
2108
2236
2492
2620
2748
2876
2876
2876
2620
2364
2108
1980
1756
1564
1436
1244
988
684
460
308
228
276
620
1244
1692
2236
2876
3644
4092
3644
2236
748
64
-32
196
460
748
1052
924
132
-876
-1628
-2108
-2492
-3260
-4092
-4348
-4092
-3900
-3900
-3900
-4092
-4348
-4604
-4860
-4860
-4860
-4604
-4604
-4348
-3516
-2364
-1564
-1116
-1052
-1244
-1436
-1436
-1244
-812
-524
-524
-716
-748
-428
-244
-212
-428
-556
-372
-308
-492
-652
-652
-652
-812
-924
-652
-104
228
120
-8
228
652
988
1052
1180
1436
1500
1244
876
780
812
812
748
748
844
812
684
620
652
684
588
620
876
1116
1244
1116
924
876
876
812
844
1116
1436
1756
1980
2108
2236
2364
2492
2620
2620
2492
2620
2620
2492
2364
2236
2236
1980
1756
1564
1436
1244
1052
716
588
652
988
1436
2108
3004
3900
4348
3900
2492
988
196
228
556
844
1116
1500
1436
652
-492
-1500
-2108
-2620
-3388
-4092
-4348
-3900
-3516
-3516
-3516
-3772
-4348
-4860
-5116
-5116
-4860
-4860
-4860
-4092
-3132
-2108
-1244
-876
-988
-1244
-1564
-1692
-1564
-1372
-1180
-924
-492
-260
-308
-428
-556
-652
-748
-748
-876
-1116
-1244
-1436
-1308
-1052
-652
-396
-228
-164
-196
-228
-180
212
748
1180
1308
1308
1372
1372
1244
924
780
844
1116
1308
1244
1116
876
684
684
876
1052
1244
1180
1116
1180
1180
988
652
492
556
748
1052
1436
1884
2108
2364
2620
2748
2876
3004
3132
3132
3132
3004
2876
2620
2364
2108
2108
1980
1884
1500
924
492
372
588
844
1116
1564
2236
3260
4348
4604
3388
1436
104
-40
460
924
1052
1244
1372
988
-32
-1308
-2236
-3132
-3900
-4348
-4604
-4092
-3772
-3772
-4092
-4604
-4860
-5116
-5372
-5372
-5116
-4604
-4348
-3772
-2876
-2108
-1436
-1116
-988
-1308
-1756
-2108
-2108
-1820
-1628
-1244
-652
-148
-260
-988
-1500
-1436
-1372
-1500
-1436
-1180
-716
-460
-492
-460
-396
-276
-148
148
620
924
924
812
1052
1500
1820
1820
1500
1244
1244
1372
1436
1436
1308
1244
1116
924
988
924
780
748
844
1116
1308
1308
1052
924
1052
1116
1116
1052
1116
1372
1564
1820
2364
2620
2876
3004
3260
3388
3388
3260
3132
2876
2748
2748
2620
2492
2236
1980
1372
812
396
120
80
132
460
924
1372
1820
2620
3772
4348
3772
1884
276
-196
112
620
988
1372
1628
1116
-244
-1756
-2748
-3388
-4092
-4604
-4860
-4860
-4348
-4092
-4092
-4348
-5116
-5628
-5628
-5628
-5116
-4604
-4092
-3644
-2876
-1980
-1308
-1116
-1244
-1564
-1884
-2108
-1980
-1564
-1308
-1308
-1052
-396
-212
-844
-1692
-1980
-1628
-1052
-780
-492
-24
80
-276
-396
48
492
492
396
556
924
1180
1116
1180
1436
1756
1756
1500
1308
1244
1180
1052
1052
1308
1628
1564
1180
876
780
684
556
588
812
1116
1244
1244
1308
1372
1180
748
396
492
988
1436
1820
2108
2236
2492
2748
3132
3260
3132
2876
2748
2876
3004
3004
2748
2364
1884
1756
1564
1180
780
340
196
340
748
1116
1436
1980
2876
4348
4860
4348
2492
684
104
492
1116
1500
1756
1756
924
-620
-2108
-3132
-3644
-4092
-4604
-4860
-4604
-4092
-3900
-4348
-4860
-5372
-5628
-5628
-5116
-4604
-4092
-3772
-3388
-2620
-1820
-1436
-1436
-1756
-2108
-2364
-2236
-1980
-1692
-1500
-1564
-1372
-780
-524
-1116
-2108
-2492
-1980
-1116
-524
-120
292
428
180
-32
96
492
588
460
588
1052
1500
1372
1116
1244
1372
1308
1052
876
988
1052
876
924
1372
1692
1500
1116
748
652
684
748
812
988
1052
1116
988
876
876
652
260
-16
212
780
1180
1436
1692
1980
2236
2364
2364
2492
2492
2620
2748
3004
3388
3388
2876
2236
1884
1756
1692
1500
1244
988
876
988
1244
1564
1756
2108
2876
4348
5372
4860
2876
876
96
340
924
1372
1372
1244
652
-716
-2364
-3388
-3772
-3900
-4348
-4348
-3772
-3132
-3004
-3388
-3900
-4348
-4604
-4860
-4348
-3644
-3260
-3260
-3388
-3004
-2620
-2492
-2748
-3004
-3260
-3516
-3516
-3260
-2748
-2748
-3132
-3132
-2364
-1180
-812
-1436
-1884
-1308
-180
620
924
1180
1564
1564
1052
748
876
988
716
428
588
988
1052
716
396
652
988
924
684
780
1116
1180
1116
1244
1628
1692
1244
780
684
748
748
652
780
924
780
460
132
0
-120
-428
-588
-228
396
780
812
876
1116
1564
1820
2236
2620
3004
3132
3260
3516
3772
3644
3132
2620
2364
2364
2236
1980
1564
1180
1052
1116
1436
1820
2108
2108
2364
3516
5116
6140
5116
2876
780
64
372
748
652
460
396
-80
-1308
-2876
-3900
-4604
-5116
-5116
-4860
-4092
-3388
-3132
-3260
-3388
-3772
-4092
-4348
-4092
-3516
-3388
-3516
-3516
-3260
-3132
-3388
-3644
-3644
-3772
-4092
-4348
-3900
-3388
-3260
-3516
-3388
-2492
-1308
-396
-16
104
260
620
1052
1564
1980
2236
2492
2236
1820
1244
924
924
812
684
620
748
812
748
748
924
1116
1180
988
924
876
988
1244
1436
1564
1372
1244
1116
1180
1116
812
492
428
556
524
356
48
-292
-684
-812
-460
24
372
652
988
1244
1564
1884
2236
2492
2620
3004
3516
3772
3900
3516
3004
2492
2364
2364
2236
1980
1692
1436
1052
812
780
924
1116
1180
1500
2236
3516
4860
5628
5116
3004
812
-324
-292
132
340
260
72
-356
-1500
-3132
-4348
-4860
-5116
-4860
-4604
-3772
-3004
-2748
-2876
-3260
-3644
-3900
-4092
-3900
-3644
-3388
-3516
-3900
-4092
-4092
-4092
-3900
-3900
-4092
-4348
-4348
-3644
-3004
-2748
-2876
-2876
-2492
-1692
-492
460
1308
1564
1372
1372
1564
1980
1980
1628
1372
1244
988
716
716
924
924
524
524
1052
1436
1372
1052
1052
1500
1980
1980
1980
2236
2364
2108
1692
1308
1052
876
780
844
876
652
428
396
492
340
-80
-524
-716
-620
-428
-340
-148
104
588
1244
1884
2364
2620
2748
2876
3260
3772
4092
3900
3260
2620
2364
2108
1980
1756
1500
1308
1052
812
396
148
196
460
924
1372
1820
2492
3516
4604
5372
4860
3004
988
-244
-556
-356
-292
-308
-228
-340
-1180
-2620
-3772
-4604
-4604
-4604
-4092
-3388
-2748
-2492
-2620
-3004
-3388
-4092
-4348
-4348
-4092
-4092
-4348
-4604
-4860
-4860
-4604
-4348
-4092
-4092
-4092
-3644
-3132
-2748
-2748
-2876
-2748
-1756
-460
460
812
716
588
396
372
716
1308
1820
1692
1244
1052
1180
1052
748
460
556
924
1372
1820
2108
2364
2236
2236
2492
2876
2748
2236
1692
1564
1564
1372
1116
748
428
56
-16
180
396
324
120
132
292
276
-72
-340
-308
0
492
1052
1756
2364
2748
3004
3132
3132
3260
3260
3132
3004
3132
3004
2748
2492
2108
1692
1244
924
812
780
620
492
492
780
1116
1500
1884
2236
2876
4092
5372
5884
4860
2748
588
-324
-276
-104
-132
-80
-24
-460
-1564
-3004
-4092
-4860
-5116
-5116
-4348
-3516
-3004
-3004
-3260
-3644
-4092
-4348
-4604
-4604
-4348
-4348
-4092
-4092
-4348
-4604
-4348
-4348
-4092
-4092
-4092
-3900
-3516
-3004
-2876
-2876
-2620
-1628
-524
80
132
196
556
716
748
876
1244
1500
1244
924
988
1180
1180
924
988
1436
1884
2108
2236
2364
2492
2236
2236
2364
2364
1980
1180
812
780
652
292
72
56
104
88
180
396
460
524
812
1244
1500
1180
620
244
276
588
876
1180
1564
1980
2108
2236
2492
2620
2620
2620
3004
3260
3260
2876
2492
2236
1884
1500
1180
988
988
988
844
812
844
924
1244
1692
2108
2364
2364
2876
3772
4604
4860
4092
2364
556
-652
-988
-924
-924
-988
-924
-1052
-1820
-3004
-4092
-4604
-4860
-4348
-3900
-3132
-2748
-2748
-2876
-3132
-3260
-3644
-4092
-4092
-4092
-3900
-3900
-4092
-4092
-4604
-4860
-4604
-4348
-4092
-3772
-3260
-2876
-2620
-2620
-2492
-1884
-988
-260
148
524
652
396
196
396
1052
1436
1372
1244
1372
1436
1116
988
1052
1180
1180
1372
1756
1980
1884
1500
1436
1628
1756
1500
1244
988
876
684
588
780
988
988
1052
1372
1564
1500
1180
1052
1052
1116
1052
988
876
652
428
460
988
1564
1980
2236
2492
2620
2748
2620
2492
2620
2620
2620
2620
2620
2492
2108
1564
1308
1180
988
812
780
652
396
324
620
1052
1244
1244
1436
1980
2748
3388
3644
3004
1564
112
-748
-924
-844
-876
-924
-988
-1116
-1692
-2492
-3516
-4348
-4860
-4604
-4092
-3388
-3004
-3004
-2876
-3004
-3132
-3516
-3772
-4092
-4092
-3900
-3772
-3772
-4092
-4092
-4348
-4092
-3772
-3516
-3388
-3004
-2620
-2364
-1980
-1372
-988
-716
-460
-72
460
652
620
652
924
1244
1308
1308
1308
1244
1180
1180
1372
1628
1564
1372
1244
1372
1436
1436
1500
1692
1820
1820
1820
1692
1500
1244
1116
1244
1244
1180
1116
1244
1308
1180
1052
1052
1116
1116
1052
988
748
556
524
684
988
1180
1500
1884
2236
2364
2364
2236
2236
2364
2620
2748
2748
2620
2364
2108
1692
1436
1116
748
556
588
652
556
324
260
324
460
652
924
1308
1756
2364
2748
2876
2364
1180
196
-428
-588
-620
-588
-556
-684
-1116
-1756
-2492
-3260
-3900
-4092
-4092
-3900
-3516
-3260
-3004
-3004
-3132
-3388
-3644
-3900
-4092
-4348
-4092
-4092
-3772
-3772
-3772
-3900
-3772
-3644
-3516
-3132
-3004
-2620
-2364
-1980
-1500
-1116
-924
-876
-812
-524
-340
-56
276
716
924
988
1116
1244
1308
1244
1180
1436
1692
1692
1692
1756
1884
1884
1980
2108
2236
2236
2108
1980
1820
1564
1372
1308
1436
1436
1372
1372
1436
1436
1308
1244
1308
1372
1372
1436
1372
1372
1436
1564
1756
1820
1884
1884
1980
2108
2236
2236
2236
2236
2364
2364
2364
2236
1980
1692
1500
1372
1116
924
684
428
260
48
-72
-244
-396
-396
-244
0
148
88
-8
-32
112
372
524
524
276
-104
-428
-652
-684
-748
-844
-812
-716
-748
-988
-1244
-1564
-1820
-1980
-1980
-1884
-1820
-1980
-2108
-2236
-2492
-2620
-2876
-3004
-3260
-3388
-3388
-3388
-3516
-3516
-3388
-3260
-3132
-3004
-2748
-2620
-2492
-2492
-2492
-2492
-2364
-2236
-2108
-2108
-1884
-1692
-1500
-1308
-1180
-1052
-924
-684
-340
80
492
780
988
1244
1372
1500
1564
1756
1980
1980
2108
2364
2492
2364
2364
2236
2236
1980
1884
1884
1884
1884
1980
1980
1980
2108
2108
2364
2364
2364
2364
2364
2236
2236
2108
2108
2108
2108
2108
2108
1980
1884
1756
1628
1436
1308
1244
1180
1052
812
588
460
340
356
308
212
120
24
-16
40
164
308
372
396
396
460
524
588
684
780
876
988
988
876
748
716
780
812
812
652
492
324
72
-228
-588
-924
-1180
-1500
-1692
-2108
-2492
-2748
-3004
-3260
-3644
-3900
-4092
-4092
-4348
-4348
-4348
-4604
-4604
-4604
-4348
-4092
-3900
-3900
-3772
-3772
-3516
-3388
-3260
-3132
-3004
-2620
-2364
-1980
-1756
-1564
-1308
-1052
-716
-428
-40
460
1052
1628
2108
2364
2620
2620
2620
2748
3004
3132
3260
3388
3388
3260
3132
2876
2748
2492
2236
2108
2108
2108
1980
1980
1884
1820
1756
1692
1628
1564
1500
1500
1372
1244
1116
1052
1052
1052
988
876
716
620
492
372
244
148
132
80
64
8
-40
8
88
228
356
340
340
396
620
876
988
1052
1180
1244
1308
1372
1372
1372
1372
1372
1564
1628
1628
1564
1372
1180
1052
1052
1052
924
716
492
308
32
-196
-396
-716
-1116
-1500
-1756
-1980
-2236
-2620
-3004
-3260
-3388
-3516
-3772
-3900
-4092
-4348
-4348
-4348
-4348
-4348
-4348
-4348
-4092
-4092
-3772
-3644
-3516
-3388
-3132
-3004
-2748
-2620
-2492
-2108
-1756
-1372
-1180
-988
-780
-492
8
588
1116
1628
1820
1980
2236
2492
2492
2620
2620
2748
2748
2876
3004
3004
2748
2748
2620
2620
2620
2492
2492
2364
2236
2108
1980
1980
1756
1628
1564
1500
1564
1564
1436
1244
1052
988
988
1052
1052
924
684
524
396
308
276
292
260
148
112
72
64
164
276
356
460
588
780
876
924
844
780
844
844
924
924
844
748
812
844
876
844
716
684
620
620
556
620
588
492
428
372
324
148
-212
-556
-812
-1052
-1308
-1500
-1692
-1980
-2236
-2492
-2748
-3004
-3388
-3644
-3772
-3900
-4092
-4092
-4092
-4092
-4092
-4092
-3900
-3772
-3644
-3388
-3132
-2876
-2748
-2492
-2236
-2108
-1884
-1756
-1500
-1244
-924
-588
-340
-132
48
340
716
1052
1308
1564
1820
2108
2364
2620
2748
2748
2620
2620
2748
2876
2876
2876
2620
2492
2236
2108
2108
1980
1980
1820
1564
1372
1308
1244
1116
1052
1052
1116
1180
1244
1244
1180
1052
876
844
812
684
556
524
428
396
356
324
276
164
96
112
244
428
556
620
620
620
716
844
1052
1116
1052
988
988
1052
988
924
780
684
684
716
748
684
588
492
372
308
292
396
308
104
-112
-212
-340
-620
-924
-1116
-1244
-1372
-1500
-1756
-1980
-2492
-2748
-2876
-3132
-3260
-3516
-3516
-3644
-3644
-3772
-3644
-3644
-3644
-3516
-3388
-3260
-3004
-2748
-2620
-2492
-2492
-2364
-2236
-2108
-1980
-1756
-1500
-1244
-988
-780
-620
-460
-308
-32
324
716
1052
1372
1628
1980
2236
2364
2620
2620
2620
2620
2620
2492
2492
2492
2236
2108
1884
1820
1692
1628
1500
1308
1116
1052
1116
1052
1116
1180
1244
1308
1372
1500
1564
1564
1564
1500
1500
1372
1244
1180
1052
988
988
1052
924
780
652
620
684
748
748
716
684
780
844
924
1052
1052
1052
1052
1052
1116
1116
1052
924
844
748
716
652
588
428
228
88
-40
-148
-244
-292
-356
-492
-588
-588
-524
-620
-844
-1116
-1372
-1564
-1756
-1980
-2236
-2620
-2748
-2876
-3004
-3004
-3260
-3388
-3516
-3516
-3388
-3388
-3132
-3132
-3004
-2876
-2876
-2620
-2620
-2492
-2364
-2236
-2108
-2108
-1980
-1884
-1692
-1500
-1244
-924
-716
-524
-292
-88
80
228
460
748
988
1244
1500
1756
1980
2108
2108
2108
1980
1884
1884
1884
1820
1692
1500
1372
1244
1244
1180
1180
1180
1116
1052
1116
1244
1308
1436
1564
1628
1692
1756
1756
1692
1628
1564
1564
1500
1372
1244
1180
1180
1308
1372
1180
1052
924
988
1116
1116
1052
988
924
988
1116
1180
1244
1244
1180
1244
1308
1244
1052
812
684
652
588
460
340
228
212
148
32
-212
-428
-620
-716
-652
-620
-652
-748
-876
-924
-988
-1180
-1436
-1628
-1756
-1820
-1980
-2108
-2236
-2492
-2620
-2620
-2620
-2748
-2748
-2748
-2748
-2748
-2876
-2748
-2748
-2620
-2492
-2364
-2364
-2236
-2236
-2236
-2236
-2236
-2108
-1884
-1628
-1308
-1180
-1116
-988
-876
-652
-460
-244
-80
24
196
396
684
924
1116
1244
1308
1436
1564
1564
1436
1244
1116
1052
1052
1052
1052
1052
1180
1244
1308
1308
1308
1372
1372
1564
1756
1820
1884
1980
1756
1692
1692
1756
1820
1884
1884
1820
1756
1756
1756
1692
1564
1436
1372
1372
1372
1372
1372
1308
1244
1180
1116
1052
1052
988
924
924
924
988
924
876
780
748
748
684
620
524
396
276
244
164
40
-148
-372
-492
-588
-684
-812
-924
-1116
-1180
-1308
-1436
-1564
-1628
-1692
-1820
-1980
-2108
-2236
-2364
-2492
-2492
-2492
-2492
-2492
-2492
-2620
-2620
-2492
-2620
-2620
-2492
-2364
-2236
-2108
-2108
-2236
-2364
-2492
-2364
-2236
-2108
-1980
-1820
-1564
-1372
-1180
-988
-812
-620
-396
-132
48
276
524
780
988
1180
1372
1500
1628
1692
1692
1692
1628
1564
1500
1500
1564
1628
1628
1692
1756
1692
1692
1692
1692
1756
1628
1564
1436
1436
1500
1564
1564
1564
1500
1500
1628
1756
1884
1820
1628
1500
1500
1436
1308
1180
1052
924
988
1052
1052
924
748
588
556
524
460
372
292
308
396
556
684
684
588
396
292
228
180
148
120
48
0
-8
-72
-228
-460
-620
-812
-988
-1180
-1308
-1372
-1436
-1500
-1500
-1500
-1564
-1692
-1884
-1980
-2108
-2236
-2236
-2364
-2364
-2364
-2236
-2236
-2236
-2108
-2108
-2108
-2108
-2108
-2108
-1980
-1980
-1980
-1820
-1692
-1628
-1692
-1628
-1500
-1436
-1372
-1116
-876
-652
-492
-292
-112
48
180
308
524
780
1052
1180
1308
1372
1500
1500
1564
1564
1628
1692
1692
1756
1692
1692
1628
1628
1628
1564
1436
1372
1372
1372
1372
1308
1244
1244
1180
1244
1372
1436
1436
1500
1564
1628
1692
1756
1756
1692
1564
1436
1308
1180
1116
1052
876
812
780
748
652
524
372
180
72
8
-40
24
132
244
324
428
460
396
356
324
276
132
-64
-228
-340
-460
-588
-652
-748
-988
-1180
-1372
-1500
-1628
-1692
-1692
-1756
-1884
-1980
-1980
-1980
-1980
-1980
-2108
-2236
-2236
-2236
-2236
-2236
-2236
-2236
-2108
-2108
-1980
-1980
-1980
-1980
-1980
-1820
-1756
-1628
-1564
-1436
-1372
-1180
-988
-924
-924
-876
-716
-492
-260
-72
88
228
396
652
876
988
1052
1116
1308
1500
1692
1820
1820
1884
1980
1980
1980
2108
2108
2108
2108
2108
1980
1820
1628
1500
1500
1372
1244
1180
1116
1052
1116
1116
1180
1116
1116
1116
1116
1180
1244
1308
1372
1436
1436
1372
1244
1180
988
844
716
620
556
492
460
396
276
180
32
-112
-148
-132
-164
-180
-148
-72
32
148
244
212
112
80
72
0
-148
-460
-716
-988
-1116
-1180
-1244
-1308
-1500
-1692
-1820
-1820
-1884
-1884
-1980
-1980
-1980
-1980
-1884
-1884
-1884
-1884
-1884
-1820
-1692
-1628
-1564
-1628
-1692
-1756
-1820
-1756
-1692
-1692
-1628
-1500
-1372
-1244
-1180
-988
-812
-716
-620
-524
-428
-292
-132
24
180
356
492
620
716
812
876
924
988
988
1116
1244
1308
1436
1500
1500
1564
1628
1692
1820
1820
1692
1564
1500
1436
1372
1372
1308
1244
1180
1116
1052
876
780
748
716
716
812
988
1052
1052
1052
988
988
988
988
988
988
924
924
924
844
716
620
492
396
396
428
492
460
340
180
56
-32
-112
-164
-148
-164
-164
-132
-24
-8
-72
-132
-212
-340
-460
-556
-652
-780
-924
-1052
-1180
-1244
-1308
-1436
-1500
-1628
-1692
-1692
-1628
-1564
-1564
-1500
-1436
-1372
-1372
-1308
-1244
-1180
-1180
-1180
-1180
-1180
-1244
-1308
-1372
-1372
-1308
-1244
-1180
-1052
-924
-876
-780
-652
-556
-524
-492
-396
-260
-164
-16
88
180
308
428
524
556
524
492
556
588
588
652
684
748
876
988
1116
1116
1180
1180
1180
1180
1244
1244
1244
1244
1244
1244
1244
1244
1180
1180
1116
988
876
844
876
924
924
988
1052
1180
1244
1180
1052
924
748
684
652
684
652
588
620
556
524
428
356
260
180
164
196
228
212
132
16
-88
-180
-244
-276
-356
-460
-524
-556
-652
-716
-780
-812
-876
-924
-924
-988
-988
-1052
-1180
-1244
-1436
-1564
-1692
-1628
-1628
-1500
-1436
-1372
-1244
-1180
-1052
-988
-924
-988
-988
-988
-924
-876
-812
-780
-748
-716
-684
-652
-620
-556
-492
-428
-372
-260
-148
8
148
212
292
356
396
460
460
460
460
492
588
684
780
812
780
684
684
652
652
620
524
460
524
652
812
924
924
924
924
924
924
876
876
876
844
780
684
620
588
556
492
428
396
396
356
356
324
292
276
292
356
396
396
324
244
196
148
104
96
96
120
148
228
308
340
356
276
148
80
64
104
132
112
32
-80
-196
-276
-276
-308
-356
-428
-460
-460
-460
-428
-428
-460
-492
-460
-460
-492
-556
-652
-748
-812
-876
-924
-924
-876
-780
-748
-780
-780
-716
-652
-556
-556
-556
-620
-684
-684
-684
-652
-620
-620
-556
-492
-396
-292
-212
-180
-148
-148
-132
-96
-32
32
80
148
196
228
244
212
164
120
112
196
340
396
460
460
396
308
260
244
196
228
276
372
556
748
844
844
844
844
876
876
876
780
652
556
524
524
428
396
308
228
180
112
64
-32
-112
-80
0
120
180
164
148
96
64
88
148
132
120
132
132
164
180
148
104
104
112
164
180
132
80
16
-72
-120
-164
-228
-292
-324
-308
-276
-244
-276
-292
-372
-428
-428
-396
-428
-492
-492
-492
-492
-460
-372
-356
-396
-396
-428
-460
-492
-460
-356
-260
-212
-164
-112
-132
-212
-292
-356
-396
-396
-340
-228
-80
8
48
132
196
212
196
180
148
164
180
164
212
292
356
396
324
308
292
244
228
228
260
324
356
372
340
244
164
96
0
-80
-80
-132
-148
-56
40
148
244
260
244
164
96
88
104
112
32
-24
-72
-80
-132
-212
-292
-396
-460
-396
-356
-276
-196
-180
-164
-80
-16
40
80
56
0
48
148
180
180
120
96
112
132
164
196
180
180
244
340
396
396
356
324
308
340
340
308
260
196
212
228
244
260
196
104
32
-48
-80
-96
-148
-180
-164
-132
-196
-260
-292
-308
-372
-396
-428
-492
-460
-396
-356
-308
-340
-428
-460
-524
-524
-524
-556
-556
-492
-356
-260
-196
-148
-120
-120
-80
-16
16
0
-8
-16
8
56
148
212
148
96
96
104
148
180
212
260
244
260
292
276
244
260
292
260
244
260
244
244
180
180
212
260
260
276
276
260
260
228
180
88
0
-56
-96
-132
-196
-276
-292
-212
-132
-64
-32
-40
-64
-48
-32
0
40
88
132
148
228
276
244
180
112
88
132
212
244
260
228
180
196
228
276
292
180
96
72
132
164
180
164
132
112
88
72
80
16
-64
-112
-180
-292
-372
-356
-340
-340
-340
-356
-396
-396
-356
-356
-340
-356
-396
-396
-356
-356
-396
-396
-428
-460
-396
-308
-276
-292
-308
-356
-308
-276
-228
-228
-196
-148
-48
8
0
-8
-80
-104
-64
0
8
0
0
40
88
132
148
132
132
148
164
196
260
228
196
164
120
96
72
48
32
24
40
72
104
132
164
260
324
372
396
396
324
228
148
96
96
80
88
104
104
96
80
16
-24
-8
-8
32
56
96
180
228
276
340
396
460
492
524
492
492
524
556
524
524
460
428
460
460
492
396
276
212
180
228
228
164
48
-16
-48
-32
-8
-56
-164
-276
-308
-356
-396
-428
-492
-524
-524
-460
-428
-460
-492
-460
-460
-492
-492
-524
-524
-556
-524
-524
-524
-524
-556
-620
-652
-620
-620
-588
-556
-524
-524
-492
-460
-428
-372
-276
-228
-228
-212
-244
-180
-132
-72
-16
24
88
96
104
148
180
212
212
180
148
132
148
112
96
72
32
48
96
148
164
164
148
164
276
372
428
492
524
492
460
460
428
340
244
164
120
132
148
132
48
0
-16
-24
48
132
164
180
244
228
308
396
428
492
524
556
556
620
620
588
492
460
524
588
620
620
492
356
292
276
276
260
260
212
196
148
88
16
-64
-88
-80
-64
-56
-96
-180
-260
-292
-356
-428
-460
-492
-524
-588
-620
-652
-652
-652
-652
-652
-620
-620
-620
-588
-556
-588
-620
-620
-620
-620
-588
-556
-556
-588
-620
-588
-588
-556
-460
-396
-292
-180
-148
-120
-96
-80
0
56
80
104
96
132
164
180
196
180
180
228
340
396
396
428
396
396
396
396
372
340
324
308
324
372
396
428
428
460
492
492
428
396
340
228
164
180
196
164
112
40
-16
-24
-40
-8
40
80
80
104
132
164
212
212
228
196
196
212
212
212
228
228
180
148
164
148
64
-32
-88
-64
-16
-24
-32
-24
-24
-48
-48
-32
-88
-120
-164
-148
-80
-64
-112
-164
-228
-308
-356
-428
-492
-524
-588
-588
-556
-524
-492
-524
-524
-556
-524
-524
-524
-492
-428
-340
-228
-196
-228
-292
-372
-428
-428
-428
-396
-356
-260
-148
-56
32
56
16
0
-8
32
88
132
196
260
276
308
324
356
396
356
356
396
428
460
460
460
460
460
460
460
428
372
324
324
372
428
460
460
460
460
524
556
556
588
588
524
428
396
356
276
148
72
40
72
96
88
64
40
48
8
16
16
-16
-40
-32
32
24
16
8
32
80
132
180
164
96
40
-24
-80
-120
-196
-228
-244
-228
-212
-212
-196
-196
-244
-276
-340
-372
-396
-428
-428
-428
-460
-524
-556
-620
-652
-684
-684
-684
-716
-716
-780
-780
-780
-748
-716
-684
-716
-684
-620
-524
-460
-428
-428
-428
-428
-460
-428
-396
-396
-324
-260
-164
-72
0
64
120
164
212
228
228
276
308
340
396
524
620
652
684
684
684
684
716
748
780
780
780
812
876
876
924
876
812
748
716
780
748
684
684
684
620
620
620
588
556
492
428
340
292
196
132
96
40
0
-32
-88
-164
-244
-276
-292
-324
-276
-276
-276
-260
-260
-276
-308
-340
-340
-276
-196
-112
-64
-48
-80
-148
-244
-340
-460
-492
-492
-460
-428
-396
-356
-340
-324
-260
-228
-196
-228
-260
-260
-260
-228
-260
-260
-292
-340
-372
-356
-292
-260
-276
-292
-372
-428
-428
-428
-460
-460
-460
-428
-372
-292
-228
-212
-228
-228
-212
-164
-132
-148
-164
-148
-112
-24
48
132
148
132
112
104
112
96
40
24
104
228
308
372
396
372
340
308
292
308
356
428
524
620
620
652
684
716
716
716
620
556
492
492
492
460
428
396
372
356
396
396
396
340
292
260
228
228
228
180
112
80
0
-72
-120
-148
-164
-148
-132
-104
-148
-180
-180
-212
-244
-260
-276
-212
-164
-180
-212
-228
-292
-340
-356
-372
-396
-428
-492
-524
-524
-492
-428
-372
-372
-356
-340
-396
-396
-372
-372
-372
-324
-324
-340
-340
-396
-428
-428
-396
-372
-324
-324
-308
-292
-276
-260
-260
-244
-244
-228
-180
-88
-16
40
40
48
48
80
104
120
148
196
228
228
260
292
308
308
308
292
308
292
308
340
396
396
396
428
460
492
492
460
428
460
460
492
556
588
588
588
556
524
556
524
492
396
356
372
396
396
396
340
228
148
132
112
112
64
24
-8
-8
32
72
64
0
-32
-120
-164
-180
-228
-276
-324
-340
-324
-260
-308
-356
-372
-372
-372
-372
-356
-356
-356
-396
-396
-356
-324
-292
-260
-228
-244
-292
-324
-340
-340
-340
-292
-228
-196
-228
-228
-212
-180
-148
-112
-104
-120
-164
-212
-244
-292
-356
-372
-340
-324
-276
-260
-244
-260
-260
-180
-148
-96
-88
-112
-148
-148
-132
-112
-96
-72
-32
-32
-48
-48
-56
-80
-72
-40
-24
8
48
72
64
56
32
32
56
112
180
228
260
292
340
340
276
244
308
340
396
460
524
524
524
492
492
492
492
428
428
460
460
492
524
556
556
492
428
356
308
292
292
276
276
308
292
308
292
260
228
212
164
132
112
80
48
0
-32
-48
-8
8
-8
-40
-104
-164
-212
-244
-260
-292
-308
-292
-260
-244
-244
-212
-212
-228
-228
-260
-308
-324
-356
-396
-396
-372
-356
-324
-324
-292
-292
-324
-324
-324
-324
-340
-356
-356
-372
-396
-428
-396
-396
-372
-340
-292
-244
-228
-228
-260
-260
-292
-292
-244
-196
-164
-104
-48
-40
-32
-16
-40
-24
-16
-8
-8
16
0
32
80
112
148
148
112
80
88
120
164
148
180
244
324
356
356
308
276
260
276
292
244
228
260
292
356
396
372
324
324
340
340
340
308
324
276
228
180
148
88
48
48
80
64
24
0
-24
0
8
24
24
0
-40
-104
-148
-120
-120
-88
-48
-16
-16
-24
-24
-56
-80
-80
-72
-56
-48
-16
8
0
8
8
24
16
8
0
-24
-16
0
16
16
0
0
0
0
24
24
0
-32
-24
0
0
-16
-40
-72
-96
-120
-132
-164
-196
-212
-212
-196
-180
-180
-228
-276
-308
-324
-292
-292
-260
-196
-164
-148
-132
-120
-164
-212
-212
-212
-196
-164
-132
-96
-56
-8
48
104
112
80
40
32
80
120
164
228
276
324
340
340
308
308
308
308
340
372
340
324
292
292
292
276
260
292
324
340
356
324
276
244
228
196
212
180
132
56
8
-8
-16
-8
0
0
-32
-72
-148
-244
-324
-308
-260
-196
-180
-148
-132
-180
-180
-212
-260
-276
-276
-228
-180
-164
-212
-196
-196
-196
-164
-132
-96
-132
-112
-80
-72
-88
-112
-132
-164
-180
-148
-112
-120
-120
-148
-120
-96
-88
-104
-148
-196
-212
-180
-148
-120
-120
-120
-132
-132
-132
-132
-132
-148
-148
-96
-32
-16
-40
-40
-56
-72
-72
-80
-72
-80
-88
-88
-72
-56
-32
-8
-24
-56
-32
0
48
148
196
212
260
308
340
356
324
308
324
340
356
372
372
372
356
372
396
356
308
276
292
276
308
308
308
324
324
340
292
244
212
180
164
164
120
80
16
0
-16
-32
-48
-88
-112
-180
-164
-112
-112
-96
-64
-48
-32
-48
-80
-112
-180
-196
-180
-148
-148
-112
-132
-180
-180
-196
-196
-228
-180
-132
-96
-56
-32
8
56
72
48
24
16
0
-32
-40
-40
-40
-24
-32
-8
-8
-80
-104
-164
-212
-180
-148
-164
-164
-180
-196
-196
-212
-212
-212
-212
-212
-212
-196
-164
-164
-132
-132
-104
-104
-88
-132
-164
-196
-196
-196
-164
-72
-40
-40
-56
-64
-40
-40
0
96
164
180
196
212
228
180
164
180
196
228
244
276
276
292
276
292
292
260
212
180
164
212
260
276
260
228
196
180
164
104
48
0
-56
-88
-80
-56
-40
-16
-16
-16
-16
-48
-120
-132
-88
-40
-8
16
32
8
-16
-64
-72
-64
-80
-64
-56
-48
-32
-40
-64
-88
-72
-48
-8
8
32
48
56
48
56
112
148
148
164
180
196
180
164
120
104
64
32
32
16
8
0
-72
-148
-196
-196
-180
-164
-120
-120
-164
-164
-148
-196
-244
-260
-308
-308
-276
-228
-180
-212
-212
-228
-244
-260
-292
-276
-276
-276
-244
-180
-132
-96
-112
-120
-80
-40
-32
-48
-72
-80
-72
-56
8
64
132
180
180
164
196
276
292
340
396
460
492
492
460
372
396
372
372
396
396
372
308
260
196
164
132
80
80
96
96
64
0
-32
-56
-88
-88
-112
-148
-148
-148
-148
-132
-112
-120
-104
-104
-164
-180
-196
-228
-244
-244
-228
-180
