SAMPLES:	9157
BITSPERSAMPLE:	16
CHANNELS:	1
SAMPLERATE:	16000
NORMALIZED:	FALSE
-72
0
148
-72
-88
56
-88
48
8
-104
24
40
0
-96
-24
24
80
-72
-112
16
48
-16
-104
0
-16
80
0
-104
-16
-40
64
-40
-40
64
16
-16
-104
-8
40
0
-72
-16
88
0
-16
-112
0
64
-16
16
-8
40
-32
40
112
-132
32
56
-112
112
8
-16
8
-24
80
0
48
24
-24
0
88
40
-8
8
0
112
40
-64
16
0
16
0
64
96
-132
40
-64
32
180
-8
16
-40
88
64
80
-56
-48
64
88
104
16
-40
-48
16
16
120
96
-40
-32
0
80
16
0
24
-72
32
96
-32
0
-104
-8
0
16
148
-180
-80
24
-8
112
-164
-16
8
-132
64
-40
64
32
-212
-32
32
16
-24
-164
-48
40
72
0
-96
-24
0
-24
-24
-48
48
-24
-148
8
32
56
-48
-164
-56
0
88
0
-112
-48
8
40
-48
16
32
-132
8
-8
-16
148
-132
-112
0
56
104
-164
-48
16
-72
96
-24
-104
8
-40
-16
0
132
64
-196
16
-32
-8
164
-196
-40
72
-32
104
-8
-96
-40
104
48
8
24
0
-64
32
56
24
104
-96
0
72
64
80
32
-64
-72
96
180
0
-120
104
0
72
96
-104
-8
120
16
8
40
-16
72
-132
72
88
56
72
-180
48
48
132
80
-228
64
72
104
112
-148
0
-16
16
80
-16
72
88
-112
-24
72
48
-8
-104
-88
48
164
24
-56
-56
56
0
40
-8
-80
56
40
56
0
0
-40
-96
-48
104
104
-40
-64
-32
-8
24
40
-148
0
32
-32
16
-72
-24
-64
-56
56
-8
-56
-72
-40
-32
-40
48
-16
-40
56
-24
0
40
-132
-72
32
16
24
40
-32
-132
0
16
-48
-16
24
-24
8
56
-24
-24
-48
-56
-56
48
48
-48
-40
-48
-8
24
-24
-88
-8
-24
8
48
-48
-16
-32
-56
48
48
0
-40
-40
-8
16
40
-8
0
-16
-8
48
0
-24
-40
-64
8
48
8
0
-72
-56
16
8
48
24
-56
-8
8
24
56
-24
-80
-16
148
104
8
0
-88
24
72
0
80
40
-16
8
32
80
32
0
-16
24
112
88
-8
-48
16
56
112
80
-40
-16
32
16
24
56
8
8
48
48
56
16
-40
-80
0
56
80
40
-48
0
0
0
16
0
0
8
24
64
24
-16
-40
-40
32
40
-16
-32
-8
0
8
0
8
-24
-72
-8
0
24
0
0
-16
8
8
-32
0
-24
-32
-8
16
8
0
-24
-64
-24
16
-8
-32
-8
-32
-8
-8
-48
-48
-32
-32
-24
24
16
-72
-112
-56
16
8
16
-40
-56
0
-8
-24
-56
-24
-24
-24
0
0
-16
-72
-64
-24
24
16
-48
-56
-8
-8
-16
-32
-48
-40
-8
0
16
0
-56
-64
-32
16
40
16
-8
-24
-24
-8
-8
-8
-8
0
48
56
40
-8
-56
-16
32
64
72
40
40
32
16
40
16
24
40
16
56
104
80
0
-8
48
48
40
32
8
40
56
48
64
24
24
48
24
56
64
16
0
40
64
48
40
0
0
8
16
32
24
0
8
40
32
8
-40
-56
-16
16
32
24
0
-40
-40
0
0
-8
0
40
48
48
24
-32
-56
-48
0
40
32
-32
-40
0
-16
-8
-8
-24
-40
-16
-8
0
-16
-64
-80
-72
-48
-16
-64
-72
-24
-24
-48
-72
-72
-80
-72
-72
-40
-24
-40
-48
-64
-40
-24
-8
-24
-40
-8
24
0
-32
-48
-48
-8
0
0
16
8
0
-24
0
0
8
16
-8
24
32
0
-8
-32
-16
0
16
24
16
8
0
-16
0
8
0
0
16
40
32
0
-8
-8
0
24
40
16
16
24
40
48
56
72
32
32
64
56
32
0
0
32
32
32
40
0
0
8
24
16
32
48
32
32
56
88
72
40
64
80
48
16
32
32
40
72
72
64
48
48
24
0
0
16
24
24
8
16
-32
-80
-72
-56
-24
-48
-32
-32
-56
-64
-88
-104
-96
-80
-56
-40
-24
-8
-40
-64
-64
-56
-56
-64
-56
-32
-40
-24
-24
-48
-56
-64
-24
-16
-8
-24
-40
-80
-96
-40
-40
-48
-64
-96
-88
-72
-80
-56
-32
-16
0
-16
-24
0
48
80
80
96
148
132
72
80
120
164
132
112
148
196
196
148
148
164
180
164
148
148
180
164
96
56
80
80
48
-8
-16
8
0
-56
-132
-120
-104
-112
-132
-148
-164
-164
-164
-212
-212
-212
-244
-244
-212
-196
-180
-180
-228
-228
-164
-164
-164
-148
-148
-120
-132
-88
-80
-120
-88
-96
-80
-24
-8
-16
-32
-32
0
32
24
40
48
56
24
0
-8
-8
8
48
80
132
132
72
40
0
8
40
88
132
164
180
148
96
48
56
96
164
196
260
324
308
244
196
228
324
492
748
924
988
924
924
1052
1244
1308
1180
988
924
924
716
588
492
428
260
-40
-356
-620
-780
-1052
-1180
-1308
-1308
-1436
-1628
-1692
-1628
-1628
-1692
-1820
-1756
-1500
-1308
-1180
-1116
-1052
-988
-876
-780
-684
-588
-492
-492
-492
-372
-356
-428
-492
-524
-396
-292
-244
-212
-212
-132
0
120
196
308
396
428
492
588
684
748
748
716
748
780
716
652
556
620
652
652
652
620
588
492
396
340
324
324
276
212
340
396
396
356
260
196
148
64
0
8
-88
-56
0
180
556
1244
2364
3260
3516
3516
3516
3516
3132
2364
2108
2492
2876
2748
2108
1564
1116
244
-1244
-2364
-2620
-2620
-3004
-3516
-3388
-3132
-3388
-4092
-4348
-4092
-3772
-3644
-3644
-3004
-2236
-1820
-1628
-1244
-396
260
292
148
196
460
228
-148
-244
-292
-684
-1564
-2236
-2492
-2364
-2236
-1884
-1372
-844
-428
-556
-588
-396
-80
212
340
652
1180
1564
1500
1372
1116
876
652
396
324
340
276
0
-260
-244
-164
-132
-196
-292
-292
-308
-396
-428
-292
-64
64
148
428
620
684
556
428
460
652
748
748
684
588
556
212
-48
-40
620
1692
3132
4604
5628
6396
6140
5628
4860
4092
3644
3260
3132
3260
3132
2748
1820
748
-492
-1884
-3260
-3900
-4092
-3900
-3644
-3516
-3388
-3388
-3388
-3644
-3644
-3516
-3388
-3260
-2748
-2108
-1436
-988
-588
-428
-276
-212
-260
-492
-924
-1372
-1756
-2108
-2236
-2364
-2492
-2492
-2108
-1116
-356
56
48
0
-180
-308
-164
276
1052
1500
1756
1820
1756
1564
988
396
-104
-212
-428
-588
-684
-652
-748
-988
-1116
-1308
-1308
-1372
-1436
-1244
-1052
-716
-324
-56
324
780
988
988
988
1052
988
876
652
460
340
148
-72
-180
-196
-80
-8
132
428
924
1244
1436
1628
1756
1628
1372
1244
1692
2620
3644
4604
5372
6140
7420
7676
6908
5116
3644
2364
1692
1436
1564
1884
1884
1500
260
-1308
-2876
-4348
-5116
-5372
-5116
-4604
-4092
-3388
-3004
-3132
-3388
-3900
-4348
-4604
-4092
-3388
-2620
-2108
-1692
-1308
-924
-460
-460
-684
-1180
-1500
-1692
-1884
-2108
-2492
-2876
-3004
-2748
-2364
-1980
-1756
-1436
-988
112
1820
3260
3516
2876
1884
716
-620
-1500
-1436
-924
-212
56
96
-244
-716
-1500
-2364
-2364
-1628
-748
-164
748
1692
2108
1980
1564
1244
924
684
556
556
652
924
988
1052
1244
1372
1308
748
228
24
-120
-356
-372
-148
292
652
988
1244
1564
1884
1980
2108
2492
3004
3260
3004
2620
2236
1884
1980
2620
3388
4092
4604
5372
6652
7676
6652
3900
1372
244
244
196
148
748
1692
1500
-88
-2236
-3900
-4604
-5372
-6140
-5884
-4604
-3132
-2620
-2492
-2108
-1980
-2748
-4092
-4348
-3644
-2620
-2236
-2236
-1564
-556
164
196
-164
-620
-1372
-2236
-2876
-2876
-3004
-3516
-4092
-3900
-3004
-2492
-2364
-2492
-2236
-1564
-924
-356
652
2108
3132
3644
3644
3004
1372
-396
-1500
-1692
-1052
-276
244
396
244
-148
-748
-1244
-1116
-812
-276
748
2108
3132
3260
2748
2108
1180
324
-308
-748
-988
-1052
-1052
-876
-460
24
228
-16
-428
-556
-460
-396
-324
-32
396
780
1308
1692
1756
1756
1692
1756
2364
3132
3516
3388
2876
2236
1372
428
-164
16
812
1756
2620
4092
6140
7932
7932
5628
2620
748
524
620
556
1052
2236
3132
2364
180
-1980
-3260
-4348
-5628
-6140
-5116
-3388
-2236
-1692
-1244
-844
-1308
-2492
-3644
-3772
-2876
-2236
-2108
-1756
-876
112
524
244
-396
-1436
-2876
-3772
-3900
-3772
-4092
-4604
-4604
-3644
-2620
-1980
-1820
-1628
-1244
-748
-164
780
1820
3388
4860
4860
3516
1980
988
-372
-1820
-2364
-1308
132
620
164
-716
-988
-1180
-1628
-1980
-1052
588
1500
1884
2492
3260
2748
1116
-428
-988
-1052
-1244
-1564
-1692
-1372
-924
-588
-428
-212
-164
-524
-1052
-988
-244
260
180
164
780
1692
2364
2620
2492
2492
2620
3004
3388
3516
3516
3132
2364
1628
1052
524
212
244
716
1628
2620
3900
5884
7676
8316
6652
4092
1980
1308
748
48
56
1116
2236
1756
-180
-2108
-3388
-4604
-5884
-7164
-6652
-5116
-3772
-3004
-2108
-1116
-924
-2108
-3388
-3516
-2876
-2492
-2876
-3004
-2236
-924
-196
-396
-1116
-1756
-2492
-3132
-3516
-3900
-4348
-5116
-4860
-4092
-2492
-1372
-924
-748
-428
196
716
1436
2748
3772
4092
3388
2748
2620
1756
460
-372
148
812
844
196
-356
-620
-844
-1052
-1052
-260
492
1052
1308
1820
2364
2108
924
-196
-524
-620
-844
-1052
-988
-876
-556
-48
524
1052
1116
988
556
556
924
988
748
556
876
1500
1980
2492
2876
2748
2364
2364
2492
2492
2236
1980
1692
1180
924
812
556
24
-524
-652
8
1308
2748
3900
5372
7164
8316
7676
5372
3004
1372
396
-460
-812
-132
716
556
-988
-3004
-4092
-4860
-6140
-7420
-7420
-5884
-3900
-2236
-1308
-652
-588
-1308
-2364
-2876
-2620
-2364
-2748
-3132
-2620
-1244
-196
-132
-716
-1244
-1692
-2620
-3644
-4348
-4860
-5372
-5116
-4092
-2364
-924
-324
-324
-16
652
1308
1756
2876
4604
5372
4860
3516
2620
1820
428
-1372
-2108
-1500
-988
-1372
-2236
-2108
-1436
-924
-1244
-1116
-164
588
748
1052
1884
2492
1884
556
-132
-88
64
-260
-988
-1308
-876
-96
524
812
1052
988
620
396
652
988
780
276
212
988
1980
2620
2748
2620
2748
3004
3388
3644
3772
3516
3132
2620
2108
1756
1180
292
-588
-620
324
1436
2492
3516
5372
7164
8316
7676
5628
3132
1372
196
-780
-1180
-748
48
-48
-1436
-3004
-4092
-5116
-6396
-7164
-6908
-5372
-3516
-2108
-1180
-492
-88
-492
-1372
-1820
-1628
-1564
-2108
-2748
-2492
-1628
-924
-748
-1052
-1372
-1884
-2748
-3900
-4604
-5372
-5628
-5628
-4604
-2876
-1180
-80
620
1436
2620
3644
3644
3004
2108
1308
924
924
876
812
356
-556
-1500
-2236
-2748
-3260
-3772
-3644
-2748
-1180
164
988
1500
1820
1756
1436
1116
876
716
428
180
120
260
396
260
196
324
620
780
652
524
396
212
104
212
372
716
1052
1180
1436
1980
2748
3132
3516
3772
4092
4348
4092
3516
2876
2108
1436
748
276
0
-356
-844
-1180
-924
96
1244
2364
3644
5372
7420
8316
7676
5628
3260
1372
-24
-1180
-1756
-1436
-924
-1116
-2108
-3132
-4092
-4604
-5628
-6396
-5884
-4348
-2876
-1820
-988
-80
428
196
-356
-652
-652
-924
-1628
-2236
-2364
-1980
-1628
-1564
-1564
-1628
-2108
-2876
-3644
-4092
-4604
-4860
-4604
-3644
-2108
-652
340
1564
3004
4092
4348
3900
3260
1980
844
-372
-1052
-1564
-2108
-2492
-2620
-2492
-2620
-3004
-3516
-3644
-3004
-1980
-716
428
1500
2108
2364
2364
1980
1564
844
180
-228
-308
-132
132
228
340
556
812
1116
1244
1116
748
308
72
80
196
308
324
396
652
1244
1980
2748
3388
3772
4092
4348
4348
4092
3516
2620
1820
988
428
-112
-620
-1180
-1500
-1372
-652
524
1628
2748
4092
6140
8316
8828
7420
4860
2492
684
-748
-1820
-2236
-1756
-1244
-1628
-2620
-3388
-3644
-4348
-5628
-5884
-5116
-3260
-1820
-988
-24
780
924
148
-684
-876
-988
-1756
-2876
-3388
-2876
-2236
-1820
-1756
-1628
-1564
-1980
-2748
-3516
-4092
-4860
-5372
-4604
-2748
-780
556
1116
1628
2620
3388
3260
2108
1052
24
-988
-1980
-2364
-2236
-2108
-2108
-2236
-1820
-1500
-1628
-2108
-2108
-1180
292
1628
2364
2876
3388
3260
2492
1628
876
260
-244
-524
-228
260
588
716
716
780
1180
1564
1628
1436
1116
924
652
556
652
684
652
748
1116
1820
2492
3004
3516
3900
4092
4092
3516
2748
1980
1116
292
-372
-652
-684
-620
-716
-876
-876
-524
356
1436
2364
3260
4604
6396
8316
8316
6908
4348
2108
-48
-1884
-3388
-4092
-3900
-3132
-2876
-3004
-3260
-3516
-4092
-4860
-5116
-4348
-3132
-2364
-1564
-716
196
620
228
-340
-556
-684
-1308
-2364
-3260
-3644
-3772
-3772
-3388
-2876
-2620
-2748
-3132
-3516
-3772
-4092
-4604
-4348
-3516
-2236
-844
372
2108
3900
4860
4348
3004
1628
-40
-1980
-3388
-3644
-2748
-1564
-924
-556
-164
32
-180
-684
-396
396
1372
1980
2620
3388
3516
2876
1692
812
356
16
-292
-356
-96
292
716
1052
1500
2108
2364
2236
1884
1500
1052
492
-132
-396
-196
132
428
844
1436
2108
2748
3260
3772
4092
4092
4092
3516
2876
2108
1244
556
132
-64
-72
-356
-524
-556
-524
-88
780
1980
2876
3516
4604
6140
7676
7932
6396
4092
1820
-40
-1756
-3132
-3516
-3004
-2236
-2236
-2748
-3132
-3388
-4092
-4860
-5372
-5116
-4092
-3004
-2236
-1372
-620
-396
-812
-1244
-1244
-1244
-1884
-3004
-3900
-4092
-4092
-4092
-3900
-3516
-3260
-3388
-3516
-3644
-3900
-4348
-4604
-4348
-3516
-1980
-588
1116
3388
4860
5116
3516
1980
428
-1436
-3260
-3644
-2492
-1116
-428
-260
132
396
228
-556
-924
-396
396
924
1436
2492
3132
2748
1564
844
780
748
356
-16
64
556
1244
1884
2492
2876
3132
2620
1980
1756
1372
556
-460
-812
-428
120
372
652
1244
1980
2620
3388
4092
4348
4348
4092
3772
3516
3132
2364
1436
924
748
556
112
-428
-748
-988
-988
-556
492
1500
2108
2748
3772
5372
6908
7164
6140
4348
2492
844
-844
-2236
-2876
-2748
-2492
-2620
-3004
-3388
-4092
-4604
-5372
-5628
-5372
-4604
-3644
-2748
-1692
-748
-324
-324
-340
-324
-396
-924
-1756
-2620
-3516
-4092
-4348
-4092
-4092
-3644
-3516
-3388
-3260
-3260
-3516
-3772
-3644
-3132
-2364
-1372
-244
988
3004
5116
5628
4348
2364
620
-1372
-3132
-4348
-3644
-1980
-292
652
988
1244
924
72
-924
-812
244
924
1244
1980
3260
3516
2492
1244
684
524
244
-40
-180
-16
308
652
1052
1820
2492
2492
1756
1052
716
104
-876
-1628
-1500
-716
132
924
1756
2492
2876
3260
3516
3900
4092
3772
3260
2748
2364
1692
924
196
-228
-428
-716
-1052
-1052
-588
180
988
1820
2620
3900
5372
6908
7676
7420
5884
3900
1820
0
-1500
-2364
-2748
-2748
-2748
-3260
-3644
-4348
-4860
-5372
-5372
-4860
-4092
-3260
-2364
-1116
-72
524
524
324
228
48
-356
-1180
-2108
-2876
-3388
-3772
-3900
-3900
-3516
-3516
-3644
-3644
-3388
-3388
-3516
-3516
-3004
-2108
-988
-16
812
1628
2364
2748
2748
2236
1500
428
-588
-1436
-1820
-1884
-1500
-988
-372
32
88
-8
-180
-132
-8
276
652
1180
1692
2236
2748
2748
2492
2108
1628
1116
780
588
324
-16
-244
-180
64
212
132
-112
-276
-112
164
324
460
780
1116
1436
1756
2236
2620
2748
2748
3004
3388
3388
3260
2748
2108
1308
492
-196
-492
-460
-620
-988
-1308
-1244
-748
-24
780
1436
2236
3260
4604
6140
6908
6652
5628
4092
2236
340
-1500
-2748
-3516
-3772
-4092
-4348
-4092
-4092
-4348
-4604
-4348
-3900
-3516
-3004
-2236
-1052
-8
524
556
428
228
-212
-812
-1436
-2108
-3004
-3772
-4092
-4092
-3900
-3516
-3388
-3132
-2876
-2748
-2748
-2620
-2236
-988
460
1500
1820
1980
2620
2620
1980
1308
1180
1180
524
-428
-1052
-1052
-988
-1244
-1564
-1180
-652
-652
-780
-212
924
1500
1436
1500
2108
2748
2620
2236
1756
1372
988
652
556
716
924
684
244
164
396
260
-324
-748
-524
-104
120
308
652
988
1116
1116
1372
1820
2108
2108
2236
2492
2876
2876
2620
2236
1980
1564
988
396
-16
-276
-620
-876
-652
-40
748
1436
2108
2492
3004
4092
5116
5884
5884
5116
4092
2620
748
-1308
-2876
-3516
-3772
-4092
-4604
-4604
-4348
-4092
-4348
-4092
-3516
-2876
-2364
-1884
-924
0
324
112
-148
-148
-228
-748
-1564
-2236
-2620
-3132
-3644
-3772
-3644
-3388
-3260
-3132
-2748
-2492
-2364
-2492
-2364
-1980
-1308
-556
260
1052
1628
1980
1980
1564
988
260
-428
-780
-844
-748
-684
-876
-988
-924
-716
-716
-924
-844
-428
196
812
1436
1980
2236
2364
2236
2108
1980
1564
924
340
72
196
356
356
308
308
340
396
524
620
716
844
988
1180
1500
1820
1980
1980
1884
1980
2108
2236
2492
2620
2492
2364
2364
2236
1980
1500
924
356
0
-132
-196
-148
24
620
1500
2364
2876
3132
3516
4348
5116
5116
4604
4092
3004
1500
-396
-1884
-2364
-2492
-2876
-3644
-3900
-3772
-3516
-3516
-3772
-3516
-3004
-2620
-2108
-1244
-228
212
-88
-716
-876
-716
-988
-1756
-2492
-2876
-3004
-3132
-3132
-3004
-3004
-3132
-3260
-3004
-2620
-2492
-2876
-2492
-1116
-64
88
-428
-308
324
244
-276
-308
460
588
-260
-1180
-1180
-524
-588
-1244
-1692
-1244
-924
-1180
-1180
-396
340
164
-228
56
1052
1500
1180
684
588
716
684
556
588
716
428
0
-40
524
812
292
-324
-244
396
780
812
924
1244
1564
1692
1884
2364
2620
2492
2236
2364
2876
3260
3132
2876
2620
2492
2364
2108
1980
1564
988
492
292
588
1052
1692
2236
2876
3388
4092
4604
5372
5628
5116
4348
3388
2492
1052
-684
-1980
-2236
-2108
-2236
-2876
-3260
-3388
-3516
-3900
-4092
-3900
-3260
-3004
-2492
-1244
132
780
372
-276
-620
-748
-1180
-1884
-2492
-2876
-3260
-3516
-3260
-3004
-2748
-3132
-3388
-3132
-2876
-2876
-3260
-3516
-3132
-2236
-1500
-324
1500
3004
3388
2876
1980
844
-988
-3004
-4092
-3516
-2492
-1692
-1372
-988
-620
-876
-1500
-2108
-1980
-1820
-1692
-988
524
1820
2108
1820
1436
1180
716
-16
-556
-780
-652
-396
96
876
1628
1980
1756
1500
1500
1308
780
88
-324
-164
260
748
1436
2108
2492
2620
2748
3260
3772
3900
3772
3516
3516
3516
3388
2876
2364
1692
1052
492
112
-8
16
396
1308
2620
3644
4348
4860
5372
5884
5628
4860
3388
2108
524
-988
-1820
-1884
-1628
-1980
-2748
-3388
-3644
-3772
-4092
-4604
-4348
-3900
-3388
-2620
-1436
-324
112
-276
-684
-812
-924
-1436
-2108
-2620
-2876
-2876
-2876
-2748
-2492
-2492
-3004
-3388
-3260
-3004
-3004
-3260
-3132
-2108
-588
308
228
-196
-212
-148
-120
-48
396
876
396
-556
-1244
-1180
-1052
-1436
-1980
-1884
-1244
-988
-988
-812
-196
56
-56
0
524
1244
1308
1116
1116
1308
1308
1116
1180
1500
1628
1372
924
812
812
620
120
-164
40
396
556
620
876
1244
1244
1180
1436
1980
2364
2492
2748
3004
3260
3260
3004
3004
3004
2876
2620
2492
2364
1980
1308
588
32
-292
-356
104
1116
2236
2876
3132
3388
3900
4604
4604
4092
3388
2492
1436
80
-1116
-1756
-1884
-2236
-2876
-3516
-3772
-3772
-4092
-4348
-4348
-4092
-3644
-3260
-2364
-1372
-556
-460
-812
-924
-876
-988
-1436
-1980
-2364
-2620
-2876
-3004
-3004
-2876
-3132
-3388
-3388
-3132
-2876
-3004
-3260
-3132
-2748
-1756
-32
1180
1692
1500
1116
492
-308
-844
-844
-260
8
120
112
180
228
-228
-924
-1308
-1116
-988
-812
-16
1052
1564
1500
1308
1308
1308
1052
812
684
684
684
924
1436
1980
2236
2108
1756
1564
1436
1116
588
196
104
64
112
428
876
1308
1372
1372
1692
2108
2492
2620
2620
2876
3004
3132
3260
3260
2876
2492
1884
1244
684
120
-228
-324
56
924
1980
2620
2876
3004
3388
3900
4092
3772
3132
2236
1372
244
-588
-988
-1052
-1500
-2364
-3132
-3516
-3516
-3772
-4092
-4348
-4092
-3900
-3644
-3004
-2108
-1564
-1564
-1756
-1756
-1500
-1372
-1628
-1980
-2236
-2364
-2492
-2620
-2620
-2876
-3132
-3260
-3260
-3132
-2876
-3004
-3132
-3132
-2876
-2364
-1180
780
2236
2236
1564
924
276
-716
-1500
-1180
-64
524
460
276
396
340
-292
-988
-1244
-924
-748
-556
372
1628
2108
1564
988
988
1052
620
308
588
1116
1372
1628
2108
2748
2748
2236
1436
1052
1052
780
260
-32
244
588
556
524
812
1116
988
924
1500
2236
2620
2876
2876
2876
3004
2876
2620
2492
2108
1756
1180
620
396
428
428
460
924
1692
2364
2748
2876
3132
3516
4092
4092
3644
2876
2236
1372
356
-428
-748
-780
-1244
-1980
-2620
-2876
-3132
-3516
-3900
-4092
-3900
-3644
-3516
-3004
-2364
-1692
-1500
-1628
-1500
-1180
-1116
-1436
-1820
-1980
-2236
-2492
-2748
-2620
-2620
-2748
-3004
-3004
-3132
-3260
-3516
-3772
-3772
-3516
-3132
-2492
-1628
-260
1980
3644
3516
2108
620
-428
-1756
-2748
-2492
-876
372
588
460
460
340
-620
-1692
-2108
-1308
-340
88
780
2108
3132
2748
1756
1052
924
812
428
460
876
1244
1244
1500
1980
2492
2364
1756
1180
988
1180
924
428
-16
-56
96
340
812
1436
1820
1756
1980
2492
3260
3516
3388
3260
3004
2748
2748
2492
1884
988
292
-32
-180
164
1116
1980
2236
2364
2748
3260
3772
4092
4092
3388
2748
2236
1564
716
-112
-524
-748
-1372
-2108
-2876
-3260
-3644
-4092
-4860
-4860
-4604
-4092
-3900
-3516
-2748
-2236
-2364
-2748
-2748
-2236
-1980
-1980
-1884
-1436
-988
-924
-1116
-1436
-1756
-2236
-2876
-3132
-3132
-3004
-3004
-3132
-2620
-1820
-1372
-1692
-2108
-1692
-1180
-924
-780
8
1180
1628
1308
988
1244
1500
1116
324
132
276
196
-88
16
460
492
148
-164
-8
460
620
716
924
1244
1564
2108
2492
2620
2492
2364
1980
1436
1244
1244
1244
924
748
844
988
988
780
652
620
428
396
716
1116
1500
1756
1980
2364
2492
2620
2620
2620
2492
2364
2236
1980
1628
1372
1180
844
460
428
684
924
1052
1052
1052
988
1116
1500
1980
2108
1980
1628
1372
1116
812
292
-372
-924
-1308
-1820
-2364
-2748
-3004
-3132
-3516
-3772
-4092
-4092
-4092
-3772
-3644
-3516
-3260
-3004
-2620
-2364
-1980
-1692
-1500
-1500
-1500
-1436
-1372
-1308
-1308
-1372
-1436
-1500
-1564
-1756
-2108
-2236
-2364
-2364
-2364
-2236
-1820
-1308
-924
-524
0
524
876
1116
1308
1564
1564
1500
1372
1180
924
524
196
64
88
164
164
244
492
844
988
1180
1372
1564
1692
1628
1756
1884
2108
2108
1980
1980
2108
2108
1980
1820
1692
1692
1564
1180
748
684
780
716
588
620
652
748
924
1244
1628
1692
1692
1692
1820
1884
1884
1692
1500
1244
1116
1052
988
876
716
460
228
48
56
-24
-292
-396
-212
148
340
372
356
324
148
-164
-556
-988
-1436
-1820
-2108
-2236
-2236
-2108
-2108
-2236
-2236
-2364
-2364
-2364
-2364
-2364
-2236
-2108
-1884
-1756
-1628
-1500
-1564
-1628
-1564
-1308
-1116
-1052
-1116
-1116
-1116
-1052
-988
-988
-1116
-1116
-1116
-1244
-1372
-1436
-1500
-1628
-1692
-1308
-684
-164
164
396
716
1052
1244
1244
1180
1052
924
844
780
620
396
276
196
292
428
748
988
1116
1244
1500
1820
2108
2236
2108
1884
1980
2108
1980
1756
1500
1308
1180
1116
1052
876
748
652
588
652
684
652
652
588
588
716
876
1052
1244
1372
1372
1308
1372
1372
1308
1244
1116
1052
924
748
556
324
80
-164
-396
-524
-716
-844
-844
-716
-524
-308
-88
0
-120
-292
-428
-556
-748
-924
-1244
-1500
-1692
-1756
-1692
-1628
-1628
-1564
-1372
-1308
-1180
-1052
-1116
-1244
-1244
-1308
-1308
-1436
-1500
-1564
-1628
-1756
-1820
-1756
-1692
-1500
-1372
-1244
-1116
-924
-844
-924
-924
-924
-924
-844
-716
-620
-556
-524
-524
-556
-524
-276
-80
80
260
556
924
1244
1436
1372
1180
812
460
356
372
356
356
356
524
748
988
1116
1308
1564
1820
2108
2236
2236
2364
2236
2108
1980
1884
1692
1308
924
620
396
244
260
276
292
324
396
524
652
748
748
780
780
924
1116
1308
1436
1436
1308
1116
812
556
460
292
8
-196
-276
-260
-148
-24
148
260
308
324
244
104
-40
-180
-308
-372
-372
-396
-492
-748
-988
-1244
-1500
-1756
-1980
-1980
-2108
-2108
-1980
-1692
-1500
-1372
-1180
-924
-812
-748
-844
-1116
-1372
-1500
-1628
-1628
-1500
-1308
-1244
-1244
-1052
-844
-748
-924
-1052
-1052
-1052
-924
-748
-588
-460
-324
-292
-276
-372
-492
-556
-620
-556
-396
-180
24
292
556
748
924
988
924
812
652
428
276
292
396
556
652
716
812
876
924
988
1052
1244
1436
1628
1756
1756
1628
1308
1052
844
812
780
716
588
556
556
524
460
460
524
620
780
1052
1372
1500
1372
1180
988
988
1052
1116
1244
1244
1308
1308
1180
1052
988
924
844
716
620
524
396
244
196
148
-24
-244
-396
-460
-620
-844
-1116
-1372
-1564
-1756
-1884
-1980
-1980
-2108
-2364
-2364
-2492
-2364
-2364
-2364
-2236
-1980
-1564
-1052
-780
-716
-684
-588
-556
-684
-780
-988
-1244
-1436
-1436
-1308
-1116
-1052
-1052
-988
-780
-556
-324
-132
-96
-112
8
228
460
588
588
524
460
428
372
340
292
324
396
524
652
748
924
1052
1052
988
844
748
652
524
356
292
396
620
924
1116
1180
1180
1244
1244
1308
1308
1180
1052
988
988
988
924
716
460
372
396
396
460
460
460
492
524
620
716
844
924
1052
1180
1308
1436
1500
1500
1500
1308
1244
1244
1308
1308
1116
780
492
148
-276
-652
-924
-1116
-1180
-1180
-1180
-1244
-1436
-1628
-1692
-1628
-1564
-1564
-1628
-1628
-1628
-1692
-1884
-2108
-2364
-2492
-2492
-2364
-2236
-2108
-1980
-1980
-1820
-1436
-1052
-812
-684
-460
-276
-164
-164
-396
-684
-988
-1244
-1308
-1180
-1052
-924
-748
-620
-396
-96
80
132
180
324
524
748
924
988
924
716
652
748
844
844
844
844
924
1180
1436
1628
1692
1692
1564
1308
988
716
524
324
148
88
228
460
748
876
844
924
988
1116
1244
1372
1564
1628
1564
1500
1436
1244
924
524
356
356
492
780
1116
1372
1564
1628
1500
1308
1116
844
652
684
924
1116
1180
1052
876
748
524
212
-80
-308
-492
-556
-556
-556
-620
-876
-1308
-1628
-1820
-1980
-1980
-1980
-1980
-1820
-1692
-1628
-1564
-1500
-1564
-1692
-1756
-1820
-1820
-1884
-1980
-2108
-2236
-2236
-2236
-2108
-2108
-1980
-1820
-1500
-1116
-812
-556
-308
-96
-32
-56
-148
-308
-460
-684
-812
-844
-844
-780
-684
-524
-244
132
356
396
396
460
524
588
620
684
748
748
748
844
988
1052
1116
1116
1180
1308
1372
1308
1372
1308
1244
1180
1116
988
924
812
780
716
748
844
988
1116
1308
1436
1500
1500
1500
1564
1436
1308
1180
1180
1308
1436
1500
1372
1244
1116
1116
1052
1052
988
988
876
716
556
372
164
-148
-460
-652
-652
-556
-428
-396
-460
-524
-652
-780
-924
-1116
-1180
-1244
-1180
-1180
-1180
-1244
-1308
-1372
-1500
-1436
-1244
-1116
-1052
-924
-924
-876
-876
-988
-1116
-1308
-1436
-1500
-1500
-1500
-1436
-1372
-1308
-1180
-988
-780
-620
-524
-340
-148
-32
48
104
132
112
0
-88
-196
-340
-492
-556
-588
-620
-556
-460
-308
-48
228
428
524
556
588
556
492
428
308
292
228
164
148
80
24
16
24
164
356
588
812
924
924
988
924
924
988
988
988
924
1052
1180
1308
1372
1308
1244
1116
1244
1372
1564
1692
1756
1628
1436
1244
1116
988
748
588
620
684
748
716
652
556
356
104
-164
-460
-748
-988
-1244
-1372
-1372
-1372
-1372
-1308
-1116
-988
-924
-988
-988
-1116
-1116
-1052
-988
-812
-652
-620
-620
-684
-716
-780
-876
-988
-1052
-988
-924
-844
-812
-844
-812
-812
-876
-988
-1052
-1052
-1052
-988
-812
-620
-396
-260
-112
32
120
244
372
428
492
428
340
308
324
292
212
164
132
104
120
132
196
244
244
244
324
428
556
652
652
556
492
428
340
196
64
48
164
260
396
684
1052
1308
1372
1500
1500
1500
1436
1308
1244
1116
1052
988
988
1116
1244
1308
1244
1116
1052
988
988
924
988
1116
1180
1180
1116
924
620
196
-212
-620
-924
-1052
-1052
-876
-812
-844
-988
-1052
-1244
-1372
-1436
-1564
-1628
-1692
-1628
-1500
-1372
-1180
-1052
-988
-876
-812
-748
-780
-812
-924
-1052
-1116
-1116
-1116
-1052
-1052
-1180
-1180
-1052
-844
-716
-652
-588
-524
-492
-396
-372
-372
-396
-524
-492
-292
-112
-24
24
96
164
164
196
196
212
244
292
396
524
684
748
684
620
588
556
460
308
112
0
-32
-16
0
16
56
120
132
164
260
308
372
340
372
524
620
652
684
652
652
652
684
812
988
1116
1180
1244
1372
1500
1500
1436
1244
1116
924
812
748
812
924
988
988
988
988
924
876
748
620
556
524
460
428
396
324
148
-132
-460
-684
-876
-1052
-1180
-1180
-1180
-1180
-1116
-1052
-1052
-1116
-1180
-1244
-1180
-1116
-988
-924
-812
-716
-588
-588
-588
-652
-780
-924
-988
-1052
-1052
-988
-876
-716
-620
-556
-460
-396
-308
-276
-196
-180
-164
-132
-132
-244
-324
-356
-428
-492
-460
-340
-148
48
196
324
428
396
396
396
356
396
428
492
620
780
844
684
524
308
104
-132
-340
-396
-356
-212
-56
132
260
324
324
324
372
372
460
492
460
492
556
556
524
428
428
524
684
812
924
988
924
924
876
876
924
780
652
588
492
356
196
40
-48
-132
-292
-372
-292
-244
-276
-356
-460
-556
-620
-684
-716
-748
-844
-924
-988
-1052
-988
-924
-924
-924
-748
-588
-460
-396
-396
-428
-428
-396
-340
-292
-196
-104
-48
0
56
132
104
-16
-132
-132
-48
0
0
0
24
96
196
292
396
396
428
428
460
588
620
556
460
428
428
396
324
228
88
-8
-56
8
132
196
228
196
132
180
196
148
88
64
88
148
212
244
276
228
120
120
120
80
16
-72
-132
-164
-72
24
32
80
164
260
428
524
556
620
652
652
652
556
428
292
164
132
212
276
308
308
228
148
-16
-196
-372
-428
-492
-492
-428
-372
-356
-460
-620
-780
-924
-988
-1052
-1052
-988
-924
-876
-812
-748
-748
-812
-924
-1052
-988
-876
-748
-684
-652
-652
-588
-556
-460
-428
-460
-524
-492
-372
-244
-96
24
228
396
556
652
652
556
396
244
148
104
148
228
324
428
588
652
684
716
748
780
780
748
748
780
748
716
684
588
460
372
276
164
120
96
24
48
148
196
324
372
396
396
340
308
308
396
428
492
620
652
652
620
460
292
148
32
-48
-48
0
16
-8
-48
-40
-48
-8
56
180
260
276
356
428
492
396
244
0
-164
-260
-324
-356
-396
-428
-492
-524
-620
-716
-844
-1052
-1180
-1244
-1180
-1052
-988
-924
-924
-924
-924
-924
-924
-924
-844
-780
-620
-460
-372
-212
-180
-180
-196
-196
-148
-148
-148
-164
-120
-24
56
80
56
48
80
64
132
228
396
556
652
748
780
716
556
396
260
196
196
196
228
356
524
716
844
812
812
780
716
620
524
492
460
428
428
460
460
372
308
196
96
64
8
-64
-148
-228
-260
-260
-196
-132
-148
-132
-112
-24
96
212
260
276
372
492
524
524
460
340
228
120
72
48
-56
-180
-260
-356
-396
-340
-260
-196
-164
-164
-196
-260
-324
-428
-588
-684
-716
-748
-716
-620
-588
-556
-524
-492
-556
-652
-780
-844
-844
-748
-620
-492
-428
-372
-340
-324
-308
-324
-356
-396
-428
-340
-212
-96
-48
0
40
56
104
120
164
244
324
372
356
396
524
524
524
492
492
524
524
524
588
684
748
876
988
1052
1052
1052
988
844
748
684
588
524
460
428
324
260
260
260
244
148
72
24
-8
-24
0
24
0
16
56
88
120
112
40
-40
-148
-244
-324
-340
-356
-372
-260
-196
-164
-120
-72
-80
-96
-72
-56
-32
-16
-8
-24
-64
-96
-104
-228
-396
-492
-556
-652
-780
-844
-924
-988
-924
-876
-812
-716
-620
-620
-556
-524
-492
-492
-556
-588
-556
-492
-428
-356
-228
-212
-244
-308
-340
-396
-492
-588
-620
-556
-428
-276
-180
-88
8
132
244
340
396
396
428
428
428
460
524
492
396
372
396
428
460
460
460
492
492
556
652
684
716
716
748
748
812
876
876
876
924
924
924
924
876
844
780
684
620
556
460
324
164
64
32
8
-24
-32
-24
16
16
56
164
244
308
308
356
396
356
292
228
88
-72
-260
-428
-620
-780
-876
-924
-924
-844
-652
-492
-428
-396
-396
-396
-372
-396
-372
-396
-396
-396
-396
-428
-428
-524
-684
-876
-988
-1116
-1244
-1244
-1180
-1052
-924
-812
-652
-556
-428
-372
-292
-260
-196
-132
-96
-16
48
104
132
132
104
48
0
-48
-104
-148
-196
-228
-196
-132
-32
104
244
356
460
588
652
716
748
780
812
748
684
620
492
428
372
396
396
396
460
524
588
588
556
556
524
428
428
524
588
620
620
620
652
652
588
524
428
324
196
120
40
-64
-196
-308
-372
-428
-396
-356
-308
-196
-120
-8
72
132
180
212
228
244
276
292
228
164
80
-16
-112
-244
-428
-524
-588
-652
-716
-684
-652
-588
-460
-324
-212
-148
-164
-212
-228
-212
-228
-228
-180
-180
-228
-244
-260
-372
-492
-684
-812
-876
-924
-988
-924
-876
-748
-588
-428
-276
-196
-228
-228
-164
0
132
212
292
356
396
396
396
324
212
48
-48
-132
-180
-164
-244
-180
-40
148
396
524
652
780
812
844
876
812
748
684
556
460
428
356
292
244
212
260
356
460
492
524
556
524
428
372
324
276
196
180
164
196
244
260
244
196
104
-16
-104
-148
-148
-164
-228
-308
-372
-396
-428
-396
-340
-324
-292
-228
-164
-48
48
132
196
244
260
228
132
-40
-212
-396
-524
-620
-620
-588
-556
-524
-460
-396
-308
-292
-260
-212
-196
-180
-164
-132
-132
-132
-120
-120
-148
-148
-132
-164
-292
-428
-460
-492
-524
-556
-492
-428
-356
-276
-244
-196
-104
0
56
164
340
492
652
812
876
924
844
716
620
492
324
196
112
16
-72
-120
-164
-180
-148
-56
32
180
340
492
620
684
684
620
556
396
276
164
32
-48
-132
-260
-292
-260
-276
-292
-292
-276
-228
-164
-48
56
96
96
96
56
8
-24
-120
-148
-164
-132
-88
-56
-16
-88
-180
-276
-396
-428
-492
-524
-524
-460
-308
-164
8
148
228
244
260
260
244
244
164
120
120
56
0
-80
-212
-372
-460
-492
-460
-396
-324
-180
-40
40
88
132
148
120
112
132
164
212
324
396
396
340
308
276
212
148
48
-24
-88
-148
-120
-104
-104
-112
-148
-132
8
88
132
212
260
324
460
524
524
524
492
396
276
180
96
0
-104
-180
-244
-276
-308
-340
-324
-276
-148
-40
120
260
372
356
356
340
276
228
120
16
-40
-148
-260
-324
-396
-460
-460
-428
-356
-260
-132
-16
72
164
228
228
196
164
164
148
164
104
64
48
0
0
-32
-80
-112
-196
-308
-356
-372
-396
-428
-460
-396
-308
-180
-56
0
32
32
24
8
-8
-40
-88
-148
-148
-164
-228
-324
-372
-428
-492
-492
-460
-372
-292
-196
-120
-56
32
80
88
88
80
88
72
96
132
148
180
164
164
164
112
64
-24
-80
-104
-148
-132
-80
-64
-32
8
48
104
196
228
292
340
372
428
460
460
460
460
492
428
396
308
196
96
16
-32
-56
-24
-16
-16
80
212
340
460
524
556
492
460
372
292
212
132
16
-72
-120
-164
-212
-260
-324
-340
-324
-292
-196
-112
-40
24
72
112
132
132
132
132
104
148
164
212
228
212
180
112
64
0
-120
-260
-356
-428
-492
-492
-428
-372
-324
-228
-96
16
132
196
228
228
212
164
132
88
64
16
-40
-120
-212
-276
-324
-356
-356
-276
-196
-148
-88
-24
32
56
16
0
0
-32
-56
-72
-64
-24
8
-24
-104
-164
-228
-292
-340
-356
-428
-460
-492
-492
-492
-460
-428
-396
-340
-196
-96
-16
80
164
180
132
112
96
80
64
16
-40
-88
-164
-244
-340
-396
-428
-396
-372
-308
-196
-88
56
196
324
396
372
340
308
244
212
148
80
40
48
88
120
132
112
72
40
80
148
260
276
324
396
396
428
460
492
428
372
340
324
324
340
356
396
396
396
356
308
228
104
0
-112
-180
-164
-72
-8
80
164
244
340
372
356
372
356
308
244
196
132
96
40
-24
-88
-132
-180
-244
-292
-276
-228
-148
-88
-8
72
132
132
112
120
120
120
72
72
64
16
-8
-32
-96
-164
-164
-212
-260
-276
-260
-292
-356
-428
-428
-428
-396
-324
-212
-120
-104
-80
-16
-32
-64
-80
-132
-164
-228
-276
-340
-356
-396
-460
-492
-524
-524
-524
-492
-396
-356
-308
-196
-88
-16
32
88
104
88
24
-48
-112
-180
-212
-212
-228
-196
-164
-104
-96
-72
-16
24
48
132
228
324
460
524
556
524
460
396
340
276
276
244
228
244
212
148
40
-48
-104
-164
-244
-276
-244
-244
-196
-72
40
148
212
276
260
228
180
132
104
80
80
120
148
132
132
56
0
-112
-180
-212
-180
-132
-72
24
112
180
212
244
228
228
260
324
396
428
428
428
428
460
460
372
260
180
132
120
132
96
32
-8
-72
-120
-96
-72
-56
-24
24
80
104
148
120
72
8
-48
-132
-180
-244
-308
-324
-324
-292
-308
-356
-396
-428
-428
-356
-276
-196
-112
-56
-24
-8
40
48
48
-24
-104
-148
-196
-196
-180
-180
-164
-180
-148
-96
-8
56
64
132
164
260
340
340
340
324
276
212
212
228
228
196
196
212
212
164
56
-56
-132
-244
-324
-372
-396
-396
-396
-372
-244
-132
-64
-64
-120
-196
-244
-308
-340
-372
-340
-308
-276
-212
-180
-180
-228
-260
-260
-308
-308
-324
-308
-276
-244
-180
-148
-112
-72
-16
24
48
88
104
120
132
96
96
96
80
72
24
-8
-40
-72
-96
-132
-148
-164
-132
-96
-48
32
112
180
244
308
340
340
308
292
260
228
196
132
120
132
132
132
120
112
64
40
72
148
276
372
492
556
588
588
588
556
524
460
428
396
372
396
396
428
428
356
356
340
340
292
292
308
340
396
428
428
396
396
324
308
260
244
244
196
164
132
104
32
-48
-180
-292
-372
-428
-492
-524
-556
-620
-588
-556
-524
-460
-460
-460
-460
-492
-524
-556
-588
-588
-556
-492
-428
-396
-372
-372
-428
-524
-556
-556
-524
-524
-492
-460
-396
-356
-324
-276
-244
-228
-244
-276
-212
-196
-196
-180
-148
-72
-32
-8
-64
-112
-180
-260
-308
-340
-428
-428
-396
-396
-260
-132
0
88
148
196
276
324
340
372
340
324
292
260
228
164
80
8
-40
-56
-32
0
56
148
244
396
460
524
588
652
684
684
684
716
684
652
588
556
524
460
428
396
396
356
340
372
428
492
524
588
620
620
588
556
524
460
356
324
276
212
164
132
56
-24
-132
-244
-292
-372
-428
-460
-460
-460
-428
-428
-372
-324
-324
-308
-292
-308
-292
-308
-324
-292
-276
-244
-244
-244
-212
-228
-276
-308
-396
-428
-492
-524
-524
-524
-460
-396
-372
-324
-276
-212
-180
-148
-96
-80
-40
-24
-24
-40
-32
-24
0
56
64
32
-24
-104
-196
-276
-340
-372
-340
-276
-196
-96
8
72
132
196
260
324
340
340
276
228
212
164
104
64
56
48
16
-16
-24
0
24
72
148
196
308
396
460
492
492
460
396
372
340
308
244
164
96
88
40
0
-32
-32
-8
48
132
164
180
120
72
32
-24
-72
-112
-148
-180
-180
-148
-132
-164
-212
-308
-396
-460
-556
-588
-588
-556
-492
-372
-244
-164
-112
-96
-120
-180
-196
-180
-180
-164
-112
-48
8
80
96
72
56
32
8
-8
-8
-16
0
64
132
180
196
212
196
196
244
292
292
292
276
260
292
308
340
396
428
428
460
460
428
372
260
180
120
16
-48
-104
-120
-132
-80
8
72
148
196
244
292
356
372
396
340
308
292
244
148
48
-8
-64
-148
-196
-180
-148
-96
-32
8
96
180
212
228
196
180
196
164
164
180
148
48
-56
-164
-260
-324
-372
-372
-356
-324
-260
-196
-180
-148
-180
-244
-340
-428
-460
-492
-492
-492
-428
-396
-428
-428
-460
-524
-652
-748
-812
-812
-748
-716
-620
-524
-428
-396
-372
-356
-396
-396
-372
-356
-340
-292
-228
-148
-96
-32
8
16
0
0
-8
-16
0
64
112
164
244
324
372
396
396
396
428
428
428
372
372
372
356
428
492
492
524
556
556
556
588
556
492
460
372
308
276
244
244
212
228
244
276
340
372
428
524
524
524
524
492
428
428
356
276
212
196
148
80
80
48
40
48
80
132
180
196
228
228
212
212
196
132
72
8
-80
-148
-196
-276
-340
-372
-396
-396
-372
-324
-292
-244
-228
-212
-196
-164
-180
-180
-180
-196
-164
-164
-180
-212
-276
-324
-396
-492
-492
-588
-620
-588
-588
-556
-492
-428
-396
-340
-276
-276
-260
-260
-292
-292
-308
-292
-244
-228
-228
-212
-196
-196
-212
-228
-276
-292
-292
-260
-212
-112
-24
16
56
48
16
-24
-56
-40
-48
-56
-8
64
112
180
228
228
260
276
276
244
228
164
148
132
104
112
104
72
112
148
212
292
340
356
396
428
460
524
492
492
428
356
276
244
164
120
104
80
80
104
132
132
148
180
180
212
228
212
196
196
212
228
228
196
148
88
16
-48
-112
-148
-148
-164
-132
-64
0
32
72
96
104
96
88
80
48
16
8
8
-8
0
0
-40
-120
-164
-212
-228
-244
-276
-292
-292
-276
-276
-276
-260
-228
-196
-164
-132
-96
-48
-8
0
8
16
0
0
-16
-32
-56
-64
-72
-104
-96
-104
-96
-32
16
88
148
212
260
244
228
196
164
148
132
164
228
276
276
260
228
180
132
104
72
32
-8
-40
-72
-64
-64
-72
-72
-96
-112
-132
-132
-88
-80
-80
-48
-8
-8
-8
-32
-88
-180
-260
-340
-396
-428
-428
-428
-460
-460
-428
-396
-372
-356
-340
-308
-292
-276
-228
-228
-292
-308
-292
-292
-292
-276
-260
-244
-228
-212
-196
-180
-120
-120
-48
8
56
132
196
212
212
228
228
196
148
148
132
112
112
132
132
164
164
104
80
96
88
56
80
64
72
96
112
148
212
292
356
396
460
492
492
492
492
460
396
396
372
308
276
228
164
180
212
276
324
356
396
428
428
428
396
340
292
260
260
324
356
340
324
292
260
228
164
96
32
-24
-48
-48
-32
-8
-48
-112
-164
-180
-164
-148
-120
-80
-24
0
32
56
40
-8
-64
-120
-212
-292
-340
-396
-428
-460
-492
-492
-460
-460
-396
-396
-396
-356
-276
-228
-212
-212
-228
-292
-356
-372
-428
-460
-460
-460
-460
-428
-428
-428
-428
-428
-428
-396
-372
-308
-228
-148
-112
-88
-64
-112
-164
-164
-164
-196
-180
-180
-196
-180
-164
-164
-164
-148
-164
-196
-212
-212
-164
-112
-64
0
72
112
164
180
228
276
292
308
324
324
308
324
324
324
260
196
180
164
196
260
308
372
396
428
492
492
460
460
428
396
396
396
428
428
396
372
308
244
212
180
164
180
164
164
164
148
88
64
16
-32
-8
40
72
104
148
164
196
228
228
196
132
40
-40
-132
-180
-196
-196
-164
-180
-180
-120
-72
-48
-40
-8
16
48
96
164
212
180
132
80
32
-24
-96
-120
-148
-148
-132
-72
-56
-40
-56
-88
-104
-96
-48
-24
-16
16
80
72
64
72
16
-16
-64
-112
-148
-148
-196
-228
-260
-276
-244
-244
-260
-276
-292
-276
-260
-228
-196
-148
-120
-104
-56
-8
0
-16
-48
-96
-112
-120
-104
-96
-132
-180
-228
-244
-212
-212
-164
-148
-148
-112
-80
-64
-64
-80
-112
-112
-120
-96
-72
-88
-120
-120
-148
-164
-164
-164
-180
-196
-196
-180
-180
-196
-148
-112
-104
-96
-56
-64
-80
-72
-48
-24
0
32
88
112
132
132
180
164
112
96
64
48
24
16
64
104
112
164
196
196
212
228
244
292
340
372
396
372
356
324
276
228
228
212
196
180
180
180
196
244
260
324
372
396
372
372
428
428
460
460
428
428
396
396
356
308
244
196
148
120
132
132
112
80
64
40
8
-8
-24
-32
-24
8
16
16
8
-32
-96
-132
-164
-212
-244
-228
-212
-212
-228
-228
-244
-228
-228
-228
-196
-212
-276
-308
-324
-340
-308
-324
-340
-340
-340
-356
-356
-356
-372
-372
-396
-372
-356
-324
-340
-372
-396
-396
-396
-428
-428
-396
-396
-428
-396
-396
-396
-356
-340
-292
-196
-104
-48
0
16
-8
-8
-32
-56
-88
-112
-132
-96
-72
-48
-16
-8
0
48
96
180
228
276
340
356
372
396
396
324
260
228
212
228
244
244
244
244
276
324
372
372
372
356
340
356
396
396
396
356
372
372
356
396
356
308
292
276
244
228
180
164
148
112
104
80
48
40
40
48
64
96
96
56
48
16
48
32
24
16
-8
-32
-40
-64
-104
-104
-132
-132
-148
-112
-132
-164
-180
-212
-228
-228
-212
-212
-196
-196
-164
-148
-164
-164
-164
-196
-228
-244
-244
-228
-228
-212
-196
-180
-132
-112
-112
-104
-132
-180
-196
-180
-164
-164
-148
-112
-80
-56
-24
0
16
40
56
88
88
112
112
80
80
40
8
8
0
-8
-48
-40
-64
-48
0
8
64
88
112
132
148
132
96
88
80
80
72
72
64
8
-16
-8
-24
-32
-24
-16
8
56
88
132
148
112
96
88
96
104
80
64
24
0
0
16
40
40
0
-8
-32
-48
-56
-64
-40
-40
-32
-8
0
-8
-16
-56
-104
-112
-164
-196
-180
-180
-164
-120
-72
-40
-8
-8
-32
-80
-104
-148
-196
-164
-132
-120
-48
8
32
72
72
72
64
16
8
-16
-24
-32
0
64
120
148
164
164
148
120
48
32
-16
-16
8
40
88
88
104
80
88
112
96
112
148
148
164
196
180
180
164
148
132
104
72
40
32
0
-32
-16
-8
24
48
72
96
80
72
64
48
8
24
0
-16
-32
-64
-96
-132
-132
-104
-104
-104
-104
-120
-96
-104
-96
-80
-72
-96
-104
-96
-72
-32
-32
-16
-24
-48
-64
-96
-132
-164
-212
-228
-212
-196
-164
-132
-112
-88
-88
-104
-132
-132
-112
-104
-64
-40
-32
-8
16
24
48
64
64
72
48
48
48
40
24
0
-8
-24
-16
8
40
64
88
104
112
96
80
32
0
-24
-40
0
40
72
112
120
164
164
148
132
104
64
24
16
32
48
64
96
104
120
132
132
132
164
164
196
212
228
244
244
212
180
148
96
48
0
-8
-32
-40
-24
-24
-16
-8
8
16
24
40
48
56
40
32
24
0
0
-24
-32
-24
-56
-56
-96
-148
-148
-148
-132
-96
-80
-80
-64
-40
-40
-56
-88
-132
-164
-148
-120
-132
-132
-164
-180
-164
-180
-196
-244
-276
-292
-292
-228
-196
-180
-148
-148
-164
-164
-164
-212
-228
-244
-212
-164
-148
-112
-88
-96
-148
-148
-148
-196
-228
-212
-196
-164
-104
-16
80
164
212
228
196
196
164
96
80
148
196
228
276
324
356
356
356
340
308
260
244
244
228
228
244
260
260
308
324
324
276
244
228
212
260
276
292
276
244
212
180
132
96
72
40
16
8
0
0
-32
-72
-96
-132
-112
-112
-112
-112
-112
-104
-104
-112
-132
-132
-164
-148
-164
-148
-164
-148
-132
-148
-148
-148
-164
-180
-180
-148
-132
-120
-104
-112
-104
-80
-48
-48
-56
-64
-88
-104
-132
-132
-96
-112
-112
-96
-96
-80
-72
-80
-80
-64
-24
0
24
32
0
-16
-64
-72
-96
-96
-88
-120
-104
-104
-104
-120
-148
-132
-120
-104
-88
-48
-8
8
40
72
88
120
112
80
64
40
24
24
40
56
88
112
132
180
180
180
164
132
96
104
96
104
148
148
180
196
228
244
212
180
164
132
88
64
40
64
56
40
48
0
-8
-24
-64
-40
-16
-56
-56
-16
-16
-24
0
0
-8
-32
-48
-72
-72
-64
-64
-48
-56
-80
-88
-96
-104
-104
-120
-120
-112
-104
-72
-56
-32
-24
-24
-8
0
24
8
0
-8
8
8
8
48
32
24
8
0
-16
-72
-64
-40
-32
0
16
56
64
64
96
112
112
104
96
80
72
88
96
104
80
64
24
0
-8
-40
-40
-32
-8
32
72
104
148
148
132
112
96
80
64
64
40
24
32
40
48
40
16
-8
-8
-16
-40
-48
-80
-112
-132
-132
-132
-112
-104
-132
-112
-88
-72
-32
-48
-80
-132
-164
-164
-164
-164
-180
-180
-180
-180
-148
-132
-148
-164
-148
-164
-164
-132
-132
-132
-104
-88
-72
-40
-40
-40
-40
-40
-48
-56
-24
-32
-56
-40
-8
-16
16
0
-40
-56
-24
0
24
48
80
104
104
148
164
148
120
120
112
120
104
88
88
48
24
24
16
8
0
0
-16
0
32
56
88
80
80
72
96
132
148
132
96
104
88
88
104
80
48
56
40
32
48
56
40
40
80
132
148
180
164
132
132
148
148
180
196
196
212
196
196
212
212
196
164
120
132
132
104
80
72
48
40
48
48
24
16
16
0
16
56
40
0
-40
-56
-88
-148
-148
-164
-196
-212
-244
-228
-244
-244
-212
-228
-228
-244
-276
-292
-276
-276
-244
-196
-164
-132
-132
-148
-164
-180
-196
-180
-196
-180
-164
-180
-180
-164
-164
-148
-112
-88
-56
-16
16
40
72
88
96
104
104
88
48
16
0
-8
-24
-24
-8
0
0
8
8
-16
-48
-64
-64
-40
-8
16
56
104
132
164
164
132
88
24
0
-16
-8
-8
-8
0
-16
-32
-48
-48
-48
-48
-40
-16
8
16
24
48
56
56
48
40
40
64
80
72
96
96
96
104
104
88
56
24
0
-8
-16
0
8
16
8
40
48
56
96
104
132
164
180
196
196
164
148
132
96
80
80
56
56
64
64
88
80
64
32
24
0
0
0
32
104
148
196
212
196
164
120
56
24
24
24
32
40
24
40
32
16
0
0
0
-8
-8
-8
8
24
32
24
0
-32
-80
-132
-164
-196
-196
-196
-164
-164
-164
-180
-196
-212
-228
-228
-228
-228
-196
-148
-132
-104
-56
-40
-64
-80
-96
-112
-132
-164
-180
-164
-164
-148
-120
-104
-88
-96
-88
-72
-72
-80
-80
-56
-56
-48
-16
-8
0
0
32
48
56
56
24
16
0
0
8
8
0
-16
-8
-16
-8
-8
-24
-40
-56
-48
-48
-8
16
