SAMPLES:	7032
BITSPERSAMPLE:	16
CHANNELS:	1
SAMPLERATE:	16000
NORMALIZED:	FALSE
-24
-24
-24
-16
-24
-16
-16
-24
-24
-24
-24
-16
-16
-16
-24
-24
-32
-40
-40
-32
-32
-24
-24
-24
-24
-24
-16
-16
-8
-16
-16
-16
-16
-8
-8
-8
-16
-16
-16
-8
-16
-16
-8
0
8
8
8
0
-8
-16
-16
0
8
16
32
24
16
0
0
8
16
24
40
40
40
32
24
24
24
24
24
32
24
32
32
40
40
40
40
32
24
16
8
0
0
8
16
24
32
32
32
24
16
16
16
16
16
8
8
0
0
8
8
8
16
16
16
8
8
8
8
16
8
8
0
0
0
-8
0
-8
-8
0
0
0
-8
-8
-8
-8
-8
0
0
-8
-16
-16
-16
-24
-32
-40
-40
-32
-24
-16
-8
-8
-8
-8
-16
-16
-8
-8
-16
-24
-24
-32
-24
-24
-24
-24
-16
-24
-24
-24
-24
-16
-16
-16
-16
-8
-8
-8
-8
-8
-16
-24
-24
-16
-16
-8
0
0
0
0
0
0
0
0
0
0
0
0
0
0
8
0
0
8
8
8
8
0
0
8
8
8
16
24
16
8
16
16
16
8
16
16
16
8
8
16
24
16
16
16
8
8
0
8
0
0
0
0
0
0
0
-8
0
0
-8
-8
-8
-8
-8
-8
-8
-8
-8
0
0
0
0
0
0
0
0
0
8
8
8
0
0
0
8
8
16
16
8
16
8
16
16
16
16
8
0
0
0
0
0
0
8
0
0
8
8
16
16
16
16
8
8
0
8
0
0
0
0
0
0
8
8
8
8
8
16
8
8
0
0
0
0
0
-8
0
0
-8
0
0
0
0
0
0
8
8
0
0
0
-8
-8
-8
-8
-8
-16
-16
-16
-16
-16
-8
0
0
-8
-16
-16
-8
-8
-8
-8
-16
-32
-32
-32
-32
-32
-24
-16
-24
-24
-16
-16
-8
-8
0
0
0
-8
-16
-16
-16
-16
-16
-8
-8
0
0
0
0
0
0
0
0
0
0
0
0
0
0
0
8
0
8
8
8
8
0
0
8
8
16
24
24
16
16
24
16
16
16
16
16
8
16
8
8
8
24
16
24
24
16
8
8
0
0
0
0
0
0
0
0
0
-8
-8
-8
-8
-8
0
0
0
0
-8
-16
-16
-16
-8
-8
0
0
0
0
0
0
0
0
0
8
8
8
16
16
8
8
0
0
0
0
0
0
0
0
0
0
0
0
0
0
0
8
16
16
16
16
16
0
0
0
-8
-16
-8
0
0
0
8
8
8
8
0
0
0
-8
-8
-16
-16
-16
-24
-32
-32
-32
-40
-32
-24
-24
-16
-16
-16
-16
-8
-8
-8
-8
-24
-24
-32
-32
-32
-32
-32
-24
-16
0
0
0
0
0
8
16
16
8
8
8
8
8
16
16
16
24
32
48
56
56
56
56
64
56
56
64
64
56
64
56
48
40
40
40
48
56
56
56
48
32
24
24
16
16
0
-8
-16
-32
-48
-64
-64
-64
-72
-72
-80
-72
-80
-88
-88
-88
-80
-80
-72
-72
-72
-88
-88
-88
-96
-96
-96
-96
-88
-72
-64
-56
-56
-48
-40
-40
-48
-48
-48
-56
-56
-56
-56
-48
-48
-48
-40
-32
-16
0
16
32
40
48
56
72
88
104
112
112
120
132
132
132
148
148
164
164
180
196
212
212
212
228
212
228
212
212
196
180
180
164
164
164
164
164
180
180
196
212
212
196
180
164
132
104
56
24
-24
-80
-120
-164
-228
-260
-308
-356
-356
-372
-396
-396
-428
-460
-492
-524
-556
-588
-588
-620
-620
-588
-556
-524
-460
-428
-372
-308
-244
-196
-164
-120
-80
-80
-72
-56
-40
-32
-16
-8
0
32
56
104
132
180
212
244
276
292
340
340
340
340
340
324
308
308
324
340
356
396
396
428
428
428
428
428
460
460
460
460
428
428
460
492
524
556
716
844
924
988
1052
1180
1180
1116
1052
988
876
652
396
148
-72
-356
-652
-876
-1052
-1180
-1372
-1500
-1500
-1564
-1628
-1692
-1756
-1756
-1884
-1884
-1980
-1980
-1980
-1980
-1884
-1756
-1564
-1372
-1116
-844
-524
-212
120
340
460
588
652
652
492
356
276
180
0
-104
-112
-96
-104
-24
164
324
428
428
460
460
356
228
148
56
-80
-180
-228
-212
-212
-148
-8
148
324
460
620
748
812
748
716
684
556
396
244
180
88
24
-24
0
16
40
88
196
308
324
308
340
396
460
588
748
988
1244
1564
1980
2620
3132
3388
3772
3900
4092
3900
3772
3388
3004
2364
1564
876
228
-396
-1116
-1628
-1980
-2236
-2620
-2748
-2748
-2876
-3004
-3132
-3388
-3644
-3900
-4348
-4604
-4604
-4604
-4604
-4348
-3900
-3388
-2620
-1884
-1116
-308
556
1308
1756
1980
2236
2364
2108
1756
1372
1116
684
104
-244
-428
-492
-684
-716
-396
-64
56
56
244
372
48
-428
-716
-924
-1308
-1756
-1884
-1820
-1884
-1980
-1692
-1180
-812
-460
0
620
1052
1116
1244
1308
1244
780
428
196
-120
-588
-924
-844
-780
-748
-524
-180
148
372
620
924
1180
1180
1116
1052
1052
924
924
1052
1308
1628
2108
2748
3644
4348
4860
5372
5884
6140
6140
5884
5372
4860
4092
3132
2236
1372
588
-212
-988
-1436
-1820
-2108
-2492
-2620
-2748
-3004
-3388
-3644
-4092
-4348
-4860
-5116
-5372
-5628
-5628
-5628
-5116
-4604
-4092
-3388
-2492
-1628
-812
-48
556
988
1308
1756
2108
2108
1884
1756
1500
1116
748
460
428
196
-148
-292
-228
-244
-524
-748
-684
-684
-1052
-1436
-1500
-1692
-2108
-2364
-2364
-2236
-2236
-2108
-1692
-1180
-780
-492
72
620
1052
1244
1564
1980
1980
1884
1756
1692
1372
988
716
556
324
24
8
260
492
588
812
1180
1436
1500
1628
1820
1884
1756
1692
1628
1628
1628
1692
1884
2236
2876
3644
4348
5116
5372
5628
5884
6140
5884
5372
4604
4092
3004
1884
924
32
-988
-1980
-2748
-3132
-3516
-3900
-4092
-4348
-4604
-4860
-5116
-5116
-5372
-5628
-5884
-6140
-6140
-5884
-5884
-5372
-4860
-4092
-3388
-2492
-1564
-684
148
924
1500
1884
2236
2492
2748
2620
2236
1980
1884
1884
1308
988
780
588
260
-228
-260
-428
-620
-1116
-1308
-1308
-1564
-1980
-2236
-2108
-2108
-2236
-2108
-1628
-1372
-1180
-812
-96
396
684
1116
1500
1884
1884
1820
1884
1980
1756
1436
1436
1372
988
620
620
556
228
-132
-148
-104
-148
-40
212
556
748
780
988
1244
1372
1308
1308
1564
1692
1820
2108
2748
3516
4092
4860
5372
5884
6140
6140
6140
5884
5372
4860
3772
2876
1692
716
-196
-1116
-1980
-2748
-3132
-3644
-3900
-4092
-4348
-4604
-4604
-5116
-5116
-5372
-5628
-5884
-6140
-5884
-5884
-5372
-5116
-4348
-3644
-2876
-1820
-844
104
876
1500
1980
2364
2492
2492
2236
2108
1884
1628
1436
1180
924
588
428
396
180
32
-292
-492
-844
-1244
-1564
-1884
-2108
-2364
-2492
-2492
-2108
-1980
-1756
-1372
-812
-372
48
492
844
1052
1244
1372
1500
1500
1372
1244
1180
1116
988
876
716
492
244
-8
-96
-260
-460
-652
-684
-748
-748
-620
-428
-24
228
524
780
1116
1372
1500
1820
2108
2492
2748
3260
3900
4348
4860
5372
5628
5884
6140
5884
5884
5628
5116
4092
3260
2364
1436
428
-620
-1500
-2236
-2876
-3388
-3772
-4092
-4348
-4604
-4860
-5116
-5116
-5116
-5372
-5372
-5628
-5628
-5372
-5116
-4604
-4092
-3388
-2620
-1692
-812
40
748
1244
1628
1884
1980
1980
1884
1692
1372
1052
988
1052
844
620
556
524
308
-64
-276
-428
-748
-1244
-1756
-1980
-2108
-2364
-2748
-2620
-2236
-2108
-1884
-1308
-652
-212
212
812
1244
1436
1500
1628
1628
1564
1372
1244
1308
1244
924
876
988
780
460
396
396
164
-148
-292
-356
-524
-620
-652
-524
-340
-132
96
460
844
1116
1372
1628
2108
2236
2492
2876
3260
3900
4604
4860
5116
5628
5628
5884
5628
5628
5372
4860
4348
3388
2492
1564
556
-556
-1692
-2492
-3132
-3644
-4092
-4604
-4604
-4860
-5116
-5372
-5372
-5372
-5372
-5628
-5628
-5628
-5372
-5116
-4604
-4348
-3644
-2876
-1980
-1116
-308
428
988
1372
1756
2108
2236
2108
1820
1436
1116
876
492
164
-56
-324
-588
-748
-716
-844
-1116
-1244
-1180
-1180
-1308
-1500
-1628
-1564
-1564
-1564
-1372
-1052
-844
-588
-212
292
748
1116
1628
1980
2364
2492
2620
2620
2492
2236
1980
1692
1372
924
460
104
-196
-524
-716
-748
-748
-684
-492
-324
-16
260
428
652
812
988
1052
1244
1372
1500
1628
1980
2364
2876
3644
4348
5116
5628
5884
6140
6140
6140
5628
5116
4604
3772
2620
1500
748
-112
-1180
-2108
-2620
-3004
-3516
-3900
-4092
-4092
-4348
-4604
-5116
-5372
-5372
-5628
-5884
-5884
-5884
-5884
-5372
-4604
-4092
-3516
-2492
-1500
-588
164
844
1372
1628
1692
1820
1756
1628
1244
812
460
212
32
-148
-16
-80
-120
-120
-32
80
-212
-460
-780
-988
-1180
-1500
-1692
-1756
-1756
-1756
-1564
-1116
-620
-180
372
924
1436
1756
2108
2364
2364
2236
2108
1980
1884
1628
1308
1052
780
492
164
-132
-292
-556
-812
-924
-988
-988
-988
-924
-716
-556
-356
-56
276
620
812
988
1244
1436
1756
2108
2620
3132
3900
4604
5116
5628
5884
6140
6396
6140
5884
5372
4860
4348
3132
2236
1308
492
-524
-1500
-2236
-2748
-3132
-3516
-3900
-4092
-4348
-4604
-4860
-5116
-5372
-5628
-5884
-5884
-5884
-5628
-5372
-4860
-4348
-3644
-2748
-1756
-924
-196
428
924
1244
1372
1372
1372
1116
716
460
396
324
48
104
148
356
196
64
196
180
-16
-652
-924
-1052
-1372
-1884
-1980
-1820
-1884
-1820
-1436
-844
-460
-72
492
1052
1500
1692
1820
1980
1980
1820
1564
1564
1500
1244
988
988
988
748
524
460
228
-120
-396
-620
-844
-988
-1116
-1052
-780
-524
-228
104
588
988
1308
1628
1884
2108
2236
2236
2364
2492
2876
3260
3772
4604
4860
5372
5628
5884
6140
5884
5628
5116
4348
3516
2364
1244
212
-684
-1692
-2492
-3132
-3516
-3772
-4092
-4092
-4092
-4348
-4348
-4860
-5116
-5372
-5628
-5884
-5884
-5884
-5884
-5372
-4860
-4092
-3260
-2364
-1308
-340
460
1052
1372
1500
1436
1436
1308
844
460
16
-132
-324
-396
-292
-112
260
212
428
556
588
372
-8
-244
-524
-844
-1244
-1372
-1372
-1436
-1244
-748
-212
260
716
1180
1820
2236
2364
2492
2620
2364
2108
1820
1628
1308
924
652
428
228
-24
-260
-460
-620
-844
-988
-988
-1052
-1116
-1180
-1116
-876
-620
-372
-148
132
428
684
988
1244
1500
1564
1756
2108
2620
3132
3772
4604
5116
5372
5628
5884
5884
5628
5116
4604
4092
3260
2236
1244
308
-428
-1180
-1980
-2492
-2876
-3132
-3388
-3516
-3644
-3900
-4348
-4604
-4860
-5116
-5628
-5628
-5628
-5628
-5372
-4860
-4092
-3260
-2492
-1564
-556
308
924
1244
1308
1308
1116
652
212
-148
-292
-492
-716
-372
-24
460
556
844
1116
1116
1052
524
308
-180
-748
-1372
-1756
-1692
-1884
-1884
-1628
-924
-460
-8
684
1308
1756
1980
2236
2236
2108
1820
1436
1244
1052
748
492
524
460
396
340
372
292
64
-276
-492
-812
-1180
-1436
-1692
-1628
-1564
-1436
-1052
-556
-24
308
812
1308
1628
1820
1980
2108
2236
2236
2492
3004
3388
4092
4604
5116
5628
5884
6140
5884
5884
5116
4348
3772
2876
1692
524
-396
-988
-1756
-2364
-2876
-3132
-3260
-3516
-3644
-3900
-4092
-4604
-4860
-5116
-5372
-5628
-5884
-5884
-5372
-5116
-4348
-3516
-2748
-1980
-1052
-212
492
812
844
844
748
524
308
-48
-212
-428
-396
-260
80
428
620
988
1116
1244
988
588
276
-196
-652
-1116
-1372
-1564
-1564
-1436
-1052
-556
-164
340
876
1308
1756
1980
2108
2108
1980
1884
1564
1372
1116
988
876
780
748
588
428
260
24
-260
-588
-924
-1180
-1436
-1628
-1692
-1692
-1564
-1308
-988
-556
-148
308
620
924
1116
1308
1372
1500
1564
1820
2108
2748
3388
4092
4604
5372
5884
5884
5884
5628
5372
4860
4092
3132
2364
1500
492
-372
-988
-1436
-1884
-2364
-2620
-2876
-3132
-3516
-3900
-4348
-4604
-5116
-5372
-5628
-5628
-5628
-5372
-5116
-4348
-3772
-3004
-2108
-1308
-652
-88
428
716
684
556
372
112
-40
-276
-396
-244
0
492
924
1372
1564
1756
1884
1564
1244
780
356
-276
-988
-1372
-1564
-1500
-1500
-1244
-780
-244
196
684
1372
1692
1692
1564
1564
1500
1244
924
716
620
492
428
524
588
620
460
396
356
196
-164
-620
-1052
-1500
-1884
-2108
-2236
-2108
-1980
-1628
-1116
-556
-32
396
812
1116
1372
1500
1564
1564
1564
1756
1980
2492
3132
3772
4348
5116
5884
5884
5884
5628
5372
4860
4092
3260
2364
1436
492
-396
-988
-1436
-1820
-2364
-2620
-2748
-3004
-3388
-3772
-4092
-4604
-5116
-5372
-5628
-5372
-5372
-5116
-4860
-4092
-3388
-2620
-1820
-1116
-524
-48
356
652
620
524
356
196
88
96
244
292
460
588
924
1180
1308
1180
1052
988
588
212
-228
-492
-844
-1180
-1244
-1052
-844
-780
-492
-72
292
524
716
924
1052
1052
1052
1116
1052
988
844
876
988
924
876
876
780
492
196
-180
-524
-988
-1372
-1628
-1884
-1980
-2108
-1884
-1628
-1244
-924
-460
-24
276
524
684
812
924
988
1180
1372
1692
2108
2492
3004
3516
4092
4604
5116
5372
5372
5372
4860
4348
3772
3132
2492
1820
1180
556
0
-460
-780
-1180
-1628
-2108
-2620
-3004
-3388
-3900
-4348
-4604
-5116
-5116
-5116
-4860
-4348
-4092
-3644
-3132
-2492
-1820
-1180
-684
-324
-212
-64
56
132
148
56
104
260
492
492
524
556
588
492
396
356
260
24
-292
-460
-524
-620
-684
-780
-748
-620
-492
-308
-212
-88
-24
132
340
492
588
652
716
812
988
1180
1308
1372
1436
1436
1500
1436
1116
844
492
120
-260
-684
-988
-1244
-1500
-1628
-1628
-1500
-1308
-1116
-924
-652
-428
-244
-148
56
308
620
1180
1628
2108
2748
3388
4092
4860
5116
5116
5372
5116
4860
4348
3644
3132
2492
1692
812
148
-196
-492
-924
-1436
-1980
-2236
-2620
-3132
-3644
-4092
-4604
-5116
-5372
-5628
-5372
-5116
-4604
-4092
-3516
-2492
-1564
-924
-396
32
460
780
924
988
988
812
556
556
748
924
988
924
1052
1180
1244
1052
716
428
88
-196
-524
-844
-1052
-1180
-1244
-1052
-748
-524
-260
-24
112
428
652
684
684
620
588
652
844
988
1116
1180
1308
1500
1756
1756
1628
1372
1052
716
396
0
-396
-748
-1052
-1308
-1436
-1436
-1436
-1308
-1116
-924
-684
-396
-308
-276
-244
-104
0
148
340
492
812
1308
1820
2236
2620
2876
3260
3644
3772
3772
3644
3260
3004
2620
2236
1980
1564
1308
988
620
228
-40
-340
-812
-1244
-1884
-2364
-2748
-3132
-3516
-3900
-4092
-4092
-4092
-3644
-3516
-3004
-2620
-2236
-1884
-1628
-1244
-1052
-876
-812
-780
-652
-524
-428
-492
-492
-428
-292
-148
-96
-104
-120
-112
-132
-244
-308
-428
-588
-684
-652
-556
-492
-396
-324
-96
148
356
620
748
876
924
1052
1116
1244
1244
1244
1244
1372
1500
1628
1692
1756
1820
1820
1820
1692
1436
1116
812
492
244
-32
-308
-492
-652
-684
-748
-716
-652
-588
-396
-112
276
684
988
1244
1372
1628
1884
2236
2492
2492
2492
2492
2492
2364
1980
1500
1052
844
460
0
-276
-684
-924
-1180
-1500
-1692
-1980
-1980
-2108
-2236
-2492
-2748
-2876
-2876
-2876
-2748
-2620
-2492
-2108
-1756
-1372
-988
-684
-492
-164
112
292
372
276
196
104
64
48
-8
0
-24
8
64
132
32
-120
-276
-428
-492
-588
-716
-844
-876
-844
-716
-524
-356
-212
-16
212
428
684
876
988
1052
988
1052
1116
1116
1180
1180
1244
1308
1436
1500
1500
1564
1500
1436
1308
1180
988
780
588
396
308
228
164
148
148
260
356
428
372
308
324
356
396
428
396
292
324
428
460
492
460
356
340
292
260
196
32
-260
-556
-780
-1052
-1308
-1500
-1692
-1756
-1820
-1820
-1820
-1820
-1692
-1564
-1308
-1116
-988
-876
-844
-844
-844
-780
-844
-812
-844
-812
-684
-556
-396
-292
-148
-56
88
164
180
228
260
244
196
132
40
-24
-72
-88
-120
-148
-88
-24
0
0
-8
-96
-132
-148
-228
-148
-104
-72
56
276
460
556
684
812
988
988
1052
1052
1116
1244
1308
1308
1308
1244
1116
988
876
924
924
988
924
812
716
652
620
556
524
492
356
260
292
356
428
428
396
324
292
196
0
-164
-276
-260
-212
-112
-16
16
64
96
148
164
104
-16
-180
-340
-524
-780
-988
-1244
-1436
-1500
-1436
-1372
-1308
-1180
-1052
-876
-780
-652
-588
-588
-524
-428
-396
-372
-324
-308
-292
-276
-228
-196
-212
-228
-212
-244
-196
-180
-164
-196
-196
-212
-260
-292
-340
-356
-396
-460
-524
-620
-620
-684
-780
-748
-684
-588
-460
-308
-212
-132
-112
-88
-8
64
180
292
492
716
924
1116
1180
1244
1308
1500
1692
1756
1756
1756
1692
1628
1564
1372
1308
1180
1116
1052
924
844
812
716
620
556
428
356
340
308
292
260
180
64
-24
-80
-72
-24
-16
-32
-48
-88
-180
-340
-372
-428
-460
-356
-324
-324
-428
-492
-652
-780
-876
-1116
-1308
-1436
-1500
-1564
-1692
-1692
-1756
-1756
-1692
-1628
-1500
-1308
-1180
-1052
-812
-588
-428
-244
-88
40
164
244
276
308
324
212
148
104
72
72
104
120
88
72
0
-8
-56
-132
-196
-340
-428
-524
-588
-620
-620
-588
-492
-324
-180
-32
56
196
356
524
684
748
844
924
988
1116
1180
1372
1500
1628
1756
1884
1980
1980
1980
1980
1884
1756
1628
1500
1308
1116
876
684
524
396
308
196
228
196
212
276
292
372
372
492
556
556
492
324
164
-72
-212
-292
-356
-396
-460
-492
-556
-620
-716
-924
-1052
-1180
-1308
-1436
-1564
-1756
-1980
-2108
-2236
-2364
-2364
-2492
-2364
-2364
-2364
-2236
-2108
-1884
-1692
-1436
-1180
-844
-588
-372
-164
-8
180
292
460
588
652
716
716
716
684
652
588
588
556
460
396
356
308
292
276
276
244
196
148
120
88
24
96
88
132
180
212
308
428
524
556
716
780
844
876
876
876
876
924
1052
1116
1180
1244
1244
1244
1308
1244
1244
1244
1180
1052
924
748
620
492
372
308
212
196
228
340
460
556
684
748
812
812
780
620
492
308
72
-72
-196
-340
-460
-524
-556
-652
-652
-684
-780
-844
-988
-1052
-1180
-1372
-1564
-1692
-1884
-1980
-1980
-1980
-1980
-1820
-1820
-1756
-1628
-1564
-1500
-1500
-1372
-1308
-1180
-1052
-924
-780
-588
-428
-324
-180
-24
72
164
276
324
372
460
492
460
428
396
356
260
212
164
148
132
132
164
196
228
276
276
260
244
244
244
260
292
372
428
492
620
716
844
988
1116
1244
1372
1372
1436
1372
1372
1436
1372
1372
1308
1308
1308
1308
1372
1372
1308
1244
1180
1116
1052
988
780
620
492
396
356
340
340
324
324
340
356
340
340
276
196
104
0
-88
-228
-356
-460
-556
-716
-780
-812
-924
-988
-1052
-1116
-1244
-1372
-1500
-1692
-1820
-1980
-2108
-2108
-2236
-2364
-2364
-2364
-2364
-2236
-2236
-2108
-1980
-1820
-1692
-1564
-1436
-1372
-1244
-1052
-876
-716
-524
-276
-80
48
164
276
324
324
356
372
428
460
460
492
524
524
588
620
620
620
588
588
620
652
620
684
716
716
780
876
988
1052
1180
1308
1372
1436
1500
1564
1628
1756
1756
1820
1820
1820
1756
1692
1628
1628
1500
1436
1436
1436
1372
1308
1308
1244
1244
1116
1052
924
780
588
428
276
164
104
40
-48
-132
-244
-292
-340
-396
-460
-588
-716
-924
-1052
-1180
-1308
-1436
-1500
-1564
-1628
-1756
-1820
-1884
-1884
-1980
-1980
-1884
-1884
-1884
-1884
-1820
-1820
-1692
-1628
-1628
-1564
-1500
-1500
-1372
-1372
-1436
-1372
-1308
-1244
-1052
-924
-780
-620
-460
-260
-80
80
180
196
244
260
276
340
372
396
428
492
524
588
620
652
684
748
780
844
876
924
988
988
1052
1052
1052
988
924
988
988
1052
1052
1052
1116
1180
1180
1308
1372
1436
1500
1500
1500
1372
1308
1244
1116
1052
988
924
988
988
988
1052
1052
1052
988
988
924
844
652
396
180
-64
-292
-492
-588
-652
-748
-748
-748
-716
-716
-748
-780
-876
-988
-1116
-1180
-1244
-1372
-1436
-1436
-1372
-1372
-1372
-1308
-1244
-1180
-1180
-1116
-1116
-1180
-1116
-1116
-1116
-1180
-1180
-1116
-1180
-1116
-1116
-1052
-1052
-988
-924
-844
-748
-684
-620
-524
-428
-324
-260
-164
-132
-96
-64
-8
72
112
212
308
428
588
684
780
876
924
924
924
876
812
780
748
716
684
716
748
780
844
924
988
1052
988
924
924
876
876
876
924
988
1052
1180
1308
1308
1244
1244
1244
1180
1180
1052
924
812
716
684
620
652
652
620
588
556
556
492
396
244
64
-88
-260
-460
-620
-780
-876
-988
-1052
-1052
-1116
-1116
-1116
-1052
-988
-924
-988
-988
-1052
-1052
-1116
-1116
-1180
-1116
-1180
-1180
-1116
-1052
-988
-924
-780
-716
-652
-620
-652
-652
-684
-716
-748
-748
-716
-748
-684
-652
-588
-492
-396
-356
-292
-212
-164
-132
-212
-260
-324
-396
-396
-396
-356
-292
-148
-16
48
148
260
292
340
396
396
428
428
460
524
524
524
620
684
684
716
780
812
748
748
684
716
780
876
988
1116
1244
1372
1372
1436
1500
1500
1436
1372
1308
1244
1180
1052
988
924
876
844
748
716
684
652
556
524
428
308
180
16
-132
-356
-492
-620
-716
-780
-924
-1052
-1180
-1244
-1180
-1180
-1180
-1116
-1052
-1052
-988
-988
-924
-876
-924
-876
-844
-844
-812
-748
-684
-620
-524
-428
-340
-260
-164
-40
40
64
56
24
0
-64
-112
-164
-228
-244
-260
-244
-196
-132
-88
-8
40
40
64
48
0
-72
-148
-196
-212
-244
-292
-308
-292
-276
-212
-132
-88
-32
32
64
132
196
196
212
212
244
292
340
324
292
324
340
356
356
396
460
492
556
684
780
876
924
988
988
988
924
812
716
620
556
428
356
292
276
260
260
244
228
228
212
148
104
0
-120
-212
-292
-396
-556
-652
-748
-812
-844
-844
-876
-844
-812
-812
-748
-748
-748
-716
-684
-620
-620
-588
-620
-620
-556
-524
-428
-340
-276
-212
-148
-56
24
164
260
372
428
524
524
524
556
556
524
588
620
588
556
524
492
428
372
340
292
308
244
212
180
112
80
16
0
-16
16
24
-32
-56
-88
-112
-132
-96
-80
-56
-16
0
96
164
196
244
260
244
244
260
212
164
120
64
24
8
-8
-72
-32
32
88
180
196
212
212
148
132
96
64
-16
-88
-104
-104
-88
-104
-112
-96
-64
-64
-32
-24
-96
-132
-164
-228
-308
-372
-460
-588
-620
-716
-812
-812
-812
-844
-844
-812
-780
-748
-684
-556
-524
-524
-460
-460
-492
-492
-460
-428
-340
-244
-196
-96
32
164
276
396
524
588
652
684
716
716
684
652
588
556
524
524
492
460
460
428
396
396
324
308
260
212
148
80
0
-56
-48
-148
-164
-132
-132
-112
-112
-96
-132
-72
0
64
164
180
228
260
292
308
324
356
340
340
340
356
340
324
340
372
428
460
428
460
460
428
428
428
396
396
372
356
324
244
164
104
32
0
-24
-80
-88
-64
-96
-80
-48
-96
-148
-180
-196
-276
-356
-460
-556
-652
-748
-812
-812
-844
-844
-876
-876
-924
-924
-876
-876
-844
-844
-844
-844
-812
-780
-716
-684
-620
-524
-396
-292
-164
0
112
212
308
396
428
492
556
524
524
524
524
524
524
524
492
460
396
324
244
212
196
180
148
96
88
72
24
8
0
-32
-32
-64
-96
-104
-112
-72
-16
16
72
104
164
244
308
396
460
524
492
492
428
396
340
276
212
148
112
88
88
104
112
112
148
212
244
260
276
292
260
212
180
132
88
48
16
24
32
56
112
132
132
120
96
40
-40
-104
-196
-308
-428
-492
-588
-684
-748
-780
-748
-748
-716
-684
-684
-652
-684
-748
-780
-780
-780
-780
-716
-684
-652
-588
-524
-396
-308
-212
-104
8
120
260
396
492
588
620
684
716
684
684
652
620
620
620
620
588
556
524
460
428
396
396
372
340
340
308
292
276
276
308
308
260
180
120
0
-48
-32
-16
64
132
164
212
228
228
260
260
260
244
180
112
48
-32
-96
-132
-180
-212
-212
-212
-212
-164
-104
-48
0
-8
0
16
16
0
-24
-24
-64
-88
-80
-72
-80
-40
-8
-16
8
16
0
-32
-56
-112
-164
-228
-308
-396
-460
-492
-524
-588
-620
-652
-652
-620
-620
-652
-684
-684
-716
-748
-748
-780
-748
-748
-684
-652
-588
-492
-356
-244
-112
-16
40
112
132
180
244
308
372
460
492
524
588
524
524
492
492
460
428
372
340
324
276
292
324
340
372
428
460
428
396
372
340
276
228
180
132
112
120
132
180
228
276
340
396
428
460
492
524
492
428
396
372
292
196
148
132
64
64
80
104
132
132
212
228
228
244
212
196
164
88
40
-8
-48
-88
-132
-132
-88
-64
-40
-16
-16
-24
-80
-180
-260
-324
-396
-524
-588
-684
-748
-780
-748
-748
-748
-748
-748
-780
-748
-748
-748
-748
-812
-812
-780
-748
-716
-652
-556
-492
-428
-308
-196
-96
-24
16
96
148
148
164
180
212
244
276
324
340
356
396
396
396
396
340
356
372
324
292
260
244
276
308
372
428
460
460
460
492
492
460
396
292
212
180
132
80
8
8
-8
-8
56
80
104
120
132
132
132
132
132
132
120
112
96
72
48
32
24
72
112
112
104
132
148
148
164
180
180
148
112
56
0
-32
-40
-48
-88
-132
-164
-164
-164
-164
-164
-196
-212
-228
-244
-276
-276
-292
-308
-308
-356
-396
-460
-460
-492
-556
-556
-524
-524
-524
-492
-396
-372
-372
-308
-276
-244
-180
-104
-48
-8
16
64
96
132
212
308
372
428
492
524
588
652
748
748
748
716
652
556
460
396
356
324
308
324
308
292
292
308
276
276
276
180
148
72
-48
-148
-196
-260
-292
-308
-292
-260
-260
-244
-196
-148
-80
-48
-16
-24
-48
-96
-148
-164
-212
-260
-324
-372
-396
-396
-324
-276
-244
-196
-164
-148
-120
-112
-148
-148
-164
-212
-260
-276
-260
-276
-228
-148
-88
-16
32
64
72
112
112
88
40
-24
-72
-104
-164
-276
-308
-308
-356
-340
-292
-292
-292
-292
-276
-260
-244
-244
-244
-212
-148
-120
-104
-40
0
16
72
132
212
276
308
356
396
396
396
396
396
428
428
428
428
460
428
460
428
428
396
396
428
428
460
396
340
292
276
308
340
356
396
396
356
340
324
292
260
228
132
48
8
-32
-56
-64
-88
-88
-112
-104
-72
-48
-88
-96
-120
-148
-180
-212
-212
-276
-324
-308
-324
-324
-292
-276
-276
-228
-180
-148
-88
-48
-72
-104
-148
-132
-132
-132
-104
-120
-112
-96
-80
-72
-16
0
16
0
-16
-32
-72
-164
-260
-308
-340
-356
-396
-428
-396
-396
-356
-308
-372
-356
-356
-428
-428
-460
-428
-396
-372
-324
-292
-196
-132
-88
-24
0
40
48
48
40
40
56
88
120
132
180
196
228
324
372
428
428
396
396
372
396
372
356
356
356
356
372
396
428
492
524
524
524
524
460
428
372
260
164
80
16
-40
-80
-112
-148
-180
-196
-148
-112
-72
-56
-72
-112
-196
-244
-292
-356
-372
-428
-428
-396
-356
-324
-276
-164
-112
-24
56
80
96
132
96
40
0
0
0
0
0
56
120
148
196
244
276
276
292
292
244
196
132
72
24
-16
-56
-72
-72
-112
-132
-104
-88
-48
-56
-64
-56
-80
-80
-96
-64
-24
-16
-16
-8
24
40
48
104
112
96
48
32
16
-16
16
40
64
120
148
196
212
212
212
228
228
180
180
112
56
16
0
-8
0
24
32
56
104
104
80
48
32
-8
-40
-120
-260
-324
-428
-492
-524
-556
-556
-588
-556
-524
-492
-492
-428
-396
-428
-460
-460
-460
-492
-492
-492
-492
-460
-396
-324
-244
-164
-72
0
48
88
104
132
132
120
104
88
56
80
88
132
180
260
340
372
428
492
492
492
492
524
460
460
428
396
356
324
308
276
276
276
212
164
164
132
104
96
72
48
40
56
112
148
196
212
196
228
228
196
196
180
164
120
96
96
96
132
148
180
212
196
196
212
244
228
180
132
72
24
-16
-48
-88
-96
-96
-96
-104
-104
-64
-24
8
24
40
32
-8
-96
-148
-196
-260
-276
-324
-324
-292
-340
-340
-340
-372
-372
-340
-324
-356
-356
-372
-372
-396
-372
-324
-324
-308
-260
-244
-180
-164
-164
-120
-80
-64
-64
-40
-40
-64
-64
-96
-88
-72
-40
-16
-32
-16
-32
-24
8
48
72
88
104
32
0
-8
-48
-56
-64
-96
-132
-148
-164
-180
-196
-196
-196
-196
-164
-112
-112
-112
-72
-32
8
56
80
120
164
196
212
260
276
308
292
292
308
292
292
292
308
308
308
292
308
292
276
276
276
260
260
276
244
212
164
148
164
228
260
292
292
276
260
244
228
196
148
112
64
0
-56
-80
-96
-120
-132
-132
-180
-196
-228
-244
-180
-196
-196
-228
-260
-276
-308
-308
-308
-260
-180
-112
-48
32
40
72
88
112
120
104
104
56
16
-8
-24
-64
-72
-72
-64
-32
0
16
24
56
32
48
72
72
64
56
24
-8
0
-40
-72
-72
-104
-104
-88
-56
-48
-32
-8
0
0
24
40
24
56
32
0
8
8
16
0
-16
-24
-40
-16
-56
-72
-48
-56
-56
-56
-32
-32
-56
-40
-24
-40
-16
-8
8
0
-16
-48
-72
-80
-88
-88
-96
-80
-80
-80
-80
-48
-32
-40
-40
-40
-72
-96
-148
-148
-196
-196
-180
-164
-164
-148
-132
-132
-104
-112
-112
-104
-112
-120
-80
-64
-56
-40
-48
-8
72
120
180
228
244
292
276
292
276
196
132
72
56
48
40
24
8
24
32
48
80
72
72
80
112
112
80
80
80
80
72
64
72
72
72
64
64
72
80
112
148
132
148
164
164
148
96
88
88
72
64
72
64
64
64
96
96
88
72
16
40
24
32
32
48
72
80
88
64
56
64
56
64
56
32
32
8
8
-8
-16
-48
-64
-72
-56
-88
-96
-112
-132
-148
-196
-164
-180
-180
-164
-180
-196
-228
-244
-276
-260
-244
-260
-244
-196
-164
-148
-132
-64
-64
-32
-16
-24
-40
-48
-56
-48
-32
-40
-16
-24
-16
0
-16
0
0
-40
-72
-104
-132
-164
-180
-196
-180
-212
-228
-228
-212
-148
-148
-72
-48
-16
24
48
96
132
132
148
148
164
164
180
180
180
196
212
212
244
260
244
244
228
228
244
228
212
164
132
88
64
56
88
112
148
164
164
148
148
148
148
164
180
132
104
132
120
96
80
56
8
8
8
-24
-64
-104
-148
-180
-164
-148
-164
-180
-180
-164
-196
-196
-164
-148
-164
-148
-132
-148
-132
-132
-132
-120
-112
-96
-104
-96
-88
-64
-64
-40
-8
40
72
88
88
64
88
72
64
72
104
80
40
56
40
32
24
8
0
-48
-80
-112
-132
-164
-164
-164
-164
-112
-56
-8
32
72
80
96
88
72
72
64
40
32
56
48
48
56
80
120
164
212
196
180
196
196
180
164
120
96
48
16
-24
-40
-32
-40
-32
-8
0
16
40
32
32
48
32
24
0
-40
-104
-120
-120
-148
-120
-132
-164
-164
-180
-180
-196
-228
-260
-308
-356
-356
-356
-356
-356
-324
-308
-308
-292
-260
-196
-164
-148
-112
-56
-48
-40
-24
-8
-24
-24
0
64
132
180
244
260
292
308
340
340
372
372
356
292
292
308
260
276
292
276
292
244
228
212
180
148
148
148
112
96
112
104
112
88
56
72
88
96
112
120
112
80
80
120
104
112
96
72
48
24
32
16
24
32
32
64
64
24
24
-16
-56
-132
-148
-132
-164
-180
-196
-212
-228
-212
-196
-196
-228
-244
-244
-228
-212
-164
-164
-148
-148
-180
-196
-212
-196
-196
-228
-228
-260
-276
-292
-340
-340
-356
-356
-324
-324
-308
-260
-260
-244
-164
-148
-132
-96
-72
-64
-56
-64
-56
-24
-16
0
0
16
64
96
132
148
180
180
212
244
228
244
260
260
228
260
260
244
244
244
228
260
228
196
212
196
180
164
180
212
228
244
244
244
228
212
228
228
244
260
276
260
260
260
228
180
180
148
112
104
72
40
40
40
48
72
80
48
8
-56
-96
-112
-132
-148
-148
-164
-196
-196
-180
-180
-148
-104
-120
-120
-148
-164
-180
-164
-148
-120
-112
-132
-132
-132
-164
-148
-164
-180
-196
-212
-196
-196
-228
-276
-276
-292
-308
-308
-308
-324
-292
-276
-260
-196
-132
-88
-48
0
48
56
96
104
88
88
72
64
64
56
56
72
56
88
112
148
180
196
196
164
148
132
96
104
88
72
72
64
64
72
48
40
72
64
56
56
48
40
32
40
56
40
32
24
0
0
-24
-16
-24
-32
-16
-24
-24
-8
-16
-24
-16
-8
0
8
40
48
64
104
132
148
180
180
180
180
148
148
132
96
104
104
104
112
96
96
88
88
104
72
56
48
48
40
40
32
0
-48
-56
-80
-104
-112
-164
-180
-196
-196
-164
-196
-228
-244
-260
-244
-244
-228
-228
-212
-196
-180
-148
-104
-64
-48
-24
8
32
32
48
80
72
64
56
48
48
48
72
80
112
112
132
164
132
148
132
96
96
96
64
64
40
40
48
32
24
16
16
40
64
32
8
-16
-32
-48
0
8
-32
-32
-56
-72
-40
0
0
-24
-32
-32
-56
-56
-48
-80
-112
-112
-132
-148
-148
-164
-164
-148
-132
-96
-88
-96
-64
-64
-104
-96
-104
-96
-72
-80
-40
-8
-8
0
0
8
8
8
8
0
-16
-24
-32
-48
-64
-80
-72
-72
-80
-80
-88
-80
-96
-104
-80
-72
-96
-96
-80
-104
-88
-80
-80
-32
0
24
104
180
228
260
276
244
228
244
244
260
244
212
180
196
180
180
180
180
164
180
212
228
196
212
212
228
260
244
244
228
212
180
180
148
120
132
164
164
164
164
148
148
120
88
96
96
88
72
56
16
-16
-40
-72
-88
-88
-96
-96
-96
-164
-196
-196
-196
-196
-196
-164
-164
-180
-164
-212
-228
-228
-228
-212
-180
-164
-164
-180
-148
-148
-120
-96
-80
-96
-88
-104
-148
-180
-212
-212
-244
-276
-244
-244
-228
-180
-164
-164
-132
-132
-112
-104
-104
-120
-120
-132
-148
-180
-212
-212
-228
-196
-164
-148
-112
-104
-48
-8
24
80
96
88
104
80
32
16
0
0
8
8
-8
-32
-48
-56
-56
-64
-24
0
64
80
96
132
148
148
180
196
212
196
164
180
180
148
164
196
212
244
276
292
292
308
292
308
324
356
340
356
308
292
308
292
292
292
292
260
228
180
132
132
148
164
164
148
148
132
104
112
104
64
32
16
16
0
0
16
-8
-16
-16
0
0
0
-32
-72
-148
-180
-196
-228
-228
-244
-292
-292
-276
-276
-260
-260
-244
-276
-292
-292
-308
-324
-324
-356
-372
-396
-396
-396
-396
-396
-356
-308
-228
-180
-104
-56
-32
0
0
8
16
16
8
0
-32
-56
-64
-56
-16
0
-16
-16
-8
-24
-8
0
8
0
8
56
56
88
104
120
132
132
132
148
148
148
180
164
180
212
212
260
308
292
276
276
260
260
228
196
164
132
80
56
24
0
-16
-24
-8
0
0
-8
-16
-56
-64
-88
-96
-96
-96
-64
-40
-24
-8
0
32
64
112
132
132
132
88
64
40
0
-8
-40
-88
-132
-120
-112
-104
-72
-72
-56
-72
-104
-120
-120
-148
-164
-180
-212
-212
-212
-244
-276
-260
-244
-228
-212
-180
-148
-120
-88
-64
8
48
72
120
132
104
88
88
88
64
48
40
8
0
-32
-32
-16
0
16
24
80
96
96
96
88
88
72
80
80
96
112
132
132
164
164
164
164
180
212
228
228
196
196
180
164
164
148
164
132
132
148
132
104
80
48
32
48
32
24
24
8
0
-24
-40
-48
-56
-64
-48
-40
-56
-72
-64
-56
-64
-48
-24
0
0
-8
-8
-8
-32
-56
-64
-96
-132
-164
-196
-212
-244
-244
-260
-260
-244
-244
-212
-180
-212
-228
-228
-228
-260
-260
-228
-276
-308
-324
-308
-292
-244
-212
-180
-164
-132
-96
-80
-64
-56
-40
-24
8
24
16
32
48
80
104
120
132
148
148
132
180
196
180
196
228
260
276
276
260
276
276
308
340
396
396
372
372
372
340
340
340
324
292
292
292
308
292
292
276
276
244
228
212
180
148
120
104
56
8
-16
-16
-24
-32
-8
-8
-40
-72
-80
-120
-132
-164
-180
-212
-228
-228
-212
-180
-148
-88
-56
-48
-56
-48
-48
-72
-88
-104
-148
-180
-196
-212
-228
-260
-260
-244
-228
-212
-180
-164
-196
-196
-212
-244
-292
-324
-372
-396
-396
-428
-396
-396
-396
-356
-340
-292
-276
-276
-276
-244
-212
-164
-120
-80
-96
-112
-112
-132
-112
-80
-72
-48
-40
-32
-32
-24
0
0
0
16
32
48
64
112
148
164
180
180
196
228
244
244
276
292
324
324
356
356
372
396
396
396
428
396
356
372
340
340
340
324
292
260
212
212
244
244
244
228
196
164
164
132
104
96
80
56
80
56
48
40
32
32
64
96
112
164
164
164
164
148
112
72
56
56
32
16
0
-24
-48
-56
-80
-96
-112
-132
-132
-120
-132
-180
-196
-228
-276
-292
-308
-324
-356
-372
-372
-396
-372
-372
-396
-340
-324
-276
-244
-212
-180
-164
-148
-132
-120
-120
-148
-132
-120
-112
-120
-132
-148
-148
-164
-148
-104
-112
-120
-80
-72
-72
-48
-32
-32
-24
-8
8
40
32
32
56
80
112
180
212
260
260
260
260
260
228
212
196
196
196
180
180
180
164
164
164
132
120
104
96
72
56
48
0
0
-8
-40
-64
-88
-96
-80
-80
-64
-56
-40
-24
-24
-8
16
16
16
24
40
32
-16
-40
-88
-120
-132
-132
-148
-180
-180
-164
-196
-164
-104
-64
-56
-16
-24
-40
-56
-72
-80
-96
-72
-88
-88
-56
-48
-40
-8
24
32
40
64
80
96
120
132
148
164
164
180
196
180
148
132
164
148
132
120
96
96
104
96
104
132
132
112
88
96
104
64
56
40
32
40
64
64
72
80
56
64
96
148
148
148
164
148
148
132
104
88
72
56
48
80
96
120
132
132
132
104
80
40
8
0
-16
