SAMPLES:	8943
BITSPERSAMPLE:	16
CHANNELS:	1
SAMPLERATE:	16000
NORMALIZED:	FALSE
0
0
0
0
-8
-8
-8
-8
-8
-8
-8
0
-8
0
-8
-8
-16
-16
-16
-8
0
0
0
-8
-8
-24
-16
-24
-8
-8
-8
0
-8
0
-8
0
-8
0
0
-8
0
0
0
-8
-8
-8
-8
-8
0
-8
-8
0
0
0
0
0
0
0
0
0
0
0
0
0
8
0
8
0
8
16
16
16
16
24
24
24
16
16
24
24
24
24
24
32
32
32
32
32
32
40
48
48
48
40
32
48
40
32
32
32
32
32
32
32
40
24
24
8
16
8
16
16
16
16
16
16
16
8
0
0
-8
0
0
0
-8
-8
0
-16
-8
-16
-24
-24
-24
-16
-16
-8
-16
-40
-32
-40
-40
-40
-24
-40
-32
-32
-40
-48
-48
-48
-56
-48
-40
-40
-32
-32
-24
-40
-48
-48
-48
-40
-32
-24
-16
-16
-16
-32
-32
-24
-32
-24
-24
-16
-8
-16
-16
-16
-24
-24
-16
-16
-16
-16
-8
-8
0
0
0
0
0
-8
-16
-16
-8
0
8
16
8
0
0
0
0
8
24
24
24
16
16
16
32
32
24
24
32
40
32
48
48
48
48
40
24
24
24
24
40
56
56
48
40
32
40
32
40
48
32
32
32
24
24
40
32
24
40
32
24
24
24
16
8
16
8
8
8
8
8
16
24
16
0
0
0
0
0
0
0
-8
-8
-24
-8
-8
-16
-8
-8
-8
-16
-16
-24
-24
-24
-32
-24
-24
-24
-32
-32
-32
-24
-32
-24
-16
-24
-40
-40
-40
-48
-32
-40
-40
-40
-48
-48
-40
-40
-32
-32
-40
-32
-40
-32
-32
-24
-24
-32
-32
-40
-32
-32
-24
-16
-8
-8
-16
-8
-8
-8
-16
0
8
16
24
16
0
-8
0
0
8
24
16
8
24
8
16
24
32
32
16
16
8
24
32
32
32
24
8
16
16
16
24
24
16
8
0
0
0
8
24
24
8
16
8
0
8
8
8
8
16
8
-8
0
0
0
24
24
16
8
16
8
8
16
16
16
24
16
8
0
0
0
8
16
16
8
16
8
0
8
16
8
16
8
8
8
8
0
-8
0
0
0
0
0
0
0
0
-8
-8
-8
-16
-16
-8
0
0
-16
-16
-32
-24
-16
-8
0
0
0
-8
-16
-8
-16
-16
-16
0
0
0
0
0
-8
0
0
-8
0
0
0
0
0
-8
0
0
0
8
8
8
0
16
8
0
8
8
8
0
16
0
0
-8
0
-8
-8
0
-8
0
-8
-8
0
-8
-8
-8
-16
-16
-8
-16
-24
-32
-32
-32
-24
-32
-32
-24
-16
-24
-32
-16
-24
-32
-32
-32
-40
-40
-32
-32
-16
-16
-16
-16
-24
-24
-24
-16
-16
-16
-24
-24
-16
-16
-24
-8
0
0
8
8
16
0
0
0
16
16
24
24
32
48
40
40
40
48
48
48
48
48
56
56
56
48
56
56
56
64
72
72
72
80
64
48
48
48
48
56
56
56
48
48
48
40
48
32
24
16
16
16
24
24
8
8
8
8
8
8
0
0
0
0
-8
-8
-40
-40
-24
-16
-16
-24
-8
-32
-40
-40
-40
-48
-56
-56
-48
-40
-56
-48
-56
-56
-56
-56
-48
-48
-48
-56
-56
-48
-40
-48
-40
-56
-48
-48
-56
-40
-40
-48
-56
-56
-56
-48
-48
-40
-32
-32
-40
-40
-32
-24
-16
0
0
0
-8
-8
-8
0
0
0
0
0
0
8
16
0
8
0
0
0
0
16
24
24
16
24
24
16
32
32
40
40
56
40
32
32
24
32
40
48
40
48
40
48
48
56
48
40
56
48
56
40
48
48
48
48
40
48
32
24
16
32
40
40
40
40
48
48
48
32
32
24
16
24
32
24
16
8
0
8
0
0
0
0
-8
-8
-16
-8
-16
-24
-32
-32
-24
-40
-24
-32
-40
-32
-32
-40
-40
-40
-48
-40
-48
-56
-56
-48
-40
-40
-40
-40
-32
-40
-48
-48
-48
-40
-40
-32
-32
-32
-24
-24
-16
-16
-16
-16
-16
-24
-24
-32
-24
-16
-8
-8
0
0
0
0
0
8
8
0
0
0
8
16
0
0
0
0
0
16
16
24
24
0
0
24
16
8
16
32
32
16
16
8
16
0
0
8
8
0
8
16
16
8
0
0
0
16
8
0
8
8
0
0
0
-8
-16
-16
0
-8
0
-8
0
0
-16
-8
-8
-24
-16
-16
-24
-16
-16
-16
-24
0
0
-8
-8
0
-8
-8
0
0
0
8
8
0
0
0
0
0
8
16
16
8
24
32
32
24
32
24
16
32
40
40
40
40
40
32
40
32
24
32
40
40
32
40
32
32
32
32
48
48
56
40
56
32
32
24
24
16
0
0
0
0
0
8
0
0
0
-16
-16
-16
-16
-24
-16
-16
-24
-32
-40
-48
-56
-56
-56
-48
-48
-48
-48
-56
-56
-40
-48
-64
-56
-56
-64
-64
-48
-32
-40
-48
-48
-48
-48
-32
-32
-40
-40
-48
-40
-40
-32
-24
-8
-8
-24
-24
-24
-16
-16
-16
-16
-16
-8
-24
-16
-8
0
0
8
0
8
0
0
0
0
8
16
24
16
24
16
24
32
32
24
24
8
8
32
32
48
56
40
24
16
24
24
40
48
48
48
56
56
48
64
48
64
56
64
48
48
56
56
56
48
48
48
48
40
56
56
48
40
48
32
24
24
24
32
32
24
16
8
0
0
0
0
8
-8
-16
-32
-24
-24
-8
0
-8
-16
-40
-56
-48
-48
-40
-32
-24
-40
-48
-48
-56
-56
-64
-72
-72
-64
-56
-56
-48
-48
-56
-48
-48
-40
-48
-32
-24
-24
-24
-32
-32
-32
-24
-32
-16
-16
-8
0
0
0
-16
-16
-16
-16
-16
-16
0
0
0
0
0
0
0
-16
-8
0
0
0
24
24
8
0
0
-16
-8
0
8
16
16
16
16
8
16
24
16
16
16
16
16
16
8
16
16
8
16
16
8
8
24
16
16
16
24
24
16
24
16
24
16
16
8
8
0
0
16
16
16
8
8
0
0
0
0
8
16
8
0
-8
-8
-16
-16
-16
-8
0
-8
-8
-8
-16
-16
-24
-24
-8
-8
-8
0
-8
-8
-24
-32
-32
-16
-16
-16
-8
-16
-24
-24
-16
0
0
0
8
0
0
0
0
8
8
8
16
16
8
0
8
16
8
16
24
24
24
24
32
16
16
16
16
16
16
16
8
8
16
16
8
16
24
8
0
8
8
8
8
8
8
8
8
16
16
16
16
16
8
16
16
0
0
-8
0
0
8
16
24
8
-8
-8
-16
0
-8
0
0
0
0
-16
-16
-24
-24
-16
-16
-16
-16
-24
-32
-32
-16
-16
-16
-16
-24
-32
-48
-32
-32
-32
-32
-24
-32
-32
-24
-24
-16
-16
-24
-16
-24
-16
-24
-16
-8
-8
0
-8
-8
-8
-8
0
0
0
-8
0
-8
-8
0
0
0
8
8
8
16
8
8
0
16
24
32
40
40
32
16
16
8
16
16
16
24
16
24
24
24
24
24
32
32
32
32
16
16
16
8
0
8
8
0
8
0
8
8
16
24
16
16
8
0
-8
-8
-8
-8
0
-8
-8
-8
-8
-16
-16
-8
0
-8
-16
-24
-24
-24
-32
-16
-16
-16
-16
-24
-16
-16
-24
-16
-16
-16
-24
-24
-8
-16
-16
-24
-16
-8
-8
-8
-8
0
0
8
8
8
16
8
16
16
16
24
16
16
16
24
16
16
16
16
32
24
32
24
16
16
24
24
16
8
0
0
0
0
0
0
0
0
0
0
0
-8
-8
-8
-8
0
-8
0
-16
-16
-16
-16
-16
-16
-8
-8
0
0
8
16
8
8
8
8
8
8
8
0
0
0
0
0
0
8
0
0
0
0
0
0
0
-16
-24
-32
-32
-40
-40
-32
-32
-16
-8
-16
-24
-24
-24
-24
-16
-16
-16
-24
-32
-40
-56
-56
-48
-40
-24
-8
0
0
-8
-16
-24
-16
-16
-16
-8
-16
-16
-24
-24
-24
-8
0
16
32
32
40
32
24
24
32
32
24
32
24
24
24
24
32
40
48
64
72
72
64
48
48
56
48
56
56
48
40
40
24
16
32
32
48
64
72
72
64
64
48
40
24
24
16
8
8
0
0
-8
0
0
0
0
0
-8
-16
-16
-16
-24
-24
-16
-16
-16
-24
-24
-40
-40
-48
-56
-72
-72
-80
-88
-72
-56
-56
-56
-40
-48
-40
-24
-24
-32
-40
-40
-48
-48
-48
-40
-32
-32
-40
-40
-40
-24
-8
-8
0
0
-8
-8
-16
-24
-24
-24
-16
-8
-8
-8
-8
-8
0
8
8
8
16
16
16
24
24
24
16
24
24
8
0
0
0
0
0
0
8
0
0
-8
-16
-8
-8
0
0
8
0
0
-16
-24
-24
-16
0
8
24
40
48
48
48
64
72
64
72
72
72
72
72
72
88
104
120
132
164
164
180
196
196
196
180
180
148
132
104
88
80
40
24
8
0
-24
-40
-64
-80
-88
-120
-132
-148
-164
-196
-212
-212
-228
-244
-260
-276
-292
-292
-292
-292
-276
-260
-276
-276
-276
-260
-276
-244
-228
-212
-180
-180
-148
-164
-148
-132
-132
-120
-120
-120
-96
-72
-56
-40
-16
-16
0
16
48
80
112
132
148
180
180
196
196
212
212
228
244
244
260
292
308
324
356
396
428
428
492
524
524
588
620
684
716
812
988
1116
1180
1308
1372
1436
1436
1436
1308
1180
1052
748
492
196
-80
-428
-716
-988
-1180
-1372
-1500
-1564
-1628
-1692
-1756
-1820
-1884
-1884
-1980
-2108
-2108
-2236
-2236
-2236
-2108
-1980
-1756
-1628
-1308
-988
-748
-396
-180
64
212
292
212
132
8
-164
-308
-428
-428
-396
-324
-196
-8
180
340
492
588
684
716
684
652
620
524
428
324
292
244
196
196
276
396
460
652
780
924
988
1052
1052
988
924
716
524
324
180
0
-80
-64
132
460
924
1308
1884
2492
3132
3644
3900
4348
4348
4348
4092
3772
3260
2748
2108
1372
684
40
-556
-1180
-1692
-1980
-2236
-2492
-2620
-2748
-2876
-3132
-3388
-3772
-4092
-4604
-5116
-5372
-5372
-5628
-5372
-5116
-4604
-3900
-3132
-2236
-1244
-324
556
1436
2108
2876
3004
3132
3004
2748
2492
1884
1628
1116
780
260
120
-16
-112
-32
164
620
812
924
748
556
132
-428
-988
-1436
-1692
-1980
-2236
-2108
-1884
-1628
-1244
-748
-180
196
556
812
1052
1116
988
812
556
212
-276
-620
-876
-988
-1116
-1052
-844
-652
-460
-148
212
524
780
924
1052
1116
1308
1500
1756
2236
2876
3772
4604
5372
5884
6652
7164
7164
7164
6652
6140
5372
4348
3132
2108
1052
-64
-1116
-1820
-2364
-2620
-3004
-3132
-3260
-3516
-3644
-4092
-4348
-4860
-5628
-6140
-6652
-6908
-7164
-7164
-6908
-6396
-5884
-4860
-3644
-2492
-1244
-196
748
1692
2236
2492
2620
2492
2108
1820
1692
1500
1628
1436
1628
1884
2108
2236
2364
2492
2364
2108
1564
1052
396
-556
-1308
-1980
-2492
-2876
-3004
-3132
-2876
-2620
-2236
-1756
-1244
-780
-524
-396
-196
-148
-396
-620
-780
-988
-1308
-1372
-1180
-924
-716
-492
-148
148
324
492
684
684
716
620
524
524
524
524
620
812
1052
1308
1756
2236
2876
3772
4604
5884
6652
7164
7420
7676
8316
7932
7676
6908
6396
5628
4604
3772
2876
2108
1052
80
-588
-1308
-1820
-2364
-3004
-3388
-4092
-4348
-5116
-5628
-6140
-6908
-7420
-7932
-8316
-8316
-8316
-7676
-7164
-6396
-5372
-4092
-2876
-1692
-492
492
1372
1884
2236
2364
2108
1820
1436
1180
844
988
1308
1692
2108
2236
3004
2876
3004
2748
2236
1500
492
-428
-1564
-2364
-3516
-4092
-4604
-4604
-4348
-4092
-3388
-2492
-1500
-812
-16
684
1052
1116
1180
1052
716
148
-196
-396
-556
-524
-396
-8
428
876
1244
1756
2108
2108
1980
1820
1564
1180
652
340
148
-72
-164
0
260
524
988
1628
2236
3388
4348
5628
6652
7164
7676
7932
8316
7932
7420
6652
6140
5628
4348
3516
2620
1756
876
-120
-812
-1500
-2236
-2876
-3644
-4092
-4860
-5372
-5884
-6140
-6652
-7164
-7676
-7932
-8316
-8316
-8316
-7420
-6908
-6140
-5372
-4092
-2748
-1500
-196
924
1884
2620
3004
3260
3132
2876
2492
1980
1692
1372
1180
1052
1180
1564
1884
2108
2364
2620
2364
1884
1372
588
-228
-1244
-2236
-3132
-3900
-4348
-4604
-4348
-3900
-3004
-2364
-1372
-276
652
1372
1884
2236
2236
1820
1436
1052
396
-292
-748
-988
-988
-924
-684
-396
8
460
780
1116
1308
1308
1052
924
844
620
212
56
-32
-88
-40
180
588
924
1628
2364
3004
4092
5116
6396
7164
7676
7932
8316
8316
7676
6908
6140
5628
4860
3516
2620
1628
812
-164
-1180
-1756
-2492
-3132
-3772
-4348
-4860
-5372
-5628
-6140
-6652
-6908
-7420
-7420
-7932
-7932
-8316
-7932
-7164
-6652
-5884
-4860
-3516
-2108
-988
212
1180
1980
2492
2748
2876
2620
2236
1628
1244
1052
748
812
844
988
1244
1628
2108
2364
2364
2236
1980
1500
748
-16
-924
-1756
-2748
-3388
-3388
-3516
-3260
-3004
-2108
-1244
-260
716
1500
2236
2620
2748
2620
2236
1628
812
48
-588
-988
-1372
-1628
-1564
-1500
-1180
-780
-228
148
308
396
492
588
460
356
180
-48
-164
-104
32
244
492
812
1180
1820
2620
3260
4092
5116
6396
7420
7676
8316
8316
8316
7932
7420
6652
6396
5628
4604
3516
2748
1884
844
-180
-988
-1820
-2620
-3260
-3900
-4348
-5116
-5372
-5628
-6140
-6396
-6908
-7164
-7676
-7932
-8316
-7932
-7420
-7164
-6652
-5628
-4348
-3132
-1980
-924
96
748
1244
1500
1756
1500
1180
780
460
244
292
556
308
652
844
1372
1628
1884
1884
1564
1244
556
148
-620
-1244
-2108
-2876
-3132
-3132
-3132
-3132
-2364
-1692
-844
72
1180
1980
2364
2620
2876
2876
2492
1820
1244
428
-228
-748
-1244
-1308
-1372
-1308
-1116
-652
-228
-112
-24
180
356
164
132
180
24
-64
-56
164
556
812
1180
1692
2108
2748
3516
4092
4604
5372
6396
7420
7932
7932
8316
8316
8316
7676
6908
6396
5884
4860
3644
2620
1756
620
-652
-1692
-2492
-3388
-4092
-4860
-5372
-5884
-6140
-6396
-6652
-6908
-7164
-7420
-7420
-7676
-7932
-7932
-7420
-6908
-6396
-5884
-4604
-3388
-2364
-1244
-276
588
1180
1628
1980
1884
1628
1180
844
652
748
524
524
748
988
1500
1756
2108
2236
2108
1756
1308
844
-24
-652
-1564
-2236
-2492
-2748
-2748
-2492
-1980
-1436
-556
492
1500
2236
2748
3132
3260
3004
2620
1980
1308
460
-340
-988
-1372
-1692
-1884
-1820
-1628
-1308
-812
-492
-276
-180
-148
-132
-88
-148
-244
-292
-356
-148
148
396
748
1116
1564
2108
2876
3516
3900
4604
5372
6652
7164
7420
7676
7676
7932
7676
7164
6652
6140
5628
4348
3388
2364
1564
356
-876
-1692
-2620
-3388
-4092
-4604
-5116
-5372
-5628
-5884
-6140
-6396
-6396
-6652
-6908
-7164
-7420
-7420
-6908
-6652
-6140
-5372
-4092
-3132
-2108
-1116
-260
492
924
1308
1500
1372
1116
748
620
748
620
652
684
1436
1628
1692
2108
2236
2236
1628
1436
924
460
-324
-1244
-1884
-2492
-2748
-3004
-2876
-2364
-1980
-1564
-716
396
1052
1436
1980
2364
2236
1756
1308
844
-40
-924
-1628
-1884
-1980
-2236
-2236
-1980
-1500
-1052
-588
-96
228
340
308
460
652
460
180
164
276
524
844
1308
1692
1980
2492
3132
3772
4348
4604
5116
5884
6908
7420
7676
7676
7676
7932
7420
7164
6396
6140
5372
4348
3388
2364
1500
372
-876
-1756
-2620
-3388
-4092
-4860
-5372
-5884
-6140
-6396
-6652
-6908
-7164
-7420
-7676
-7676
-7932
-7676
-7164
-6652
-6140
-5372
-4348
-3388
-2364
-1436
-652
40
588
988
1244
1244
1244
988
988
1052
1564
1980
1884
2492
2492
3004
2876
2876
2620
2236
1756
812
428
-428
-1116
-1756
-2236
-2108
-2108
-1980
-1692
-988
-212
372
1180
1884
2364
2364
2236
2236
1820
1116
260
-428
-924
-1308
-1564
-1820
-1564
-1500
-1372
-924
-428
-112
-244
-324
-372
-460
-780
-988
-988
-1116
-1180
-844
-308
308
876
1436
2108
2748
3388
3772
4348
4604
5116
5116
5884
6652
6908
6908
6908
7420
7420
7164
6908
6396
6140
5116
4092
3004
1980
684
-876
-2108
-3260
-4348
-5116
-5884
-6396
-6652
-6908
-6908
-6908
-6908
-6908
-6908
-6908
-6908
-7164
-7164
-6908
-6652
-6396
-5884
-5116
-4092
-3132
-1980
-988
-32
812
1436
1884
2236
2492
2492
2364
2364
2364
2364
2364
2236
2236
2236
2236
2236
2108
1980
1628
1308
844
460
16
-460
-844
-1116
-1180
-1244
-1116
-924
-524
-80
492
1180
1500
1692
1756
1820
1564
1116
652
16
-620
-1180
-1628
-1980
-2108
-2364
-2364
-2236
-1980
-1692
-1500
-1372
-1244
-1180
-1052
-844
-684
-620
-428
-120
276
748
1308
1692
2108
2620
3132
3772
4092
4604
4860
5116
5628
6652
7164
7420
7420
7676
7932
7676
7164
6396
5884
5372
4092
2876
1628
492
-780
-2108
-3132
-4092
-4604
-5372
-5628
-5884
-6140
-6140
-6396
-6396
-6396
-6908
-6908
-7164
-7164
-7420
-7420
-7164
-6652
-6140
-5628
-4604
-3388
-2236
-1180
-148
748
1436
1884
2236
2364
2364
2108
1756
1820
1820
1692
1628
1692
1980
1884
1980
1884
1980
1564
1180
876
460
48
-556
-988
-1372
-1372
-1436
-1372
-924
-492
-8
556
1244
1820
1980
1980
2108
1884
1372
780
148
-460
-1052
-1564
-1884
-1980
-1980
-2108
-1980
-1756
-1436
-1244
-1052
-988
-924
-876
-812
-684
-652
-620
-396
-80
396
1052
1564
2108
2748
3516
4092
4604
5116
5372
5628
6140
6652
7420
7420
7420
7164
7164
7164
6652
6140
5372
4860
3900
2620
1500
428
-780
-2108
-3260
-4092
-4860
-5628
-6140
-6396
-6396
-6652
-6908
-6908
-6908
-6908
-7164
-7164
-7164
-7164
-6908
-6652
-6140
-5628
-4860
-3900
-2620
-1500
-460
460
1308
1980
2364
2492
2620
2492
2492
2236
2108
2108
1980
1980
1980
2236
2364
2492
2364
2108
1980
1372
924
292
-396
-924
-1436
-1756
-1884
-1692
-1436
-1116
-684
-228
396
988
1308
1564
1564
1436
1052
556
-80
-716
-1308
-1980
-2236
-2492
-2620
-2492
-2364
-2236
-1884
-1500
-1244
-1052
-988
-1116
-1052
-1116
-988
-988
-780
-492
-104
588
1244
2108
2748
3388
4092
4604
5372
5628
5884
6140
6396
6908
7164
7420
7164
6908
6908
6908
6396
5884
5116
4604
3516
2364
988
-164
-1372
-2748
-4092
-4860
-5372
-6140
-6652
-6652
-6908
-6652
-6908
-6652
-6652
-6652
-6652
-6652
-6396
-6396
-6140
-5884
-5372
-4604
-3772
-2748
-1500
-396
684
1564
2364
2876
3260
3260
3132
2876
2492
2108
2108
1980
1820
1820
1980
2108
1980
2108
1980
1980
1436
748
164
-324
-924
-1628
-1980
-2236
-2108
-2108
-1756
-1116
-492
-40
428
1052
1436
1436
1116
876
588
-40
-844
-1436
-1980
-2364
-2748
-2876
-2748
-2364
-2364
-2108
-1564
-1244
-1116
-1052
-988
-1052
-1116
-1116
-1116
-924
-620
-228
308
1180
1980
2748
3516
4348
4860
5372
5884
6140
6140
6140
6140
6652
6908
6908
6652
6652
6652
6652
5884
5372
4604
4092
2748
1372
196
-988
-2236
-3644
-4860
-5372
-5884
-6396
-6652
-6908
-6652
-6652
-6652
-6652
-6396
-6396
-6396
-6396
-6396
-6396
-5884
-5628
-4860
-4092
-3132
-1980
-716
372
1308
1980
2492
2748
2876
2748
2492
2108
1628
1180
1244
1308
1244
1564
1628
2108
2108
2108
1980
1756
1500
716
228
-372
-844
-1244
-1564
-1564
-1308
-844
-340
228
716
1180
1628
1980
1980
1820
1372
924
372
-244
-812
-1308
-1692
-1980
-2236
-2236
-1980
-1820
-1756
-1628
-1500
-1500
-1500
-1628
-1884
-1980
-1980
-1820
-1500
-1052
-492
148
988
1884
2876
3644
4348
4860
5372
5628
5628
5628
5628
5372
5628
6140
6652
6652
6652
6652
6652
6396
5628
4860
4092
3132
1500
-64
-1308
-2236
-3388
-4604
-5372
-5628
-5884
-6140
-6140
-5884
-5884
-5628
-5884
-6140
-6140
-6140
-6140
-6396
-6140
-5884
-5116
-4348
-3516
-2620
-1628
-460
716
1500
1980
2236
2236
1980
1564
988
716
460
112
112
428
924
1244
1628
1884
2364
2364
2108
1756
1180
492
-308
-876
-1372
-1692
-1980
-1980
-1436
-780
-196
340
988
1500
1692
1628
1628
1436
812
80
-524
-988
-1372
-1756
-1980
-1980
-1980
-1884
-1628
-1372
-1180
-1308
-1436
-1564
-1564
-1756
-1980
-1980
-1980
-1692
-1372
-780
-80
812
1628
2364
3388
4092
4604
4860
4860
5116
5116
5116
4860
5116
5372
6140
6908
6908
7164
7164
7164
6652
5628
4604
3644
2620
1052
-428
-1436
-2108
-2748
-3644
-4348
-4348
-4348
-4604
-5116
-5116
-5372
-5628
-6140
-6652
-6652
-6652
-6652
-6396
-5884
-5372
-4348
-3388
-2364
-1436
-716
72
924
1436
1436
1180
844
556
244
40
64
396
524
620
1372
1820
2492
2492
2364
2236
1820
1180
148
-276
-1052
-1628
-1980
-2108
-1628
-1372
-988
-588
228
716
1052
1180
1180
1244
876
524
356
164
-260
-588
-620
-588
-492
-492
-460
-356
-492
-716
-876
-1244
-1628
-1980
-2492
-2620
-2748
-2876
-2748
-2492
-1980
-1436
-684
80
924
1564
2108
2620
3132
3388
3644
3644
3772
4092
4348
4604
5116
5628
6396
7164
7420
7164
7164
6652
5884
4860
3516
2492
1756
620
-620
-1628
-2108
-2236
-2748
-3388
-3900
-4092
-4604
-5116
-5628
-6140
-6396
-6908
-7164
-6908
-6396
-5884
-5116
-4348
-3644
-2492
-1500
-812
-340
-80
396
716
684
588
620
684
524
524
812
1500
1692
1756
1884
1980
2364
2108
1884
1244
988
212
-372
-716
-1116
-1180
-1436
-1244
-1116
-524
-104
164
356
428
780
844
876
748
588
428
308
244
24
72
-32
-196
-340
-308
-228
-340
-620
-988
-1244
-1500
-1820
-2108
-2364
-2620
-2620
-2620
-2364
-1980
-1628
-1116
-652
24
812
1436
1884
2236
2748
3004
3388
3644
3900
4348
4604
5116
5372
5628
6140
7164
7420
7164
6908
6140
5628
4860
3516
2364
1628
1052
132
-844
-1756
-2108
-2108
-2620
-3516
-4092
-4604
-4860
-5372
-6140
-6652
-6652
-6908
-6908
-6652
-6140
-5116
-4604
-4348
-3516
-2492
-1628
-1116
-988
-812
-428
64
180
260
276
396
556
556
684
988
1436
1308
1180
1116
1116
1180
780
276
-16
-40
-340
-652
-716
-876
-652
-524
-588
-396
-24
164
228
308
260
372
556
588
748
876
924
924
812
716
684
652
492
244
16
-180
-396
-780
-1180
-1436
-1756
-1884
-1980
-2108
-2108
-1980
-1820
-1436
-988
-588
-40
492
988
1564
1980
2364
2620
2876
3260
3644
4092
4348
4860
5116
5372
6140
6908
7420
7420
6908
6140
5628
5116
4092
2876
1692
1180
876
148
-924
-1692
-1980
-2108
-2492
-3516
-4348
-4860
-5116
-5628
-6140
-6652
-6652
-6396
-6396
-5884
-5372
-4604
-3900
-3516
-3004
-2364
-1628
-1116
-924
-924
-684
-308
16
56
-16
-24
244
620
428
292
96
32
260
244
164
32
-40
-72
-96
-292
-588
-652
-812
-924
-1052
-1116
-988
-780
-588
-524
-212
244
652
988
1052
1180
1308
1436
1436
1244
876
588
524
524
372
148
-64
-212
-276
-428
-748
-1116
-1372
-1500
-1628
-1692
-1692
-1500
-1308
-988
-524
-148
308
716
1052
1436
1820
2236
2492
2876
3132
3516
4092
4604
5116
5372
5628
5884
6652
7164
7164
6652
5628
5116
4348
3644
2620
1564
988
556
148
-652
-1436
-1980
-2364
-2620
-3388
-4092
-4860
-5372
-5884
-6140
-6396
-6652
-6396
-5884
-5372
-4860
-4348
-3900
-3388
-2748
-2236
-1884
-1692
-1436
-1116
-684
-292
0
104
120
308
460
684
652
460
196
112
148
292
428
212
120
-48
24
-132
-276
-492
-748
-716
-780
-652
-684
-588
-396
-8
492
924
1244
1436
1628
1628
1692
1628
1436
1116
748
556
460
492
372
244
132
0
-196
-620
-924
-1372
-1692
-1884
-1980
-1884
-1756
-1564
-1308
-924
-492
-32
372
716
1052
1180
1436
1820
2236
2492
2748
3132
3644
4092
4604
4860
5372
5628
6140
6396
6396
5628
5116
4348
3644
2876
1884
1116
716
460
148
-460
-1116
-1756
-2364
-2876
-3516
-4092
-4604
-4860
-5116
-5372
-5628
-5884
-5628
-5372
-4604
-4092
-3772
-3516
-3132
-2620
-2236
-2108
-1980
-1820
-1500
-924
-492
-164
-180
-132
-16
148
276
-48
-80
-112
164
428
492
620
428
524
460
356
132
-196
-324
-620
-684
-812
-716
-460
-164
324
588
924
1372
1756
1980
1884
1628
1372
1244
1180
988
748
556
620
924
1116
1116
812
428
40
-244
-524
-988
-1436
-1820
-1820
-1564
-1244
-924
-780
-524
-148
292
620
780
844
924
1180
1436
1820
2108
2364
2748
3132
3772
4348
4604
4604
4604
4860
5372
5372
5116
4860
4092
3644
3004
2236
1308
492
-40
-308
-492
-924
-1436
-2108
-2748
-3260
-3900
-4348
-4860
-4860
-5116
-5116
-5372
-5372
-5372
-5116
-4604
-4348
-4092
-3644
-3388
-2876
-2492
-2364
-2108
-1884
-1308
-588
-80
164
228
372
492
620
428
64
40
148
492
812
876
924
924
924
652
492
148
-180
-244
-292
-228
-308
-180
104
460
748
876
1052
1244
1436
1436
1116
780
556
524
684
620
588
652
876
1116
1116
924
308
-228
-652
-924
-1180
-1500
-1692
-1756
-1564
-1244
-924
-780
-620
-396
-112
292
556
652
812
988
1308
1756
2236
2620
2876
3260
3772
4092
4348
4604
4860
5116
5372
5628
5372
4860
4348
3644
2876
1980
1308
844
524
72
-492
-1052
-1500
-2108
-2876
-3516
-4092
-4604
-4604
-4860
-5116
-5372
-5372
-5372
-5116
-4604
-4348
-3900
-3516
-3004
-2620
-2236
-1980
-1980
-1564
-924
-228
308
684
684
652
748
684
524
72
88
96
324
460
396
620
460
588
308
148
-132
-396
-428
-748
-716
-924
-684
-372
-96
260
356
684
924
1116
1116
924
652
460
460
524
524
524
620
780
1052
1116
988
620
120
-372
-844
-1116
-1500
-1628
-1820
-1756
-1500
-1244
-844
-652
-428
-244
24
396
652
876
1052
1308
1628
2108
2492
2876
3388
3772
4348
4604
4860
5116
5628
5884
5884
5372
4860
4348
3644
2876
1980
1372
1052
748
260
-524
-1180
-1692
-2236
-2876
-3644
-4092
-4348
-4604
-4860
-5116
-5372
-5372
-5116
-4604
-4092
-3772
-3388
-3132
-2748
-2364
-2108
-1884
-1628
-1116
-588
48
428
652
588
396
340
164
96
-244
-428
-492
-524
-356
-460
-324
-356
-308
-292
-460
-556
-844
-988
-1180
-1244
-1116
-812
-308
40
428
684
988
1244
1372
1372
1244
1116
924
876
812
780
876
1116
1308
1436
1500
1372
988
396
-120
-684
-1052
-1308
-1564
-1628
-1628
-1372
-1180
-844
-492
-228
72
356
620
780
924
988
1244
1564
1980
2492
3004
3516
3900
4348
4604
5116
5628
5628
5628
5116
4860
4348
3516
2620
1820
1372
1116
844
276
-492
-1116
-1628
-2236
-2876
-3516
-4092
-4092
-4348
-4604
-4860
-4860
-4860
-4604
-4092
-3772
-3388
-3132
-2876
-2620
-2236
-1980
-1756
-1308
-924
-372
132
460
620
524
492
228
64
-356
-716
-844
-1116
-1116
-1244
-924
-620
-428
-372
-620
-588
-844
-876
-1244
-1436
-1436
-1436
-924
-652
-164
120
492
924
1180
1500
1564
1500
1308
1116
988
988
988
1116
1372
1692
1980
2108
1980
1500
1052
492
80
-292
-588
-812
-1052
-988
-924
-684
-460
-308
-88
112
356
396
428
492
620
876
1116
1628
2108
2748
3260
3644
4092
4348
4604
5116
5116
5116
4604
4348
3900
3132
2492
1980
1692
1436
988
396
-340
-924
-1500
-2236
-2876
-3516
-3772
-4092
-4348
-4604
-4860
-4860
-4604
-4348
-3900
-3644
-3260
-3132
-2876
-2748
-2364
-1980
-1564
-1244
-876
-492
-80
196
324
292
104
-88
-428
-620
-844
-924
-1052
-1116
-876
-716
-524
-588
-716
-876
-1052
-1244
-1500
-1692
-1756
-1564
-1244
-844
-396
0
556
988
1500
1756
1884
1820
1628
1436
1244
1180
1116
1180
1372
1756
1980
2236
2236
1980
1628
1244
812
340
-56
-460
-748
-988
-924
-844
-812
-716
-556
-324
-80
40
80
104
228
428
748
1052
1436
1884
2364
2748
3132
3388
3644
4092
4348
4604
4604
4348
4092
3900
3388
3004
2620
2236
1820
1244
620
72
-460
-1180
-1980
-2492
-3004
-3388
-3516
-3772
-3900
-3900
-3900
-3772
-3644
-3388
-3132
-3004
-3004
-2876
-2620
-2364
-1980
-1564
-1244
-924
-588
-292
-96
56
96
-32
-308
-556
-780
-988
-1116
-1180
-1052
-844
-620
-588
-652
-780
-988
-1244
-1500
-1628
-1820
-1820
-1692
-1436
-1052
-588
-96
356
812
1180
1372
1436
1308
1180
1052
1052
1052
1116
1180
1436
1756
1980
2236
2108
1980
1564
1116
716
340
-40
-428
-748
-844
-812
-844
-780
-652
-492
-372
-212
-164
-164
-96
8
244
524
844
1180
1628
2108
2620
2876
3132
3516
3772
3900
3644
3516
3388
3388
3132
2620
2364
2108
1980
1564
844
492
112
-340
-1116
-1692
-1980
-2364
-2492
-2876
-3004
-3004
-2748
-2748
-2748
-2748
-2620
-2364
-2492
-2492
-2236
-1980
-1692
-1500
-1308
-988
-588
-396
-492
-652
-748
-780
-924
-1116
-1244
-1308
-1308
-1180
-1116
-924
-780
-684
-684
-748
-844
-988
-1052
-1308
-1372
-1372
-1244
-924
-684
-372
-16
460
876
1180
1372
1436
1564
1564
1564
1564
1500
1564
1628
1884
2108
2236
2236
2236
2108
1980
1820
1564
1180
924
620
428
212
24
-196
-396
-492
-492
-372
-340
-324
-260
-228
-72
24
196
396
556
812
1052
1244
1372
1628
1980
2236
2236
2236
2236
2108
1820
1500
1308
1116
988
716
308
48
-164
-340
-620
-988
-1308
-1628
-1756
-1980
-2108
-2236
-2492
-2492
-2492
-2364
-2236
-2108
-2108
-2108
-1980
-1884
-1756
-1692
-1692
-1564
-1436
-1308
-1180
-988
-924
-876
-780
-716
-684
-620
-620
-620
-620
-556
-492
-492
-460
-492
-428
-396
-396
-428
-460
-492
-460
-340
-244
-48
148
340
620
812
988
1116
1244
1244
1244
1244
1308
1436
1436
1500
1628
1884
1980
1980
1980
1980
1980
1980
1820
1628
1500
1244
988
748
556
372
196
80
0
-64
-148
-196
-180
-148
-24
132
276
428
620
748
844
988
1052
1116
1116
988
876
748
652
556
524
492
460
428
356
396
308
228
96
-96
-292
-524
-780
-1052
-1244
-1436
-1628
-1692
-1756
-1756
-1756
-1756
-1756
-1756
-1756
-1756
-1756
-1756
-1628
-1500
-1372
-1308
-1244
-1180
-1116
-1052
-1116
-1116
-1052
-1116
-1052
-988
-876
-748
-620
-524
-460
-396
-372
-356
-396
-428
-492
-492
-428
-428
-356
-276
-164
-16
132
324
460
588
684
780
924
1116
1244
1308
1372
1436
1436
1500
1500
1436
1436
1500
1564
1628
1628
1628
1756
1756
1756
1820
1756
1628
1436
1308
1052
812
620
396
244
56
8
-72
-56
40
88
212
276
428
460
428
396
276
180
-16
-180
-340
-428
-524
-524
-492
-492
-428
-396
-324
-292
-324
-372
-460
-588
-652
-780
-876
-924
-1052
-1052
-1052
-988
-988
-988
-988
-988
-988
-988
-988
-988
-988
-924
-924
-924
-988
-988
-988
-988
-988
-1116
-1116
-1116
-1116
-1052
-876
-684
-620
-524
-524
-460
-372
-340
-324
-340
-276
-212
-132
32
180
340
460
652
812
924
1052
1052
1052
1052
988
924
876
844
844
988
1116
1244
1244
1308
1372
1372
1372
1308
1180
1052
1052
1116
1244
1372
1436
1564
1692
1692
1756
1692
1500
1244
924
556
228
16
-180
-292
-308
-212
-88
-16
8
-72
-260
-428
-620
-844
-1052
-1180
-1308
-1372
-1372
-1244
-1116
-988
-876
-780
-652
-620
-620
-652
-684
-684
-716
-620
-524
-428
-396
-356
-324
-324
-276
-340
-428
-556
-588
-588
-652
-652
-652
-684
-716
-748
-780
-876
-988
-1052
-1052
-1052
-1052
-1052
-988
-924
-812
-748
-684
-588
-492
-428
-428
-428
-372
-244
-64
112
340
620
844
1052
1180
1308
1244
1116
988
876
748
620
556
556
588
748
924
988
1052
1180
1308
1308
1244
1116
988
844
716
652
588
620
684
812
988
1180
1308
1436
1564
1564
1500
1308
1052
876
620
428
276
196
80
40
-32
-104
-196
-356
-428
-556
-716
-876
-988
-1116
-1244
-1308
-1372
-1500
-1436
-1308
-1244
-1116
-1116
-1052
-988
-876
-844
-780
-716
-684
-588
-524
-396
-292
-148
-80
-64
-104
-72
-64
-112
-164
-244
-372
-460
-492
-524
-556
-556
-556
-556
-588
-652
-684
-748
-812
-876
-924
-988
-988
-924
-844
-716
-556
-340
-132
56
228
356
524
652
748
812
876
924
1052
1180
1180
1244
1308
1180
1116
988
924
748
652
556
556
652
780
876
988
1052
1180
1180
1116
1052
844
652
524
428
396
396
492
684
844
988
1116
1180
1244
1244
1180
988
844
652
492
324
244
72
-16
-180
-324
-460
-652
-780
-924
-1052
-1244
-1436
-1564
-1692
-1756
-1756
-1756
-1756
-1692
-1564
-1500
-1308
-1308
-1244
-1180
-1116
-988
-876
-748
-716
-588
-524
-428
-372
-340
-292
-292
-276
-356
-396
-460
-524
-588
-556
-492
-460
-396
-324
-260
-212
-292
-396
-460
-556
-556
-588
-556
-460
-396
-228
-16
148
260
372
492
556
620
652
716
748
812
924
1052
1180
1372
1436
1500
1500
1500
1372
1244
1052
876
748
652
588
524
556
652
716
780
844
876
924
924
844
748
684
652
652
620
556
460
428
524
652
716
812
924
988
1052
1116
1052
988
844
748
620
460
292
120
-48
-244
-428
-588
-780
-988
-1116
-1244
-1436
-1564
-1692
-1820
-1884
-1980
-1980
-1980
-1884
-1820
-1628
-1500
-1308
-1116
-1052
-924
-876
-876
-812
-812
-780
-812
-844
-812
-780
-780
-716
-716
-620
-492
-356
-260
-148
-120
-96
-80
-40
-32
-64
-112
-148
-164
-132
-80
-72
-16
0
72
196
276
372
460
524
588
620
684
780
812
844
924
988
988
1052
1116
1180
1180
1244
1244
1244
1116
988
844
716
556
396
276
196
196
244
276
340
396
428
492
460
396
356
276
212
180
132
164
308
460
556
652
780
924
1052
988
876
748
620
492
396
324
180
72
-48
-180
-308
-460
-620
-812
-988
-1180
-1308
-1436
-1564
-1692
-1820
-1820
-1820
-1756
-1628
-1564
-1436
-1308
-1116
-988
-812
-652
-556
-524
-428
-340
-324
-292
-292
-372
-428
-428
-428
-396
-396
-396
-292
-196
-80
0
80
228
428
588
652
652
588
460
340
244
196
164
132
180
276
396
524
652
780
876
924
876
876
924
876
844
812
748
780
812
812
812
812
748
684
620
524
356
180
0
-72
-104
-112
-180
-244
-228
-180
-132
-112
-104
-64
16
56
104
132
120
132
132
212
308
356
372
356
260
180
164
148
104
48
32
0
-72
-120
-196
-260
-308
-356
-524
-684
-812
-924
-1052
-1180
-1180
-1180
-1244
-1244
-1180
-1180
-1116
-1052
-924
-844
-748
-652
-556
-492
-460
-396
-324
-244
-228
-244
-228
-212
-260
-308
-340
-324
-244
-80
80
196
292
428
556
684
748
812
924
924
924
924
876
812
812
812
812
844
876
924
924
844
812
812
812
780
748
716
684
620
620
588
524
460
428
428
428
340
260
180
104
64
-16
-164
-308
-492
-620
-684
-716
-684
-620
-588
-460
-292
-196
-104
-72
-132
-180
-228
-308
-340
-428
-428
-428
-372
-276
-212
-112
-16
32
104
148
132
56
16
16
0
16
24
0
-64
-88
-148
-260
-356
-428
-524
-620
-652
-748
-812
-844
-844
-844
-812
-780
-780
-812
-876
-924
-844
-748
-588
-492
-356
-180
-88
-32
-40
-96
-104
-112
-112
-112
-16
96
276
460
620
812
988
1116
1244
1180
1180
1116
1116
1052
988
924
876
876
844
924
924
988
988
876
780
684
620
492
372
276
132
40
-8
-8
-16
8
48
64
56
32
-24
-164
-276
-396
-556
-684
-844
-988
-1052
-1116
-1116
-1052
-924
-844
-748
-684
-620
-524
-428
-356
-356
-356
-396
-396
-428
-372
-324
-228
-112
-40
48
164
260
324
396
428
428
428
460
428
356
292
276
276
276
212
104
16
-40
-64
-112
-148
-196
-180
-212
-212
-196
-212
-180
-180
-164
-148
-132
-96
-40
8
40
112
132
164
164
120
96
80
104
112
148
212
244
308
356
372
396
460
428
428
460
396
372
396
396
356
356
324
324
324
356
340
276
212
148
132
64
-40
-132
-260
-356
-396
-396
-372
-372
-372
-340
-276
-196
-120
-132
-164
-260
-356
-492
-620
-780
-924
-988
-988
-988
-924
-780
-684
-492
-372
-276
-228
-228
-212
-228
-228
-180
-132
-104
-40
16
64
132
244
340
428
492
556
588
588
620
588
588
652
684
684
716
748
748
716
684
620
556
492
428
340
228
96
24
-8
-72
-164
-244
-260
-276
-292
-276
-244
-244
-212
-180
-196
-212
-244
-276
-276
-292
-292
-260
-212
-132
-80
-56
-32
16
40
48
80
132
132
132
180
244
292
340
396
460
492
460
428
356
340
324
308
244
164
88
-8
-32
-112
-196
-276
-324
-308
-308
-276
-228
-196
-148
-132
-112
-120
-212
-324
-428
-556
-652
-780
-844
-844
-876
-844
-812
-748
-652
-524
-460
-372
-324
-308
-276
-324
-308
-244
-212
-180
-120
-32
48
112
180
244
340
356
396
428
492
492
524
588
652
684
748
812
844
844
812
748
716
652
524
396
308
228
104
112
104
48
8
-16
-80
-132
-164
-228
-260
-228
-228
-212
-244
-244
-212
-180
-104
-56
-32
-64
-80
-64
-32
-40
-48
-40
-48
-8
40
132
196
276
324
340
396
428
460
492
492
524
524
428
396
324
260
148
64
-24
-132
-228
-308
-396
-428
-396
-372
-372
-340
-292
-292
-244
-196
-228
-276
-308
-340
-396
-460
-492
-524
-588
-620
-652
-684
-716
-716
-684
-652
-620
-556
-524
-460
-428
-372
-324
-260
-180
-104
-56
-32
24
96
196
276
372
428
428
492
524
556
652
716
748
844
876
924
844
780
748
652
524
428
308
180
104
32
0
-56
-112
-120
-148
-148
-180
-196
-244
-260
-260
-292
-276
-260
-244
-244
-196
-180
-164
-80
-48
-24
-56
-72
-80
-72
-96
-148
-148
-96
-56
-64
-72
-64
-40
40
148
276
356
396
460
492
556
524
460
340
292
228
112
40
-48
-148
-196
-180
-164
-96
-24
-8
0
8
32
16
16
24
-32
-88
-132
-164
-244
-340
-428
-492
-492
-524
-556
-588
-620
-588
-524
-460
-396
-340
-276
-196
-148
-104
-40
-16
-16
16
56
120
196
260
308
340
396
356
356
396
428
460
492
556
588
652
684
684
652
556
428
260
120
-8
-132
-212
-292
-340
-324
-308
-276
-260
-228
-228
-228
-244
-276
-308
-356
-340
-324
-308
-276
-260
-228
-180
-148
-132
-88
-72
-96
-88
-96
-96
-96
-80
-56
0
72
120
180
260
308
340
372
460
492
524
492
492
524
492
428
396
356
276
212
196
164
104
48
0
-16
-56
-80
-88
-96
-88
-48
-40
-72
-132
-212
-260
-276
-340
-460
-588
-652
-716
-748
-748
-812
-780
-716
-652
-556
-460
-356
-260
-244
-228
-212
-148
-72
16
112
180
212
260
276
260
244
244
260
276
308
396
460
524
588
652
684
684
652
556
428
324
212
96
24
-48
-56
-32
8
32
64
132
132
148
148
112
48
-24
-40
-40
8
24
48
48
40
32
-16
-32
-104
-164
-180
-148
-164
-196
-212
-212
-180
-148
-132
-96
-64
-16
48
88
96
104
112
88
104
164
244
260
276
276
244
244
244
228
196
104
0
-32
-72
-132
-212
-308
-340
-396
-396
-372
-356
-340
-372
-396
-428
-428
-492
-588
-652
-716
-716
-684
-684
-684
-652
-588
-492
-356
-276
-244
-180
-80
-32
-8
56
132
196
292
356
372
396
356
340
308
260
260
228
244
292
372
428
492
524
588
620
620
620
524
428
372
292
228
212
196
180
164
164
132
148
164
148
164
180
196
180
196
212
228
164
132
120
80
32
-24
-132
-228
-244
-308
-340
-372
-372
-340
-276
-212
-148
-96
-64
-32
0
0
0
8
0
0
24
48
96
132
164
212
260
276
244
212
148
72
24
-48
-132
-180
-244
-308
-308
-340
-340
-372
-372
-396
-492
-492
-492
-428
-428
-428
-428
-428
-428
-460
-492
-524
-492
-428
-372
-292
-276
-244
-180
-104
-16
88
180
212
244
276
356
340
324
276
196
148
104
80
80
104
112
196
324
396
460
428
460
492
460
460
428
396
428
396
308
260
260
244
228
196
148
88
32
0
0
48
72
96
120
148
180
196
148
88
24
-40
-148
-276
-324
-356
-372
-372
-428
-460
-396
-324
-244
-164
-132
-80
-48
8
16
40
40
40
88
148
196
212
228
244
276
276
260
244
212
164
112
40
-48
-112
-148
-180
-196
-260
-292
-276
-244
-260
-260
-276
-292
-308
-308
-308
-340
-340
-308
-308
-276
-324
-356
-340
-308
-228
-180
-148
-96
-40
0
32
88
148
212
244
212
164
104
56
40
40
40
0
-8
24
48
56
80
132
196
244
292
356
372
396
396
428
428
428
396
396
324
292
276
244
212
212
196
180
212
196
180
196
196
196
212
196
164
96
32
-40
-120
-228
-308
-356
-460
-492
-492
-492
-492
-428
-372
-340
-244
-148
-64
-16
40
48
104
132
132
112
80
88
120
112
88
72
8
-24
-24
-48
-96
-148
-212
-244
-260
-292
-396
-460
-492
-524
-524
-524
-556
-556
-556
-524
-460
-428
-356
-260
-196
-148
-96
-48
0
0
-16
-8
32
96
164
244
260
324
396
428
492
460
396
340
292
260
244
212
164
148
164
244
324
324
324
340
372
396
428
428
396
396
396
396
460
460
460
428
396
340
292
212
132
64
-16
-64
-88
-120
-132
-148
-148
-148
-120
-104
-120
-148
-148
-180
-212
-260
-308
-396
-460
-492
-524
-492
-492
-460
-396
-276
-180
-120
-56
24
104
132
164
196
180
148
132
148
88
40
32
16
32
8
0
8
48
32
-24
-80
-148
-132
-132
-132
-180
-212
-228
-212
-212
-260
-292
-324
-308
-260
-212
-196
-196
-148
-72
-32
-24
-40
-56
-48
0
8
0
-24
-56
-64
-96
-104
-96
-56
0
24
56
40
48
96
132
132
132
120
104
104
132
148
132
148
180
212
244
260
276
324
356
396
372
356
308
244
228
228
180
88
40
16
0
-24
-56
-48
-24
-8
72
104
104
148
148
164
148
48
-40
-132
-196
-292
-372
-396
-396
-356
-260
-164
-112
-8
64
132
164
132
112
88
64
80
88
48
56
40
8
-16
-16
0
8
40
32
32
16
8
0
-8
-40
-88
-120
-148
-164
-212
-260
-324
-356
-356
-324
-292
-212
-132
-80
-8
40
56
104
120
96
64
8
-64
-104
-132
-96
-56
-40
0
56
120
132
164
164
164
120
88
24
-48
-80
-96
-64
-64
-40
-16
0
40
80
88
120
104
96
132
132
132
132
148
132
132
88
80
64
24
-8
-32
-96
-132
-112
-80
-24
-24
0
72
132
164
212
196
148
164
132
56
16
-24
-96
-120
-148
-148
-148
-112
-32
8
56
120
120
164
196
212
228
244
212
180
148
104
96
24
-16
-32
-24
-32
-64
-72
-88
-96
-88
-120
-164
-180
-212
-212
-228
-260
-292
-292
-292
-228
-196
-196
-180
-164
-112
-80
-64
-88
-112
-96
-72
-72
-96
-148
-164
-132
-80
-64
-48
-32
-32
24
56
72
80
32
48
64
80
88
88
88
88
120
104
96
72
56
72
88
104
112
120
120
112
148
148
132
164
180
148
64
8
-32
-88
-148
-148
-112
-96
-32
32
96
104
120
164
196
228
164
148
104
24
0
-16
-80
-104
-96
-80
-88
-132
-148
-180
-180
-180
-164
-148
-96
-16
40
104
180
212
212
196
180
164
104
56
24
-24
-40
-40
0
16
-8
-8
24
0
-16
0
-16
-56
-80
-88
-96
-72
-32
-24
-40
-48
-64
-48
-24
-40
-32
-32
-16
16
32
32
32
56
48
48
24
0
24
32
40
72
72
80
56
48
40
48
8
0
0
-32
-48
-72
-96
-120
-164
-164
-104
-88
-40
-24
0
48
48
64
80
80
56
24
0
-16
-32
-64
-80
-88
-72
-56
-24
32
40
72
104
132
112
72
16
0
8
-16
-40
-72
-72
-72
-72
-72
-80
-56
-72
-80
-120
-148
-132
-96
-56
-32
16
64
104
164
180
180
180
164
148
132
88
40
16
0
-24
-32
-40
-88
-104
-132
-148
-196
-196
-164
-104
-72
-96
-96
-96
-72
-56
-48
-88
-148
-180
-196
-196
-164
-196
-164
-104
-48
8
40
32
-16
-40
-48
-16
-8
-24
-24
24
48
40
72
72
72
72
72
48
32
16
8
0
8
40
48
72
132
196
196
212
276
308
292
292
260
244
244
228
228
228
228
260
324
324
308
276
276
260
228
196
180
164
164
164
120
104
96
112
120
120
80
24
8
0
-16
-64
-120
-164
-180
-180
-180
-180
-164
-164
-148
-120
-148
-164
-164
-148
-132
-104
-120
-148
-112
-132
-180
-212
-244
-260
-276
-260
-260
-292
-340
-308
-292
-260
-228
-196
-180
-164
-132
-164
-196
-212
-244
-260
-244
-228
-228
-196
-132
-80
-48
-32
-16
0
-8
-16
-24
-32
-8
0
8
0
-16
-8
24
104
148
148
104
88
104
64
32
32
24
32
80
112
104
132
148
148
148
164
196
212
212
228
244
244
260
276
276
292
276
228
180
180
132
88
48
56
96
132
164
164
120
96
112
104
72
64
8
0
0
-24
-24
-16
0
16
16
16
24
0
-40
-80
-96
-120
-112
-96
-72
-24
-16
24
64
80
88
80
80
24
-32
-88
-132
-148
-164
-180
-180
-164
-164
-132
-104
-72
-64
-48
-32
-48
-72
-72
-64
-72
-104
-132
-132
-72
-80
-56
-48
-80
-64
-56
-80
-132
-164
-196
-180
-148
-96
-88
-72
-56
-48
-32
-16
-16
-16
-48
-88
-88
-88
-120
-104
-88
-80
-64
-56
-48
-32
8
48
56
8
8
0
40
80
120
112
112
164
164
196
196
164
132
132
132
132
96
88
56
48
72
88
80
64
72
88
120
148
148
148
148
180
196
212
180
148
120
112
64
8
-24
-16
0
8
40
56
80
112
164
244
260
228
196
164
148
88
24
-24
-96
-112
-132
-164
-180
-212
-180
-148
-112
-132
-132
-132
-132
-104
-96
-72
-88
-88
-80
-72
-48
-88
-120
-148
-132
-212
-276
-260
-292
-276
-260
-244
-260
-228
-212
-180
-164
-164
-164
-180
-148
-148
-196
-212
-212
-180
-132
-132
-104
-64
-32
-16
16
56
40
48
80
112
148
180
212
244
276
308
324
340
372
396
396
396
396
396
340
308
276
260
276
260
260
228
180
148
148
132
112
96
88
88
96
104
56
64
72
48
48
-8
-96
-148
-148
-148
-132
-164
-180
-164
-148
-96
-56
-32
0
24
40
16
-24
-80
-132
-132
-180
-212
-276
-292
-292
-324
-356
-396
-396
-324
-260
-228
-180
-132
-132
-120
-112
-112
-112
-104
-104
-88
-104
-164
-212
-244
-228
-212
-196
-148
-132
-112
-72
-64
-64
-56
-40
-32
-40
-32
-32
-16
0
0
16
72
104
132
164
180
180
164
180
180
180
180
164
180
212
244
292
324
356
372
372
372
372
356
340
308
292
244
196
180
164
180
196
196
164
96
48
8
0
-16
-56
-64
-8
24
40
64
40
32
32
56
72
16
-40
-72
-96
-104
-104
-104
-104
-72
-32
16
56
72
96
132
132
120
120
96
48
32
-8
-64
-112
-148
-164
-180
-164
-132
-148
-148
-112
-80
-56
-56
-72
-112
-132
-88
-64
-88
-148
-180
-180
-180
-180
-164
-212
-228
-212
-212
-228
-260
-276
-292
-276
-228
-244
-244
-260
-260
-260
-228
-228
-228
-196
-196
-164
-148
-164
-180
-132
-80
-72
-88
-104
-96
-80
-72
-56
-48
-40
8
88
104
164
180
212
276
308
324
308
324
324
324
308
292
276
244
244
212
212
212
196
196
228
244
260
276
276
276
292
292
260
228
196
148
132
112
104
88
48
56
64
80
104
132
164
148
132
112
104
56
40
32
8
-16
-56
-72
-104
-132
-148
-196
-212
-196
-212
-180
-132
-96
-104
-132
-132
-132
-104
-104
-132
-132
-132
-120
-132
-132
-132
-180
-196
-196
-196
-180
-196
-212
-180
-164
-164
-180
-196
-180
-148
-96
-72
-104
-112
-112
-64
-64
-32
0
0
48
88
120
132
120
112
120
120
120
104
112
120
132
180
180
212
260
260
276
292
276
244
228
244
212
196
180
148
164
164
148
112
64
0
-24
-56
-72
-80
-88
-112
-120
-120
-132
-132
-132
-164
-132
-132
-120
-132
-180
-196
-212
-212
-164
-164
-148
-148
-164
-164
-196
-164
-164
-148
-112
-72
-72
-96
-96
-72
-64
-40
-40
-88
-104
-112
-112
-120
-112
-88
-56
-8
24
40
40
32
48
96
120
104
80
48
64
56
8
0
-24
-56
-56
-56
-32
-8
-32
-8
32
32
24
16
8
8
16
24
8
24
16
24
88
96
96
88
80
112
112
132
112
96
120
148
196
212
196
196
196
212
228
212
196
180
196
228
292
324
324
356
324
324
308
228
164
104
72
48
8
-8
0
32
48
32
16
8
8
8
0
-8
-48
-104
-96
-120
-132
-148
-164
-148
-132
-132
-132
-132
-132
-132
-112
-80
-80
-72
-72
-40
-24
-56
-80
-120
-148
-148
-148
-148
-180
-228
-212
-180
-164
-180
-180
-196
-212
-196
-164
-180
-164
-148
-132
-164
-212
-244
-260
-276
-276
-276
-276
-292
-276
-228
-212
-212
-212
-212
-212
-196
-164
-148
-164
-164
-164
-164
-132
-112
-72
-56
-40
-16
-16
-16
0
32
64
96
104
132
164
164
164
228
260
276
292
276
308
324
356
428
428
460
460
460
460
428
396
372
340
308
276
244
228
196
196
228
228
260
260
228
196
212
180
148
96
96
104
104
72
64
64
40
48
48
24
16
-8
-16
-16
-8
0
40
40
24
-8
-32
-8
-24
-32
-40
-80
-132
-120
