SAMPLES:	9294
BITSPERSAMPLE:	16
CHANNELS:	1
SAMPLERATE:	16000
NORMALIZED:	FALSE
32
32
32
32
32
32
32
32
32
40
40
40
32
32
32
40
32
32
32
32
32
24
24
32
32
24
32
24
24
16
16
16
16
16
16
16
16
16
16
16
16
8
8
8
8
8
0
8
8
0
0
0
0
0
0
0
0
-8
-8
-8
-8
-16
-16
-16
-16
-16
-24
-24
-24
-24
-24
-24
-24
-32
-32
-32
-32
-32
-24
-32
-32
-32
-32
-32
-32
-32
-32
-32
-32
-24
-24
-24
-24
-24
-24
-16
-16
-16
-16
-24
-16
-16
-16
-16
-16
-16
-16
-8
-8
0
0
0
0
0
0
0
0
0
0
0
0
0
0
0
0
8
8
8
8
16
16
16
16
16
16
16
16
16
16
16
24
16
16
24
24
24
16
16
16
16
16
16
16
16
16
16
16
16
16
16
16
16
8
8
8
8
8
8
8
8
8
8
8
8
8
8
0
0
0
0
0
0
0
0
0
-8
-8
0
-8
0
0
0
-8
-8
0
0
-8
-8
-8
-16
-16
-16
-16
-8
-8
-8
-8
-8
-8
-8
-16
-8
-8
0
-16
0
-8
0
0
0
0
0
0
-8
0
0
0
0
0
8
8
0
16
8
8
8
0
8
0
0
0
0
0
-8
0
0
0
8
0
0
0
0
-8
0
0
-8
-8
0
0
0
-8
-8
-8
-8
-8
0
0
0
0
0
0
0
0
0
0
0
-8
0
-8
-8
-8
-8
0
0
-8
-8
0
0
0
0
-8
0
0
-8
0
0
0
0
0
-8
0
-8
0
0
0
0
0
0
0
0
0
0
0
0
0
0
0
0
0
0
0
0
8
8
8
8
8
8
0
8
8
16
16
8
8
16
8
8
8
8
0
8
8
8
16
24
24
16
16
24
24
24
16
16
16
8
16
24
24
16
16
16
16
16
8
8
0
0
0
0
0
0
0
0
0
0
-8
0
0
-8
-8
-8
-16
-16
-16
-16
-16
-16
-16
-16
-24
-16
-16
-16
-8
-16
-16
-16
-16
-16
-8
-8
-8
-16
-16
-8
-16
-16
-8
-8
-16
-16
-8
-8
-8
0
-8
-8
-8
-8
-8
-8
-8
0
0
0
0
0
0
0
0
0
0
0
0
0
0
0
0
0
0
0
0
0
0
0
0
0
0
0
0
0
0
0
0
0
0
0
0
0
0
0
0
0
0
8
0
8
0
0
0
0
0
0
0
0
0
0
0
0
16
8
16
16
8
16
8
8
8
8
8
0
0
8
8
8
8
16
8
0
8
0
0
0
0
0
0
0
8
0
0
0
-8
-8
-8
-8
-8
-8
-16
-8
-8
-8
0
0
0
0
0
-8
-8
0
-8
-8
0
0
0
0
0
0
-8
-8
0
0
-8
0
0
8
0
8
-8
56
120
-48
-64
-56
8
32
-32
-8
24
96
16
-96
-88
24
64
0
-40
-24
32
24
-16
-24
16
32
0
-8
0
8
16
8
-8
-8
0
0
8
16
0
0
8
0
8
0
-16
0
8
24
8
0
16
8
16
16
8
0
0
0
8
-24
16
40
8
8
-32
-16
-8
-16
-24
-16
24
24
-16
-40
-8
0
0
-16
-16
8
0
0
-8
0
0
0
-8
-16
0
0
8
0
-8
0
0
0
0
8
16
8
0
8
24
8
-8
-16
0
16
8
0
-16
0
16
16
0
-8
8
16
-8
-8
-8
-8
8
-8
0
0
0
16
-8
0
0
0
0
-16
-8
0
0
-16
-16
8
8
0
-8
-8
16
0
-16
0
8
24
-8
-24
8
48
24
0
-24
24
32
-16
-8
-24
32
24
0
-8
-16
32
16
0
-16
-8
8
8
-8
-24
0
0
24
-32
-32
8
0
0
-24
-24
-16
8
-16
-32
16
16
-24
-56
-8
32
0
-48
-40
8
16
-24
-72
-8
16
8
-40
-40
0
16
24
-64
-8
0
8
16
-48
8
8
8
-8
0
-16
16
24
0
32
-40
16
64
8
0
-24
-16
40
48
32
-40
-32
64
48
40
-48
8
64
32
0
-16
40
16
40
56
-8
-8
32
48
24
-24
0
32
24
24
-72
-8
120
32
-48
-32
40
40
24
-56
-16
48
16
16
-40
16
-8
-40
32
-8
0
-16
-64
24
48
-8
-96
32
40
-24
40
8
0
-72
24
0
0
-32
-88
48
0
8
-40
-24
72
8
-112
-32
32
40
0
-120
0
72
-24
-40
-16
72
16
-120
-16
48
56
-24
-148
24
64
-8
16
-72
8
48
-80
-56
16
56
-32
-64
80
24
-88
-24
-72
40
40
-56
-56
-40
72
-32
-64
-16
-32
16
-48
16
-8
-64
56
-16
0
24
-24
64
-56
-72
16
56
64
-24
-72
-16
112
40
0
-24
64
120
-56
80
-32
24
96
8
8
-24
120
24
-24
64
8
24
132
16
-48
32
72
88
-64
-56
32
40
132
0
-72
40
-8
0
32
-40
8
8
64
32
-132
64
32
-80
-72
-32
104
-24
-48
-132
0
148
-40
-132
-120
48
72
-72
-104
0
88
-32
-132
-48
32
-24
-48
8
56
72
-148
-40
16
-8
-8
-132
48
24
-72
0
0
16
0
-80
48
-8
-24
-64
-56
16
40
-24
-88
32
80
8
-104
-16
0
48
32
-32
56
40
-24
0
80
-8
-24
48
-32
32
120
-8
0
48
-16
56
112
-88
0
80
32
16
8
16
-24
104
40
88
24
-120
16
132
16
32
64
-32
32
-72
16
96
24
8
-88
64
96
0
-40
-88
64
80
-32
-104
-40
72
24
-104
16
-40
-132
0
-32
32
96
-32
-148
-72
-8
0
-8
-64
-56
-16
-16
24
-96
-112
16
-132
40
64
-16
-32
-72
48
-48
-24
104
-80
-72
88
-56
8
-80
-104
72
96
56
-72
-16
40
-48
-72
148
56
-24
72
0
0
32
48
-32
16
72
64
88
-56
-8
40
24
40
0
-40
64
80
0
40
-24
-24
96
-72
-48
96
96
32
-132
-8
80
56
88
-88
-40
132
-8
-32
0
56
120
-64
-80
0
48
96
-80
-72
-8
32
64
24
-72
56
72
-72
0
-32
0
16
24
-80
40
120
-132
-56
16
-72
-32
-24
32
48
32
-16
-104
16
-32
-120
24
40
-8
-48
-80
-72
16
40
-88
-24
-32
-24
-8
-48
-72
-96
0
16
-80
16
72
-88
-72
-24
8
8
24
-48
-88
40
0
-56
-48
-8
40
16
0
-72
-80
0
-16
-56
-24
72
32
-24
-24
-64
32
88
0
-40
48
56
8
0
-16
0
72
96
8
16
24
64
24
-8
112
96
24
64
40
0
64
40
24
24
112
48
-8
8
-24
120
104
-8
-16
0
32
56
56
-40
-40
112
0
-80
32
16
-24
-8
0
16
24
0
-88
-72
56
-8
-40
-56
24
88
-8
-120
-112
-16
16
24
-16
-32
-16
-72
-112
-8
72
0
-72
-40
0
24
-32
-48
-40
-16
24
0
0
40
0
-24
-24
8
48
0
0
-8
0
-16
0
0
40
40
-8
0
0
24
0
0
32
8
0
0
32
24
0
-8
0
24
40
32
0
-16
0
0
8
56
16
0
-32
-40
16
8
-32
0
16
0
8
8
-16
-24
8
8
16
40
-24
-72
-24
0
0
8
16
24
-16
0
0
-48
-40
-16
-8
16
24
0
-32
-24
-24
-40
8
24
0
0
0
-8
-16
-32
-16
0
16
24
0
8
0
-56
-32
0
8
24
8
0
0
0
-16
-8
8
-32
-16
0
-8
32
0
-16
-8
8
0
0
24
40
48
0
-8
8
24
40
48
32
16
16
24
-16
0
32
24
16
40
48
24
0
-16
8
24
16
8
0
-16
-8
0
0
-8
8
16
0
8
0
0
0
-24
-32
-16
-16
-32
-8
-8
-24
-24
-48
-8
0
-24
-16
-8
16
32
16
0
-24
-24
-16
8
32
32
8
-32
-24
-8
-16
-32
-32
8
-16
-24
-8
-40
-56
-48
-40
0
0
0
-32
-32
-16
-48
-40
-16
-24
0
-40
-40
0
0
16
24
40
8
-32
-72
-88
-40
32
16
24
80
88
80
16
-8
-32
-24
-16
0
24
80
112
72
24
0
0
-8
-48
0
80
88
72
72
64
80
48
8
16
24
40
40
56
72
88
64
32
32
32
24
-8
8
32
40
48
32
8
16
8
0
8
16
24
8
-8
-8
-8
-16
-16
-8
-32
-48
-64
-72
-64
-32
-24
-24
-40
-48
-64
-112
-112
-88
-64
-16
-8
-24
-48
-72
-56
-56
-72
-40
-32
-16
-40
-32
-48
-80
-40
-56
-56
-24
-40
-56
-64
-40
-8
16
0
-16
-24
-40
-40
-56
-56
-48
-48
-32
-8
8
32
8
-8
-8
-8
16
16
32
48
64
48
32
56
96
132
148
164
148
132
112
148
180
180
212
228
228
196
180
180
180
180
196
228
228
164
120
80
96
120
80
32
8
0
-16
-72
-88
-104
-148
-196
-228
-244
-276
-260
-260
-244
-244
-244
-244
-292
-276
-244
-228
-212
-212
-196
-164
-164
-180
-180
-180
-164
-132
-132
-112
-88
-104
-104
-104
-132
-132
-132
-112
-132
-148
-132
-148
-112
-56
-24
0
16
24
56
48
48
48
32
64
104
88
132
148
164
212
228
212
212
196
164
228
276
324
324
308
324
396
556
684
780
684
652
652
780
1052
1180
1308
1116
988
812
620
460
372
396
372
244
0
-276
-524
-684
-844
-1052
-1116
-1116
-1180
-1244
-1244
-1180
-1308
-1436
-1436
-1308
-1116
-988
-924
-988
-924
-812
-684
-620
-556
-492
-460
-372
-356
-356
-428
-524
-556
-428
-292
-196
-148
-212
-180
-180
-80
-24
56
228
340
460
460
492
460
428
428
396
492
588
620
524
492
428
428
372
324
372
372
356
428
396
356
308
276
260
244
260
276
260
212
212
148
260
228
120
-8
-32
40
40
8
276
988
1884
2620
2876
3004
3004
3004
2620
1884
1692
2108
2492
2108
1692
1308
924
48
-1308
-2236
-2236
-2108
-2492
-2748
-2492
-2236
-2492
-3132
-3516
-3132
-2748
-2876
-2876
-2492
-1980
-1564
-1436
-1244
-924
-588
-588
-652
-460
-244
-340
-652
-924
-1052
-1180
-1500
-1884
-1884
-1628
-1372
-1244
-876
-524
-180
64
260
492
684
748
812
1244
1564
1820
1628
1180
684
396
276
212
228
180
48
-48
-180
-148
-148
-292
-356
-340
-164
148
228
148
-40
-132
-88
180
428
620
780
620
524
460
620
428
-40
-428
-492
-164
260
1052
2492
4348
5372
5372
5116
5116
4604
3516
2748
3004
3644
3900
3260
2620
1980
924
-924
-2748
-3516
-3516
-3388
-3516
-3132
-2364
-2108
-2492
-3132
-3132
-3004
-3004
-3132
-2748
-1884
-1308
-1116
-1180
-924
-652
-748
-1052
-1180
-988
-1052
-1308
-1564
-1756
-1980
-2492
-3004
-3004
-2876
-2364
-1820
-1052
-212
460
876
924
1116
1244
1244
1372
1692
1884
2236
2236
1980
1500
876
228
-324
-524
-524
-492
-556
-588
-620
-716
-812
-844
-812
-588
-196
80
292
556
684
684
588
588
748
844
780
492
276
196
88
64
32
-80
-164
-372
-684
-684
-308
988
2876
4604
5884
6652
6652
6396
5372
4092
3132
2876
3132
3132
3004
2748
2108
780
-1308
-3260
-4348
-4604
-4348
-4092
-3132
-2236
-1692
-1980
-2492
-2620
-2748
-2876
-3004
-2620
-1692
-812
-428
-356
-396
-396
-652
-1052
-1308
-1500
-1756
-1884
-1820
-1436
-1372
-2108
-3004
-3388
-3132
-2876
-2364
-1500
-164
748
1052
1180
1308
1372
988
620
588
1116
1500
1436
1244
1052
556
-588
-1692
-2236
-2620
-2748
-2492
-1980
-1436
-924
-684
-748
-716
-556
-428
-212
228
924
1436
1628
1692
1820
1692
1244
620
196
8
64
228
164
292
396
356
356
120
244
260
396
428
340
748
1628
3132
4860
6652
8316
8828
8828
7420
5372
3132
1564
924
1052
1372
1436
1372
748
-748
-2876
-4860
-6140
-6396
-6140
-4860
-3260
-1564
-716
-716
-1116
-1628
-2236
-2748
-3004
-2748
-1884
-1180
-748
-620
-652
-844
-1372
-2108
-2620
-3004
-3388
-3772
-3772
-3516
-3132
-3004
-2876
-2492
-1436
40
1116
1692
1980
2364
2876
3004
2876
2876
2748
2236
1180
104
-588
-1372
-2236
-2876
-2748
-2364
-2108
-2108
-1980
-1500
-1180
-1052
-876
-196
684
1308
1564
1756
1692
1564
1244
988
988
1052
1244
1244
1180
1372
1180
460
-396
-1116
-1372
-1500
-1564
-1244
-588
104
716
1180
1884
2364
2620
2876
3260
3772
3772
3388
2748
2108
1564
1372
1884
2748
4092
5628
6908
7420
6908
5116
2236
-524
-1820
-1756
-1052
-308
588
1372
1052
-652
-3004
-4860
-5884
-6396
-6396
-5628
-3516
-1692
-876
-924
-1308
-1980
-2876
-3900
-4348
-3900
-3132
-2620
-2236
-1692
-988
-620
-716
-988
-1308
-1692
-2108
-2364
-2364
-2364
-2236
-2108
-1564
-780
-148
196
460
924
2620
4604
5116
3772
1884
460
-1052
-2620
-3388
-2364
-812
-196
-260
-492
-324
-492
-1308
-2108
-1372
372
1500
2108
3004
4092
3900
2492
1180
684
356
-104
-492
-780
-748
-556
-460
-460
-292
-80
-340
-924
-924
-428
-324
-748
-844
-164
652
1116
1372
1628
1980
2364
2748
3260
3900
4092
3772
3132
2364
1692
716
-292
-924
-1052
-492
588
1980
3772
5628
7420
8316
6908
4604
1692
-72
-556
-340
120
988
2108
2108
428
-2108
-4092
-5372
-6396
-7164
-6652
-4348
-1756
-260
212
276
-196
-1372
-2876
-3516
-3132
-2620
-2620
-2492
-1628
-308
492
308
-372
-1116
-1980
-3260
-4348
-5116
-5372
-5372
-5116
-3900
-2236
-924
-524
-460
-324
148
1052
2876
5116
5628
4092
1756
228
-988
-2492
-3132
-2236
-292
684
748
356
48
-356
-1308
-2108
-1564
276
1500
2108
3004
3900
3644
1820
148
-748
-1052
-1372
-1564
-1628
-1180
-372
492
1052
1564
1692
924
-180
-716
-428
-524
-924
-988
-120
988
1756
2108
2108
2108
2108
2364
3004
3772
3772
3388
2748
2108
1500
844
80
-620
-988
-812
-292
556
1884
3388
5116
6396
8316
9340
8316
5372
2364
492
-492
-1052
-1436
-988
-40
72
-1372
-3388
-4604
-5372
-6396
-7164
-6140
-3900
-1756
-924
-556
-132
8
-780
-1980
-2748
-2492
-2620
-3388
-3772
-3132
-1980
-1500
-1692
-1820
-1820
-2492
-3644
-4604
-5116
-5116
-5116
-4348
-2620
-588
924
1692
1980
2492
3004
3132
2364
1052
-80
-460
-428
-556
-372
40
196
16
-244
-372
-356
-556
-844
-460
988
2492
3260
3004
2492
2108
1500
844
292
-148
-492
-748
-748
-524
-148
8
24
148
556
988
924
556
132
-164
-372
-396
-48
428
780
1180
1756
2364
3004
3388
3644
3772
3516
3260
2876
2492
1628
988
620
340
72
-164
-180
-460
-684
-748
-212
876
2364
3772
5116
6908
8316
8316
6652
4092
1628
-64
-1372
-2236
-2364
-1628
-988
-1500
-2876
-4092
-4860
-5372
-6396
-6652
-5372
-3388
-2108
-1436
-588
276
292
-588
-1500
-1820
-1820
-2364
-3132
-3260
-2620
-1884
-1628
-1628
-1756
-2236
-3132
-4092
-4604
-4604
-4348
-4092
-3388
-1564
748
2492
2876
2876
2748
1980
844
-148
-372
-64
620
1244
1820
1980
1436
428
-876
-1756
-1980
-1980
-1980
-1372
0
1052
1244
988
812
372
-132
-460
-356
-72
180
556
1052
1692
2108
2236
2108
1820
1756
1628
1244
780
428
104
-180
-228
40
356
524
716
1116
1756
2492
3004
3260
3516
3772
3900
4092
3772
3388
2748
1980
1308
492
-40
-460
-684
-876
-524
372
1500
2364
2748
3772
5116
6652
7164
5884
4092
2236
620
-1244
-2748
-3132
-2620
-2364
-3004
-3900
-4604
-5116
-5372
-6140
-6140
-5116
-4092
-3388
-2748
-1628
-716
-684
-1308
-1756
-1500
-1244
-1756
-2492
-2748
-2492
-2108
-1980
-1980
-1980
-2364
-2876
-3388
-3388
-3516
-3772
-3900
-2748
-812
988
2492
3132
3132
2492
1820
988
396
80
-48
428
812
1180
876
164
-684
-1244
-1436
-1628
-1372
-1052
-524
72
924
1500
1436
988
556
308
164
244
356
524
876
1436
1980
2364
2364
2108
1564
988
716
492
196
-104
-164
0
196
428
652
876
1116
1436
1980
2620
3388
3900
4092
4348
4604
4348
3772
3004
2108
1500
652
-228
-844
-1052
-1052
-1052
-812
-56
1372
2492
3260
3900
5116
6396
6908
5884
4092
2108
556
-1052
-2748
-3516
-3132
-2492
-2620
-3516
-4092
-4092
-4604
-5372
-5372
-4604
-3516
-2620
-1980
-1116
-244
56
-460
-1116
-1436
-1628
-2236
-3004
-3388
-3260
-3004
-2876
-2748
-2236
-1980
-2364
-2876
-3132
-3260
-3260
-2748
-2108
-1116
492
1820
2108
1628
1180
1180
844
96
-556
-492
-260
-260
-524
-844
-988
-1244
-1692
-1980
-1500
-988
-1116
-1180
-460
524
876
812
812
812
588
356
372
556
924
1116
1244
1500
2108
2236
1820
1308
1116
1180
924
620
588
716
812
988
1372
1756
1980
1884
1884
2236
2748
3132
3260
3516
3772
3900
3772
3388
2748
2108
1372
652
24
-460
-620
-620
-340
244
1052
1980
2748
3132
3132
3260
4092
5116
5884
5628
4604
3260
1628
-716
-2876
-4092
-4092
-4092
-4092
-4092
-3900
-3772
-4092
-4348
-4092
-3388
-2748
-2492
-2108
-1436
-812
-748
-876
-924
-988
-1372
-2108
-2876
-3644
-3900
-3900
-3772
-3388
-2876
-2492
-2492
-2492
-2236
-2108
-2364
-2620
-1980
-524
988
2236
2620
2108
1244
96
-1116
-2108
-2364
-1980
-1308
-924
-812
-780
-1180
-1756
-1980
-1628
-1116
-652
-196
460
1244
1980
2236
1980
1564
1052
588
148
-48
40
308
780
1436
2108
2620
2492
2236
1884
1564
1244
780
396
164
196
556
988
1436
1692
1820
1980
2364
2748
3260
3772
3900
4092
3772
3644
3132
2364
1692
1244
684
32
-524
-876
-1116
-1052
-620
148
1180
2364
3388
3772
4092
4604
5628
6140
5884
4604
3004
1372
-524
-2492
-3516
-3516
-3004
-2876
-3260
-3388
-3516
-4092
-4860
-4860
-4092
-3388
-2876
-2364
-1628
-876
-524
-748
-924
-988
-1244
-1756
-2364
-2748
-3004
-3260
-3388
-3132
-3004
-3004
-3132
-3260
-3004
-3132
-3388
-3260
-2492
-1500
-588
460
1308
1436
716
-56
-396
-524
-1116
-1564
-1180
-684
-652
-1180
-1500
-1372
-1052
-844
-460
396
1052
1116
988
1308
1564
1308
716
428
396
428
492
556
812
1244
1564
1820
2108
2492
2492
2108
1564
1436
1308
780
244
72
308
556
652
844
1052
1052
1180
1500
2108
2620
2876
3260
3388
3388
3260
2876
2364
2108
1820
1436
924
428
164
212
324
588
1052
1692
2364
3004
3132
3004
2876
3132
3900
4604
4604
4092
3388
2364
748
-1180
-2364
-2620
-2620
-2876
-3132
-3004
-3004
-3516
-4092
-4348
-3900
-3900
-3900
-3644
-2876
-1980
-1628
-1628
-1500
-1116
-1180
-1756
-2620
-3132
-3644
-4092
-4348
-4092
-3516
-3388
-3516
-3260
-2876
-2748
-3004
-3132
-2876
-1884
212
1692
1980
1436
924
148
-1244
-2236
-2364
-1244
-356
104
460
812
924
428
-164
-88
780
988
492
716
1628
1820
1116
524
460
396
-80
-460
-396
-8
460
988
1820
2748
3516
3388
2876
2620
2620
2108
1180
372
56
-24
-56
24
212
460
556
652
1180
1884
2364
2748
3260
4092
4348
3900
3388
3132
2620
2108
1628
1180
924
588
396
228
308
524
924
1436
1980
2364
2236
2364
3132
4348
4860
4348
3900
3260
2236
292
-1372
-2108
-2108
-2364
-3132
-3644
-3644
-3772
-4604
-5116
-4604
-4092
-4348
-4348
-3644
-2620
-1980
-1980
-1884
-1372
-876
-988
-1564
-2108
-2492
-3004
-3516
-3644
-3388
-3260
-3388
-3516
-3132
-2748
-2620
-2236
-1980
-1692
-1244
-396
24
-164
-492
-396
-32
-260
-492
-396
56
244
132
-24
80
276
-40
-396
-16
844
876
396
396
844
876
428
196
372
524
460
684
1244
1884
2236
2236
2364
2620
2748
2236
1564
1308
1244
924
556
356
396
428
260
104
396
876
1052
1180
1564
2236
2620
2876
3132
3516
3388
3004
2748
2492
2364
2108
1756
1180
652
148
-308
-620
-780
-556
-148
716
1756
2492
2620
2876
3644
4604
5116
4860
4348
3772
2876
1244
-620
-1756
-2108
-2236
-3004
-3644
-3900
-3900
-4604
-5372
-5372
-4860
-4348
-4092
-3132
-1820
-652
-356
-492
-372
-148
-428
-1308
-2108
-2620
-3004
-3388
-3388
-3132
-3132
-3260
-3516
-3388
-2876
-2876
-3132
-3388
-3004
-1692
396
1756
1980
1564
1116
396
-780
-1628
-1500
-524
104
492
780
844
308
-876
-1756
-1564
-716
-356
-324
340
1500
1820
1308
924
1116
1052
652
620
988
1372
1500
1692
2236
2876
3004
2620
1884
1692
1564
988
56
-492
-492
-460
-460
-148
340
748
780
924
1564
2108
2364
2620
3132
3772
4092
3900
3516
3004
2620
2108
1372
844
428
-80
-524
-748
-492
48
748
1564
2492
3004
3132
3516
4092
4604
4092
3644
3132
2364
1052
-556
-1628
-1980
-2236
-3004
-3772
-4092
-4348
-4604
-5116
-4860
-4348
-3644
-3260
-2492
-1372
-588
-492
-748
-780
-588
-684
-1244
-1980
-2492
-2876
-3132
-3260
-3004
-3004
-3260
-3644
-3644
-3388
-3388
-3772
-3516
-2620
-1244
228
988
1244
1052
684
164
-64
148
356
620
652
876
876
556
120
-428
-876
-924
-492
-196
-24
212
524
716
812
924
1116
1116
1052
1180
1372
1628
1884
2236
2364
2364
2236
1884
1436
924
492
64
-180
-88
112
372
556
652
812
988
1244
1436
1628
1820
2108
2364
2620
3004
3132
3004
2620
2108
1500
988
780
524
164
-112
-148
-120
-276
-396
-292
180
924
1884
2492
2620
2876
3644
4604
4860
4860
4092
3004
1628
-32
-1692
-2748
-3132
-3644
-4348
-4860
-4604
-4348
-4604
-4860
-4860
-4348
-3516
-2876
-1980
-1052
-340
-148
-180
-24
72
-292
-1052
-1820
-2364
-2748
-3132
-3132
-3004
-3132
-3260
-3132
-2748
-2364
-2364
-2364
-2236
-1500
0
1500
2364
2364
1820
1116
148
-716
-1052
-716
-180
340
684
588
292
-460
-1372
-1884
-1692
-1052
-396
356
1372
2236
2364
1980
1564
1244
844
428
340
460
588
684
1052
1500
1884
1692
1180
748
556
460
244
120
164
292
292
356
620
924
988
924
1244
1756
2236
2620
2876
3260
3388
3260
2876
2492
1980
1500
1052
684
588
556
324
64
-88
-64
-8
428
1244
2236
2748
3004
3388
4348
4860
4860
3900
2876
1980
844
-780
-2108
-2620
-2876
-3388
-3900
-4092
-3516
-3516
-3900
-4092
-3772
-3260
-2876
-2492
-1756
-684
-244
-372
-588
-588
-748
-1436
-2108
-2492
-2748
-2876
-3132
-3004
-2876
-2748
-2748
-2748
-2492
-2364
-2492
-2748
-2620
-2108
-652
1372
2620
2876
2108
1180
120
-1244
-2108
-1820
-780
-260
16
112
164
-196
-1180
-1980
-1884
-1116
-748
-308
780
1980
1980
1308
924
924
620
228
148
396
588
588
684
1052
1500
1436
988
684
876
988
620
228
132
244
148
120
460
876
1052
988
1116
1692
2108
2364
2492
2876
3260
3260
3004
2620
2236
1628
1116
988
876
812
620
460
492
524
396
556
1116
1980
2876
3260
3772
4860
5372
5116
4092
3132
2108
876
-620
-1820
-2108
-2108
-2492
-3004
-3260
-3260
-3388
-3900
-4092
-3900
-3516
-3132
-2748
-1980
-924
-276
-260
-396
-356
-396
-748
-1308
-1692
-1980
-2236
-2492
-2620
-2492
-2620
-2876
-3260
-3132
-3004
-3132
-3260
-2748
-1820
-924
-340
428
1244
1180
588
-40
-244
-396
-652
-620
-276
88
-104
-588
-1116
-1372
-1564
-1884
-1820
-1180
-340
8
244
620
924
748
292
164
244
324
460
716
1052
1244
1244
1180
1180
1308
1244
988
716
748
876
876
812
876
812
716
716
988
1244
1372
1500
1820
2364
3004
3260
3388
3388
3260
3004
2748
2620
2364
1980
1692
1372
1180
924
524
196
132
460
1116
1980
2748
3132
3388
4092
4604
4604
3772
2876
1980
988
-148
-1116
-1500
-1692
-2108
-2876
-3516
-3644
-3772
-4092
-4348
-4092
-3772
-3388
-3004
-2236
-1436
-1052
-1308
-1500
-1372
-1436
-1692
-2108
-2236
-2364
-2748
-2876
-2620
-2492
-2492
-2620
-2748
-2620
-2492
-2620
-2876
-3004
-2620
-2236
-1980
-1436
-780
-356
-228
-96
148
308
196
-8
-120
-80
-24
-112
-292
-492
-716
-876
-924
-748
-396
-148
-16
372
988
1500
1756
1820
1980
1980
2108
1980
1980
2108
1980
1692
1436
1372
1372
1244
1052
1052
1180
1308
1372
1308
1308
1244
1116
1116
1116
1180
1308
1436
1756
2364
2876
3260
3388
3388
3260
3004
2620
2236
1820
1564
1372
1116
924
716
372
212
556
1180
1820
2108
2492
2876
3260
2876
1980
1436
1052
460
-372
-924
-988
-988
-1500
-2236
-2876
-3260
-3772
-4092
-4092
-3516
-3004
-3004
-2748
-2364
-1820
-1756
-2108
-2492
-2620
-2748
-2748
-2620
-2236
-1980
-1980
-2108
-1884
-1820
-2108
-2748
-3132
-3132
-3004
-3004
-2876
-2492
-2108
-1980
-1820
-1564
-1372
-1308
-1244
-1052
-652
-164
244
556
876
1180
1180
924
748
556
244
-96
-196
-80
148
428
620
780
1052
1244
1308
1372
1500
1756
1820
1820
1980
2108
2108
1980
1884
1756
1628
1436
1308
1244
1372
1372
1372
1372
1372
1308
1308
1308
1372
1500
1564
1692
1980
2236
2364
2492
2748
2620
2492
2364
2364
2108
1756
1564
1564
1308
812
780
1244
1884
2236
2108
1980
1820
1372
652
180
196
88
-396
-812
-812
-684
-924
-1436
-1980
-2620
-3004
-3260
-3260
-3004
-2748
-2364
-2236
-2236
-2236
-2108
-2236
-2492
-2876
-2876
-2876
-2748
-2364
-2108
-1884
-1884
-1884
-1756
-1692
-1884
-2236
-2492
-2620
-2492
-2236
-1692
-1180
-988
-924
-924
-876
-844
-876
-1052
-1180
-1116
-748
-276
260
684
924
988
1116
1116
1116
988
780
524
396
340
340
428
556
588
620
780
988
1052
1052
924
924
1116
1372
1564
1692
1980
1980
1884
1692
1564
1308
988
684
556
652
924
1052
1052
1116
1244
1372
1500
1628
1756
1756
1564
1564
1628
1756
1820
1884
1820
1628
1436
1372
1116
844
780
876
1052
1052
988
988
1052
924
588
260
88
56
-120
-356
-340
-260
-340
-556
-812
-924
-1116
-1436
-1628
-1692
-1756
-1820
-1980
-2236
-2364
-2364
-2364
-2236
-2236
-2108
-1980
-1820
-1564
-1308
-1180
-1308
-1372
-1500
-1500
-1564
-1564
-1500
-1564
-1436
-1244
-1052
-1052
-1052
-1116
-1244
-1244
-1180
-1052
-1052
-1052
-1116
-1244
-1180
-988
-812
-652
-428
-112
196
428
652
748
812
924
876
844
924
780
460
132
-72
-96
64
228
324
492
844
1052
1180
1180
1180
1436
1628
1980
1980
2108
2492
2364
1884
1372
1308
1372
1372
988
924
1244
1500
1180
748
876
1116
1116
844
924
1308
1628
1628
1308
1180
1244
1308
1116
1052
988
988
988
988
716
244
-180
-372
-324
-340
-396
-428
-396
-372
-460
-620
-748
-716
-588
-556
-556
-492
-428
-492
-620
-684
-652
-620
-748
-924
-988
-1116
-1244
-1372
-1372
-1308
-1308
-1244
-1180
-988
-988
-1180
-1372
-1500
-1500
-1372
-1372
-1308
-1180
-988
-844
-844
-924
-988
-988
-988
-988
-924
-876
-684
-684
-876
-1052
-1180
-1436
-1628
-1564
-1372
-1180
-924
-556
48
460
460
556
684
812
684
372
308
428
396
196
276
396
460
308
244
324
492
812
988
1308
1500
1628
1756
1980
1980
1500
1308
1308
1244
924
748
812
1052
1052
844
716
748
780
492
228
196
340
620
844
812
780
988
1244
1372
1052
924
1116
1180
1116
1052
988
1052
924
588
228
120
132
104
56
0
-24
0
0
-24
-96
-212
-324
-428
-460
-556
-652
-780
-876
-924
-924
-924
-1052
-1052
-1116
-1180
-1116
-924
-812
-812
-812
-780
-684
-684
-748
-924
-1116
-1116
-1180
-1244
-1180
-1116
-1116
-1052
-1052
-988
-924
-924
-924
-876
-748
-684
-684
-748
-812
-924
-924
-988
-924
-556
-428
-292
-56
164
324
428
460
492
460
396
372
396
356
148
-48
-132
-40
-8
-16
-80
-80
132
372
588
684
748
844
1116
1308
1244
1052
988
924
844
716
620
748
1052
1180
1052
844
716
716
620
340
96
88
492
844
876
924
1052
1372
1564
1372
988
876
844
780
716
716
716
716
620
276
0
-104
-104
-104
-120
-64
-40
64
120
0
-96
-196
-180
-244
-428
-588
-716
-844
-924
-876
-876
-780
-684
-684
-716
-748
-780
-716
-556
-492
-396
-324
-244
-228
-356
-492
-492
-556
-716
-844
-620
-372
-244
-228
-276
-276
-276
-372
-524
-556
-524
-556
-588
-652
-812
-988
-1244
-1500
-1564
-1500
-1436
-1308
-1052
-716
-340
-104
32
196
308
260
112
-48
-132
-260
-428
-460
-396
-356
-428
-372
-260
-196
-80
88
340
652
876
1116
1436
1564
1564
1500
1372
1308
1244
1116
988
988
1052
844
652
492
308
212
212
244
292
340
428
620
780
924
1052
1244
1244
1244
1180
988
988
876
716
588
556
524
556
460
276
132
112
40
24
24
32
8
40
88
104
80
-96
-372
-556
-588
-556
-492
-428
-260
-64
-8
-56
-148
-244
-308
-460
-556
-428
-244
-196
-308
-340
-356
-396
-428
-492
-492
-460
-492
-524
-556
-652
-780
-924
-988
-1052
-1116
-1116
-1116
-1052
-1116
-1308
-1564
-1628
-1628
-1564
-1436
-1244
-988
-716
-492
-276
-180
-164
-164
-148
-120
-72
-8
24
-16
-148
-324
-428
-524
-652
-652
-620
-492
-308
-72
164
428
684
988
1116
1180
1308
1308
1180
1052
924
844
812
716
556
292
80
-48
-132
-104
24
180
340
588
748
844
988
1180
1308
1372
1436
1564
1692
1692
1500
1308
1308
1244
1116
924
876
844
780
716
716
812
780
684
620
588
524
396
340
308
324
276
148
180
244
180
48
-64
-64
-80
-164
-180
-244
-356
-492
-556
-652
-748
-748
-716
-588
-460
-396
-428
-556
-684
-780
-876
-988
-988
-1052
-1052
-1116
-1180
-1308
-1372
-1500
-1692
-1756
-1756
-1756
-1756
-1756
-1820
-1756
-1628
-1628
-1628
-1500
-1372
-1180
-1052
-924
-844
-780
-652
-556
-492
-524
-460
-460
-492
-492
-428
-356
-340
-340
-276
-132
32
196
428
652
876
1052
1244
1372
1436
1436
1372
1308
1116
988
876
748
748
716
684
684
716
652
652
780
924
1180
1436
1628
1820
1980
2108
2108
1980
1820
1628
1436
1180
1052
1052
1052
1052
1116
1180
1116
988
876
748
748
812
988
1052
1116
1052
876
620
340
88
-72
-148
-164
-96
-32
24
72
8
-56
-148
-244
-356
-324
-148
-8
104
132
112
-24
-308
-652
-924
-1116
-1372
-1692
-1980
-2108
-2236
-2492
-2620
-2748
-2876
-3004
-3004
-3004
-2876
-2748
-2620
-2492
-2364
-2108
-1980
-1980
-1820
-1756
-1628
-1436
-1308
-1244
-1116
-988
-844
-684
-524
-428
-324
-276
-148
40
196
260
260
260
244
260
324
460
588
748
924
1116
1244
1372
1500
1436
1372
1308
1372
1372
1436
1436
1372
1436
1436
1372
1308
1116
924
844
876
1052
1244
1372
1372
1436
1308
1308
1244
1244
1180
1180
1308
1500
1628
1564
1500
1372
1180
988
988
988
1116
1116
1116
1244
1308
1372
1308
1180
1052
876
652
588
556
460
396
428
492
556
556
652
652
396
244
228
148
-112
-396
-428
-396
-460
-716
-924
-1052
-1436
-1980
-2236
-2492
-2620
-2876
-3132
-3132
-3132
-3260
-3260
-3388
-3388
-3388
-3260
-3132
-2748
-2620
-2364
-2108
-1884
-1820
-1756
-1628
-1500
-1500
-1500
-1436
-1436
-1436
-1308
-1180
-988
-716
-460
-120
196
372
492
556
588
620
716
812
780
748
716
780
876
924
1116
1244
1372
1436
1564
1564
1500
1500
1500
1564
1628
1564
1564
1564
1564
1628
1564
1564
1564
1436
1372
1372
1372
1372
1372
1436
1436
1372
1372
1308
1308
1244
1244
1244
1244
1180
1116
1180
1180
1180
1116
1052
1116
1244
1244
1244
1244
1180
1116
988
844
780
780
684
620
524
428
196
-80
-276
-460
-620
-748
-812
-812
-812
-812
-876
-924
-1052
-1244
-1436
-1628
-1756
-1884
-1980
-2108
-2108
-2108
-2236
-2492
-2748
-2876
-3004
-3132
-3132
-3004
-2876
-2620
-2364
-2108
-1884
-1692
-1628
-1500
-1308
-1180
-1244
-1372
-1372
-1372
-1308
-1244
-1180
-1052
-812
-620
-396
-196
-40
80
112
132
132
260
324
340
428
524
684
812
924
1052
1116
1244
1308
1372
1436
1500
1564
1564
1564
1628
1628
1564
1500
1436
1308
1308
1308
1308
1244
1244
1244
1244
1308
1308
1244
1180
1180
1180
1244
1244
1244
1308
1372
1500
1564
1692
1692
1628
1500
1500
1564
1500
1372
1244
1180
1180
1052
924
924
988
988
924
988
1052
1052
988
780
620
396
112
-120
-276
-556
-812
-988
-1116
-1244
-1500
-1628
-1756
-1820
-1980
-2108
-1980
-1980
-2108
-2236
-2236
-2236
-2364
-2492
-2620
-2748
-2876
-2876
-2876
-2748
-2620
-2492
-2364
-2236
-1980
-1884
-1756
-1564
-1500
-1436
-1372
-1372
-1372
-1372
-1244
-1116
-988
-812
-652
-460
-324
-180
-8
112
276
556
716
748
844
924
924
988
1052
1052
988
1052
1052
988
988
1052
1116
1180
1308
1436
1564
1564
1564
1564
1500
1436
1500
1500
1436
1436
1308
1244
1180
1180
1308
1308
1308
1244
1180
1116
1116
1180
1244
1244
1308
1372
1436
1500
1500
1500
1500
1372
1244
1180
988
748
620
556
588
652
684
684
652
684
684
588
372
164
56
-48
-180
-292
-396
-524
-716
-988
-1244
-1372
-1500
-1628
-1820
-1820
-1756
-1756
-1884
-1980
-1980
-1980
-2108
-2108
-2236
-2236
-2236
-2236
-2108
-2108
-1980
-1884
-1884
-1820
-1756
-1628
-1500
-1244
-988
-844
-780
-748
-716
-748
-748
-716
-684
-652
-588
-428
-308
-244
-228
-164
-72
-16
120
308
396
556
748
812
844
924
876
780
716
716
684
652
652
652
684
748
812
876
844
812
780
844
876
988
1180
1244
1244
1180
1116
1116
1052
1052
1116
1180
1308
1372
1244
1180
1052
988
988
1052
1052
1052
1052
1180
1244
1244
1244
1372
1436
1372
1436
1500
1500
1436
1308
1116
1116
1052
876
652
556
492
356
112
-56
-212
-396
-620
-812
-988
-1180
-1372
-1628
-1820
-1980
-2108
-2236
-2364
-2364
-2364
-2236
-2236
-2236
-2236
-2108
-2108
-1980
-1820
-1756
-1692
-1692
-1628
-1564
-1500
-1436
-1500
-1564
-1564
-1500
-1500
-1500
-1500
-1436
-1244
-1052
-812
-620
-396
-276
-228
-148
-40
8
48
180
324
460
556
652
780
876
924
924
924
924
876
812
748
748
684
652
652
748
812
812
844
876
924
924
988
1052
1116
1116
1116
1180
1180
1180
1180
1116
1116
1244
1308
1308
1372
1372
1372
1308
1372
1436
1436
1436
1372
1436
1436
1436
1372
1308
1308
1244
1180
1180
1116
988
844
748
716
620
428
212
24
-164
-324
-428
-524
-556
-556
-524
-524
-524
-620
-812
-988
-1116
-1180
-1244
-1308
-1500
-1692
-1820
-1980
-2108
-2236
-2364
-2236
-2236
-2108
-1980
-1756
-1692
-1692
-1628
-1500
-1436
-1372
-1244
-1116
-1052
-988
-988
-924
-988
-924
-924
-924
-876
-812
-748
-716
-620
-556
-524
-428
-324
-180
-64
48
180
276
340
428
492
556
524
460
460
428
428
428
396
396
524
588
620
652
620
588
492
492
588
748
924
1052
1180
1372
1436
1436
1308
1180
988
988
1052
1180
1308
1372
1436
1372
1244
1180
1116
1052
988
1052
1116
1244
1372
1308
1308
1244
1116
988
988
988
924
924
988
988
924
876
780
748
652
492
260
-32
-228
-428
-556
-620
-716
-716
-716
-684
-716
-748
-844
-1052
-1180
-1244
-1308
-1308
-1436
-1564
-1564
-1692
-1756
-1884
-1884
-1980
-1884
-1884
-1820
-1692
-1628
-1628
-1628
-1564
-1436
-1308
-1244
-1116
-988
-876
-844
-812
-812
-844
-844
-876
-876
-812
-748
-652
-492
-356
-228
-180
-132
-24
96
196
324
428
492
652
844
988
1052
1052
988
924
812
748
716
684
620
620
652
748
812
812
780
748
748
748
780
748
748
780
924
1052
1180
1244
1308
1308
1308
1244
1180
1052
988
924
924
924
988
924
876
844
780
748
716
716
716
716
748
716
652
588
460
308
292
292
292
292
244
164
32
-104
-196
-340
-492
-588
-652
-652
-620
-652
-684
-716
-684
-684
-716
-780
-844
-988
-1052
-1116
-1180
-1244
-1372
-1436
-1436
-1564
-1628
-1628
-1628
-1628
-1564
-1500
-1436
-1308
-1244
-1180
-1052
-988
-988
-924
-844
-748
-588
-460
-308
-244
-212
-244
-260
-356
-492
-588
-652
-620
-556
-428
-292
-164
-64
-8
56
112
164
228
372
524
684
844
924
844
780
684
652
620
620
652
748
924
988
1116
1116
1052
988
924
924
924
924
1052
1180
1308
1436
1500
1436
1372
1244
1180
1116
1052
1052
1116
1180
1116
1116
1052
924
812
684
652
652
620
588
524
428
396
340
260
180
112
112
120
88
40
16
-56
-164
-244
-396
-588
-684
-844
-1052
-1180
-1180
-1180
-1052
-988
-924
-876
-924
-924
-924
-988
-1052
-1116
-1116
-1052
-988
-924
-844
-876
-876
-988
-988
-988
-988
-988
-1052
-988
-924
-876
-844
-844
-844
-812
-780
-716
-652
-588
-524
-492
-492
-460
-460
-524
-556
-556
-556
-492
-428
-292
-212
-180
-112
-72
-56
16
88
132
212
244
292
340
340
292
260
292
372
460
652
748
876
1052
1180
1244
1244
1244
1180
1052
988
1052
1052
1116
1116
1244
1308
1436
1500
1500
1436
1436
1372
1308
1244
1116
1052
1052
988
988
876
780
652
428
340
260
212
228
196
196
260
276
228
132
8
-104
-212
-292
-308
-356
-356
-396
-396
-460
-556
-620
-716
-780
-812
-812
-780
-748
-684
-652
-620
-588
-652
-748
-812
-844
-876
-876
-924
-876
-812
-716
-652
-652
-684
-716
-716
-684
-716
-780
-780
-748
-748
-780
-748
-716
-716
-716
-684
-652
-620
-588
-588
-588
-588
-556
-524
-524
-524
-524
-492
-460
-396
-324
-292
-276
-276
-292
-308
-308
-276
-276
-260
-112
48
196
260
340
428
524
620
716
812
924
988
1052
1116
1116
988
924
812
716
716
716
780
844
876
924
924
988
1052
988
988
1052
1052
1052
1052
988
876
812
780
684
588
524
460
428
372
356
396
396
356
324
292
244
132
72
48
80
80
80
112
164
180
112
64
-40
-212
-356
-460
-524
-588
-620
-620
-652
-652
-620
-556
-524
-460
-428
-396
-324
-276
-276
-324
-324
-260
-244
-260
-260
-244
-324
-460
-524
-652
-748
-812
-812
-812
-780
-748
-684
-684
-652
-620
-588
-620
-588
-556
-556
-588
-620
-588
-556
-556
-492
-492
-428
-396
-460
-492
-556
-588
-620
-684
-620
-556
-492
-356
-196
-112
-16
96
164
308
460
588
684
716
748
716
716
652
588
524
524
460
396
396
428
524
652
780
924
988
988
988
924
876
844
844
844
812
780
684
588
492
396
292
180
132
180
244
340
460
492
524
524
460
396
356
340
324
396
460
492
492
428
340
244
80
-88
-212
-356
-428
-460
-396
-276
-180
-132
-104
-132
-148
-228
-292
-356
-372
-340
-340
-276
-228
-196
-244
-372
-524
-620
-780
-876
-988
-988
-924
-812
-780
-748
-684
-684
-716
-684
-652
-652
-652
-588
-524
-492
-428
-396
-396
-396
-396
-460
-460
-428
-492
-492
-556
-588
-556
-524
-460
-356
-244
-148
-48
56
164
212
244
260
276
396
492
556
492
460
428
428
372
308
228
132
48
32
64
148
292
372
460
620
748
812
844
844
844
812
748
684
588
492
428
340
308
308
324
292
212
212
244
372
492
588
716
780
780
780
748
748
684
620
588
588
620
556
428
308
196
56
-72
-148
-164
-196
-260
-260
-244
-244
-276
-260
-308
-292
-260
-308
-276
-196
-132
-112
-148
-164
-212
-308
-428
-588
-748
-876
-988
-1052
-988
-924
-876
-844
-812
-780
-748
-748
-780
-716
-620
-556
-460
-372
-324
-292
-292
-372
-428
-492
-524
-588
-620
-620
-652
-716
-684
-620
-556
-428
-308
-180
-112
-8
56
148
260
356
428
524
588
652
684
588
524
460
372
308
260
180
132
104
104
132
164
244
396
588
716
876
988
1052
988
876
844
748
684
620
556
460
396
396
356
292
228
212
228
276
324
396
524
588
684
716
652
588
460
372
324
292
260
244
244
196
132
40
-64
-212
-396
-492
-556
-588
-588
-524
-460
-396
-340
-276
-292
-324
-324
-340
-308
-276
-244
-228
-228
-324
-460
-588
-684
-748
-812
-812
-780
-780
-780
-748
-684
-684
-652
-652
-588
-524
-460
-372
-276
-212
-132
-56
0
0
-24
-80
-148
-196
-228
-244
-308
-324
-292
-244
-212
-132
-80
-64
-48
-16
48
132
228
324
428
524
556
588
556
492
396
260
180
112
104
56
0
56
112
132
180
308
396
460
524
588
652
716
748
716
684
652
524
428
340
244
196
148
148
164
148
196
244
308
396
492
556
588
652
620
556
460
372
292
244
292
308
308
308
228
132
56
-40
-164
-260
-292
-308
-356
-396
-396
-356
-356
-396
-428
-372
-356
-372
-356
-372
-396
-396
-396
-396
-428
-492
-556
-620
-684
-684
-684
-684
-684
-652
-620
-620
-588
-588
-588
-588
-588
-556
-460
-428
-396
-308
-244
-196
-180
-164
-120
-132
-164
-164
-132
-132
-104
-120
-180
-180
-148
-104
-72
0
48
104
196
276
372
428
428
428
428
428
428
428
372
340
340
308
292
260
228
180
132
148
196
276
372
460
524
588
620
620
620
588
492
428
396
356
276
228
244
212
212
212
228
244
260
292
324
356
372
356
356
356
324
260
212
228
228
212
244
260
244
212
164
64
-16
-148
-276
-356
-428
-428
-428
-396
-372
-340
-324
-356
-372
-372
-396
-396
-428
-372
-308
-308
-308
-276
-276
-340
-356
-372
-356
-340
-356
-340
-340
-340
-356
-396
-396
-428
-396
-396
-356
-260
-180
-80
-24
56
164
212
228
196
132
48
-16
-48
-56
-40
-72
-132
-164
-164
-180
-180
-196
-164
-104
-80
0
104
196
260
324
340
356
372
372
292
196
112
24
-48
-112
-148
-164
-180
-196
-148
-112
-40
24
56
132
180
260
276
260
244
244
196
148
132
120
120
120
120
96
96
132
132
148
180
228
260
324
356
340
340
308
292
260
244
212
212
228
244
212
148
104
24
-96
-196
-308
-356
-396
-460
-460
-460
-460
-428
-340
-276
-212
-196
-164
-132
-112
-80
-56
-64
-112
-180
-260
-292
-324
-324
-308
-308
-292
-260
-260
-212
-196
-180
-148
-132
-64
0
40
104
164
212
276
308
356
372
324
276
244
180
164
180
148
104
56
32
16
0
32
56
72
148
212
260
324
340
340
340
340
260
180
132
64
-16
-80
-148
-180
-196
-212
-212
-196
-164
-112
-56
-24
88
164
228
260
276
276
228
148
96
48
0
-56
-88
-96
-120
-148
-164
-164
-132
-72
-72
-56
24
96
164
212
244
276
276
308
292
260
212
148
72
56
24
0
-32
-104
-164
-228
-308
-324
-308
-308
-276
-228
-180
-148
-104
-120
-104
-104
-148
-148
-180
-212
-212
-212
-212
-196
-212
-196
-148
-120
-80
-88
-80
-48
-32
-48
-64
-112
-148
-164
-180
-148
-148
-132
-112
-64
-24
16
24
0
-16
-104
-132
-148
-148
-132
-120
-104
-112
-88
-96
-132
-196
-260
-260
-244
-180
-88
24
120
180
260
276
196
120
80
0
-32
-16
-32
-16
-24
0
32
72
120
132
164
212
228
228
228
244
260
308
308
340
356
324
324
308
308
308
292
260
244
228
228
244
260
292
324
340
356
372
356
372
372
356
308
276
228
164
132
80
48
56
16
0
-48
-120
-164
-196
-228
-228
-228
-228
-212
-228
-212
-212
-212
-196
-212
-244
-260
-244
-244
-244
-228
-180
-132
-112
-88
-64
-64
-40
0
-16
-40
-40
-32
-72
-80
-64
-48
-24
-48
-48
-56
-32
-32
-40
-32
-64
-96
-96
-88
-72
-64
-120
-180
-244
-308
-356
-396
-428
-460
-460
-428
-356
-276
-244
-196
-180
-164
-132
-132
-120
-112
-80
-80
-80
-56
-104
-164
-212
-212
-228
-244
-196
-164
-120
-56
16
88
104
148
164
164
164
212
196
180
148
132
148
148
164
164
196
212
212
212
212
212
260
292
340
428
460
492
460
428
396
356
308
308
292
276
260
228
228
196
180
148
112
132
96
32
40
64
64
64
72
96
96
132
148
148
148
132
132
96
88
96
120
112
104
148
148
132
88
64
32
8
-40
-80
-148
-196
-196
-180
-164
-132
-88
-72
-80
-72
-120
-164
-196
-260
-260
-276
-244
-228
-228
-260
-308
-372
-428
-524
-524
-524
-492
-396
-308
-212
-148
-64
-24
-24
-8
-40
-72
-80
-132
-120
-148
-180
-180
-196
-212
-180
-180
-164
-112
-48
24
104
148
180
180
212
244
212
180
132
120
104
96
80
48
32
8
-24
-40
-64
-48
-40
-16
48
120
180
260
308
260
244
212
164
80
56
16
-24
-40
-40
-64
-72
-80
-132
-164
-196
-196
-180
-228
-228
-196
-148
-104
-48
24
64
88
88
112
148
148
132
148
180
228
276
292
308
340
324
276
228
196
180
148
132
132
180
148
164
164
164
132
104
112
132
132
132
120
80
56
32
-8
-64
-96
-132
-180
-212
-228
-244
-292
-340
-372
-340
-340
-292
-244
-196
-180
-148
-112
-120
-88
-104
-132
-148
-180
-212
-244
-276
-308
-276
-260
-228
-180
-164
-120
-96
-24
8
64
120
148
180
180
212
180
148
96
64
48
40
56
56
72
80
96
148
228
276
308
396
396
428
428
396
396
324
276
196
120
104
72
56
56
16
24
8
-16
-32
-24
-32
-64
-88
-72
-32
-8
40
96
132
132
88
24
-16
-80
-96
-88
-80
-40
-24
-16
-40
-72
-104
-132
-148
-180
-196
-196
-228
-244
-228
-212
-228
-212
-180
-148
-132
-120
-132
-132
-120
-120
-120
-132
-132
-164
-164
-148
-148
-164
-180
-212
-244
-276
-260
-292
-260
-244
-196
-132
-96
-32
24
88
132
180
180
164
132
80
40
-24
-64
-56
-72
-48
-16
24
72
112
132
196
244
308
324
324
324
324
324
324
324
324
324
324
276
276
260
228
196
148
148
148
180
228
276
292
292
292
244
228
180
120
96
16
-32
-72
-88
-64
-32
-32
-40
-64
-72
-120
-120
-104
-148
-132
-132
-132
-132
-164
-180
-212
-244
-260
-260
-228
-180
-180
-180
-132
-120
-112
-120
-88
-88
-72
-104
-120
-112
-132
-132
-132
-112
-88
-48
-48
-40
-16
-16
-40
-40
-48
-48
-48
-40
-32
-32
-32
-48
-64
-88
-120
-180
-228
-244
-244
-228
-228
-244
-212
-212
-212
-196
-196
-180
-148
-72
0
40
80
96
40
-8
-64
-132
-212
-196
-180
-180
-88
0
32
80
148
164
180
196
228
260
292
308
340
324
340
356
324
308
292
276
244
212
180
180
212
244
276
292
292
276
276
276
308
308
308
308
260
212
164
164
132
112
112
88
64
80
72
48
24
-8
-56
-80
-104
-120
-120
-112
-88
-72
-72
-80
-88
-88
-88
-104
-120
-96
-88
-104
-64
-56
-56
-80
-104
-120
-132
-148
-132
-112
-80
-48
-48
-64
-64
-48
-72
-80
-88
-104
-64
-64
-48
-40
-56
-56
-64
-64
-56
-64
-96
-132
-180
-164
-180
-244
-228
-212
-164
-120
-88
-56
-8
40
64
96
104
88
48
0
-40
-64
-96
-112
-120
-112
-104
-80
-48
-8
-8
0
0
-24
-8
16
32
24
8
8
16
-16
-48
-48
-80
-88
-80
-80
-72
-72
-88
-96
-112
-80
-24
24
64
104
96
64
48
56
48
56
56
48
48
48
64
32
8
8
0
24
24
48
16
-24
-8
0
24
40
40
88
104
104
112
132
120
88
56
56
56
48
64
56
56
72
56
16
-40
-64
-80
-72
-56
-48
-8
0
8
16
16
0
-8
-8
0
0
8
16
0
0
-8
-32
-32
-32
-24
0
0
32
80
112
88
96
112
104
132
148
164
180
180
180
228
260
260
260
244
212
164
148
132
120
112
120
148
180
196
196
196
180
132
132
120
112
132
132
104
80
40
16
0
-40
-56
-88
-164
-196
-212
-228
-244
-260
-260
-244
-228
-212
-148
-132
-112
-112
-80
-80
-132
-148
-244
-324
-372
-396
-428
-396
-372
-340
-324
-324
-308
-324
-356
-356
-356
-324
-244
-228
-196
-132
-88
-72
-24
-8
-40
-56
-88
-104
-80
-80
-80
-56
-24
0
-24
-32
-8
0
16
48
80
120
132
148
180
196
196
180
148
120
112
96
88
88
56
48
48
56
88
72
72
96
104
112
96
56
40
40
56
72
88
120
132
132
164
196
212
212
164
180
164
104
64
24
8
16
40
64
80
104
88
80
104
132
180
212
228
244
260
276
260
228
228
212
180
148
132
112
112
80
72
48
32
56
72
112
164
196
244
260
260
244
196
132
64
32
0
0
-8
16
0
-24
-32
-48
-64
-64
-64
-88
-104
-120
-148
-164
-132
-104
-88
-64
-48
-88
-120
-164
-212
-260
-292
-340
-356
-340
-356
-356
-340
-340
-356
-396
-340
-292
-308
-260
-228
-228
-212
-212
-244
-260
-292
-308
-292
-260
-228
-228
-196
-196
-212
-228
-212
-196
-164
-132
-112
-64
-16
0
0
-8
-48
-64
-32
-16
40
112
164
212
260
260
244
212
148
96
72
32
8
16
40
48
88
120
148
148
132
112
120
132
132
180
196
212
212
212
164
112
96
72
64
72
96
112
104
96
80
48
32
48
80
96
132
180
228
244
276
276
228
196
148
120
72
64
24
0
0
40
48
40
80
64
48
40
56
64
64
88
164
212
212
212
228
180
112
72
32
-8
-40
-64
-72
-88
-96
-104
-104
-80
-56
-56
-56
-32
-8
-8
8
16
8
-32
-48
-80
-132
-132
-148
-148
-148
-164
-148
-148
-120
-112
-120
-120
-112
-132
-112
-80
-88
-104
-112
-112
-120
-112
-96
-80
-104
-132
-132
-104
-96
-96
-88
-88
-96
-112
-132
-148
-132
-132
-96
-64
-8
32
24
24
8
-16
-32
-64
-80
-64
-32
-8
0
40
56
64
80
80
48
24
16
32
8
-8
-8
-32
-16
8
32
88
104
112
132
132
120
112
104
72
56
48
16
0
-16
-32
-32
-24
-8
0
8
16
0
-16
-8
0
0
16
0
-16
-56
-96
-104
-120
-148
-148
-164
-148
-112
-80
-72
-48
-48
-24
0
8
24
0
16
24
40
104
132
132
120
112
96
112
112
88
80
80
80
112
132
196
228
228
276
276
292
308
324
292
260
244
196
164
132
112
96
80
80
88
104
104
96
112
120
120
80
64
16
16
16
-16
-32
-64
-112
-148
-148
-164
-180
-212
-196
-196
-196
-164
-148
-164
-164
-132
-164
-148
-148
-104
-104
-132
-132
-212
-228
-276
-308
-292
-260
-244
-244
-180
-164
-148
-164
-164
-164
-196
-164
-132
-120
-96
-88
-88
-88
-104
-96
-80
-80
-80
-64
-40
-56
-40
-8
-8
-16
-8
-48
-40
-32
-24
-8
8
32
64
96
132
132
132
132
104
120
132
148
164
180
180
164
164
112
104
104
88
104
120
132
164
180
164
180
164
132
148
164
180
212
228
228
244
228
180
212
180
148
96
32
40
8
8
32
40
72
120
132
132
132
104
72
32
8
-8
-16
-32
-24
0
-16
-16
-24
-56
-80
-88
-132
-132
-112
-132
-112
-96
-80
-96
-72
-56
-40
-32
-56
-72
-112
-148
-164
-164
-132
-148
-132
-96
-80
-56
-16
-16
-40
-64
-96
-132
-164
-164
-164
-164
-148
-148
-148
-148
-148
-148
-148
-132
-120
-132
-148
-148
-180
-180
-132
-64
-32
-24
0
16
8
0
0
-32
-48
-40
-32
-8
24
16
0
24
48
64
88
112
148
164
164
180
148
132
132
120
120
120
148
148
132
104
72
48
56
72
104
148
164
148
164
164
112
72
56
16
-16
-8
-24
-24
0
8
40
64
64
48
8
-24
-40
-48
-64
-72
-64
-48
-40
-24
0
-32
-40
-56
-56
-56
-40
-16
0
16
48
80
96
112
112
112
88
64
40
16
-24
-48
-64
-64
