SAMPLES:	8782
BITSPERSAMPLE:	16
CHANNELS:	1
SAMPLERATE:	16000
NORMALIZED:	FALSE
0
0
0
0
0
0
0
0
0
0
0
0
0
0
0
0
0
0
0
0
0
0
0
0
0
0
0
0
0
0
0
0
0
0
0
0
0
0
0
0
0
0
0
0
0
-8
-8
-8
-8
-8
-8
-8
0
-8
-8
-8
-16
-16
-16
-8
-8
-8
-8
-8
-8
-8
-8
-8
-8
-8
-8
-8
-8
-8
0
-8
-8
0
0
0
0
0
0
0
0
0
0
0
0
0
0
0
0
0
0
0
0
0
0
0
0
0
0
0
0
0
0
0
0
0
0
0
0
-8
0
-8
0
0
0
0
0
0
0
0
0
0
0
0
0
0
0
8
8
8
8
8
8
8
8
8
8
8
8
8
8
8
8
8
8
8
8
8
8
8
8
8
8
8
8
8
8
0
0
0
0
0
0
0
0
0
0
0
0
0
0
0
-8
0
0
0
0
0
0
0
0
0
0
0
0
0
0
0
0
0
0
0
0
0
8
8
0
0
0
8
8
8
0
0
8
8
0
0
0
0
0
0
0
0
0
0
0
0
0
0
0
0
-8
0
0
-8
-8
-8
-8
-8
-8
-8
-8
-8
-16
-16
-16
-16
-16
-16
-16
-16
-16
-16
-16
-8
-8
-8
-8
-8
-8
-8
-8
-8
0
0
0
0
0
0
0
0
0
0
0
8
0
0
8
8
0
0
8
8
8
8
8
8
8
8
8
8
8
8
8
8
8
8
8
0
0
8
0
8
0
0
0
0
8
8
0
0
0
0
0
0
0
0
0
0
0
0
0
0
0
0
0
0
0
0
0
0
0
0
0
0
0
0
0
0
0
0
0
0
0
0
0
0
0
0
0
0
0
0
0
0
0
0
0
0
0
-8
0
0
0
0
0
0
0
0
0
0
0
0
0
0
0
0
0
0
0
0
0
0
0
0
0
0
0
0
0
0
0
0
0
0
0
-8
-8
0
0
0
0
0
0
0
0
-8
0
0
0
0
0
0
0
0
-8
0
0
0
-8
-8
-8
0
-8
-8
-8
0
0
0
0
0
-16
-8
0
-8
-8
0
0
0
-8
0
0
0
0
0
0
8
0
-8
0
0
0
0
0
0
0
8
8
0
0
0
8
0
0
8
8
8
8
16
0
8
8
8
8
8
16
0
8
8
8
0
16
8
8
24
16
8
8
16
8
8
16
16
0
0
8
8
8
0
0
0
16
16
0
0
0
8
0
0
0
8
0
0
8
8
0
-8
0
8
8
-8
-8
8
8
-8
-8
0
0
-8
-8
0
0
-8
-8
0
0
-8
-16
-8
-8
-8
-8
0
-16
-8
0
-16
-16
0
-8
-24
0
-8
-16
-16
-16
-8
-16
-8
-8
-16
-16
0
-8
-8
-8
-8
-8
-8
-8
-8
-16
0
-8
-16
0
-8
-16
0
0
0
-8
0
0
-8
0
0
-8
0
0
0
0
0
-8
0
8
0
0
16
8
0
0
16
0
0
8
8
0
8
8
0
8
24
8
-8
0
24
0
-16
16
16
0
0
16
8
0
8
8
8
0
0
8
8
0
0
8
0
0
8
0
0
8
0
-8
0
0
-16
-16
8
0
0
0
0
0
0
0
0
0
0
0
0
8
-16
0
24
0
-16
8
16
0
0
0
0
8
8
0
-8
8
8
0
0
8
0
0
0
0
0
8
0
0
16
0
0
-8
8
8
0
0
-8
8
16
0
-24
0
8
-8
-8
0
-8
0
8
-16
-16
0
0
0
-8
-8
0
0
-8
-8
0
8
-24
0
8
0
8
0
-8
0
0
8
0
-8
0
8
0
0
0
0
0
-8
0
8
0
-8
0
8
0
-8
0
8
0
0
8
0
0
-8
-8
16
8
-24
-24
24
24
-16
-8
8
16
-8
-16
0
0
0
0
-8
0
0
16
-8
-16
0
0
-8
16
24
-24
-8
8
0
-8
0
0
-8
16
8
0
0
-16
-16
8
24
-16
-16
0
8
0
-8
-8
-8
8
32
0
-16
0
0
8
8
-24
-8
24
32
8
-24
0
16
8
0
-8
-8
24
40
-8
-8
16
24
24
8
-8
-8
32
48
-24
-32
40
16
-24
0
24
0
-8
16
8
-16
-8
8
0
0
0
-24
8
24
-16
-40
-8
0
0
0
-32
-16
16
-8
-56
-16
16
8
-24
-32
-24
-8
16
-8
-48
-32
-8
0
8
-40
-40
24
24
-8
-48
-8
8
0
-8
-8
8
16
0
-32
-8
0
0
32
0
-8
24
32
-40
-40
40
40
8
-8
0
24
48
0
-32
8
32
16
0
-8
8
8
0
0
0
0
0
32
8
-40
8
48
-16
-48
8
0
8
32
0
-24
0
40
-16
-40
0
48
0
-32
24
48
-8
-48
8
40
-8
-16
0
0
24
8
-24
-24
48
40
-32
-32
40
32
-16
0
8
8
8
8
8
0
16
32
-24
-48
8
64
-24
-48
24
40
0
-8
32
-16
-16
64
24
-24
-8
24
0
-56
-8
56
0
-40
8
40
16
-40
-32
-8
8
16
-8
-32
-24
0
-32
-40
0
32
16
-56
-40
72
0
-96
-64
0
56
8
-64
-24
16
-16
-48
-24
8
8
-24
-24
0
40
0
-64
-48
48
48
-16
-16
24
0
-48
-24
8
8
16
0
-32
8
48
-8
-56
0
64
16
-40
0
48
8
-32
-32
40
48
-24
-32
8
32
0
0
-16
-8
48
0
-48
0
48
-24
-40
16
40
24
-8
-24
-8
56
24
-64
-8
88
40
-24
-16
0
40
8
-48
0
56
64
8
-48
-8
32
24
-16
-32
48
64
0
-40
-8
40
-16
-16
32
72
32
-16
-8
-8
-16
8
48
0
32
56
-8
0
24
0
-40
-24
56
40
0
8
-24
-40
8
-16
-16
40
8
0
0
0
0
-16
-24
-24
24
56
-16
-48
24
8
-80
-24
16
0
0
0
0
0
-16
-32
-56
-24
0
40
0
-32
0
0
-72
-72
16
40
24
-40
-8
24
-32
-64
-40
-8
0
48
16
-48
-8
24
-56
-104
16
56
32
-8
-16
-24
0
24
-64
-72
24
96
16
-56
-40
16
-8
-24
-24
-48
88
80
-88
-24
64
8
-96
-40
56
88
16
-16
-48
32
56
-80
-48
72
32
48
64
-48
-24
8
0
0
0
56
96
0
-56
-24
0
0
0
48
56
24
80
16
-96
-48
56
0
0
132
64
-16
0
-8
-64
0
88
8
8
56
0
0
-8
-104
-24
112
120
-32
-56
40
8
-48
-40
16
16
48
8
-32
0
-32
-40
-24
16
0
24
24
0
-48
-64
8
-16
0
64
24
0
0
24
-80
-88
-8
24
48
-8
8
8
-16
-48
-56
8
32
16
24
-8
-64
-24
8
-16
-48
48
120
-16
-48
0
0
-48
-16
64
16
-32
24
-16
-64
0
-40
0
72
-8
-48
0
0
-72
0
72
-16
-56
72
16
-88
-8
40
-40
-16
0
-16
32
40
-48
-64
72
32
-88
-16
32
-8
-32
-8
8
32
-24
-56
16
48
0
-24
-8
-8
-48
-16
48
0
0
-8
-40
16
72
-24
-80
40
104
-16
-64
0
24
-24
0
32
40
32
0
-8
8
0
0
24
32
8
40
80
8
-64
32
88
0
-8
56
72
-8
-56
-16
32
72
8
-16
56
64
-8
-40
0
8
8
0
-24
24
56
-16
-72
32
40
-32
0
24
-8
-32
0
16
16
8
0
0
16
32
-8
-32
0
8
-8
0
56
8
-48
-32
-8
24
40
-8
-40
24
80
-56
-72
48
16
-72
-8
72
8
-64
-80
-8
32
0
0
-16
-40
-32
-16
-40
0
64
16
-32
-56
-32
-32
-16
-8
-16
-24
-8
0
-48
-88
-24
8
24
8
-64
-40
0
-48
-96
0
104
-8
-120
-48
32
-16
-64
-8
16
-16
0
24
-24
-48
-8
8
-40
-16
48
48
-40
-64
-8
48
32
-24
-16
24
48
40
0
-8
16
0
-8
48
88
64
0
-24
0
32
72
80
40
24
40
24
24
-16
-24
24
88
64
32
40
24
-40
-32
64
96
56
40
0
-40
8
32
8
48
48
24
40
8
-40
-32
0
48
32
48
24
-40
-48
-64
0
112
96
-48
-32
8
-24
-16
24
16
0
16
0
-40
-16
-8
-48
-8
80
24
-24
-8
-72
-88
24
80
24
-8
-40
-96
-64
24
0
-48
0
32
-56
-96
-16
32
-56
-64
24
48
-8
-72
-88
-48
16
40
0
-56
-96
-56
0
-8
-16
40
32
-40
-72
0
-8
-64
-40
8
32
0
-16
-40
-72
-48
0
32
32
24
-8
-64
-64
0
56
24
0
-24
0
16
-40
-48
8
56
16
24
64
8
-112
-88
40
96
80
40
-16
-72
-80
-40
0
88
96
16
-32
0
-8
-56
-32
8
64
56
8
-16
-24
-56
-64
48
164
132
-24
-48
-32
-32
16
64
48
16
24
-24
-16
24
16
0
64
64
-8
-16
0
-8
0
72
104
48
-8
-88
-64
24
40
56
80
56
-8
-40
0
40
56
32
24
64
64
8
-40
-40
40
88
112
80
0
-40
-40
-16
32
104
96
0
0
32
16
-16
-24
8
64
64
48
8
-24
-40
-32
24
40
72
64
-40
-88
-72
-24
16
8
-32
-72
-24
0
-56
-96
-64
-56
-8
-8
-48
-56
-64
-104
-96
-24
-16
-64
-120
-104
-64
-32
-40
-88
-104
-88
-88
-80
-32
-16
-96
-104
-56
-40
-72
-80
-48
-32
-16
-8
-56
-88
-88
-64
-40
0
0
-8
-48
-104
-64
16
56
24
-8
0
16
-8
-24
0
80
132
96
48
56
64
24
16
132
180
112
88
96
80
96
132
120
120
120
112
80
80
112
96
132
132
88
32
48
88
48
72
104
148
132
40
-24
-16
56
80
40
56
40
-24
-64
-48
-24
0
32
48
0
-32
-32
-48
-72
-24
16
56
16
-16
-24
-40
-40
0
40
32
16
-16
-56
-32
0
24
16
-16
-24
-8
-8
0
-8
-16
-24
0
0
-24
-24
-16
-32
-64
-56
-32
-56
-148
-148
-64
-48
-56
-88
-132
-164
-164
-164
-164
-148
-132
-132
-196
-212
-180
-120
-132
-180
-196
-164
-164
-212
-196
-180
-120
-80
-104
-120
-120
-132
-148
-104
-8
16
-72
-112
-64
0
64
88
56
72
72
48
16
48
164
276
324
276
244
260
244
244
340
492
492
428
324
292
340
428
460
428
492
492
396
308
308
356
356
340
340
308
212
80
-8
0
32
24
-40
-132
-212
-228
-292
-340
-356
-396
-460
-524
-556
-588
-588
-556
-588
-588
-588
-556
-588
-652
-588
-460
-372
-396
-428
-396
-372
-324
-276
-180
-164
-132
-104
-72
-32
0
48
80
104
148
228
212
180
196
244
324
396
308
228
244
324
372
372
340
308
308
396
396
396
460
492
428
492
652
780
716
556
556
684
924
988
844
716
684
812
924
988
1052
988
876
748
652
588
460
324
308
340
260
32
-324
-716
-844
-812
-844
-924
-1244
-1628
-1884
-1980
-1980
-2108
-2108
-2236
-2492
-2620
-2620
-2492
-2364
-2364
-2492
-2364
-2236
-2108
-1884
-1756
-1564
-1308
-1116
-924
-748
-684
-556
-276
32
292
396
396
428
588
988
1372
1564
1372
1052
924
1116
1436
1628
1692
1692
1564
1372
1244
1180
1308
1372
1372
1244
1116
1116
988
876
1180
1884
2492
2364
1980
1820
1980
2236
2108
2108
2492
3132
3260
2492
1980
2492
2876
2876
2492
2364
2492
2236
1372
876
1052
1052
556
-32
-244
-492
-1052
-1884
-2492
-2364
-2236
-2620
-3260
-3644
-3900
-4092
-4092
-4092
-3900
-3772
-3900
-4092
-4348
-4092
-3900
-3516
-3132
-2748
-2492
-2236
-2108
-1628
-924
-340
88
396
924
1436
1756
1884
1980
2108
2492
3004
3260
3132
2748
2492
2364
2492
2620
2492
2236
1692
1180
1052
1116
876
372
-132
-460
-620
-812
-1052
-1372
-1628
-1820
-1884
-1820
-1820
-1980
-2108
-2108
-1980
-1692
-1628
-1756
-1980
-1884
-1500
-988
-588
-276
32
428
684
1052
1500
2236
2876
3004
2876
2748
3260
4092
4604
4604
4092
4092
4348
4348
3900
3644
3644
3644
3132
2620
2236
1884
1180
396
104
148
-276
-1308
-2492
-3004
-3004
-3132
-3516
-4092
-4348
-4860
-5372
-5372
-5116
-4860
-4860
-5372
-5372
-5116
-4604
-4604
-4348
-3900
-3260
-2876
-2492
-2108
-1436
-876
-308
164
876
1564
1820
1820
2108
2748
3260
3516
3644
3644
3516
3260
3132
3260
3260
3004
2620
2236
1980
1756
1308
924
492
228
0
-340
-716
-988
-1244
-1372
-1500
-1500
-1628
-1820
-1980
-1980
-1980
-1980
-1980
-1884
-1820
-1564
-1308
-988
-684
-180
396
876
1180
1628
2236
2876
2620
2364
2876
4348
5628
5372
4348
4348
4860
5116
5116
4860
4860
5116
4348
3388
3004
3132
2876
2108
1564
1372
844
-460
-1692
-2108
-1756
-1692
-2364
-3516
-4348
-4860
-4860
-5116
-4860
-4860
-5116
-6140
-6652
-6396
-5628
-5372
-5372
-5372
-5116
-4604
-3900
-3388
-2620
-2236
-2236
-1820
-924
276
924
1244
1564
1884
2492
2620
3004
3388
3644
3644
3644
3644
3260
2748
2492
2620
2748
2364
1820
844
228
-132
-212
-356
-780
-1308
-1980
-2364
-2492
-2236
-2108
-2492
-2748
-3004
-2748
-2620
-2492
-2364
-2364
-2108
-1980
-1820
-1372
-988
-492
48
748
1500
1980
2364
2876
3644
4092
3772
3772
4604
6140
6908
6396
5628
5628
6140
6140
5884
5884
5884
5628
4604
3644
3516
3516
2876
1980
1436
1244
396
-1180
-2492
-2620
-2364
-2748
-3644
-4604
-5116
-5628
-6140
-6140
-5884
-5884
-6396
-7164
-7420
-6908
-6140
-6140
-5884
-5884
-5372
-5116
-4604
-3900
-2876
-1820
-1180
-988
-652
164
1052
1564
2236
2748
3516
3900
4092
4092
4092
4092
4092
4348
4348
4348
3516
2492
2108
2236
2620
2236
1308
260
-588
-924
-988
-876
-988
-1756
-2748
-3132
-3004
-2620
-2364
-2492
-2876
-3004
-3132
-2748
-2364
-2236
-2108
-1884
-1436
-988
-460
196
924
1692
2364
3004
3388
3772
3516
3388
4092
5628
6908
6908
5628
5116
5372
6140
6140
5884
5884
5372
4348
3388
3260
3388
3132
2108
1052
652
180
-748
-1980
-2748
-2748
-3004
-3644
-4604
-5372
-5628
-5884
-6140
-6140
-5884
-6140
-6908
-7420
-7164
-6396
-6140
-6140
-6140
-5884
-5372
-4604
-4092
-3004
-1980
-1372
-1308
-1052
8
1244
1980
2364
2620
3132
3644
4092
4348
4604
4604
4604
4348
4348
4348
3900
3132
2620
2620
2748
2236
1244
340
-212
-428
-524
-748
-1180
-1884
-2620
-3004
-2876
-2492
-2236
-2620
-2876
-3004
-3004
-2620
-2236
-1980
-1884
-1820
-1628
-1180
-620
56
716
1500
2236
2620
3132
3644
4092
4348
4092
4604
5884
6908
7164
6140
5628
5884
6396
6140
5884
5628
5372
4604
3260
2876
3004
2620
1628
460
-64
-492
-1372
-2620
-3516
-3644
-3772
-4604
-5372
-5884
-6140
-6652
-7164
-6908
-6652
-6652
-7164
-7676
-7676
-6908
-6396
-5884
-5628
-5372
-4860
-4604
-3900
-2748
-1884
-924
292
780
1436
2236
3004
3388
3516
4092
4860
5372
5628
5372
5116
5116
5372
5116
5116
4604
4092
3260
2492
2364
2236
1692
588
-308
-652
-1308
-1820
-2236
-2492
-3132
-3772
-4348
-4092
-3900
-4092
-4092
-4092
-4092
-3772
-3644
-3132
-3132
-3132
-2748
-2108
-1564
-988
-276
556
1244
1980
2748
3644
4348
4348
4092
4604
5628
6908
7676
7164
6140
6140
6652
6908
6396
6140
6140
5372
4348
3644
3644
3388
2236
1116
716
620
-148
-1564
-2876
-3388
-3516
-4092
-4604
-5116
-5884
-6652
-7164
-7164
-6396
-6140
-6652
-7420
-7676
-7420
-6652
-6396
-5884
-5628
-5372
-4860
-4348
-3260
-2108
-1372
-812
-428
876
2492
3132
2748
2492
3260
4348
5116
5372
5116
5116
4604
4348
4604
4860
4604
3516
2620
2364
2620
1980
716
-64
-524
-684
-1244
-1756
-2236
-3132
-3772
-4092
-3772
-3260
-3388
-4092
-4348
-4092
-3516
-3004
-2748
-2748
-2748
-2876
-2236
-1756
-1116
-556
-40
620
1564
2492
3132
3516
4348
5116
5372
5116
5116
5884
7164
7676
7164
6652
6652
6908
6396
5884
5884
5884
5372
4348
3516
3132
2620
1628
812
652
460
-620
-2364
-3644
-3900
-3772
-4092
-4604
-5116
-6140
-6908
-7420
-6908
-6140
-6140
-6652
-7420
-7676
-7164
-6652
-6140
-5372
-5116
-5116
-4604
-4092
-3260
-2236
-1564
-308
1052
1756
2108
1820
2108
3004
4092
5116
5372
5372
4604
3900
3900
4348
4860
4604
3900
3004
2236
1564
1116
1052
748
244
-716
-1564
-1980
-2620
-3004
-3260
-3260
-3388
-3644
-4092
-4092
-4092
-3900
-3388
-3004
-2748
-2748
-2748
-2492
-2236
-1692
-1116
-748
-396
64
684
1436
2364
3260
3900
4348
5116
5628
5628
5116
5372
6140
7420
8316
7420
6652
6396
6140
5884
5628
5884
5628
4860
3516
2492
1980
1564
988
460
132
-460
-1884
-3516
-4604
-4604
-4604
-4860
-5372
-6140
-6908
-7676
-7932
-7420
-6908
-6652
-6908
-7420
-7676
-7420
-6652
-5884
-5372
-4860
-4348
-4092
-3388
-2620
-1692
-460
652
1244
2492
3516
3516
3132
3132
4092
5372
5884
6140
5372
5116
4604
4092
4092
4604
4092
3260
2492
1820
1436
524
-340
-620
-588
-588
-1500
-2364
-3260
-3900
-4092
-3516
-2876
-2748
-3644
-4348
-4092
-3388
-2876
-2364
-1980
-2108
-2364
-2236
-1436
-924
-556
-40
588
1372
1980
2492
3260
3900
4348
5372
5884
5884
5372
4860
5884
7164
7932
7420
6396
6140
5628
5116
4860
4860
4860
4348
3132
2236
1692
924
104
-340
-228
-308
-1692
-3388
-4860
-5116
-5116
-5116
-5116
-5372
-6140
-7164
-7676
-7420
-6652
-6140
-6140
-6652
-6908
-6652
-6140
-5884
-5116
-4348
-3516
-2876
-2492
-1980
-1372
-372
748
2492
3644
3388
2876
2748
3388
4348
5116
5628
5372
4604
3772
3132
3004
3388
3132
2620
2108
1244
428
-460
-1180
-1116
-1116
-1372
-2364
-3004
-3644
-4348
-4604
-4092
-3516
-3388
-3900
-4348
-4092
-3772
-3516
-2748
-2108
-1628
-1628
-1564
-1180
-876
-588
16
588
1244
1980
2492
2748
3260
4092
4860
5628
6140
6652
6396
5884
5372
6140
7164
7932
7420
6396
5884
5628
5116
4604
4604
4604
4092
3388
2492
1884
1116
8
-780
-812
-556
-1244
-2876
-4348
-5116
-5372
-5372
-5372
-5116
-5628
-6652
-7164
-7164
-6652
-6140
-6140
-6140
-6140
-5884
-5628
-5372
-4860
-4348
-3516
-2620
-1820
-1244
-684
-148
460
1372
2620
3388
3516
3388
3132
3260
3516
4092
4348
4092
3644
2876
2492
1980
1756
1564
1180
684
40
-588
-1244
-1820
-2236
-2492
-2620
-3004
-3260
-3644
-3900
-3900
-3900
-3516
-3260
-3132
-3004
-2748
-2364
-1820
-1244
-988
-652
-372
0
276
428
876
1308
1692
2236
3004
3516
4092
4604
5116
5372
5628
6396
6908
6908
6140
5372
5628
6396
6652
6396
5628
5372
4860
4348
3644
3388
3260
2876
2364
1564
924
16
-1180
-1980
-2108
-1884
-2364
-3516
-4860
-5628
-5884
-6140
-5884
-5884
-5884
-6396
-6908
-7164
-6652
-6396
-6140
-5884
-5628
-5116
-4860
-4604
-4348
-3644
-3004
-2108
-1244
-396
356
1052
1436
1756
2492
3260
3644
3772
3772
3772
3644
3516
3388
3516
3260
2876
2364
1756
1308
844
460
-40
-396
-844
-1372
-1884
-2364
-2620
-2876
-3132
-3260
-3260
-3132
-3132
-3132
-3132
-3004
-2748
-2236
-1756
-1308
-924
-716
-620
-372
16
524
988
1372
1436
1692
1980
2492
3132
3900
4348
4860
5116
5372
5372
5884
6396
6652
6140
5372
5372
5628
6140
5884
5372
5372
5116
4348
3260
2748
2620
2492
2108
1628
1244
308
-988
-1980
-2236
-1884
-2108
-3132
-4092
-4860
-5372
-5628
-5884
-5884
-5884
-5884
-6140
-6140
-6140
-6140
-6140
-6140
-5628
-4860
-4348
-4092
-3900
-3516
-3132
-2492
-1692
-620
524
988
812
588
844
1820
2620
3132
3260
3004
2876
2364
2108
2108
1980
1756
1436
1308
988
396
-588
-1372
-1564
-1564
-1436
-1692
-1980
-2620
-3132
-3516
-3516
-3004
-2620
-2620
-2748
-2492
-2236
-1980
-1820
-1500
-1052
-556
0
524
812
876
876
1052
1500
2108
2620
2876
3004
3132
3388
3772
4092
4604
4860
5116
5116
5372
5884
6140
5628
4604
4348
4604
5372
5372
5116
4604
4092
3516
2748
2236
2236
2364
2108
1436
924
460
-228
-1308
-2108
-2108
-2108
-2364
-3132
-3900
-4604
-4860
-5372
-5372
-5372
-5372
-5372
-5372
-5628
-5372
-5116
-5116
-5116
-4860
-4348
-3772
-3132
-2876
-2620
-2364
-1820
-1180
-340
492
924
924
924
1244
1820
2108
1980
1980
1980
1980
2108
1980
1692
1052
428
56
64
148
-32
-492
-988
-1436
-1564
-1564
-1564
-1692
-2108
-2364
-2236
-1980
-1564
-1564
-1500
-1180
-924
-620
-324
-260
-80
72
164
428
1116
1820
1884
1500
1436
1628
2108
2620
2620
2364
2492
2876
3260
3516
3516
3132
2748
2876
3260
3260
3004
2620
2364
2236
2364
2364
2364
1980
1692
1564
1628
1820
1884
1692
1372
1052
924
924
988
876
620
212
-148
-428
-588
-652
-844
-1244
-1564
-1820
-1980
-2364
-2748
-2876
-3004
-3004
-3004
-3132
-3260
-3388
-3516
-3516
-3260
-3004
-3004
-3132
-3132
-3004
-2876
-2492
-2364
-2236
-2236
-1980
-1756
-1500
-1308
-1308
-1436
-1308
-1052
-652
-356
-372
-524
-556
-340
80
396
460
196
88
180
372
588
812
844
684
652
844
1116
1244
1244
1244
1180
1308
1564
1820
1692
1500
1436
1372
1436
1564
1564
1308
1244
1308
1500
1628
1628
1500
1372
1244
1180
1308
1244
988
684
652
812
988
924
716
524
492
716
812
876
844
716
716
876
1116
1436
1564
1372
1372
1372
1436
1436
1436
1372
1244
1244
1244
1308
1372
1308
1052
876
684
460
324
96
-212
-460
-556
-684
-924
-1180
-1500
-1820
-2108
-2236
-2236
-2364
-2620
-2748
-2876
-2876
-3004
-3260
-3388
-3388
-3388
-3260
-3132
-3132
-3260
-3260
-3388
-3132
-2876
-2620
-2364
-2364
-2236
-2108
-1980
-1756
-1500
-1244
-1116
-1116
-988
-748
-524
-292
-132
-16
164
356
556
716
924
1180
1372
1372
1500
1628
1692
1820
1980
2108
2236
2108
1980
1980
2108
2236
2108
1980
1980
1980
1980
1884
1756
1692
1564
1436
1500
1500
1308
1052
1116
1372
1436
1308
1116
924
988
1116
1244
1372
1308
1180
1052
1116
1308
1308
1244
1116
1116
1116
1180
1244
1180
1116
988
924
876
812
716
652
556
460
396
196
-24
-244
-308
-292
-292
-356
-524
-780
-988
-1180
-1308
-1500
-1692
-1980
-2108
-2236
-2364
-2364
-2364
-2492
-2620
-2620
-2748
-2748
-2748
-2620
-2620
-2364
-2236
-2236
-2236
-2236
-1980
-1884
-1980
-1980
-1756
-1756
-1628
-1500
-1436
-1244
-988
-876
-780
-524
-492
-356
-164
-132
-132
164
396
244
588
620
684
812
988
1116
924
876
1116
1180
1180
1564
1372
1180
924
924
924
1052
1308
1180
988
1052
1308
1180
1244
1116
684
780
1180
1628
1692
1692
1308
1308
1500
1564
1564
1436
1372
1244
1436
1692
1692
1500
1244
1052
1180
1244
988
844
988
1116
844
588
684
684
652
460
64
-80
8
32
-8
-132
-292
-460
-460
-460
-396
-524
-924
-1372
-1436
-1116
-924
-988
-1244
-1308
-1180
-988
-844
-844
-1180
-1436
-1436
-1244
-1180
-1116
-1244
-1436
-1564
-1436
-1244
-1308
-1436
-1628
-1980
-1884
-1564
-1308
-1180
-1372
-1628
-1436
-1180
-1052
-924
-1116
-1308
-1308
-1052
-492
-196
-132
-64
-276
-40
16
16
24
228
684
812
812
684
1052
924
748
492
244
588
1116
1564
1436
1628
1308
1372
1884
1884
1372
1052
1180
1372
1628
1756
1756
1500
1436
1884
1500
924
716
684
1180
1116
1180
1116
844
1052
1244
780
356
228
244
228
148
396
588
324
88
212
196
-32
-396
-620
-372
-80
88
-228
-460
-196
24
-196
-684
-1052
-1052
-716
-684
-588
-524
-396
-196
-492
-924
-1180
-1308
-1372
-1244
-1116
-988
-924
-1244
-1564
-1884
-1980
-1884
-1980
-1820
-1756
-1692
-1692
-1564
-1564
-1692
-1884
-1980
-1692
-1372
-1308
-1436
-1372
-988
-556
-460
-524
-228
-148
-196
-180
148
428
524
588
876
1244
1308
1500
1564
1628
1884
1820
1756
1692
1500
1372
1628
2236
2108
1820
1564
1628
1372
1436
1180
844
1308
1564
1372
844
924
988
780
924
924
460
164
308
24
-132
-24
212
460
652
716
396
260
-112
-556
-396
196
212
196
428
652
684
460
148
-64
88
180
24
72
356
748
1180
1436
1308
988
876
684
356
180
132
292
620
812
684
460
148
-396
-876
-1180
-1564
-1820
-1884
-1980
-1980
-2108
-2364
-2620
-3132
-3516
-3772
-3900
-3900
-3772
-3644
-3644
-3516
-3516
-3388
-3260
-3132
-2876
-2620
-2364
-1980
-1564
-1180
-924
-684
-372
104
620
924
1116
1244
1372
1564
1820
2108
2364
2492
2492
2492
2620
2748
2748
2364
2236
2364
2492
2492
2108
1980
1820
1756
1628
1180
620
460
684
780
780
812
844
844
684
244
-180
-356
-308
-324
-228
8
80
276
716
780
396
180
-8
-148
-132
0
56
228
748
1180
1500
1756
1884
1820
1436
1052
844
988
1308
1884
2364
2492
2364
1980
1692
1244
812
492
228
-56
-196
-372
-652
-924
-1244
-1564
-1884
-2236
-2748
-3132
-3260
-3644
-3900
-4092
-4092
-4092
-4348
-4348
-4348
-4348
-4092
-3900
-3644
-3260
-2748
-2236
-1820
-1564
-1308
-988
-492
-24
428
812
1116
1436
1692
1980
1980
2108
2236
2364
2492
2492
2620
2620
2492
2236
2108
1980
1756
1564
1244
988
876
780
716
492
260
32
-228
-428
-556
-620
-556
-324
-80
-32
-132
-196
-244
-324
-340
-292
-292
-324
-244
-164
-48
72
260
428
556
524
460
372
356
428
460
652
924
1116
1372
1756
1980
2108
2108
2108
2108
2108
2236
2364
2620
2876
2876
2748
2620
2236
1980
1692
1500
1180
812
428
-8
-524
-988
-1372
-1692
-2108
-2748
-3260
-3644
-4092
-4348
-4604
-4860
-5116
-5116
-5116
-5372
-5372
-5116
-5116
-4604
-4092
-3516
-3004
-2364
-1980
-1564
-1244
-780
-212
356
812
1244
1692
2108
2492
2876
3004
3004
3004
3132
3132
3004
2876
2748
2492
2108
1884
1628
1436
1244
924
620
180
-212
-396
-428
-460
-684
-924
-1116
-1116
-1052
-988
-780
-524
-244
-40
148
260
228
120
164
180
276
428
620
844
988
1116
1180
1180
1116
988
876
844
988
1180
1244
1308
1436
1692
2108
2364
2492
2492
2236
2364
2492
2748
2876
2748
2748
2620
2620
2492
2364
2108
1756
1372
988
492
-112
-556
-924
-1436
-1980
-2492
-2876
-3260
-3644
-4092
-4604
-5116
-5372
-5372
-5628
-5628
-5372
-5372
-5116
-4860
-4604
-4092
-3644
-3132
-2620
-2236
-1564
-988
-372
228
748
1244
1692
2108
2620
3004
3260
3388
3644
3516
3388
3132
3004
2748
2492
2236
1884
1500
1180
844
524
132
-244
-492
-716
-988
-1180
-1372
-1628
-1820
-1884
-1884
-1820
-1692
-1628
-1500
-1308
-924
-356
8
228
340
308
308
356
492
524
460
460
524
684
780
844
844
844
924
988
1116
1116
1116
1052
1180
1500
1980
2364
2620
2748
2748
3004
3132
3260
3388
3260
3004
3004
3132
3132
3132
2876
2748
2492
2108
1436
844
308
-180
-716
-1244
-1820
-2236
-2620
-3132
-3388
-3772
-4092
-4348
-4860
-5116
-5372
-5372
-5116
-5116
-4860
-4348
-3900
-3388
-3004
-2620
-2236
-1692
-1116
-460
72
460
844
1244
1756
2236
2748
2876
2876
2876
2748
2748
2492
2236
1884
1436
1052
780
588
244
-164
-556
-844
-1052
-1308
-1564
-1884
-2108
-2108
-2108
-2108
-1980
-1820
-1628
-1436
-1244
-1052
-780
-492
-260
-104
148
492
780
1052
1244
1308
1244
1180
1116
988
780
716
812
924
876
924
924
1052
1116
1116
1052
1116
1180
1244
1500
1980
2364
2620
2748
3004
3260
3388
3644
3644
3516
3388
3260
3260
3132
2876
2620
2364
2236
1884
1436
876
260
-372
-1052
-1628
-2236
-2748
-3388
-4092
-4348
-4604
-4604
-4604
-4860
-5116
-5116
-5372
-5116
-4860
-4604
-4348
-3900
-3388
-2876
-2236
-1628
-1052
-460
112
716
1052
1244
1564
1756
1980
2236
2364
2492
2364
2236
1980
1820
1500
1180
844
428
72
-276
-556
-924
-1052
-1244
-1244
-1244
-1308
-1372
-1500
-1564
-1628
-1436
-1244
-1052
-924
-748
-588
-372
24
396
780
1052
1308
1500
1628
1628
1500
1244
988
876
844
876
876
780
716
716
748
812
812
684
460
324
340
588
988
1372
1628
1884
2108
2364
2620
3004
3260
3388
3644
3772
3772
3772
3644
3388
3388
3260
3132
3004
2620
1980
1308
844
356
-164
-844
-1628
-2364
-2876
-3388
-3772
-4092
-4348
-4860
-5116
-5372
-5372
-5372
-5372
-5116
-5116
-4860
-4348
-3900
-3388
-2876
-2492
-1884
-1500
-924
-324
164
556
780
988
1308
1564
1756
1820
1820
1884
1820
1628
1436
1116
780
492
196
-120
-396
-620
-924
-1180
-1116
-988
-924
-1052
-1180
-1244
-1180
-988
-844
-652
-620
-620
-492
-276
104
460
684
924
1180
1436
1692
1628
1436
1308
1052
844
716
652
460
244
96
180
396
524
588
620
620
524
556
620
748
924
1180
1436
1756
2236
2620
3132
3516
3900
4092
4348
4604
4860
4604
4604
4348
4092
4092
3772
3260
2876
2492
1980
1308
716
64
-620
-1436
-2236
-2876
-3388
-3772
-4092
-4604
-4860
-5116
-5372
-5628
-5628
-5884
-5628
-5628
-5372
-4860
-4604
-4092
-3644
-3132
-2620
-2108
-1756
-1244
-588
-96
228
396
748
988
1244
1308
1244
1372
1372
1308
1180
1052
988
780
556
260
196
0
-196
-460
-588
-460
-460
-428
-492
-372
-212
-196
-164
-56
164
196
196
276
372
556
748
924
1116
1308
1436
1436
1308
1180
924
524
212
56
-64
-244
-340
-276
-132
-40
96
212
340
428
524
620
748
924
1116
1372
1692
1980
2364
2748
3132
3644
4092
4348
4348
4348
4604
4604
4604
4348
4092
3772
3516
3004
2492
1980
1436
876
88
-588
-1180
-1820
-2492
-3260
-3772
-4092
-4348
-4860
-5116
-5372
-5372
-5628
-5628
-5628
-5372
-5116
-4860
-4604
-4092
-3644
-3260
-2748
-2236
-1564
-1052
-588
-88
356
652
876
1116
1372
1564
1564
1436
1436
1564
1628
1500
1308
1116
924
652
396
292
196
-8
-228
-324
-308
-244
-340
-460
-460
-308
-180
-148
-196
-292
-340
-324
-180
64
148
96
196
460
780
1052
1180
1052
988
844
620
428
276
96
-164
-292
-180
32
228
340
460
652
924
1180
1244
1244
1180
1180
1244
1500
1884
2236
2492
2620
2876
3260
3644
3900
3900
3900
3900
4092
3900
3516
3132
2876
2492
2108
1564
1052
524
-196
-924
-1500
-1820
-2364
-2876
-3388
-3772
-3900
-4092
-4348
-4604
-4860
-4860
-5116
-5116
-4860
-4604
-4348
-4348
-3900
-3388
-2876
-2492
-2108
-1692
-1244
-876
-492
-48
524
812
924
988
1116
1372
1308
1180
1052
1116
1116
1052
988
876
748
460
356
244
228
-24
-428
-556
-524
-292
-428
-460
-492
-396
-244
-180
-16
120
228
104
164
324
460
556
652
844
1116
1372
1436
1436
1372
1308
1116
876
684
524
244
-16
-88
72
228
292
428
716
988
1116
1180
1116
1116
1052
988
1116
1244
1436
1756
1980
2364
2620
2876
3132
3260
3260
3132
3004
3132
3132
3004
2620
2236
2108
1756
1308
748
340
-96
-652
-1244
-1756
-1980
-2364
-2748
-3132
-3260
-3388
-3644
-4092
-4092
-4092
-4348
-4348
-4604
-4604
-4348
-4348
-4092
-3772
-3388
-2876
-2620
-2236
-1756
-1372
-924
-684
-324
0
112
164
148
276
396
492
524
492
524
524
588
492
492
428
324
180
-32
-16
-40
0
8
40
164
244
396
396
492
620
748
844
876
988
988
1052
1116
1180
1244
1308
1372
1372
1372
1436
1372
1180
924
620
396
212
88
24
-40
-148
-96
64
276
492
556
620
652
684
748
844
924
988
1052
988
1116
1436
1820
2108
2236
2492
2748
3004
3004
3132
3132
3260
3132
3132
3004
2876
2492
2108
1820
1436
924
372
-148
-556
-876
-1244
-1692
-1980
-2364
-2620
-2876
-3132
-3516
-3900
-4348
-4604
-4604
-4860
-4860
-4604
-4604
-4348
-4092
-3900
-3644
-3132
-2748
-2364
-2108
-1884
-1692
-1500
-1308
-1116
-924
-652
-396
-120
-8
260
428
588
620
684
780
780
844
780
844
876
876
876
924
988
1052
1180
1180
1244
1308
1308
1308
1244
1244
1180
1180
1180
1244
1180
1052
1052
1052
1052
924
844
716
524
340
148
-56
-244
-396
-428
-492
-556
-524
-428
-396
-292
-148
-56
72
164
292
428
620
844
1052
1372
1564
1628
1820
2108
2492
2748
3004
3260
3260
3516
3516
3644
3772
3644
3516
3260
3004
2748
2364
1884
1308
780
196
-396
-876
-1244
-1628
-1980
-2364
-2620
-2876
-3260
-3772
-4092
-4348
-4604
-4860
-4860
-5116
-5116
-5116
-4860
-4604
-4348
-3900
-3644
-3388
-2876
-2364
-1980
-1564
-1244
-988
-652
-396
-16
308
620
844
1116
1372
1628
1820
1884
1820
1756
1756
1692
1628
1564
1436
1308
1244
1180
1180
1116
988
844
716
684
588
428
244
228
164
148
212
164
132
32
-64
-96
-104
-180
-276
-340
-372
-340
-308
-372
-372
-396
-492
-556
-524
-372
-212
-164
-112
40
276
588
876
1116
1436
1628
1820
1980
2236
2364
2620
2748
2876
3004
3132
3260
3260
3388
3516
3516
3388
3260
3132
2876
2620
2236
1820
1372
924
396
-80
-460
-716
-1052
-1436
-1820
-2108
-2364
-2748
-3004
-3260
-3516
-3900
-4092
-4092
-4348
-4348
-4604
-4348
-4348
-3900
-3644
-3260
-3004
-2492
-2236
-1884
-1564
-1244
-988
-812
-588
-308
-64
132
324
460
652
812
924
988
988
1052
988
924
812
748
684
492
308
180
104
56
32
16
-16
-32
-48
-80
-8
56
0
-72
-88
-16
0
-16
-8
0
-32
-72
-88
-40
64
180
228
196
292
372
356
372
492
588
652
556
556
652
780
924
1052
1180
1244
1436
1628
1884
2108
2236
2364
2236
2236
2364
2364
2364
2364
2236
2236
2236
2236
2236
2108
1980
1884
1692
1436
1052
716
356
-16
-356
-652
-988
-1244
-1500
-1756
-1820
-1884
-1980
-2108
-2236
-2364
-2492
-2620
-2620
-2620
-2620
-2620
-2492
-2364
-2236
-2108
-1980
-1756
-1500
-1244
-1052
-924
-876
-812
-748
-620
-460
-356
-276
-244
-196
-196
-164
-104
-80
-64
-56
-56
-72
-56
-112
-148
-148
-148
-148
-148
-104
8
104
164
228
260
196
148
112
112
180
196
196
164
180
260
292
324
372
396
372
356
324
340
340
260
228
276
260
228
180
196
244
292
428
556
652
716
876
988
1052
1244
1372
1500
1564
1564
1628
1628
1628
1628
1564
1500
1500
1564
1564
1500
1436
1308
1244
1116
988
876
620
340
96
-88
-276
-460
-588
-748
-876
-988
-988
-988
-988
-1052
-1116
-1116
-1116
-1180
-1244
-1244
-1244
-1244
-1244
-1244
-1116
-1052
-1052
-988
-876
-812
-780
-780
-812
-844
-812
-876
-988
-1052
-1180
-1244
-1244
-1116
-1116
-1052
-924
-924
-844
-780
-652
-620
-620
-588
-588
-524
-396
-276
-180
-120
16
164
228
308
396
460
460
492
492
556
588
556
556
556
524
524
556
556
588
556
492
492
492
524
524
460
396
396
356
356
428
460
492
524
556
652
844
924
1052
1116
1244
1372
1436
1500
1564
1564
1500
1500
1436
1436
1372
1308
1244
1180
1180
1180
1052
988
924
748
620
428
244
104
-120
-276
-340
-396
-460
-492
-492
-492
-428
-460
-492
-492
-588
-684
-812
-924
-1052
-1180
-1244
-1308
-1372
-1436
-1436
-1500
-1564
-1564
-1628
-1756
-1884
-1980
-2108
-2108
-2108
-2108
-2108
-1980
-1980
-1884
-1756
-1628
-1436
-1244
-1052
-876
-780
-684
-524
-308
-132
16
132
260
324
492
684
780
924
924
988
1052
1116
1180
1116
1052
988
924
876
876
924
844
780
748
716
684
652
524
428
324
180
88
-8
-64
-64
-56
-24
64
180
260
372
460
588
716
812
924
924
924
988
1052
1180
1244
1244
1244
1244
1372
1436
1436
1436
1436
1436
1372
1372
1436
1372
1244
1116
988
844
684
588
460
372
292
196
112
112
72
16
-24
-120
-212
-396
-620
-876
-1052
-1180
-1308
-1308
-1372
-1436
-1500
-1500
-1500
-1500
-1500
-1564
-1628
-1692
-1756
-1820
-1820
-1884
-1884
-1756
-1692
-1564
-1372
-1308
-1244
-1180
-1052
-924
-780
-716
-716
-652
-524
-428
-340
-244
-196
-148
-48
24
132
180
228
292
292
260
260
260
244
212
164
120
104
112
88
80
80
132
228
340
372
324
260
164
112
88
80
64
104
148
244
372
460
556
652
748
876
988
1052
1180
1244
1180
1180
1308
1308
1372
1372
1372
1436
1436
1436
1372
1500
1500
1564
1500
1436
1308
1244
1116
988
876
716
556
396
276
148
40
-72
-148
-244
-396
-492
-588
-684
-780
-844
-988
-1116
-1244
-1308
-1372
-1372
-1244
-1308
-1308
-1308
-1244
-1244
-1180
-1116
-1116
-1116
-1116
-1052
-988
-988
-924
-812
-780
-652
-556
-524
-460
-396
-396
-372
-324
-292
-244
-212
-196
-212
-120
-72
-16
48
96
132
164
164
148
180
132
48
0
-24
0
-24
-24
0
-16
-40
-32
-32
-32
0
-16
-64
-32
-8
-8
-56
-88
-56
-80
-64
-56
-24
56
148
228
356
524
684
748
876
988
1116
1180
1180
1244
1308
1372
1372
1436
1372
1308
1308
1308
1308
1308
1372
1372
1308
1308
1180
1116
1052
844
716
556
396
228
104
-40
-180
-292
-396
-492
-588
-684
-748
-812
-844
-924
-988
-1116
-1180
-1180
-1244
-1244
-1308
-1308
-1308
-1244
-1180
-1180
-1116
-1052
-988
-988
-1052
-1052
-1116
-1116
-988
-924
-812
-748
-716
-684
-620
-428
-340
-308
-292
-340
-324
-324
-244
-148
-96
-40
0
56
104
164
196
212
212
196
164
148
196
180
196
228
196
164
164
180
212
196
228
180
132
164
164
180
180
148
72
56
48
48
80
196
244
276
356
492
588
620
620
652
716
748
812
876
924
988
1052
1052
988
988
988
988
924
844
812
812
780
780
812
780
716
620
556
460
372
244
88
-40
-164
-244
-276
-260
-228
-212
-228
-260
-276
-292
-356
-396
-460
-524
-620
-652
-716
-684
-716
-684
-652
-620
-588
-620
-652
-620
-588
-556
-556
-556
-588
-556
-492
-428
-340
-292
-292
-244
-212
-196
-164
-132
-148
-132
-88
-48
-24
-16
32
104
148
212
196
164
164
132
56
-16
-32
-88
-148
-228
-276
-308
-276
-260
-292
-292
-372
-372
-396
-460
-492
-556
-588
-620
-620
-620
-588
-588
-556
-492
-428
-324
-228
-180
-148
-96
-16
56
164
244
340
492
588
652
684
684
716
716
716
716
716
684
620
652
652
620
652
588
588
588
588
556
492
396
292
276
260
244
196
180
148
132
132
148
112
48
24
-8
-16
-16
-40
-72
-88
-96
-132
-104
-132
-104
-64
-32
0
-32
-56
-88
-96
-96
-80
-48
-24
-24
0
0
32
112
148
212
244
244
260
276
244
212
148
164
228
260
308
324
308
292
292
244
180
104
-8
-104
-180
-244
-260
-308
-340
-356
-356
-372
-428
-460
-492
-588
-588
-652
-684
-684
-652
-620
-556
-460
-428
-396
-356
-292
-244
-196
-148
-132
-112
-88
-72
-24
40
80
88
132
132
104
96
56
40
-32
-88
-148
-164
-196
-244
-228
-228
-260
-292
-292
-276
-276
-260
-228
-228
-276
-260
-196
-148
-96
-48
8
40
96
148
196
180
164
180
180
164
164
212
180
164
148
148
148
180
180
120
88
104
164
180
244
260
260
228
228
244
260
292
324
396
460
492
492
492
492
492
524
556
620
652
588
556
524
524
524
492
396
308
180
88
0
-8
-80
-120
-132
-180
-244
-276
-276
-292
-356
-396
-428
-428
-428
-428
-396
-372
-356
-308
-244
-196
-180
-148
-120
-96
-48
-32
-64
-88
-96
-56
0
56
32
-96
-228
-276
-244
-196
-180
-180
-260
-308
-308
-276
-212
-180
-212
-196
-164
-148
-96
-40
0
56
96
148
212
244
276
260
228
260
324
396
372
324
260
228
228
212
196
180
80
0
-48
-64
-120
-196
-276
-356
-356
-324
-324
-356
-372
-396
-396
-372
-396
-396
-396
-372
-372
-340
-276
-196
-112
-72
-24
24
80
112
148
132
132
180
244
308
340
396
340
308
292
276
260
212
196
180
132
96
88
72
24
8
0
0
0
-8
-24
-72
-88
-88
-72
-64
-56
-40
-16
0
40
104
96
72
64
16
-8
-16
-24
-96
-132
-132
-104
-64
-104
-104
-164
-164
-148
-164
-164
-148
-196
-196
-132
-80
0
72
132
164
260
340
396
460
428
428
460
460
460
460
460
460
460
492
492
524
460
356
324
308
292
212
72
-32
-132
-164
-212
-276
-340
-396
-460
-492
-492
-460
-524
-524
-492
-460
-396
-356
-324
-260
-212
-164
-48
8
8
-8
0
40
112
212
276
292
292
292
324
356
340
324
324
292
260
196
180
104
32
24
0
-8
-8
-80
-164
-212
-212
-196
-196
-212
-276
-340
-356
-396
-428
-428
-460
-492
-524
-556
-524
-524
-588
-588
-588
-588
-588
-556
-556
-556
-492
-492
-428
-396
-396
-428
-372
-308
-244
-148
-56
0
80
180
228
292
340
396
460
524
556
620
652
652
684
716
748
748
748
748
716
684
652
588
492
396
324
276
196
148
96
56
16
-40
-112
-180
-244
-276
-292
-292
-308
-308
-292
-292
-244
-180
-148
-72
32
104
132
148
212
260
292
372
428
428
460
428
428
428
428
428
396
340
324
308
324
324
276
244
180
132
132
132
104
64
40
0
-56
-112
-132
-164
-196
-196
-228
-260
-308
-340
-340
-356
-396
-428
-396
-396
-396
-396
-428
-492
-460
-460
-428
-460
-428
-396
-460
-428
-340
-292
-292
-260
-228
-180
-104
-40
0
40
64
104
148
180
260
276
340
340
372
372
324
276
228
228
212
180
164
132
72
48
0
-80
-148
-228
-340
-428
-492
-556
-620
-620
-620
-588
-588
-588
-588
-588
-620
-588
-556
-524
-460
-372
-244
-164
-104
-32
40
148
212
276
340
356
372
428
492
524
524
556
556
556
588
620
652
652
652
588
556
524
492
396
292
244
196
164
164
148
132
96
48
0
-40
-72
-104
-148
-164
-164
-148
-148
-132
-104
-104
-148
-180
-180
-132
-112
-72
-24
-8
24
48
120
180
180
196
196
148
180
212
260
276
244
244
276
308
340
428
492
492
524
524
524
460
340
276
228
196
164
104
40
-16
-72
-132
-148
-212
-276
-340
-428
-492
-588
-620
-652
-684
-716
-716
-684
-684
-652
-684
-684
-716
-716
-716
-684
-620
-588
-524
-492
-428
-372
-308
-244
-196
-120
-64
-24
0
48
104
164
228
244
244
276
292
292
324
340
372
396
396
372
340
292
228
212
148
104
96
40
0
-8
-32
-48
-48
-64
-96
-80
-112
-120
-104
-88
-104
-96
-64
-48
0
16
40
32
24
40
32
64
148
196
196
196
228
244
276
308
340
356
356
356
340
340
356
340
276
276
292
308
292
260
260
276
244
164
96
24
-40
-64
-80
-80
-112
-132
-164
-212
-212
-228
-212
-196
-212
-212
-228
-260
-244
-196
-180
-148
-148
-164
-196
-212
-164
-148
-80
-48
-48
-56
-64
-112
-132
-120
-112
-72
-32
16
80
112
148
196
212
212
228
180
148
132
104
104
104
120
120
112
56
0
-24
-64
-88
-148
-164
-164
-212
-228
-212
-228
-212
-196
-212
-196
-180
-212
-228
-228
-196
-164
-148
-148
-148
-132
-56
0
56
80
88
56
80
104
132
164
164
180
228
260
276
324
340
372
372
372
356
324
308
276
212
164
148
132
112
96
80
24
-24
-72
-104
-132
-148
-196
-244
-260
-228
-228
-260
-244
-228
-244
-228
-196
-196
-212
-228
-244
-260
-276
-292
-260
-260
-260
-244
-244
-228
-228
-212
-228
-228
-228
-228
-260
-276
-260
-228
-148
-148
-96
-40
-32
-32
-24
8
32
56
80
120
180
196
164
180
180
180
212
228
244
276
276
276
276
276
260
244
276
244
196
164
148
132
148
148
164
180
196
212
212
180
196
212
228
244
276
308
324
356
396
428
428
428
396
396
428
428
428
396
340
324
260
196
164
120
96
64
32
0
-32
-72
-112
-132
-164
-212
-276
-292
-324
-372
-396
-396
-372
-396
-396
-428
-428
-372
-308
-276
-308
-324
-372
-396
-372
-340
-276
-292
-308
-292
-292
-308
-308
-308
-324
-308
-324
-324
-324
-340
-356
-340
-356
-372
-356
-324
-292
-260
-228
-228
-228
-228
-212
-212
-164
-132
-80
-56
-8
64
120
164
196
212
196
244
292
292
292
292
244
244
276
292
308
260
244
228
212
212
228
212
212
196
148
132
132
132
148
180
196
212
212
228
212
228
212
228
260
260
244
228
244
244
276
276
244
196
180
164
148
132
112
64
32
32
40
64
24
8
16
16
0
-16
-16
-72
-120
-112
-132
-104
-80
-88
-72
-72
0
24
40
8
-16
-16
-16
-32
-16
0
-24
-40
-88
-80
-48
-72
-88
-104
-132
-148
-164
-196
-228
-276
-276
-244
-212
-228
-244
-260
-276
-276
-244
-260
-244
-196
-164
-164
-120
-96
-112
-104
-72
-16
24
88
104
96
104
48
40
88
88
96
112
64
56
48
56
56
32
0
-24
-48
-88
-112
-120
-132
-104
-64
-48
-48
-40
-48
-16
24
64
88
96
88
88
112
132
164
132
164
196
228
212
244
276
244
276
276
228
212
180
164
164
164
132
148
132
104
88
80
56
32
48
40
24
8
-32
-56
-48
-48
-16
0
0
-32
-88
-132
-148
-164
-148
-132
-148
-148
-164
-180
-180
-180
-164
-196
-196
-180
-180
-180
-196
-212
-228
-228
-244
-260
-260
-212
-164
-132
-120
-80
-72
-64
-88
-56
-16
-40
-8
24
64
148
212
228
244
244
228
212
212
196
196
212
212
196
180
164
120
104
80
56
8
-16
-48
-56
-56
-48
-64
-120
-148
-148
-180
-180
-148
-132
-120
-96
-104
-104
-64
-56
-48
-48
-40
0
0
24
56
96
132
132
180
228
228
228
260
244
244
212
196
196
180
148
88
56
32
0
0
-24
-32
-72
-104
-120
-120
-120
-132
-132
-132
-132
-164
-164
-164
-180
-196
-180
-164
-148
-148
-148
-132
-132
-120
-64
-40
0
32
24
48
40
32
24
24
24
16
24
32
24
16
0
24
48
40
32
0
16
32
48
72
120
132
120
96
120
180
196
212
196
180
180
164
148
148
132
88
48
0
0
-16
-72
-148
-164
-164
-164
-132
-104
-148
-164
-196
-244
-212
-196
-164
-132
-120
-104
-48
0
48
104
148
148
164
180
164
196
228
212
244
228
212
244
260
260
260
260
244
212
196
132
120
104
72
64
56
8
-16
-40
-56
-88
-96
-148
-164
-180
-196
-180
-164
-164
-180
-212
-212
-212
-196
-132
-132
-132
-112
-104
-132
-164
-164
-148
-132
-120
-104
-88
-96
-80
-88
-72
-64
-88
-96
-112
-148
-180
-196
-180
-164
-148
-148
-132
-112
-96
-112
-104
-72
-72
-48
-32
-24
-16
-24
-32
-16
-8
16
40
48
24
24
48
32
48
48
24
0
-32
-24
-24
-16
-32
0
8
8
-16
-24
-32
-16
24
56
104
120
120
132
148
180
212
228
228
244
260
260
276
308
308
308
292
292
292
292
276
260
276
244
212
196
180
180
180
132
112
88
32
-8
-48
-24
-8
-8
-24
-56
-88
-112
-96
-120
-120
-132
-132
-132
-96
-80
-56
0
16
64
80
80
64
48
16
16
32
0
-16
-24
-40
-64
-64
-56
-56
-48
-40
-48
-64
-56
-88
-132
-180
-196
-196
-228
-228
-228
-260
-292
-276
-228
-180
-148
-164
-180
-196
-212
-196
-148
-132
-112
-120
-148
-148
-132
-164
-164
-212
-212
-228
-244
-244
-260
-244
-244
-212
-148
-148
-132
-148
-148
-164
-132
-72
-72
-32
-32
0
0
16
64
104
164
212
244
260
276
324
340
372
396
396
428
372
372
372
324
308
340
324
292
260
228
212
180
180
180
148
148
148
148
164
132
104
88
48
32
40
56
64
48
56
80
96
120
132
132
132
120
132
104
72
48
24
16
8
8
0
0
-16
-32
-48
-64
-112
-104
-96
-148
-148
-164
-164
-196
-180
-180
-164
-148
-132
-132
-132
-132
-112
-132
-120
-88
-112
-132
-132
-132
-96
-64
-48
-48
-56
-88
-112
-112
-112
-88
-88
-120
-148
-196
-212
-212
-196
-196
-180
-196
-164
-132
-132
-112
-96
-88
-96
-104
-96
-64
-8
0
32
64
56
72
96
132
132
120
112
72
56
48
88
112
120
148
112
132
104
88
72
24
0
-8
0
8
24
40
64
24
16
24
32
24
32
24
-8
-24
-16
16
48
64
64
64
72
96
132
132
132
132
132
104
64
32
40
40
8
48
56
72
56
48
80
80
40
16
-40
-80
-64
-72
-56
-40
-24
-24
-32
-24
16
0
-24
-24
-40
-48
-48
-32
0
16
0
-16
16
24
-16
-56
-72
-80
-112
-132
-112
-112
-132
-148
-132
-120
-120
-132
-132
-132
-120
-96
-64
-48
-48
-48
-48
-64
-56
-24
0
24
24
48
80
96
112
120
104
120
132
164
180
164
148
148
164
164
212
244
