SAMPLES:	6909
BITSPERSAMPLE:	16
CHANNELS:	1
SAMPLERATE:	16000
NORMALIZED:	FALSE
-16
-16
-16
-8
-8
-8
-8
-8
-8
0
0
0
0
0
0
0
0
0
0
0
0
0
8
0
0
0
8
8
8
8
8
8
8
0
0
0
8
8
8
8
8
8
8
0
8
8
8
8
8
8
0
0
0
8
8
0
0
0
0
0
0
0
0
0
0
0
0
0
0
8
8
0
8
0
0
0
0
0
0
0
0
0
0
0
0
0
0
0
0
0
0
0
0
0
0
0
0
0
0
0
0
0
0
0
0
0
8
0
0
0
0
0
0
0
0
0
0
0
8
8
8
8
8
8
8
8
8
8
0
0
8
8
8
8
8
8
8
8
8
0
8
8
0
8
0
0
0
0
0
0
0
0
0
0
0
-8
-8
-8
-16
-8
-8
-8
-8
-16
-8
-8
-16
-8
-16
-16
-16
-16
-16
-16
-16
-16
-16
-16
-16
-16
-16
-16
-16
-8
-8
-8
-8
-8
-8
-16
-16
-16
-16
-16
-16
-16
-16
-8
-8
-8
-8
-8
-8
-8
-8
-8
-16
-8
0
0
0
0
0
0
0
0
0
-8
-8
-8
0
0
8
8
8
8
8
0
0
0
0
0
0
8
16
8
8
8
16
16
24
24
24
24
24
16
16
24
24
32
32
32
24
24
16
16
24
24
32
32
32
24
24
16
16
16
16
16
8
8
16
8
8
16
8
16
24
24
16
8
16
8
0
0
0
0
-8
0
0
0
0
0
0
0
0
-8
-8
-8
-8
0
-8
-8
-8
-8
-8
-8
0
-8
-8
-8
-8
-16
-16
-16
-16
-16
-8
-8
-8
-8
-8
-16
-16
-24
-24
-16
-16
-8
-16
-16
-16
-16
-16
-16
-16
-24
-16
-16
-8
-8
-8
-8
0
0
-8
-8
-16
-16
-16
-16
-16
-8
-8
-8
-8
0
-8
-8
0
0
0
0
0
0
0
0
0
0
0
0
0
0
8
8
8
8
8
8
0
0
0
0
0
8
8
0
0
0
0
0
0
0
0
0
0
0
8
0
8
8
0
0
0
-8
-8
-8
-8
-16
0
0
-8
0
0
0
0
0
0
0
0
0
0
0
0
0
0
0
8
8
8
8
8
8
8
16
16
16
16
16
16
16
16
16
16
16
8
16
8
8
16
16
16
16
16
16
16
16
16
16
8
8
8
8
8
8
8
8
0
0
0
0
0
0
8
8
8
0
8
0
0
0
0
-8
0
0
0
0
0
-8
-8
-8
-8
-8
0
0
0
0
0
24
72
32
-8
-40
-64
-72
-80
-40
8
16
-8
-40
-72
-8
24
-40
8
32
-24
-96
-96
-64
-40
-32
-24
-16
-24
-40
-24
0
-24
-16
-24
-24
0
0
-16
8
8
-24
-8
24
0
-32
-32
8
8
-24
-8
16
40
-8
0
64
64
0
0
0
0
-32
-64
-16
16
16
8
8
48
16
0
32
40
24
0
-8
8
0
0
40
40
24
24
48
40
24
24
24
8
8
24
24
32
40
32
24
48
40
24
40
48
24
24
32
24
16
0
16
48
8
32
40
24
8
0
8
0
8
0
0
8
0
8
0
0
0
0
-16
-8
-24
-32
-32
-24
-32
-24
-16
-24
-24
-40
-48
-16
72
8
-48
-40
-56
-40
-88
-80
0
-56
-96
-104
-120
-88
-56
16
24
16
0
-104
-104
-48
-72
-32
40
24
-8
-8
-8
-48
-56
0
0
8
16
-8
-8
-32
-56
0
56
48
48
32
24
0
-88
-64
0
0
-8
40
64
16
0
8
24
8
8
-8
8
24
-48
-24
16
-8
0
56
80
40
16
32
0
-16
8
0
16
40
16
24
48
48
8
8
40
8
8
16
16
16
16
24
40
72
48
0
24
32
8
0
8
16
32
48
40
48
64
16
-16
16
16
-8
0
-8
16
32
-8
8
40
8
-24
0
16
-8
-24
-40
-48
0
0
-24
48
72
0
-32
0
-48
-56
-24
-24
-8
-8
-32
-24
16
8
-40
0
0
-24
8
0
-56
-16
-8
-16
16
40
40
0
16
0
-56
0
0
-16
8
24
0
-24
-8
-24
-72
-32
0
-32
-56
-72
-104
-104
-40
0
0
16
-16
0
0
-40
-16
-8
-32
-16
0
8
0
16
-8
-8
40
0
-8
16
0
-24
0
24
32
0
0
16
24
24
16
24
40
16
16
40
56
48
24
32
32
8
0
-8
0
8
8
24
40
40
16
-32
0
24
-16
-8
8
-8
-40
-24
0
0
16
16
-8
-16
-40
-64
-48
-24
-24
-8
8
8
0
-16
-32
-24
0
0
8
16
0
-16
-24
0
24
8
8
8
0
-16
-32
-16
0
-16
-8
0
8
0
0
8
40
48
32
32
16
0
0
40
64
56
32
32
40
40
32
32
32
32
16
32
48
24
0
8
24
24
32
24
0
8
-16
-8
32
24
24
24
16
0
-16
-16
-24
-32
-32
-24
-24
-40
-56
-64
-56
-48
-40
-32
-56
-72
-96
-104
-80
-72
-64
-48
-24
-16
-32
-40
-72
-104
-112
-112
-80
-64
-48
-24
-24
-32
-32
-32
-16
-24
-40
-56
-48
-56
-40
-16
-8
24
40
32
24
8
8
0
8
48
72
72
72
72
72
56
56
80
80
72
72
72
80
64
64
72
64
72
56
72
104
96
112
104
112
96
56
80
80
72
72
80
88
56
32
24
16
16
8
16
24
8
8
8
0
-16
-32
-40
-16
-16
-16
-8
-16
-32
-48
-16
-8
-16
-32
-48
-40
-40
-32
-40
-40
-32
-56
-40
-16
-16
-8
-16
-8
0
0
0
0
-8
-8
0
-8
-16
-16
-40
-72
-32
-16
-40
-40
-64
-56
-48
-40
-8
0
8
-24
-32
-16
-40
-32
-8
0
16
0
0
0
0
0
32
56
56
48
24
8
8
0
0
0
-8
-40
-48
-56
-56
-56
-72
-48
-48
-64
-80
-72
-80
-104
-104
-112
-112
-132
-132
-104
-112
-132
-120
-104
-80
-88
-64
-40
-48
-48
-32
-8
0
0
24
32
32
40
32
40
40
64
64
48
56
56
48
64
80
64
16
8
0
-16
24
48
40
24
8
16
8
16
56
72
72
64
56
64
88
112
132
180
196
196
212
244
276
292
308
308
308
308
324
396
428
428
396
396
428
428
460
492
492
492
428
396
372
308
228
180
132
40
-80
-180
-292
-396
-492
-588
-620
-716
-812
-924
-988
-1116
-1180
-1180
-1180
-1180
-1180
-1244
-1244
-1180
-1116
-1052
-924
-844
-780
-716
-620
-492
-428
-324
-196
-96
0
80
132
196
276
308
356
396
460
492
524
524
492
460
460
428
396
460
492
492
492
460
428
396
372
356
372
356
308
340
356
340
396
396
396
428
524
684
748
924
1308
1692
1980
1884
2108
2236
1980
1564
1244
1884
2492
2492
1884
1500
1244
524
8
64
428
396
-428
-1180
-1884
-2620
-3260
-3388
-3004
-2876
-3388
-4092
-4604
-5116
-5372
-5372
-4604
-4092
-3900
-3644
-3388
-3132
-3132
-3004
-2108
-1116
-588
-40
428
372
64
132
1180
2748
3644
4092
4092
3260
2236
1980
2364
3260
3772
3772
3260
2236
748
-120
72
812
1500
1564
748
-524
-1756
-2364
-1692
-716
-244
-164
-396
-988
-1500
-1820
-1692
-1052
-324
460
988
748
-132
-924
-1052
-396
492
1052
924
308
-588
-988
-780
-308
132
260
524
492
164
-88
-276
-16
428
988
1628
1980
2364
2876
3388
4092
4860
4604
3772
3388
3900
5116
5884
5884
4860
4092
3388
2748
2492
2748
3004
2492
1052
-428
-1628
-2492
-3004
-3260
-3132
-3388
-4348
-5372
-6140
-6652
-7164
-7164
-6908
-6396
-6140
-6140
-6140
-6140
-5884
-5372
-4604
-3516
-2876
-2620
-2492
-2364
-1884
-1116
-112
988
1884
2364
2620
2876
3260
3772
3644
3388
3644
3900
3900
3260
2620
2364
2236
1628
1244
1244
924
148
-396
-340
-372
-988
-1628
-1564
-1180
-1180
-1372
-1436
-1436
-1692
-1692
-1244
-588
-588
-988
-876
-356
0
32
24
48
40
32
308
588
460
212
308
716
1052
1052
988
876
988
1308
1756
2108
1980
1756
1628
1820
2364
3132
3772
4348
4604
5372
5628
5372
4092
3388
4604
6140
6908
6652
5628
4860
3516
2364
2236
3004
3644
2876
1436
-292
-1820
-3004
-3644
-3388
-3004
-3388
-4092
-5372
-6140
-7164
-7932
-7676
-7164
-6652
-6396
-6140
-6140
-6652
-6908
-6396
-5372
-4092
-3388
-3132
-3132
-3260
-2876
-2108
-988
8
716
1244
1820
2236
2108
1820
1500
2236
3388
4092
3772
2876
1980
1308
812
924
1628
2364
1692
524
-260
-684
-988
-1116
-652
72
80
-620
-1052
-1116
-1308
-1436
-924
88
684
524
0
-132
-228
-340
132
988
1628
1564
1180
844
684
556
684
1244
1692
1756
1628
1436
1116
876
988
1564
2108
2364
2236
1980
1628
1500
1756
2108
2364
2620
2876
3260
3388
3388
3772
4092
3772
3132
2620
3004
3900
4348
3900
3260
2876
2364
1500
924
988
1372
1180
428
-684
-1756
-2620
-3132
-3132
-3004
-3260
-3772
-4348
-4860
-5116
-5628
-5884
-5884
-5628
-5372
-4860
-4604
-4860
-5116
-5372
-4860
-4092
-3388
-2876
-2748
-2876
-2748
-2364
-1692
-1052
-620
-180
244
716
1180
1564
1564
1308
1436
1884
2620
3132
3132
2876
2492
2108
1820
1980
2364
2364
2236
1820
1308
876
620
556
620
684
716
556
212
-260
-620
-684
-652
-492
-292
-64
-180
-492
-652
-652
-524
-460
-276
-148
-56
-120
-324
-64
-8
-32
96
428
876
1116
1244
1244
1308
1308
1372
1692
1980
2108
2108
2108
2108
1884
1820
1980
1980
1980
1980
2236
2492
2364
2236
2236
2748
2876
2492
1756
1436
1692
2108
2236
1980
1756
1308
780
324
96
396
684
396
-396
-1244
-1756
-1980
-2236
-2492
-2748
-3004
-3260
-3516
-3900
-4348
-4604
-4860
-4860
-4604
-4348
-3900
-3900
-4092
-4348
-4348
-3900
-3516
-3132
-2748
-2620
-2492
-2236
-1820
-1372
-1052
-652
56
924
1308
1308
1116
1308
1820
2236
2492
3004
3388
3132
2620
2236
2364
2620
2620
2492
2364
2108
1436
844
684
620
396
96
-8
-96
-372
-988
-1244
-1116
-1052
-924
-524
-372
-748
-876
-924
-924
-716
-428
132
340
64
8
588
812
524
844
1564
1820
1692
1628
2108
2364
1980
1884
2492
3260
2748
1980
2364
2876
2492
1980
2364
2620
2492
1980
1980
2492
2492
1884
1980
2620
2620
1628
684
812
1564
1884
1564
1372
1180
556
-356
-812
-428
48
-88
-876
-1884
-2492
-2876
-3132
-3388
-3388
-3388
-3900
-4348
-4604
-4604
-5116
-5372
-5372
-5116
-4860
-4604
-4348
-4604
-4860
-4860
-4348
-3516
-3004
-2620
-2492
-2364
-2108
-1564
-812
-260
72
556
1180
1756
1980
2108
2364
2748
3004
3260
3516
3644
3388
3004
2748
2748
2748
2492
2236
1980
1628
1308
924
620
396
244
80
-24
-212
-460
-524
-556
-588
-260
260
492
180
-88
180
308
228
396
844
1180
812
652
1052
1564
1436
876
1180
1980
1980
1372
1436
1884
1884
1244
1244
1980
2364
1628
780
1052
1628
1564
1052
988
1116
1116
1052
1244
1820
1980
1756
1820
2236
1980
988
396
1052
1980
2236
1884
1500
1180
524
-396
-588
308
876
292
-876
-1884
-2364
-2620
-2748
-2620
-2620
-2876
-3644
-4348
-4604
-4604
-4860
-4860
-4604
-4092
-3900
-3900
-4092
-4348
-4604
-4092
-3388
-2492
-2236
-2364
-2620
-2364
-1884
-1052
-88
556
748
588
588
1052
1436
1692
1980
2492
2876
2620
1980
1628
1564
1564
1564
1884
1980
1436
460
-340
-340
16
32
-180
-396
-652
-988
-1308
-1244
-1052
-988
-924
-492
-88
-88
-88
8
-40
260
1052
1820
1756
1052
924
1628
1980
1628
1884
2620
2876
2108
1756
2364
3132
2620
1756
2236
3132
2876
1980
1692
1980
1980
1372
1628
2364
1980
988
748
1052
1500
1628
1564
1628
1884
1980
1884
1820
1180
588
924
1884
2364
2108
1564
1052
556
-48
-340
88
716
620
-340
-1500
-2236
-2492
-2364
-2236
-2492
-2748
-3260
-4092
-4604
-4604
-4604
-4604
-4604
-4604
-4348
-4092
-4348
-4860
-4604
-4348
-3644
-3004
-2492
-2492
-2748
-2748
-2108
-1116
-132
308
196
24
292
1052
1628
1820
1980
2236
2620
2364
2108
1980
1820
1756
1564
1564
1500
1052
428
-16
0
104
48
-228
-524
-812
-1116
-1308
-1372
-1180
-988
-780
-556
-428
-428
-428
-276
96
588
924
988
1052
988
924
1372
1692
1820
1820
1980
1980
1756
1820
1980
2364
2492
1820
1500
1692
1756
1372
1308
1692
1884
1564
1052
780
1052
988
684
924
1564
1980
1692
1628
2108
2748
2620
1820
1308
1820
2748
3132
2748
2364
2236
1692
1052
876
1436
2108
1628
324
-876
-1564
-1884
-1820
-1628
-1628
-2236
-3260
-4092
-4348
-4604
-4604
-4604
-4604
-4604
-4604
-4348
-4604
-4604
-4860
-4348
-3516
-2876
-2620
-2748
-2876
-2748
-2108
-1052
-196
196
196
40
244
844
1628
2108
1980
1692
1820
1980
2236
2236
2108
1884
1372
988
988
988
652
276
196
276
148
-372
-988
-1116
-988
-924
-748
-684
-924
-1244
-1372
-1116
-620
-396
-356
-308
-260
-112
196
356
372
524
748
1116
1372
1308
1308
1052
1052
1372
1756
1884
1692
1500
1436
1564
1628
1500
1564
1500
1180
1244
1436
1628
1564
1372
1436
1692
1980
2236
2492
3004
3644
3644
3004
2236
1980
2876
4092
4348
3644
2876
2364
1756
1308
1436
2108
2364
1500
-8
-1372
-2236
-2364
-1980
-1756
-1980
-2748
-4092
-5116
-5372
-5116
-4860
-4860
-5372
-5628
-5884
-5628
-5628
-5628
-5116
-4604
-4092
-3644
-3644
-3900
-4092
-3388
-2236
-1052
-276
-260
-556
-556
24
1052
1980
2492
2492
2236
2236
2108
2236
2620
2876
3004
2748
2364
1980
1628
1180
988
1244
1500
1244
620
-80
-556
-684
-396
24
112
-244
-748
-1052
-988
-620
-132
260
244
24
-196
-180
40
372
716
924
988
924
876
812
844
1052
1372
1692
1756
1564
1244
988
1116
1436
1692
1820
1564
1436
1436
1436
1628
1820
1884
1980
2236
2364
2748
2876
3388
4092
3900
2748
1884
2364
3644
4348
3900
3132
2620
2108
1308
988
1628
2364
1884
356
-1180
-2108
-2364
-2236
-1884
-1980
-2748
-4092
-5372
-5884
-5628
-5372
-5372
-5628
-6140
-6396
-6396
-6140
-5884
-5628
-5116
-4604
-4092
-4092
-4348
-4348
-3900
-2876
-1564
-844
-524
-396
-428
-48
812
1980
2876
3004
2364
2236
2620
3004
3260
3388
3772
3644
3132
2492
2236
2236
1980
1692
1820
1756
988
-180
-684
-428
-112
-164
-396
-924
-1500
-1820
-1628
-988
-652
-812
-1116
-1116
-988
-684
-396
-96
132
244
372
588
652
684
876
1244
1692
1884
1820
1628
1628
1980
2364
2620
2620
2364
1980
1692
1820
2236
2620
2620
2364
2236
2492
2748
3132
3516
4092
4348
4092
3132
2236
2492
4092
5116
5116
3900
2876
2236
1628
1564
2108
2748
2364
652
-1244
-2364
-2236
-1756
-1436
-1628
-2748
-4348
-5628
-6140
-5884
-5372
-5372
-5884
-6652
-7164
-7420
-6908
-6396
-5884
-5628
-5372
-5372
-5372
-5372
-4860
-4348
-3260
-2108
-1436
-1564
-1500
-924
-80
812
1628
2492
2748
2108
1692
2364
3644
4092
3644
3260
3132
3004
2492
2364
2620
2364
1628
1116
1180
844
-56
-684
-460
-32
-212
-812
-1372
-1692
-1756
-1372
-716
-492
-924
-1500
-1308
-620
40
460
460
276
308
556
1116
1564
1564
1564
1692
1980
2364
2620
2620
2492
2492
2876
3132
2876
2492
2108
2108
2364
2620
2620
2492
2108
1884
2236
2876
3132
3260
3644
4092
3644
2620
1980
2620
4092
5116
4604
3388
2620
2236
1980
2108
2620
3004
2236
372
-1244
-1820
-1564
-1244
-1116
-1628
-3004
-4348
-5372
-5372
-4860
-4604
-4860
-5628
-6652
-7164
-6908
-6140
-5628
-5372
-5628
-5628
-5628
-5372
-4860
-4348
-3644
-2876
-2364
-1980
-1628
-1372
-748
196
1052
1628
1980
1980
2108
2364
2876
3388
3388
3260
3004
2748
2620
2748
2748
2364
1628
1052
924
844
556
16
-356
-588
-924
-1052
-1180
-1372
-1692
-1756
-1500
-1244
-1244
-1500
-1564
-1372
-988
-556
-228
-180
-292
-148
292
844
1180
1244
1180
1116
1308
1628
1884
2108
1980
1980
1980
2108
2108
2236
2236
2236
2236
2364
2364
2236
2108
2364
2748
3004
3132
3388
3900
3900
3516
2748
2620
3772
4860
4860
3900
3004
2876
2620
2236
2364
2620
2492
1244
-308
-1308
-1436
-1244
-1180
-1372
-2364
-3644
-4860
-5116
-4860
-4604
-4604
-5372
-6140
-6652
-6652
-6140
-5372
-5116
-5372
-5628
-5372
-5116
-4604
-4092
-3644
-3132
-2492
-1756
-1116
-876
-780
-356
684
1820
2492
2364
1980
2108
2620
3388
3772
3772
3388
3004
2620
2364
2492
2492
2236
1820
1244
748
340
32
-8
88
-164
-812
-1436
-1692
-1564
-1244
-1052
-1116
-1372
-1692
-1756
-1244
-716
-460
-372
-460
-396
-180
132
492
812
924
988
1052
1116
1244
1500
1884
2236
2364
2236
1980
1980
2108
2364
2492
2492
2364
2108
1980
1980
2364
2748
2748
2748
2748
3388
3644
3132
2364
2108
3132
4092
4092
3004
2236
1980
1692
1692
1820
1884
1436
260
-876
-1500
-1564
-1564
-1692
-1980
-2748
-3772
-4604
-4860
-4604
-4604
-4860
-5372
-5884
-6140
-6140
-5884
-5372
-5116
-5372
-5372
-5116
-4604
-4092
-3644
-3260
-2876
-2492
-1820
-1116
-716
-492
8
988
1884
2236
2236
2364
2876
3260
3516
3644
3900
3900
3516
3132
3132
3260
3004
2364
2108
1756
1372
812
620
652
260
-524
-1052
-1116
-1180
-1308
-1372
-1244
-1372
-1756
-1884
-1564
-1180
-1116
-1052
-988
-844
-684
-492
-104
292
556
780
988
1180
1372
1500
1692
2108
2364
2236
2364
2364
2364
2492
2492
2492
2620
2620
2620
2620
2492
2492
2748
3004
3132
3132
3388
3516
3260
2620
2364
2876
3772
3900
3260
2492
2108
1980
1820
1756
1756
1500
620
-588
-1500
-1756
-1756
-1884
-2236
-3004
-3900
-4604
-5116
-5116
-4860
-5116
-5628
-6140
-6396
-6140
-5884
-5628
-5372
-5628
-5628
-5628
-4860
-4092
-3644
-3260
-2876
-2364
-1820
-1564
-1244
-492
556
1308
1436
1436
1692
2236
2492
2748
3388
3772
3516
2748
2364
2620
2876
2876
2620
2492
1692
812
292
620
988
556
-324
-1052
-1244
-1308
-1116
-876
-844
-1308
-1980
-1980
-1564
-1244
-1180
-1116
-988
-924
-876
-620
-196
212
460
652
844
1052
1180
1308
1692
2108
2236
2236
2108
2236
2620
2876
3004
2876
2748
2492
2492
2876
3260
3388
3260
3132
3260
3132
3260
3772
4092
3516
2748
2748
3260
3772
3516
2748
2492
2236
1756
1436
1372
1308
988
148
-780
-1308
-1628
-1756
-1884
-2236
-2876
-3772
-4604
-4604
-4348
-4348
-4604
-5116
-5372
-5628
-5372
-5116
-4604
-4604
-4860
-4860
-4860
-4348
-3644
-3132
-2748
-2108
-1884
-1820
-1692
-1052
132
988
1180
1116
1244
1564
1884
2364
2876
3260
3004
2492
2236
2364
2364
2364
2492
2364
1692
716
180
396
652
492
-180
-876
-1372
-1628
-1500
-1052
-924
-1564
-2364
-2620
-2236
-1820
-1564
-1628
-1820
-1980
-1980
-1500
-988
-556
-396
-396
-324
-88
180
588
988
1372
1500
1436
1436
1692
2236
2492
2620
2492
2492
2364
2492
2748
3004
3260
3260
3260
3260
3388
3516
3772
4092
3772
3260
2748
3004
3516
3644
3132
2620
2236
2108
1820
1436
1244
1180
716
-148
-924
-1372
-1500
-1756
-1980
-2236
-2876
-3644
-4348
-4092
-3900
-3900
-4092
-4604
-5116
-4860
-4860
-4348
-3900
-3772
-4092
-4092
-3772
-3132
-2620
-2108
-1628
-1692
-1756
-1244
-260
620
924
876
988
1308
1500
1756
2620
3260
3004
2236
1756
1980
2492
2620
2620
2620
1980
924
524
924
1500
1372
460
-372
-876
-1180
-1052
-524
-492
-1180
-2236
-2620
-2108
-1692
-1628
-1756
-2108
-2364
-2364
-2108
-1436
-988
-1116
-1372
-1372
-1116
-780
-324
96
396
492
428
588
988
1564
2108
2364
2236
2108
1980
2108
2620
3132
3388
3388
3132
2876
2876
3260
3900
4348
3900
3132
2620
2748
3388
3644
3260
2620
2236
1820
1308
988
1052
1180
812
-132
-1052
-1564
-1756
-1756
-1756
-1980
-2748
-3772
-4348
-4092
-3644
-3260
-3772
-4348
-4860
-4860
-4092
-3516
-3260
-3516
-3900
-3900
-3260
-2492
-1884
-1692
-1692
-1692
-1628
-1052
-148
524
716
748
988
1116
1244
1436
2108
2748
2748
2108
1500
1500
1980
2492
2748
2492
1884
924
492
988
1628
1628
716
-324
-812
-684
-396
-212
-372
-988
-1756
-2108
-1756
-1308
-1116
-1372
-1692
-1980
-2108
-1980
-1564
-1052
-844
-924
-1116
-1116
-924
-428
180
556
684
460
340
716
1372
1884
2236
2108
1980
1980
2108
2620
3132
3260
3260
3260
3260
3260
3260
3516
3900
3900
3388
2748
2492
2748
3260
3132
2748
2108
1756
1308
924
812
844
780
132
-924
-1756
-1980
-1884
-1820
-1980
-2492
-3388
-4092
-4604
-4092
-3516
-3516
-4092
-4860
-5116
-4860
-4092
-3388
-3132
-3388
-3772
-3516
-3004
-2108
-1500
-1500
-1756
-1756
-988
-228
180
308
684
1052
988
1052
1500
2364
2364
2108
1820
1820
1884
1820
2108
2492
2236
1436
812
1052
1308
1308
924
524
120
-340
-492
-228
-56
-460
-1116
-1436
-1308
-1180
-1244
-1308
-1308
-1372
-1692
-1692
-1372
-1052
-988
-924
-780
-780
-748
-620
-308
132
396
428
460
620
812
1180
1692
1980
2108
2108
2108
2364
2748
3004
3004
3132
3260
3388
3260
3260
3516
4092
4092
3516
3004
2876
3004
3004
2876
2748
2492
1820
1052
684
780
924
524
-180
-924
-1500
-1820
-1980
-1980
-2108
-2620
-3516
-4092
-4092
-4092
-3772
-3900
-4092
-4604
-4860
-4604
-4092
-3772
-3516
-3516
-3516
-3388
-2748
-2236
-1980
-1980
-1756
-1308
-924
-652
-428
112
460
460
620
924
1372
1500
1500
1500
1500
1372
1308
1692
1980
1756
1244
844
924
988
1052
1116
1052
556
-24
-148
112
340
148
-260
-652
-988
-1180
-988
-716
-812
-1116
-1372
-1308
-988
-812
-716
-588
-524
-460
-292
-164
-40
148
292
396
460
524
684
876
1116
1436
1564
1628
1692
1884
2236
2492
2748
2748
2876
3004
3004
3132
3132
3516
3772
3772
3260
2748
2748
3004
3004
2748
2364
2108
1756
1244
924
924
924
492
-340
-1052
-1436
-1628
-1756
-1980
-2364
-2876
-3516
-3900
-3772
-3516
-3516
-3900
-4348
-4604
-4348
-4092
-3644
-3388
-3260
-3516
-3644
-3388
-2620
-1884
-1500
-1436
-1372
-1180
-924
-428
244
844
1052
780
620
716
1116
1628
1980
2108
1692
1180
988
1372
1884
1980
1628
1244
924
844
1052
1244
1244
748
196
-48
-24
80
64
-148
-492
-716
-812
-924
-876
-876
-924
-1052
-1180
-1116
-924
-780
-620
-524
-588
-620
-620
-492
-324
-260
-196
-148
-132
-120
32
428
812
924
988
1052
1180
1372
1756
2108
2236
2236
2108
2364
2876
3260
3260
2748
2620
2748
3004
3004
2748
2364
2108
1820
1500
1436
1436
1244
716
120
-340
-652
-924
-1180
-1244
-1500
-2108
-2876
-3132
-3004
-2876
-3004
-3260
-3516
-3772
-3900
-3772
-3132
-2876
-3004
-3260
-3004
-2492
-2108
-1820
-1628
-1372
-1116
-844
-428
0
244
324
492
780
1052
1244
1372
1500
1500
1500
1372
1372
1436
1436
1500
1436
1436
1308
1052
924
876
876
844
716
524
260
132
112
180
148
56
-96
-196
-292
-340
-324
-324
-428
-588
-588
-556
-588
-588
-524
-460
-460
-460
-460
-396
-212
-64
132
244
244
244
340
588
876
1052
1116
1116
1244
1372
1692
2108
2492
2364
1980
1980
2364
2748
2620
2364
2236
2364
2108
1756
1436
1436
1308
924
308
-132
-492
-876
-1116
-1180
-1372
-1980
-2876
-3132
-3132
-3004
-3132
-3388
-3900
-4092
-4092
-3772
-3388
-3388
-3516
-3644
-3388
-3004
-2748
-2492
-2108
-1980
-1692
-1308
-812
-276
24
196
460
684
924
1180
1500
1820
1980
1884
1820
1980
1980
2108
2236
2236
1980
1692
1436
1372
1436
1500
1308
1052
844
748
844
924
844
652
492
372
396
588
588
396
148
72
180
308
356
228
16
-180
-276
-308
-276
-276
-324
-308
-340
-308
-308
-260
-96
88
260
324
340
340
460
748
1052
1180
1244
1372
1372
1372
1436
1564
1756
1884
1820
1628
1564
1692
1756
1564
1308
1052
924
620
212
8
-228
-620
-924
-1116
-1372
-1692
-2108
-2620
-2748
-2748
-2876
-3132
-3388
-3516
-3516
-3516
-3388
-3132
-3132
-3260
-3132
-2748
-2364
-1980
-1820
-1756
-1500
-1244
-844
-460
-120
8
148
460
748
924
1052
1180
1372
1500
1564
1564
1564
1500
1436
1500
1564
1564
1500
1308
1244
1244
1180
1052
924
844
812
748
748
716
556
460
460
492
556
492
428
356
276
292
396
492
460
276
164
276
396
396
396
324
244
180
196
356
428
292
196
164
212
292
356
492
620
716
748
812
988
1052
1116
1116
1052
1052
1116
1116
1116
1052
988
924
716
620
556
340
148
-120
-324
-556
-844
-1116
-1308
-1500
-1756
-2108
-2364
-2492
-2620
-2748
-2876
-2876
-3004
-3132
-3132
-2876
-2748
-2620
-2620
-2620
-2492
-2108
-1884
-1628
-1372
-1308
-1116
-844
-524
-228
-8
228
460
684
876
1052
1180
1180
1244
1308
1308
1372
1372
1372
1436
1436
1308
1308
1308
1308
1308
1372
1308
1244
1180
1180
1116
1052
1116
1180
1180
1244
1244
1116
1116
1052
1052
1052
988
924
924
876
780
684
588
556
492
428
356
244
148
56
-80
-112
-72
-56
-120
-164
-148
-164
-196
-104
8
0
-80
-72
0
80
64
120
228
228
228
228
292
372
324
180
48
-32
-88
-180
-292
-396
-524
-716
-924
-1116
-1308
-1436
-1500
-1500
-1756
-1980
-2236
-2236
-2236
-2236
-2364
-2364
-2364
-2492
-2364
-2236
-1980
-1980
-1884
-1820
-1628
-1436
-1244
-1052
-876
-684
-492
-244
-56
104
308
556
780
924
1052
1116
1244
1308
1436
1500
1564
1564
1564
1564
1628
1692
1692
1628
1564
1500
1500
1500
1500
1564
1564
1500
1500
1500
1500
1500
1500
1500
1436
1372
1244
1180
1052
1052
1052
988
924
812
684
588
556
492
396
308
196
88
-8
-48
-96
-212
-276
-324
-308
-340
-340
-340
-372
-396
-396
-340
-324
-324
-308
-260
-196
-164
-104
-96
-148
-196
-148
-132
-164
-244
-340
-396
-492
-588
-652
-780
-988
-1116
-1244
-1244
-1372
-1500
-1692
-1980
-1980
-1980
-1980
-2108
-2236
-2492
-2620
-2492
-2492
-2364
-2364
-2364
-2364
-2364
-2108
-1884
-1692
-1500
-1436
-1308
-1116
-876
-620
-428
-196
40
292
460
652
812
924
1116
1308
1372
1500
1564
1692
1756
1884
1980
2108
2108
2108
1980
1980
1980
1980
1980
1884
1884
1884
1820
1756
1756
1756
1692
1692
1628
1500
1436
1372
1308
1308
1180
988
812
716
684
716
652
524
356
180
180
212
228
132
0
-88
-148
-164
-104
-40
-104
-244
-292
-212
-132
-72
-64
-24
16
80
180
324
356
308
260
308
396
324
148
0
-104
-196
-276
-396
-460
-524
-652
-844
-988
-1052
-1180
-1308
-1372
-1500
-1756
-1980
-2108
-2236
-2236
-2236
-2236
-2364
-2364
-2492
-2492
-2364
-2236
-2236
-2364
-2364
-2236
-1980
-1820
-1692
-1564
-1372
-1180
-924
-780
-652
-524
-356
-112
148
372
460
556
652
780
924
1180
1372
1436
1436
1500
1628
1756
1692
1692
1692
1756
1756
1756
1692
1692
1692
1628
1628
1628
1628
1500
1308
1180
1180
1180
1116
1052
988
924
812
684
652
620
620
556
396
324
308
260
228
164
72
120
148
164
212
148
96
64
96
164
244
324
324
244
132
88
180
276
324
292
244
196
164
96
16
24
64
80
-32
-228
-428
-620
-684
-716
-716
-780
-988
-1180
-1244
-1244
-1372
-1500
-1692
-1820
-1884
-1980
-1980
-1980
-1980
-2108
-2108
-1980
-1884
-1884
-1820
-1756
-1628
-1564
-1372
-1244
-1116
-988
-812
-620
-460
-340
-180
-64
96
260
396
556
748
924
988
1116
1244
1308
1308
1308
1372
1372
1436
1436
1436
1436
1500
1564
1564
1564
1500
1500
1436
1436
1436
1436
1308
1180
1180
1116
988
924
924
844
716
620
524
460
340
228
132
64
-32
-132
-120
-132
-196
-276
-324
-276
-260
-324
-372
-356
-340
-276
-212
-212
-212
-244
-212
-96
80
132
132
120
132
148
132
212
244
276
260
180
112
24
-40
-40
-72
-164
-260
-428
-556
-684
-844
-924
-1052
-1180
-1244
-1308
-1436
-1500
-1500
-1564
-1628
-1692
-1692
-1692
-1692
-1756
-1756
-1756
-1692
-1564
-1436
-1308
-1244
-1116
-924
-844
-716
-556
-460
-372
-180
-8
148
260
460
524
620
748
844
924
1052
1116
1180
1244
1244
1308
1308
1372
1372
1372
1308
1244
1308
1308
1308
1244
1180
1180
1180
1116
1116
1116
1052
1052
924
812
684
620
588
620
588
460
356
292
260
244
260
212
80
-48
-164
-196
-180
-164
-180
-196
-180
-180
-164
-132
-80
-132
-132
-8
88
132
180
148
120
132
196
324
428
428
356
356
396
356
308
228
132
96
8
-80
-112
-244
-428
-556
-620
-684
-780
-924
-1052
-1116
-1180
-1308
-1372
-1436
-1500
-1500
-1628
-1692
-1756
-1884
-1884
-1756
-1628
-1564
-1564
-1500
-1308
-1180
-1052
-988
-876
-716
-556
-428
-372
-292
-228
-88
104
324
460
556
620
684
780
780
812
876
988
1052
1052
1052
1052
1052
1116
1116
1180
1116
1052
988
924
988
988
924
876
844
812
812
780
684
588
492
428
428
396
340
244
164
120
88
32
-56
-132
-112
-104
-104
-164
-244
-244
-212
-180
-120
-132
-164
-228
-180
-72
24
48
-16
24
132
276
396
428
428
324
356
460
524
588
620
620
556
524
492
460
428
356
292
212
104
-32
-132
-196
-212
-276
-396
-556
-716
-812
-876
-924
-924
-988
-1116
-1180
-1244
-1180
-1180
-1180
-1116
-1116
-1180
-1116
-1052
-876
-780
-748
-684
-588
-428
-308
-180
-72
0
16
8
56
164
324
460
492
428
428
492
524
588
652
684
652
588
524
492
492
460
492
460
428
396
356
340
324
260
196
180
132
72
16
-24
-24
-48
-48
-88
-112
-148
-180
-212
-228
-228
-260
-324
-396
-396
-324
-324
-276
-244
-212
-148
-148
-96
-32
-48
-80
-16
96
148
228
292
372
428
492
556
588
652
716
748
780
812
812
812
812
748
716
684
588
588
524
428
324
260
180
104
32
-32
-104
-212
-292
-460
-524
-588
-652
-716
-748
-780
-812
-844
-812
-748
-780
-780
-780
-716
-652
-620
-652
-652
-588
-492
-396
-324
-276
-276
-244
-196
-64
40
72
96
132
196
244
244
244
228
276
396
428
428
428
396
356
372
396
396
356
324
292
228
164
132
56
-48
-96
-104
-120
-164
-244
-308
-324
-308
-308
-276
-228
-228
-244
-260
-244
-196
-196
-164
-196
-180
-148
-164
-120
-96
-80
-80
-32
0
72
132
112
120
180
228
276
292
340
372
428
492
524
460
428
428
460
492
492
524
524
556
524
524
492
428
396
340
356
324
276
212
180
120
24
0
0
-80
-132
-212
-324
-356
-428
-460
-396
-396
-428
-492
-524
-524
-556
-588
-492
-460
-460
-524
-524
-460
-428
-356
-308
-308
-372
-340
-260
-164
-48
-56
-112
-96
-16
80
164
180
148
80
40
40
88
164
212
212
148
104
72
96
132
148
120
80
16
-56
-88
-48
-32
-40
-64
-104
-164
-164
-104
-32
-8
-96
-196
-228
-212
-112
-64
-88
-72
-72
-80
-48
0
24
40
-24
-16
48
56
32
48
104
164
212
212
276
356
396
372
372
340
396
428
460
556
620
620
524
460
492
556
588
556
492
396
372
340
324
372
396
340
276
212
148
88
72
32
32
-24
-120
-244
-292
-292
-340
-396
-492
-588
-652
-716
-684
-684
-684
-716
-748
-748
-684
-620
-588
-620
-588
-556
-524
-524
-460
-396
-324
-324
-308
-244
-148
-48
48
112
96
96
96
112
148
180
180
148
164
180
164
164
164
148
112
132
132
96
64
24
-8
0
-56
-96
-112
-132
-120
-80
-40
-56
-96
-104
-120
-96
-24
-8
24
56
112
104
132
196
228
228
196
212
228
228
228
244
260
292
308
356
396
428
396
372
396
396
396
396
372
324
356
396
372
356
356
356
324
308
324
372
396
356
372
340
308
244
164
80
40
0
-8
-56
-164
-244
-260
-276
-292
-292
-356
-460
-556
-620
-588
-588
-652
-748
-780
-684
-652
-620
-588
-556
-524
-492
-428
-396
-428
-492
-428
-308
-180
-164
-180
-212
-180
-120
-64
-24
0
0
16
24
48
80
72
64
64
72
64
48
80
72
96
88
72
96
48
8
56
96
80
16
-72
-64
-32
0
16
48
64
40
48
132
164
164
164
164
148
148
112
88
132
164
164
180
180
212
244
276
292
324
324
324
356
396
396
372
396
396
372
356
372
396
396
372
340
308
276
308
324
324
260
228
196
180
164
132
88
8
-88
-148
-132
-132
-132
-148
-180
-196
-228
-276
-324
-340
-372
-396
-428
-460
-460
-492
-428
-428
-428
-428
-460
-428
-396
-428
-396
-396
-428
-428
-372
-292
-244
-260
-308
-340
-260
-180
-148
-132
-96
-8
0
64
132
148
180
164
148
148
132
120
180
260
292
276
260
212
228
276
308
308
276
228
212
180
148
180
148
112
104
88
112
148
132
132
88
80
88
132
196
196
164
80
24
0
40
56
32
-32
-80
-96
-80
-24
0
32
48
-8
-72
-80
-48
0
16
0
-24
-64
-96
-64
-32
-40
-24
48
96
88
56
40
40
80
104
56
-8
-88
-104
-104
-64
-40
-72
-132
-196
-212
-212
-196
-276
-356
-396
-428
-396
-428
-460
-460
-460
-428
-372
-356
-372
-460
-460
-396
-356
-308
-292
-292
-228
-180
-148
-80
-32
-24
8
112
164
120
88
148
196
244
292
308
324
340
396
428
428
396
428
492
588
588
620
588
524
492
492
492
460
460
428
372
340
324
356
324
324
324
276
260
244
212
180
164
112
88
72
8
-32
-32
-24
-16
-48
-104
-120
-132
-132
-88
-72
-80
-88
-148
-148
-112
-80
-48
-40
-72
-72
-80
-64
16
88
72
16
-48
-64
-48
-24
-16
-48
-132
-148
-148
-164
-164
-196
-228
-308
-356
-356
-340
-396
-428
-428
-428
-396
-428
-492
-492
-492
-492
-492
-492
-492
-524
-524
-492
-460
-428
-460
-460
-460
-428
-396
-396
-372
-340
-340
-276
-260
-244
-244
-244
-212
-148
-56
16
32
48
96
148
196
228
292
356
356
372
396
428
492
556
556
556
524
556
588
620
652
652
652
620
652
652
620
588
492
492
492
460
428
324
276
212
196
180
148
148
104
120
132
104
72
24
-32
-72
-40
-24
0
-16
-32
8
24
48
64
112
164
132
148
164
164
180
148
132
148
164
96
64
72
40
0
-48
-80
-80
-64
-48
-88
-112
-120
-132
-180
-196
-164
-180
-244
-308
-356
-340
-308
-292
-276
-292
-308
-324
-324
-308
-308
-308
-308
-324
-340
-356
-372
-428
-396
-372
-460
-524
-524
-492
-428
-428
-428
-428
-428
-428
-372
-324
-324
-276
-276
-260
-196
-148
-88
-64
-32
8
24
40
104
132
180
244
292
308
324
372
460
492
460
460
460
396
372
356
340
340
340
308
276
228
148
132
96
88
80
24
-8
-8
-16
-8
-56
-80
-64
-80
-80
-48
-32
-24
-8
16
32
56
132
212
260
228
148
132
120
180
228
228
212
212
180
196
244
244
244
196
148
164
88
40
40
0
0
16
16
32
8
-8
-16
-16
-32
-72
-104
-104
-88
-72
-56
-88
-104
-48
8
0
-24
-72
-132
-164
-132
-148
-148
-164
-212
-228
-212
-196
-180
-180
-164
-180
-228
-260
-244
-228
-244
-260
-244
-180
-120
-88
-96
-40
8
32
88
88
96
80
72
120
164
212
228
212
244
292
308
308
324
324
260
212
180
180
164
132
88
56
24
-40
-56
-72
-96
-104
-120
-164
-164
-180
-212
-212
-260
-292
-308
-308
-292
-292
-228
-196
-196
-132
-88
-56
-40
-24
-24
-64
-72
-56
-16
-8
24
32
32
48
56
56
64
64
48
80
120
148
132
132
132
148
180
164
196
196
148
96
48
48
72
120
132
148
120
104
104
120
104
80
80
72
88
48
8
16
0
-24
-72
-120
-164
-180
-196
-228
-228
-260
-292
-292
-292
-276
-260
-260
-276
-292
-260
-212
-196
-180
-196
-148
-112
-40
32
80
112
120
132
148
212
228
244
244
228
276
308
324
340
340
340
308
276
212
164
164
132
132
80
40
24
32
8
-72
-112
-148
-228
-244
-244
-260
-228
-212
-180
-180
-164
-148
-120
-88
-40
-24
-32
-24
0
16
-8
24
72
96
120
104
112
120
132
148
132
120
88
88
148
148
112
32
16
32
56
120
164
96
16
-24
-8
32
32
0
-24
-56
-40
-56
-16
0
-56
-64
-32
-16
-64
-112
-132
-164
-148
-132
-148
-180
-212
-196
-212
-228
-228
-244
-212
-164
-180
-196
-244
-244
-260
-180
-120
-80
-80
-88
-88
-48
0
64
120
132
112
132
180
228
244
244
260
356
340
292
324
308
292
340
356
340
276
212
180
148
164
132
56
0
-48
-56
-72
-132
-164
-196
-260
-260
-244
-244
-292
-340
-372
-356
-276
-228
-180
-148
-148
-104
-104
-72
-40
-8
40
88
132
132
104
120
196
196
244
260
244
228
196
244
308
324
292
292
276
292
308
324
356
324
276
244
228
212
180
164
104
88
64
8
8
0
0
24
-8
-48
-104
-164
-164
-180
-212
-276
-340
-396
-428
-428
-396
-428
-492
-524
-556
-588
-556
-524
-492
-492
-492
-460
-460
-460
-396
-356
-324
-292
-260
-212
-148
-104
-80
-56
-24
32
96
164
196
228
196
196
228
228
292
292
292
292
260
276
292
308
340
356
308
260
228
228
228
244
196
112
104
48
0
-8
-40
-56
-48
-40
-48
-32
-32
-32
-32
-8
0
24
48
88
132
148
132
112
112
164
212
180
148
112
72
88
148
180
180
164
148
164
212
276
276
260
244
228
228
244
228
196
148
120
88
48
16
-24
-40
-64
-88
-104
-148
-180
-164
-148
-132
-164
-212
-260
-276
-260
-260
-308
-356
-356
-340
-308
-292
-260
-308
-372
-396
-356
-308
-276
-260
-260
-244
-244
-212
-180
-164
-164
-164
-104
-88
-96
-88
-56
-16
16
40
80
96
64
40
48
80
88
64
48
40
32
56
56
32
0
0
32
24
24
0
-32
-16
0
-32
-24
0
-40
-48
-40
-24
-8
0
8
56
104
148
148
164
180
180
244
260
260
276
276
308
340
396
396
356
340
340
340
356
396
372
324
276
276
308
292
292
276
244
244
244
196
148
96
80
48
0
-40
-96
-164
-180
-148
-148
-164
-196
-212
-244
-276
-292
-292
-308
-356
-396
-372
-340
-324
-340
-356
-372
-356
-340
-292
-260
-244
-260
-308
-292
-308
-276
-212
-196
-164
-132
-112
-80
-40
-16
0
0
8
8
56
96
132
148
120
80
