SAMPLES:	7790
BITSPERSAMPLE:	16
CHANNELS:	1
SAMPLERATE:	16000
NORMALIZED:	FALSE
0
0
0
0
0
0
0
0
0
0
0
0
0
-8
-8
-8
-8
-8
-8
-8
-8
0
-8
0
-8
-8
-8
-8
-8
-8
-8
-8
-8
-8
-8
-8
-8
-8
0
0
0
0
0
0
0
0
0
0
0
0
0
0
0
0
0
0
0
0
0
0
0
8
0
0
0
0
8
8
8
8
8
8
0
0
8
8
0
0
0
0
0
0
0
0
0
0
-8
-8
0
0
0
0
0
0
0
0
0
0
0
0
0
-8
-8
-8
-8
-8
-8
-8
0
0
0
0
0
0
0
0
0
0
0
0
0
0
0
0
0
0
0
0
0
8
0
0
0
0
0
0
0
0
0
0
0
0
0
0
0
8
8
0
0
8
0
0
0
0
0
0
0
0
0
0
0
0
0
0
0
0
0
0
0
0
0
0
0
0
0
0
8
8
8
8
8
8
8
0
0
0
0
0
0
0
8
8
8
8
8
0
0
0
0
0
0
0
0
0
0
0
0
0
0
0
0
0
0
0
-8
-8
-8
0
0
0
0
0
0
-8
-8
-8
-8
-16
-8
-8
-8
-8
-8
-8
-8
-8
-8
-8
-16
-8
-16
-16
-16
-16
-16
-16
-8
-8
-8
-8
-8
-8
-8
-8
-8
-8
-8
-8
-8
0
0
0
-8
-8
-8
-8
0
0
0
0
0
0
0
0
0
0
0
0
0
0
0
0
0
0
8
0
8
8
8
16
16
16
16
16
16
16
16
16
16
16
16
16
16
16
16
16
16
16
16
16
16
16
16
16
16
16
8
8
8
8
8
8
0
0
0
0
0
0
0
0
0
0
0
0
0
0
0
0
0
0
0
0
0
0
0
0
0
0
-8
0
-8
-8
0
-8
-8
0
-8
-8
-8
-8
-8
-8
-8
-8
-8
-8
-8
-8
-8
-8
-8
-8
-8
-8
-8
-8
-8
-16
-8
-8
-8
-8
-8
-8
-8
0
0
0
-8
-8
-8
-8
-8
-8
0
-8
0
0
0
0
0
0
0
0
0
0
0
0
0
0
0
0
0
0
0
0
0
0
0
0
8
8
0
8
8
8
8
8
8
8
8
0
0
8
8
0
0
8
8
8
8
8
8
8
8
8
8
8
8
0
8
0
0
8
8
8
8
8
8
0
0
0
0
0
0
0
0
0
0
0
0
0
0
0
0
0
0
0
0
0
0
0
0
0
0
0
0
0
0
0
0
0
0
0
0
0
-8
-8
-8
-8
-8
-8
-8
-8
-8
-8
-8
-16
-16
-8
-16
-16
-16
-16
-16
-16
-16
-16
-8
-8
-8
-8
-8
-8
-8
-8
-8
0
-8
0
0
0
0
0
0
0
0
0
0
0
0
8
8
8
8
0
8
0
0
8
8
8
8
8
8
8
8
8
8
8
8
8
8
8
8
8
8
0
8
0
8
0
0
8
0
0
0
0
0
0
0
0
0
0
0
0
0
0
0
0
0
0
0
0
0
0
0
0
0
0
0
0
0
0
0
0
0
0
0
0
0
0
0
0
0
0
0
0
0
0
0
0
0
0
0
0
0
0
0
0
0
0
0
0
0
0
0
0
0
0
0
0
0
0
-8
-8
-8
0
0
0
0
0
0
0
0
0
0
0
0
0
0
0
0
0
0
0
0
0
0
0
0
0
0
0
0
0
0
0
0
0
0
0
0
0
0
0
0
0
0
8
8
8
0
0
0
0
0
0
0
0
0
0
0
0
0
0
8
0
0
0
0
0
0
0
0
0
0
0
0
0
0
0
0
0
0
0
0
0
0
0
0
0
0
0
0
0
0
0
0
0
0
0
0
0
0
0
0
0
0
0
0
0
0
0
0
-8
0
0
0
0
0
0
0
0
0
0
0
0
0
0
0
0
0
0
0
0
0
0
0
0
0
0
0
0
0
0
0
0
0
0
0
8
8
8
8
0
0
0
0
0
0
0
0
0
0
0
0
0
0
0
0
0
0
0
0
0
0
0
0
0
0
0
0
0
0
0
0
0
0
0
0
0
0
0
0
0
0
0
0
0
0
0
0
-8
0
0
0
0
0
0
0
0
0
0
0
0
0
0
0
0
0
0
-8
-8
-8
0
0
0
0
0
0
0
0
0
0
0
0
0
0
0
0
0
0
0
0
0
0
0
0
8
8
8
0
0
0
0
0
0
0
0
0
8
8
0
8
8
8
8
8
8
0
0
0
8
8
8
0
0
0
0
0
0
0
0
0
0
0
0
0
0
0
0
0
-8
-8
-8
-8
-8
-8
-8
0
0
-8
0
-8
-8
0
0
0
0
0
0
0
0
0
-8
0
0
0
0
0
0
0
0
0
0
0
0
0
0
0
0
0
0
0
0
0
0
0
0
0
0
0
0
0
-8
0
0
0
0
0
0
0
0
0
0
0
0
0
0
0
0
0
0
0
0
0
0
0
0
8
0
0
0
0
0
0
0
0
0
0
0
0
0
8
8
8
8
16
8
0
8
8
8
8
8
8
8
8
0
0
0
8
8
8
8
8
0
0
0
0
0
0
8
8
8
0
0
0
-8
-8
0
-8
-24
-8
-8
-24
-8
-8
-8
0
-8
-16
-8
0
-16
0
0
-16
-16
0
0
16
8
0
0
0
-16
0
24
8
8
8
0
8
8
0
0
8
0
0
0
8
0
8
16
16
16
56
24
-64
-48
-40
-8
0
-24
0
8
-32
-88
-56
-8
8
32
8
0
-16
-56
-48
16
32
48
24
88
64
-80
-32
16
80
40
8
8
-32
-48
-64
-80
72
112
72
32
-24
-80
-88
32
40
48
64
24
-8
-48
-72
8
40
0
24
56
-8
-48
-80
-24
112
64
40
-16
-32
-48
-88
-24
80
32
-64
-72
-24
-16
32
56
0
48
-24
-72
16
16
-48
-24
8
0
-8
-16
-16
-40
32
40
32
72
0
-80
-24
48
64
64
24
-24
-32
0
-16
48
64
-56
-24
24
-48
-48
0
0
-32
8
16
-48
-8
0
-88
16
88
-24
0
-32
-16
32
0
64
32
-8
-32
-56
-16
48
40
-32
-24
32
-8
-32
24
-8
0
0
0
32
-16
-24
16
-24
8
64
-8
-24
-8
-16
-24
24
32
-32
-8
8
-16
-8
16
8
-24
-16
16
-32
0
32
0
-8
0
-8
0
40
16
0
0
-32
0
16
0
24
-24
-16
24
8
-8
16
24
-40
0
16
-32
0
16
0
48
48
0
-16
-8
0
104
104
0
32
-40
-48
16
8
32
64
8
-80
-64
-16
-16
56
56
0
-8
-88
-32
-8
-16
40
32
-8
-8
-56
-16
48
16
16
48
24
-32
-40
-40
-16
32
64
64
40
-96
-112
-24
32
48
24
0
-24
-32
-32
8
32
8
0
-8
0
0
-56
-40
0
24
64
40
-16
-104
-88
0
72
64
24
-32
-48
-32
-8
56
64
24
0
-32
-24
-8
-48
-56
24
64
32
0
0
-56
-40
24
48
32
-48
-72
-96
-40
40
132
32
-56
0
-56
-8
56
-24
-48
24
32
-48
-48
0
-56
24
24
16
-24
-96
-32
-8
24
48
0
-24
-24
-32
16
16
16
-8
-16
-8
16
-8
-24
32
80
40
24
0
-72
-32
24
40
24
-24
-80
-48
16
64
48
0
-40
-24
-8
-8
-24
-40
-16
8
40
72
16
-32
-16
8
32
8
-8
-24
0
32
64
104
24
-16
24
40
88
80
16
8
32
80
88
104
88
64
56
48
56
0
0
24
32
24
32
16
-24
0
80
40
-8
-40
-64
-24
0
8
-8
-8
-40
-80
-48
8
0
-16
-56
-48
-24
-72
-80
-56
-24
-8
-40
-64
-80
-88
-88
-40
8
0
-56
-104
-88
-40
-56
-40
-8
-24
-64
-48
-8
-40
-40
-40
-56
-56
-64
-64
-40
0
-8
-24
-24
-24
-24
-8
32
48
8
-16
-8
24
40
40
80
72
24
0
48
48
88
132
72
80
88
56
72
96
120
96
56
32
16
40
48
72
96
64
32
-16
-16
8
16
24
0
-16
-40
-32
-8
0
24
-8
-32
-64
-80
-56
-48
-48
-24
-40
-48
-64
-88
-64
-40
-16
-40
-64
-96
-104
-56
-24
-24
-40
-56
-40
-48
-48
-64
-48
-32
-64
-40
-40
-40
-48
-32
-24
-8
0
0
16
24
8
24
64
72
112
120
120
164
180
212
212
276
356
428
428
428
428
428
460
428
460
556
588
492
396
324
324
308
292
276
260
112
-112
-212
-260
-212
-244
-396
-524
-716
-876
-924
-924
-876
-988
-1180
-1308
-1372
-1308
-1244
-1180
-1116
-1116
-1180
-1180
-1116
-988
-812
-652
-556
-556
-524
-396
-260
-32
164
212
228
244
340
492
652
812
844
812
876
924
924
924
988
988
876
876
844
812
780
684
684
684
588
524
428
396
340
260
196
428
524
556
780
1052
1244
1244
812
524
748
1180
1820
2236
2108
1628
1180
1180
1564
1980
2108
2108
1884
924
244
8
428
1116
924
148
-988
-1820
-2108
-1884
-1564
-1756
-2492
-3644
-4348
-4092
-4092
-3900
-3516
-4348
-4604
-5116
-5372
-5116
-4604
-4092
-3772
-3260
-3644
-3772
-3516
-2748
-716
588
492
96
-524
132
1372
2620
3388
3644
3388
2748
2748
3388
4604
4860
4092
3644
3260
2620
2492
2620
3132
3132
1980
716
180
0
16
196
80
-652
-1756
-2748
-2620
-1820
-1500
-1692
-2492
-3260
-3516
-3260
-2620
-1980
-2108
-2492
-2876
-2876
-2364
-1628
-1116
-812
-876
-1052
-1116
-460
524
1372
1628
1692
1980
2748
3388
4092
4092
4092
4092
4092
4860
5628
6140
5628
4860
4604
4860
5116
5116
5116
4860
3388
2236
1820
1820
2236
1628
428
-876
-1980
-2492
-2620
-2492
-3004
-4092
-4860
-5628
-5628
-5628
-5628
-5628
-6140
-6140
-6396
-6396
-6140
-5884
-5628
-5372
-4860
-4604
-4348
-3772
-3004
-1500
24
-180
-620
-924
228
2236
3388
3516
3260
3132
2748
2748
3900
4860
5372
4092
2876
2876
2620
3004
3388
3516
3260
1628
196
-16
748
1244
988
196
-1372
-2364
-2620
-1820
-524
-924
-2236
-3388
-3900
-3516
-2876
-2364
-2364
-2876
-3644
-3900
-3260
-2620
-1820
-1628
-1756
-1820
-1980
-1372
-228
924
1820
2236
2620
3132
3516
3516
3772
4604
5628
6652
6908
6140
5884
6140
6396
6652
6652
6908
6908
5884
4092
3004
3132
4092
4604
3132
876
-1244
-2108
-1564
-924
-1308
-2876
-4860
-6396
-6652
-6140
-5628
-5628
-6396
-7676
-7932
-7676
-7164
-6908
-6908
-6652
-6140
-5884
-5628
-5372
-5116
-3900
-2492
-1628
-1500
-1820
-1500
684
2364
3004
2748
2236
2620
3260
4092
5116
5628
4860
3388
3260
4348
5116
4860
3644
3004
2620
1980
2108
2236
2108
1180
-148
-876
-924
-924
-1308
-1436
-1884
-2620
-3132
-3644
-3260
-2748
-2748
-3004
-3516
-3900
-3772
-3260
-2620
-2108
-2108
-2364
-2108
-1500
-812
0
196
428
924
1116
1756
2620
3644
4604
5372
5372
5116
4860
5116
6396
7932
8316
7420
6396
6140
6396
6652
6652
6652
6140
4604
2748
1884
2108
2748
2620
1308
-684
-2748
-3900
-3644
-3260
-3388
-4604
-6396
-7676
-8316
-7932
-7420
-7164
-7420
-8316
-8828
-8828
-7932
-7164
-6908
-6652
-6140
-5884
-5628
-5116
-4348
-3004
-1756
-1052
-812
-844
-260
1436
3132
4348
4092
3516
3644
4604
5628
5884
6140
5628
5116
4604
4860
5628
5628
4604
3900
3260
2876
2364
2108
2108
1564
620
-588
-1308
-1564
-1628
-1692
-2108
-2748
-3644
-4348
-4092
-3772
-3516
-3900
-4348
-4604
-4604
-4092
-3388
-3132
-2876
-3004
-2748
-2236
-1372
-652
-244
32
196
716
1244
1980
3132
4092
4860
5372
5884
5884
5628
5628
6652
7932
8828
8316
7164
6908
7164
7420
7164
6908
6908
5628
3772
2364
1884
2492
2620
1628
-356
-2492
-3900
-4092
-3516
-3516
-4604
-6652
-8316
-8316
-8316
-7420
-7420
-7676
-8316
-8828
-8828
-7932
-7420
-7164
-7164
-6908
-6140
-5628
-5116
-4604
-3644
-2492
-1500
-988
-812
-460
652
2492
3772
4348
3772
3516
4092
5116
5884
6140
5884
5372
5116
5116
5372
5884
5372
4348
3516
2876
2748
2492
2364
2236
1436
244
-844
-1116
-988
-1052
-1372
-2236
-3004
-3772
-4092
-3516
-3260
-3388
-4092
-5116
-4860
-4348
-3644
-3132
-3132
-3260
-3516
-3132
-2236
-1372
-716
-716
-684
-396
260
924
1756
2748
3644
4092
4860
5628
5884
5884
5372
5884
7420
8316
7932
6908
6652
6908
6908
6652
6140
6140
5628
3900
2364
1820
2236
2364
1500
-164
-2108
-3516
-4092
-3644
-3260
-4092
-5884
-7420
-7932
-7420
-6652
-6396
-6652
-7676
-8316
-7932
-7164
-6396
-6396
-6652
-6396
-5884
-5116
-4604
-4348
-3644
-2620
-1756
-1116
-812
-556
-16
1372
3004
3772
3388
2876
3260
4348
5116
5116
5116
4860
4348
3900
4348
5116
5116
3900
2492
2236
2492
2492
2108
1756
1116
120
-716
-748
-292
-460
-1372
-2108
-2620
-2876
-3132
-3132
-2748
-2876
-3516
-4092
-3772
-3132
-2876
-2876
-2748
-2620
-2364
-2108
-1500
-924
-556
-460
-228
396
1116
1756
2236
3004
3644
4348
4604
5884
6652
6652
5884
5116
6396
7932
8316
7420
6652
6396
6396
5884
5628
5628
5628
4092
2236
812
524
1116
988
-56
-1756
-3644
-4860
-5116
-4348
-4348
-5372
-6908
-8316
-8316
-7932
-7420
-6908
-7420
-8316
-8828
-8316
-7420
-6908
-6652
-6652
-6396
-5628
-5116
-4604
-4092
-3132
-2108
-1372
-684
-396
-32
652
2620
4348
4092
3516
3004
3772
5116
5884
5884
5628
5372
4348
4092
5116
5628
5116
3516
2492
2620
2492
2364
2236
2108
1372
112
-844
-988
-340
-524
-1116
-1564
-2492
-3260
-3388
-2876
-1980
-2364
-3516
-4092
-3900
-3132
-2748
-2364
-2620
-2620
-2492
-2236
-1116
-396
-48
56
356
924
1372
1820
2364
3260
4092
4604
4860
5884
6652
6908
6396
5884
6140
7420
8316
7676
6652
6396
6140
5884
5116
4860
4860
4092
2492
876
40
460
492
-228
-1756
-3388
-4860
-5372
-4860
-4604
-5372
-6652
-7932
-8316
-8316
-7676
-7164
-7420
-7932
-8316
-8316
-7420
-6908
-6652
-6908
-6652
-5884
-5116
-4348
-4092
-3516
-2492
-1628
-924
-356
0
780
1564
2876
3772
4092
4348
3900
4348
4860
5628
5628
5372
5116
5116
5116
5116
4604
4348
4092
3644
3388
3004
2748
2108
1820
1436
1052
492
-396
-844
-1052
-1052
-1244
-2108
-2876
-3388
-3516
-3260
-3260
-3516
-3772
-4092
-4092
-3516
-3004
-3004
-3132
-2876
-2364
-1756
-1308
-924
-356
212
716
1180
1692
2236
2876
3644
4604
5116
5372
6396
6652
6908
6140
6140
7164
8316
7932
6908
6652
6908
6396
5372
4604
5116
5116
3644
1756
428
524
780
356
-924
-2620
-4092
-5116
-5116
-4604
-4860
-5884
-7420
-8316
-8316
-7932
-7420
-7420
-7932
-8316
-8828
-7932
-7164
-7164
-7164
-7420
-6396
-5372
-5116
-4860
-4604
-3388
-2108
-1308
-924
-1052
-460
588
2492
3772
3644
3004
2620
3260
4604
5372
5628
5372
4860
4348
4604
5116
5372
5116
4348
3644
3516
3132
3132
3004
3004
2364
1500
556
0
-48
-40
-16
-260
-1308
-2364
-2748
-2364
-1980
-1980
-2620
-3388
-3644
-3260
-2876
-2492
-2236
-2364
-2364
-1980
-1564
-924
-340
276
780
924
1116
1308
1980
2876
3516
4092
4348
4348
5372
6396
6908
6396
5116
5628
6908
7932
7420
6396
5884
5628
5116
4860
4604
5116
4092
1980
356
88
652
396
-556
-2108
-3516
-4604
-5116
-4860
-4860
-5628
-6652
-7932
-8316
-8316
-7676
-7164
-7164
-7676
-8316
-8316
-7420
-7164
-6908
-7164
-6652
-5884
-5116
-4860
-4348
-3516
-2236
-1564
-1052
-844
-260
1052
2236
3132
3260
3132
3004
3388
4348
5116
5628
5628
4604
4348
4604
5372
5628
5116
4604
3900
3388
3388
3516
3644
3004
1980
1052
492
524
460
212
-48
-748
-1692
-2492
-2492
-2236
-2236
-2620
-3132
-3516
-3644
-3516
-3260
-2876
-2748
-2876
-2876
-2620
-1980
-1372
-748
-276
88
212
356
780
1436
2236
2876
3388
3772
4092
4092
5116
6396
6908
6652
5372
5372
6652
7932
7676
6652
6396
5884
5372
4860
4348
4604
4348
2748
1116
40
-32
-260
-588
-1436
-2748
-4092
-5628
-5884
-5372
-5372
-6140
-7420
-8316
-8828
-8316
-7420
-7420
-7676
-8316
-8316
-7932
-7420
-7164
-6908
-6652
-5884
-5116
-4604
-4348
-3516
-2364
-1308
-524
-428
-88
652
2108
3388
4092
3900
3516
3516
4348
5372
6140
5884
5372
4604
4348
4860
5628
5628
4860
4092
3388
3260
3388
3516
3260
2492
1436
556
104
212
-56
-396
-924
-1628
-2364
-2876
-2876
-2748
-2876
-3260
-3644
-3772
-3644
-3644
-3260
-3132
-2876
-2620
-2492
-2108
-1628
-812
-228
212
492
524
844
1372
2236
3004
3516
3772
4092
4348
4860
5884
6908
7420
6652
5628
5628
7164
8316
7676
6652
6140
5628
5116
4348
4092
4092
3644
1980
324
-556
-652
-844
-1436
-2492
-3644
-5116
-6396
-6396
-5884
-6140
-6908
-8316
-8828
-8828
-8316
-7932
-7932
-8316
-8828
-8828
-8316
-7420
-7164
-6908
-6396
-5372
-4860
-4092
-3644
-2876
-1820
-844
56
620
1052
1692
2748
3772
4348
4348
4604
4860
5372
5884
6140
6396
5884
5628
5628
5884
5884
5372
4860
4604
4092
3900
3644
3260
2620
1884
1180
812
620
88
-780
-1372
-1692
-1980
-2492
-3004
-3388
-3772
-3900
-4092
-4092
-4092
-4092
-4092
-4092
-3644
-3388
-3004
-2620
-2236
-1692
-1116
-556
0
428
780
1116
1692
2492
3132
3772
4348
4604
4860
5116
6140
7420
7932
7420
6396
6140
7164
8316
7932
7164
6396
5628
4860
4348
4092
4092
3516
1756
64
-988
-1180
-1372
-1820
-2748
-4092
-5372
-6396
-6908
-6652
-6652
-7164
-8316
-8828
-9340
-8828
-8316
-8316
-8316
-8316
-8316
-8316
-7420
-6908
-6396
-5884
-5116
-4348
-3644
-3004
-2364
-1436
-460
524
1372
1820
2492
3132
4092
4860
5116
5372
5372
5884
6140
6140
6396
6140
6140
6140
5884
5628
5116
4604
4348
4092
3900
3260
2492
1692
1116
748
292
-104
-924
-1820
-2108
-2492
-2748
-3132
-3772
-4092
-4604
-4604
-4604
-4604
-4604
-4604
-4604
-4348
-3772
-3388
-3004
-2620
-1980
-1372
-844
-396
212
844
1436
1980
2364
3004
3388
4092
4604
5372
5628
5628
6396
7676
7932
7676
6652
6396
7164
7676
7676
6908
6652
5628
4604
3772
3516
3772
3260
1500
-8
-1052
-1372
-1756
-2364
-3004
-4092
-5372
-6396
-6908
-6908
-6908
-7164
-7676
-8316
-8828
-8828
-8316
-7676
-7420
-7420
-7676
-7164
-6908
-6396
-5884
-5116
-4092
-3388
-3004
-2364
-1756
-924
80
988
1980
2236
2364
2748
3516
4348
4860
4860
5116
5116
5116
5116
5372
5628
5628
5372
5116
4604
4092
3516
3388
3516
3260
2364
1436
748
396
308
32
-524
-1244
-2108
-2620
-2748
-2748
-3004
-3644
-3900
-4092
-4348
-4092
-4092
-3900
-3900
-3772
-3260
-2876
-2492
-2236
-1692
-988
-396
72
428
988
1564
2108
2620
3004
3516
4092
4604
4860
5372
5628
5884
6652
7676
7676
7164
6140
6140
6652
6908
6908
6396
5628
4348
3388
2876
2620
2620
1820
324
-924
-1980
-2620
-2876
-3388
-3900
-4604
-5884
-6652
-7164
-7164
-7164
-7164
-7420
-8316
-8316
-8316
-7932
-7420
-7164
-6908
-6396
-5884
-5628
-5372
-4860
-4092
-3260
-2236
-1500
-1052
-652
-80
748
1500
2108
2620
3004
3388
3900
4348
4604
4604
4860
5116
5116
5116
4860
4604
4604
4604
4860
4348
3772
3004
2492
2236
2108
1820
1372
684
-24
-620
-1052
-1372
-1500
-1820
-2236
-2748
-3132
-3644
-3772
-3772
-3644
-3516
-3644
-3644
-3644
-3388
-3004
-2620
-2108
-1692
-1308
-924
-556
-132
372
924
1564
2108
2492
2620
2876
3516
4092
4604
4860
5116
5116
5372
5628
6396
6908
6908
6396
5628
5372
5372
5628
5628
5116
4348
3388
2492
1884
1500
1308
556
-356
-1180
-1980
-2620
-3388
-3900
-4348
-4860
-5372
-5884
-6140
-6396
-6652
-6908
-7164
-6908
-6908
-6652
-6652
-6396
-6140
-5884
-5628
-5116
-4604
-4092
-3772
-3260
-2748
-2364
-1820
-1180
-460
96
524
876
1180
1564
2108
2876
3260
3388
3260
3260
3516
3772
4092
4092
3772
3644
3516
3516
3388
3004
2620
2108
1884
1628
1308
988
588
228
-132
-492
-876
-1244
-1500
-1756
-1980
-2236
-2492
-2620
-2748
-2876
-2748
-2620
-2620
-2492
-2236
-2108
-1820
-1564
-1244
-812
-340
-56
132
428
812
1436
1884
2236
2364
2620
2876
3388
4092
4348
4604
4604
4604
4860
5372
5884
5884
5628
5116
4860
4860
4860
4860
4604
4092
3644
3132
2620
2108
1564
988
372
-244
-876
-1564
-2236
-2876
-3388
-3772
-4092
-4604
-5116
-5372
-5628
-5884
-6140
-6396
-6396
-6396
-6396
-6396
-6396
-6140
-5628
-5372
-5372
-5116
-4604
-4092
-3516
-3004
-2620
-2236
-1756
-988
-292
132
492
876
1500
2108
2620
2748
2876
2876
3260
3644
3772
3772
3644
3516
3644
3644
3644
3388
3004
2748
2748
2620
2236
1756
1308
924
716
492
96
-324
-716
-988
-1116
-1372
-1692
-1980
-2236
-2236
-2364
-2364
-2364
-2364
-2364
-2236
-1980
-1820
-1692
-1500
-1180
-812
-460
-148
104
356
780
1180
1628
1884
2108
2492
3004
3388
3772
4092
4348
4348
4860
5116
5372
5372
5116
4860
4604
4604
4604
4604
4092
3772
3388
2876
2492
1980
1244
684
164
-260
-876
-1564
-2236
-2748
-3260
-3772
-4348
-4604
-5116
-5372
-5628
-5884
-6140
-6396
-6396
-6652
-6396
-6140
-5884
-5628
-5628
-5372
-5116
-4860
-4348
-3772
-3388
-3004
-2492
-1884
-1244
-716
-340
0
428
1052
1564
1980
2236
2364
2492
2876
3388
3644
3644
3516
3516
3644
3772
3772
3516
3260
3132
3004
2748
2492
2108
1756
1436
1116
812
460
64
-228
-492
-716
-924
-1180
-1500
-1756
-1884
-1884
-1820
-1820
-1820
-1884
-1756
-1628
-1500
-1436
-1244
-924
-588
-292
56
244
524
988
1372
1692
1884
2236
2492
2876
3132
3388
3644
3772
3900
4092
4348
4604
4860
4860
4860
4604
4348
4092
4092
4092
3772
3388
3004
2492
2108
1564
924
396
-228
-716
-1180
-1692
-2236
-3004
-3516
-3900
-4092
-4604
-4860
-5372
-5628
-5884
-5628
-5884
-5884
-6140
-6140
-5884
-5628
-5372
-5372
-5372
-5116
-4604
-4348
-3900
-3516
-3132
-2492
-1980
-1436
-1116
-844
-492
-148
356
844
1244
1436
1564
1884
2108
2364
2620
2748
3004
3004
3004
3004
2876
2876
2748
2748
2492
2108
1884
1692
1564
1372
1116
844
556
244
32
-96
-244
-428
-684
-924
-1052
-1116
-1116
-1180
-1180
-1116
-1052
-924
-716
-620
-428
-196
24
244
460
716
1116
1372
1500
1692
1884
2108
2364
2620
2876
3132
3388
3644
3772
3772
3772
3900
4092
4348
4348
4092
4092
3644
3388
3388
3260
3004
2748
2364
1884
1436
1052
524
-8
-524
-988
-1180
-1628
-2108
-2748
-3132
-3644
-3900
-4348
-4604
-4860
-5116
-5372
-5628
-5628
-5628
-5884
-5884
-5884
-5628
-5116
-4860
-4860
-4604
-4348
-4092
-3644
-3132
-2876
-2492
-2108
-1500
-1052
-812
-460
-196
228
812
1244
1628
1756
1884
2108
2364
2748
2876
2876
2748
2620
2620
2748
2876
2748
2492
2236
2108
2108
1980
1756
1436
1052
812
620
556
396
120
-104
-244
-340
-460
-588
-748
-844
-844
-780
-716
-716
-748
-716
-524
-196
56
180
148
196
396
748
1116
1308
1436
1436
1564
1980
2364
2620
2748
2748
2876
3004
3132
3260
3388
3388
3516
3644
3644
3388
3004
2748
2620
2748
2492
2108
1756
1564
1372
1116
780
228
-276
-652
-924
-1308
-1692
-2236
-2748
-3132
-3644
-3900
-4092
-4348
-4604
-4860
-4860
-5116
-5372
-5372
-5628
-5372
-5116
-5116
-4860
-4860
-4860
-4348
-4092
-3644
-3260
-3132
-2876
-2492
-1980
-1436
-988
-652
-308
0
356
748
1052
1372
1628
1980
2108
2364
2620
2620
2620
2748
2876
2876
2876
2748
2876
2748
2620
2364
2108
1980
1756
1628
1500
1308
1180
988
716
556
324
148
32
-112
-292
-396
-428
-428
-396
-324
-324
-292
-244
-148
-56
-8
64
260
460
620
780
924
1116
1372
1628
1692
1820
1884
2108
2236
2364
2364
2364
2364
2364
2492
2620
2748
2748
2748
2492
2492
2364
2236
2108
1884
1692
1436
1308
1116
716
276
-164
-460
-716
-1052
-1436
-1884
-2364
-2620
-3004
-3260
-3644
-3900
-4092
-4348
-4348
-4604
-4604
-4860
-5116
-4860
-4860
-4604
-4604
-4604
-4604
-4092
-3644
-3260
-3004
-2876
-2620
-2236
-1692
-1372
-1052
-748
-396
-64
212
588
844
1052
1372
1628
1884
1980
1980
2108
2364
2492
2620
2492
2492
2364
2492
2492
2492
2236
1980
1756
1628
1500
1244
1052
924
780
588
460
244
180
164
80
0
-72
-164
-212
-276
-196
-80
-32
-96
-196
-212
-80
212
492
588
620
652
780
988
1244
1436
1564
1628
1692
1756
1884
1980
2108
2108
2108
2236
2364
2364
2364
2364
2364
2492
2364
2236
1980
1884
1820
1692
1564
1308
1052
780
524
292
-8
-396
-748
-1052
-1372
-1756
-2108
-2364
-2620
-3004
-3260
-3516
-3644
-3900
-4092
-4092
-4348
-4348
-4348
-4348
-4092
-4092
-4092
-4092
-3900
-3772
-3388
-3132
-2748
-2492
-2364
-2108
-1820
-1500
-1116
-844
-588
-340
-148
164
428
684
812
988
1244
1436
1628
1756
1820
1884
1820
1820
1884
1980
1980
1980
1980
1980
1820
1628
1500
1372
1244
1180
988
812
620
524
460
460
428
324
148
-16
-24
64
88
120
88
72
96
212
340
428
428
460
588
748
844
924
1052
1180
1308
1372
1564
1628
1692
1820
1980
2108
2108
2236
2236
2364
2492
2620
2620
2492
2364
2236
2236
2236
2108
1980
1692
1436
1308
1116
876
524
228
-88
-372
-620
-924
-1308
-1692
-2108
-2492
-2620
-2876
-3132
-3388
-3516
-3644
-3644
-3900
-4092
-4348
-4348
-4092
-4092
-4092
-4092
-3900
-3772
-3516
-3388
-3132
-3004
-2876
-2620
-2236
-1980
-1628
-1308
-1052
-748
-460
-244
32
292
556
876
1116
1308
1372
1500
1692
1820
1980
2108
2236
2236
2108
2108
2108
1980
1884
1756
1628
1564
1436
1372
1308
1180
988
780
588
492
524
524
460
276
96
40
32
80
112
0
-120
-148
-16
180
260
308
324
324
460
588
716
780
876
1052
1244
1500
1564
1628
1756
1980
1980
2108
2108
2108
2236
2236
2236
2236
2108
1980
1884
1820
1692
1628
1436
1372
1116
780
492
164
-120
-324
-620
-924
-1180
-1436
-1692
-1980
-2108
-2364
-2620
-2876
-3004
-3132
-3260
-3388
-3388
-3516
-3644
-3644
-3644
-3516
-3388
-3260
-3260
-3004
-2876
-2748
-2492
-2236
-1980
-1820
-1628
-1372
-1116
-780
-460
-180
64
324
460
588
844
1052
1244
1372
1436
1500
1500
1692
1756
1820
1756
1692
1756
1884
1884
1692
1500
1308
1180
1116
1052
876
716
492
396
292
212
112
24
-40
-132
-180
-196
-260
-260
-276
-244
-164
-112
-88
-88
-32
164
396
588
748
844
988
1052
1244
1436
1500
1564
1628
1756
1884
1980
1980
1980
1980
1980
1980
1884
1756
1692
1692
1692
1628
1372
1116
844
652
524
428
244
0
-244
-524
-748
-924
-1052
-1308
-1628
-1820
-1980
-2108
-2236
-2364
-2492
-2748
-2876
-2876
-3004
-2876
-2748
-2748
-2620
-2748
-2748
-2748
-2620
-2364
-2236
-2108
-2108
-1980
-1692
-1436
-1180
-988
-748
-556
-340
-104
120
372
492
620
748
812
924
988
1116
1180
1244
1308
1308
1244
1244
1244
1244
1308
1372
1180
1052
988
988
924
812
620
492
428
428
396
340
260
164
112
80
56
88
120
196
276
396
428
428
460
556
780
924
924
924
988
1052
1180
1308
1436
1500
1500
1500
1500
1564
1564
1500
1500
1500
1308
1244
1244
1244
1244
1116
924
748
556
396
260
180
40
-148
-356
-524
-620
-748
-844
-924
-988
-1116
-1244
-1244
-1308
-1372
-1436
-1500
-1628
-1756
-1884
-1884
-1820
-1884
-1980
-1980
-1980
-1980
-1980
-1884
-1820
-1756
-1756
-1820
-1756
-1564
-1436
-1308
-1244
-1244
-1244
-1180
-988
-844
-748
-684
-588
-556
-524
-396
-244
-164
-164
-164
-132
-8
104
244
340
308
292
340
428
556
588
588
556
588
524
524
556
620
716
748
780
748
780
844
876
924
924
924
988
1116
1180
1308
1436
1436
1436
1500
1500
1564
1628
1628
1628
1692
1756
1692
1692
1628
1500
1564
1564
1500
1372
1244
1244
1244
1180
988
812
684
588
556
492
396
276
148
40
-48
-112
-212
-260
-244
-276
-292
-396
-524
-620
-620
-588
-684
-748
-812
-876
-844
-780
-812
-844
-924
-988
-924
-876
-924
-924
-924
-988
-924
-988
-1052
-1180
-1244
-1244
-1244
-1244
-1372
-1500
-1500
-1436
-1436
-1372
-1500
-1564
-1564
-1500
-1436
-1436
-1436
-1500
-1500
-1500
-1436
-1308
-1116
-1116
-1052
-1052
-988
-876
-748
-588
-524
-524
-460
-324
-196
-24
148
308
428
524
588
652
716
780
924
1052
1244
1308
1308
1372
1500
1564
1628
1756
1756
1692
1692
1692
1820
1884
1692
1564
1564
1564
1628
1628
1500
1372
1180
1116
1052
988
844
748
684
588
556
428
372
356
292
260
212
120
64
-16
-48
-32
0
-40
-148
-196
-180
-132
-72
-132
-212
-228
-196
-112
-72
-56
-72
0
64
96
96
120
120
88
120
72
32
-24
-88
-120
-164
-260
-396
-492
-652
-780
-844
-924
-1052
-1244
-1372
-1500
-1500
-1564
-1692
-1756
-1820
-1820
-1820
-1820
-1820
-1884
-1884
-1820
-1756
-1692
-1692
-1564
-1500
-1436
-1308
-1180
-1052
-924
-812
-620
-428
-260
-164
-32
80
260
492
652
780
812
924
1116
1372
1500
1628
1628
1628
1628
1692
1820
1884
1980
1884
1884
1980
1980
1980
1884
1692
1500
1436
1436
1372
1244
1116
988
924
876
812
684
524
396
292
164
96
88
0
-164
-260
-276
-324
-428
-588
-652
-588
-588
-556
-556
-524
-492
-460
-396
-340
-308
-292
-260
-244
-276
-292
-228
-96
48
104
88
132
180
196
260
324
276
180
132
104
96
48
-16
-164
-292
-372
-460
-524
-652
-812
-924
-988
-1180
-1308
-1436
-1500
-1500
-1564
-1628
-1756
-1756
-1756
-1756
-1756
-1756
-1756
-1756
-1692
-1564
-1500
-1500
-1372
-1244
-988
-844
-716
-620
-492
-428
-244
0
228
372
492
588
780
988
1116
1244
1372
1564
1628
1692
1692
1756
1884
1820
1820
1820
1820
1884
1884
1884
1756
1628
1628
1564
1564
1500
1436
1308
1180
1116
1052
988
876
748
620
460
340
260
212
148
56
0
-72
-164
-228
-276
-276
-276
-276
-292
-308
-308
-260
-228
-196
-212
-260
-228
-132
-72
-96
-88
-96
-56
-16
-48
-56
-64
-56
-48
-48
-56
-80
-132
-180
-228
-244
-276
-396
-460
-524
-620
-684
-812
-924
-1052
-1052
-988
-1116
-1244
-1308
-1372
-1372
-1372
-1372
-1436
-1500
-1500
-1500
-1500
-1500
-1436
-1372
-1308
-1244
-1180
-1116
-1052
-988
-924
-876
-876
-780
-620
-460
-308
-148
-56
-16
104
292
356
428
556
652
684
748
876
924
924
988
1052
1052
1116
1116
1116
1180
1244
1244
1308
1372
1372
1308
1308
1308
1308
1244
1244
1180
1180
1116
1052
988
844
716
748
780
748
684
588
556
524
524
460
396
324
292
308
308
212
180
120
64
48
64
88
56
24
-16
0
48
40
0
0
-24
-48
-112
-132
-120
-180
-228
-276
-324
-396
-460
-524
-556
-620
-684
-652
-620
-684
-748
-780
-844
-924
-924
-924
-876
-876
-924
-988
-988
-988
-988
-924
-876
-876
-844
-812
-780
-748
-716
-716
-684
-652
-588
-556
-556
-492
-428
-308
-260
-228
-244
-292
-260
-164
-72
-24
24
8
32
120
228
228
148
80
32
80
196
228
212
180
104
112
164
260
340
372
372
396
492
556
620
652
684
716
748
780
780
812
844
844
876
876
844
780
716
780
844
924
924
844
780
748
780
748
684
620
556
492
524
588
620
588
460
308
260
260
260
244
196
120
16
0
16
48
16
-96
-212
-292
-356
-428
-460
-492
-556
-620
-588
-556
-620
-716
-748
-716
-684
-716
-812
-812
-780
-780
-748
-716
-716
-780
-812
-780
-716
-684
-652
-556
-492
-396
-428
-428
-396
-372
-308
-276
-292
-276
-260
-196
-132
-72
-64
-104
-132
-120
-56
-32
-24
-32
-88
-132
-148
-132
-104
-132
-180
-212
-180
-164
-212
-196
-212
-212
-196
-212
-196
-212
-196
-148
-40
16
16
40
64
112
196
260
308
308
372
396
396
428
428
428
460
524
588
588
556
620
684
748
812
844
924
876
844
812
844
924
924
812
812
748
716
716
684
620
588
588
556
556
492
356
308
276
180
104
8
-40
-80
-104
-132
-148
-180
-324
-428
-460
-428
-340
-324
-324
-324
-356
-356
-356
-340
-356
-460
-492
-460
-396
-396
-372
-372
-372
-396
-428
-396
-356
-308
-276
-228
-164
-164
-196
-180
-148
-104
-64
-48
-96
-164
-180
-148
-132
-148
-228
-308
-324
-308
-340
-356
-356
-340
-324
-356
-428
-492
-492
-428
-324
-276
-292
-356
-356
-340
-260
-180
-164
-228
-260
-228
-196
-148
-180
-196
-196
-120
-48
-24
-40
-72
-48
-72
-64
-8
0
40
88
164
228
260
260
212
228
260
276
276
276
260
212
212
292
324
356
356
356
372
356
356
428
460
396
260
164
196
260
356
396
396
356
340
372
428
428
396
356
324
356
340
340
340
356
308
260
260
260
260
260
244
164
88
88
88
48
8
-32
-40
-24
0
56
48
0
-48
-64
-40
-72
-148
-164
-196
-196
-148
-96
-64
-148
-212
-244
-244
-260
-308
-340
-340
-292
-292
-340
-356
-396
-396
-308
-228
-244
-276
-276
-244
-164
-72
-24
-32
-96
-112
-56
16
48
32
0
-16
0
8
-24
-112
-104
-72
-56
-64
-96
-148
-148
-132
-120
-96
-132
-180
-180
-104
-40
-48
-112
-148
-180
-148
-120
-80
-96
-164
-132
-80
-40
-16
-64
-96
-112
-88
-88
-132
-180
-180
-164
-164
-132
-120
-80
-64
-40
-16
-24
-32
0
32
16
16
56
104
148
196
228
212
180
180
212
228
228
244
292
340
372
428
460
492
492
460
460
492
524
524
524
524
556
492
460
396
356
340
308
276
244
196
96
0
-120
-164
-196
-212
-212
-196
-212
-260
-292
-324
-340
-356
-396
-372
-324
-324
-324
-324
-372
-428
-492
-492
-428
-372
-356
-324
-260
-212
-196
-212
-212
-148
-88
-96
-96
-96
-80
-32
8
40
40
40
56
72
88
104
148
148
120
112
96
112
120
148
104
148
196
164
112
40
56
72
80
80
48
16
-16
-32
-24
-24
-56
-80
-104
-164
-132
-80
-32
0
-40
-148
-196
-180
-104
0
48
16
8
24
88
212
292
356
340
324
340
396
460
492
524
428
428
460
492
556
588
524
460
428
372
324
292
276
228
164
104
40
-8
-32
-72
-164
-260
-324
-372
-396
-428
-460
-428
-428
-460
-492
-524
-556
-556
-556
-652
-684
-684
-684
-588
-524
-460
-428
-428
-428
-340
-244
-180
-180
-212
-196
-132
-64
-8
-8
-24
-40
-32
32
96
120
120
120
132
164
196
196
164
148
180
196
196
164
120
112
104
96
48
-40
-132
-132
-72
-56
-64
-96
-120
-148
-180
-196
-180
-180
-228
-228
-180
-148
-164
-148
-180
-148
-104
-40
24
88
132
148
212
276
324
340
356
428
524
588
620
652
684
716
748
780
844
844
780
716
684
652
684
652
588
556
460
428
396
324
276
196
132
48
-16
-48
-104
-164
-228
-276
-276
-340
-356
-372
-428
-460
-460
-524
-556
-620
-588
-524
-524
-524
-524
-492
-492
-460
-428
-428
-372
-324
-276
-260
-244
-212
-228
-196
-164
-196
-244
-228
-148
-72
-8
-24
-40
-40
-40
-40
-32
-112
-164
-164
-120
-24
32
0
-64
-120
-112
-56
-64
-96
-96
-164
-148
-120
-132
-180
-196
-228
-244
-212
-196
-148
-164
-180
-212
-196
-196
-132
-104
-80
-64
-48
-24
16
64
80
72
96
164
228
276
340
428
428
492
524
524
524
556
556
556
556
556
556
588
556
524
524
556
588
524
524
492
460
428
396
340
324
292
244
196
148
112
96
72
40
16
-48
-132
-148
-112
-132
-180
-212
-244
-260
-260
-260
-324
-340
-372
-396
-356
-308
-276
-276
-244
-244
-244
-228
-196
-228
-180
-112
-96
-112
-148
-164
-164
-148
-132
-112
-132
-164
-164
-148
-112
-104
-148
-196
-228
-244
-212
-180
-148
-132
-148
-132
-164
-228
-244
-196
-132
-112
-148
-228
-292
-292
-276
-260
-228
-228
-260
-260
-292
-308
-276
-244
-228
-212
-196
-276
-260
-148
-80
-64
-72
-72
-24
72
180
228
276
308
292
324
428
492
524
524
492
460
492
524
556
588
556
588
588
588
556
556
556
524
524
492
460
396
372
396
396
356
276
196
148
80
32
16
-8
-56
-120
-180
-212
-228
-260
-260
-292
-324
-356
-396
-372
-308
-292
-276
-292
-276
-260
-212
-164
-96
-56
-88
-120
-132
-132
-104
-48
-8
-32
-80
-80
-40
-32
0
48
48
48
48
48
8
0
-8
0
8
56
80
88
80
56
16
-48
-96
-148
-164
-180
-196
-228
-276
-308
-340
-356
-396
-460
-492
-492
-524
-524
-524
-492
-428
-396
-396
-428
-428
-356
-292
-228
-212
-212
-180
-80
48
132
132
112
132
212
292
396
428
428
428
460
492
556
588
620
652
652
620
620
588
556
524
492
460
396
356
340
292
292
276
260
180
80
8
-32
-32
-24
-48
-132
-212
-260
-276
-260
-260
-276
-292
-276
-228
-212
-212
-180
-164
-180
-164
-148
-132
-132
-88
-56
-56
-56
-24
16
64
112
96
80
88
96
132
180
212
212
196
212
228
228
228
228
164
132
112
80
8
-8
-40
-88
-112
-148
-212
-260
-292
-372
-396
-396
-460
-524
-556
-556
-588
-620
-652
-652
-620
-588
-524
-492
-460
-460
-460
-396
-340
-276
-228
-180
-56
32
72
112
212
260
324
372
428
460
524
588
652
716
716
716
748
748
716
652
588
588
556
556
620
588
460
324
244
212
164
104
24
-8
-16
-64
-132
-212
-292
-396
-428
-428
-460
-492
-492
-524
-556
-556
-588
-556
-492
-460
-428
-428
-372
-356
-276
-228
-196
-180
-164
-64
24
120
228
276
260
260
260
308
372
396
428
460
492
492
556
588
556
524
524
460
428
428
460
428
372
308
196
132
72
8
-32
-80
-148
-228
-244
-324
-396
-460
-492
-524
-556
-556
-588
-588
-652
-684
-684
-684
-652
-652
-620
-556
-428
-356
-324
-228
-196
-180
-148
-88
-32
40
132
212
292
356
356
428
492
524
524
492
524
524
556
588
620
556
460
428
460
492
524
460
396
324
276
228
164
104
48
-24
-132
-228
-244
-292
-340
-356
-428
-492
-556
-556
-524
-492
-460
-428
-492
-524
-492
-460
-396
-340
-324
-324
-292
-228
-148
-80
-80
-48
-8
72
164
244
276
324
340
308
324
396
428
428
428
492
492
492
460
428
428
428
396
356
324
260
196
180
164
132
40
-40
-112
-132
-148
-180
-244
-292
-340
-396
-428
-428
-428
-492
-588
-588
-556
-524
-492
-492
-492
-492
-428
-396
-372
-324
-308
-308
-244
-112
-56
-8
32
112
148
180
244
260
292
340
396
428
460
460
460
492
492
492
492
492
492
524
492
460
460
356
308
276
228
180
104
64
24
-48
-120
-180
-228
-292
-340
-356
-340
-372
-396
-372
-372
-396
-428
-460
-460
-428
-396
-372
-372
-396
-356
-308
-260
-180
-148
-96
-8
48
88
104
148
196
228
244
260
292
356
396
428
460
428
396
396
396
396
428
428
396
396
396
356
324
260
164
132
96
64
48
-16
-72
-148
-228
-260
-292
-308
-356
-356
-372
-372
-396
-460
-460
-492
-492
-428
-396
-396
-372
-372
-340
-324
-324
-308
-228
-132
-64
0
64
132
148
196
292
340
356
372
396
428
396
428
460
492
460
460
460
460
428
428
396
396
396
324
260
180
104
48
8
-40
-96
-120
-180
-212
-260
-308
-356
-372
-396
-428
-428
-428
-396
-428
-460
-428
-428
-460
-460
-428
-396
-396
-372
-340
-356
-292
-212
-164
-96
-48
-16
40
132
180
212
244
276
276
292
340
396
396
396
396
396
396
428
460
492
460
396
396
396
356
340
324
244
196
148
112
48
0
-56
-80
-132
-196
-260
-356
-396
-396
-396
-428
-428
-492
-524
-524
-492
-460
-460
-492
-460
-428
-396
-372
-324
-276
-260
-196
-132
-96
-56
-24
40
88
132
164
196
228
308
396
428
396
428
492
524
492
460
428
356
356
356
372
356
292
228
180
180
148
96
48
24
0
-40
-56
-96
-180
-212
-276
-308
-308
-324
-308
-308
-292
-308
-324
-340
-308
-276
-260
-244
-244
-244
-180
-120
-96
-72
-56
-48
-8
0
48
112
148
196
244
260
260
308
372
428
428
396
428
396
372
372
372
356
340
340
308
292
260
212
148
88
16
0
-8
-40
-64
-104
-164
-228
-308
-340
-372
-396
-396
-396
-428
-428
-372
-372
-396
-460
-460
-460
-428
-372
-340
-308
-308
-260
-228
-180
-148
-112
-32
48
132
196
260
276
292
308
308
324
372
396
428
460
428
428
396
372
340
324
276
228
228
228
196
148
88
72
16
-24
-64
-164
-196
-228
-244
-244
-308
-372
-428
-492
-492
-460
-428
-460
-492
-492
-460
-460
-460
-460
-428
-396
-356
-308
-276
-260
-180
-80
-56
-16
64
132
196
260
324
356
340
372
428
460
492
556
588
588
620
588
556
588
588
588
588
556
524
492
492
428
372
308
212
180
132
96
40
-24
-104
-180
-212
-260
-308
-340
-396
-428
-396
-396
-396
-396
-428
-428
-428
-396
-396
-372
-356
-324
-276
-228
-164
-112
-120
-132
-96
-24
16
48
112
148
164
164
180
180
196
228
260
276
292
276
260
260
244
228
212
180
148
132
56
24
0
-32
-40
-48
-88
-120
-164
-180
-180
-212
-260
-324
-356
-396
-428
-396
-396
-428
-460
-460
-460
-428
-428
-428
-396
-356
-308
-244
-212
-148
-112
-96
-72
-56
-16
24
88
132
164
164
196
228
244
308
372
396
428
428
460
460
460
396
356
340
356
396
396
340
292
228
164
164
148
112
48
0
-16
-72
-120
-148
-180
-260
-276
-244
-228
-212
-212
-244
-244
-276
-308
-308
-260
-244
-212
-180
-164
-112
-72
-32
0
32
16
48
112
180
244
276
324
372
372
372
372
396
396
396
428
460
428
428
428
396
356
308
292
276
260
212
180
120
72
80
72
32
8
-40
-112
-180
-244
-260
-340
-396
-428
-428
-460
-492
-492
-492
-460
-460
-428
-428
-396
-428
-460
-396
-324
-340
-340
-324
-276
-244
-196
-120
-72
-56
-64
-56
-32
24
64
112
180
212
212
244
244
276
308
292
292
324
340
308
276
276
244
180
164
132
96
72
24
8
0
-40
-64
-88
-132
-164
-180
-180
-196
-228
-260
-276
-276
-292
-324
-340
-292
-276
-244
-196
-164
-164
-196
-196
-180
-164
-148
-148
-96
-32
24
64
88
120
164
148
164
196
228
228
244
276
308
324
340
340
356
356
324
308
324
308
324
308
308
260
196
180
148
120
148
132
88
72
24
-40
-80
-120
-164
-180
-180
-164
-148
-180
-196
-164
-196
-212
-212
-212
-180
-148
-132
-132
-104
-164
-132
-72
-16
-16
-48
-24
0
32
72
96
104
112
132
164
244
244
244
244
260
260
260
244
164
88
80
132
132
132
80
40
16
8
-8
-8
-16
-64
-80
-104
-148
-196
-244
-260
-292
-324
-308
-324
-308
-276
-260
-292
-292
-292
-260
-244
-196
-196
-212
-196
-196
-180
-180
-164
-148
-132
-132
-64
-16
-8
8
24
24
64
112
132
120
96
148
148
148
148
132
96
104
120
132
148
164
148
120
132
132
120
88
56
48
8
8
24
-8
-40
-16
-16
