SAMPLES:	7910
BITSPERSAMPLE:	16
CHANNELS:	1
SAMPLERATE:	16000
NORMALIZED:	FALSE
8
0
0
8
0
8
8
8
8
8
8
0
0
0
0
0
0
0
0
0
0
0
0
0
0
0
0
0
0
0
0
0
0
0
0
0
0
0
0
0
0
0
0
0
0
0
8
0
8
8
8
0
0
0
0
0
8
8
0
8
8
8
8
8
8
8
8
0
0
0
0
0
0
0
0
0
0
0
0
0
0
0
0
0
0
0
-8
0
-8
0
0
0
0
-8
0
-8
0
-8
0
-8
0
-8
-8
-8
-8
-16
-16
-16
-16
-16
-8
-8
-8
-8
-16
-16
-16
-16
-8
-8
-8
-8
-8
-16
-16
-16
-16
-8
-8
-8
-8
-8
-16
-16
-16
-16
-8
-16
-16
-16
-16
-16
-16
-16
-8
-16
-16
-16
-16
-8
-8
-8
-8
-8
-8
-8
-8
0
0
0
0
0
0
0
0
0
0
0
0
0
0
8
8
8
8
8
16
16
16
16
16
16
16
16
16
24
24
32
32
32
32
32
32
32
32
32
32
32
32
32
32
32
32
32
32
32
24
24
24
24
24
24
24
24
32
24
24
24
24
16
16
16
16
8
8
8
8
8
0
0
0
0
0
0
0
0
0
-8
-8
-16
-16
-16
-16
-8
-8
-8
-16
-16
-16
-16
-16
-16
-24
-24
-24
-24
-24
-24
-24
-24
-24
-24
-24
-24
-16
-24
-24
-24
-24
-16
-16
-16
-16
-16
-16
-16
-16
-16
-16
-16
-24
-16
-16
-16
-16
-8
-8
-8
-8
-8
-8
-8
-8
-8
-16
-8
-8
-8
-8
-16
-16
-16
-16
-16
-16
-16
-8
-8
-8
-8
-8
-8
0
0
0
0
0
0
0
0
0
0
0
0
0
0
0
0
0
0
0
0
0
0
0
0
0
0
0
8
8
8
8
0
8
8
8
8
8
8
16
8
16
16
16
16
16
16
16
16
16
16
16
16
16
16
16
16
24
24
24
24
24
24
24
24
24
24
24
24
24
24
24
32
24
32
24
32
32
32
32
32
32
24
24
24
24
24
24
24
24
16
16
24
16
24
24
16
16
8
8
8
8
8
8
8
0
0
0
0
0
0
0
-8
-8
-16
-16
-16
-8
-16
-16
-16
-24
-24
-24
-24
-24
-32
-32
-40
-40
-40
-40
-40
-40
-48
-48
-48
-48
-48
-48
-48
-48
-48
-56
-56
-56
-56
-56
-56
-56
-56
-56
-56
-48
-48
-48
-48
-48
-48
-56
-48
-48
-48
-48
-40
-40
-40
-32
-32
-24
-24
-24
-16
-16
-16
-8
-8
-8
-8
0
0
0
8
8
16
16
16
24
24
24
24
32
40
40
48
48
48
56
56
56
56
56
56
64
64
64
64
72
72
72
72
72
64
64
64
64
64
64
64
64
64
64
56
56
56
48
48
48
56
48
48
40
40
40
32
32
24
24
24
24
16
16
16
8
8
8
8
8
0
0
0
0
0
-8
-8
-8
-16
-16
-16
-16
-16
-16
-24
-32
-32
-32
-32
-32
-32
-40
-40
-40
-32
-40
-40
-40
-40
-40
-40
-48
-48
-48
-40
-40
-40
-40
-40
-40
-40
-40
-40
-40
-40
-40
-40
-40
-40
-40
-32
-32
-32
-24
-24
-24
-24
-24
-24
-24
-24
-24
-16
-16
-16
-16
-16
-16
-16
-8
-8
-8
-8
-8
-8
-8
-8
-8
-8
0
0
0
0
0
0
0
0
0
0
0
0
8
8
0
0
8
8
8
8
8
8
8
16
16
16
16
16
16
16
16
16
16
16
16
16
16
16
16
24
16
24
24
24
24
16
16
16
24
24
24
24
24
24
16
16
16
24
24
24
16
16
16
8
16
16
16
16
16
16
16
16
16
16
16
8
16
16
8
8
8
8
8
8
8
8
8
8
8
8
8
8
8
0
0
0
0
0
0
0
0
0
0
0
0
0
0
0
0
0
0
0
0
0
0
0
0
0
-8
0
0
0
-8
-8
-8
-8
-16
-16
-16
-16
-16
-16
-16
-16
-24
-24
-16
-16
-16
-16
-16
-16
-24
-24
-24
-24
-24
-24
-24
-24
-24
-32
-24
-32
-32
-32
-32
-32
-32
-32
-32
-24
-24
-32
-24
-24
-24
-24
-24
-24
-24
-24
-24
-24
-16
-16
-16
-8
-8
-8
-8
-8
-8
-8
-8
-8
0
0
0
0
0
0
8
8
8
8
8
8
8
8
16
16
16
16
24
24
32
32
32
32
32
32
32
32
32
32
32
40
40
40
32
32
32
32
32
32
32
32
32
32
32
40
32
32
32
40
32
32
32
32
24
24
24
24
24
24
24
24
24
24
16
16
8
0
0
0
0
8
8
8
8
8
0
0
0
-8
0
0
-8
-8
0
0
-8
-8
-16
-24
-24
-24
-24
-32
-32
-32
-24
-32
-32
-32
-32
-32
-32
-24
-24
-24
-24
-24
-32
-32
-32
-40
-48
-40
-40
-40
-40
-32
-32
-32
-32
-32
-32
-40
-32
-32
-24
-16
-16
-24
-24
-16
-24
-16
-24
-24
-24
-24
-24
-16
-8
-8
0
0
-8
-8
-8
0
-8
-8
0
0
0
0
0
0
8
0
8
8
0
0
0
8
8
8
8
8
8
8
8
16
16
24
40
40
32
24
8
8
8
16
16
32
32
24
24
24
24
32
40
40
40
40
48
56
48
56
56
40
56
48
48
40
32
40
40
40
48
48
40
40
40
32
32
32
32
24
24
32
24
16
16
8
8
0
8
0
-8
-8
-8
-8
0
0
-8
0
-8
-16
-24
-24
-32
-40
-48
-32
-32
-32
-32
-40
-48
-56
-56
-48
-48
-48
-48
-48
-48
-48
-40
-48
-48
-48
-40
-40
-32
-32
-40
-32
-32
-40
-48
-40
-40
-32
-24
-24
-24
-24
-16
-24
-24
-16
-16
-16
-8
0
-8
0
-8
-16
-8
-8
-8
0
0
-8
0
8
8
16
16
16
0
0
0
0
0
0
-8
0
0
16
32
16
24
8
8
8
8
8
16
8
8
0
8
16
16
24
24
32
24
24
16
24
32
24
32
40
32
32
32
32
40
32
40
32
24
32
24
16
16
40
48
40
32
32
32
32
24
40
48
56
48
64
64
104
244
132
-24
-88
-148
-164
-212
-228
-80
48
40
-88
-88
-56
-132
-48
0
48
112
8
-16
8
-96
-72
-16
8
104
48
88
48
-40
-64
-56
8
40
64
56
132
228
212
180
196
-16
-164
-180
-260
-196
-120
-56
64
40
-132
-164
-164
-148
-40
8
-8
-24
-80
-276
-324
-212
-132
-32
88
164
104
16
16
-56
-148
-80
-8
88
120
120
112
16
8
-8
-64
32
56
0
8
64
-16
-120
24
64
16
164
244
180
112
-16
-24
-32
-120
-40
48
88
72
32
0
32
104
-48
-48
96
0
-56
-48
-48
-40
-48
-16
0
96
56
-64
0
-40
-132
-120
-88
-72
148
196
132
120
-88
-132
-196
-228
-104
40
96
40
48
-32
-112
16
24
96
372
148
40
24
-196
-112
-120
-24
276
356
372
80
-120
-104
-372
-276
-88
-24
180
112
-148
-164
-164
-40
-48
24
276
32
48
-88
-292
-96
-80
32
244
340
340
104
0
-40
-212
0
-32
-8
228
120
0
48
32
-32
32
196
132
132
148
-164
-164
-64
-48
8
40
132
104
-32
8
-40
-228
-260
-244
-244
-196
-88
-8
-8
0
-32
-48
-16
-8
88
48
48
120
228
8
-48
112
-24
-8
112
48
0
-48
-88
-164
-196
-120
-148
-16
-16
-104
-64
-96
-48
-40
-56
180
164
72
96
40
16
-32
-8
148
180
228
64
-112
-72
-148
-180
-72
112
148
40
148
120
-16
-32
-180
-164
0
-24
-64
32
-72
-148
-104
48
48
0
0
24
-24
-132
-132
-112
-148
0
56
132
356
32
-96
32
-40
-72
96
132
164
180
40
64
228
64
-88
164
228
24
-24
-96
-228
-164
-120
-16
308
276
56
48
-56
-244
-164
-180
-72
244
180
0
88
80
-260
-104
212
244
164
64
-88
-132
-260
-276
64
196
164
32
-56
-132
-228
-396
-132
180
180
80
56
88
-180
-324
-104
112
180
132
80
48
-148
-324
-276
-16
196
132
164
120
-80
-164
-308
-196
24
64
56
148
132
-32
-104
-24
80
48
48
88
72
-132
-180
-8
-32
32
96
40
8
24
-80
-148
8
24
0
56
0
-24
-40
-148
-72
148
132
132
132
80
16
-88
-228
-132
8
-32
-88
80
132
16
16
32
8
-64
-40
-72
-56
-32
-112
-148
-48
48
120
120
132
148
16
-120
-132
-16
0
40
96
120
148
72
-8
-40
-16
-56
-40
-48
-16
88
96
96
164
148
24
0
-16
-8
40
88
0
0
-88
-164
-104
-16
24
80
88
0
16
40
0
-48
8
24
8
8
48
80
72
24
0
0
-24
-40
-56
-32
16
88
64
56
56
-16
-40
-32
-56
-40
-32
-48
-32
0
64
64
48
104
0
-88
-64
-104
-132
-132
-40
40
72
56
-16
-40
-8
-32
-8
40
40
-16
-96
-96
-16
8
40
64
112
24
-80
-64
-72
-88
-64
48
104
32
-72
-88
-80
-112
-132
-72
32
64
-16
-64
-64
-104
-148
-132
-8
72
16
-32
-24
-16
-72
-88
-16
0
-8
-40
-32
-32
-32
-16
48
132
120
80
40
-16
-64
-72
-56
-8
24
16
32
40
8
16
48
64
88
72
64
48
0
64
88
96
120
120
148
96
40
56
0
-40
8
48
72
132
148
132
112
80
8
0
8
-8
-40
-16
0
0
0
24
48
48
16
-16
-16
-48
-80
-88
-72
0
0
-8
0
-16
-64
-32
0
0
40
40
16
24
-16
-56
0
48
72
80
48
0
-32
-80
-96
-48
-16
16
32
-8
-24
-16
-24
-32
-16
-16
-40
-64
-88
-96
-88
-64
-8
8
32
64
24
-24
-24
-8
8
56
80
80
32
-16
-72
-64
-40
-48
0
16
-24
-8
-40
-88
-56
-32
0
0
0
0
-40
-64
-80
-80
-64
-48
-48
-80
-112
-112
-112
-132
-120
-96
-56
-8
8
8
0
-56
-112
-112
-56
-32
-8
8
16
0
-8
32
80
112
104
80
64
8
-48
-56
-16
0
16
0
-48
-120
-180
-148
-72
-8
32
48
24
-24
-72
-80
-56
8
64
72
88
72
16
-8
56
148
164
164
180
132
132
104
180
324
356
340
356
396
292
260
276
260
356
396
372
396
324
196
196
196
228
260
228
164
164
72
-8
16
24
0
0
-24
-80
-132
-228
-260
-244
-244
-228
-228
-244
-292
-324
-396
-428
-428
-428
-428
-396
-428
-492
-524
-524
-556
-492
-460
-428
-428
-428
-460
-492
-460
-460
-396
-396
-356
-356
-356
-340
-308
-308
-276
-244
-212
-164
-148
-88
-48
-48
-16
8
32
104
196
292
356
324
340
340
356
428
492
556
556
524
524
524
556
620
620
652
620
620
620
620
620
684
684
588
460
428
460
428
524
556
620
652
620
524
460
396
340
292
356
460
492
524
652
780
876
876
876
780
652
716
812
844
716
556
556
492
396
148
-32
-16
-292
-716
-1116
-1308
-1308
-1628
-1980
-2236
-2364
-2620
-3004
-3132
-3132
-3132
-3260
-3388
-3260
-3260
-3260
-3132
-2876
-2492
-1980
-1628
-1244
-1116
-924
-812
-588
-308
-164
260
652
844
988
1116
1308
1308
1244
1116
1372
1564
1372
1372
1308
1052
780
748
876
988
812
588
460
396
308
212
292
372
524
876
1116
1308
1372
1180
1116
1180
1372
1692
1692
1436
1372
1372
1436
1308
1308
1372
1500
1564
1308
1244
1052
876
556
620
1052
988
748
588
492
396
428
460
460
620
844
988
1116
1052
924
1372
2108
2748
2876
2364
1756
1116
844
1244
1884
2492
2364
1756
844
40
-396
-492
-212
-180
-588
-1244
-1980
-2620
-3132
-3516
-3772
-3772
-3772
-3772
-3900
-4092
-4860
-5372
-5372
-5116
-4604
-4092
-3644
-3388
-3388
-3388
-3260
-3004
-2620
-2108
-1564
-1180
-684
-340
-180
-48
120
780
1628
2108
2236
1980
1756
1436
1308
1564
1884
1980
1756
1564
1308
1116
924
684
588
748
1052
1116
924
924
924
812
716
780
1628
1500
924
876
988
1244
1308
1116
1052
1756
2236
1500
1244
1628
1308
1116
988
988
1820
1820
1180
1052
1436
1692
1436
1116
1244
1500
1372
1180
1308
1756
1500
988
876
1436
1756
1308
924
876
1052
876
428
244
620
780
524
620
988
1180
924
396
48
120
16
-276
-428
-372
-324
-428
-748
-988
-988
-1116
-1436
-1564
-1564
-1564
-1884
-2236
-2364
-2492
-2620
-2620
-2748
-2748
-2876
-3004
-3260
-3388
-3388
-3516
-3644
-3644
-3516
-3260
-3004
-2876
-2876
-3004
-2748
-2492
-2108
-1980
-1692
-1244
-924
-716
-556
-396
-276
-244
32
524
988
1180
1116
1180
1244
1308
1564
1980
2108
2108
2108
2108
2108
2108
1980
2236
2492
2620
2492
2236
2364
2236
1820
1884
1980
2236
2236
1884
1756
1884
1756
1372
1244
1372
1308
1180
1052
1052
1180
1052
492
396
684
924
876
556
684
924
684
356
396
812
716
196
180
684
812
276
16
260
524
492
112
0
120
-196
-748
-748
-396
-292
-460
-460
-148
-40
-180
-276
-372
-372
-196
0
24
-48
0
120
48
-132
-64
80
96
-196
-556
-684
-716
-876
-1308
-1500
-1564
-1756
-1980
-2108
-2236
-2492
-2876
-3260
-3388
-3388
-3388
-3388
-3260
-3260
-3132
-3132
-3004
-2748
-2492
-2236
-2108
-1884
-1692
-1500
-1244
-924
-588
-228
72
196
212
492
716
812
1116
1372
1628
1628
1500
1692
1884
1756
1756
1820
1756
1692
1980
1980
1628
1564
1628
1564
1564
1564
1756
1692
1564
1628
1372
1692
1756
1244
1244
1628
1500
1116
1372
1628
1244
1180
1564
1564
1180
812
876
1308
1116
588
1052
1628
1244
460
396
924
924
212
-132
588
988
356
-64
244
212
-212
-428
-260
132
-80
-492
-396
-72
-64
-24
244
372
260
196
180
88
48
8
112
396
620
460
80
-180
-324
-396
-428
-428
-396
-492
-844
-1308
-1628
-1756
-1980
-2236
-2236
-2236
-2364
-2748
-3004
-3260
-3388
-3388
-3260
-3004
-2876
-3004
-3004
-3004
-2876
-2748
-2492
-2108
-1692
-1564
-1500
-1308
-1116
-812
-460
-164
96
396
524
356
228
396
716
876
1052
1372
1436
1180
844
844
1052
1180
1116
1308
1500
1564
1500
1180
1116
1436
1884
1756
1180
1436
2364
2236
1180
844
1980
2748
2236
1244
1372
2876
3004
1116
716
2236
2876
1980
844
1372
2620
2236
684
372
1372
1820
556
-244
652
1500
844
148
716
1180
780
-292
-620
292
372
-620
-924
16
244
-524
-812
-212
-40
-748
-1116
-396
356
40
-460
-228
276
-40
-684
-372
324
356
-164
-292
-40
-32
-428
-684
-428
-308
-716
-1180
-1436
-1564
-1820
-2108
-2108
-1980
-1884
-2236
-2748
-3004
-3132
-3388
-3516
-3260
-3004
-3004
-3004
-2876
-2748
-2748
-2876
-2492
-1980
-1628
-1564
-1628
-1500
-1372
-1180
-716
-164
260
260
120
112
260
396
748
1116
1436
1436
1116
988
1116
1244
1308
1372
1500
1564
1372
1244
1436
1308
1308
1308
1884
2236
1820
1564
1372
1628
1756
1564
1692
2364
2620
2108
1372
1628
2108
1756
1436
1436
1692
2236
1980
1500
1372
1692
1564
780
1052
1564
1180
812
748
924
1180
1180
988
780
988
716
72
308
460
16
-120
0
16
-88
-132
-148
-120
-148
-148
276
844
812
64
-96
88
-48
-40
460
988
924
396
-324
-684
-492
-396
-356
-48
-120
-876
-1820
-2364
-2364
-2364
-2364
-2364
-2492
-3004
-3516
-3900
-4092
-4092
-4092
-3900
-3772
-3772
-3900
-4092
-4092
-3772
-3260
-2876
-2620
-2364
-2364
-2236
-1884
-1372
-812
-524
-396
-228
8
260
620
1180
1628
1628
1436
1308
1564
1692
1628
1628
1820
1884
1628
1308
1244
1372
1372
1180
1308
1500
1500
1308
924
988
1372
1500
1628
1628
1692
1564
1436
1564
1756
1820
1820
1756
1820
1820
1820
1884
1820
1756
1820
1980
1884
1692
1628
1692
1692
1692
1564
1372
1244
1180
1052
1244
1628
1628
1308
1052
988
1116
844
340
308
748
988
876
780
748
812
1244
1980
2108
1308
-8
-620
212
1500
1980
1884
1756
988
-460
-1436
-1180
-324
308
32
-924
-1884
-2748
-3132
-3004
-2492
-2364
-2876
-3644
-4348
-4860
-5116
-4860
-4860
-4604
-4348
-4348
-4860
-5116
-5372
-5116
-4604
-3772
-3260
-3132
-3388
-3516
-3388
-2748
-1500
-308
260
148
-228
-212
372
1180
1820
2364
2620
2492
2236
2108
2108
2492
3004
3260
3132
2620
1692
988
988
1564
2108
2108
1244
396
-40
48
492
924
1052
876
524
324
428
492
556
988
1692
2108
1820
1244
812
716
924
1500
2492
2748
2108
1500
1308
1820
2492
2620
2492
2236
1980
1628
1628
1884
1884
1884
2108
1820
1564
1308
1116
988
1116
1500
1820
1820
1308
780
876
1756
2748
3004
2236
812
-48
652
1980
2620
2364
1884
1372
524
-492
-780
112
812
428
-716
-1980
-2876
-3388
-3388
-2876
-2492
-3004
-4348
-5372
-5628
-5628
-5372
-5372
-5372
-5372
-5628
-5884
-5884
-5884
-5372
-4860
-4092
-3772
-3772
-4092
-3900
-3388
-2364
-1308
-492
-228
-372
-524
0
1308
2236
2492
2364
2620
2748
2620
2620
2876
3388
3388
3132
3004
2620
1980
1436
1564
2236
2364
1756
844
228
-56
32
524
780
460
-196
-652
-492
-212
-88
180
372
372
396
460
556
716
924
1372
1980
2108
1756
1436
1372
1628
2364
2876
2876
2364
1980
1820
1980
2364
2620
2620
2364
1980
1980
1980
2108
1884
1692
1756
1628
1372
1372
1692
1884
1980
2108
2748
3132
2492
1116
396
1244
2620
3132
2236
1436
1116
652
-24
-396
96
684
-24
-1436
-2620
-3132
-3260
-3132
-2620
-2620
-3516
-5116
-6140
-6140
-5628
-5116
-5116
-5628
-6396
-6652
-6396
-5884
-5628
-5372
-4860
-4604
-4348
-4348
-4092
-3644
-2876
-1884
-924
-684
-1052
-1116
-492
924
2364
2748
2492
2108
1980
2364
3388
4092
4348
3900
3260
2876
3004
3132
3260
3132
2876
2492
1820
1244
988
988
1244
1500
1308
492
-196
-428
-88
492
748
588
24
-492
-428
132
684
988
924
620
524
748
1116
1564
1628
1628
1564
1500
1436
1628
1820
2108
2364
2364
2108
1884
1628
1628
1980
2236
2236
1980
1564
1308
1372
1564
1692
1692
1756
1756
1692
1628
1820
2748
3132
2620
1308
492
1372
2620
2748
1980
1372
1180
716
-48
-588
40
652
-32
-1244
-2364
-3004
-3260
-3132
-2876
-3004
-4092
-5372
-6396
-6140
-5372
-5116
-5372
-5884
-6396
-6396
-6140
-5628
-5372
-5116
-5116
-4604
-4348
-4092
-4092
-3516
-2620
-1564
-924
-1116
-1500
-1180
104
1500
2236
2236
2108
1980
2364
3004
3900
4348
4092
3516
3132
3260
3132
3260
3388
3260
2748
2108
1628
1436
1372
1436
1500
1116
428
-260
-428
-80
396
588
308
-244
-684
-652
-104
524
812
684
308
88
308
844
1308
1500
1500
1308
1180
1308
1564
1980
2236
2236
2108
1980
1884
1884
2108
2364
2492
2364
2108
1692
1692
1820
1820
1884
1820
1628
1628
1756
1884
1980
2620
3132
2876
1628
652
1308
2620
3388
2620
1692
1372
1116
556
164
524
1116
492
-988
-2236
-2876
-2876
-2748
-2364
-2492
-3388
-4860
-5884
-5628
-5116
-4604
-4860
-5884
-6652
-6908
-6396
-5628
-5372
-5372
-5372
-5372
-5116
-4860
-4348
-3772
-3132
-2492
-1980
-1628
-1436
-1436
-924
292
1756
2236
1628
1308
1980
3132
3644
3772
3516
3516
3260
3260
3644
3644
3260
2620
2620
2876
2620
1884
1244
1308
1436
1244
924
356
-228
-260
132
684
556
-196
-652
-460
148
620
812
524
132
88
556
1180
1308
1116
924
924
1180
1564
1756
1756
1820
1884
1980
1980
1884
1980
2236
2364
2236
1980
1756
1564
1500
1692
1980
1884
1692
1564
1628
1884
2108
2108
2620
3004
2876
2108
1116
1372
2620
3388
2876
1980
1628
1436
1052
460
588
1308
988
-196
-1564
-2364
-2364
-1980
-1756
-1980
-2876
-4348
-5372
-5116
-4604
-4092
-4604
-5628
-6140
-6396
-5884
-5116
-4860
-5116
-5372
-5116
-4860
-4860
-4604
-4092
-3004
-2364
-1980
-2236
-2620
-1980
-684
588
1116
812
396
324
988
2236
3388
3388
2620
1980
1980
2364
2620
2748
2748
2364
1564
1180
1116
1308
1308
1180
988
524
-40
-324
-24
396
684
356
-212
-556
-524
16
652
924
556
132
40
460
1180
1628
1756
1564
1180
1116
1500
1980
2364
2492
2364
1980
1884
1980
2236
2492
2620
2364
2108
1820
1884
1884
2108
2108
1980
1564
1436
1756
2108
2492
2364
2236
2620
2748
2492
1756
1500
2364
3260
3004
2108
1500
1628
1692
1308
748
988
1116
396
-748
-1692
-1980
-1820
-1820
-1980
-2492
-3644
-4604
-4604
-4348
-4092
-4092
-5116
-5628
-5884
-5372
-4860
-4604
-4860
-5116
-5116
-4604
-4092
-4092
-3644
-3132
-2876
-2620
-2620
-2236
-1628
-1052
-396
276
556
244
148
684
1756
2492
2492
1980
1500
1436
1884
2492
2876
2492
1500
924
1052
1500
1628
1308
780
132
-148
8
428
492
132
-244
-372
-308
-212
-48
148
276
164
72
120
324
556
844
1052
1116
988
924
1052
1308
1692
1980
1884
1820
1756
1884
2108
2364
2364
2236
1980
1884
1980
2236
2364
2364
2108
1884
1820
1980
2236
2492
2620
2364
2236
2492
2876
2620
1980
1820
2492
3004
2748
1820
1500
1756
1756
1116
396
524
716
340
-620
-1564
-1980
-1980
-1820
-1884
-2492
-3772
-4604
-4604
-4092
-3772
-4092
-5116
-5628
-5628
-4860
-4348
-4348
-4604
-5116
-4860
-4348
-3644
-3388
-3388
-3260
-2748
-2108
-1884
-1884
-1564
-748
-64
324
460
492
556
876
1564
2236
2620
1980
1564
1564
1980
2236
2236
2108
1692
988
684
924
1244
1052
492
8
-196
-340
-260
-72
-32
-396
-812
-844
-588
-244
-148
-16
24
-48
-112
48
428
780
924
988
1052
1116
1308
1500
1692
1884
1980
1980
1884
1980
2108
2364
2364
2364
2236
2108
2108
2236
2492
2492
2236
2108
1980
2364
2748
2876
2876
2492
2492
2876
3516
3260
2492
2108
2620
3260
3004
2236
1756
1980
2108
1500
620
428
620
356
-428
-1436
-2108
-2364
-2236
-2108
-2364
-3388
-4348
-4860
-4348
-4092
-4092
-4860
-5628
-5884
-5372
-4604
-4348
-4860
-5116
-5116
-4604
-3900
-3516
-3260
-3260
-3132
-2876
-2108
-1436
-1244
-1052
-620
72
228
32
72
716
1500
1820
1692
1308
1052
1052
1756
2236
2108
1436
716
684
780
924
876
620
196
-196
-260
-8
80
-120
-196
-276
-396
-556
-556
-276
16
48
-32
-24
0
228
556
876
1052
924
844
1116
1564
1980
2108
2108
1980
1980
2364
2620
2748
2620
2620
2492
2492
2620
2748
2748
2876
2748
2620
2492
2748
3132
3388
3132
2748
2620
3004
3644
3772
3260
2620
2492
3004
3260
2876
2236
2108
2236
1756
924
492
716
716
112
-924
-1756
-2236
-2364
-2364
-2364
-3132
-4092
-4860
-4860
-4604
-4348
-4604
-5372
-5884
-5884
-5372
-4604
-4604
-4860
-5116
-4860
-4348
-3900
-3644
-3388
-2876
-2620
-2364
-2108
-1564
-876
-524
-228
104
460
396
556
1052
1692
1820
1436
1244
1372
1564
1436
1500
1500
1372
924
588
716
620
324
40
88
8
-324
-556
-492
-556
-844
-988
-876
-716
-812
-780
-492
-180
-196
-228
16
260
428
556
748
924
1052
1180
1372
1628
1756
1820
1980
1980
2236
2364
2492
2620
2620
2620
2492
2492
2492
2620
2620
2620
2492
2492
2748
3004
3004
2748
2620
3004
3644
3644
3132
2492
2620
3388
3644
3004
2364
2236
2364
1756
1052
844
1180
1116
372
-716
-1564
-1820
-1756
-1628
-1884
-2748
-3900
-4604
-4604
-3900
-3900
-4348
-5116
-5628
-5628
-5116
-4604
-4604
-4860
-4860
-4604
-4092
-3388
-3388
-3260
-3004
-2492
-1692
-1436
-1436
-1244
-620
48
396
492
620
988
1372
1628
1820
1564
1372
1628
2108
2364
1820
1180
924
1116
1180
1052
748
260
-104
-196
40
120
-196
-652
-876
-748
-652
-780
-924
-812
-652
-588
-524
-340
-148
24
292
492
524
460
556
812
1180
1500
1564
1436
1436
1692
1980
2236
2236
2236
2108
2236
2236
2364
2364
2108
2108
1980
1980
2236
2492
2620
2364
1980
1884
2236
2876
3260
2748
1980
1692
2236
2620
2620
2236
1980
2108
1692
924
396
556
924
780
-196
-1244
-1884
-1980
-1756
-1628
-1980
-3004
-3900
-4348
-4092
-3644
-3900
-4348
-5116
-5372
-5116
-4604
-4604
-4604
-4604
-4348
-4092
-3900
-3644
-3260
-2876
-2620
-2364
-1692
-1116
-844
-652
-228
428
716
924
1244
1692
1980
1980
1980
2236
2236
2108
2108
2108
2108
1884
1628
1436
1180
1052
924
844
652
356
-8
-120
-64
-132
-308
-524
-652
-716
-652
-396
-324
-396
-428
-228
8
196
428
588
684
780
924
1180
1372
1564
1756
1756
1692
1820
1980
2108
2236
2236
2108
1884
1820
1884
1980
2108
1884
1628
1628
1756
1980
1980
1692
1500
1756
2108
2364
2108
1692
1564
1820
2108
2108
1756
1628
1564
1372
812
460
396
492
372
-228
-924
-1436
-1564
-1500
-1628
-2108
-2876
-3644
-3772
-3644
-3516
-3900
-4348
-4860
-4860
-4604
-4604
-4348
-4348
-4348
-4348
-4348
-4092
-3644
-3260
-2876
-2620
-2364
-1980
-1692
-1372
-812
-80
228
180
292
620
1244
1564
1628
1692
1628
1564
1756
1980
2108
1980
1500
1372
1308
1180
1052
924
748
428
96
-132
-120
-164
-228
-324
-492
-652
-652
-524
-372
-196
-180
-212
-260
-212
120
588
924
1052
924
876
1116
1564
1980
2236
2236
2236
2108
2236
2492
2876
3004
2748
2492
2492
2492
2620
2620
2620
2492
2364
2236
2236
2236
1980
1820
1980
2236
2236
1980
1628
1564
1756
1820
1692
1628
1436
1244
924
556
428
492
428
104
-308
-924
-1436
-1820
-1820
-1692
-1980
-2620
-3260
-3644
-3644
-3516
-3516
-3772
-4348
-4604
-4860
-4604
-4348
-3900
-4092
-4348
-4604
-4092
-3644
-3388
-3132
-3004
-2492
-2364
-2236
-1884
-1372
-780
-524
-356
-148
112
396
924
1372
1500
1244
1116
1244
1500
1564
1500
1500
1308
1052
844
844
924
812
524
212
16
-88
-8
120
88
-212
-588
-716
-556
-276
-104
-164
-308
-396
-324
8
396
652
684
620
716
924
1180
1500
1756
1884
1820
1884
1980
2236
2620
2620
2492
2364
2364
2364
2364
2620
2620
2492
2236
2236
2364
2492
2236
1980
1820
1980
2108
1980
1820
1628
1564
1564
1564
1372
1244
1372
1308
924
428
212
460
524
164
-428
-844
-988
-1116
-1372
-1500
-1756
-2236
-2620
-2748
-2748
-2876
-3260
-3388
-3388
-3516
-3644
-3772
-3772
-3772
-3772
-3516
-3516
-3516
-3516
-3132
-2748
-2492
-2236
-2108
-1756
-1372
-1116
-876
-620
-396
-104
228
588
780
812
844
1052
1308
1436
1372
1244
1180
1116
988
924
924
924
780
652
428
196
-24
-40
40
-48
-292
-556
-716
-652
-524
-428
-356
-396
-428
-356
-196
-32
132
212
340
492
620
812
988
1244
1436
1564
1692
1820
1980
1980
2108
2108
2108
2108
2236
2236
2236
2236
2108
1980
1980
2108
1980
1756
1500
1372
1500
1692
1692
1372
1052
876
1052
1244
1052
684
372
324
308
132
-196
-372
-340
-492
-876
-1308
-1500
-1564
-1564
-1692
-1820
-2236
-2620
-2748
-2748
-2620
-2748
-3004
-3260
-3388
-3132
-2876
-2876
-3132
-3388
-3260
-3004
-2620
-2492
-2364
-2236
-2108
-1884
-1628
-1372
-1116
-876
-588
-324
-212
-64
260
684
988
988
1052
1244
1372
1500
1628
1692
1628
1564
1500
1500
1500
1436
1372
1244
1180
1052
924
748
588
428
260
212
164
104
32
56
88
104
80
132
196
308
428
492
524
524
620
844
1052
1244
1372
1436
1564
1628
1692
1884
2108
2108
1980
1980
1980
2108
2108
2108
2108
1820
1692
1564
1628
1564
1372
1052
924
988
1052
988
812
588
324
340
356
308
148
-56
-260
-460
-716
-812
-780
-844
-1052
-1308
-1500
-1756
-1980
-2108
-2108
-2236
-2620
-2748
-2876
-2876
-2876
-3004
-3132
-3260
-3388
-3260
-3004
-3004
-3132
-3260
-3132
-2876
-2620
-2492
-2236
-2236
-2108
-1820
-1500
-1180
-924
-812
-748
-620
-372
-24
212
396
524
620
684
812
1052
1308
1372
1308
1180
1180
1244
1436
1564
1500
1308
1116
988
1052
1180
1244
1116
924
652
588
652
780
876
780
620
492
428
524
684
812
812
844
812
876
988
1116
1244
1308
1308
1372
1436
1564
1692
1756
1692
1692
1820
1884
1980
1980
1980
1884
1820
1756
1820
1756
1628
1564
1500
1500
1372
1308
1244
1180
988
780
716
588
492
292
228
164
-40
-228
-356
-356
-428
-684
-988
-1180
-1308
-1500
-1628
-1692
-1820
-1980
-2236
-2236
-2364
-2364
-2492
-2492
-2748
-2876
-2876
-2748
-2492
-2492
-2620
-2748
-2620
-2492
-2364
-2236
-2108
-2108
-2108
-1820
-1564
-1436
-1372
-1180
-988
-812
-716
-652
-460
-260
-164
-120
-24
24
80
196
308
428
372
292
356
460
588
684
652
524
396
372
460
556
556
460
428
372
396
492
588
588
492
396
460
588
684
812
844
844
876
876
924
1116
1244
1308
1308
1372
1436
1564
1756
1820
1884
1756
1756
1820
1884
1884
1820
1820
1756
1756
1756
1820
1756
1628
1564
1628
1564
1500
1372
1180
1116
988
924
876
812
684
492
308
148
16
-132
-260
-396
-716
-988
-1116
-1244
-1308
-1372
-1564
-1692
-1980
-2108
-2108
-2108
-2236
-2364
-2492
-2492
-2492
-2492
-2364
-2236
-2236
-2236
-2364
-2236
-2108
-1820
-1756
-1692
-1628
-1500
-1372
-1116
-876
-748
-620
-556
-396
-228
-72
104
164
228
292
324
372
524
556
524
524
556
556
492
460
396
356
356
396
396
372
292
228
308
292
260
196
180
244
276
308
292
292
356
428
492
524
556
524
620
780
924
924
924
924
988
1116
1244
1372
1436
1436
1372
1436
1500
1564
1500
1372
1308
1372
1436
1500
1372
1308
1308
1180
1052
988
988
988
924
652
460
460
492
428
340
292
132
-80
-308
-340
-244
-372
-620
-924
-1116
-1308
-1436
-1500
-1436
-1500
-1628
-1820
-1980
-1884
-1820
-1820
-1820
-1820
-1980
-1980
-1884
-1756
-1756
-1820
-1692
-1564
-1436
-1436
-1308
-1116
-924
-844
-748
-620
-524
-428
-276
-88
-48
-32
-16
8
148
308
396
428
460
460
524
524
492
460
492
524
556
556
460
396
396
396
396
324
228
180
244
292
356
396
372
396
396
428
428
460
460
492
524
556
652
748
844
924
924
988
1052
1052
1180
1244
1308
1308
1180
1180
1180
1244
1372
1372
1308
1180
988
924
988
1052
988
876
812
652
556
556
556
460
372
276
120
32
-8
-80
-148
-260
-428
-492
-492
-588
-716
-844
-924
-1052
-1180
-1308
-1500
-1692
-1692
-1692
-1692
-1820
-1980
-2108
-2108
-1980
-1980
-1884
-1884
-1980
-1980
-1980
-1756
-1692
-1628
-1564
-1564
-1436
-1308
-1180
-1052
-988
-844
-716
-588
-524
-460
-356
-212
0
212
308
276
276
428
556
652
684
748
716
716
684
748
780
780
780
716
684
716
716
748
748
716
684
748
812
876
924
924
924
924
876
844
924
988
1052
1116
1052
1052
1116
1244
1308
1308
1308
1244
1308
1436
1436
1372
1308
1308
1308
1308
1372
1372
1308
1244
1244
1180
1052
924
876
876
844
748
684
556
372
340
396
396
212
-8
-80
-104
-180
-308
-492
-524
-556
-620
-620
-716
-924
-1180
-1244
-1308
-1244
-1372
-1564
-1692
-1756
-1820
-1884
-1820
-1884
-1884
-1980
-2108
-1980
-1980
-1980
-1980
-1980
-1980
-1980
-1980
-1884
-1884
-1820
-1820
-1692
-1564
-1436
-1372
-1244
-1052
-988
-876
-780
-716
-588
-492
-372
-212
-120
-80
32
148
308
396
428
492
492
556
620
716
716
684
684
748
780
844
876
812
780
716
716
748
780
780
812
844
812
812
876
924
924
924
924
812
844
924
1052
1180
1116
1052
1116
1180
1372
1500
1436
1436
1372
1372
1436
1500
1500
1436
1372
1436
1436
1372
1308
1308
1244
1244
1180
1052
988
876
876
924
924
748
620
556
556
524
396
228
148
64
-56
-196
-324
-428
-588
-748
-812
-844
-844
-924
-988
-1116
-1308
-1436
-1500
-1500
-1500
-1564
-1692
-1756
-1756
-1820
-1820
-1884
-1884
-1980
-1980
-1980
-1980
-1980
-1884
-1820
-1692
-1564
-1500
-1500
-1436
-1308
-1244
-1180
-1052
-924
-812
-748
-620
-524
-460
-396
-292
-148
-64
-40
-8
72
164
276
308
340
340
308
308
324
396
356
324
356
460
524
556
620
588
588
620
620
684
716
684
652
684
748
812
812
812
876
876
924
988
988
924
924
1052
1052
1052
1116
1116
1116
1052
1116
1116
1116
1116
1052
988
988
988
924
844
844
876
844
748
652
588
428
372
372
324
260
196
120
48
-16
-104
-148
-228
-260
-276
-372
-524
-652
-684
-652
-620
-620
-716
-780
-812
-780
-780
-780
-780
-876
-924
-876
-844
-812
-812
-844
-876
-876
-924
-924
-876
-844
-812
-844
-844
-844
-844
-748
-652
-652
-684
-652
-556
-460
-428
-428
-372
-308
-244
-180
-148
-132
-112
-72
-32
16
80
104
148
164
164
212
292
340
372
396
428
460
460
396
372
356
428
428
396
460
492
460
460
492
556
588
556
524
492
460
460
556
588
620
620
620
652
652
620
588
620
652
652
652
652
556
492
428
428
428
340
260
228
180
148
132
96
56
56
-40
-148
-212
-228
-276
-276
-308
-372
-428
-492
-460
-428
-492
-556
-620
-684
-716
-748
-748
-716
-716
-716
-748
-748
-716
-652
-588
-556
-620
-684
-652
-652
-588
-620
-620
-588
-588
-524
-428
-356
-396
-460
-396
-324
-228
-196
-212
-244
-212
-180
-180
-120
-96
-40
0
72
88
64
72
104
180
180
132
112
88
104
180
260
276
308
308
308
356
396
428
396
396
428
492
524
492
396
396
460
492
588
588
588
620
684
748
780
812
716
652
652
748
844
876
876
844
812
844
812
812
812
780
780
748
748
684
620
588
588
588
524
428
396
340
228
180
148
88
-16
-40
-80
-112
-132
-212
-276
-292
-308
-372
-460
-492
-588
-652
-684
-716
-748
-812
-844
-876
-876
-924
-988
-1052
-1052
-988
-988
-924
-876
-924
-988
-988
-924
-924
-876
-876
-876
-876
-876
-812
-748
-780
-780
-716
-620
-556
-588
-588
-556
-556
-492
-460
-460
-460
-396
-340
-276
-212
-196
-180
-96
-96
-148
-148
-180
-164
-148
-96
-48
-8
72
120
148
180
228
196
196
244
260
276
292
276
292
340
428
492
524
492
492
524
588
652
684
684
684
716
748
780
812
876
924
924
988
988
988
1052
1052
1116
1052
1052
1052
988
988
924
876
876
844
780
748
716
716
652
588
588
524
492
524
492
428
396
276
276
260
244
180
80
16
-40
-48
-104
-120
-164
-260
-324
-340
-324
-372
-428
-492
-556
-588
-620
-588
-556
-620
-684
-748
-780
-748
-716
-844
-876
-876
-812
-780
-844
-876
-876
-876
-812
-812
-812
-876
-876
-844
-844
-812
-748
-716
-748
-812
-748
-684
-652
-620
-620
-588
-620
-588
-588
-588
-524
-460
-372
-276
-308
-372
-356
-292
-196
-212
-228
-228
-180
-148
-132
-64
0
8
16
16
40
72
148
212
228
228
244
228
228
276
356
396
428
460
492
588
684
748
780
780
780
812
844
924
988
1052
988
924
924
924
988
1052
1052
1052
924
876
876
924
924
876
780
716
684
652
620
620
588
460
396
340
324
276
244
164
56
-40
-88
-112
-104
-80
-132
-212
-292
-292
-260
-212
-228
-244
-324
-356
-292
-292
-340
-396
-396
-356
-292
-308
-372
-428
-428
-340
-276
-276
-356
-428
-460
-356
-276
-260
-276
-356
-428
-428
-428
-428
-396
-372
-372
-396
-428
-460
-492
-460
-428
-396
-428
-492
-556
-524
-460
-396
-396
-428
-524
-556
-556
-556
-524
-492
-524
-524
-524
-492
-492
-492
-428
-356
-292
-276
-292
-260
-212
-164
-112
-80
-56
-32
0
56
148
212
308
396
460
492
492
492
492
524
556
556
588
652
716
684
684
716
652
620
684
716
716
684
652
588
556
588
620
620
556
492
396
340
396
396
324
324
260
180
132
112
112
88
56
40
40
72
80
56
16
-56
-120
-132
-120
-104
-56
-48
-88
-96
-132
-164
-164
-148
-148
-164
-120
-132
-212
-260
-276
-276
-228
-244
-260
-276
-308
-356
-372
-324
-340
-340
-356
-396
-372
-372
-372
-356
-324
-324
-340
-372
-396
-428
-340
-308
-292
-292
-324
-324
-324
-276
-196
-164
-180
-132
-112
-88
-56
-24
16
24
32
16
0
40
64
72
112
132
148
196
212
212
228
244
276
292
324
292
260
276
308
372
396
340
276
324
372
428
428
396
372
356
372
396
372
292
276
308
308
292
212
148
120
112
180
196
88
-8
-32
-24
-48
-56
-56
-24
-16
-8
0
-56
-96
-88
-64
-32
-56
-104
-148
-148
-132
-80
-48
-48
-104
-164
-164
-196
-276
-244
-228
-228
-180
-164
-196
-228
-196
-196
-196
-260
-292
-356
-396
-428
-428
-396
-428
-460
-492
-492
-460
-428
-460
-492
-460
-460
-460
-428
-396
-372
-396
-340
-292
-292
-308
-308
-260
-196
-112
-80
-72
-32
-32
0
88
148
196
148
120
180
212
244
292
292
308
372
428
428
372
396
460
524
588
556
492
460
492
556
620
588
588
556
588
588
588
588
556
556
492
524
556
588
588
588
620
620
556
492
460
460
428
396
292
196
112
120
132
132
112
8
-48
-24
-32
-88
-120
-148
-196
-180
-164
-148
-164
-260
-324
-356
-372
-356
-308
-340
-324
-324
-324
-276
-260
-276
-340
-372
-396
-340
-324
-340
-428
-460
-460
-492
-492
-556
-620
-652
-620
-620
-620
-620
-620
-652
-652
-684
-716
-716
-716
-684
-652
-652
-652
-620
-524
-428
-428
-396
-428
-396
-324
-276
-244
-196
-164
-132
-112
-48
32
80
96
132
180
212
244
260
308
340
356
372
372
372
356
396
428
428
428
428
460
524
556
556
556
588
620
620
620
620
620
620
620
620
620
620
620
588
588
588
556
524
492
492
492
428
396
396
428
396
292
292
260
260
244
180
148
104
72
64
96
96
80
72
120
164
164
120
64
16
8
40
32
-16
-40
-40
-24
-8
-16
-40
-64
-80
-96
-148
-228
-324
-372
-396
-428
-460
-556
-588
-652
-716
-780
-812
-876
-876
-876
-924
-924
-924
-924
-924
-924
-924
-924
-988
-924
-876
-844
-812
-780
-716
-684
-620
-524
-492
-428
-356
-308
-212
-180
-120
0
96
180
196
244
276
292
396
460
428
428
396
396
460
492
556
588
620
588
588
556
620
684
716
684
620
588
556
556
588
588
556
524
524
524
556
588
588
588
556
556
524
460
396
372
372
372
356
308
244
196
196
196
148
88
32
8
0
-8
-40
-72
-72
-88
-64
-16
-32
-88
-88
-96
-112
-132
-132
-132
-148
-120
-132
-148
-132
-120
-132
-132
-96
-72
-72
-80
-112
-180
-212
-196
-180
-228
-292
-356
-428
-428
-460
-492
-524
-620
-652
-652
-620
-588
-556
-556
-556
-588
-556
-492
-460
-428
-428
-428
-428
-396
-340
-260
-164
-72
-24
-16
16
72
88
120
164
180
164
164
164
164
196
244
228
212
196
180
180
196
212
196
180
120
88
96
96
80
56
48
48
88
112
104
132
132
112
148
164
164
148
120
132
180
228
260
244
260
292
324
324
292
260
244
244
228
196
164
164
180
212
180
180
132
96
148
132
148
112
120
132
164
164
148
132
148
164
180
180
180
180
132
88
48
56
64
64
16
-24
-40
-64
-64
-88
-148
-212
-292
-372
-460
-428
-428
-460
-524
-556
-588
-588
-556
-524
-460
-428
-492
-556
-556
-492
-428
-396
-372
-396
-356
-276
-196
-80
-40
-32
-32
0
56
148
244
292
308
324
356
340
324
324
356
396
428
428
428
396
340
340
308
308
276
228
212
132
80
40
16
0
8
24
48
48
64
32
24
0
-56
-96
-120
-112
-64
-16
-8
0
8
40
56
32
0
-32
-56
-88
-72
-40
-48
-64
-56
-24
0
-16
0
24
24
40
24
-24
-56
-40
-8
40
88
56
40
48
56
112
132
180
180
180
148
104
104
104
112
96
104
72
0
-72
-112
-120
-148
-164
-212
-244
-276
-276
-260
-292
-356
-396
-428
-460
-428
-428
-428
-396
-396
-340
-324
-308
-292
-244
-244
-260
-212
-180
-164
-112
-72
-24
32
40
112
180
228
260
276
276
260
340
396
396
396
396
428
460
492
492
460
428
372
340
340
308
260
228
228
228
180
132
96
40
8
24
48
40
8
-32
-88
-132
-132
-96
-48
-72
-104
-104
-132
-80
-24
-24
-32
-56
-88
-88
-32
-8
0
-8
-40
-48
-16
-8
-8
0
0
-16
0
16
8
0
-24
-8
0
-16
-24
-48
-8
0
16
16
0
-24
-16
0
-24
-24
-40
-48
-64
-96
-120
-132
-112
-112
-148
-196
-244
-292
-292
-260
-260
-308
-396
-428
-428
-396
-372
-396
-372
-396
-428
-460
-428
-396
-324
-276
-228
-228
-244
-180
-96
-24
0
0
24
120
228
292
324
324
324
372
428
460
460
524
524
588
588
588
556
588
620
652
620
524
492
428
428
428
396
356
324
260
196
148
96
64
48
40
0
-8
-40
-72
-56
-32
-24
-64
-132
-164
-104
-80
-72
-80
-104
-104
-112
-72
-32
-48
-48
-40
-32
-32
-32
-56
-56
-32
8
16
24
8
16
24
24
40
8
-24
-72
-88
-64
-40
-32
-32
-80
-104
-96
-96
-72
-64
-72
-112
-164
-180
-164
-180
-180
-196
-260
-324
-356
-356
-396
-396
-428
-428
-460
-524
-524
-524
-492
-460
-460
-460
-460
-460
-428
-428
-396
-372
-324
-276
-180
-120
-104
-80
-16
24
72
120
164
196
260
340
340
324
308
308
340
396
396
396
396
372
396
428
396
372
340
308
292
276
260
228
180
164
148
148
148
132
96
72
48
24
0
0
8
16
16
40
24
24
40
32
40
24
8
40
40
64
88
132
164
180
180
164
180
148
132
164
196
180
164
148
132
132
164
164
164
196
180
132
104
80
80
96
112
80
8
-56
-48
-48
-16
-16
-56
-40
-64
-104
-104
-120
-164
-148
-180
-212
-228
-276
-308
-308
-324
-340
-340
-340
-356
-356
-356
-396
-396
-372
-340
-308
-308
-260
-228
-212
-196
-148
-132
-88
-32
8
48
64
88
112
120
164
164
180
228
260
292
308
276
292
260
260
276
260
228
196
180
132
80
72
48
24
8
0
-16
-48
-112
-132
-132
-148
-180
-212
-228
-276
-276
-260
-260
-276
-260
-292
-260
-244
-276
-212
-164
-120
-72
-48
-56
-80
-48
-48
0
64
72
72
48
32
64
112
120
132
148
148
148
180
228
228
228
196
196
244
244
244
228
196
196
180
148
112
96
104
120
132
148
132
112
72
96
96
88
32
-24
-64
-56
-24
-40
-64
-104
-120
-132
-164
-164
-148
-180
-164
-148
-132
-148
-164
-148
-148
-132
-148
-148
-96
-64
-40
-40
-32
-24
0
32
80
132
120
132
148
196
228
228
228
244
228
260
260
212
212
180
180
180
164
164
148
132
104
80
64
40
0
0
-24
-104
-120
-148
-164
-180
-196
-196
-196
-196
-212
-212
-228
-244
-180
-132
-104
-88
-80
-56
-56
-48
-40
-56
-40
-16
8
24
24
32
56
48
24
64
56
32
48
48
80
48
0
-40
-48
-32
-32
-24
-16
-24
-40
-48
-80
-112
-104
-104
-112
-88
-104
-132
-148
-164
-112
-96
-88
-120
-132
-148
-196
-244
-244
-276
-292
-276
-260
-276
-308
-292
-276
-244
-196
-244
-260
-196
-180
-180
-132
-96
-64
-32
-8
32
72
148
196
196
228
244
276
308
324
340
396
396
396
460
460
428
492
460
460
460
428
428
396
340
324
308
244
228
212
148
148
132
88
64
24
0
-8
-40
-56
-88
-112
-96
-120
-132
-148
-148
-132
-112
-96
-64
-56
-64
-40
