SAMPLES:	8010
BITSPERSAMPLE:	16
CHANNELS:	1
SAMPLERATE:	16000
NORMALIZED:	FALSE
0
0
8
8
8
16
16
16
16
16
16
16
24
24
32
32
32
32
40
40
40
48
40
40
40
48
40
40
40
40
40
40
48
40
48
48
48
48
48
40
40
40
32
32
32
32
32
24
24
16
16
8
8
8
0
8
8
0
0
0
0
0
0
-8
-8
-16
-16
-16
-24
-24
-24
-24
-32
-32
-24
-24
-24
-24
-24
-24
-32
-32
-32
-32
-40
-40
-40
-40
-32
-32
-32
-32
-32
-32
-24
-24
-24
-24
-24
-16
-16
-16
-16
-24
-16
-16
-16
-16
-8
-16
-16
-8
-8
0
-8
0
0
0
0
0
0
0
0
0
0
0
0
0
0
0
0
0
8
8
16
16
16
16
8
8
8
8
8
16
8
8
8
8
16
16
24
24
24
24
16
24
24
16
16
16
16
8
8
8
16
16
16
8
8
8
0
0
0
8
8
8
16
0
0
0
-8
-8
-8
-8
-8
-16
-16
-8
-8
-8
0
0
0
0
0
-8
-8
-8
-8
-8
-8
-16
-8
-8
-8
-8
-8
0
0
0
0
0
0
0
0
0
0
0
0
0
0
0
0
0
0
8
8
8
16
8
8
0
0
0
8
0
8
0
0
0
0
0
0
0
0
-8
0
0
8
8
8
8
8
8
0
0
0
0
0
0
0
0
0
0
0
0
0
0
0
0
-8
0
-8
0
0
0
0
0
0
0
0
0
0
0
-8
-8
-8
-8
-8
-8
-8
-8
-8
-8
-16
-8
-16
-16
-16
-16
-16
-24
-24
-24
-24
-24
-32
-32
-32
-24
-24
-16
-16
-16
-16
-16
-16
-16
-8
-8
-16
-8
-8
0
0
0
0
0
-8
-8
0
0
0
0
0
0
8
8
16
24
24
24
24
24
16
16
16
16
16
24
24
24
24
32
32
40
40
40
40
32
32
24
24
24
32
32
32
24
32
40
32
32
24
32
32
24
32
32
24
24
24
24
16
24
16
16
8
16
8
16
16
16
8
0
0
0
0
0
-8
0
-8
-8
-8
-8
-8
-8
-8
-8
-8
-8
-16
-24
-32
-32
-40
-40
-40
-40
-40
-40
-32
-32
-40
-40
-40
-48
-48
-40
-48
-56
-56
-64
-56
-56
-48
-48
-56
-48
-56
-48
-48
-40
-32
-32
-32
-32
-32
-32
-40
-32
-24
-16
-24
-32
-16
-16
-8
0
0
0
8
16
16
16
24
32
32
32
32
48
56
48
32
0
180
212
16
8
-64
-132
-132
-64
-32
104
260
48
-48
-16
-132
-72
56
112
132
80
64
16
-24
16
40
72
80
88
80
40
48
-40
-16
56
24
64
148
96
40
80
24
0
0
-16
-32
24
72
24
64
72
-32
8
132
0
-88
-32
-72
-56
-120
-120
-88
8
0
-180
-72
-32
-80
-16
-8
40
8
0
16
-88
80
132
-24
8
-64
-112
-88
-16
-56
-8
148
0
-88
-24
-96
0
96
80
0
-40
-8
-96
-40
-48
16
80
48
24
16
80
-8
-132
-8
120
32
24
0
-16
-16
-64
-120
0
24
-64
-88
112
24
-24
40
0
32
-72
40
32
-32
56
32
-40
24
-40
-56
-24
-32
-88
24
164
0
96
88
-72
0
-8
-48
0
32
-8
120
72
-180
-16
40
-72
24
72
24
32
24
-148
-72
64
-104
-16
88
8
-48
64
-16
-180
-64
-32
-24
260
228
-80
-56
-148
-308
-148
-96
-88
132
164
-340
-292
-212
-356
0
120
228
196
-16
-104
-132
-132
-180
8
212
164
212
96
-32
-64
-228
-80
308
292
180
276
244
72
-244
-196
-132
-40
96
48
180
104
-180
-196
-40
96
180
308
428
228
32
-16
-132
-180
-132
56
276
212
80
-148
-276
-164
-180
56
340
292
244
112
0
-120
-132
24
96
120
260
112
0
24
-80
56
104
180
132
164
308
8
-24
0
-148
-104
16
48
32
32
0
-148
-112
-8
-164
-48
120
56
32
72
-32
-244
-104
8
-72
120
112
-180
-120
-80
-340
-292
104
-24
-72
56
-56
-132
-212
-228
-164
88
40
-64
56
16
-228
-324
-148
48
0
-148
32
40
-180
-324
-260
-196
-48
56
8
40
16
-292
-460
-56
8
-104
260
260
0
-40
0
-120
-148
48
-24
80
324
72
-148
32
-104
-228
96
148
56
56
120
-148
-104
112
-48
48
180
132
64
180
40
-164
48
132
-24
8
180
8
-48
72
24
88
120
72
-16
64
104
-16
104
196
148
24
148
104
-56
-8
120
164
120
132
164
148
88
32
8
56
56
-32
72
164
-16
-72
56
24
-120
-56
0
0
32
32
-64
-104
-72
-132
-72
88
72
24
24
-16
-56
-32
16
0
-32
48
88
-32
-32
-56
-132
-112
-16
40
48
96
8
-80
-16
-64
-88
8
132
120
48
32
-120
-196
-132
-132
-16
196
132
-8
-48
-148
-212
-104
72
80
148
164
40
0
-88
-148
-96
16
96
96
164
120
-16
-96
-148
-112
0
32
88
180
132
-48
-148
-120
-164
-104
32
104
88
-16
-112
-180
-180
-132
-40
120
132
32
-8
-24
-148
-196
-120
-32
40
-8
-8
0
-104
-180
-148
-80
-72
-16
-16
-72
-56
-104
-148
-40
80
32
24
64
8
-112
-104
-80
-64
-16
-24
24
80
-24
-112
-24
-8
-48
0
16
0
-8
-24
0
24
48
48
48
56
64
8
-72
-40
8
0
64
112
56
8
-24
0
32
112
164
180
196
120
40
24
48
64
72
164
196
164
132
88
72
96
48
72
132
180
148
80
72
32
32
16
32
120
112
72
32
16
0
-40
0
40
120
96
-24
-32
-40
-88
-64
8
40
24
0
-24
-24
-64
-80
-48
-16
-16
-24
-56
-120
-112
-104
-96
-8
-8
-80
-120
-88
-16
-16
-16
-8
-56
-132
-164
-164
-132
-56
-64
-120
-56
-80
-180
-164
-104
-72
-48
-64
-72
-24
-40
-96
-56
-8
-40
-56
0
0
0
-8
-32
0
0
0
8
0
0
0
0
16
40
-24
-8
32
-32
8
104
88
24
24
56
96
148
88
80
96
24
40
56
56
56
56
56
24
16
64
56
8
64
112
96
40
32
32
32
24
-32
16
64
-16
-32
-48
-16
0
0
8
16
40
-24
-56
-56
-40
-32
-56
-64
-72
-40
-48
-80
-80
-56
16
32
24
48
40
-8
-24
16
48
72
64
-24
-56
-32
-72
-64
-24
-8
0
24
88
56
8
-40
-48
-16
16
96
104
112
24
-72
-96
-72
-24
-16
64
112
48
0
-48
-64
-40
0
16
64
72
0
-32
-56
-148
-112
16
64
64
48
80
48
-72
-80
0
32
-8
-32
88
132
48
-32
-8
64
-8
-24
32
148
120
-24
0
112
56
-16
8
48
32
8
-32
-8
32
24
0
32
72
24
0
-16
-16
-64
-80
-88
-40
-16
0
56
24
-56
-96
-48
-32
-56
-48
-8
72
48
-96
-56
-16
-80
-164
-132
24
64
0
-48
-16
8
0
-104
-72
64
96
56
0
-16
-80
-96
-88
-88
-32
24
96
16
-64
-64
-64
-24
32
80
148
104
-8
-16
0
-120
-132
0
72
88
64
56
0
-48
-120
-120
-48
24
80
72
-56
-120
0
72
-16
-148
-48
120
80
-80
-96
56
96
-64
-132
32
180
56
-48
48
80
0
-48
-24
56
120
8
-32
112
196
104
56
40
32
24
0
0
80
72
48
132
80
-80
-112
40
56
24
-8
40
212
148
-80
-120
40
80
-32
-112
-64
112
96
-148
-196
0
8
-112
-88
88
132
-8
-104
-64
16
-24
-112
-132
48
148
0
-148
-104
-32
-40
-132
-132
0
88
64
-16
-80
-64
-104
-132
-48
-8
-16
-24
-32
-56
-64
-96
-112
16
64
32
-32
-16
16
-24
-72
-72
16
32
-72
-112
-16
8
-72
-72
32
112
88
16
64
96
8
-64
-8
132
180
16
-48
32
24
-72
-64
104
180
120
64
148
180
24
-32
80
228
132
24
64
180
120
-56
-104
40
196
72
-32
64
132
-16
-56
120
212
120
24
24
72
40
-96
-48
56
0
-56
24
132
32
-148
-132
48
64
-32
-72
24
48
-164
-260
-132
0
-24
-96
-120
-24
32
-104
-196
-72
0
-40
-72
-148
-64
16
-104
-212
-56
40
-72
-88
-32
16
8
-32
8
72
-8
-180
-132
0
0
-8
16
8
16
-16
-96
-56
0
48
120
112
-16
-120
-72
-40
-64
-16
132
164
8
-120
-132
-112
-104
-56
24
180
120
0
-24
-48
-80
-56
-40
0
104
88
-16
-32
-32
-72
0
120
64
56
180
148
-72
-148
-48
-16
40
88
48
80
64
-88
-132
0
8
80
148
72
56
96
56
0
-32
-32
48
148
16
-32
80
48
-72
-80
-32
64
132
16
0
48
8
-56
16
88
64
24
-40
-48
-32
-24
-24
32
112
96
72
-8
-80
-56
-24
0
-16
0
8
0
-8
-48
-24
24
16
-32
-32
0
16
24
0
16
48
48
32
0
0
48
24
-16
0
148
112
-24
-40
24
80
0
-88
24
148
16
-56
-24
88
96
-32
0
48
80
32
-72
-40
40
32
-16
-8
0
16
88
0
-148
0
132
32
-104
-72
56
80
-72
-212
-80
16
-88
-164
-72
48
56
-72
-148
-64
-32
-112
-164
-72
-8
-16
-64
-164
-148
-80
-88
-132
-72
0
-32
-96
-196
-164
-64
-148
-228
-72
8
-40
-132
-80
-8
-8
-72
-164
-16
64
-56
-80
16
-24
-120
-72
-8
-8
80
132
88
88
8
-112
0
132
104
104
148
132
24
8
16
64
212
196
212
164
88
88
8
48
104
228
244
132
72
88
132
96
40
148
228
80
32
132
164
120
112
148
164
132
0
-96
-8
-16
-40
48
148
96
64
80
32
48
56
8
0
32
0
-56
40
80
-32
-16
40
32
16
-24
-80
-56
-48
-64
-112
-24
24
-24
-48
-88
-96
-132
-196
-148
-56
-40
-120
-120
-8
-16
-120
-148
-24
32
-32
-132
-164
-112
-120
-228
-112
8
-16
-72
-96
-64
-72
-132
-112
-32
-40
-88
-80
-104
-96
16
32
16
8
-48
-48
-16
-104
-112
48
132
0
-80
-40
32
16
-24
8
72
48
-112
-148
-40
0
0
32
96
104
32
-24
-8
-8
-56
-8
96
16
-56
0
24
8
-64
-16
88
88
16
-8
40
40
-56
-80
8
88
104
40
32
72
72
40
24
40
48
80
104
104
48
24
24
56
64
88
132
80
40
24
40
80
40
32
96
96
40
-8
0
56
72
24
-16
-16
-32
-40
0
48
96
32
-8
-40
-80
-56
-24
0
0
-32
-64
-56
-32
-104
-88
72
96
0
-8
-32
-104
-72
0
40
112
96
-40
-48
-16
-24
0
8
16
0
-8
-24
-16
56
132
148
180
196
164
88
16
8
104
148
132
80
88
72
24
32
40
48
48
40
32
24
-24
-48
0
72
96
56
48
0
-80
-148
-148
-96
-96
-112
-88
-120
-196
-228
-212
-196
-164
-148
-164
-212
-260
-324
-356
-260
-180
-180
-164
-164
-212
-228
-196
-180
-132
-88
-96
-148
-164
-132
-80
-24
0
0
0
-8
-56
-112
-80
-32
48
104
32
-8
0
0
16
80
164
164
112
64
8
24
32
48
148
228
164
104
132
132
132
196
228
228
196
148
132
132
164
212
244
196
148
72
80
132
180
244
196
164
132
80
64
96
112
88
64
40
-8
-40
-32
-8
48
112
104
48
-8
-80
-112
-72
24
112
56
-56
-96
-96
-64
0
40
48
-40
-132
-164
-96
-32
-24
56
104
64
-32
-88
-16
56
72
96
104
88
-8
-96
-16
72
132
112
132
132
80
8
-32
80
180
148
72
8
-16
-88
-80
-40
-24
8
-24
-112
-180
-228
-260
-260
-164
-132
-164
-244
-308
-340
-308
-276
-260
-276
-340
-396
-428
-396
-340
-260
-260
-244
-276
-324
-356
-308
-180
-148
-112
-104
-148
-196
-180
-104
-24
8
0
-40
-56
-104
-132
-88
0
48
96
56
-16
-56
-40
-8
88
164
120
64
-16
-16
40
112
196
260
244
196
196
196
244
372
492
588
556
460
492
620
684
716
844
812
684
620
620
716
812
876
924
988
924
780
684
716
812
812
748
716
652
460
292
228
260
228
164
32
-80
-292
-556
-652
-716
-780
-924
-1052
-1244
-1436
-1564
-1628
-1628
-1692
-1756
-1884
-1980
-1980
-1884
-1820
-1756
-1628
-1692
-1564
-1436
-1372
-1180
-1052
-876
-748
-620
-524
-460
-324
-96
120
244
324
396
492
588
716
780
812
748
748
716
748
844
876
780
716
684
716
780
844
876
876
716
588
684
844
988
1052
1052
988
1052
988
988
1052
1372
1884
2108
1980
1692
2108
2876
3132
2364
1500
1692
2620
3132
2620
2236
2108
1820
924
48
180
924
1116
276
-1116
-2108
-2492
-2492
-2364
-2108
-2364
-3516
-4604
-5116
-4604
-3900
-3772
-4092
-4604
-4860
-4604
-3900
-3388
-3132
-3004
-2620
-1980
-1372
-1308
-1500
-1372
-244
1180
2108
1820
1244
1244
1628
2492
3132
3772
3772
2876
1980
1756
2236
2748
3004
2492
1692
684
-16
-48
372
588
96
-620
-1308
-1756
-1820
-1628
-1308
-1308
-1500
-1628
-1756
-1820
-1628
-1308
-924
-588
-428
-492
-652
-620
-308
164
620
684
492
244
164
428
748
1052
1116
1116
1052
1116
1308
1692
2364
3004
3516
3388
3132
3004
3260
3644
3900
4092
4604
4860
4604
3644
3132
3516
4092
3772
2876
2236
1756
1308
556
-72
-340
-684
-1308
-1980
-2620
-3132
-3644
-4092
-4604
-4604
-4860
-5116
-5628
-5884
-5884
-5372
-5116
-5116
-5116
-5372
-5116
-4860
-4092
-3516
-3004
-2876
-2364
-1436
-684
-340
-428
16
1500
2748
2620
1628
1372
2108
2748
3132
3516
4092
3516
1756
780
1244
2364
2748
2364
1628
292
-1244
-1628
-396
924
780
-652
-2236
-2876
-2620
-1564
-460
-428
-1308
-2236
-2236
-1692
-780
-260
-276
-492
-748
-620
-428
-276
-16
428
780
780
588
372
396
844
1628
2364
2492
1980
1628
1980
2748
3644
4092
4348
4604
4092
3644
3388
3900
5116
5884
5628
4860
4092
3900
3644
3388
3772
4348
4092
2748
876
-260
-212
428
812
308
-1180
-3004
-4348
-4348
-3516
-3132
-3516
-4860
-6140
-6652
-6396
-5372
-4860
-5116
-5628
-5884
-5884
-5628
-4860
-4348
-3900
-3388
-3004
-2620
-2492
-1820
-988
-276
292
924
1436
1372
1308
1564
2364
3004
2748
2108
1980
2108
2236
2108
2108
1628
780
132
308
556
180
-556
-1180
-1308
-1436
-1500
-1436
-1564
-2108
-2364
-1980
-1500
-1372
-1372
-1244
-1052
-924
-748
-588
-428
-212
80
428
620
716
748
924
1308
1628
1980
1980
1884
1884
1980
2236
2492
2620
2492
2492
2620
3004
3644
4092
4092
4348
3900
3260
3004
3644
5116
5884
5372
4092
3260
3132
3260
3516
3772
3772
2876
1244
-32
-428
112
460
88
-1052
-2492
-3772
-4348
-4092
-3516
-3644
-4604
-5628
-6396
-6652
-5884
-5372
-5116
-5372
-5628
-5884
-5884
-5372
-4604
-4092
-3388
-3004
-2748
-2620
-2364
-1820
-588
684
1372
1372
1116
1244
1564
2236
3132
3772
3644
2748
1980
1980
2364
2492
2492
2492
1884
876
80
164
716
876
396
-428
-1180
-1692
-1500
-812
-396
-620
-1372
-1980
-1756
-1180
-652
-460
-716
-1116
-1244
-924
-492
40
148
24
40
180
492
748
844
924
988
1052
1116
1244
1308
1436
1628
1756
1820
2108
2492
3004
3260
3516
3900
3644
3004
2620
3388
4860
5628
4860
3772
3260
3388
3644
3644
3772
3900
3132
1692
396
8
396
556
120
-924
-2236
-3388
-4092
-3772
-3388
-3516
-4348
-5628
-6396
-6396
-5884
-5372
-5372
-5628
-6140
-6140
-5884
-5116
-4604
-4348
-3900
-3516
-3260
-2876
-2108
-1244
-780
-428
0
844
1308
1500
1884
2620
3516
3260
2876
2876
3260
3644
3516
3260
2876
2364
1884
1980
2364
2108
1436
556
276
308
340
324
-96
-620
-1116
-1052
-780
-492
-460
-780
-1052
-1180
-1180
-1052
-748
-524
-492
-684
-924
-924
-716
-428
8
324
180
-196
-428
-32
588
924
812
460
396
492
844
1436
2108
2492
2492
2492
2876
3772
3772
3260
2876
3644
4860
5372
5116
4092
4092
4092
4092
4092
4092
4092
3388
2108
1244
1052
1372
1180
492
-556
-1628
-2492
-2876
-2876
-2876
-3516
-4348
-5372
-5884
-5628
-5372
-5116
-5372
-5884
-6140
-6140
-5884
-5628
-5372
-5372
-5116
-4604
-4092
-3388
-2748
-2236
-1980
-1628
-988
-180
356
652
988
1692
2108
1884
1756
1980
2748
2876
2620
2364
2108
1980
1820
1980
2108
1692
924
588
748
844
812
428
-56
-324
-428
-244
80
260
-16
-324
-460
-492
-396
-244
-80
-56
-148
-244
-324
-164
148
308
460
524
492
428
524
684
844
924
780
716
924
1308
1692
1980
2108
2364
2620
3004
3644
4092
3644
3132
3132
4092
5116
5372
4604
4092
3900
3900
3900
3900
4092
4092
3004
1884
924
748
988
988
292
-876
-2108
-3260
-3388
-3004
-3004
-3516
-4860
-5884
-6140
-5884
-5372
-5116
-5628
-6140
-6396
-6396
-5884
-5116
-4860
-4860
-4604
-4348
-3900
-3132
-2492
-1820
-1308
-988
-924
-620
80
1052
1692
1980
2108
1980
1980
2108
2492
3004
3132
2748
2108
1692
1628
2108
2364
2108
1436
716
492
556
988
1116
684
0
-524
-396
56
460
308
-244
-748
-924
-428
-32
88
-132
-524
-748
-748
-396
8
260
132
-72
-120
-64
88
292
492
556
428
324
396
684
988
1436
1820
1980
1884
1884
2364
3260
3516
2876
2364
2876
4092
4860
4348
3772
3516
3516
3388
3260
3516
3900
3516
2364
1116
620
812
988
748
-120
-1372
-2492
-3004
-2748
-2492
-2876
-3900
-4860
-5372
-5628
-4860
-4604
-4860
-5628
-6140
-5884
-5372
-4860
-4604
-4604
-4348
-4348
-3900
-3260
-2492
-1756
-1308
-1052
-716
-180
620
1116
1436
1980
2620
2748
2364
2236
2748
3516
3644
3260
2748
2492
2364
2364
2748
3004
2236
1116
716
1052
1500
1372
876
244
-356
-588
-340
164
48
-492
-876
-988
-876
-844
-812
-748
-812
-988
-988
-844
-684
-524
-460
-428
-428
-396
-196
132
356
396
228
196
340
652
924
1180
1692
1980
2108
2108
2620
3260
3644
3132
2620
3004
3900
4604
4604
4092
3644
3644
3516
3388
3388
3516
3388
2620
1372
492
428
684
620
-24
-1116
-2236
-3132
-3132
-3004
-3132
-3772
-4860
-5628
-5884
-5628
-5116
-5116
-5628
-6396
-6396
-6140
-5372
-5116
-5116
-4860
-4604
-4092
-3644
-3132
-2748
-2236
-1628
-924
-340
24
212
620
1308
1980
2364
2620
2748
3132
3260
3260
3260
3260
3260
3260
3260
3132
3004
2748
2364
2236
2236
2236
1980
1564
1308
1052
844
620
620
524
260
-72
-164
-112
-276
-428
-492
-524
-588
-716
-684
-524
-524
-620
-620
-492
-276
-120
-32
-64
-24
104
340
620
748
812
684
716
1244
1820
2108
2108
1980
2364
3004
3516
3388
3004
2876
3516
4348
4604
4092
3644
3516
3516
3260
3132
3132
3132
2492
1436
524
212
396
276
-276
-1244
-2364
-3260
-3516
-3260
-3260
-3772
-4860
-5884
-6140
-5884
-5372
-5372
-5884
-6396
-6652
-6140
-5628
-5116
-5116
-4860
-4860
-4604
-3772
-3132
-2620
-2236
-1756
-924
-324
-164
112
876
1756
2108
2236
2492
2876
3004
3004
3388
3388
3260
3004
3132
3388
3260
2876
2492
2364
2364
2364
2364
2108
1628
1052
876
924
924
780
460
112
-112
-148
-196
-196
-212
-372
-556
-652
-684
-652
-652
-556
-396
-308
-324
-428
-492
-460
-356
-212
-40
164
148
132
180
372
716
1116
1500
1820
1884
1884
2108
2876
3516
3644
3260
2876
3132
3900
4604
4348
4092
3644
3644
3388
3260
3132
3260
3132
2236
1052
228
56
212
0
-780
-1820
-2876
-3516
-3516
-3260
-3388
-4092
-5116
-5884
-5884
-5372
-5116
-5372
-5628
-6140
-6140
-5628
-5116
-4604
-4348
-4348
-4092
-3900
-3388
-2620
-1820
-1308
-716
-308
-24
372
988
1756
2236
2492
2492
2364
2492
2876
3516
3772
3260
2620
2364
2620
3004
3260
3004
2108
1372
1244
1756
2108
1884
1116
556
260
228
492
652
356
-196
-492
-556
-556
-556
-620
-684
-924
-1052
-1116
-1052
-924
-812
-748
-748
-812
-924
-780
-524
-260
0
-32
-148
-48
212
748
1052
1180
1308
1436
1692
1980
2364
2876
3388
3516
3132
2876
3132
3644
4604
4604
3900
3388
3260
3388
3132
2876
2620
2748
2236
1116
24
-292
-164
-324
-876
-1756
-2748
-3516
-3772
-3516
-3388
-3900
-5116
-5884
-6140
-5628
-5116
-5116
-5628
-6140
-6140
-5372
-4604
-4092
-3900
-4092
-4092
-3388
-2620
-1500
-844
-524
-292
-132
396
924
1628
2364
2876
2876
2364
2236
2620
3388
3900
3900
3516
2876
2492
2620
3388
3772
3004
1884
1244
1308
1692
2108
1980
1180
104
-356
16
652
652
112
-716
-1308
-1308
-988
-588
-556
-924
-1372
-1628
-1564
-1244
-876
-716
-812
-988
-1180
-1052
-652
-276
-72
-80
-276
-396
-104
356
812
1052
1308
1500
1628
1884
2236
2748
3388
3772
3644
3260
3132
3516
4348
4860
4348
3644
3260
3388
3260
3004
2620
2492
2236
1500
428
-372
-556
-620
-924
-1500
-2364
-3388
-4092
-4348
-3900
-3900
-4604
-5628
-6396
-6140
-5628
-5372
-5372
-5628
-5884
-5884
-5116
-4092
-4092
-4092
-3900
-3132
-2364
-1820
-1500
-924
-32
292
620
1180
1980
2364
2492
3004
3260
3260
2876
3132
3772
3772
3388
3004
3260
3004
2620
2620
2748
2620
2108
1564
1372
1308
1116
924
924
652
112
-180
-56
0
-148
-428
-652
-924
-1116
-1180
-1052
-924
-1052
-1372
-1500
-1308
-1052
-924
-924
-924
-812
-748
-588
-340
-40
132
212
396
588
780
924
1244
1692
2108
2364
2364
2492
2748
3388
3900
4092
3644
3260
3516
4092
4348
4092
3644
3388
3260
3004
2492
2364
2236
1980
1180
148
-588
-844
-812
-924
-1436
-2364
-3388
-4092
-4092
-3900
-3900
-4604
-5628
-6140
-6140
-5628
-5116
-5116
-5116
-5628
-5628
-5116
-4348
-3644
-3260
-3132
-3004
-2492
-1980
-1500
-780
-148
292
372
460
844
1500
2108
2492
2620
2364
2236
2364
2620
3260
3516
3132
2364
1756
1820
2364
2748
2492
1884
1052
620
924
1500
1820
1244
308
-356
-356
104
492
372
-292
-924
-1180
-924
-396
-212
-492
-988
-1308
-1308
-988
-556
-396
-396
-556
-716
-684
-396
-32
196
356
492
524
620
876
1308
1820
2236
2364
2236
2236
2492
3260
3900
4092
3644
3132
3260
3900
4348
4348
3900
3516
3132
2748
2364
2364
2364
1884
988
-40
-716
-924
-876
-1052
-1564
-2492
-3516
-4092
-4348
-3900
-3772
-4348
-5372
-5884
-5884
-5372
-4604
-4604
-4860
-5116
-5116
-4604
-3772
-3004
-2748
-2748
-2748
-2492
-1884
-924
-340
0
148
492
812
1052
1564
2108
2748
2876
2620
2364
2236
2620
2876
3132
3004
2364
1756
1884
2492
2748
2492
1756
924
652
924
1564
1756
1116
112
-524
-460
56
356
112
-492
-1052
-1308
-988
-428
-372
-876
-1500
-1756
-1564
-1244
-924
-876
-1116
-1372
-1372
-1116
-620
-260
-132
-80
-72
40
244
620
1116
1564
1756
1820
1820
1980
2620
3516
3900
3516
3132
3004
3388
3900
4092
3900
3772
3388
2620
2108
2236
2620
2364
1628
588
-196
-588
-684
-684
-988
-1692
-2748
-3516
-3644
-3388
-3260
-3644
-4348
-5116
-5372
-4860
-4348
-4092
-4348
-4860
-4860
-4348
-3772
-3260
-3004
-3004
-2876
-2364
-1756
-1116
-620
-428
-212
228
716
1116
1308
1500
1756
1884
2108
2364
2492
2364
2364
2236
2108
2236
2108
2108
2108
1884
1756
1628
1628
1564
1372
1180
1052
844
716
684
556
428
244
64
-8
-72
-132
-164
-212
-276
-460
-620
-588
-428
-324
-324
-460
-684
-780
-684
-396
-80
-112
-372
-460
-340
80
524
780
988
1052
988
988
1436
2108
2748
2620
2236
1980
2236
2876
3132
3004
2876
2748
2620
2364
2108
2108
2364
2236
1564
812
308
-8
-260
-428
-652
-1244
-2108
-2876
-3004
-2876
-3004
-3516
-4092
-4604
-4604
-4348
-4092
-4092
-4348
-4604
-4604
-4348
-3900
-3516
-3260
-3132
-3004
-2620
-1980
-1564
-1244
-924
-524
-180
8
340
812
1180
1308
1436
1628
1756
1980
2108
2236
2236
1980
1756
1756
1884
1980
1980
1756
1500
1308
1308
1436
1372
1244
1116
924
876
876
844
844
780
588
372
340
372
428
340
212
148
88
16
-148
-212
-308
-396
-372
-340
-396
-396
-276
-132
48
148
292
396
428
620
1180
1756
1820
1436
1052
1628
2492
2748
2236
1980
2236
2364
2236
2108
2364
2364
1884
1372
1052
988
684
428
260
-56
-716
-1500
-1820
-1756
-1692
-1980
-2620
-3132
-3516
-3516
-3388
-3260
-3516
-3900
-4092
-4092
-3644
-3388
-3132
-3132
-3260
-3132
-2620
-2108
-1756
-1692
-1628
-1308
-844
-428
-132
148
372
524
716
924
1116
1244
1244
1372
1500
1564
1564
1500
1436
1436
1500
1500
1436
1372
1244
1116
1180
1244
1052
812
684
748
924
988
876
620
556
652
812
844
716
524
396
460
620
652
492
292
180
228
212
196
148
164
148
164
396
556
524
396
492
748
780
684
652
988
1308
1244
988
988
1180
1244
1180
1116
1180
1116
716
524
524
524
340
120
-24
-228
-588
-988
-1052
-924
-1052
-1436
-1820
-2108
-2108
-1980
-1980
-1980
-2236
-2492
-2620
-2492
-2236
-2236
-2236
-2364
-2364
-2236
-1980
-1692
-1500
-1372
-1308
-1180
-924
-684
-492
-276
-72
56
180
356
556
652
716
652
620
588
620
748
844
876
812
652
620
652
812
876
844
716
556
492
588
620
684
716
780
844
844
716
748
924
1052
1116
1116
1052
1116
1116
1180
1244
1244
1116
988
988
1116
1116
1052
924
812
748
748
748
812
748
524
396
492
620
556
260
0
-80
-112
-148
-148
-180
-396
-684
-812
-716
-652
-748
-924
-1052
-1116
-1180
-1116
-1052
-988
-1180
-1372
-1372
-1308
-1180
-1052
-988
-988
-1116
-1244
-1180
-988
-780
-684
-684
-652
-684
-620
-428
-228
-196
-260
-244
-196
-132
-112
-48
32
56
80
88
80
56
0
-64
-80
-48
-72
-148
-148
-148
-112
-132
-180
-148
-64
16
164
228
228
132
132
276
460
620
620
524
460
460
492
588
748
844
924
924
1052
1180
1244
1244
1308
1436
1436
1500
1436
1372
1308
1244
1308
1308
1180
988
988
924
924
924
780
556
372
228
228
132
-96
-396
-556
-588
-652
-684
-988
-1244
-1436
-1500
-1436
-1436
-1500
-1692
-1756
-1692
-1564
-1628
-1692
-1820
-1820
-1820
-1628
-1500
-1372
-1436
-1436
-1244
-924
-652
-524
-428
-492
-460
-260
0
244
324
196
56
164
324
492
620
620
556
460
428
428
428
372
276
244
196
228
292
260
132
-56
-244
-228
-148
-132
-80
-88
-132
-132
-56
72
212
308
428
492
492
556
588
716
780
812
844
876
812
716
748
876
1052
1116
1244
1244
1244
1244
1308
1308
1308
1308
1308
1372
1436
1436
1308
1180
1052
924
988
1052
1052
924
684
556
492
428
292
148
-148
-428
-652
-812
-876
-988
-1116
-1244
-1436
-1628
-1756
-1820
-1980
-2108
-2236
-2236
-2236
-2236
-2236
-2236
-2236
-2108
-2108
-1884
-1692
-1500
-1308
-1116
-1052
-988
-876
-620
-340
-180
-80
-48
-88
-64
88
276
428
460
340
260
340
492
620
556
396
260
244
308
396
340
244
148
80
40
-8
-96
-132
-132
-180
-120
8
164
276
396
492
588
684
716
812
924
988
1052
1052
988
1052
1180
1244
1244
1244
1180
1180
1180
1308
1372
1436
1436
1372
1244
1180
1180
1180
1052
924
844
748
684
652
652
556
492
372
276
212
244
308
308
212
-24
-276
-460
-588
-620
-652
-780
-988
-1116
-1180
-1244
-1244
-1372
-1500
-1692
-1756
-1756
-1692
-1692
-1820
-1980
-1980
-1980
-1980
-1884
-1756
-1628
-1436
-1372
-1180
-988
-876
-748
-556
-428
-324
-196
-112
-32
24
72
120
196
244
324
396
428
524
620
684
652
588
524
492
460
428
428
428
428
396
324
260
260
324
396
492
556
524
524
556
684
780
844
876
844
876
924
876
844
844
844
844
812
924
988
988
988
988
988
924
748
684
716
716
716
588
492
396
372
276
308
372
356
324
292
244
164
132
64
16
-24
-112
-228
-292
-308
-396
-524
-620
-684
-748
-812
-812
-780
-876
-988
-1116
-1180
-1244
-1372
-1500
-1628
-1756
-1820
-1884
-1884
-1820
-1692
-1628
-1500
-1436
-1372
-1308
-1180
-1052
-924
-924
-924
-876
-716
-556
-460
-396
-308
-212
-48
148
260
292
324
396
492
620
748
780
748
748
876
924
924
812
748
748
748
748
780
812
844
924
924
988
988
1052
1052
1052
1052
988
988
1052
1180
1244
1116
1052
988
1052
1116
1180
1244
1180
988
844
812
780
684
588
460
396
244
96
32
-16
-40
-56
-132
-260
-428
-460
-396
-372
-356
-396
-396
-396
-396
-356
-396
-460
-556
-556
-492
-428
-340
-356
-428
-556
-588
-588
-620
-556
-588
-588
-684
-812
-876
-988
-1052
-1116
-1052
-1052
-1052
-1116
-1052
-988
-924
-812
-812
-844
-844
-780
-716
-684
-652
-620
-556
-460
-372
-372
-372
-324
-260
-196
-132
-32
120
196
212
212
228
228
244
308
340
396
396
356
340
428
492
556
556
556
620
716
748
780
812
812
780
812
924
988
924
876
844
844
876
876
812
748
716
588
524
492
492
460
396
292
180
148
212
196
88
-48
-164
-228
-196
-244
-292
-244
-276
-308
-292
-276
-276
-276
-244
-180
-132
-132
-164
-180
-148
-80
-72
-24
0
96
180
212
228
196
180
164
228
196
148
48
-132
-244
-308
-292
-308
-372
-492
-524
-556
-588
-492
-492
-588
-684
-748
-748
-684
-684
-748
-844
-924
-812
-652
-556
-460
-428
-396
-340
-260
-180
-104
-72
-24
40
104
112
88
72
80
80
164
260
308
396
372
340
396
460
524
492
492
524
620
652
652
652
588
556
524
588
620
588
492
372
356
292
196
180
120
48
0
-40
-72
-88
-132
-180
-132
-148
-180
-244
-356
-428
-396
-308
-308
-396
-556
-684
-620
-524
-428
-396
-428
-372
-228
-120
-8
104
148
132
180
260
324
372
356
428
492
524
460
396
340
324
372
428
396
292
260
212
228
244
196
164
56
-32
-32
16
40
16
-24
-180
-396
-524
-556
-492
-492
-524
-556
-620
-620
-492
-356
-292
-372
-492
-492
-396
-340
-292
-196
-40
32
16
16
112
212
292
356
428
428
340
292
340
492
556
460
372
276
292
340
356
396
372
324
308
356
428
460
372
228
-8
-212
-260
-292
-324
-324
-276
-212
-180
-196
-228
-244
-340
-428
-428
-460
-588
-652
-620
-492
-460
-460
-492
-556
-460
-372
-308
-244
-180
-212
-148
64
244
428
524
492
460
492
460
492
524
460
372
276
212
244
324
372
340
180
24
0
64
180
228
180
96
56
8
-148
-196
-260
-308
-340
-292
-260
-260
-244
-292
-276
-260
-308
-396
-372
-212
-148
-132
-148
-104
-56
-8
-8
-8
40
48
72
104
196
292
292
276
244
212
180
260
324
308
244
180
196
276
324
372
396
372
324
244
196
212
180
132
148
212
196
148
96
72
40
-56
-88
-48
-16
8
0
-16
-8
-16
-40
-64
-96
-96
-56
-148
-292
-372
-428
-428
-428
-460
-460
-492
-492
-460
-396
-324
-324
-276
-212
-148
-80
-96
-148
-196
-180
-88
0
80
96
88
148
212
164
88
80
148
180
148
132
164
180
180
228
244
228
120
-8
-72
-148
-260
-308
-324
-308
-212
-148
-120
-72
-56
-148
-260
-308
-260
-260
-212
-104
-96
-132
-120
-56
88
164
104
48
16
16
72
112
212
244
212
196
260
340
492
556
524
428
340
324
340
396
460
492
460
396
396
372
340
308
212
112
88
16
0
0
0
40
40
-8
-132
-196
-212
-148
-24
-64
-164
-260
-324
-340
-396
-460
-556
-588
-556
-492
-428
-396
-428
-556
-620
-556
-524
-372
-276
-228
-164
-80
40
112
132
132
96
72
64
88
212
276
276
324
356
372
356
324
428
556
652
652
620
556
460
396
324
308
244
212
196
148
96
0
-132
-196
-276
-260
-164
-104
-80
-148
-292
-428
-492
-460
-428
-460
-428
-396
-308
-196
-120
-120
-196
-180
-132
-88
-132
-148
-132
-88
16
112
196
228
196
164
164
260
396
460
428
372
308
260
196
120
112
132
132
104
120
180
148
48
-8
-40
-40
-72
-104
-88
-88
-120
-196
-276
-356
-460
-588
-652
-652
-652
-620
-524
-428
-340
-340
-396
-396
-356
-340
-428
-492
-460
-396
-308
-244
-180
-96
-16
104
164
148
96
88
148
244
324
428
556
620
652
716
780
748
620
428
396
492
588
652
684
684
620
556
460
260
40
-132
-196
-244
-212
-244
-276
-324
-356
-324
-324
-308
-396
-492
-492
-428
-292
-212
-196
-164
-148
-112
-104
-148
-148
-132
-80
-16
48
148
244
324
428
492
428
372
396
492
588
716
812
812
748
620
492
396
308
180
64
8
32
132
180
196
120
0
-120
-196
-196
-244
-372
-428
-396
-428
-460
-492
-556
-620
-684
-716
-716
-684
-620
-556
-556
-524
-492
-460
-524
-588
-556
-524
-460
-396
-244
-120
-40
0
32
48
120
212
244
308
356
428
524
556
492
324
148
72
80
180
356
492
620
652
556
396
148
8
8
32
80
80
8
-132
-324
-428
-492
-460
-396
-372
-324
-276
-196
-132
-80
-132
-212
-276
-340
-340
-276
-148
-24
8
48
88
80
88
148
148
228
292
324
356
372
428
492
492
460
428
460
492
588
588
556
428
244
112
40
0
-56
-132
-276
-396
-396
-324
-244
-164
-112
-132
-88
-48
24
64
8
-24
-112
-228
-308
-396
-372
-260
-148
-40
40
72
48
8
-64
-180
-276
-292
-260
-196
-120
-48
-24
-56
-120
-132
-120
-48
56
112
120
120
112
104
104
96
120
120
180
228
308
372
372
372
372
356
308
228
96
0
-72
-96
-32
16
16
-16
8
16
-8
-56
-104
-212
-324
-428
-460
-356
-196
-88
-40
-56
-104
-148
-132
-56
56
56
-72
-164
-148
-56
0
88
148
132
120
112
96
132
148
180
260
292
276
164
48
16
-16
0
-8
-24
-48
-64
-40
-40
-132
-244
-276
-260
-164
-48
32
24
-8
-104
-132
-72
-24
-64
-148
-244
-308
-276
-260
-260
-164
-72
8
64
56
16
-8
-48
-112
-104
-120
-132
-164
-228
-228
-180
-148
-8
132
228
276
244
180
148
180
260
308
340
276
196
164
120
96
72
104
164
308
396
396
372
276
164
56
24
0
0
-80
-196
-244
-148
0
112
132
88
16
-40
-80
-120
-148
-180
-180
-104
8
56
32
0
-16
-48
-64
-48
-16
56
104
148
120
64
56
96
132
164
72
-72
-96
-56
32
180
260
228
120
-40
-164
-260
-276
-180
-64
-8
8
-16
-64
-112
-120
-132
-196
-212
-244
-244
-212
-196
-148
-88
-32
48
96
48
-32
-132
-180
-196
-196
-132
-56
-40
-72
-164
-276
-356
-356
-276
-196
-104
0
56
72
96
88
64
72
32
16
64
80
56
56
64
120
196
260
292
276
276
324
356
372
428
428
460
524
620
588
396
260
80
-48
-80
-72
-56
-48
24
80
104
80
-24
-148
-308
-396
-460
-492
-492
-460
-356
-260
-196
-228
-276
-372
-492
-492
-396
-308
-228
-80
40
112
148
132
88
72
148
164
180
164
132
96
40
72
104
120
196
276
276
356
356
276
212
132
88
132
164
180
80
-56
-88
-112
-132
-132
-196
-164
-24
72
120
64
-88
-212
-260
-244
-212
-196
-180
-212
-292
-324
-324
-324
-308
-276
-212
-120
-40
24
8
8
88
196
324
372
276
132
24
-8
8
88
132
112
48
32
96
164
196
180
180
180
132
96
80
104
148
180
212
244
228
196
148
104
32
-8
-24
-56
-64
-96
-132
-164
-196
-164
-148
-148
-132
-164
-164
-228
-292
-396
-428
-356
-244
-104
-40
-40
-72
-180
-276
-396
-428
-428
-396
-244
-24
148
292
396
356
292
196
64
-56
-72
-24
80
244
340
356
324
260
180
148
120
88
0
-16
8
104
212
308
276
164
48
0
56
180
244
260
276
244
196
96
40
-8
-24
-40
-16
-8
-72
-88
-24
80
180
180
132
96
64
72
104
72
8
-8
32
104
148
132
0
-112
-212
-260
-196
-88
0
72
104
132
88
16
-64
-180
-260
-276
-244
-180
-72
-24
-48
-88
-164
-212
-260
-340
-428
-428
-396
-308
-164
-64
-80
-148
-196
-180
-212
-276
-308
-308
-308
-244
-180
-164
-228
-228
-196
-212
-180
-148
-104
-88
-96
-72
-48
-8
16
80
164
260
324
276
180
96
80
132
228
260
212
180
164
148
212
260
260
228
148
96
148
260
308
276
196
132
132
148
196
196
148
132
112
164
212
196
180
120
24
-48
-40
-24
-16
-24
-88
-80
-32
-24
72
228
340
428
396
308
196
64
-40
-32
40
132
260
340
396
428
396
308
180
24
-48
16
132
196
164
24
-80
-64
56
120
112
104
48
-56
-132
-132
-132
-196
-308
-428
-588
-684
-812
-844
-812
-812
-748
-716
-716
-748
-780
-812
-844
-780
-588
-428
-324
-372
-460
-524
-524
-428
-244
-64
-8
0
0
72
164
244
356
428
460
460
340
260
212
228
308
428
492
460
428
396
428
428
396
428
460
492
492
428
324
228
180
148
148
212
228
180
72
-32
-164
-196
-228
-212
-148
-132
-132
-112
-64
32
80
32
0
0
64
164
276
308
260
180
132
112
96
132
104
80
112
228
340
460
460
356
324
308
292
308
276
180
56
-16
-64
-64
-8
48
112
132
64
0
-48
-132
-196
-260
-324
-428
-492
-556
-620
-620
-556
-556
-588
-620
-652
-620
-556
-524
-492
-396
-308
-244
-148
-132
-164
-212
-292
-396
-492
-556
-492
-292
-56
120
276
324
308
308
292
372
428
428
396
340
228
112
-24
-132
-148
-48
96
212
276
324
396
396
372
340
244
132
-8
-88
-120
-104
-40
16
132
212
324
396
372
244
104
-8
-132
-196
-148
-80
72
260
428
428
356
244
96
-8
-32
-48
-40
24
112
276
428
428
340
180
40
-64
-40
0
0
24
88
164
228
260
260
228
212
212
164
64
-88
-228
-340
-396
-428
-428
-396
-428
-460
-396
-372
-372
-428
-524
-620
-748
-748
-748
-748
-684
-588
-492
-396
-372
-396
-372
-356
-324
-260
-244
-276
-324
-292
-228
-120
-16
16
64
56
64
120
148
228
308
324
396
460
556
652
716
748
620
492
396
340
372
428
460
524
524
524
492
460
428
396
372
356
340
276
260
228
180
164
196
164
120
48
-56
-96
-120
-132
-120
-72
-8
8
80
164
180
132
104
64
32
0
-40
-24
8
40
56
64
24
-8
0
8
32
96
120
132
112
40
-32
-88
-112
-180
-212
-196
-196
-212
-228
-260
-292
-396
-460
-492
-460
-428
-396
-356
-308
-260
-292
-324
-396
-556
-652
-620
-620
-556
-556
-620
-684
-716
-684
-524
-356
-244
-148
-120
-132
-196
-276
-292
-276
-180
-88
-8
56
120
180
180
212
276
340
372
396
356
324
340
356
356
340
356
356
356
428
492
524
524
524
556
556
460
356
244
196
196
180
120
132
164
120
56
16
-40
-40
-8
32
56
64
104
96
48
48
80
16
-88
-148
-148
-72
24
112
164
212
180
196
228
260
292
276
276
260
260
244
244
260
260
276
308
324
372
396
340
244
104
0
-56
-148
-244
-276
-260
-308
-324
-396
-460
-460
-396
-396
-372
-396
-396
-396
-396
-356
-340
-396
-588
-684
-780
-812
-812
-748
-652
-492
-340
-148
-48
-88
-120
-164
-196
-196
-132
-48
0
64
104
132
196
260
308
308
260
212
132
148
180
228
276
292
324
324
340
356
356
308
212
48
-164
-292
-308
-212
-132
-8
96
196
212
164
112
40
56
88
40
0
-72
-180
-212
-180
-112
-24
56
132
228
292
244
132
40
16
40
132
276
340
324
276
132
16
-64
-120
-96
-24
48
104
112
72
24
-16
-56
-56
0
32
64
132
196
260
276
260
180
64
-16
-64
-64
-56
-24
-16
-16
-72
-132
-148
-112
-32
40
148
260
340
324
228
112
16
-88
-148
-104
-56
40
112
132
132
64
-32
-132
-196
-212
-212
-180
-164
-148
-148
-196
-244
-260
-228
-164
-88
-40
-40
-132
-212
-276
-292
-292
-196
-88
-8
16
8
-32
-132
-196
-180
-88
-16
0
16
0
-24
-64
-64
-40
-8
8
-16
-112
-196
-244
-244
-228
-180
-132
-120
-88
-48
16
16
-8
-88
-164
-164
-132
-96
-120
-196
-228
-212
-88
80
244
356
372
292
196
112
32
-24
-72
-88
-48
8
112
260
356
396
396
372
428
460
460
460
396
308
260
196
180
180
132
88
64
56
96
180
276
396
356
260
212
112
32
0
-56
-120
-132
-132
-72
-32
-48
-88
-196
-292
-372
-396
-356
-244
-112
24
148
260
324
292
148
-24
-196
-292
-324
-228
-64
16
32
0
-32
32
148
196
212
164
120
148
164
228
228
196
96
24
-24
-56
-88
-148
-228
-292
-292
-276
-260
-180
-88
-112
-164
-196
-228
-212
-228
-324
-396
-396
-396
-356
-276
-260
-308
-324
-308
-212
-112
-132
-180
-260
-292
-196
-104
-48
-16
-32
-64
-72
-40
-56
-24
16
64
72
96
120
196
308
396
428
356
292
228
212
244
308
308
244
148
64
40
80
148
196
180
132
40
-96
-228
-308
-340
-340
-228
-72
64
164
148
16
-164
-324
-356
-396
-340
-276
-164
-72
-16
16
32
120
196
276
356
396
460
460
396
340
260
212
244
396
588
652
684
588
428
308
260
260
228
164
132
96
112
112
88
96
80
-48
-164
-260
-356
-372
-356
-396
-428
-524
-556
-556
-460
-356
-244
-148
-48
56
88
0
-148
-244
-324
-276
-112
16
104
132
72
8
-8
-16
-24
-8
64
148
228
324
372
396
292
96
-64
-196
-260
-260
-228
-148
-64
32
80
80
40
-32
-96
-180
-196
-196
-212
-164
-96
-104
-112
-96
-96
-132
-276
-372
-396
-324
-196
-40
120
164
104
-24
-56
-48
-40
-32
-48
-80
-148
-212
-244
-196
-104
0
148
340
460
492
492
372
196
80
24
16
56
96
180
308
340
292
228
196
132
132
180
228
228
164
88
24
0
-8
-48
-120
-164
-180
-148
-104
-40
-16
-32
-72
-80
-72
-24
-8
-8
-8
8
104
80
-16
-180
-396
-524
-620
-556
-428
-276
-180
-132
-80
-64
-16
-16
0
-24
-64
-48
-48
0
72
164
164
104
40
-24
-72
-64
24
164
260
340
428
428
396
428
340
244
180
132
164
244
340
396
372
324
180
64
0
-8
0
-40
-112
-196
-260
-340
-324
-228
-132
-72
-64
-64
-24
-8
-64
-164
-212
-260
-324
-324
-308
-292
-228
-96
88
260
372
396
372
276
180
120
56
24
24
48
72
96
112
148
148
164
196
180
180
148
148
120
8
-104
-196
-244
-276
-308
-372
-340
-308
-228
-132
-88
-80
-104
-180
-276
-324
-340
-292
-260
-212
-196
-260
-356
-372
-372
-324
-228
-180
-148
-120
-132
-164
-148
-148
-148
-148
-132
-56
0
32
16
-16
8
40
180
276
308
276
228
228
292
396
396
372
324
324
356
396
396
340
276
212
212
244
260
212
180
164
88
0
-132
-276
-324
-292
-196
-56
56
132
196
212
180
104
-24
-148
-196
-180
-120
-40
48
40
-8
-48
-48
0
104
180
276
324
356
428
396
340
276
180
112
96
148
244
276
276
196
96
32
-16
-40
-80
-196
-276
-260
-148
-40
-24
-104
-228
-372
-460
-460
-556
-620
-652
-620
-556
-460
-260
-196
-196
-244
-324
-356
-356
-308
-212
-132
-56
-16
-40
-48
-16
-16
0
56
64
56
16
16
56
148
228
260
276
212
148
96
88
56
24
0
-8
16
132
276
372
396
356
260
96
0
-64
-112
-120
-120
