SAMPLES:	7760
BITSPERSAMPLE:	16
CHANNELS:	1
SAMPLERATE:	16000
NORMALIZED:	FALSE
0
0
0
0
0
0
-8
-8
0
0
0
-8
0
0
0
0
0
0
0
0
0
0
0
0
0
0
0
0
0
0
0
8
8
0
8
8
8
0
0
0
0
8
8
16
16
16
16
16
16
16
16
16
16
16
16
16
16
16
16
16
16
16
16
16
16
8
8
8
8
16
16
8
8
8
8
8
0
0
0
8
0
0
0
0
0
0
0
0
0
0
0
0
-8
-8
-8
-8
-8
-8
-8
-8
-8
-8
-8
-8
-8
-8
-8
-8
-8
-8
-8
-8
-8
-8
-8
-8
-8
-8
-8
-8
-8
-8
-8
-8
-16
-16
-16
-8
-8
-8
-8
-8
-8
-8
0
0
0
0
0
0
0
-8
-8
-8
-8
0
0
0
0
0
0
0
0
0
0
0
0
0
0
0
-8
-8
0
0
0
0
0
0
0
0
0
0
0
0
0
0
0
0
0
0
0
0
0
0
0
0
0
0
0
8
8
8
16
8
8
8
8
8
8
16
16
16
16
8
8
8
16
16
16
16
16
16
16
16
16
16
8
8
16
8
8
8
8
8
8
8
8
8
8
8
8
0
0
0
0
0
0
0
0
0
0
0
0
0
0
0
-8
-8
-8
-8
-8
-16
-16
-16
-16
-16
-16
-16
-16
-16
-16
-16
-16
-16
-16
-16
-8
-16
-16
-8
-16
-16
-8
-8
-8
-8
-8
-8
-8
0
0
0
0
0
0
0
0
0
0
0
8
8
0
0
0
0
0
0
0
0
8
8
0
8
8
0
0
0
0
0
0
0
0
0
0
0
0
8
8
0
8
0
0
0
0
0
0
0
0
0
0
0
0
0
0
0
0
0
0
0
0
0
0
0
0
0
0
0
0
0
0
0
0
0
0
0
0
0
-8
0
0
0
0
0
0
0
0
0
0
0
0
0
0
0
0
0
0
0
0
0
0
0
0
0
0
0
0
0
0
0
0
0
0
0
0
0
0
0
0
0
0
0
0
0
0
-8
-8
-8
0
-8
0
0
-8
0
0
0
0
-8
-16
-16
-16
-8
-8
-8
-8
-8
-8
-16
-8
-8
0
-8
0
-8
0
0
-8
0
0
0
0
0
0
8
0
8
8
8
8
0
8
0
8
8
16
16
16
8
16
16
8
8
16
16
16
24
24
16
16
8
8
8
8
8
8
8
8
8
8
8
8
8
0
0
0
0
0
0
0
0
0
0
-8
-8
-8
-8
-16
-16
-16
-8
-8
-8
0
0
0
0
0
-8
0
0
-8
-8
0
0
0
0
0
0
0
-8
-8
-8
-8
0
0
0
0
0
0
0
0
0
8
8
8
8
8
8
0
8
0
0
8
8
8
8
8
0
0
0
0
0
0
0
0
-8
-8
0
0
0
0
0
0
0
0
0
-8
0
-8
-8
-8
-8
-8
-8
-8
0
0
0
-8
-24
-24
-16
-8
-16
-16
-8
0
0
0
0
0
-8
-8
0
-8
-16
-8
-8
-8
-16
0
0
0
0
0
0
0
0
0
8
0
0
0
0
0
0
0
8
8
8
8
8
8
8
0
0
0
0
0
8
24
24
24
24
24
16
16
16
8
0
0
0
0
8
8
8
8
16
8
8
8
8
16
16
16
0
8
8
0
0
8
8
0
0
-8
0
-8
-16
0
0
0
0
0
0
0
0
-8
-16
-16
-16
-24
-24
-24
-24
-16
-8
-8
0
0
0
0
0
0
-16
-16
-8
-8
-8
-8
-16
-8
-8
0
0
16
8
64
228
64
-88
-80
-96
-112
-104
-32
40
96
-8
-132
-88
-64
-48
88
104
112
32
-112
-64
0
0
16
88
72
0
8
0
-8
-24
-24
56
64
48
112
40
-8
16
16
24
8
16
32
16
0
-24
0
16
16
180
148
80
0
-132
-56
-96
-180
-132
8
-8
-148
-88
-56
-104
-72
-64
56
132
-16
-8
16
-16
-32
-24
40
96
56
24
40
8
-56
0
8
8
104
32
-24
32
-8
-48
0
-16
32
64
0
-40
0
-8
-72
8
48
32
48
40
40
56
16
-56
-8
-8
-96
-64
16
8
-48
-80
0
24
32
132
88
164
112
-24
0
24
-8
-104
64
104
-32
0
-40
-40
24
-24
24
72
64
32
-80
0
16
-16
16
64
104
56
48
0
-40
16
-80
-16
104
16
24
16
-72
-48
-40
-40
-56
-24
-24
-64
-80
-88
-8
-64
-120
-16
24
0
16
-40
-64
-40
-48
-132
-48
24
-64
-96
-88
8
-32
-104
-88
0
-88
-80
-48
-16
0
-80
-40
-16
-40
-80
-40
120
32
-112
8
16
-56
-132
-16
180
80
-72
-40
88
0
-148
-56
88
72
-72
-32
104
24
-132
-56
132
104
8
24
164
212
0
-40
112
64
-32
-32
48
72
-72
-120
-32
-40
-164
-24
324
196
64
148
32
64
-16
-64
164
276
180
48
132
148
-48
8
180
324
292
48
16
16
-48
-8
88
276
260
96
56
32
-164
-212
-16
72
88
112
80
-24
-80
-112
-32
96
72
-32
-16
-32
-196
-212
-96
-80
-64
-24
24
40
-40
-72
-88
-40
-16
-32
-16
-40
-88
-112
-132
-132
-112
-104
-24
-32
-88
-40
-80
-244
-260
-164
-120
-72
0
32
24
-80
-196
-212
-112
-72
-112
-32
64
32
-64
-48
-32
0
-24
-48
-8
-32
-112
-212
-104
-48
-40
16
24
24
72
0
-24
80
56
-40
-16
48
16
-24
16
104
148
132
64
64
40
-16
-48
0
48
24
8
88
196
212
196
164
120
48
-16
-8
24
16
32
112
148
132
88
64
64
8
0
56
24
0
16
16
64
112
64
32
96
48
-16
-32
24
72
64
120
132
88
-40
-88
-24
0
72
112
120
48
-56
-120
-48
8
8
64
64
0
-40
-96
-72
32
40
32
8
-72
-148
-164
-112
-32
64
88
24
-8
-56
-112
-88
-32
16
48
0
-24
-64
-80
-120
-96
0
16
-8
-56
-64
-88
-112
-88
-8
8
-64
-120
-96
-80
-72
-72
16
120
88
16
-16
-40
-64
-104
-96
-32
0
-64
-96
0
40
16
0
56
8
-104
-112
-104
-80
-72
-8
32
40
56
0
-64
-48
-32
-32
0
-8
-24
-48
-80
-56
-24
16
56
88
96
96
56
-32
-56
-56
-72
-64
8
64
48
40
48
72
48
24
64
80
56
32
16
0
-8
16
56
132
148
104
64
8
-56
-88
-48
16
80
88
96
80
32
24
56
64
80
88
32
-32
-64
-48
-8
32
80
120
96
0
-24
0
-32
-8
16
32
8
-16
-16
0
32
24
32
48
24
-16
-56
-64
-32
-24
-16
24
56
72
48
24
40
32
-16
-48
-24
-24
-32
8
32
64
40
16
24
0
0
-8
-24
-8
0
16
40
48
32
0
0
8
-8
-40
-64
-64
-56
-48
-8
32
16
-32
-24
0
0
-16
-40
-56
-88
-96
-88
-56
-48
-32
-8
0
0
-32
-88
-112
-132
-104
-64
-40
-24
8
-8
-32
-16
-24
-56
-64
-56
-64
-64
-80
-72
-56
-56
-48
8
16
0
-24
-32
-48
-72
-80
-40
-24
-24
-16
0
8
8
0
16
48
32
0
0
0
-32
-40
-16
16
48
32
32
48
56
80
72
72
88
72
32
64
72
48
56
80
88
96
80
56
40
32
56
64
72
104
112
96
72
56
24
16
72
56
8
0
16
8
-16
8
72
104
80
64
88
96
40
-24
0
72
56
0
8
24
0
-16
-8
24
48
8
-16
0
0
-24
-32
16
16
-24
-40
-64
-72
-80
-72
-32
0
8
-24
-40
-64
-64
-72
-40
24
24
-24
-48
-56
-112
-120
-112
-40
0
-16
-8
0
-16
-80
-72
16
32
32
8
8
8
-16
-48
-16
40
48
0
-24
0
-16
-64
-56
0
40
16
-24
-48
-56
-96
-132
-132
-80
-24
-32
-56
-88
-88
-96
-132
-132
-104
-56
-88
-112
-88
-64
-72
-88
-56
-16
-40
-88
-80
-32
-24
-8
16
48
24
-32
-40
0
32
32
48
96
148
120
64
48
56
24
-8
0
32
72
64
16
56
120
148
112
56
16
-8
-56
-32
88
212
196
148
180
212
64
-56
0
88
132
72
48
164
260
212
104
212
308
196
80
48
72
104
80
72
180
276
228
112
112
96
8
-32
-40
24
88
72
24
32
40
-40
-112
-48
0
-40
-104
-120
-96
-132
-196
-180
-80
-48
-132
-164
-132
-120
-180
-228
-196
-180
-212
-228
-212
-228
-276
-292
-244
-164
-148
-164
-148
-132
-180
-228
-244
-196
-164
-180
-180
-112
-64
-180
-196
-96
-40
-132
-132
-64
-112
-80
-72
-64
8
72
24
24
88
16
-96
-40
32
0
-48
64
228
148
80
148
148
112
40
8
96
164
112
80
212
260
164
96
180
228
180
132
180
276
244
148
132
244
292
212
120
196
260
180
96
132
244
244
120
48
180
244
104
56
132
180
104
16
72
148
56
-24
0
32
8
-8
0
40
24
-8
0
0
-32
-88
-80
-32
-8
-8
-32
-48
-48
-72
-120
-164
-148
-132
-132
-164
-180
-148
-148
-180
-180
-164
-164
-196
-212
-212
-212
-228
-276
-260
-212
-260
-276
-180
-148
-244
-276
-228
-196
-276
-308
-196
-112
-196
-276
-212
-148
-132
-260
-276
-48
16
-196
-212
16
72
-56
-48
164
244
104
-80
64
324
244
96
180
356
308
120
180
324
396
308
292
396
396
324
308
340
292
308
308
308
212
308
460
292
132
148
372
396
132
24
244
324
80
-120
56
340
212
8
40
164
32
-180
-132
-8
0
-56
-56
56
32
-88
-132
-148
-148
-120
-96
-56
16
32
-8
-132
-164
-132
-180
-244
-244
-148
-88
-148
-180
-96
-56
-132
-244
-260
-228
-292
-324
-308
-244
-212
-292
-372
-356
-372
-460
-492
-524
-428
-396
-428
-428
-492
-460
-324
-396
-556
-492
-276
-212
-396
-460
-260
0
-104
-308
-164
0
64
-16
-132
48
276
148
104
164
228
340
492
340
132
340
620
652
372
292
716
924
556
164
372
924
988
492
372
924
1052
396
164
620
844
460
164
492
812
460
88
292
588
492
32
48
460
428
104
-40
164
244
8
-64
120
196
-56
-196
-72
-40
-148
-324
-276
-32
-32
-196
-164
0
-8
-276
-356
-196
-104
-132
-212
-180
-32
-8
-132
-196
-120
-72
-164
-292
-260
-88
-64
-228
-244
-112
-132
-324
-428
-372
-428
-652
-716
-588
-460
-492
-556
-652
-620
-684
-988
-1052
-812
-620
-812
-844
-556
-492
-812
-924
-620
-492
-556
-684
-652
-308
-340
-588
-492
-104
56
-276
-148
148
164
-72
-308
228
812
460
-24
396
988
812
40
-64
1052
1756
748
-48
876
1820
652
-180
652
1756
1308
24
148
1436
1692
180
-292
1308
1980
308
-396
844
1692
716
-356
228
1756
1436
-276
-260
988
844
-340
-588
492
1180
524
-356
-72
652
148
-620
-356
460
588
-40
-164
356
428
-228
-620
-148
324
48
-196
24
340
196
-212
-132
396
460
-164
-524
-324
-356
-684
-716
-428
-164
-396
-844
-924
-924
-1116
-1500
-1564
-1244
-1244
-1500
-1628
-1564
-1500
-1628
-1820
-1692
-1436
-1372
-1628
-1756
-1500
-1436
-1564
-1308
-1116
-780
-684
-716
-684
-588
-460
-228
-228
-244
-96
276
428
-132
196
620
924
812
588
812
1308
1308
716
588
1628
1692
924
1180
1756
1884
1244
924
1244
1884
1308
924
1628
2108
1308
620
1180
1692
1244
588
988
1692
1308
276
180
1244
1180
-32
164
1180
780
-228
-244
308
492
80
-180
340
988
308
-556
-72
684
460
-56
260
924
716
164
32
556
748
196
-132
228
588
196
-72
64
120
-148
-620
-748
-556
-620
-988
-1308
-1308
-1372
-1756
-1884
-1820
-1756
-1980
-2236
-2236
-2108
-2236
-2364
-2364
-2236
-2108
-2108
-2108
-1820
-1628
-1692
-1692
-1372
-988
-876
-1052
-988
-716
-428
-396
-324
56
396
492
244
244
684
748
372
460
924
1180
716
308
620
988
924
620
924
1628
1372
684
748
1116
1372
1052
924
1500
1628
1052
652
1180
1628
1180
924
1372
1692
1628
1180
1180
1628
1308
780
812
1180
1052
428
492
924
1244
1052
588
492
492
96
-308
88
812
924
780
1116
1436
1308
1052
812
924
1116
924
780
924
1244
1116
876
780
652
340
-40
-276
-460
-716
-1052
-1308
-1372
-1564
-1820
-2108
-2364
-2748
-3004
-3260
-3388
-3388
-3388
-3260
-3132
-3132
-3004
-3132
-3004
-2492
-2236
-2108
-1692
-1436
-1500
-1756
-1628
-988
-396
-120
180
524
524
276
260
588
988
1116
1052
1116
1052
748
556
588
748
924
988
844
620
292
40
8
292
492
620
812
748
620
524
780
924
924
1116
1052
924
876
1116
1436
1436
1436
1372
1436
1180
844
1116
1564
1564
1436
1244
1116
988
652
716
1116
1116
924
988
1052
812
652
812
1180
1372
1180
988
1116
1500
1820
2236
2620
2364
1820
1308
1244
1564
1884
1980
1980
1820
1052
396
244
340
292
-72
-556
-1244
-1820
-2364
-2620
-2620
-2748
-2876
-3388
-3644
-3900
-4092
-4604
-4604
-4348
-4092
-4092
-3900
-3644
-3644
-3772
-3772
-3132
-2108
-1564
-1500
-1564
-1500
-1308
-1116
-556
340
988
1116
1052
988
988
876
1116
1692
2108
1980
1372
684
372
340
524
988
1116
684
0
-460
-396
-212
-16
72
132
148
-112
-212
-80
120
460
924
1180
1372
1308
924
652
844
1500
1980
2108
1756
1436
1436
1244
1244
1436
1820
1756
1436
1308
1180
1052
924
988
1244
1628
1500
1052
748
924
1436
1980
2108
1884
1980
2620
3004
3004
2364
1980
2236
2748
3132
3004
2876
2620
2108
1308
748
988
1500
1308
228
-844
-1564
-1980
-2236
-2236
-2236
-2620
-3644
-4604
-4860
-4860
-4604
-4860
-4860
-4860
-5116
-4860
-4860
-4860
-4604
-4348
-3516
-2748
-2364
-2620
-3004
-2492
-1436
-292
196
292
276
308
492
1116
2108
2748
2364
1820
1500
1500
1564
1692
1980
1980
1436
812
556
556
460
148
-24
24
-164
-588
-812
-876
-876
-780
-492
-132
-180
-428
-524
-228
292
684
876
812
652
620
748
1116
1628
1628
1372
1180
1180
1372
1436
1372
1244
1308
1372
1372
1244
1116
1116
1116
1180
1308
1372
1244
1308
1756
2236
2492
2492
2748
3260
3388
2876
2492
2876
3516
3772
3516
3132
3004
2748
2108
1500
1436
1884
1564
492
-716
-1564
-1980
-2236
-2108
-2108
-2620
-3900
-4860
-5372
-5116
-4860
-4860
-5116
-5372
-5884
-5884
-5372
-4860
-4860
-4604
-4348
-3772
-3516
-3132
-2876
-2492
-1884
-1180
-180
460
652
556
748
1436
2236
2748
2620
2492
2492
2364
2492
2492
2620
2364
2108
1820
1884
1500
748
228
308
556
372
-120
-652
-988
-1116
-748
-112
-64
-620
-1180
-1052
-524
-64
104
148
148
-8
72
308
492
556
492
716
1116
1244
1052
844
924
1244
1564
1500
1372
1180
1116
1052
1180
1500
1564
1500
1372
1500
1820
1980
2364
2748
3004
3260
3516
3644
3388
2876
3132
4092
5116
4604
3644
3132
3132
2876
2492
2236
2364
1980
924
-308
-1116
-1500
-1692
-1884
-2108
-2620
-3772
-4860
-5628
-5372
-5116
-5116
-5628
-6140
-6652
-6652
-6140
-5628
-5372
-5372
-5116
-4860
-4604
-4348
-3900
-3132
-2364
-1500
-924
-844
-812
-396
396
1628
2492
2620
2236
1980
2108
2492
3132
3516
3388
2748
2108
1820
1884
1980
1980
1756
1244
716
180
-72
-120
-148
-72
32
-132
-620
-988
-988
-620
-196
-56
-164
-492
-876
-780
-132
324
556
340
-16
-64
80
396
748
924
748
620
652
876
1052
1052
1116
1244
1436
1436
1308
1308
1308
1436
1564
1980
2492
2620
2876
3004
3388
4092
4348
4092
3772
3388
4092
5116
5372
4860
3900
3516
3516
3260
2748
2620
2748
1980
652
-492
-988
-1180
-1372
-1628
-2108
-3132
-4604
-5372
-5372
-5116
-5116
-5372
-6140
-6652
-6908
-6396
-5884
-5628
-5628
-5628
-5628
-5372
-4860
-4604
-3900
-3132
-2492
-1884
-1116
-780
-876
-844
-80
1628
2492
2108
1500
1884
2620
2620
2748
3004
3516
3132
2492
2236
2108
1628
1244
1692
2236
1884
428
-460
-196
340
652
588
16
-988
-1692
-1372
-324
196
-324
-1052
-1308
-988
-588
-308
-244
-428
-524
-492
-228
-164
-196
-148
164
716
924
620
276
460
924
1372
1564
1436
1308
1180
1372
1692
2108
2236
1980
1980
2492
3260
3900
3772
3772
4092
4348
4092
3772
4092
5116
5372
4860
4092
3772
3644
3516
3004
2876
3004
2236
988
-260
-684
-684
-876
-1308
-2108
-3132
-4348
-5116
-5116
-4860
-4860
-5628
-6396
-6908
-6908
-6396
-5884
-5628
-5884
-5884
-5884
-5628
-5116
-4604
-4092
-3260
-2748
-2620
-2364
-1820
-780
64
684
924
1116
1372
1564
2236
3004
3516
3388
2748
2620
2748
3260
3260
3004
2748
2236
1692
1436
1756
1692
1308
684
428
460
196
-120
-292
-292
-556
-844
-1052
-1116
-1052
-1116
-988
-748
-844
-1180
-1308
-1052
-652
-460
-428
-340
-324
-244
-80
292
556
492
524
748
1052
1180
1308
1436
1692
1884
1820
1980
2108
2364
2364
2620
3004
3260
3644
3516
3644
4092
4604
4348
3644
3388
4348
5372
5116
3900
3260
3260
3260
2876
2236
2108
1884
876
-324
-988
-1244
-1628
-2108
-2492
-2876
-3772
-4860
-5372
-5372
-5116
-5372
-6140
-6652
-6652
-6396
-6140
-5628
-5628
-5884
-5884
-5628
-5116
-4348
-4092
-3388
-3004
-2492
-2236
-1756
-780
-96
260
556
1180
1692
1820
2108
2620
3516
3516
2876
2876
3004
3260
3260
3132
3132
2748
1980
1692
2236
2364
1820
988
652
620
340
96
48
-244
-812
-1052
-988
-812
-924
-1244
-1308
-1180
-1244
-1372
-1372
-1308
-1052
-924
-716
-524
-620
-652
-356
120
428
428
372
460
812
1180
1500
1756
1756
1756
1820
2108
2364
2748
2748
2876
3132
3388
3772
4092
3900
4348
4604
4604
4092
3388
3900
4860
5116
4092
3132
3004
3132
2748
2108
1980
1884
1052
-244
-1116
-1308
-1500
-1884
-2236
-2748
-3644
-4860
-5372
-5116
-4604
-5116
-5884
-6396
-6652
-6396
-5884
-5372
-5372
-5628
-5628
-5372
-4604
-4092
-3644
-3260
-2748
-2620
-2364
-1820
-1052
-244
212
492
924
1244
1564
1884
2492
3132
3260
3004
2620
3004
3260
3388
3260
3004
2620
1980
1820
1980
2236
1756
924
324
164
228
80
-48
-324
-876
-1372
-1436
-1308
-1244
-1436
-1692
-1756
-1884
-1980
-1884
-1564
-1244
-1116
-1116
-1052
-924
-780
-428
120
492
524
524
748
1180
1692
1980
2108
2108
2108
2236
2492
2876
3004
3132
3004
3132
3644
4092
4348
4092
3900
4092
4604
4604
4092
3260
3260
4092
4604
3644
2620
2492
2748
2236
1372
844
988
780
-148
-1180
-1980
-2236
-2620
-2620
-2748
-3516
-4604
-5372
-5372
-4860
-4604
-5116
-5884
-6140
-6140
-5628
-5116
-4860
-5116
-5372
-5116
-4348
-3772
-3388
-3132
-3004
-2492
-1884
-1244
-780
-492
-88
588
1308
1500
1500
1820
2364
2876
3004
3004
2876
2876
3004
3260
3260
2748
2236
1884
2108
2108
1756
1244
716
428
148
96
-40
-292
-716
-1052
-1116
-1244
-1436
-1628
-1692
-1692
-1692
-1756
-1820
-1692
-1436
-1180
-988
-844
-812
-780
-396
148
524
684
780
988
1308
1692
2108
2364
2364
2492
2620
2748
3004
3132
3260
3260
3260
3388
3644
3772
3900
3772
3516
3772
4348
4092
3388
2620
2620
3516
3900
3260
2108
1756
1980
1692
748
164
460
396
-524
-1500
-2236
-2492
-2620
-2620
-2620
-3132
-4348
-5116
-4860
-4348
-4092
-4604
-5372
-5628
-5628
-5372
-4604
-4348
-4604
-4860
-4604
-4092
-3260
-2876
-2748
-2492
-2108
-1628
-1116
-924
-428
212
924
1116
924
1180
1820
2492
2876
3004
2748
2492
2364
2748
3260
3260
2620
2108
1980
2108
1884
1564
1244
844
396
0
-112
-244
-556
-844
-988
-1116
-1564
-1820
-1820
-1628
-1564
-1692
-1756
-1756
-1628
-1372
-924
-620
-620
-652
-524
-180
260
652
924
1116
1180
1308
1692
2108
2364
2620
2620
2492
2620
2620
2748
2876
3004
2876
2876
2876
3004
3132
3004
2876
3260
3644
3388
2492
1692
1692
2620
2876
2236
1372
1180
1372
988
276
-80
228
180
-620
-1692
-2364
-2364
-2236
-2108
-2236
-3004
-4092
-4604
-4348
-3644
-3516
-4348
-4860
-5116
-4860
-4604
-4092
-3900
-4092
-4092
-4092
-3260
-2748
-2620
-2364
-1980
-1628
-1308
-1116
-652
104
716
876
988
1116
1628
2236
2492
2876
2748
2492
2236
2748
3260
3388
2876
2236
2108
1980
1980
1980
1692
1244
716
292
104
132
-64
-324
-652
-988
-1308
-1500
-1500
-1244
-1180
-1436
-1564
-1500
-1372
-1052
-716
-428
-428
-588
-492
-56
356
588
812
924
1052
1180
1436
1820
2108
2236
2364
2492
2364
2236
2364
2620
2620
2492
2364
2364
2492
2620
2364
2236
2364
2620
2876
2620
1820
1180
1372
1980
2108
1500
924
924
876
260
-492
-428
64
-32
-924
-1980
-2364
-2492
-2364
-2108
-2236
-3132
-4348
-4860
-4092
-3516
-3772
-4348
-4860
-5116
-4860
-4348
-3900
-3772
-4092
-4092
-3644
-2876
-2620
-2492
-2236
-1884
-1436
-1180
-876
-356
244
716
876
1244
1244
1436
2108
2492
2748
2364
2108
2364
2876
3004
2876
2492
2108
1980
1884
1980
1820
1308
748
428
324
260
180
-120
-244
-556
-988
-1180
-1052
-876
-876
-924
-1116
-1116
-1116
-924
-460
-120
-40
-88
0
180
460
748
1052
1244
1244
1372
1500
1692
1980
2108
2364
2364
2364
2236
2364
2492
2492
2620
2620
2748
2620
2492
2364
2364
2492
2748
2876
2620
1884
1244
1308
1980
2236
1820
1244
924
748
212
-228
-16
308
32
-988
-1884
-2236
-2236
-1980
-1884
-2236
-3132
-4092
-4348
-3772
-3004
-3260
-4092
-4860
-4860
-4348
-3900
-3644
-3644
-3772
-3772
-3132
-2748
-2748
-2748
-2364
-1564
-1308
-1372
-1244
-556
56
228
716
876
988
924
1436
2108
2236
1692
1308
1820
2236
2364
1980
1820
1820
1564
1436
1436
1372
812
372
276
396
148
-492
-652
-652
-716
-988
-1180
-1244
-1308
-1244
-1116
-844
-988
-1180
-988
-684
-340
-324
-324
-228
0
212
492
684
748
988
1116
1372
1564
1756
1980
2236
2492
2620
2492
2236
2108
2236
2492
2748
2876
2620
2492
2236
2236
2620
2876
3004
2748
2236
1756
1692
1980
2108
1980
1628
1116
716
356
180
276
324
132
-588
-1372
-1884
-1980
-1692
-1628
-1980
-2620
-3388
-3772
-3644
-3260
-3132
-3644
-4348
-4604
-4348
-3772
-3260
-3260
-3260
-3132
-3132
-3004
-2876
-2364
-1756
-1372
-1308
-1308
-988
-588
-212
180
652
844
844
924
1244
1756
1980
1884
1820
1820
1884
1884
2108
2108
1980
1692
1308
1244
1180
1116
988
876
556
164
-96
-180
-132
-180
-340
-620
-988
-1116
-924
-620
-492
-620
-844
-924
-876
-652
-308
-104
-48
-112
-244
-148
244
620
924
924
876
924
988
1180
1564
1756
1820
1756
1564
1564
1820
2108
2236
2236
1980
1756
1756
1884
2108
2364
2236
1884
1564
1500
1692
1756
1564
1308
1244
988
588
180
16
196
228
-148
-652
-1180
-1564
-1692
-1564
-1628
-1980
-2620
-3260
-3388
-3132
-2876
-3004
-3388
-3772
-3900
-3772
-3260
-3004
-3004
-2748
-2876
-3004
-3004
-2620
-1756
-1372
-1308
-1372
-988
-780
-620
-148
460
924
748
556
652
1052
1372
1692
1980
1884
1500
1052
1372
1980
2108
1884
1372
988
844
988
1244
1372
988
228
-24
96
244
132
-8
-228
-492
-716
-716
-372
-228
-244
-396
-460
-396
-340
-164
88
292
276
132
32
212
588
876
988
988
924
876
1116
1564
1820
1884
1692
1436
1436
1564
1820
2236
2364
2108
1756
1692
1980
2364
2492
2236
1820
1372
1244
1436
1628
1500
1116
812
588
324
48
0
72
-104
-652
-1244
-1500
-1500
-1692
-1884
-1980
-2492
-3004
-3260
-3260
-3132
-3132
-3388
-3644
-3772
-3772
-3644
-3260
-3132
-3004
-3004
-2748
-2492
-2492
-2236
-1756
-988
-812
-924
-844
-372
112
340
588
748
684
588
924
1436
1628
1436
1180
1372
1628
1436
1244
1308
1500
1436
1180
1052
988
780
652
748
748
492
148
8
164
244
48
-132
-196
-292
-356
-292
-212
-244
-324
-340
-196
-132
-80
-16
24
132
212
244
292
460
716
876
924
924
924
1116
1372
1500
1500
1436
1436
1500
1756
1980
1980
1980
1980
1980
1980
2236
2364
2364
2108
1756
1756
1980
1980
1692
1436
1372
1180
844
492
324
260
48
-356
-812
-1180
-1436
-1564
-1628
-1820
-2236
-2876
-3132
-3004
-2876
-2876
-3260
-3516
-3644
-3516
-3260
-3004
-2748
-3004
-3132
-3004
-2620
-2236
-2108
-1980
-1628
-1308
-1244
-1116
-748
-276
16
164
292
308
372
524
876
1116
1116
844
684
844
1244
1436
1372
1052
812
716
844
1052
1052
780
524
428
524
620
556
428
324
196
40
-16
8
88
180
148
0
-196
-196
-56
180
292
164
0
-56
24
340
652
620
460
428
588
748
844
924
988
1052
1052
1116
1308
1564
1628
1692
1756
1980
2108
2236
2108
1884
1884
2108
2236
1980
1692
1628
1628
1564
1116
780
652
524
244
-212
-620
-924
-1180
-1308
-1500
-1756
-2236
-2620
-2748
-2620
-2748
-3004
-3260
-3388
-3260
-3132
-3004
-2876
-2876
-2876
-2748
-2492
-2108
-1980
-1884
-1628
-1308
-988
-812
-556
-276
-8
276
556
748
748
844
1116
1372
1436
1372
1308
1372
1436
1436
1436
1308
1116
1052
1052
988
988
748
524
460
460
556
588
492
340
244
196
132
80
56
88
-32
-228
-372
-396
-372
-244
-148
-180
-324
-460
-396
-292
-112
16
16
0
8
64
244
396
460
428
460
620
780
876
988
1180
1244
1308
1372
1628
1692
1692
1692
1756
1884
1756
1564
1564
1564
1436
1244
988
748
556
260
16
-228
-524
-812
-1116
-1308
-1500
-1692
-1980
-2108
-2364
-2620
-2748
-2876
-2876
-3004
-3004
-3004
-2876
-2748
-2748
-2620
-2364
-2236
-1980
-1756
-1500
-1116
-924
-748
-556
-244
24
276
428
652
844
988
1116
1308
1500
1500
1500
1564
1692
1692
1628
1564
1564
1564
1500
1372
1180
1116
1116
924
780
716
652
556
492
428
428
372
372
428
340
164
96
148
228
228
164
80
0
-112
-132
-24
72
56
-16
-40
24
132
244
292
340
324
292
292
324
492
588
684
748
748
780
844
988
1052
1244
1180
1116
1116
1180
1244
1180
988
924
812
524
324
196
104
-80
-428
-684
-844
-1052
-1244
-1436
-1692
-1884
-2236
-2364
-2620
-2748
-2876
-3004
-3004
-3132
-3004
-3004
-2876
-2748
-2620
-2492
-2236
-2108
-1980
-1820
-1564
-1308
-1116
-812
-556
-356
-148
132
396
588
716
844
924
988
1116
1244
1308
1372
1436
1500
1564
1564
1564
1436
1372
1372
1372
1308
1308
1244
1180
1116
1052
1052
988
924
924
876
812
780
748
684
684
716
684
652
620
556
556
588
588
524
428
396
340
356
372
356
244
112
64
88
180
244
292
340
340
340
460
556
684
748
684
716
684
652
684
780
812
716
620
588
524
428
340
276
148
0
-180
-396
-524
-684
-876
-1052
-1308
-1500
-1628
-1756
-1980
-2108
-2236
-2364
-2364
-2492
-2492
-2492
-2620
-2492
-2364
-2236
-2108
-1980
-1884
-1820
-1692
-1500
-1308
-1116
-988
-748
-588
-396
-180
56
260
396
492
620
748
924
988
988
988
988
1052
1180
1308
1372
1308
1372
1372
1372
1372
1308
1308
1244
1180
1116
1116
1116
1052
1052
1052
1052
988
924
844
924
988
844
716
652
620
524
524
524
492
428
324
260
228
244
180
80
-32
-112
-180
-260
-196
-96
-16
-72
-132
-104
0
120
196
244
228
244
276
356
428
460
460
460
492
428
308
260
196
112
8
-56
-164
-340
-492
-588
-716
-924
-1116
-1308
-1436
-1564
-1628
-1756
-1820
-1980
-2108
-2236
-2236
-2108
-2236
-2108
-2108
-1980
-1980
-1884
-1756
-1628
-1436
-1244
-1116
-988
-812
-620
-428
-260
-88
48
196
396
588
748
844
876
924
988
1180
1308
1372
1372
1308
1308
1372
1372
1372
1372
1372
1308
1308
1308
1372
1372
1372
1308
1244
1180
1180
1180
1052
1052
1052
1052
924
924
876
844
780
684
652
556
460
396
324
244
132
56
-32
-72
-120
-112
-120
-132
-112
-88
-48
-88
-132
-196
-148
-96
-88
-112
-72
-8
8
0
32
148
196
260
260
212
196
148
56
-8
-112
-196
-308
-492
-620
-716
-876
-988
-1052
-1116
-1180
-1372
-1500
-1628
-1756
-1820
-1884
-1980
-2108
-2236
-2236
-2108
-2108
-1980
-1980
-1884
-1756
-1628
-1500
-1436
-1308
-1116
-876
-748
-684
-588
-460
-244
40
228
372
492
588
748
924
1116
1244
1244
1244
1372
1500
1628
1628
1564
1564
1564
1628
1628
1628
1564
1564
1628
1628
1564
1500
1564
1564
1500
1372
1244
1180
1180
1180
1052
988
924
780
684
620
588
556
524
492
372
244
244
260
180
96
56
0
-72
-180
-212
-228
-276
-340
-356
-324
-292
-292
-340
-356
-340
-292
-244
-164
-164
-212
-228
-292
-356
-372
-428
-428
-396
-460
-524
-524
-556
-620
-812
-876
-924
-988
-1116
-1116
-1244
-1372
-1500
-1564
-1564
-1628
-1692
-1756
-1756
-1756
-1692
-1756
-1756
-1628
-1628
-1564
-1500
-1372
-1308
-1244
-1180
-988
-812
-716
-620
-460
-356
-260
-148
-8
164
372
524
684
780
924
1052
1180
1308
1372
1436
1500
1564
1628
1692
1692
1692
1628
1564
1628
1628
1692
1692
1628
1564
1500
1500
1500
1436
1372
1308
1244
1116
1052
1052
1052
988
924
812
716
684
620
524
428
324
212
132
56
48
-8
-112
-180
-228
-260
-260
-244
-308
-356
-460
-524
-492
-492
-524
-556
-556
-556
-524
-460
-492
-460
-492
-428
-340
-324
-308
-396
-492
-492
-428
-396
-428
-524
-556
-588
-588
-652
-716
-748
-812
-876
-924
-988
-1052
-1052
-1116
-1116
-1180
-1308
-1372
-1308
-1372
-1308
-1180
-1116
-1116
-1052
-988
-924
-924
-924
-844
-716
-652
-620
-524
-428
-292
-180
0
72
132
292
428
524
588
588
684
812
924
924
924
924
988
1052
1116
1116
1116
1052
1052
1116
1116
1116
1116
1052
1052
1052
988
988
924
876
876
844
844
876
844
780
780
780
684
620
556
524
460
396
308
228
148
112
88
48
40
-32
-132
-212
-244
-260
-260
-324
-460
-492
-524
-492
-460
-396
-396
-460
-460
-356
-276
-228
-180
-244
-292
-212
-132
-180
-228
-212
-212
-180
-164
-148
-180
-244
-292
-340
-324
-396
-428
-460
-556
-588
-652
-716
-716
-716
-748
-780
-812
-780
-780
-812
-780
-748
-684
-652
-652
-588
-524
-460
-340
-212
-164
-164
-164
-104
24
196
260
308
340
396
492
588
684
684
652
684
780
812
780
716
716
748
780
780
716
716
684
684
716
684
588
524
492
492
428
428
356
356
396
340
308
244
148
72
48
24
0
-48
-80
-64
-72
-132
-212
-276
-308
-292
-276
-292
-372
-428
-492
-492
-492
-492
-428
-428
-460
-492
-460
-396
-428
-460
-460
-460
-396
-340
-244
-164
-120
-96
-56
8
56
16
48
64
40
8
-8
0
0
0
0
-24
-64
-32
-48
-88
-80
-164
-244
-276
-260
-260
-308
-324
-356
-356
-372
-356
-340
-308
-276
-244
-196
-132
-64
-16
-40
-64
-16
8
104
212
276
324
340
396
460
460
492
524
524
524
492
492
524
524
492
428
396
428
428
428
428
396
276
244
292
308
276
212
180
196
196
212
212
164
132
88
112
132
104
80
64
88
112
104
32
0
-32
-24
-8
-40
-104
-104
-88
-96
-40
-24
-112
-212
-260
-324
-260
-260
-292
-292
-244
-212
-212
-196
-164
-104
-40
8
0
-24
-64
-32
0
-16
0
8
16
-32
-64
-32
-8
0
48
16
-48
-104
-120
-88
-132
-228
-308
-396
-492
-492
-428
-428
-460
-492
-492
-492
-428
-396
-356
-396
-428
-396
-340
-292
-276
-260
-260
-196
-196
-164
-96
-56
-56
-48
-64
-24
40
48
56
112
96
80
88
96
112
164
180
180
112
56
80
148
228
292
228
112
148
244
308
340
308
244
180
228
260
276
276
260
292
324
324
324
292
308
308
308
308
244
276
260
244
228
180
112
88
120
180
180
112
8
-40
16
88
132
112
72
24
8
24
112
180
180
132
120
164
164
180
212
260
260
164
148
212
276
244
180
164
120
132
148
148
148
56
-8
-8
-8
-64
-112
-196
-244
-228
-276
-324
-372
-396
-428
-428
-460
-460
-460
-460
-428
-428
-396
-396
-428
-460
-396
-428
-492
-492
-428
-396
-396
-428
-396
-372
-372
-340
-228
-196
-148
-148
-164
-164
-148
-148
-132
-132
-148
-164
-148
-64
-16
-48
-80
-40
8
112
148
112
40
88
164
180
228
212
212
308
340
372
372
356
324
340
372
396
356
292
244
244
292
260
228
164
148
180
164
96
48
0
-16
-24
0
24
-8
-56
-48
0
16
32
-8
-40
-32
8
40
48
72
96
104
104
180
196
212
276
260
228
228
260
324
340
340
324
308
276
260
228
228
196
148
96
24
8
-24
-32
-48
-88
-120
-148
-180
-180
-164
-180
-164
-180
-228
-260
-260
-276
-308
-340
-340
-428
-396
-340
-340
-308
-356
-356
-340
-324
-324
-308
-356
-396
-356
-324
-308
-324
-324
-292
-260
-212
-120
-72
-48
-64
-64
0
24
48
48
40
64
64
48
64
148
228
244
276
324
340
324
340
372
396
396
372
308
292
292
260
260
260
228
180
132
112
80
48
24
-8
-40
-80
-40
16
-8
-32
-32
-32
-24
-32
-48
-16
32
40
48
56
88
148
164
180
244
244
212
180
132
104
148
244
244
164
80
56
56
72
56
16
-64
-80
-96
-120
-164
-212
-292
-396
-396
-308
-244
-276
-324
-340
-340
-396
-428
-460
-428
-428
-428
-428
-460
-460
-428
-372
-356
-356
-356
-372
-276
-196
-164
-164
-196
-212
-164
-80
-40
-24
-32
-40
-8
40
96
132
112
112
120
180
244
244
244
308
356
396
460
460
492
460
524
556
556
588
588
620
556
524
460
428
396
396
356
308
292
228
212
148
96
88
96
40
-48
-88
-148
-180
-148
-96
-80
-120
-120
-80
-56
-40
-8
24
32
80
112
104
120
112
112
148
132
132
148
132
148
112
64
96
132
88
40
8
0
8
-8
-72
-132
-180
-244
-260
-244
-292
-372
-428
-460
-460
-428
-428
-428
-428
-460
-492
-428
-460
-492
-492
-556
-620
-620
-620
-652
-652
-620
-588
-588
-588
-556
-492
-428
-396
-396
-396
-396
-340
-276
-228
-212
-196
-164
-164
-112
-40
16
80
164
212
260
308
340
372
428
460
524
556
556
556
556
588
652
652
684
684
652
620
652
716
716
684
652
620
556
556
492
460
460
428
372
308
244
164
120
132
132
72
48
0
-24
0
40
72
88
72
104
80
64
64
80
112
132
164
148
132
132
180
212
196
132
132
132
120
88
24
0
-24
-40
-32
-48
-104
-196
-260
-276
-260
-308
-340
-356
-396
-428
-460
-460
-460
-460
-460
-492
-524
-556
-588
-620
-620
-620
-652
-620
-620
-620
-588
-556
-556
-556
-524
-524
-492
-428
-428
-396
-428
-396
-372
-324
-212
-180
-120
-96
-96
-64
-56
-48
0
80
112
164
228
260
324
396
396
372
396
396
396
492
524
492
460
396
396
428
396
396
356
340
356
372
340
308
260
196
164
120
104
88
80
64
48
16
-24
-48
-24
0
64
96
88
88
96
148
212
228
228
228
212
260
324
356
324
340
396
396
396
340
292
276
244
244
228
180
120
120
132
64
0
-40
-64
-32
-56
-120
-132
-148
-180
-212
-196
-180
-244
-260
-244
-276
-244
-260
-324
-340
-356
-396
-396
-396
-428
-396
-396
-356
-340
-340
-356
-372
-356
-340
-308
-324
-356
-340
-276
-228
-196
-212
-228
-228
-180
-72
-8
24
56
72
96
148
180
180
196
244
260
292
308
292
276
276
308
340
356
356
340
324
292
260
196
148
148
148
132
72
56
40
0
-72
-24
0
-64
-120
-180
-228
-260
-276
-276
-228
-196
-212
-228
-228
-196
-164
-132
-132
-148
-132
-112
-72
-24
8
16
32
56
96
120
120
104
88
112
120
132
164
164
180
196
148
104
56
16
24
24
-8
-32
-48
-40
-8
0
0
-40
-48
-40
-64
-104
-132
-132
-148
-180
-196
-164
-120
-96
-112
-148
-212
-228
-228
-212
-228
-212
-212
-228
-180
-164
-148
-148
-104
-72
-40
24
32
56
120
148
164
228
260
276
308
340
396
428
428
428
460
460
428
460
460
460
460
428
460
428
396
372
324
308
260
212
180
104
24
8
-40
-88
-80
-96
-132
-196
-228
-276
-292
-308
-292
-276
-292
-292
-292
-276
-276
-228
-180
-148
-164
-196
-212
-180
-164
-112
-56
-32
-8
-8
0
24
24
40
32
64
80
56
32
16
56
40
32
0
-48
-64
-40
0
16
0
0
-16
-16
16
0
-24
-64
-96
-132
-104
-132
-148
-120
-120
-96
-132
-132
-148
-148
-148
-180
-180
-180
-180
-196
-228
-260
-308
-324
-292
-244
-260
-228
-180
-112
-80
-80
-96
-56
8
16
72
112
112
104
132
180
180
164
148
180
260
276
244
276
308
260
276
276
276
228
164
148
132
72
24
0
-16
-24
-48
-112
-180
-196
-164
-148
-148
-180
-196
-228
-212
-164
-164
-164
-180
-180
-132
-104
-64
-24
8
24
48
64
104
164
212
196
196
212
276
308
372
396
372
356
324
324
372
396
372
372
396
428
428
396
396
428
396
396
396
324
308
276
260
308
292
244
132
40
8
-8
-48
-48
-104
-148
-212
-260
-260
-276
-276
-324
-372
-396
-428
-460
-460
-492
-524
-556
-556
-556
-556
-524
-460
-428
-396
-396
-372
-324
-244
-196
-180
-148
-132
-148
-112
-48
0
16
32
64
72
80
64
32
64
80
112
120
88
72
48
0
-8
8
-40
-88
-96
-132
-148
-164
-196
-228
-244
-244
-260
-276
-276
-260
-244
-244
-228
-212
-196
-164
-148
-96
-56
-48
-24
0
0
24
64
80
132
164
148
196
260
292
324
324
324
340
372
428
460
428
396
460
460
460
460
428
428
396
428
460
428
428
396
396
396
428
356
276
196
196
212
180
164
132
96
56
-8
0
0
-32
-64
-72
-96
-148
-196
-228
-244
-228
-228
-244
-244
-260
-292
-292
-276
-228
-228
-228
-228
-212
-164
-132
-112
-80
-48
-48
-32
-40
-32
0
-16
0
8
0
0
0
0
-16
8
-24
-72
-104
-132
-148
-148
-148
-180
-196
-292
-308
-276
-308
-356
-356
-396
-428
-396
-428
-372
-356
-356
-356
-340
-292
-244
-228
-212
-132
-88
-80
-32
8
72
80
96
148
164
180
196
228
276
276
244
244
276
292
292
308
372
396
372
372
356
372
340
308
340
340
340
340
324
324
324
308
308
276
244
196
132
96
104
56
0
-24
-104
-148
-148
-180
-196
-180
-228
-276
-308
-292
-260
-244
-276
-292
-292
-292
-276
-276
-244
-228
-212
-196
-148
-132
-132
-40
0
40
72
72
72
80
96
88
88
112
132
148
164
180
164
148
132
164
180
180
132
96
56
8
32
72
32
-24
-40
-96
-132
-120
-104
-148
-180
-228
-212
-196
-212
-196
-212
-244
-260
-260
-260
-212
-180
-132
-120
-148
-112
-64
-56
0
64
104
132
148
180
212
276
324
324
308
308
308
324
340
372
372
372
396
428
460
460
460
460
428
372
324
292
260
244
228
212
164
104
72
40
48
16
-24
-88
-164
-228
-244
-276
-292
-356
-396
-396
-428
-428
-460
-492
-556
-588
-588
-556
-556
-556
-524
-524
-524
-492
-460
-460
-428
-356
-308
-260
-260
-228
-244
-180
-104
-56
-48
-48
-32
-8
40
96
148
164
148
148
164
180
196
196
180
164
148
148
132
148
132
104
96
88
88
88
96
80
40
8
-16
-40
-48
-40
-56
-56
-32
-24
-16
-8
40
104
132
180
196
180
180
196
180
196
228
244
260
292
324
356
372
396
396
396
428
428
428
396
428
428
428
428
428
396
356
340
324
292
276
212
180
148
132
88
40
-32
-88
-148
-180
-212
-276
-324
-340
-340
-372
-428
-428
-460
-460
-460
-428
-428
-428
-428
-460
-460
-428
-396
-356
-356
-340
-308
-292
-260
-228
-180
-132
-112
-88
-64
-32
-24
0
56
48
8
8
32
64
132
164
120
104
96
80
72
88
120
88
48
8
0
0
0
-8
0
-16
-56
-88
-112
-132
-164
-196
-212
-196
-180
-196
-212
-196
-164
-180
-180
-180
-196
-196
-148
-104
-40
-24
8
80
148
212
212
244
228
228
244
276
324
340
372
428
428
492
492
492
524
492
428
396
428
396
340
308
324
308
308
276
244
196
164
148
96
64
-16
-88
-120
-164
-180
-196
-212
-260
-324
-308
-324
-356
-396
-428
-396
-396
-372
-340
-340
-356
-372
-356
-356
-308
-276
-260
-212
-212
-164
-148
-96
-48
-16
32
40
64
104
148
180
180
164
132
132
132
132
164
164
132
148
132
96
56
56
80
96
64
48
32
0
-16
-16
-40
-56
-56
-64
-72
-88
-80
-96
-120
-104
-96
-104
-96
-88
-104
-112
-104
-104
-80
-40
-8
-16
0
24
24
32
16
24
72
88
132
164
180
180
196
244
244
276
244
260
276
260
228
244
244
212
228
212
180
164
120
104
88
24
-24
-64
-80
-88
-104
-148
-180
-228
-228
-244
-228
-244
-276
-308
-324
-308
-308
-324
-340
-308
-260
-276
-244
-228
-244
-244
-212
-164
-180
-148
-104
-56
-40
-32
0
8
16
72
96
88
104
112
104
132
164
164
180
164
148
148
148
148
132
148
148
132
104
64
40
56
48
24
24
56
40
24
16
0
-16
-32
0
8
-16
-8
-8
-48
-56
-88
-88
-88
-88
-72
-48
-48
0
48
88
112
96
96
104
104
88
96
132
104
120
148
180
244
228
228
260
276
260
244
228
180
164
148
148
132
120
120
120
88
48
56
32
0
-40
-88
-148
-148
-120
-132
-132
-164
-212
-228
-212
-212
-244
-260
-308
-324
-292
-292
-292
-292
-260
-212
-196
-148
-120
-120
-132
-104
-104
-96
-80
-72
-64
-40
-16
8
24
32
56
56
80
80
48
40
56
72
96
96
96
104
96
104
88
72
48
0
0
8
16
24
56
8
0
24
56
56
0
-8
-56
-80
-88
-96
-112
-88
-64
-64
-48
-48
-56
-56
-32
16
56
48
56
56
40
48
48
80
96
104
120
120
148
120
148
180
180
180
148
164
164
148
148
132
112
104
88
72
64
16
-8
-40
-40
-24
-72
-80
-88
-132
-148
-164
-196
-228
-212
-196
-180
-180
-244
-244
-212
-196
-180
-164
-180
-228
-228
-164
-164
-132
-104
-104
-96
-88
-72
-56
-56
-48
-32
-24
8
24
40
72
72
80
96
