SAMPLES:	8582
BITSPERSAMPLE:	16
CHANNELS:	1
SAMPLERATE:	16000
NORMALIZED:	FALSE
-40
0
-8
-8
72
0
-112
-48
-24
-48
-16
40
40
-64
-72
-32
-16
0
56
16
-40
-24
-56
-88
-16
16
0
48
8
-96
-112
-56
16
48
24
24
-72
-120
-48
0
48
24
40
-16
-80
-40
8
0
0
80
32
-32
-56
-72
-8
120
88
0
0
-32
-64
-8
80
120
8
-24
0
0
16
72
132
32
-32
-16
0
32
0
56
148
96
16
-24
-16
16
0
40
96
56
-64
0
112
40
80
16
56
48
-56
-64
24
56
-64
0
64
-24
-24
0
16
-8
-48
-24
0
-32
-32
-48
-8
0
-72
-24
-8
-40
-88
8
72
-48
-64
-32
-8
0
-48
24
24
-48
-32
-32
-16
-8
-24
-32
24
32
-48
-32
16
8
16
24
0
-8
-32
-24
0
8
16
32
0
-8
32
24
-32
-16
40
8
-40
-8
0
-16
16
32
16
16
32
-8
-16
40
0
-48
-8
8
0
16
24
-8
-16
24
24
24
24
0
-24
-24
16
16
0
-16
0
24
24
24
24
0
-8
-16
-8
-8
-24
-32
0
32
8
-24
-32
-32
-24
0
40
8
-48
-16
16
48
48
16
-16
-8
0
-24
0
24
0
-32
-8
-16
-40
-56
-8
56
56
56
16
-48
-56
-24
16
40
0
-40
-56
-32
-32
8
40
24
0
-32
-48
-48
-32
-24
-8
24
0
-56
-88
-48
-32
-32
-32
-48
-80
-112
-88
-32
8
0
-8
8
8
0
-8
0
8
-16
-24
0
32
40
32
48
72
56
0
24
40
48
64
56
64
48
40
40
72
104
80
56
32
48
64
56
64
88
96
72
80
96
80
72
88
96
96
48
24
48
72
72
64
48
16
0
0
48
64
16
0
-24
-16
-16
-24
-16
0
-48
-88
-88
-80
-96
-88
-72
-80
-112
-132
-112
-120
-132
-120
-132
-148
-148
-112
-96
-80
-64
-88
-104
-132
-132
-120
-104
-80
-72
-64
-88
-88
-72
-56
-24
-24
-40
-32
-40
-48
-32
-8
-8
-32
-64
-64
-48
-32
-16
0
0
0
16
24
40
80
112
148
148
164
164
164
164
180
228
228
260
260
244
260
260
276
308
308
308
276
260
228
228
228
228
212
180
132
88
24
-8
-24
-48
-32
-56
-112
-180
-244
-260
-292
-292
-308
-340
-372
-428
-396
-428
-428
-460
-428
-428
-396
-372
-356
-324
-308
-308
-292
-292
-276
-244
-180
-148
-148
-112
-112
-104
-64
-16
-32
-24
48
132
148
148
120
112
112
120
164
212
228
164
112
112
148
180
180
196
164
120
132
196
260
340
372
356
356
356
460
652
780
748
588
556
876
1180
1180
924
652
812
1052
1116
1052
988
988
780
492
292
340
460
356
120
-308
-684
-844
-924
-812
-924
-1244
-1756
-2108
-2236
-1980
-1884
-2108
-2492
-2748
-2876
-2492
-2236
-2236
-2236
-2236
-1980
-1884
-1692
-1564
-1372
-1116
-780
-396
-212
-96
24
372
924
1180
1308
1244
1436
1756
1980
2108
1980
1820
1692
1756
1884
1884
1692
1564
1500
1436
1244
988
684
620
684
716
652
460
164
-80
-164
-212
-72
-164
-372
-460
-620
-588
-524
-492
-112
196
652
988
812
844
1052
1308
1692
1980
2364
2748
3004
2620
2108
2492
3004
3516
3388
2748
2364
1628
1116
1052
924
1052
652
-180
-988
-1692
-2108
-2108
-2236
-2748
-3516
-4092
-4604
-4604
-4604
-4348
-4092
-4348
-4860
-5116
-4860
-4348
-3772
-3644
-3644
-3644
-3260
-2748
-1980
-1244
-556
-196
164
524
876
1500
1884
2364
2748
3004
3004
3004
3260
3516
3644
3516
3004
2876
2620
2620
2492
2236
1820
1244
988
844
684
292
-148
-460
-620
-716
-924
-1180
-1628
-2108
-1980
-1884
-1980
-1980
-2236
-2236
-2364
-2364
-2364
-2236
-2236
-2108
-1820
-1628
-1436
-1308
-924
-212
212
556
876
1500
2492
3004
3644
3644
3516
3900
4348
5116
5884
6140
5628
5116
5116
5116
5372
5372
5116
4860
3900
3132
2492
2236
2364
1756
748
-556
-1756
-2364
-2492
-2492
-3004
-3900
-5116
-5884
-5884
-5628
-5372
-5628
-6140
-6652
-6908
-6396
-5884
-5628
-5372
-5116
-4860
-4604
-4092
-3388
-2620
-1564
-988
-556
-356
-212
588
1628
2748
3260
3004
2748
2748
3132
3644
4348
4348
3644
3260
3004
3004
3132
3132
2748
2108
1372
780
588
556
460
276
-428
-1180
-1692
-1980
-1820
-1756
-2108
-2620
-3132
-3388
-3388
-3132
-2876
-2876
-3132
-3260
-3132
-2876
-2364
-1980
-1756
-1628
-1244
-812
-132
780
1692
2492
3004
3772
4092
4348
4348
4604
5628
6908
7164
6652
6140
6396
6652
6652
6396
6396
6140
5372
4092
3260
2876
3132
2748
1756
276
-1372
-2236
-2492
-2364
-2748
-3772
-5116
-6140
-6652
-6396
-5884
-5884
-6652
-7164
-7676
-7420
-6652
-6396
-6396
-6140
-5884
-5372
-4604
-4348
-3772
-2876
-1692
-812
-524
-308
260
1052
1980
2748
3260
3388
3388
3772
4348
4860
4860
4604
4348
4092
4092
4092
3772
3388
2876
2236
1628
1244
988
652
396
8
-684
-1500
-1980
-2108
-2108
-2236
-2620
-3004
-3260
-3388
-3260
-3004
-2876
-3004
-3132
-3132
-2620
-2364
-1980
-1692
-1372
-844
-180
340
988
1628
2364
2876
3388
4092
5116
5372
5372
5116
5628
6652
7420
6908
6396
6396
6396
6140
5628
5372
5372
4860
3644
2364
1564
1500
1436
812
-428
-2108
-3388
-3772
-3772
-3772
-4604
-5628
-6652
-7420
-7420
-7164
-6652
-6908
-7676
-7932
-7932
-7164
-6652
-6396
-6140
-5628
-4860
-4348
-4092
-3644
-2748
-1500
-524
-96
212
812
1564
2364
3260
4092
4348
4092
4092
4348
5116
5372
5116
4860
4860
4348
3644
3516
3516
3004
2236
1628
1052
588
340
244
-72
-876
-1820
-2364
-2492
-2492
-2492
-2748
-3004
-3388
-3772
-3772
-3132
-3004
-3004
-3132
-3004
-2620
-2364
-1884
-1244
-716
-292
64
492
1116
1884
2748
3516
3900
4604
5372
5628
5628
5628
6140
7164
7676
7164
6396
6396
6652
6396
5884
5628
5372
4604
3388
2364
1756
1692
1564
620
-780
-2364
-3388
-3772
-3900
-4092
-4860
-5628
-6652
-7164
-7164
-6908
-6652
-6908
-7676
-7932
-7676
-7164
-6652
-6396
-5884
-5628
-4860
-4348
-3900
-3132
-2236
-1372
-460
212
748
1308
1980
2748
3644
4348
4604
4604
4604
4860
5372
5372
5116
5116
4604
4092
3900
3516
3260
2748
2108
1564
988
492
96
-340
-924
-1436
-1980
-2492
-2620
-2876
-3260
-3132
-3260
-3644
-3900
-3900
-3516
-3260
-3260
-3260
-3132
-2876
-2620
-2108
-1500
-1244
-684
-148
460
1180
1884
2620
3004
3388
4092
5116
5628
5372
5116
5628
6396
7164
6908
6140
5884
5628
5628
5116
4860
4604
3772
2748
1756
1052
780
524
-80
-1180
-2492
-3516
-4092
-4092
-4348
-4860
-5628
-6396
-7164
-7164
-6652
-6396
-6396
-6908
-7164
-6908
-6396
-5884
-5372
-4860
-4604
-3900
-3260
-2620
-1756
-1116
-324
428
1180
1820
2236
2876
3388
4092
4604
4860
4860
4604
4860
4860
4860
4860
4604
4092
3388
3004
2748
2236
1692
1116
492
-88
-556
-780
-1116
-1692
-2236
-2748
-2876
-3132
-3388
-3388
-3388
-3516
-3900
-4092
-3772
-3388
-3132
-3004
-2748
-2748
-2364
-1692
-1052
-492
-308
180
844
1564
2236
2876
3516
4092
4348
5116
6140
6396
6396
6140
6396
6908
7676
7420
6652
6140
5884
5628
5372
4860
4604
3772
2748
1564
780
356
64
-460
-1436
-2620
-3772
-4604
-4860
-4860
-5116
-5884
-6652
-7420
-7676
-7420
-6908
-6908
-7420
-7676
-7676
-7164
-6396
-6140
-5628
-4860
-4348
-4092
-3388
-2748
-1564
-556
32
588
1372
1628
1820
2748
3772
4348
4604
4348
4348
4604
4604
4604
4604
4348
3644
3004
2620
2876
2748
2108
1436
652
-148
-492
-428
-460
-876
-1756
-2364
-2620
-2748
-2748
-2620
-2748
-3132
-3644
-3772
-3132
-2748
-2492
-2492
-2492
-2364
-2236
-1564
-780
-104
164
324
844
1500
2236
3004
3644
4348
4348
4860
5884
6652
6908
6652
6396
6652
7420
7420
6908
6652
6140
5884
5372
4860
4348
4092
3004
1820
780
96
-244
-652
-1372
-2492
-3516
-4348
-4860
-5116
-5372
-5884
-6652
-7420
-7676
-7676
-7420
-7420
-7420
-7676
-7676
-7164
-6652
-5884
-5628
-5116
-4860
-4348
-3388
-2492
-1500
-780
-48
652
1180
1628
2236
3260
4092
4348
4348
4348
4348
4604
4860
5116
5116
4604
3900
3516
3388
3260
3004
2236
1372
588
-8
32
112
-324
-1116
-1980
-2364
-2492
-2620
-2620
-2620
-2876
-3388
-3644
-3644
-3260
-3004
-2876
-2876
-2876
-2748
-2364
-1628
-924
-372
-164
88
716
1500
2364
3004
3516
4092
4092
4860
5884
6652
6396
5884
5884
6396
7164
7420
6652
6140
5884
5372
4860
4348
4092
3900
2876
1628
460
-132
-340
-716
-1436
-2492
-3644
-4604
-4860
-4860
-5116
-5628
-6396
-7164
-7420
-7164
-6908
-6652
-6908
-7164
-7164
-6652
-5884
-5628
-5116
-4860
-4348
-3388
-2748
-2108
-1500
-748
-40
620
1116
1628
2364
3004
3644
4092
4092
4348
4348
4348
4604
4604
4348
3900
3644
3260
2876
2364
1884
1372
812
244
24
-180
-620
-1180
-1692
-2108
-2364
-2748
-2876
-2876
-3004
-3132
-3388
-3644
-3516
-3388
-3260
-2876
-2748
-2748
-2492
-1884
-1116
-620
-396
-148
356
1052
1692
2620
3132
3516
4092
4348
5372
6396
6908
6652
6140
6140
6652
7420
7676
6908
6396
5884
5372
5116
4604
4348
4092
3260
1884
748
148
-56
-308
-988
-1980
-3260
-4348
-4604
-4604
-4860
-5116
-5884
-6908
-7420
-7164
-6908
-6652
-6908
-7164
-7164
-6652
-6140
-5884
-5628
-5116
-4348
-3772
-3132
-2492
-1884
-1244
-588
32
684
1372
1884
2364
3004
3388
3516
3644
3772
4092
4092
4092
3772
3644
3516
3260
2876
2364
1820
1308
748
588
460
72
-396
-812
-1180
-1564
-1884
-2108
-2236
-2364
-2492
-2748
-2876
-3004
-3004
-2876
-2620
-2492
-2492
-2492
-2236
-1564
-1052
-716
-324
-48
396
1052
1820
2492
3004
3388
3644
4348
4860
5884
6652
6396
5884
5884
6140
6908
7164
6652
6140
5628
5116
4348
4092
4092
3772
3004
1628
460
-212
-460
-652
-1244
-2108
-3260
-4092
-4860
-4860
-4860
-5116
-5884
-6652
-7164
-7164
-6908
-6652
-6652
-6652
-6652
-6652
-6140
-5628
-5116
-4604
-4092
-3516
-3004
-2492
-1980
-1180
-292
524
988
1372
1756
2236
3004
3516
3900
4092
4092
3900
3772
3772
3900
3772
3644
3388
2876
2364
2108
1820
1436
1052
652
148
-180
-396
-684
-988
-1372
-1628
-1884
-1980
-2236
-2364
-2364
-2364
-2492
-2364
-2364
-2236
-2236
-2108
-1756
-1372
-988
-620
-228
112
588
1116
1628
2236
2748
3004
3388
3900
4604
5628
6140
5884
5628
5372
5628
6396
6652
6140
5628
5116
4604
4092
3772
3644
3388
2620
1308
308
-260
-492
-748
-1244
-2108
-3132
-4092
-4860
-4860
-4860
-5116
-5372
-6140
-6908
-6908
-6908
-6396
-6140
-6140
-6140
-6140
-5884
-5372
-4860
-4604
-3900
-3388
-2876
-2364
-1756
-1052
-260
428
924
1244
1628
1980
2620
3132
3516
3772
3516
3388
3260
3388
3388
3260
3132
2748
2364
1884
1564
1372
988
716
492
132
-260
-716
-924
-988
-1244
-1436
-1692
-1820
-2108
-2364
-2236
-2236
-2236
-2108
-1980
-1884
-1692
-1564
-1372
-876
-524
-180
180
396
812
1244
1884
2620
3004
3260
3388
3772
4604
5116
5884
6396
6140
5884
5372
5628
6396
6396
6140
5628
5116
4348
3644
3388
3260
3132
2364
988
72
-716
-1052
-1244
-1628
-2236
-3132
-4092
-4860
-5116
-5116
-5372
-5628
-6140
-6652
-6908
-6908
-6652
-6140
-6140
-6140
-5884
-5372
-5372
-5116
-4348
-3900
-3132
-2492
-2108
-1564
-1180
-748
-80
748
1308
1628
1884
2108
2492
2876
3132
3388
3260
3004
2748
2620
2620
2364
2236
1980
1628
1244
844
716
524
396
244
-24
-292
-588
-876
-988
-1052
-1116
-1308
-1500
-1564
-1692
-1692
-1564
-1308
-1180
-1180
-1116
-924
-716
-396
-16
356
620
844
1116
1564
1980
2364
2876
3132
3516
3900
4092
4604
5116
5628
5628
5628
5116
5116
5372
5372
5372
5116
4604
4092
3260
2876
2492
2364
1884
1052
356
-428
-988
-1500
-1980
-2364
-2748
-3516
-4348
-4860
-5116
-5116
-5116
-5372
-5628
-5884
-6140
-6140
-6140
-5884
-5628
-5116
-5116
-4860
-4604
-4604
-4092
-3516
-2748
-1980
-1500
-1244
-988
-460
24
620
1180
1500
1756
1820
1980
2236
2364
2364
2364
2236
2236
2108
1980
1756
1628
1564
1372
1372
1116
716
460
260
180
112
0
-164
-308
-460
-716
-812
-812
-844
-844
-876
-844
-716
-652
-652
-492
-308
-196
-56
132
356
684
1052
1436
1692
1980
2236
2364
2748
3132
3516
3772
3900
4092
4604
4860
4860
4860
4604
4604
4348
4348
4348
4348
4092
3516
3004
2492
1980
1564
1180
876
396
-132
-844
-1564
-2108
-2492
-3004
-3388
-3772
-4092
-4348
-4604
-5116
-5372
-5372
-5628
-5372
-5372
-5372
-5116
-5116
-5116
-4860
-4604
-4092
-3900
-3644
-3260
-2876
-2492
-1980
-1628
-1308
-844
-428
-72
308
492
716
1052
1308
1564
1756
1756
1692
1692
1628
1628
1692
1628
1500
1436
1372
1244
1116
1052
924
748
716
620
588
524
372
228
148
32
-40
-96
-112
-64
-8
72
148
196
228
228
260
372
492
716
924
1052
1244
1372
1628
1884
1980
2364
2492
2620
2876
3132
3388
3516
3516
3516
3516
3516
3516
3516
3516
3260
3132
2876
2620
2236
1820
1372
1052
780
428
120
-308
-876
-1308
-1692
-2108
-2364
-2748
-3132
-3388
-3644
-3900
-4092
-4348
-4860
-4860
-4860
-4860
-4860
-4860
-4604
-4604
-4348
-4348
-4092
-3900
-3644
-3004
-2620
-2364
-2108
-1884
-1564
-1116
-716
-396
-212
48
244
524
780
924
988
1052
1244
1436
1564
1564
1436
1308
1244
1308
1436
1436
1372
1308
1244
1244
1180
1052
988
924
876
844
812
716
652
652
716
780
780
748
652
684
716
812
924
924
988
1052
1180
1308
1436
1564
1692
1820
1980
2108
2236
2364
2620
2876
2876
2876
2748
2876
3004
3132
3132
3004
2876
2620
2492
2364
2236
1884
1564
1308
924
652
308
-132
-492
-844
-1180
-1436
-1884
-2364
-2748
-3132
-3388
-3644
-3900
-4348
-4348
-4604
-4860
-4860
-4860
-4860
-4860
-4604
-4604
-4604
-4348
-4348
-4092
-3772
-3388
-3004
-2876
-2492
-2236
-1884
-1500
-1180
-924
-588
-228
104
356
524
652
780
1052
1308
1564
1628
1692
1628
1628
1692
1756
1884
1884
1820
1756
1884
1820
1820
1692
1564
1564
1500
1500
1500
1436
1308
1244
1116
988
924
876
876
924
924
876
780
780
780
812
924
988
1116
1308
1372
1500
1692
1884
1980
2108
1980
1980
1980
2236
2364
2492
2492
2364
2364
2364
2108
2108
1820
1564
1372
1180
1052
876
492
148
-196
-556
-844
-1180
-1500
-1756
-1980
-2236
-2492
-2748
-3132
-3516
-3772
-3772
-3900
-3900
-3900
-4092
-4092
-4092
-4092
-4092
-3900
-3644
-3388
-3004
-2876
-2620
-2364
-2108
-1756
-1436
-1116
-876
-684
-460
-180
16
180
356
492
620
780
988
1116
1244
1244
1244
1244
1308
1308
1372
1372
1308
1308
1308
1244
1180
1116
1052
1052
1052
988
988
924
844
844
748
716
684
684
684
716
652
620
716
812
876
924
988
1116
1308
1436
1436
1564
1756
1820
1980
2236
2236
2236
2236
2236
2364
2364
2364
2236
2236
2108
2108
1980
1756
1500
1308
988
780
492
164
-120
-428
-716
-924
-1244
-1564
-1884
-2108
-2492
-2748
-3132
-3388
-3516
-3644
-3644
-3772
-3900
-3900
-3900
-3900
-3772
-3772
-3772
-3644
-3388
-3004
-2748
-2620
-2364
-2108
-1884
-1500
-1116
-844
-716
-492
-196
104
356
524
652
748
876
988
1116
1180
1244
1308
1372
1436
1436
1372
1436
1436
1436
1500
1436
1372
1308
1308
1308
1244
1116
988
844
748
716
684
620
556
524
492
556
556
460
492
492
524
588
684
812
924
1052
1244
1436
1628
1692
1820
1980
1980
2108
2236
2236
2364
2364
2364
2364
2236
2108
1980
1884
1756
1628
1500
1244
924
588
276
32
-148
-356
-588
-876
-1180
-1436
-1756
-2108
-2364
-2620
-2876
-3132
-3260
-3388
-3516
-3644
-3772
-3772
-3644
-3644
-3516
-3516
-3388
-3260
-3004
-2748
-2492
-2364
-2108
-1820
-1564
-1308
-988
-748
-492
-292
-80
212
396
556
652
748
876
988
1180
1180
1244
1244
1180
1180
1244
1308
1436
1436
1308
1180
988
924
988
924
924
844
748
716
652
588
556
524
492
428
372
396
492
492
396
396
396
460
588
684
812
876
988
1116
1308
1436
1500
1564
1628
1692
1756
1820
1980
1980
1980
1980
1980
1884
1820
1628
1564
1436
1308
1180
988
684
340
96
-48
-148
-340
-652
-988
-1244
-1500
-1756
-1980
-2236
-2364
-2620
-2748
-2748
-2876
-3004
-3004
-3132
-3260
-3260
-3260
-3132
-3004
-2876
-2748
-2492
-2364
-2236
-1980
-1820
-1564
-1308
-1052
-876
-652
-428
-308
-88
148
356
588
684
812
924
1116
1244
1372
1436
1372
1308
1244
1244
1372
1436
1500
1564
1500
1436
1436
1372
1244
1116
1052
1052
1052
988
924
780
652
620
492
396
396
428
428
428
372
308
292
292
324
428
556
652
716
844
876
924
988
1052
1052
1052
1116
1180
1180
1180
1244
1244
1244
1180
1052
988
924
924
876
780
556
340
120
-48
-196
-396
-620
-924
-1116
-1244
-1372
-1500
-1628
-1884
-1980
-2108
-2236
-2236
-2364
-2492
-2620
-2620
-2620
-2620
-2620
-2620
-2492
-2364
-2236
-2108
-1980
-1980
-1884
-1692
-1500
-1372
-1180
-924
-780
-588
-324
-96
96
228
276
324
460
620
812
924
1052
1116
1244
1372
1372
1436
1500
1564
1564
1564
1500
1500
1436
1372
1308
1244
1244
1244
1180
1116
1052
988
924
844
748
716
684
652
556
428
396
372
396
428
428
396
428
460
524
556
652
748
812
876
988
1052
1052
1052
1052
1116
1180
1180
1116
1116
1052
1052
1052
988
844
652
524
396
308
164
-24
-292
-460
-588
-748
-844
-988
-1180
-1372
-1564
-1628
-1820
-1980
-2108
-2236
-2236
-2236
-2236
-2364
-2364
-2364
-2364
-2364
-2364
-2364
-2364
-2236
-2108
-1980
-1884
-1820
-1692
-1564
-1372
-1244
-1052
-844
-588
-372
-244
-148
-32
132
356
524
684
812
924
1052
1116
1180
1308
1372
1372
1436
1500
1628
1628
1564
1436
1436
1372
1372
1308
1308
1244
1244
1244
1244
1116
988
876
876
812
748
684
588
524
396
356
372
356
396
396
492
492
460
396
356
492
588
620
588
524
556
620
716
716
684
588
524
524
524
492
428
276
148
96
48
-32
-148
-260
-340
-396
-492
-620
-716
-812
-924
-1052
-1116
-1244
-1436
-1500
-1500
-1500
-1500
-1564
-1756
-1820
-1884
-1884
-1820
-1756
-1692
-1628
-1564
-1500
-1436
-1436
-1308
-1244
-1052
-988
-844
-652
-492
-324
-244
-148
-64
72
292
492
652
780
876
924
988
988
1052
1180
1244
1244
1244
1244
1244
1244
1180
1244
1308
1308
1244
1180
1116
1116
1180
1052
924
844
748
684
684
556
492
460
372
292
196
104
16
8
-8
-8
-16
-64
-148
-180
-148
-56
-8
-72
-148
-132
-56
72
132
148
112
80
148
196
292
324
228
120
72
56
80
80
0
-112
-180
-196
-196
-244
-292
-308
-356
-492
-588
-716
-780
-812
-844
-876
-924
-1052
-1180
-1180
-1116
-1116
-1180
-1180
-1244
-1244
-1244
-1244
-1180
-1180
-1116
-1052
-988
-924
-924
-844
-652
-524
-428
-292
-148
-48
72
276
428
492
492
524
588
684
812
924
988
988
1052
1116
1180
1244
1180
1244
1244
1180
1116
1052
1052
988
988
924
876
844
780
716
556
428
428
396
396
292
196
88
-24
8
-16
8
-16
-120
-196
-180
-112
-88
-164
-244
-276
-228
-180
-88
0
-24
-24
64
112
148
132
64
40
32
72
148
180
96
24
16
-24
-32
-8
-56
-132
-148
-164
-228
-324
-372
-460
-460
-524
-524
-620
-684
-780
-812
-844
-924
-924
-988
-924
-876
-812
-812
-812
-844
-876
-876
-812
-812
-716
-620
-460
-308
-196
-132
-148
-164
-132
-16
64
104
120
112
132
180
276
308
356
460
588
652
684
652
652
716
716
684
652
652
684
716
748
780
716
652
620
524
428
396
396
428
396
340
308
276
260
228
212
212
164
120
132
212
228
244
212
164
148
180
244
228
196
132
112
96
56
40
40
24
8
8
8
-16
-16
-48
-32
-32
-40
-64
-112
-148
-132
-96
-132
-164
-228
-260
-276
-292
-308
-308
-340
-396
-396
-372
-372
-372
-372
-428
-460
-524
-524
-556
-556
-524
-492
-524
-492
-428
-428
-428
-428
-428
-460
-492
-492
-460
-428
-396
-396
-428
-460
-460
-428
-372
-372
-356
-292
-228
-164
-96
-64
-16
104
120
148
196
228
324
428
460
428
428
372
396
460
460
556
652
716
716
748
716
588
524
556
588
588
588
556
524
524
524
524
460
428
428
428
428
428
396
324
292
260
212
228
212
164
180
180
180
180
148
132
72
56
56
48
32
-16
-40
-72
-96
-112
-120
-132
-148
-132
-132
-180
-180
-228
-244
-276
-308
-340
-396
-372
-340
-340
-356
-396
-428
-492
-556
-588
-620
-620
-652
-620
-684
-748
-748
-780
-812
-844
-812
-812
-812
-812
-780
-748
-716
-684
-652
-620
-556
-428
-276
-164
-96
-8
88
212
292
340
396
460
524
588
684
748
780
780
812
748
716
652
652
716
780
748
620
556
524
492
460
428
396
372
372
428
396
340
260
244
308
260
180
148
120
40
40
80
72
48
40
24
40
80
64
72
64
88
120
180
196
196
212
228
244
196
148
196
276
324
356
324
228
196
164
196
148
80
16
-88
-132
-180
-212
-292
-372
-428
-492
-492
-524
-620
-652
-684
-748
-780
-876
-924
-924
-1052
-1052
-988
-1052
-1116
-1052
-1052
-988
-924
-924
-924
-812
-716
-652
-492
-428
-372
-324
-212
-80
0
80
180
292
428
524
556
620
652
652
684
748
716
684
684
716
748
748
684
620
588
588
588
556
556
524
492
492
460
428
340
276
308
308
260
196
180
212
228
212
196
164
112
120
104
164
196
212
212
212
228
244
260
228
292
324
356
356
292
276
244
260
212
180
132
104
132
132
120
64
-24
-132
-212
-276
-356
-428
-492
-556
-588
-620
-652
-716
-780
-812
-876
-876
-876
-924
-924
-988
-988
-988
-988
-988
-988
-924
-844
-780
-716
-652
-588
-492
-372
-308
-260
-180
-104
8
132
164
244
308
396
524
620
684
684
716
748
844
876
876
844
844
812
780
684
652
588
588
588
588
556
428
372
324
324
260
196
164
148
132
132
112
64
48
32
48
16
0
0
-24
-16
-24
-56
-56
-16
-32
-24
16
24
32
80
132
164
196
180
148
148
164
212
244
228
164
132
112
32
8
-32
-96
-180
-196
-212
-228
-324
-428
-524
-620
-652
-684
-684
-748
-844
-876
-876
-924
-924
-924
-988
-988
-988
-988
-924
-924
-844
-844
-780
-780
-716
-620
-524
-396
-308
-244
-212
-88
48
212
340
428
460
524
652
748
876
924
924
924
924
988
988
988
988
988
988
988
924
876
812
780
748
716
652
588
524
460
460
356
244
180
164
180
132
64
16
-56
-112
-132
-104
-72
-56
-64
-48
-32
-32
-24
-40
-32
-24
24
40
56
112
148
180
196
196
196
212
244
260
212
120
48
80
112
96
56
-40
-120
-196
-228
-244
-308
-396
-460
-492
-460
-524
-556
-620
-716
-812
-780
-812
-876
-924
-988
-988
-924
-924
-876
-844
-844
-844
-812
-748
-684
-652
-588
-556
-492
-428
-324
-244
-148
-48
56
164
244
324
428
492
556
588
556
588
620
652
684
652
620
620
588
524
524
460
396
356
324
260
180
148
120
112
112
56
-16
-40
-40
-40
-48
-72
-88
-88
-88
-96
-48
-8
-8
24
72
88
96
96
132
196
276
372
460
492
524
524
524
492
492
492
524
620
684
684
620
588
524
492
460
396
324
196
120
48
-8
-8
-8
-80
-196
-260
-340
-428
-524
-620
-684
-748
-780
-812
-876
-924
-924
-876
-844
-844
-812
-844
-812
-780
-716
-620
-588
-588
-556
-460
-356
-244
-148
-64
8
88
180
244
292
372
460
524
588
620
684
716
780
748
716
684
652
652
652
652
652
588
524
460
372
292
212
164
132
88
24
-8
-48
-112
-148
-212
-260
-260
-308
-324
-308
-308
-292
-308
-308
-324
-324
-276
-212
-180
-148
-132
-96
-72
-96
-80
-56
-24
16
80
120
212
260
244
196
132
80
72
72
80
64
56
-32
-80
-72
-96
-72
-96
-164
-228
-308
-340
-356
-428
-460
-460
-524
-588
-620
-684
-652
-652
-652
-620
-620
-652
-684
-588
-524
-492
-460
-428
-356
-308
-244
-164
-72
-24
24
132
228
308
396
524
620
716
748
748
780
812
876
924
924
876
844
844
812
748
684
652
652
684
716
652
620
556
492
428
396
340
228
148
120
64
-24
-32
-24
-56
-32
-48
-80
-80
-112
-148
-196
-228
-212
-148
-120
-112
-120
-132
-104
-88
-40
0
32
64
32
8
64
88
112
132
120
72
32
24
16
-24
-32
-56
-104
-120
-148
-148
-164
-244
-356
-396
-428
-460
-492
-556
-588
-652
-716
-716
-748
-812
-812
-780
-812
-812
-844
-876
-812
-748
-716
-620
-620
-556
-492
-460
-396
-324
-260
-164
-56
32
80
120
196
244
308
372
428
460
492
556
556
556
556
524
524
556
556
556
492
396
396
428
396
356
276
244
196
212
228
196
180
180
132
72
56
104
120
96
96
80
72
48
48
32
40
80
104
132
104
112
148
180
228
292
372
396
396
396
372
356
356
372
372
340
356
396
396
356
340
260
228
180
80
32
0
-40
-112
-196
-260
-356
-396
-428
-460
-492
-524
-588
-652
-684
-716
-748
-748
-780
-812
-812
-812
-748
-684
-620
-620
-556
-492
-428
-340
-260
-212
-148
-72
-16
48
104
112
148
228
340
428
524
556
524
556
556
524
524
492
492
492
460
428
396
324
308
308
292
244
180
132
96
72
16
16
40
0
-16
-24
8
8
-40
-72
-112
-132
-164
-148
-96
-88
-80
-56
-32
-16
-8
8
8
48
132
148
132
112
96
56
80
112
148
164
132
112
120
132
120
132
96
24
-32
-88
-120
-164
-180
-196
-212
-228
-308
-356
-396
-460
-492
-524
-524
-556
-620
-652
-716
-716
-684
-652
-620
-620
-620
-588
-588
-556
-492
-428
-372
-276
-196
-112
-56
-24
-8
56
112
196
244
308
356
428
492
524
556
620
684
652
652
620
620
588
620
652
652
620
556
556
524
556
492
460
396
396
372
308
292
292
228
164
132
88
72
64
40
32
64
56
56
88
72
32
56
48
24
48
32
16
16
0
16
32
-8
-16
-16
-16
16
64
88
88
96
64
16
-8
-48
-24
-8
-48
-32
-40
-64
-88
-148
-212
-244
-308
-396
-428
-460
-492
-524
-556
-588
-620
-652
-684
-684
-684
-716
-716
-748
-780
-748
-716
-652
-556
-492
-460
-428
-356
-276
-212
-164
-132
-104
-72
-8
104
180
260
276
276
260
276
340
372
460
492
460
428
428
428
460
428
396
356
324
292
276
292
260
212
112
80
48
48
96
112
112
80
80
48
0
0
-8
-8
-24
-16
-8
-32
-40
-32
0
24
40
72
88
120
148
180
180
212
228
212
228
244
228
228
244
292
324
356
396
428
428
396
396
372
372
396
372
372
292
212
148
132
96
80
48
0
-80
-164
-244
-324
-324
-356
-396
-396
-428
-460
-492
-524
-556
-524
-524
-556
-492
-460
-460
-428
-428
-396
-356
-340
-292
-244
-212
-164
-112
-104
-132
-112
-88
-40
8
64
40
32
32
88
132
180
196
164
148
148
148
212
260
244
212
148
132
88
64
40
-8
-56
-112
-96
-88
-64
-72
-96
-96
-120
-112
-96
-96
-72
-64
-56
-16
-16
-40
-16
-32
-16
32
64
88
96
148
180
196
196
180
196
212
244
244
260
260
212
196
180
180
148
72
16
-8
0
16
-16
-48
-112
-164
-180
-228
-244
-260
-308
-340
-324
-340
-396
-460
-492
-524
-524
-460
-460
-396
-356
-372
-340
-324
-340
-276
-180
-120
-56
16
64
104
148
180
244
308
396
428
460
492
524
556
588
556
524
556
588
620
652
620
620
556
556
556
588
556
524
492
428
396
340
340
308
276
260
260
228
164
88
16
-40
-112
-120
-148
-196
-228
-228
-260
-292
-308
-292
-276
-308
-292
-276
-292
-276
-276
-276
-244
-260
-276
-244
-228
-196
-148
-132
-120
-96
-104
-104
-80
-80
-104
-132
-132
-132
-80
-64
-72
-96
-148
-212
-228
-196
-164
-148
-164
-196
-228
-276
-340
-396
-428
-460
-492
-460
-460
-460
-492
-492
-492
-492
-524
-588
-588
-556
-492
-396
-324
-292
-260
-244
-228
-112
-40
8
80
148
164
196
228
212
228
276
356
428
460
460
492
492
492
492
492
492
460
460
460
460
460
460
428
396
340
308
308
276
244
212
180
120
80
40
16
-8
-8
8
0
16
24
0
-16
-8
-16
0
0
0
0
32
56
72
148
196
212
196
212
212
244
260
308
324
340
324
308
292
292
292
292
276
276
292
308
292
276
260
212
164
104
56
24
-32
-80
-88
-120
-164
-228
-260
-324
-372
-356
-372
-396
-396
-428
-460
-460
-428
-428
-396
-428
-396
-356
-308
-244
-180
-132
-120
-96
-64
-16
-8
0
32
48
48
80
88
56
72
72
64
56
72
64
40
16
-8
-24
-32
-40
-56
-96
-148
-164
-196
-212
-228
-228
-260
-292
-292
-324
-356
-356
-340
-396
-396
-396
-428
-492
-492
-492
-428
-396
-372
-356
-340
-308
-260
-212
-164
-104
-88
-80
16
88
120
148
132
132
120
132
132
148
180
180
260
260
244
228
244
260
292
324
308
292
244
212
212
212
180
180
164
148
164
180
164
132
112
72
24
-8
-32
-24
-8
24
88
132
132
164
164
212
260
292
308
340
372
396
428
460
492
492
556
556
588
556
556
588
620
588
556
524
492
460
396
372
324
292
260
212
164
132
96
40
0
-8
0
-56
-104
-164
-228
-276
-324
-372
-428
-428
-492
-492
-524
-524
-556
-556
-556
-556
-556
-620
-588
-556
-524
-460
-428
-396
-372
-356
-340
-292
-276
-276
-260
-244
-180
-196
-164
-148
-132
-132
-148
-132
-96
-80
-72
-24
-32
-32
-40
-56
-72
-80
-72
-112
-104
-120
-164
-212
-260
-276
-324
-324
-324
-324
-292
-260
-244
-244
-228
-180
-180
-180
-164
-148
-104
-64
-32
-16
0
32
80
164
228
244
244
276
292
324
340
340
356
372
340
340
340
340
372
396
396
372
340
324
292
292
292
324
324
340
396
372
356
324
260
212
196
196
180
180
148
120
80
32
56
32
0
0
0
-8
8
48
64
88
72
48
56
96
120
164
196
212
228
180
180
212
228
212
228
244
196
180
164
148
96
72
80
64
24
0
-48
-88
-88
-88
-88
-88
-112
-164
-180
-228
-244
-276
-292
-340
-372
-428
-460
-492
-524
-556
-556
-524
-460
-428
-428
-396
-340
-324
-324
-308
-276
-228
-196
-164
-120
-88
-48
-16
-8
0
16
24
32
56
72
80
88
88
48
8
0
-8
0
-24
0
-24
-64
-56
-48
-32
-40
-40
-56
-72
-96
-96
-80
-96
-104
-96
-96
-96
-132
-148
-132
-132
-148
-148
-164
-164
-132
-88
-72
-24
16
8
32
40
64
64
112
164
196
260
260
276
260
260
228
260
244
244
212
196
228
180
164
132
112
104
132
164
164
180
148
72
40
8
-16
0
8
32
32
-8
-24
-8
-48
-56
-16
-8
0
0
8
48
80
80
88
132
112
120
180
228
244
260
292
324
372
396
396
428
428
396
428
428
396
372
324
292
260
212
148
96
56
24
8
0
-16
-40
-88
-88
-112
-148
-148
-148
-180
-196
-244
-292
-292
-308
-340
-324
-372
-396
-396
-396
-356
-356
-372
-396
-396
-324
-276
-228
-212
-196
-196
-196
-164
-132
-96
0
56
88
112
132
132
96
88
80
56
40
40
56
16
0
-8
-24
0
8
-8
-24
-72
-104
-120
-164
-180
-196
-228
-260
-292
-292
-292
-276
-260
-244
-244
-276
-276
-228
-228
-212
-164
-164
-148
-132
-120
-104
-96
-64
0
48
104
148
148
180
228
212
244
276
308
308
292
260
228
212
164
180
196
164
120
80
80
72
56
40
16
0
-8
-16
-8
-8
-24
-32
-56
-88
-104
-104
-104
-88
-72
-88
-72
-88
-80
-88
-72
-56
-32
-16
24
64
104
148
148
148
196
244
292
340
396
428
428
428
428
428
428
396
396
460
460
460
428
396
396
340
292
244
196
148
132
88
32
0
-24
-80
-112
-112
-148
-212
-244
-276
-276
-276
-276
-308
-324
-324
-324
-308
-340
-340
-308
-292
-308
-292
-276
-276
-276
-244
-244
-212
-148
-88
-32
8
0
0
-24
-32
0
32
48
72
96
104
120
112
96
48
16
0
-8
-16
-16
-32
-40
-64
-56
-56
-96
-120
-132
-180
-196
-196
-180
-180
-180
-196
-212
-212
-196
-164
-148
-132
-148
-164
-148
-148
-120
-120
-132
-112
-64
-8
24
56
40
40
40
56
72
80
132
180
228
212
228
244
228
196
212
228
244
228
180
164
148
120
80
56
24
24
0
8
8
-16
-56
-96
-132
-132
-132
-132
-112
-104
-120
-120
-112
-120
-132
-132
-104
-96
-88
-80
-40
0
16
48
64
64
56
80
164
212
228
260
276
260
244
244
244
260
292
324
340
372
372
340
324
324
292
260
244
212
180
132
112
72
48
24
0
-8
-24
-56
-48
-40
-72
-104
-148
-148
-132
-132
-112
-120
-164
-148
-148
-164
-148
-120
-132
-148
-148
-132
-132
-88
-40
0
0
24
24
32
32
40
40
40
40
24
0
-24
-24
-40
-72
-88
-80
-104
-112
-112
-112
-148
-180
-180
-228
-260
-276
-292
-340
-356
-372
-428
-460
-460
-460
-460
-396
-372
-356
-340
-308
-276
-212
-148
-132
-132
-132
-120
-120
-96
-48
-24
0
40
48
104
132
148
180
196
196
196
180
196
228
244
276
292
292
292
292
308
324
292
260
212
180
180
180
180
212
180
148
132
96
80
64
96
72
48
32
48
40
40
40
40
64
88
112
164
180
212
228
212
196
180
196
212
244
244
244
260
276
244
244
260
244
228
212
196
196
196
196
244
260
244
196
132
104
72
48
16
-16
-32
-32
-64
-104
-148
-244
-292
-308
-324
-340
-396
-396
-396
-396
-396
-396
-428
-428
-428
-428
-428
-428
-396
-356
-340
-340
-324
-276
-260
-260
-228
-228
-212
-196
-196
-196
-180
-164
-132
-96
-80
-56
-72
-96
-88
-88
-80
-48
-32
-32
0
8
8
0
-8
0
-24
-48
-64
-96
-104
-56
-24
-40
-32
-24
-48
-56
-48
-40
-40
-40
-16
0
24
64
88
132
180
196
212
228
292
340
340
356
340
308
292
292
292
340
396
396
428
428
396
340
324
308
292
276
260
228
212
212
196
148
148
132
104
88
56
24
0
-48
-40
-40
-72
-96
-96
-112
-132
-112
-88
-88
-88
-96
-88
-72
-48
-32
0
24
24
48
40
48
88
64
56
64
96
132
148
148
112
88
32
0
0
-16
-32
-16
-8
0
8
-16
-32
-56
-88
-104
-112
-120
-132
-164
-180
-212
-260
-292
-308
-308
-276
-244
-260
-276
-308
-324
-324
-356
-340
-340
-324
-292
-292
-228
-228
-244
-244
-228
-196
-148
-88
-48
-64
-56
-56
-48
-32
-16
16
64
72
132
148
132
132
132
112
112
80
48
64
104
132
164
164
148
104
48
40
48
32
0
-8
-16
-24
-64
-80
-56
-40
-40
-32
-8
8
16
32
32
8
0
16
32
40
64
88
64
72
96
148
180
180
196
180
180
196
180
180
196
180
132
132
148
164
180
164
148
148
112
96
96
88
56
48
32
16
-8
-8
8
-8
-32
-48
-56
-40
-48
0
32
40
32
24
24
8
-24
-48
-32
-24
16
40
48
72
72
64
72
96
96
112
112
112
132
112
104
88
88
104
104
88
88
104
80
80
96
56
16
0
-8
-48
-64
-88
-120
-104
-104
-120
-148
-164
-196
-212
-212
-244
-228
-228
-244
-244
-244
-244
-244
-244
-244
-260
-260
-260
-244
-228
-228
-228
-212
-196
-180
-148
-120
-132
-112
-96
-80
-96
-80
-72
-88
-72
-48
-24
0
16
32
24
-8
-48
-56
-48
-48
-32
-24
-48
-64
-56
-56
-48
-32
-24
-24
-16
-8
0
0
-8
-16
-8
32
24
16
48
72
112
132
148
196
196
148
164
164
196
212
228
244
212
228
228
260
292
308
324
308
308
308
324
340
324
308
308
308
308
292
244
212
164
164
112
88
96
80
80
104
104
56
48
40
8
-8
-16
-48
-56
-24
-40
-24
-16
-32
-24
-32
-48
-24
-32
-56
-24
-48
-88
-96
-96
-104
-96
-80
-80
-96
-72
-88
-120
-112
-132
-148
-164
-196
-212
-196
-180
-196
-196
-212
-228
-228
-212
-228
-244
-260
-292
-276
-308
-308
-308
-308
-292
-308
-340
-340
-340
-324
-292
-228
-212
-164
-132
-112
-104
-88
-72
-64
-32
-40
-16
0
0
-16
16
56
72
104
164
196
212
212
228
212
196
212
196
212
228
244
244
244
212
196
164
164
180
196
212
180
164
132
88
80
80
72
64
40
24
40
16
0
-24
-32
-32
-48
-48
-24
-16
-16
-24
-24
0
-32
-40
-32
-16
-8
16
32
40
88
112
112
96
96
104
80
64
96
104
112
104
132
164
164
164
148
132
132
112
112
112
64
40
8
-16
-16
-16
-32
-24
-32
-40
-56
-80
-96
-112
-112
-104
-120
-148
-132
-132
-96
-64
-56
-40
0
16
40
32
64
64
40
32
8
16
16
16
0
0
0
-16
-48
-64
-72
-64
-72
-72
-32
-8
-16
8
16
-16
-16
-16
-32
-8
0
-16
-40
-48
-72
-88
-88
-132
-148
-132
-148
-196
-180
-180
-164
-164
-164
-164
-148
-132
-132
-80
-72
-80
-72
-48
-48
-48
-40
-40
-32
8
32
56
64
32
24
40
56
80
104
132
132
132
120
104
96
56
48
40
24
48
56
48
40
40
48
48
24
-8
-32
-56
-80
-88
-72
-64
-80
-72
-64
-96
-104
-96
-64
-32
-8
8
32
40
56
40
32
16
8
8
8
-8
24
40
64
112
148
196
212
244
276
276
228
212
164
148
164
180
196
196
180
180
180
180
196
196
164
164
164
148
112
88
88
32
0
-8
-24
-64
-88
-112
-132
-164
-180
-196
-212
-196
-180
-148
-88
-88
-64
-40
-64
-88
-112
-132
-120
-132
-132
-104
-112
-148
-148
-132
-148
-148
-132
-180
-196
-196
-212
-212
-212
-228
-196
-180
-148
-96
-104
-132
-132
-148
-148
-132
-132
-104
-104
-132
-112
-72
-40
-40
-24
-16
-16
-16
8
16
24
40
16
16
56
64
72
88
96
148
180
212
228
244
244
292
276
292
292
244
244
212
196
196
228
228
212
212
212
164
148
148
148
132
132
112
96
112
80
64
40
8
-24
-56
-80
-72
-96
-104
-96
-96
-96
-120
-112
-112
-132
-164
-196
-212
-180
-132
-132
-96
-80
-64
-40
-24
-8
0
0
-8
0
8
24
32
40
64
88
112
120
132
132
132
96
80
64
48
16
0
-16
-32
-24
-32
-40
-16
-32
-32
-40
-64
-72
-88
-96
-88
-96
-104
-148
-164
-180
-180
-180
-148
-120
-120
-88
-40
-24
-48
-72
-56
-32
-8
24
40
56
48
16
16
16
8
0
8
32
32
64
72
72
64
56
56
8
-32
-64
-48
-56
-56
-32
-24
-24
-8
0
0
-8
-48
-64
-72
-64
-40
-48
-48
-88
-148
-164
-164
-180
-148
-120
-120
-132
-132
-104
-96
-96
-72
-40
-8
-24
-16
32
48
72
96
104
132
148
164
196
212
212
212
196
180
164
164
164
132
120
120
148
148
132
104
88
48
56
72
72
48
40
40
40
32
8
8
0
-24
-24
-16
-8
16
16
8
0
8
24
8
0
0
-16
-24
-8
8
24
8
16
8
24
40
48
80
104
104
120
120
88
72
48
32
48
72
64
64
48
40
32
16
-8
-16
-16
-32
-32
-32
-40
-40
-56
-64
-96
-88
-88
-80
-88
-104
-132
-164
-164
-180
-132
-132
-148
-164
-164
-164
-180
-180
-164
-148
-132
-88
-56
-48
-48
-40
-40
-48
-56
-40
-24
-16
16
40
40
48
32
0
-8
-16
8
32
40
24
0
-16
-40
-40
-64
-80
-56
-64
-56
-56
-64
-72
-64
-48
-32
-32
-32
8
0
-32
-48
-48
-56
-24
0
32
56
48
56
72
80
88
104
120
96
96
112
96
80
96
120
112
132
112
104
112
104
112
104
72
56
48
48
24
0
8
16
32
64
72
64
48
32
8
8
-32
-56
-56
-64
-72
-32
-16
-24
-8
-8
8
0
0
0
0
8
16
32
40
56
48
40
32
48
56
56
72
64
72
96
104
132
148
148
180
196
196
164
148
132
104
88
64
40
24
16
8
0
-16
-16
-16
8
0
-8
-16
-56
-64
-80
-88
-96
-112
-132
-148
-148
-132
-120
-132
-96
-72
-72
-88
-112
-88
-80
-96
-72
-80
-80
-80
-64
-96
-104
-132
-148
-112
-88
-88
-80
-88
-96
-96
-96
-88
-132
-164
-180
-212
-212
-196
-180
-164
-148
-148
-164
-180
-164
-180
-180
-180
-180
-196
-196
-180
-196
-180
-164
-148
-120
-80
-48
-40
-32
-24
-32
-16
0
0
-8
0
0
8
32
80
120
132
164
196
212
212
228
228
244
228
276
276
276
276
260
276
244
260
276
260
260
228
212
196
180
196
196
180
212
212
228
244
244
228
196
180
164
120
96
80
56
32
48
80
96
132
132
148
164
164
164
180
164
148
132
132
164
148
132
120
80
72
64
24
32
24
0
-16
-16
-24
-32
-32
-16
-40
-64
-120
-164
-196
-212
-260
-276
-244
-260
-244
-228
-244
-276
-308
-340
-356
-340
-340
-324
-340
-356
-372
-396
-372
-356
-340
-324
-292
-260
-244
-212
-180
-180
-164
-148
-148
-132
-132
-104
-96
-80
-40
-32
-40
-16
-8
0
-16
-8
0
0
0
8
8
8
-8
-8
0
-16
0
8
8
8
-8
8
0
-8
-16
-8
-8
0
16
8
48
48
8
24
40
48
72
80
104
120
132
148
148
148
148
132
164
180
196
228
244
212
180
164
164
148
148
196
228
228
212
196
164
148
148
132
112
120
132
112
112
112
88
64
40
48
56
72
88
96
112
104
88
64
64
56
48
48
72
80
104
104
112
120
88
88
88
96
104
96
96
112
112
96
64
56
80
88
72
80
72
56
40
40
48
24
0
-32
-64
-80
-96
-132
-112
-112
-148
-164
-180
-228
-244
-260
-228
-228
-228
-212
-260
-276
-292
-308
-308
-308
-292
-292
-292
-292
-260
-228
-244
-260
-228
-212
-180
-148
-104
-80
-64
-80
-80
-72
-72
-80
-88
-80
-48
-16
0
0
40
40
16
24
24
8
8
24
40
56
32
8
-16
-32
-48
-48
-72
-64
-48
-56
-48
-24
-32
-80
-88
-72
-80
-64
-56
-56
-56
-64
-64
-48
-32
-16
24
40
80
104
104
96
88
112
132
164
164
180
180
148
148
148
164
196
212
244
244
244
276
260
260
260
260
244
244
196
180
180
148
164
196
180
180
180
180
180
164
164
164
148
132
112
104
120
112
132
132
112
80
64
24
32
40
40
48
32
24
8
0
-8
0
-16
-8
8
0
-16
-24
-56
-88
-112
-132
-132
-164
-180
-164
-196
-196
-196
-196
-196
-212
-212
-212
-228
-244
-244
-244
-228
-228
-244
-260
-260
-228
-212
-180
-164
-180
-180
-196
-196
-212
-212
-196
-228
-228
-212
-212
-180
-148
-112
-88
-56
-24
-24
-8
0
0
-24
-8
16
56
80
88
88
80
88
112
132
120
112
112
120
112
96
104
104
120
132
132
148
148
148
132
112
96
96
80
64
80
104
112
104
64
48
32
8
16
8
16
40
40
48
72
88
96
88
96
88
72
64
48
40
32
56
56
40
32
32
8
0
8
8
16
0
0
16
0
0
0
-16
-16
-16
-24
-8
0
0
8
-16
-32
-40
-40
-32
0
16
16
8
16
0
0
0
0
0
8
16
16
16
16
16
0
0
-24
-8
-8
-8
-16
-16
-16
-32
-8
8
8
8
16
-32
-40
-48
-56
-40
-56
-64
-72
-96
-112
-104
-120
-132
-132
-132
-132
-132
-120
-104
-88
-88
-72
-40
-32
-8
-8
0
16
56
80
104
132
120
112
104
96
88
88
88
96
104
112
120
120
132
148
148
132
120
104
112
112
112
104
88
80
72
64
32
0
-16
-32
-24
-40
-40
-48
-88
-120
-132
-132
-148
-120
-88
-80
-88
-96
-88
-88
-104
-88
-72
-72
-56
-48
-56
-80
-112
-132
-132
-132
-112
-112
-120
-148
-164
-148
-132
-112
-80
-72
-64
-64
-80
-80
-64
-56
-32
-16
-16
-16
-32
-40
-16
0
24
24
24
16
0
8
0
8
32
32
56
80
80
80
104
112
104
120
120
132
148
164
180
196
180
180
180
164
164
148
132
132
132
132
132
132
148
148
148
164
132
148
148
120
112
104
96
80
72
56
32
16
-8
-40
-40
-40
-24
-32
-48
-64
-88
-104
-112
-104
-88
-64
-56
-48
-56
-88
-88
-96
-112
-120
-120
-120
-96
-88
-88
-64
-72
-72
-72
-80
-64
-48
-24
-24
-16
-24
-48
-64
-72
-80
-80
-96
-96
-96
-96
-96
-96
-80
-80
-80
-72
-64
-40
-40
-32
-32
-56
-64
-56
-56
-56
-56
-40
-48
-32
-48
-56
-64
-80
-72
-48
-40
-48
-40
-24
-24
-24
0
24
32
24
48
48
64
88
112
120
104
104
96
88
88
96
88
64
64
56
40
40
48
64
48
64
64
64
88
88
112
132
120
112
112
96
88
96
88
80
80
64
40
16
0
-8
0
0
0
16
8
8
8
0
16
24
40
64
80
80
80
72
48
40
40
8
0
0
-32
-32
-32
-40
-48
-40
-32
-40
-48
-40
-40
-64
-56
-72
-72
-64
-56
-56
-56
-48
-48
-48
-48
-32
-32
-48
-56
-72
-96
-120
-132
-120
-96
-88
-88
-88
-88
-88
-104
-88
-64
-56
-40
-24
-24
-24
-24
-24
-40
-24
-24
-40
-40
-24
-24
-32
-32
-24
-8
0
8
32
32
32
24
0
0
0
-16
-8
-8
0
0
0
0
0
24
32
48
64
64
56
64
72
72
80
64
56
72
64
64
64
64
56
40
32
40
32
24
32
48
56
56
72
72
80
72
72
56
40
56
48
64
64
64
56
48
40
24
24
32
8
0
8
0
-8
-8
-8
-16
-16
0
24
48
72
72
56
56
32
32
32
40
40
64
64
56
40
16
0
-8
-16
-8
-16
-24
-32
-32
-32
-32
-24
-32
-32
-48
-32
-24
-40
-40
-48
-88
-96
-96
-104
-104
-112
-120
-120
-132
-120
-104
-112
-120
-120
-112
-104
-104
-104
-88
-80
-64
-48
-48
-32
-32
-40
-32
-32
-16
-16
-16
-16
-16
-24
-16
-16
-16
-16
-16
-16
-8
0
0
8
8
8
8
16
32
40
56
48
24
8
0
0
8
16
16
8
-8
-16
-8
0
0
0
8
-8
-16
-32
-32
-40
-48
-32
-32
-16
0
0
16
40
48
56
64
