SAMPLES:	8846
BITSPERSAMPLE:	16
CHANNELS:	1
SAMPLERATE:	16000
NORMALIZED:	FALSE
0
0
0
0
0
0
0
0
0
0
0
0
0
0
0
0
0
0
0
0
0
0
0
0
0
0
0
0
0
0
0
0
0
0
0
0
0
0
0
0
0
0
0
0
0
0
0
0
0
0
0
0
0
0
0
0
0
0
0
0
0
0
0
0
0
0
0
0
0
0
0
0
0
0
0
0
0
0
0
0
0
0
0
0
0
0
0
0
0
0
0
0
0
0
0
0
0
0
0
0
0
0
0
0
0
0
0
0
0
0
0
0
0
0
0
0
0
0
0
0
0
0
0
0
0
0
0
0
0
0
0
0
0
0
0
0
0
0
0
0
0
0
0
0
0
0
0
0
0
0
0
0
0
0
0
0
0
0
0
0
0
0
0
0
0
0
0
0
0
0
0
0
0
0
0
0
0
0
0
0
0
0
0
0
0
0
0
8
8
8
8
8
8
8
0
0
0
0
0
0
0
0
0
0
0
0
0
0
0
0
8
8
0
0
0
0
0
8
8
8
8
8
8
8
8
8
8
8
0
0
0
0
0
0
0
0
0
0
0
0
0
0
0
0
0
-8
-8
-8
-8
-8
-8
-8
-16
-16
-16
-16
-8
-16
-8
-8
-8
-16
-16
-8
-8
-8
-8
-8
-8
-8
-8
-8
-8
-8
-8
0
0
0
0
0
0
0
0
0
0
0
0
0
0
0
0
0
0
0
0
0
0
0
0
0
0
0
0
0
0
0
0
0
0
0
0
0
0
0
0
0
0
0
0
0
0
0
0
0
0
0
0
8
8
8
8
8
8
8
0
8
8
8
8
8
8
8
8
8
8
8
8
8
8
0
0
0
0
8
8
8
8
8
8
8
8
8
8
8
8
0
0
0
0
0
0
0
0
0
0
0
0
0
0
0
0
0
0
0
0
-8
-8
-8
-8
0
0
0
0
0
0
-8
-8
-8
-8
-8
-8
-8
-8
-16
-16
-16
-8
-8
-8
-16
-8
-16
-8
-8
-8
-8
-8
-8
-8
-8
-8
-8
-8
-8
-8
-16
-16
-8
-8
-8
-8
-8
-8
-8
-8
-8
-8
-8
-8
-8
-8
0
0
0
0
0
0
0
0
0
0
0
0
0
0
0
0
0
0
0
8
8
8
8
8
8
8
8
8
8
8
8
8
8
8
16
8
8
8
8
16
8
8
16
8
8
8
8
8
16
16
16
8
8
8
8
8
0
0
0
8
8
8
8
8
8
8
8
0
0
0
0
0
0
0
0
0
0
0
0
0
0
0
0
0
0
0
0
0
0
0
0
0
0
0
0
0
0
-8
-8
-8
0
0
0
0
0
0
0
-8
0
0
0
0
0
0
0
0
0
0
0
0
0
0
0
0
0
0
0
0
0
0
0
0
0
0
0
0
0
0
0
0
0
0
0
0
0
0
0
0
0
0
0
0
0
0
0
0
0
0
0
0
0
-8
-8
-8
-8
-8
0
0
0
0
0
0
0
-8
0
-8
0
0
0
0
0
0
0
0
0
0
0
0
0
0
0
0
0
0
0
0
0
0
0
0
0
0
0
0
0
0
0
0
0
0
0
0
0
0
0
0
0
0
0
0
0
0
0
0
0
0
0
0
0
0
0
0
0
0
0
0
0
0
0
0
0
0
0
0
0
0
0
0
8
0
0
0
0
0
0
0
0
0
0
0
0
0
0
8
8
8
8
8
0
8
0
0
8
0
0
0
8
8
8
0
0
0
0
0
0
0
0
0
0
0
0
0
0
0
0
0
0
0
0
0
0
0
0
0
0
0
0
-8
0
-8
-8
-8
-8
-8
-8
-8
-16
-8
-16
-16
-16
-8
-16
-8
-8
-8
-8
-16
-16
-16
-8
-16
-8
-8
-8
-8
-8
-8
-8
-8
-8
0
0
0
0
0
0
0
0
0
0
0
0
0
8
0
0
0
8
8
8
8
16
16
16
8
8
8
8
8
8
8
8
8
8
8
8
8
8
8
0
8
0
0
0
8
8
0
0
0
0
0
0
0
0
0
0
0
0
0
0
0
0
0
0
0
0
0
0
0
0
0
0
0
0
0
0
0
0
-8
-8
0
0
0
0
0
-8
-8
-8
-8
-8
0
-8
-8
-8
-8
-8
-8
-8
-8
-8
-8
-8
-8
-8
-8
-8
-8
-8
-8
-8
-8
-8
-8
-8
-8
0
0
0
0
0
0
0
0
0
0
0
0
0
0
0
0
0
8
0
0
8
0
0
8
8
8
8
8
16
8
8
8
8
8
8
8
8
16
16
16
16
16
16
16
16
8
8
8
8
8
8
8
8
8
8
8
8
8
8
8
8
8
0
0
0
0
0
0
0
0
0
0
0
0
0
0
0
0
0
0
0
0
0
0
-8
-8
-8
-8
-8
-8
-8
-8
-8
-8
-8
-8
-8
-8
-8
-8
-8
-8
-8
-8
-8
-8
-8
-8
-8
-8
-8
-8
-8
-8
-8
-8
-8
-8
-8
-8
-8
-16
-16
-8
-8
-8
0
0
-8
0
0
0
0
0
0
0
0
0
0
0
0
0
0
0
0
0
0
0
0
0
0
0
0
0
0
0
0
0
8
0
8
8
0
0
8
8
0
8
8
8
8
16
16
8
8
8
8
0
8
8
8
8
8
8
8
8
8
8
8
8
8
8
8
0
8
8
8
8
8
8
8
8
0
0
0
0
0
0
0
0
8
0
0
8
0
0
0
0
0
0
0
0
0
0
0
-8
0
0
0
-8
-8
-8
-8
-8
-16
-8
-8
-16
-8
-8
-8
-8
-8
-8
-8
-8
-16
-16
-8
-8
-8
-8
-8
-8
0
0
0
-8
-8
-8
-8
-8
0
0
0
0
0
0
0
-8
0
-8
0
0
0
0
0
0
0
0
0
0
0
0
0
0
0
0
0
0
0
0
0
0
0
0
0
0
0
0
0
0
0
0
0
0
0
8
0
0
0
0
0
8
8
8
8
8
8
8
0
0
0
8
8
8
16
16
8
8
8
0
0
0
0
8
0
0
0
0
0
0
0
0
0
0
0
0
0
0
0
0
0
0
0
0
0
0
0
0
0
0
0
0
0
0
0
0
0
0
0
0
0
0
0
0
0
0
0
0
0
0
0
0
0
0
0
0
0
0
0
0
0
0
0
0
0
0
-8
0
0
0
0
0
0
0
0
0
0
0
0
0
0
0
0
-8
0
0
0
-8
-8
0
0
0
0
0
0
0
0
0
-8
0
0
0
0
0
0
0
80
24
-88
-56
-16
-8
-16
0
8
24
16
-56
-72
0
16
8
32
16
-8
-48
-32
8
32
24
0
0
0
-16
0
8
8
8
16
32
24
0
8
40
-24
-56
16
32
-32
-24
0
-8
0
0
0
40
96
-24
-16
0
-56
-80
-64
0
0
0
-24
-40
-16
-8
0
72
24
0
8
0
24
8
-16
24
40
8
0
8
24
-24
0
40
48
56
24
16
24
8
24
24
40
8
-48
24
8
0
0
24
8
16
40
0
16
16
-8
0
32
8
40
-16
-32
-40
-24
-8
-32
16
-8
-32
32
8
-40
-40
-8
24
-16
-8
-24
-88
-56
-56
-32
16
0
-32
-48
-48
-8
16
0
-24
24
40
-48
-8
48
-32
0
64
24
8
0
-8
-24
32
80
8
40
40
-8
8
24
8
16
24
16
0
-24
0
-72
-40
0
32
48
-72
-56
8
-16
-48
16
40
-24
-32
-32
-88
-16
16
-72
-56
48
24
-64
-48
0
0
-24
0
8
0
8
-24
-40
24
64
0
-72
0
64
-24
-32
32
8
0
16
16
48
8
-24
-16
24
16
-8
24
8
0
8
-16
8
56
-8
-16
72
56
-16
-40
32
48
-8
48
32
-64
-48
8
48
32
0
-32
-24
32
24
8
32
16
32
32
32
40
16
24
16
40
64
16
8
24
8
40
64
24
0
24
24
-48
-24
32
40
0
-48
-24
-32
-64
-48
8
24
-8
-88
-88
-48
-48
-80
-56
0
-16
-24
-24
0
0
-64
-56
-16
16
-8
-48
-40
-40
-32
8
24
0
-40
-56
-56
8
40
-16
-88
-56
-40
-8
64
8
-32
-40
0
40
40
8
-40
-56
-48
-16
40
0
-24
8
56
80
56
24
-16
0
32
72
88
48
0
-16
0
88
104
24
0
32
56
48
88
64
0
-40
24
88
72
40
-16
0
56
40
8
16
8
-32
-48
24
24
-24
-40
-8
48
16
-24
-32
-56
-64
-56
0
-8
-64
-104
-96
-56
-8
-8
-40
-32
-8
0
-8
0
-32
-72
-32
24
40
8
-24
0
8
24
16
-32
-48
-72
-48
-16
-24
-8
-16
-72
-40
-24
-64
-112
-112
-88
-80
-40
-56
-80
-40
-40
-8
40
16
-8
-8
16
48
80
88
88
148
180
212
244
228
212
276
356
340
308
276
276
308
372
356
356
356
308
228
212
196
148
88
24
-8
-32
-104
-180
-244
-308
-372
-428
-492
-524
-620
-684
-716
-716
-716
-716
-780
-780
-748
-748
-748
-716
-684
-684
-620
-524
-460
-372
-324
-292
-244
-132
16
132
180
180
180
244
324
396
556
588
620
620
588
620
684
652
716
748
780
652
556
684
844
988
1052
1180
1436
1564
1244
716
588
1116
1884
2108
1564
924
844
1180
1372
1180
988
1180
1308
844
-48
-812
-716
-16
396
-24
-1180
-2236
-2620
-2236
-1692
-1756
-2364
-3260
-4092
-4348
-3900
-3260
-3004
-3388
-3900
-4092
-3772
-3516
-3516
-3516
-3004
-1980
-1500
-2108
-2876
-2492
-812
1308
2108
1372
244
276
1308
3004
4092
4348
3772
3004
3004
3644
4092
4092
4092
4092
3900
3132
1756
1244
1980
2748
2748
1372
-276
-1244
-1372
-524
292
-16
-1628
-3132
-3516
-2748
-1692
-1692
-2236
-2748
-3132
-3004
-2492
-1980
-1756
-1692
-1692
-1564
-1500
-1628
-1244
-308
588
844
684
1372
2364
3644
3900
2876
2236
2876
4860
6396
6140
5116
4348
4860
5116
4860
5116
5372
6140
4860
2876
1116
1052
2492
3132
2492
16
-2108
-2748
-2364
-1628
-2108
-3004
-4348
-5884
-6396
-6140
-5628
-5116
-5628
-6652
-6908
-6652
-6396
-6396
-6652
-6140
-5116
-4604
-4860
-5372
-5116
-3260
-1372
-460
-812
-1308
-988
1180
3260
3772
3388
2620
3388
4604
5628
5884
5628
5372
4604
4860
5116
5116
4604
3900
3900
3644
2620
1308
924
1436
1308
428
-924
-1692
-2364
-2620
-2236
-1820
-2364
-3900
-4860
-4604
-3516
-3132
-3516
-3900
-4092
-4092
-3644
-3004
-2236
-2108
-2364
-2364
-1820
-1372
-1052
-460
556
1372
1436
1692
2748
4348
5116
4092
2876
3260
5628
7420
7420
5884
5116
5884
6396
6140
6140
6396
7164
6652
4604
2108
1500
3004
4604
4092
1308
-1628
-2620
-1820
-684
-924
-2364
-4092
-5628
-6396
-6140
-5372
-4860
-5372
-6908
-7932
-7676
-6908
-6652
-6908
-6908
-6140
-5628
-5628
-6140
-6140
-4348
-2108
-812
-1436
-2492
-2492
-684
1820
3132
3004
2748
3004
3132
3772
5116
6396
5884
4348
3900
4860
5628
4604
3516
3900
4348
3388
1756
1436
1884
1308
96
-292
-164
-1372
-3388
-3772
-2236
-1500
-3132
-5116
-5372
-4604
-4348
-4348
-3900
-3900
-4860
-5372
-4348
-2492
-1756
-2236
-2492
-1884
-1244
-844
8
924
1244
844
876
1756
2620
3388
4348
5884
7164
5884
3260
2492
5116
8828
9340
7164
4348
4092
5628
6908
6652
6140
5884
5884
4860
2748
876
1180
3004
4092
2364
-1436
-3900
-3900
-2108
-1052
-1884
-3900
-6396
-7932
-7932
-6396
-4860
-4860
-6908
-9340
-9340
-7932
-6396
-5884
-6908
-7164
-6908
-6140
-5884
-5628
-4604
-2876
-1500
-1564
-2492
-2620
-1116
1500
3132
3132
2236
2108
3132
4604
5628
6652
6652
5116
4092
4604
5884
6652
5628
4604
4092
3900
3004
2620
3260
3516
2364
276
-396
-112
-428
-1244
-1564
-1372
-2108
-3900
-4860
-3772
-2492
-2876
-4092
-4860
-4860
-4604
-4092
-2748
-1980
-2620
-3644
-3516
-2236
-1052
-556
-652
-556
-428
-716
-40
1436
2492
2492
2236
2748
4348
5884
5372
3644
2876
4092
6652
7932
6652
4860
4348
5884
6908
5884
4604
5116
6908
6396
3516
372
292
2876
4604
3388
-112
-3260
-3900
-2236
-620
-1052
-3260
-5628
-6908
-6652
-5884
-4604
-4604
-6140
-8316
-8828
-7420
-5884
-5884
-7164
-7676
-6652
-5372
-5372
-6140
-5628
-3772
-1980
-1564
-2364
-3004
-2108
16
1980
2492
1980
1244
1884
3772
5372
5884
4860
4092
4348
5372
6140
5884
5628
4860
4348
4092
4348
4092
3772
3132
2364
1372
716
492
460
24
-652
-1436
-2108
-2620
-2876
-2620
-2620
-3132
-4092
-4604
-4092
-3644
-3132
-3260
-3516
-3644
-3516
-3004
-1980
-1436
-1820
-2108
-1692
-748
-180
-48
180
620
1116
1436
1820
2748
4604
5884
4860
2620
1628
3388
6908
8316
6908
4348
4092
5628
6396
6140
5628
6140
6908
5628
3004
1180
2108
4348
5116
3132
-588
-3132
-2876
-876
276
-924
-3260
-5372
-6396
-6396
-5372
-3644
-3772
-5884
-8316
-8828
-6908
-5116
-5372
-6908
-7676
-6908
-5884
-5628
-5884
-5116
-3644
-2364
-2236
-3132
-3516
-2108
524
2236
2364
1308
356
1372
3516
5372
5884
4348
3132
3260
4860
5884
5884
4860
3772
3388
3132
3388
4092
3644
2620
1244
588
716
812
524
24
-684
-1756
-2620
-3004
-2876
-2364
-2620
-3260
-4092
-4604
-4860
-4092
-3260
-3260
-3772
-4604
-4348
-3260
-2364
-1980
-2108
-2108
-1756
-1180
-716
-48
556
1052
1564
2108
2748
3900
5628
5884
4860
3644
4092
6652
8828
8316
6396
5628
6652
7420
6908
6652
7164
7676
6652
4348
2492
2364
3900
4860
4092
812
-2236
-2876
-1756
-556
-1244
-3388
-5628
-6908
-7164
-6652
-5628
-5116
-6396
-8828
-9852
-8828
-6652
-6396
-7420
-8316
-8316
-7164
-6140
-5884
-5628
-4604
-3388
-2492
-2492
-2492
-1692
88
1884
2492
2236
2236
2620
3772
4860
6140
6140
5372
4348
4860
6396
7164
6396
5116
4604
4860
4604
4604
4604
4092
2876
1564
1436
1692
1180
0
-844
-988
-1500
-2748
-3388
-3260
-3004
-3644
-4604
-5116
-5372
-5372
-5116
-4604
-4860
-5372
-5628
-4860
-3900
-3388
-3260
-3260
-2748
-1980
-1308
-924
-324
396
924
1500
2108
3132
4604
5884
5884
4860
4092
5116
7676
9340
8316
6396
6396
7676
8316
7676
6908
6908
7420
6396
4348
2620
2492
3644
4092
2748
-276
-3004
-3516
-2364
-1564
-2748
-4860
-6908
-7932
-7932
-7420
-6396
-6140
-7676
-9852
-10364
-8828
-6908
-6652
-7932
-8828
-8316
-6908
-5884
-5628
-5116
-4092
-2876
-2236
-2108
-1820
-620
1244
2620
2620
2364
2876
3772
4860
6140
6908
6652
5628
5372
6396
7676
7932
6908
5628
5628
5884
5884
5372
5372
4860
3388
2236
2236
2364
1500
112
-620
-844
-1628
-3004
-3516
-3260
-3260
-4348
-5628
-5884
-5884
-5884
-5884
-5628
-5628
-6140
-6396
-5884
-4604
-4348
-4348
-4092
-3516
-2620
-1980
-1500
-924
-228
396
1116
1980
2876
3900
5372
6652
6396
5116
5116
6652
9340
9852
8316
6908
7420
8828
9340
8316
7420
7420
7164
5884
4092
3004
3004
3644
3132
1116
-1692
-3388
-3260
-2364
-2492
-4348
-6396
-7932
-8316
-8316
-7420
-6908
-7676
-9340
-10876
-9852
-7932
-6908
-7676
-9340
-9340
-7932
-6652
-5884
-5628
-5116
-4348
-3260
-2492
-2108
-1564
-324
1244
2236
2236
2364
3132
4092
5116
5884
6652
6396
5372
5628
6908
8316
7932
6396
5372
5884
6140
5884
5628
5372
4348
2748
2236
2748
2748
1244
-340
-876
-812
-1564
-2876
-3260
-3388
-3900
-4860
-5628
-5372
-5628
-5884
-5884
-5372
-5628
-6140
-6140
-5116
-4092
-3900
-4092
-3516
-2620
-1980
-1564
-988
-104
684
1308
1884
2620
3772
4860
6140
6908
6652
5884
5884
7676
9340
9340
8316
7676
8316
8828
8828
7676
7420
7420
6908
5372
3644
2492
2492
2876
2364
340
-2236
-3772
-3900
-3260
-3388
-4860
-6908
-8316
-8828
-8316
-7420
-7164
-8316
-9852
-10876
-9852
-7932
-7676
-8316
-9340
-8828
-7676
-6396
-6140
-5628
-4860
-3772
-2748
-2236
-2108
-1372
32
1756
3132
3132
2620
2876
4092
6396
7420
6908
5884
5884
6652
7676
8316
7676
6908
5884
5628
5884
6140
5884
4860
3772
3004
2492
1980
1436
924
244
-780
-1884
-2620
-3004
-3132
-3644
-4092
-4860
-6140
-6396
-6140
-5628
-5628
-6140
-6652
-6652
-5884
-5116
-4604
-4348
-4092
-3772
-3132
-2236
-1308
-684
-80
652
1372
2108
3260
4604
6140
6908
6140
5628
6140
7932
9340
9340
8316
7932
8316
8828
8828
8316
7420
7420
6908
5372
3772
2876
3132
3388
2364
32
-2236
-3132
-2876
-2620
-3260
-5116
-6908
-8316
-8316
-7676
-7164
-7420
-8828
-9852
-10364
-8828
-7676
-7420
-8316
-9340
-8828
-7420
-6140
-5628
-5372
-4860
-3772
-2620
-1980
-1500
-684
588
2236
3004
2876
2748
3772
5628
6908
7164
6396
6140
6396
7164
7932
8316
7676
6652
5884
5884
6140
5884
5372
4604
3772
2620
1756
1564
1564
812
-684
-1980
-2620
-2748
-3260
-3644
-4092
-5116
-6140
-6908
-6396
-5884
-5884
-6396
-6908
-6908
-6652
-5884
-5116
-4604
-4348
-4092
-3644
-2620
-1628
-1052
-524
276
1052
1756
2492
3644
5116
6652
6908
6396
6140
6652
8316
9340
9852
8316
7676
8316
8828
8828
7676
7164
6908
6652
4860
3260
2620
2876
2748
1436
-684
-2620
-3516
-3516
-3260
-4092
-5628
-7420
-8828
-8828
-8316
-7676
-7932
-8828
-10364
-10364
-9340
-7932
-7676
-8828
-9340
-8828
-7420
-6140
-5628
-5372
-4604
-3516
-2620
-1980
-1308
-276
1116
2364
3516
3772
3900
4604
5628
7164
7676
7420
6908
7164
7932
8828
8316
7932
7164
6652
6652
6396
6140
5628
4604
3772
3132
2620
1820
924
-40
-684
-1372
-2236
-3132
-3900
-4348
-4860
-5116
-5628
-6396
-6908
-6908
-6652
-6652
-6652
-6908
-6652
-6140
-5628
-5116
-4604
-4092
-3388
-2620
-1820
-1244
-588
292
1308
2364
3132
4092
5372
6908
7164
6652
6652
7420
8828
9852
9340
8828
8828
9340
9340
8316
7932
7676
7420
6396
4604
3260
3004
3260
2620
780
-1500
-3004
-3388
-3388
-3644
-4860
-6652
-7932
-8316
-8828
-8316
-8316
-8828
-9852
-10876
-10364
-9340
-8316
-8828
-9340
-9340
-8828
-7420
-6652
-6140
-5372
-4348
-3516
-3004
-2364
-1180
132
1372
2108
2620
3772
4348
5116
5884
6652
7420
7420
7164
7420
8316
8828
8316
7676
7420
7164
6652
6396
5884
5628
4604
3644
3260
2748
1980
748
-132
-620
-1116
-2108
-3004
-3644
-4348
-5116
-5628
-5884
-6140
-6652
-6908
-6908
-6908
-7164
-6908
-6652
-6140
-5884
-5628
-5116
-4092
-3260
-2620
-2108
-1308
-588
356
1308
2364
3260
4092
5116
6396
7420
7164
6652
7164
8828
9852
9852
8828
8828
9340
9340
8828
7932
7676
7420
6652
5372
3900
3132
3004
2876
1500
-620
-2492
-3132
-2876
-3132
-4348
-5884
-7164
-7932
-8316
-8316
-7932
-8316
-9340
-10364
-10364
-9340
-8316
-8316
-8828
-8828
-8316
-7420
-6652
-6140
-5372
-4348
-3516
-3004
-2364
-1628
-428
924
2108
2748
2876
3388
4348
5372
6396
6652
6652
6652
6908
7420
7676
7676
7164
6652
6396
6140
5884
5628
5116
4604
3772
3004
2364
1628
924
132
-428
-1116
-1820
-2876
-3644
-3900
-4348
-4604
-5116
-6140
-6396
-6396
-6140
-6140
-6396
-6396
-6396
-5884
-5372
-4860
-4348
-3772
-3132
-2492
-1884
-1180
-460
524
1628
2364
3004
3900
5116
6652
7420
6908
6396
6908
8316
9340
9340
8828
8316
8828
8828
8316
7676
7164
7164
6396
4860
3516
2748
2748
2492
1180
-684
-2364
-3004
-3260
-3516
-4348
-5628
-6908
-7932
-8316
-8316
-7932
-8316
-9340
-9852
-9852
-8828
-8316
-8316
-8828
-8828
-8316
-7164
-6652
-6140
-5628
-4604
-3644
-2876
-2236
-1500
-228
1052
1980
2492
3132
3772
4348
5116
6140
6908
6908
6396
6396
7420
8316
7932
7164
6652
6396
6396
6140
5884
5628
4604
3644
3132
2876
2364
1180
228
-196
-652
-1628
-2620
-3260
-3772
-4092
-4604
-5116
-5628
-6140
-6652
-6396
-6140
-6396
-6652
-6652
-6140
-5628
-5372
-4604
-4092
-3388
-2876
-2364
-1500
-588
180
1052
1980
2748
3644
4604
5884
6908
6908
6652
6908
7676
8828
9340
8828
8316
8316
8828
8316
7676
7164
6908
6396
5372
3900
2748
2364
2236
1500
88
-1692
-2876
-3260
-3644
-4092
-4860
-6140
-7420
-8316
-8316
-7676
-7676
-8316
-9340
-9852
-8828
-8316
-8316
-8828
-8828
-7932
-7164
-6396
-5884
-5372
-4604
-3388
-2108
-1436
-1180
-652
524
2236
3260
3516
3388
3772
5116
6140
6908
6908
6652
6652
7164
7676
7676
7164
6652
6140
6140
5884
5372
4860
4348
3772
3132
2364
1500
716
148
-396
-988
-1884
-2876
-3388
-3772
-4092
-4348
-5116
-5628
-6140
-6140
-6140
-6140
-6140
-6140
-5884
-5884
-5372
-5116
-4348
-3516
-2876
-2364
-2108
-1564
-524
716
1564
2108
2748
3644
4860
5884
6652
6652
6652
6908
7676
8828
8828
8316
7932
7932
8316
8316
7420
6652
6396
5884
4860
3772
2876
2236
1692
924
-148
-1564
-2876
-3644
-3900
-4348
-5116
-6396
-7420
-7932
-8316
-7932
-7932
-8316
-8828
-9340
-8828
-8316
-8316
-8316
-8316
-7676
-6908
-6396
-6140
-5628
-4604
-3516
-2492
-1692
-988
-460
324
1564
2620
3388
3772
3900
4604
5628
6140
6396
6396
6652
7164
7164
7164
6908
6652
6396
6140
5884
5628
5116
4348
3772
3260
2876
2108
1244
428
-292
-876
-1436
-1884
-2492
-3260
-3900
-4348
-4604
-5116
-5628
-5884
-5884
-5884
-5628
-5628
-5372
-5116
-4860
-4604
-4092
-3260
-2748
-2108
-1564
-924
-260
524
1436
2236
3004
3772
4604
5628
6140
6140
6396
6652
7676
8316
8316
7932
7676
7932
7932
7676
6908
6396
5884
5372
4348
3388
2620
1980
1372
428
-556
-1564
-2492
-3260
-3900
-4604
-5372
-6140
-6908
-7676
-7932
-7932
-7932
-8316
-8828
-8828
-8828
-8316
-8316
-8316
-7932
-7420
-6652
-6140
-5628
-5116
-4092
-3260
-2236
-1500
-780
-228
460
1436
2364
3132
3644
4092
4604
4860
5372
5628
6140
6396
6396
6140
6140
5884
5884
5628
5372
4860
4604
4092
3772
3388
2748
2108
1372
844
324
-340
-924
-1436
-1980
-2364
-2876
-3388
-3900
-4348
-4604
-4860
-4860
-5116
-5116
-5116
-4860
-4604
-4348
-4092
-3644
-3132
-2620
-2108
-1500
-988
-460
120
876
1756
2620
3260
3900
4348
5116
5628
6140
6396
6396
6908
7164
7420
7420
7164
7164
6908
6652
6140
5628
5372
4860
4092
3516
2748
2108
1244
460
-276
-924
-1692
-2492
-3260
-4092
-4860
-5372
-5884
-6140
-6652
-7164
-7420
-7676
-7676
-7676
-7676
-7676
-7676
-7676
-7420
-6908
-6396
-5884
-5372
-4860
-4092
-3644
-3132
-2492
-1564
-652
16
492
1052
1628
2236
2748
3260
3644
3772
4092
4348
4860
4860
5116
5116
5116
5116
4860
4860
4348
4092
3900
3772
3388
2876
2236
1756
1564
1308
876
244
-396
-988
-1372
-1692
-2108
-2492
-3004
-3388
-3516
-3644
-3644
-3644
-3772
-3900
-3900
-3516
-3260
-3004
-2748
-2364
-1980
-1500
-924
-460
16
588
1244
1980
2492
2876
3388
3644
4092
4604
5116
5628
5884
5884
5884
5884
5884
5884
5628
5116
4860
4604
4092
3772
3260
2492
1820
1180
620
104
-524
-1244
-1980
-2620
-3004
-3644
-4348
-4860
-5372
-5628
-6140
-6396
-6652
-6908
-6908
-7164
-7164
-6908
-6652
-6396
-6140
-5884
-5628
-5116
-4604
-3900
-3388
-2876
-2236
-1628
-1052
-428
180
812
1244
1692
2108
2748
3388
3772
3772
3900
4348
4860
5116
4860
4604
4604
4860
4860
4604
4348
4092
3900
3644
3260
2876
2492
2108
1692
1308
844
396
-132
-748
-1180
-1500
-1756
-1980
-2236
-2620
-3004
-3004
-3004
-3132
-3132
-3132
-3004
-2876
-2620
-2364
-1980
-1500
-1116
-684
-244
292
844
1372
1884
2364
2876
3260
3516
3900
4348
4860
5116
5116
4860
5116
5116
5116
4860
4348
4092
3772
3388
3004
2492
1884
1372
812
212
-428
-1052
-1628
-2364
-3004
-3516
-3900
-4348
-5116
-5628
-5884
-6140
-6396
-6908
-7164
-7164
-7164
-7164
-6908
-6908
-6652
-6396
-5884
-5372
-4860
-4348
-3900
-3260
-2748
-2236
-1628
-924
-308
164
684
1308
1980
2364
2620
3004
3388
3900
4348
4348
4348
4604
4860
4860
4860
4604
4348
4348
4348
4092
3900
3516
3132
2876
2492
2364
1980
1500
924
292
-40
-180
-356
-844
-1436
-1820
-1980
-1884
-1980
-2236
-2620
-2748
-2620
-2364
-2236
-2236
-2108
-1884
-1436
-988
-588
-164
260
652
1180
1692
2236
2492
2748
3132
3516
3900
4092
4348
4604
4604
4604
4604
4348
4092
4092
3772
3516
3132
2876
2364
1884
1436
1052
588
88
-492
-1052
-1692
-2236
-2620
-3132
-3516
-4092
-4604
-4860
-5116
-5372
-5628
-5628
-5884
-6140
-6140
-6140
-5884
-5884
-5628
-5628
-5116
-4860
-4348
-4092
-3644
-3260
-2748
-2236
-1756
-1244
-716
-120
396
716
1116
1564
2108
2492
2620
2748
3132
3388
3516
3644
3644
3772
3900
3900
3772
3516
3388
3388
3260
3004
2876
2620
2364
2108
1756
1500
1308
988
588
196
-32
-120
-340
-684
-1052
-1244
-1244
-1244
-1308
-1564
-1628
-1628
-1500
-1372
-1180
-1052
-876
-620
-428
-132
148
524
876
1116
1244
1436
1756
2108
2364
2492
2492
2492
2620
2748
2876
2748
2364
1980
1884
1980
1820
1436
924
492
372
340
104
-396
-924
-1308
-1436
-1628
-1980
-2364
-2876
-3132
-3260
-3260
-3516
-3900
-4092
-4092
-4092
-4092
-4092
-4092
-4092
-3900
-3516
-3388
-3260
-3132
-2876
-2364
-1980
-1692
-1564
-1308
-988
-556
-132
196
556
812
1052
1308
1564
1980
2236
2492
2492
2492
2620
2876
3004
2876
2748
2748
2876
2876
2876
2748
2620
2492
2492
2364
2108
1884
1820
1692
1564
1372
1180
988
684
460
340
180
64
-164
-324
-340
-356
-356
-356
-340
-340
-260
-120
-88
-96
0
120
340
428
428
524
748
924
924
876
844
876
988
988
876
588
340
324
372
356
244
-64
-492
-780
-812
-748
-876
-1244
-1692
-1980
-1884
-1820
-1980
-2236
-2492
-2620
-2620
-2620
-2748
-2876
-3132
-3004
-2876
-2748
-2748
-2876
-2748
-2492
-2236
-2108
-1980
-1884
-1692
-1500
-1244
-988
-780
-620
-372
-80
164
356
588
780
924
1116
1244
1500
1692
1820
1756
1692
1820
1980
2108
1980
1820
1692
1756
1884
1884
1692
1500
1308
1372
1500
1436
1244
1116
988
988
924
812
684
588
524
556
620
556
396
340
396
524
652
652
556
524
684
844
876
780
780
924
1052
1244
1244
1244
1308
1244
1180
1180
1244
1244
1180
988
748
556
492
372
228
32
-164
-428
-748
-924
-988
-1052
-1180
-1436
-1756
-1980
-1980
-1980
-1980
-2108
-2492
-2492
-2620
-2620
-2748
-2748
-2748
-2620
-2492
-2364
-2364
-2364
-2236
-2108
-1820
-1756
-1628
-1436
-1244
-1052
-924
-812
-620
-460
-308
-148
24
276
460
556
620
716
844
988
1116
1116
1052
1052
1052
1180
1180
1180
1052
988
924
1052
1116
1052
988
924
876
924
924
780
588
492
588
780
844
780
588
556
620
780
924
844
812
780
876
1052
1180
1308
1308
1308
1372
1500
1628
1692
1692
1628
1628
1692
1756
1820
1756
1628
1436
1308
1244
1116
924
748
556
492
260
-56
-460
-780
-924
-1052
-1116
-1372
-1756
-2108
-2364
-2364
-2364
-2492
-2620
-2876
-3004
-3004
-2876
-2876
-2876
-3132
-3132
-3004
-2748
-2620
-2620
-2492
-2364
-2108
-1980
-1820
-1564
-1308
-1052
-748
-492
-324
-260
-88
164
460
652
748
812
924
1052
1180
1308
1436
1436
1372
1436
1436
1500
1500
1436
1308
1244
1116
1052
988
844
716
652
652
620
428
308
292
340
340
180
24
-16
148
308
324
260
228
372
588
684
716
780
924
1180
1308
1308
1308
1436
1628
1756
1884
1980
2108
1980
1980
1980
2236
2492
2364
1980
1884
1980
2108
1884
1564
1180
924
844
748
460
120
-164
-396
-620
-924
-1244
-1500
-1756
-1980
-2236
-2492
-2876
-3004
-3132
-3260
-3388
-3516
-3516
-3516
-3644
-3644
-3516
-3388
-3388
-3260
-3132
-2876
-2620
-2492
-2364
-2236
-1980
-1628
-1436
-1116
-748
-524
-292
-148
72
396
716
988
1116
1116
1180
1308
1500
1692
1692
1628
1564
1564
1628
1692
1628
1500
1436
1372
1244
1180
988
844
748
716
652
588
460
356
308
276
196
32
0
32
-16
-56
-56
-16
40
104
180
228
324
492
620
652
748
924
1052
1180
1244
1372
1500
1692
1884
1980
2108
2236
2236
2236
2236
2236
2492
2492
2364
2108
1820
1756
1692
1628
1308
988
780
620
460
148
-180
-428
-652
-924
-1308
-1692
-1884
-1980
-2108
-2364
-2748
-2876
-3004
-3004
-3132
-3260
-3388
-3516
-3644
-3516
-3388
-3260
-3260
-3388
-3260
-3004
-2748
-2492
-2364
-2364
-2236
-1980
-1628
-1308
-1116
-876
-684
-372
-80
80
244
460
684
844
924
1052
1180
1372
1564
1692
1692
1564
1500
1692
1820
1820
1756
1628
1564
1628
1500
1372
1308
1244
1180
1180
1052
924
812
780
652
428
308
324
356
308
196
196
276
292
260
212
292
460
588
588
556
556
748
988
1116
1180
1180
1244
1436
1628
1628
1692
1756
1692
1628
1692
1756
1820
1756
1628
1436
1436
1500
1372
1116
812
652
588
492
276
-32
-324
-460
-620
-924
-1308
-1628
-1820
-1884
-1980
-2236
-2492
-2748
-2876
-3004
-3004
-3260
-3388
-3388
-3388
-3388
-3388
-3388
-3388
-3388
-3388
-3132
-2876
-2748
-2620
-2492
-2236
-1884
-1628
-1436
-1308
-1052
-684
-428
-196
48
308
524
748
924
1052
1180
1372
1500
1628
1756
1820
1884
1980
2108
2236
2108
2108
1980
1980
1980
1884
1756
1564
1500
1500
1436
1372
1244
1116
1052
924
716
684
716
716
556
396
324
356
396
428
396
324
396
492
556
588
652
716
844
844
844
924
1052
1244
1436
1500
1436
1372
1436
1436
1564
1564
1564
1500
1372
1308
1244
1180
1052
924
716
556
428
324
196
32
-164
-428
-620
-844
-1052
-1308
-1500
-1756
-1980
-2236
-2364
-2620
-2748
-2876
-3004
-3132
-3132
-3260
-3388
-3388
-3260
-3260
-3260
-3388
-3388
-3260
-3004
-2748
-2748
-2748
-2620
-2236
-1820
-1628
-1500
-1308
-1116
-812
-492
-196
40
244
396
556
780
1052
1308
1436
1564
1628
1692
1820
1980
2108
2108
2236
2236
2108
2108
2108
2108
2108
1980
1820
1628
1500
1436
1372
1244
1116
924
780
620
556
556
460
356
292
260
292
276
228
132
132
196
228
260
276
372
460
492
556
620
716
812
924
988
1116
1180
1244
1308
1308
1308
1372
1436
1436
1308
1180
1180
1116
1052
924
844
748
620
492
372
228
80
-32
-148
-340
-588
-812
-988
-1180
-1372
-1564
-1820
-1980
-2236
-2364
-2492
-2620
-2748
-2876
-2876
-3004
-3004
-3004
-3004
-3004
-2876
-2748
-2620
-2492
-2492
-2364
-2108
-1980
-1756
-1564
-1372
-1116
-844
-556
-292
-96
72
276
492
748
924
1052
1244
1372
1372
1500
1628
1756
1884
1820
1820
1820
1884
1884
1884
1756
1628
1564
1436
1372
1372
1244
1052
924
876
748
588
492
356
292
196
72
8
0
-8
-64
-104
-180
-180
-164
-112
-8
24
56
56
56
132
276
460
588
652
684
780
876
988
1052
1052
1052
1116
1180
1180
1180
1180
1180
1116
1052
924
844
844
844
748
556
292
120
56
0
-132
-372
-652
-876
-924
-1052
-1180
-1436
-1692
-1820
-1980
-2108
-2108
-2236
-2364
-2492
-2620
-2620
-2620
-2620
-2620
-2620
-2492
-2492
-2364
-2236
-2108
-1980
-1756
-1564
-1436
-1244
-1052
-748
-492
-292
-96
64
260
460
652
924
1116
1244
1308
1436
1500
1692
1820
1980
1884
1820
1820
1884
1884
1820
1692
1564
1436
1436
1372
1244
1116
988
924
812
716
556
372
308
276
212
96
-48
-104
-104
-80
-120
-180
-196
-212
-180
-164
-80
-32
-32
-8
72
164
276
428
492
556
652
780
924
1052
1116
1180
1244
1244
1244
1180
1180
1244
1308
1244
1052
924
988
988
924
716
524
396
292
244
104
-80
-292
-492
-652
-812
-1052
-1308
-1436
-1564
-1756
-1884
-2108
-2236
-2364
-2364
-2492
-2492
-2620
-2620
-2748
-2748
-2620
-2620
-2492
-2364
-2364
-2364
-2108
-1980
-1692
-1500
-1308
-1180
-988
-780
-556
-292
-112
40
196
324
492
684
876
1052
1180
1244
1308
1372
1436
1500
1628
1628
1628
1564
1500
1436
1436
1436
1436
1372
1180
1052
988
924
924
780
652
556
428
340
292
212
164
80
-32
-88
-120
-112
-80
-80
-104
-88
-48
40
120
212
292
428
556
652
684
716
844
924
988
1052
1116
1116
1180
1180
1244
1308
1372
1308
1244
1180
1180
1180
1116
924
780
684
588
524
428
228
-8
-196
-324
-492
-652
-812
-988
-1244
-1436
-1564
-1628
-1820
-1980
-2108
-2236
-2364
-2492
-2492
-2492
-2492
-2492
-2492
-2364
-2364
-2236
-2108
-1980
-1820
-1628
-1436
-1244
-1052
-876
-684
-492
-324
-212
-56
164
340
492
620
716
780
924
1116
1244
1244
1308
1308
1372
1436
1436
1436
1308
1244
1180
1180
1180
1116
988
780
684
652
652
588
460
292
196
120
56
-24
-88
-96
-104
-164
-196
-212
-180
-148
-96
-88
-96
-64
-8
80
164
260
372
396
428
492
652
924
1116
1116
1116
1052
1116
1244
1308
1308
1308
1244
1180
1116
1052
988
988
844
652
460
308
212
180
120
-72
-260
-460
-652
-780
-876
-988
-1180
-1372
-1628
-1756
-1884
-1980
-1980
-2108
-2236
-2364
-2236
-2236
-2236
-2364
-2236
-2108
-1980
-1820
-1692
-1628
-1500
-1244
-1052
-876
-748
-588
-428
-292
-120
104
292
460
524
652
844
988
1116
1180
1180
1308
1436
1436
1436
1372
1372
1372
1436
1372
1244
1180
1116
1052
988
924
780
652
556
492
428
396
340
212
64
0
-64
-164
-244
-276
-292
-324
-372
-396
-324
-244
-148
-56
-40
-24
0
64
228
396
524
588
652
716
844
1052
1116
1116
1116
1116
1180
1244
1308
1244
1180
1116
1052
988
924
780
716
620
492
292
132
0
-80
-164
-308
-492
-684
-780
-876
-924
-1052
-1308
-1564
-1756
-1884
-1884
-1884
-1980
-2236
-2236
-2364
-2236
-2108
-2108
-2108
-2108
-1980
-1820
-1692
-1564
-1500
-1308
-1116
-876
-748
-588
-396
-228
-88
48
196
396
524
620
716
812
924
988
1052
1116
1180
1244
1180
1116
1116
1180
1244
1244
1052
924
924
924
844
780
684
620
524
492
396
372
276
180
80
-32
-88
-96
-120
-164
-196
-228
-196
-164
-132
-88
-48
-32
24
120
164
260
396
492
556
620
716
812
988
1116
1180
1180
1116
1116
1180
1308
1372
1308
1180
1052
988
924
812
684
556
460
340
164
8
-112
-180
-228
-324
-492
-716
-876
-1052
-1116
-1180
-1308
-1500
-1756
-1980
-1884
-1884
-1884
-1884
-1980
-1980
-1980
-1820
-1692
-1628
-1692
-1628
-1628
-1436
-1308
-1116
-988
-844
-684
-556
-372
-180
8
164
244
356
492
620
748
876
924
988
1052
1052
1052
1052
1116
1116
1116
1052
1052
1052
1052
1052
988
924
812
716
652
588
524
396
308
212
132
132
72
-40
-164
-244
-276
-292
-292
-292
-292
-276
-244
-228
-180
-64
56
132
120
120
180
308
428
524
588
588
620
716
876
988
1052
1052
988
1052
1116
1180
1116
988
844
780
748
684
588
460
372
260
120
-8
-148
-228
-276
-340
-492
-652
-844
-988
-1052
-1052
-1116
-1244
-1436
-1628
-1692
-1692
-1692
-1692
-1756
-1756
-1820
-1756
-1692
-1628
-1564
-1500
-1500
-1436
-1308
-1180
-988
-876
-780
-684
-492
-340
-196
-56
56
132
196
292
428
556
684
716
716
748
748
844
844
812
780
748
780
780
780
748
748
748
748
652
588
524
524
492
428
372
308
276
244
212
212
196
180
148
148
120
112
180
212
276
308
396
492
556
588
588
652
748
876
924
988
988
988
988
1052
1180
1244
1180
1180
1116
1116
1180
1244
1180
1052
924
844
780
684
524
396
340
260
104
-72
-212
-276
-324
-428
-620
-780
-924
-1052
-1116
-1180
-1308
-1372
-1500
-1628
-1756
-1820
-1820
-1820
-1884
-1884
-1980
-1980
-1884
-1756
-1692
-1692
-1692
-1628
-1436
-1372
-1244
-1116
-1116
-988
-780
-588
-340
-228
-196
-164
-48
112
244
324
356
340
356
428
492
524
556
556
556
556
556
524
492
492
492
428
396
308
276
260
244
196
104
40
-16
-24
-8
-24
-64
-104
-132
-120
-56
-8
0
48
88
112
164
212
324
460
524
556
652
780
844
924
988
1116
1180
1244
1308
1372
1500
1500
1500
1500
1564
1628
1628
1564
1436
1372
1308
1308
1244
1116
1052
924
844
716
524
460
372
244
80
-104
-260
-324
-428
-556
-716
-812
-924
-1052
-1180
-1308
-1436
-1436
-1436
-1564
-1628
-1692
-1628
-1564
-1564
-1564
-1628
-1564
-1500
-1372
-1180
-1052
-988
-988
-924
-716
-460
-324
-260
-212
-196
-112
8
104
148
148
180
260
372
428
428
460
492
492
428
292
212
212
244
276
180
32
-104
-132
-120
-132
-228
-340
-396
-460
-460
-492
-524
-588
-620
-652
-588
-524
-524
-492
-460
-428
-396
-356
-276
-164
-40
56
164
292
396
524
652
812
924
988
988
1052
1244
1308
1372
1436
1372
1436
1500
1500
1500
1500
1436
1372
1308
1244
1180
1116
988
844
684
492
372
276
180
48
-120
-244
-356
-396
-524
-684
-748
-844
-988
-1116
-1244
-1308
-1372
-1372
-1436
-1500
-1500
-1436
-1436
-1436
-1372
-1308
-1244
-1116
-1052
-876
-748
-620
-492
-372
-308
-180
-72
56
180
244
292
372
492
556
556
556
620
716
716
684
620
556
556
556
460
356
324
324
340
340
260
164
80
72
8
-56
-180
-292
-324
-340
-372
-428
-428
-428
-428
-396
-372
-372
-396
-396
-396
-292
-180
-72
-16
32
88
180
308
428
524
556
620
684
780
844
924
988
988
1052
1052
1116
1116
1116
1052
988
924
876
812
780
716
684
588
460
356
260
180
112
48
-24
-132
-276
-356
-396
-460
-588
-748
-924
-988
-1052
-1052
-1116
-1244
-1308
-1308
-1308
-1308
-1308
-1308
-1308
-1308
-1244
-1180
-1116
-1052
-924
-812
-716
-620
-556
-428
-308
-148
-16
48
104
148
196
324
428
428
396
372
428
492
524
428
428
372
428
460
372
308
276
292
292
292
228
164
120
120
88
32
-8
-16
-8
-48
-72
-112
-120
-120
-120
-96
-56
-80
-72
-56
0
112
180
180
164
196
340
492
556
620
588
588
716
812
924
988
924
924
924
924
924
924
844
844
844
844
780
684
588
556
556
492
372
260
196
148
104
0
-120
-228
-340
-428
-460
-492
-588
-748
-924
-988
-988
-924
-924
-988
-1052
-1116
-1116
-1052
-1052
-1052
-1116
-1116
-1052
-924
-812
-780
-716
-620
-524
-396
-324
-244
-148
-64
8
96
148
180
212
244
372
428
428
428
428
524
524
492
396
324
276
292
292
212
104
48
56
104
148
132
64
-40
-120
-104
-96
-132
-212
-260
-292
-356
-356
-340
-340
-340
-340
-356
-372
-356
-292
-228
-148
-88
-64
-72
-48
56
196
292
324
324
356
428
556
652
684
684
684
716
780
812
812
780
780
780
748
684
652
620
588
524
428
324
228
212
196
132
48
-48
-132
-180
-196
-244
-324
-428
-524
-620
-652
-652
-652
-684
-780
-844
-844
-780
-748
-716
-748
-780
-780
-652
-556
-428
-428
-428
-372
-276
-196
-120
-16
72
180
260
308
340
356
356
372
396
396
428
396
396
460
492
460
428
324
276
308
356
340
244
148
104
148
180
148
48
-16
-40
-16
24
-16
-56
-88
-120
-180
-228
-276
-276
-244
-276
-292
-324
-292
-260
-212
-112
-48
-24
-24
0
64
132
212
228
180
148
180
292
340
324
292
292
372
396
428
428
428
460
428
396
308
244
228
180
132
56
0
-16
-48
-72
-120
-164
-244
-324
-356
-372
-396
-372
-396
-492
-588
-588
-556
-524
-556
-620
-652
-620
-524
-460
-492
-524
-588
-524
-428
-308
-260
-276
-244
-164
-64
48
120
148
148
212
308
340
356
428
428
396
428
428
396
356
372
396
460
428
340
260
276
324
372
324
180
96
112
196
276
228
120
40
40
96
80
24
-40
-132
-164
-244
-260
-212
-212
-228
-276
-324
-324
-308
-244
-180
-164
-164
-180
-196
-148
-80
-16
8
-8
-24
0
112
196
196
132
56
80
212
308
292
260
260
276
276
260
260
228
244
276
212
164
132
120
164
148
88
48
40
24
24
-8
-48
-72
-96
-148
-196
-212
-212
-212
-292
-372
-428
-356
-260
-260
-308
-396
-428
-356
-260
-164
-148
-196
-212
-212
-180
-104
-64
-40
-72
-88
-56
40
132
132
120
80
96
88
72
72
64
112
132
132
64
0
64
180
244
244
148
64
120
196
244
212
104
24
48
120
180
132
80
48
32
32
0
-8
-16
-32
-80
-104
-148
-180
-148
-104
-24
32
40
0
0
72
132
180
132
48
16
56
112
148
96
0
8
48
80
72
40
32
64
56
0
-16
-24
-8
-16
-80
-104
-80
-64
-48
-40
-64
-56
-24
-16
-48
-72
-72
-72
-40
-24
-56
-40
-24
-40
-80
-132
-132
-148
-132
-120
-164
-196
-196
-164
-120
-132
-132
-132
-148
-120
-72
-16
-8
-40
-88
-40
8
40
64
16
-40
-48
-16
0
0
-24
-16
0
32
48
32
40
96
164
196
164
104
88
104
132
148
112
64
24
48
120
148
112
56
-8
-8
48
96
96
64
48
24
32
80
64
40
40
32
16
32
0
-24
24
64
48
16
0
-8
-40
16
56
40
24
0
8
24
40
32
8
24
8
0
0
-8
0
-8
-24
0
24
64
80
80
96
80
48
40
48
48
40
32
48
56
24
32
56
72
56
0
-40
-32
-32
-48
-72
-88
-104
-120
-104
-148
-212
-244
-244
-212
-212
-228
-276
-244
-196
-180
-148
-132
-132
-120
-148
-148
-112
-132
-132
-112
-132
-112
-64
-64
-56
0
48
80
120
132
96
132
212
244
228
228
180
132
132
180
212
196
132
80
104
148
132
120
80
40
16
8
16
0
-40
-40
-48
-64
-88
-132
-180
-180
-132
-104
-148
-196
-228
-212
-132
-88
-112
-164
-212
-164
-72
-56
-96
-112
-80
-8
56
72
72
88
112
164
244
276
292
276
276
308
308
276
308
340
324
308
356
356
324
276
212
180
196
180
164
80
24
-16
-56
-96
-120
-120
-96
-132
-196
-276
-292
-276
-276
-276
-324
-356
-396
-340
-324
-324
-292
-244
-228
-228
-212
-212
-180
-164
-148
-132
-132
-80
-56
-56
-24
-16
8
64
96
104
120
164
244
276
260
244
244
260
260
292
260
196
148
132
132
148
96
48
0
-8
-40
-64
-48
-88
-104
-132
-132
-132
-164
-180
-196
-148
-120
-164
-212
-244
-228
-164
-164
-212
-228
-212
-132
-48
0
8
24
64
132
196
228
228
212
196
196
228
308
356
372
372
372
396
428
460
492
460
428
396
372
372
340
292
244
148
96
40
0
-24
-80
-120
-180
-244
-276
-308
-324
-340
-356
-396
-428
-428
-428
-460
-524
-524
-524
-492
-492
-492
-428
-396
-372
-356
-340
-276
-212
-212
-196
-196
-164
-88
-40
-56
-96
-72
8
112
180
180
180
212
276
308
308
308
324
356
396
356
324
292
244
228
212
212
196
164
132
80
48
16
24
8
-8
8
0
-72
-132
-132
-120
-148
-196
-292
-324
-276
-212
-196
-228
-244
-196
-132
-80
-32
-8
16
32
64
40
96
148
196
244
228
228
260
260
292
324
324
340
356
372
396
396
428
428
428
428
396
372
372
340
308
228
148
112
40
16
-16
-48
-112
-180
-228
-292
-292
-308
-292
-308
-356
-428
-460
-396
-396
-396
-396
-396
-372
-372
-356
-308
-260
-212
-212
-212
-212
-148
-64
-32
-40
-72
-56
-24
16
80
112
96
72
104
148
180
180
148
132
120
132
132
96
80
64
16
8
-24
-72
-80
-112
-132
-120
-148
-164
-212
-212
-196
-276
-308
-324
-308
-260
-244
-212
-260
-292
-276
-260
-212
-212
-228
-212
-180
-120
-80
-40
8
64
148
212
276
340
372
396
428
428
428
428
460
524
556
556
524
556
556
524
556
524
492
460
428
396
324
276
244
196
196
196
164
64
0
-40
-88
-112
-148
-244
-340
-372
-428
-460
-492
-492
-460
-428
-460
-492
-524
-524
-460
-428
-428
-396
-372
-324
-276
-244
-228
-164
-132
-104
-32
-8
24
88
120
180
180
164
196
260
324
372
356
292
260
276
308
340
324
260
180
148
148
104
40
56
56
48
16
-16
-40
-40
-48
-96
-120
-148
-196
-196
-148
-132
-180
-228
-276
-292
-244
-228
-260
-276
-292
-276
-212
-180
-164
-148
-112
-56
0
24
48
112
132
180
196
196
228
260
292
324
356
356
324
340
324
292
276
260
260
260
276
244
164
112
80
88
96
48
-8
-104
-148
-148
-180
-212
-228
-228
-228
-244
-260
-276
-276
-260
-228
-196
-228
-260
-276
-244
-212
-180
-148
-164
-148
-120
-132
-96
-56
-8
32
40
56
72
112
164
180
180
148
132
180
228
228
180
132
104
164
212
212
164
132
132
104
72
72
24
-56
-96
-132
-180
-148
-148
-180
-180
-212
-244
-244
-228
-244
-228
-228
-244
-228
-212
-164
-88
-72
-104
-148
-180
-180
-132
-88
-80
-96
-88
-40
16
48
112
164
196
244
260
260
276
308
356
396
396
396
396
396
428
460
396
372
372
356
340
292
228
164
148
132
132
148
96
24
-48
-88
-88
-80
-132
-164
-148
-180
-212
-260
-292
-324
-308
-276
-292
-340
-324
-276
-212
-164
-196
-228
-244
-196
-164
-132
-120
-132
-148
-112
-64
-32
-8
0
-8
-16
-16
0
24
64
64
8
0
40
80
132
132
112
72
32
32
32
48
32
16
16
-8
-8
-32
-40
-72
-88
-104
-104
-104
-104
-120
-132
-132
-164
-180
-196
-148
-104
-112
-148
-180
-164
-132
-64
-24
-24
-8
24
72
112
132
132
132
132
164
196
244
276
292
292
308
308
308
276
308
324
308
244
196
180
180
180
148
132
120
112
112
120
96
64
0
-56
-96
-96
-56
-64
-72
-120
-148
-148
-180
-196
-196
-164
-148
-180
-228
-228
-212
-164
-148
-164
-196
-196
-148
-64
-32
-32
-32
-24
-8
16
80
112
104
72
32
32
64
96
132
132
96
80
48
48
40
64
64
40
0
-8
-8
0
0
-16
-40
-64
-40
-40
-40
-40
-72
-88
-112
-148
-112
-80
-88
-80
-88
-120
-132
-104
-96
-104
-148
-196
-196
-164
-104
-72
-48
-32
-24
-8
24
80
96
120
120
132
196
212
228
244
244
260
244
212
212
244
228
180
196
180
148
148
164
132
112
104
80
48
40
24
0
-32
-72
-88
-72
-80
-132
-164
-196
-212
-228
-228
-244
-244
-196
-164
-196
-228
-244
-212
-180
-196
-260
-260
-244
-212
-148
-104
-96
-96
-112
-112
-48
-8
-8
8
24
16
16
40
64
96
96
96
88
80
88
104
132
132
96
48
16
8
64
120
132
132
96
64
48
56
72
88
64
40
32
64
88
112
80
56
32
32
80
80
56
40
24
0
0
0
0
-8
0
32
40
48
56
48
40
56
48
48
64
72
104
132
148
132
120
148
180
180
180
132
120
72
64
56
40
40
40
40
16
0
0
0
-8
-16
-48
-80
-120
-164
-164
-148
-148
-148
-164
-180
-164
-132
-132
-180
-196
-180
-148
-132
-132
-132
-164
-164
-148
-132
-132
-96
-96
-88
-96
-112
-96
-88
-96
-88
-64
-56
-48
-32
0
0
16
0
-16
0
0
32
72
96
72
72
96
72
96
120
120
96
80
96
132
132
104
56
8
16
32
32
24
0
-16
-24
0
0
32
32
0
-8
-40
-40
-40
-16
-16
-24
-16
-8
8
16
16
0
-16
8
24
40
64
48
24
32
56
72
88
88
96
104
132
120
104
120
104
96
112
104
88
72
80
80
40
8
0
0
8
8
-24
-72
-56
-16
-8
-24
-40
-48
-48
-32
-56
-104
-112
-88
-48
-56
-80
-132
-180
-164
-132
-148
-148
-148
-164
-148
-120
-96
-96
-80
-96
-96
-80
-64
-56
-40
-24
-40
-72
-88
-80
-56
-24
-8
-8
-40
-40
0
48
112
112
88
80
40
72
120
148
104
56
32
24
56
88
96
64
32
16
32
40
48
16
-32
-64
-64
-56
-40
-40
-32
-16
-24
-24
-8
8
32
40
32
16
24
32
32
48
48
56
48
64
80
104
148
148
120
80
80
88
104
132
148
132
88
72
80
104
112
72
40
16
24
0
16
72
96
104
96
56
0
-24
-32
-8
-16
-40
-80
-112
-104
-132
-148
-148
-164
-196
-164
-164
-132
-132
-148
-148
-132
-104
-132
-120
-112
-96
-104
-88
-48
-24
0
0
0
0
-8
24
72
72
80
88
112
120
132
148
148
120
80
56
64
72
96
104
80
64
72
104
148
148
112
64
48
32
32
32
-8
-40
-72
-96
-120
-148
-132
-112
-104
-88
-96
-112
-120
-104
-96
-120
-148
-132
-132
-120
-104
-104
-120
-112
-88
-80
-64
-32
-16
-32
-40
-32
8
24
40
24
0
-16
-24
-8
-16
-24
-24
-24
-32
0
16
8
0
32
64
56
40
48
48
32
40
64
72
48
24
32
40
16
-16
-48
-40
-16
0
0
-32
-40
-24
-16
-16
-40
-56
-56
-32
-24
-32
-32
0
40
40
40
32
24
72
104
104
120
112
88
96
132
148
112
88
88
64
96
112
112
88
64
72
112
148
164
148
120
64
72
88
80
96
88
56
16
8
16
0
-16
-16
-8
-32
-48
-56
-56
-40
-32
-24
-40
-64
-64
-56
-16
-8
0
-24
-48
-48
-24
8
32
8
-16
