SAMPLES:	8943
BITSPERSAMPLE:	16
CHANNELS:	1
SAMPLERATE:	16000
NORMALIZED:	FALSE
0
0
8
0
0
0
-8
-8
-8
-8
-8
0
0
-8
-8
-8
-16
-8
0
0
0
0
0
-16
-16
-24
-24
-16
-16
-8
0
0
0
-8
-16
-16
-24
-24
-16
0
-8
-8
-16
-16
-16
-16
-8
0
8
0
0
-24
-24
-24
-16
-8
-8
0
0
0
-16
-16
-8
-16
-32
-8
0
0
0
0
0
0
0
-8
0
16
0
8
8
0
0
0
0
8
24
16
16
24
16
8
16
16
16
16
16
24
32
32
32
40
40
32
32
32
24
24
24
16
16
24
24
24
32
24
16
8
8
16
8
0
0
8
0
0
0
0
0
-8
0
-8
0
0
0
0
0
-16
-16
-24
-16
-16
-16
-24
-16
-16
-32
-24
-32
-24
-32
-24
-32
-32
-24
-32
-32
-32
-16
-24
-24
-8
-8
-8
-16
-24
-16
-16
-16
-8
-8
-16
-8
0
0
0
-8
-8
-8
0
0
8
0
16
16
8
16
8
0
0
0
0
16
16
8
8
16
0
0
8
16
8
0
0
0
0
-8
0
16
24
16
24
16
0
0
-8
-8
8
0
0
0
8
8
8
8
8
8
0
0
8
16
24
24
0
0
-8
-16
0
0
8
8
8
8
0
0
0
8
16
16
8
16
16
0
0
0
0
8
0
-8
0
0
-16
0
0
0
-8
-8
-8
0
-8
0
-8
-8
-8
-8
0
0
0
-8
0
0
0
-16
-16
0
-8
0
0
0
-8
-8
-8
0
8
8
0
8
0
0
0
0
8
8
8
0
0
0
-8
0
0
0
-8
-8
0
-8
-8
-8
0
0
-8
0
-16
-8
-8
0
0
0
0
-8
0
-8
0
-8
-8
-8
-8
0
0
8
0
8
8
0
0
0
0
-8
-8
0
0
8
16
16
16
0
0
0
0
8
0
0
0
0
0
0
8
0
0
8
8
16
8
0
8
8
16
16
16
8
0
0
0
0
0
8
0
0
0
0
0
0
0
0
0
0
-8
-8
-8
-16
-8
0
0
0
0
0
-8
0
0
-8
-8
-8
0
0
-8
-8
-8
0
-8
-8
-8
0
0
0
0
0
0
0
8
16
24
24
24
16
8
0
0
0
8
16
16
8
8
8
8
0
0
8
0
0
0
-8
-8
-8
-8
0
0
0
0
0
0
0
0
0
0
-8
-8
0
0
-8
-8
-16
-24
-16
-16
-16
-16
-16
-24
-24
-24
-24
-24
-16
-8
-8
-16
-16
-16
-24
-16
-8
-8
-8
0
0
0
0
0
0
0
0
-8
-8
-8
-16
-8
0
0
0
8
8
0
8
16
24
24
24
8
8
16
8
8
8
16
8
0
0
8
8
8
8
16
8
0
8
0
8
0
0
0
0
0
0
0
0
0
0
8
16
8
8
0
0
0
0
0
0
0
0
0
0
0
0
-8
0
0
8
8
8
8
0
0
8
8
8
8
16
24
16
16
16
16
16
8
8
0
8
8
16
16
16
16
8
8
0
0
0
-8
-8
-8
-8
-8
-8
0
-8
-16
-8
-8
0
0
-8
-16
-16
-24
-24
-16
-8
-16
-16
-16
-16
-8
-16
-16
-16
-16
-16
-8
-8
-8
-8
-16
-8
-16
-16
-16
0
0
0
0
0
0
0
0
0
0
0
0
-8
0
0
0
0
0
0
0
0
8
8
8
0
8
8
0
0
0
0
8
8
16
24
16
16
8
16
8
8
8
8
8
8
8
8
8
8
0
8
16
8
8
8
0
0
0
-8
0
0
0
0
0
0
0
0
0
-8
0
0
0
8
0
-8
-16
-24
-24
-24
-24
-16
-24
-24
-24
-16
-16
-16
-8
-8
0
-8
0
-8
-8
0
-8
0
0
0
0
0
0
0
0
0
0
0
8
8
8
8
0
0
0
8
8
8
8
8
8
8
8
8
8
8
16
16
24
24
16
8
0
0
0
0
8
16
24
24
24
16
16
16
16
16
8
0
0
0
0
0
0
0
0
0
0
0
0
0
0
0
0
-8
-16
-16
-16
-8
-8
-8
0
0
-8
-16
-8
-8
-8
-16
-8
-8
-8
-8
-8
0
-8
-16
-16
-24
-24
-24
-24
-16
-8
-8
-8
-8
0
-8
-8
-8
-8
-8
0
0
0
0
0
0
0
0
0
0
0
0
0
0
0
0
0
0
0
0
0
0
-8
-8
-16
-24
-24
-24
-24
-32
-32
-24
-16
-8
0
0
0
0
-8
-16
-8
0
0
0
8
8
16
16
16
24
24
24
32
40
40
32
32
24
32
32
40
56
56
56
56
56
64
72
64
80
80
80
72
64
56
48
40
32
32
24
24
8
8
8
8
16
8
16
16
8
8
0
-8
-16
-32
-24
-32
-40
-40
-40
-48
-56
-56
-56
-48
-56
-56
-56
-56
-72
-80
-80
-80
-80
-72
-72
-64
-56
-56
-48
-40
-32
-40
-40
-32
-24
-32
-32
-32
-32
-32
-40
-32
-16
-8
0
0
8
8
8
0
8
16
24
24
32
40
40
40
48
64
72
80
96
96
96
96
96
88
80
72
56
56
56
48
48
32
24
16
0
8
0
0
-8
-32
-48
-56
-64
-64
-64
-64
-64
-80
-72
-80
-80
-88
-88
-88
-96
-96
-88
-80
-64
-56
-56
-56
-64
-80
-80
-72
-72
-80
-64
-64
-48
-24
-16
0
0
0
0
0
0
0
-8
-16
-24
-16
-8
0
8
8
24
40
56
72
88
104
112
120
132
120
120
120
132
132
148
148
164
180
196
196
212
212
228
228
212
212
196
180
196
196
196
196
212
228
228
244
244
228
212
180
148
96
48
0
-56
-120
-180
-228
-260
-308
-308
-324
-340
-324
-340
-356
-372
-396
-428
-460
-524
-556
-588
-588
-588
-556
-524
-492
-460
-396
-340
-260
-196
-148
-120
-88
-80
-80
-80
-72
-96
-104
-96
-80
-56
-24
0
48
88
132
164
180
180
196
196
196
196
196
196
164
164
164
180
180
196
228
260
276
292
292
292
292
276
292
308
324
356
428
492
556
652
844
988
1116
1180
1244
1372
1372
1308
1180
1052
812
524
180
-72
-292
-588
-876
-1052
-1116
-1244
-1372
-1372
-1308
-1308
-1372
-1372
-1372
-1436
-1500
-1564
-1628
-1628
-1692
-1628
-1500
-1244
-1052
-812
-460
-112
164
428
652
844
876
812
780
716
588
396
228
148
40
0
40
180
356
460
556
684
748
748
684
556
428
196
-64
-228
-356
-428
-460
-396
-260
-132
0
132
292
396
492
524
524
460
324
148
24
-112
-324
-492
-588
-620
-620
-620
-492
-396
-340
-276
-164
8
212
428
684
988
1308
1628
2108
2492
3004
3260
3516
3772
3772
3644
3388
3004
2620
1980
1308
620
16
-588
-1180
-1692
-2108
-2364
-2748
-2876
-3004
-3132
-3260
-3644
-3772
-4092
-4092
-4348
-4348
-4348
-4348
-4092
-3772
-3260
-2748
-2108
-1500
-748
0
684
1244
1628
1884
2236
2364
2236
1884
1628
1180
652
244
0
-180
-556
-748
-780
-556
-524
-428
-228
-8
112
-80
-148
-196
-396
-844
-1116
-1180
-1308
-1500
-1500
-1244
-924
-716
-396
132
620
924
1116
1308
1436
1372
1116
924
652
260
-80
-372
-396
-372
-396
-340
-88
196
428
716
988
1308
1308
1372
1436
1500
1564
1692
1980
2364
2876
3516
4348
5116
5628
5884
6140
6396
6396
5884
5372
4860
3772
2620
1500
684
-196
-1116
-1884
-2364
-2748
-3132
-3388
-3516
-3516
-3772
-4092
-4348
-4860
-5116
-5628
-5884
-6140
-6140
-6140
-5628
-5116
-4604
-3772
-2876
-1756
-780
180
988
1564
1884
1980
1980
1884
1628
1564
1372
1180
1116
988
1052
988
1052
876
1116
1052
780
588
244
-56
-780
-1180
-1692
-1980
-2492
-2748
-2620
-2492
-2108
-2108
-1692
-1308
-844
-556
-244
196
428
492
428
428
292
80
-104
-196
-164
-180
-80
40
56
48
80
132
228
244
308
396
556
684
844
1052
1244
1436
1500
1628
1820
1980
1980
2108
2364
2620
3004
3516
4348
5116
5372
5884
6140
6396
6396
6140
5628
5372
4604
3388
2364
1372
460
-652
-1756
-2492
-3132
-3644
-4092
-4348
-4604
-4860
-5116
-5372
-5372
-5372
-5628
-5884
-5884
-6140
-6140
-5884
-5372
-4860
-4092
-3388
-2364
-1308
-356
492
1244
1820
2236
2492
2620
2620
2364
1884
1980
1884
1564
1308
1180
1244
748
620
524
588
212
-460
-684
-1116
-1372
-2108
-2364
-2492
-2492
-2620
-2620
-1980
-1436
-1116
-780
0
652
924
1180
1564
1884
1628
1308
1308
1244
876
428
340
428
372
324
460
524
460
228
228
212
132
-8
-132
-112
8
32
164
460
588
780
1052
1436
1756
1884
1980
2108
2492
2748
3260
4092
4860
5116
5628
5628
6140
6396
6140
5628
5372
4860
3900
2748
1692
812
-324
-1564
-2492
-3260
-3900
-4604
-4860
-5116
-5372
-5628
-5628
-5628
-5628
-5884
-5884
-5884
-6140
-6140
-6140
-5628
-5116
-4604
-3900
-3004
-1980
-1052
-96
780
1500
1980
2236
2364
2364
2108
1692
1244
844
492
396
428
620
556
748
924
1180
1116
844
844
492
196
-396
-652
-988
-1436
-1756
-1980
-1628
-1308
-924
-460
292
988
1436
1884
2236
2620
2492
2236
1980
1564
988
372
-24
-356
-652
-876
-780
-652
-524
-396
-260
-80
64
32
-96
-148
-104
-276
-292
-96
48
180
396
876
1308
1564
1756
2108
2236
2364
2620
2876
3132
3644
4348
4860
5116
5372
5628
5884
5884
5628
5372
5116
4604
3644
2620
1564
684
-428
-1692
-2748
-3516
-4092
-4604
-4860
-4860
-4860
-5116
-5116
-5116
-5116
-5116
-5116
-5372
-5628
-5884
-5628
-5372
-5116
-4604
-4092
-3260
-2364
-1372
-524
212
844
1244
1500
1692
1692
1372
844
428
164
-16
-64
88
148
460
620
924
988
1116
1052
684
428
-40
-396
-1052
-1500
-1820
-2108
-2108
-1980
-1564
-1244
-556
56
844
1500
1980
2364
2364
2364
2108
1756
1180
652
-48
-748
-1180
-1436
-1500
-1436
-1244
-876
-396
-56
276
492
588
524
396
324
260
180
148
260
524
924
1436
1820
2236
2620
3132
3516
3772
4092
4092
4092
4092
4092
4604
5116
5372
5372
5372
5628
5884
5372
5372
4860
4604
3516
2492
1500
556
-492
-1884
-3004
-3772
-4348
-4860
-5116
-5116
-5116
-5372
-5372
-5116
-5116
-5116
-5116
-5372
-5628
-5884
-5884
-5628
-5372
-5116
-4604
-4092
-3260
-2364
-1436
-620
148
620
924
1180
1244
1244
988
812
588
372
244
180
396
588
924
1116
1436
1564
1692
1628
1436
1244
812
460
48
-276
-684
-1052
-1180
-1116
-876
-588
-88
396
876
1180
1500
1692
1692
1372
924
460
-132
-780
-1372
-1884
-2236
-2364
-2364
-2108
-1692
-1180
-652
-132
260
588
716
748
812
812
748
716
780
924
1244
1564
1980
2364
2748
3132
3388
3644
3900
3900
3772
3772
3516
3644
3772
4348
4604
4604
4604
4860
5116
5116
4860
4604
4604
3772
2620
1692
924
0
-1244
-2364
-3004
-3644
-4092
-4604
-4604
-4604
-4860
-4860
-4860
-4860
-4860
-5116
-5372
-5628
-6140
-6140
-6140
-5884
-5628
-5372
-4604
-3772
-2876
-1980
-1052
-196
460
924
1436
1884
1980
1980
1756
1564
1372
1308
1244
1244
1372
1500
1564
1820
2108
2108
1980
1980
1884
1692
1180
748
356
-40
-556
-924
-988
-1116
-1180
-1180
-876
-428
-64
88
260
492
428
196
-56
-260
-684
-1308
-1756
-1980
-1980
-2236
-2236
-1884
-1500
-1116
-620
-64
356
588
812
988
1052
1116
1180
1244
1372
1564
1820
2108
2492
2876
3260
3516
3772
3900
3900
3900
3772
3516
3260
3260
3260
3772
4092
4092
4348
4348
4860
4860
4604
4348
4092
3644
2620
1628
684
-72
-1116
-2236
-3132
-3772
-4348
-4860
-5372
-5372
-5372
-5372
-5628
-5628
-5628
-5628
-5884
-5884
-6140
-6396
-6396
-5884
-5628
-5372
-4860
-4092
-3132
-2236
-1244
-324
492
1116
1564
1980
2236
2364
2108
1884
1820
1756
1692
1628
1628
1692
1628
1692
1884
2108
1980
1820
1756
1564
1308
924
588
276
-72
-460
-588
-556
-652
-684
-492
-164
104
308
524
716
812
620
492
396
164
-212
-588
-748
-844
-988
-1052
-876
-716
-588
-340
-56
260
460
588
716
924
1116
1244
1436
1628
1980
2236
2492
3004
3260
3516
3516
3644
3644
3516
3388
3132
2876
2620
2236
2108
2236
2876
3260
3516
3644
4092
4348
4348
4092
3772
3644
3004
1884
812
-88
-924
-2108
-3260
-3900
-4348
-4860
-5116
-5372
-5116
-5116
-5116
-5372
-5116
-5116
-5372
-5372
-5628
-5884
-6140
-6140
-5628
-5372
-5116
-4604
-3644
-2620
-1756
-844
24
780
1308
1628
1980
2236
1980
1564
1244
1116
988
924
1052
988
988
1116
1500
1820
1980
2108
2108
2108
1692
1308
924
460
-212
-988
-1436
-1692
-1756
-1980
-1820
-1500
-1180
-924
-556
-32
324
492
428
428
356
24
-356
-684
-876
-1052
-1052
-876
-652
-324
40
556
1180
1628
1980
2364
2620
2748
2876
2876
2876
2748
2620
2748
2876
3004
3132
3260
3516
3644
3644
3644
3516
3260
2748
2364
2108
1820
1500
1628
2236
2876
3132
3260
3772
4348
4348
4092
3900
4092
3388
2236
988
132
-652
-1980
-3132
-3772
-4092
-4604
-4860
-4860
-4860
-4604
-4604
-4604
-4604
-4604
-4860
-5116
-5372
-5884
-6140
-5884
-5628
-5372
-5116
-4604
-3516
-2492
-1500
-556
372
1052
1436
1820
2108
2108
1820
1308
988
844
556
428
492
684
684
844
1180
1436
1372
924
748
428
104
-492
-1116
-1628
-2236
-2620
-3004
-2876
-2748
-2620
-2236
-1756
-1116
-684
-260
56
396
428
428
556
492
228
-132
-196
-132
-80
56
372
812
1180
1500
1980
2364
2492
2364
2492
2492
2364
2236
2236
2364
2364
2364
2620
2876
3132
3132
3132
3388
3388
3260
2876
2492
2108
1628
1244
1116
988
876
988
1884
2748
3388
3772
4092
4860
5116
4860
4348
4348
3900
2492
1116
120
-460
-1564
-2876
-3644
-3772
-4092
-4348
-4348
-4092
-3900
-4092
-4348
-4348
-4348
-4604
-4860
-5116
-5372
-5628
-5628
-5372
-4860
-4604
-4092
-2876
-1756
-780
16
812
1436
1756
1980
2108
1980
1436
748
308
164
96
-104
196
460
588
716
1052
1372
1244
924
340
72
-556
-1372
-2108
-2748
-3260
-3772
-3772
-3644
-3004
-2620
-2108
-1116
-244
428
812
1372
1564
1628
1436
1180
1116
716
276
8
104
196
308
588
988
1500
1756
2108
2364
2364
2108
1820
1692
1500
1244
812
684
748
748
924
1436
1884
2236
2492
2876
3004
3132
2876
2492
2108
1628
1052
716
588
428
324
812
2108
3260
3900
4348
5116
5628
5628
5116
4604
4604
3516
1820
196
-716
-1372
-2492
-3516
-4092
-3900
-3900
-3900
-3516
-3260
-3132
-3388
-3388
-3516
-3900
-4604
-5116
-5372
-5884
-6140
-5884
-5372
-4860
-4604
-3772
-2492
-1308
-260
524
1180
1628
1692
1628
1372
876
180
-372
-716
-620
-556
-428
-104
340
844
1052
1436
1500
1308
780
148
-372
-988
-1628
-2364
-2748
-3004
-2748
-2364
-1820
-988
-356
524
1308
2108
2492
2620
2620
2364
2236
1628
1180
748
292
-32
-56
228
556
924
1372
1756
2108
2236
2364
2364
1980
1500
1116
812
492
260
180
308
652
988
1436
2108
2748
3004
3132
3388
3388
3260
2748
2236
1820
1308
748
524
460
428
524
1116
2620
3772
4348
4348
4860
5116
4860
4092
3260
2748
1692
40
-1436
-2108
-2620
-3388
-3900
-4092
-3772
-3644
-3516
-3260
-3132
-3388
-3772
-4092
-4348
-4860
-5628
-6140
-6396
-6652
-6652
-6140
-5372
-4604
-3900
-3004
-1884
-876
-132
372
748
812
620
428
228
-88
-620
-844
-844
-556
-212
88
716
1116
1500
1500
1628
1500
924
212
-556
-988
-1628
-1980
-2236
-1980
-1756
-1308
-492
244
1116
1564
2108
2492
2620
2620
2236
2108
1628
1244
780
588
588
556
684
924
1372
1756
1980
2108
2236
2236
2108
1756
1436
988
428
96
48
132
260
524
924
1436
1980
2620
3260
3644
3772
3644
3516
3388
3004
2364
1884
1436
1116
780
748
876
1052
1244
1628
2620
3900
4860
4860
4604
4860
4604
4092
3132
2364
1820
988
-196
-1116
-1500
-1628
-2108
-2364
-2492
-2492
-2748
-3004
-3260
-3644
-4092
-4860
-5372
-5884
-6140
-6652
-6908
-6652
-6652
-6140
-5628
-4860
-4092
-3388
-2748
-1980
-1244
-876
-748
-620
-556
-652
-844
-876
-876
-924
-924
-652
-308
-104
132
396
652
556
212
-164
-428
-748
-1244
-1628
-1756
-1756
-1756
-1500
-988
-460
-8
396
924
1372
1628
1692
1756
1884
1820
1628
1500
1564
1692
1628
1692
1884
2236
2236
2364
2492
2620
2620
2364
2108
1980
1692
1308
988
812
684
588
652
924
1244
1564
1884
2364
2620
2876
3004
3132
3132
3004
2876
2620
2364
2108
1884
1692
1628
1628
1756
1884
1980
2364
3004
4092
4604
4604
4348
4348
4092
3516
2492
1628
1244
396
-780
-1628
-1980
-2108
-2620
-3004
-3132
-3132
-3260
-3644
-3772
-3900
-4348
-5116
-5628
-5884
-6140
-6396
-6396
-6140
-5884
-5372
-4604
-3644
-2748
-2236
-1820
-1180
-524
-292
-340
-492
-748
-988
-1180
-924
-748
-652
-620
-212
428
556
652
620
780
524
24
-356
-652
-924
-1564
-1692
-1564
-1180
-1052
-812
-180
372
748
716
1052
1372
1436
1308
1116
1244
988
780
652
924
1116
1052
1244
1500
1756
1628
1500
1500
1436
1244
844
684
524
340
24
-120
32
164
196
372
924
1372
1628
1980
2364
2620
2748
2748
2876
3004
2876
2620
2492
2620
2492
2236
2108
1980
1980
1980
2108
2236
2364
2748
3644
4348
4348
4092
3900
3900
3644
2876
2108
1692
1180
72
-716
-1052
-1052
-1436
-2236
-2620
-2748
-3004
-3644
-3900
-4348
-4860
-5372
-6140
-6140
-6140
-6140
-6140
-5628
-5116
-4604
-4092
-3260
-2492
-2108
-1884
-1500
-1052
-876
-924
-1052
-1180
-1052
-876
-684
-340
-112
16
212
748
924
924
812
556
260
-292
-652
-988
-1180
-1564
-1692
-1372
-1116
-780
-524
-72
460
876
988
1244
1436
1372
1308
1244
1372
1436
1372
1308
1500
1820
1980
1980
2108
2236
1980
1692
1564
1436
1244
844
524
340
180
8
-120
-48
88
292
588
1052
1500
1820
2108
2364
2748
3004
3132
3004
3004
2748
2492
2236
1980
1756
1500
1436
1372
1500
1628
1628
1756
1820
2108
2876
3772
3900
3388
3004
2620
2364
1820
1052
556
164
-652
-1500
-1820
-1820
-1884
-2364
-3004
-3260
-3516
-4092
-4604
-4860
-5116
-5628
-5884
-6140
-5884
-5372
-5116
-4604
-4092
-3644
-3004
-2364
-1980
-1756
-1692
-1692
-1500
-1180
-924
-844
-812
-460
-32
340
556
876
1180
1180
1052
924
876
556
80
-372
-588
-684
-844
-988
-1116
-924
-716
-588
-324
-40
148
212
396
620
876
924
924
1052
1244
1436
1564
1692
1820
1980
1980
1980
1980
1980
1756
1372
1116
988
812
524
196
32
-32
-32
64
212
396
588
716
1052
1564
1980
2236
2492
2620
2748
2876
2876
3004
3004
2876
2748
2748
2876
2748
2748
2748
2620
2748
2748
2876
2620
2364
2492
3004
3644
3516
3004
2364
1980
1756
1180
588
120
-196
-716
-1372
-1820
-1884
-1884
-2364
-3260
-3772
-4092
-4348
-4860
-5628
-5884
-5884
-5884
-5884
-5628
-5116
-4604
-4092
-4092
-3516
-3004
-2620
-2492
-2748
-2748
-2620
-2236
-1980
-1692
-1244
-924
-588
-164
244
620
684
524
292
164
96
-148
-556
-988
-1244
-1308
-1436
-1372
-1308
-1052
-876
-716
-524
-340
-24
0
120
196
396
588
588
588
620
924
1180
1436
1500
1628
1820
1884
1980
2108
2108
1884
1564
1244
1052
924
748
556
372
372
588
780
988
1180
1372
1692
2108
2492
2876
3132
3260
3260
3388
3516
3516
3516
3388
3260
3132
3132
3132
3004
3004
2876
2876
3004
3132
3132
2876
2620
2620
2876
3260
3260
2748
1980
1564
1500
1244
684
56
-276
-428
-748
-1308
-1756
-1980
-2364
-2876
-3644
-4092
-4348
-4348
-4604
-5116
-5372
-5372
-5116
-4604
-4348
-4348
-4092
-3900
-3516
-3260
-3260
-3260
-3260
-3132
-2876
-2492
-1980
-1436
-1180
-988
-716
-396
64
148
-32
-308
-460
-492
-588
-684
-924
-1180
-1244
-1244
-1052
-924
-924
-924
-924
-812
-812
-780
-812
-844
-876
-780
-620
-556
-460
-324
-40
340
652
988
1180
1372
1500
1692
1820
1820
1692
1564
1372
1180
1052
924
684
588
652
812
1116
1436
1692
1980
2236
2364
2620
2876
3004
3004
2876
2876
2748
2876
3004
3004
3132
3004
3132
3260
3388
3516
3260
3132
3004
2748
2620
2364
2108
1820
1436
1052
812
620
460
460
524
588
652
620
460
88
-356
-748
-1116
-1500
-1820
-2108
-2364
-2364
-2364
-2492
-2492
-2492
-2364
-2236
-2236
-2236
-2236
-2236
-2364
-2364
-2364
-2492
-2492
-2620
-2748
-2876
-2748
-2492
-2364
-2364
-2364
-2236
-1980
-1884
-1820
-1820
-1884
-1884
-1820
-1692
-1756
-1884
-2108
-2108
-1884
-1628
-1308
-1052
-716
-460
-292
-164
16
40
-48
-132
-48
104
196
164
132
212
340
652
1052
1308
1436
1564
1692
1980
2108
2108
1980
1980
1884
1756
1564
1500
1372
1308
1244
1372
1564
1628
1628
1500
1372
1372
1436
1500
1628
1564
1564
1628
1564
1500
1372
1308
1244
1180
1244
1180
1180
1180
1180
1244
1244
1244
1116
988
844
716
524
356
88
-212
-524
-684
-652
-620
-588
-588
-556
-524
-460
-428
-556
-812
-988
-1180
-1244
-1244
-1308
-1308
-1180
-988
-876
-684
-428
-308
-260
-244
-212
-132
-180
-356
-556
-748
-844
-988
-1052
-1116
-1180
-1244
-1180
-1116
-1052
-1052
-1116
-1116
-1180
-1308
-1564
-1628
-1628
-1628
-1692
-1692
-1628
-1500
-1436
-1372
-1436
-1372
-1116
-748
-460
-244
-40
80
244
212
132
180
104
212
428
588
684
652
748
1052
1436
1628
1692
1820
1884
1820
1628
1436
1244
1052
924
844
1180
1372
1308
1180
1116
1116
1052
988
924
1052
1052
988
988
1052
988
684
396
276
340
460
524
620
780
844
780
748
780
716
588
396
260
212
96
-64
-292
-460
-684
-924
-988
-924
-812
-780
-844
-876
-780
-652
-620
-716
-748
-780
-780
-748
-716
-716
-652
-556
-356
-80
132
276
428
652
748
844
924
812
620
356
120
-48
-292
-524
-716
-812
-812
-780
-844
-988
-1052
-1180
-1372
-1436
-1628
-1692
-1820
-1980
-1980
-2108
-2236
-2236
-2108
-2108
-1980
-1756
-1372
-988
-716
-556
-396
-212
-8
132
112
48
104
212
356
428
492
524
588
716
924
1052
1180
1436
1628
1756
1692
1628
1564
1436
1180
924
844
988
988
924
988
1180
1308
1372
1436
1372
1308
1244
1180
1244
1308
1308
1052
844
780
748
780
876
924
988
988
988
988
988
876
716
620
620
524
372
212
56
-112
-228
-276
-292
-292
-340
-340
-356
-324
-244
-196
-276
-372
-428
-428
-356
-340
-356
-396
-396
-356
-276
-164
-112
-148
-228
-196
-180
-276
-460
-716
-876
-1052
-1244
-1372
-1500
-1628
-1756
-1884
-1884
-1820
-1756
-1756
-1756
-1820
-1884
-1980
-2108
-2236
-2364
-2492
-2364
-2236
-2108
-1884
-1692
-1436
-1180
-988
-780
-588
-492
-396
-276
-180
-80
-56
-56
-40
32
196
372
492
652
812
924
1052
1244
1372
1372
1436
1372
1372
1436
1436
1500
1500
1500
1436
1436
1500
1500
1500
1436
1372
1436
1500
1564
1564
1500
1436
1372
1308
1244
1180
1180
1116
1180
1180
1244
1372
1436
1500
1628
1756
1884
1820
1692
1564
1500
1308
1116
1052
1052
988
844
748
620
492
460
372
276
132
-56
-212
-356
-556
-812
-988
-1180
-1308
-1436
-1564
-1628
-1692
-1756
-1820
-1820
-1820
-1884
-1980
-1980
-1980
-1980
-1980
-1980
-1980
-1980
-1980
-1980
-1980
-1980
-1980
-1884
-1820
-1756
-1692
-1628
-1564
-1500
-1500
-1500
-1436
-1436
-1436
-1436
-1372
-1244
-1116
-924
-780
-588
-372
-148
132
428
684
844
924
988
988
924
924
924
812
812
780
812
876
844
876
924
988
988
988
1052
1052
988
924
876
844
812
684
620
588
556
588
556
556
524
492
588
684
812
876
1116
1244
1308
1436
1564
1756
1820
1884
1980
2108
2236
2236
2108
1980
1884
1756
1564
1500
1372
1180
988
748
492
180
-112
-460
-716
-988
-1244
-1436
-1564
-1692
-1820
-1980
-1980
-2108
-2108
-2236
-2236
-2236
-2236
-2236
-2108
-1980
-1820
-1628
-1372
-1116
-924
-716
-492
-324
-276
-276
-340
-340
-324
-372
-396
-396
-324
-244
-132
-112
-8
8
-24
-16
-120
-228
-396
-460
-556
-620
-652
-652
-524
-428
-244
-96
120
308
396
524
652
684
684
684
716
812
812
812
812
780
684
588
588
556
492
428
428
428
396
428
428
460
524
556
556
556
556
428
308
164
132
148
180
340
524
812
1116
1372
1564
1692
1692
1564
1308
1052
876
620
396
324
244
212
132
120
72
-32
-164
-324
-492
-812
-1052
-1308
-1436
-1564
-1692
-1692
-1628
-1500
-1436
-1308
-1180
-1052
-988
-924
-924
-812
-780
-812
-780
-716
-652
-684
-684
-652
-652
-556
-492
-372
-228
-88
8
56
132
196
164
88
40
-40
-148
-228
-276
-324
-372
-396
-308
-164
-16
40
120
212
228
180
40
-80
-196
-308
-372
-428
-428
-396
-356
-276
-148
8
228
460
524
652
812
876
924
924
924
988
1052
1052
1052
1052
1052
988
988
1052
1116
1244
1308
1372
1436
1500
1564
1564
1564
1500
1500
1372
1372
1308
1244
1180
1180
1116
988
844
684
492
428
276
72
-148
-428
-652
-924
-1180
-1436
-1692
-1884
-2108
-2108
-2108
-2108
-1980
-1980
-1884
-1756
-1628
-1500
-1372
-1308
-1244
-1180
-1052
-924
-812
-684
-588
-460
-324
-260
-148
-164
-228
-260
-356
-460
-492
-524
-556
-492
-492
-428
-372
-244
-228
-228
-228
-244
-212
-260
-340
-428
-460
-396
-308
-196
-40
164
324
428
524
620
716
684
684
652
652
652
620
588
524
428
308
244
96
-64
-112
-148
-164
-120
-16
164
428
684
844
1052
1244
1372
1436
1436
1372
1308
1244
1180
1052
988
924
924
988
988
1116
1244
1436
1564
1692
1756
1692
1564
1372
1180
924
684
460
196
8
-132
-244
-340
-372
-428
-524
-620
-780
-988
-1180
-1372
-1628
-1884
-1980
-2108
-2236
-2364
-2236
-2108
-1884
-1692
-1564
-1372
-1244
-1116
-988
-924
-780
-652
-556
-492
-492
-396
-324
-260
-180
-180
-148
-132
-148
-180
-164
-196
-244
-260
-260
-212
-180
-180
-180
-180
-212
-212
-180
-148
-48
32
80
180
292
396
492
620
684
780
876
924
988
988
924
876
780
716
716
588
460
324
292
196
104
0
-40
-32
-88
-148
-164
-196
-228
-180
-88
64
276
396
556
716
780
876
988
1116
1052
1052
988
924
988
876
844
780
780
812
844
924
988
988
988
876
812
684
556
372
228
48
-164
-276
-372
-492
-556
-524
-524
-588
-652
-780
-876
-1052
-1244
-1372
-1500
-1628
-1692
-1756
-1820
-1820
-1756
-1692
-1500
-1308
-1244
-1116
-988
-924
-876
-812
-716
-652
-620
-524
-428
-372
-244
-112
8
148
292
324
372
396
396
396
396
308
212
120
40
24
0
8
72
196
340
460
588
684
748
812
876
876
876
844
812
780
780
780
780
748
716
684
588
524
460
372
260
104
16
-56
-48
-32
-56
-72
-164
-228
-324
-324
-356
-372
-228
-112
64
212
428
652
780
924
1052
1180
1180
1116
1116
1052
988
924
876
844
780
780
748
780
748
716
588
460
292
40
-148
-396
-588
-780
-924
-988
-1052
-1116
-1180
-1180
-1244
-1308
-1308
-1436
-1500
-1564
-1692
-1756
-1820
-1756
-1756
-1692
-1628
-1500
-1372
-1308
-1180
-1116
-1116
-1052
-988
-924
-844
-780
-684
-620
-492
-396
-228
-72
56
132
244
396
524
556
588
588
652
716
780
844
876
876
876
924
924
924
924
924
924
988
1052
1116
1116
1116
1116
1116
1116
1052
988
876
780
684
620
588
556
524
460
460
460
428
372
276
212
132
96
88
72
32
-88
-120
-120
-104
-104
-72
-24
32
120
164
196
276
356
428
460
492
588
588
524
492
492
396
292
164
24
-96
-180
-292
-396
-492
-588
-716
-876
-924
-988
-988
-1116
-1180
-1180
-1180
-1180
-1180
-1116
-1116
-1116
-1116
-1052
-1180
-1308
-1308
-1372
-1372
-1308
-1180
-1116
-988
-812
-620
-428
-292
-164
-48
32
56
104
132
80
88
72
72
120
180
292
428
588
716
812
924
1052
1180
1180
1180
1052
988
924
780
684
652
588
524
524
556
556
556
556
556
492
460
396
324
260
180
88
40
0
-32
-16
-8
-32
-56
-48
-64
-24
40
48
32
0
16
-24
-40
-64
-56
-72
-148
-148
-148
-96
-56
16
112
180
276
372
460
588
620
652
620
556
492
460
396
324
308
260
228
164
104
16
-56
-148
-292
-372
-428
-524
-620
-716
-780
-812
-812
-780
-716
-716
-716
-716
-748
-748
-780
-748
-780
-748
-748
-812
-812
-844
-748
-652
-588
-428
-340
-228
-120
-16
24
56
72
16
0
-32
-88
-132
-148
-212
-180
-72
32
196
356
492
652
748
844
924
924
876
876
844
780
716
620
556
524
524
588
588
556
588
588
524
428
324
180
72
-16
-112
-180
-244
-292
-340
-324
-276
-228
-164
-148
-112
-64
-72
-112
-132
-228
-276
-308
-340
-292
-276
-228
-104
32
180
292
372
396
428
460
396
308
260
180
48
-48
-112
-104
-96
-112
-80
-72
-64
-96
-132
-148
-164
-228
-276
-260
-276
-356
-428
-460
-460
-460
-428
-428
-460
-460
-460
-428
-396
-372
-396
-396
-372
-324
-308
-308
-340
-340
-308
-308
-244
-132
-96
-64
-8
40
88
164
244
308
308
308
340
372
396
396
356
372
460
524
620
716
780
876
924
988
1052
1052
988
988
924
876
844
716
556
428
340
244
120
72
40
-8
-72
-164
-228
-340
-460
-556
-652
-716
-780
-876
-924
-924
-876
-748
-652
-588
-492
-460
-428
-396
-372
-396
-428
-460
-460
-428
-372
-356
-324
-324
-324
-228
-164
-104
-40
-24
-32
-32
-16
-16
-8
-24
-48
-80
-80
-64
-56
-40
-16
104
180
260
340
372
428
396
356
340
260
148
88
8
-24
-56
-96
-132
-80
-8
48
132
196
228
212
148
96
80
64
56
72
80
148
180
228
276
340
396
460
524
556
556
556
524
460
428
372
260
196
180
112
88
112
148
180
164
212
212
228
260
244
260
260
212
132
72
32
-8
-32
-120
-244
-276
-276
-308
-292
-260
-260
-276
-324
-372
-396
-428
-524
-588
-652
-716
-716
-716
-652
-588
-460
-308
-196
-80
56
96
104
104
72
0
-104
-212
-260
-244
-244
-244
-196
-148
-88
-32
-48
-72
-48
-104
-180
-228
-308
-340
-340
-356
-324
-308
-292
-212
-148
-56
24
56
72
112
148
164
148
72
32
16
-40
-56
-56
-32
-64
-24
48
48
72
96
132
196
212
260
292
260
180
164
180
180
196
228
292
324
372
492
652
716
780
812
780
812
780
652
588
524
428
324
292
308
308
260
244
276
308
340
276
228
228
148
72
40
8
-72
-164
-164
-180
-196
-228
-276
-292
-308
-308
-324
-340
-340
-396
-428
-492
-524
-588
-588
-620
-652
-620
-588
-492
-492
-428
-340
-292
-180
-88
-64
-48
-96
-164
-228
-276
-324
-396
-428
-460
-428
-396
-308
-212
-132
-64
0
48
72
88
148
104
64
48
0
8
24
56
132
228
276
308
356
372
428
396
396
356
260
164
112
88
48
40
40
24
40
80
132
148
164
132
72
32
32
24
0
-72
-40
-8
0
40
88
120
148
132
132
196
196
196
228
244
228
228
196
196
180
148
120
164
164
112
88
64
64
72
72
64
64
-16
-88
-96
-88
-132
-212
-228
-228
-212
-196
-148
-88
-72
-96
-88
-88
-104
-148
-212
-260
-308
-372
-492
-556
-588
-620
-588
-524
-396
-308
-260
-164
-112
-48
8
56
56
24
8
-64
-88
-88
-132
-164
-148
-72
24
104
180
260
308
324
396
356
324
292
244
164
96
72
24
16
8
32
72
88
148
180
180
180
196
180
148
148
148
112
120
120
120
148
164
196
196
180
196
228
212
180
180
180
196
228
228
196
180
196
212
244
244
212
212
196
180
228
276
292
260
260
276
244
228
212
164
148
132
64
0
-24
-112
-212
-292
-292
-372
-428
-428
-460
-492
-524
-524
-588
-588
-620
-620
-524
-428
-428
-396
-396
-396
-396
-372
-308
-276
-308
-324
-356
-372
-356
-340
-292
-228
-180
-148
-112
-80
-48
-40
-24
16
24
16
-32
-132
-196
-212
-212
-196
-180
-148
-164
-180
-196
-120
-104
-72
-8
0
8
0
-8
-24
-16
-32
0
40
48
40
56
80
112
180
212
260
276
260
260
292
324
324
324
340
340
340
340
396
460
492
524
524
524
588
620
556
556
524
524
524
556
556
524
492
460
460
428
396
460
428
396
396
372
356
324
260
228
180
148
112
64
48
8
-16
-32
-72
-88
-120
-196
-228
-276
-324
-396
-460
-492
-524
-556
-588
-588
-524
-492
-428
-372
-340
-292
-276
-308
-308
-292
-340
-396
-428
-492
-524
-556
-524
-460
-428
-324
-260
-196
-164
-164
-148
-164
-180
-196
-212
-228
-244
-244
-276
-292
-276
-244
-196
-180
-180
-180
-164
-148
-148
-164
-164
-164
-196
-196
-132
-96
-120
-112
-88
-72
-40
24
88
132
120
120
132
164
196
212
212
228
260
292
292
276
308
340
372
428
492
492
492
556
524
524
524
460
396
324
292
292
276
260
228
196
196
212
212
276
292
308
292
244
196
196
148
72
8
-24
-24
-24
-48
-40
0
16
64
112
132
72
0
-88
-180
-196
-292
-340
-356
-372
-372
-340
-308
-228
-132
-88
-56
-40
-56
-80
-120
-180
-228
-276
-308
-292
-244
-196
-148
-88
-48
32
96
112
120
112
104
96
80
72
64
0
0
8
-24
-80
-148
-212
-276
-276
-244
-180
-164
-148
-120
-80
-72
-96
-104
-104
-96
-72
-80
-112
-148
-148
-180
-196
-148
-112
-112
-148
-164
-104
-48
-16
16
40
112
148
164
228
228
244
228
228
228
196
132
88
64
96
132
180
212
228
244
244
244
276
308
276
244
196
148
120
120
112
104
112
132
112
132
120
96
148
228
260
292
308
276
228
196
132
48
-16
-72
-120
-196
-292
-308
-340
-372
-396
-396
-340
-324
-292
-292
-308
-292
-324
-340
-356
-356
-356
-356
-356
-308
-276
-260
-228
-164
-72
-24
56
64
64
56
8
-24
-40
-32
-72
-132
-180
-180
-180
-180
-148
-72
-16
16
32
32
8
-56
-80
-96
-112
-112
-120
-96
-80
-48
0
64
120
120
132
132
132
132
132
164
180
228
276
308
340
372
396
396
356
356
372
340
308
292
292
324
356
396
428
428
428
460
492
556
556
492
460
428
372
324
260
212
120
72
48
40
32
0
-40
-48
-64
-48
0
8
-8
-24
-48
-16
24
24
0
-56
-104
-148
-180
-196
-244
-260
-292
-324
-324
-356
-428
-460
-460
-460
-428
-460
-492
-588
-652
-652
-652
-652
-620
-620
-588
-556
-492
-460
-428
-396
-356
-308
-308
-308
-292
-324
-340
-308
-308
-292
-292
-276
-276
-308
-356
-372
-324
-308
-292
-260
-180
-104
-80
-32
0
40
32
48
104
120
132
104
120
148
196
260
276
308
372
428
428
492
492
524
524
524
524
588
620
588
588
556
588
588
588
556
556
556
556
556
588
588
556
524
460
460
428
396
340
292
228
180
132
104
80
56
24
32
40
48
40
32
40
64
120
132
132
148
164
164
164
164
164
164
148
148
96
80
88
64
24
-8
-56
-148
-228
-308
-372
-460
-524
-524
-556
-620
-620
-684
-684
-716
-684
-652
-588
-524
-460
-372
-324
-308
-292
-260
-228
-212
-212
-228
-260
-308
-356
-428
-460
-492
-492
-460
-396
-356
-340
-324
-308
-228
-164
-120
-104
-104
-80
-88
-148
-112
-72
-72
-48
-16
24
96
164
228
292
356
428
460
492
492
492
460
428
396
372
396
396
428
460
428
372
356
324
276
228
196
132
96
72
48
16
0
-16
-24
32
40
48
48
32
16
-8
-32
-64
-104
-148
-180
-164
-120
-148
-148
-112
-80
-48
-16
16
32
24
32
40
96
164
212
212
244
308
308
276
228
180
96
16
-48
-80
-120
-196
-244
-276
-292
-276
-292
-292
-244
-244
-244
-228
-196
-212
-180
-88
-16
32
56
56
88
104
104
88
64
64
56
56
40
56
80
112
132
148
164
132
104
88
80
64
64
56
40
24
0
-24
-64
-132
-148
-132
-132
-112
-132
-120
-40
8
48
96
96
64
16
-8
-16
-24
-32
-40
-48
-40
-24
0
24
40
0
-48
-72
-132
-180
-228
-292
-308
-260
-196
-132
-56
32
104
164
196
212
212
148
96
32
-8
-96
-148
-164
-180
-120
-48
0
48
148
212
260
324
356
372
356
324
308
260
212
148
96
64
80
96
104
104
80
32
0
-8
-16
-32
-96
-164
-244
-324
-356
-396
-428
-428
-428
-428
-428
-396
-396
-372
-324
-276
-228
-164
-148
-132
-96
-88
-80
-64
-40
-48
-16
16
64
104
148
180
212
292
356
356
340
308
308
260
228
212
180
148
120
120
148
148
164
180
180
164
148
132
80
72
72
24
8
32
32
16
16
-16
-16
0
-8
24
24
0
-40
-104
-132
-112
-132
-164
-132
-132
-148
-120
-80
-24
0
8
24
32
16
8
-24
-72
-88
-120
-164
-180
-180
-148
-132
-56
16
88
148
196
228
244
260
260
244
228
180
148
96
48
16
48
132
180
196
212
196
148
80
24
-56
-164
-276
-340
-396
-460
-492
-492
-492
-492
-460
-428
-396
-340
-292
-260
-228
-164
-112
-96
-104
-120
-80
-40
-24
0
72
112
120
120
132
180
228
228
276
276
244
228
196
196
180
196
180
164
180
164
164
164
164
164
164
148
120
96
88
80
72
56
32
8
0
-32
-64
-40
16
48
56
96
148
148
148
132
120
120
48
-24
-88
-148
-196
-244
-244
-164
-80
-24
40
104
148
132
132
132
112
80
40
8
-8
-56
-80
-64
-80
-32
0
32
88
132
164
180
164
148
120
96
88
32
-24
-40
-56
-72
-64
-40
-32
-48
-80
-120
-132
-132
-212
-276
-356
-396
-460
-492
-492
-556
-556
-588
-556
-524
-524
-524
-492
-460
-396
-356
-276
-212
-132
-48
0
24
56
48
40
32
80
132
120
120
132
196
228
292
356
372
428
396
372
356
324
292
212
164
132
120
96
104
120
148
164
164
180
180
180
148
96
72
48
32
40
72
112
148
180
228
260
260
260
212
148
96
8
-48
-112
-120
-88
-88
-64
-64
-8
40
88
112
148
180
196
180
148
112
24
-32
-48
-72
-64
-56
-48
-48
-32
-40
-40
-8
24
56
56
80
32
-8
-40
-40
-16
0
-8
32
72
72
72
80
88
88
48
8
-24
-88
-112
-120
-120
-132
-164
-196
-212
-228
-212
-212
-212
-196
-148
-120
-80
-32
-16
-16
8
16
16
48
56
32
24
0
0
8
32
64
72
96
104
88
64
32
24
8
-8
-32
-88
-132
-164
-212
-260
-260
-212
-212
-244
-212
-196
-212
-212
-180
-164
-164
-164
-164
-180
-212
-196
-212
-180
-120
-40
0
24
56
56
56
64
40
16
8
-48
-72
-104
-80
-32
16
72
148
196
228
244
228
276
244
196
148
148
132
96
88
88
104
148
148
148
180
196
180
164
164
196
180
148
96
56
48
32
24
-8
-32
-32
-24
-24
-24
-8
-16
-40
-56
-72
-72
-112
-196
-212
-228
-212
-212
-260
-244
-260
-292
-260
-212
-164
-112
-88
-24
24
48
64
96
104
132
164
148
180
212
196
180
196
244
260
292
308
324
356
356
356
356
324
292
244
180
148
148
164
148
180
196
196
196
148
104
48
-16
-88
-148
-212
-260
-228
-212
-180
-132
-112
-80
-56
-40
-48
-72
-88
-148
-180
-212
-228
-260
-260
-292
-308
-292
-276
-228
-180
-164
-120
-88
-96
-88
-88
-104
-132
-148
-164
-196
-212
-244
-228
-180
-148
-148
-120
-104
-48
-24
-16
-8
16
8
16
56
56
56
32
32
64
104
120
148
196
212
196
196
196
180
196
180
132
96
40
-40
-148
-180
-196
-244
-276
-276
-228
-228
-244
-228
-228
-196
-180
-180
-148
-148
-148
-120
-104
-80
-56
-48
-24
24
64
112
180
180
228
276
276
292
292
308
308
292
244
212
180
180
196
196
196
180
164
180
196
212
196
180
96
40
8
-24
-24
-40
-32
-32
-40
0
56
72
80
88
112
112
88
48
16
16
0
0
8
8
16
8
8
40
40
32
0
-8
-8
-32
-24
-40
-72
-88
-88
-80
-88
-80
-80
-120
-96
-96
-120
-112
-72
-56
-24
16
64
64
48
32
16
16
16
16
8
32
0
-24
-40
-48
-64
-88
-104
-112
-132
-148
-148
-180
-212
-212
-228
-228
-244
-244
-228
-212
-196
-196
-180
-120
-64
-24
32
80
104
104
104
112
148
164
164
212
228
228
212
212
228
260
244
228
228
196
148
120
104
96
88
96
112
120
164
164
104
72
32
-32
-80
-148
-180
-228
-244
-260
-244
-196
-180
-148
-132
-112
-48
-40
-56
-40
-40
-64
-80
-96
-120
-132
-148
-148
-148
-148
-148
-132
-104
-96
-72
-40
-24
-24
-24
-24
-8
-8
-8
-16
-8
-24
-56
-40
-24
0
-16
-8
0
-16
-8
0
0
16
32
48
40
56
72
88
80
72
56
24
-8
-16
-8
0
8
0
-24
-40
-48
-80
-104
-120
-148
-180
-212
-228
-212
-196
-148
-64
0
64
112
180
228
228
260
276
292
292
308
324
324
308
276
276
324
324
324
308
308
292
308
292
260
276
260
244
244
228
212
180
164
180
196
164
132
64
16
0
-32
-48
-72
-88
-96
-104
-112
-96
-96
-88
-104
-132
-112
-104
-112
-148
-180
-180
-212
-228
-244
-260
-292
-276
-260
-228
-212
-196
-164
-164
-148
-164
-196
-212
-260
-244
-212
-196
-212
-212
-212
-212
-180
-148
-148
-148
-148
-148
-164
-180
-148
-164
-148
-132
-132
-80
-48
-48
-40
-40
-32
-64
-112
-132
-132
-148
-148
-132
-148
-104
-112
-120
-96
-80
-64
-48
-40
-48
-24
-16
-32
8
40
72
112
132
164
164
180
180
196
212
196
196
212
228
260
276
292
356
396
372
396
396
396
372
308
308
292
276
276
260
244
228
228
228
260
276
260
212
180
196
148
112
112
88
40
8
-24
-24
-8
-32
-40
-72
-88
-72
-72
-72
-56
-64
-104
-132
-164
-180
-196
-228
-228
-244
-228
-228
-244
-228
-196
-196
-180
-164
-148
-132
-104
-96
-88
-32
0
16
32
40
0
-56
-64
-72
-56
-16
-16
-8
16
24
24
40
72
88
88
64
64
56
16
-24
-16
0
32
24
0
8
0
-8
-24
-8
-40
-80
-112
-120
-132
-164
-180
-212
-228
-260
-276
-292
-292
-292
-260
-276
-228
-196
-164
-148
-132
-96
-96
-64
-32
8
32
72
96
88
132
148
148
148
196
212
196
244
292
324
356
356
356
340
324
308
308
324
292
260
228
180
148
112
112
132
132
120
132
148
148
148
148
112
32
-24
-80
-112
-132
-180
-196
-244
-260
-276
-308
-324
-324
-340
-356
-356
-372
-396
-428
-428
-460
-428
-396
-372
-356
-308
-308
-292
-228
-196
-132
-96
-64
-40
-40
-56
-48
-24
-32
-24
8
32
48
64
104
148
164
212
228
244
276
308
308
292
292
292
292
324
356
340
324
292
276
260
260
244
228
212
196
196
180
212
212
196
164
180
196
196
180
164
132
88
48
24
24
32
32
8
32
24
24
16
0
0
-24
-56
-16
-40
-32
-24
-48
-48
-64
-96
-148
-164
-212
-212
-228
-212
-180
-196
-228
-228
-212
-164
-148
-148
-120
-120
-120
-132
-120
-132
-132
-148
-164
-148
-120
-120
-88
-56
-48
-8
-8
-16
0
-8
-56
-48
-48
-72
-80
-80
-120
-148
-120
-104
-80
-64
-64
-64
-48
-56
-48
-40
-32
-56
-56
-56
-80
-88
-64
-64
-80
-64
-48
-56
-72
-56
-32
-16
0
0
0
-16
-16
-8
-16
-8
-40
-56
-80
-72
-24
0
40
56
72
80
64
40
48
80
88
132
164
164
164
148
196
244
276
292
292
260
228
244
260
260
276
324
324
308
276
292
276
260
292
292
276
244
180
148
164
148
148
132
88
56
8
0
0
-16
-56
-72
-112
-120
-132
-148
-132
-132
-132
-120
-96
-88
-112
-120
-96
-112
-132
-132
-148
-180
-196
-164
-132
-148
-148
-132
-148
-148
-120
-132
-132
-132
-120
-112
-96
-104
-104
-96
-132
-132
-148
-132
-132
-164
-164
-148
-148
-148
-88
-40
-32
-24
-24
-32
-32
-32
-48
-72
-112
-104
-96
-96
-72
-40
-32
-32
8
64
88
96
88
80
72
64
48
64
56
32
16
8
0
-8
-16
-32
-32
-16
0
16
8
24
24
24
56
56
56
72
80
72
80
104
132
132
148
148
148
148
164
164
148
148
120
88
64
48
64
32
-16
0
16
32
48
40
24
0
-16
-24
-8
-24
-24
-56
-88
-80
-80
-72
-48
-16
0
8
16
24
-8
-16
-16
-32
-16
0
-8
-8
-24
-40
-8
16
40
48
56
8
-32
-72
-96
-88
-64
-8
-24
8
32
24
56
80
104
112
96
80
64
80
96
80
72
80
72
40
8
0
0
-32
-56
-32
-16
-24
-48
-32
-8
-8
-8
-24
-40
-40
-64
-96
-112
-148
-164
-196
-180
-164
-148
-148
-148
-148
-120
-112
-112
-88
-64
-64
-64
-32
-8
0
-8
-24
-32
-16
16
24
16
24
8
-16
-16
-8
16
24
8
16
0
-8
0
8
32
56
88
80
64
96
104
96
64
48
32
56
56
32
40
56
64
72
80
104
96
64
112
120
132
148
132
96
80
8
-8
-8
-24
-64
-88
-88
-96
-104
-96
-72
-72
-72
-80
-56
-24
0
-16
-32
-40
-48
-32
-24
0
8
8
16
56
72
72
72
56
32
24
8
32
40
24
8
16
32
48
32
24
48
72
88
88
104
96
56
40
48
32
24
0
-16
-40
-48
-8
-8
0
32
24
24
24
24
24
32
16
8
0
-16
-8
0
-8
-16
-16
-32
-24
-16
-32
-48
-24
-40
-48
-64
-72
-64
-80
-80
-72
-64
-64
-56
-88
-80
-80
-96
-72
-80
-64
-48
-48
-64
-72
-96
-112
-80
-72
-72
-72
-56
-40
-56
-72
-72
-48
-88
-72
-64
-72
-56
-80
-72
-56
-56
-64
-72
-40
16
24
56
72
88
112
80
64
80
96
96
96
80
80
64
32
24
48
72
56
48
56
64
48
24
0
0
32
8
0
0
8
8
32
40
64
56
24
40
72
112
132
164
148
132
120
96
104
112
104
96
72
64
48
32
0
0
32
16
8
0
-24
-64
-80
-72
-80
-48
-40
-40
-40
-56
-64
-80
-88
-80
-88
-48
-8
8
0
8
24
32
56
40
24
0
-24
-24
-16
-8
0
-32
-32
-32
-56
-64
-48
-40
-48
-48
-48
-40
-32
-32
-48
-32
-32
0
32
24
32
56
48
40
64
48
40
40
24
8
0
0
-8
-32
-24
0
0
-24
-32
-24
-40
-88
-96
-120
-112
-96
-88
-72
-64
-48
-48
-40
-40
0
16
8
16
24
24
32
48
48
40
64
72
48
80
72
48
24
24
48
32
8
0
-16
-8
-24
-16
16
16
16
8
-8
-16
-16
-24
-56
-80
-72
-88
-120
-112
-120
-88
-56
-32
0
24
32
8
-16
-40
-32
-32
-48
-24
-16
-16
-8
-32
-16
0
-8
-8
8
0
16
0
8
24
24
40
32
48
56
32
48
96
104
88
80
64
48
40
56
64
88
80
64
88
120
132
148
148
120
132
120
104
96
80
72
56
24
24
8
0
0
0
8
16
48
48
24
40
24
24
32
16
-8
0
-24
-16
-16
-16
-8
0
-8
-16
-24
-48
-72
-72
-88
-88
-96
-104
-112
-132
-132
-132
-120
-120
-132
-148
-148
-148
-148
-120
-104
-112
-104
-104
-80
-48
-32
-32
-32
-40
-56
-56
-48
-16
-24
-8
8
0
0
0
8
8
16
0
0
8
0
8
16
8
0
0
16
16
16
32
48
64
64
48
40
48
24
8
32
24
16
24
8
32
32
32
56
32
24
8
0
-32
-40
-56
-48
-48
-40
-48
-64
-40
-32
0
32
48
72
72
72
56
56
64
72
72
80
72
64
80
80
96
120
112
132
132
120
112
96
96
104
112
96
96
96
104
88
72
80
72
72
48
40
16
16
24
24
32
24
16
0
0
0
0
0
-16
-24
-48
-56
-64
-72
-72
-88
-104
-104
-96
-96
-88
-64
-64
-56
-40
-48
-64
-80
-104
-96
-80
-88
-88
-96
-112
-120
-132
-120
-96
-104
-112
-120
-132
-148
-148
-164
-148
-132
-132
-148
-148
-132
-132
-132
-120
-96
-88
-80
-56
-64
-48
-32
-24
-24
-16
-8
8
24
24
24
32
40
16
8
8
8
0
16
24
40
56
56
96
112
148
164
148
148
148
148
148
132
112
104
112
148
148
164
196
196
196
196
196
212
196
164
148
148
132
120
132
132
148
148
104
88
56
32
0
-24
-48
-48
-48
-40
-24
-16
-8
0
0
8
0
-24
-56
-80
-96
-120
-148
