SAMPLES:	7859
BITSPERSAMPLE:	16
CHANNELS:	1
SAMPLERATE:	16000
NORMALIZED:	FALSE
24
24
32
32
32
32
32
32
32
40
40
40
40
40
40
40
40
40
40
32
40
32
32
32
24
32
32
32
32
24
24
24
16
8
8
8
8
0
0
0
0
0
0
0
0
0
-8
-8
-8
-8
-8
-16
-16
-24
-24
-16
-24
-16
-16
-24
-24
-24
-24
-24
-24
-32
-24
-32
-32
-40
-32
-32
-32
-24
-24
-24
-24
-24
-24
-24
-24
-24
-24
-24
-24
-16
-16
-16
-16
-16
-16
-16
-16
-8
-16
-16
-16
-16
-8
-8
-8
-8
-8
-8
-8
-8
-8
-8
-8
-8
0
-8
-8
-8
0
0
0
0
0
0
0
0
0
0
0
0
0
0
0
8
8
8
8
8
16
16
16
16
16
16
16
16
16
16
16
16
16
24
16
24
24
24
24
24
32
32
24
24
24
16
16
16
16
16
16
16
24
16
24
16
16
24
24
24
24
16
16
8
8
8
8
0
0
0
0
8
0
0
0
0
0
0
-8
-8
-8
-8
-16
-16
-16
-24
-16
-16
-16
-16
-16
-16
-16
-16
-24
-24
-24
-16
-16
-16
-24
-24
-24
-24
-16
-16
-16
-16
-8
-8
-8
-8
-8
0
0
0
0
0
0
0
0
8
8
8
0
0
8
8
8
16
16
16
16
8
8
8
8
8
8
0
0
0
0
0
0
0
0
0
0
0
-8
-8
-8
-16
-16
-16
-16
-16
-16
-16
-16
-16
-24
-24
-24
-24
-24
-24
-16
-16
-16
-8
-16
-16
-16
-16
-16
-8
-8
-8
-8
0
0
0
0
0
0
0
8
0
8
8
8
0
8
8
8
16
16
16
16
16
8
8
8
8
8
8
8
16
16
16
24
24
24
24
16
16
16
16
16
16
16
16
16
16
16
8
16
16
16
16
24
16
24
24
24
16
8
8
8
8
8
8
8
8
8
16
8
8
8
8
8
8
8
8
0
0
0
0
0
0
0
0
0
0
0
0
0
0
0
0
-8
-8
-8
-8
-16
-16
-16
-24
-24
-24
-24
-24
-16
-16
-24
-24
-24
-24
-24
-24
-24
-24
-24
-32
-24
-24
-24
-24
-24
-32
-32
-32
-32
-32
-24
-32
-32
-32
-32
-32
-24
-24
-24
-16
-16
-16
-16
-16
-16
-16
-16
-16
-8
-8
-8
-8
-8
-8
-8
-8
-8
-8
-8
-8
-8
-8
0
0
0
0
0
0
8
8
8
16
16
16
16
16
16
24
24
24
24
24
24
24
24
32
32
32
32
40
40
40
40
40
40
40
48
48
48
48
48
48
48
56
48
48
48
48
40
40
40
40
32
32
24
24
32
24
24
24
16
8
8
8
8
8
0
0
0
0
0
0
0
0
-8
-16
-16
-16
-24
-24
-24
-24
-24
-24
-32
-40
-40
-48
-48
-48
-48
-48
-48
-48
-48
-40
-48
-48
-48
-48
-48
-48
-40
-40
-40
-40
-40
-40
-40
-40
-32
-32
-32
-32
-32
-32
-24
-24
-24
-24
-24
-16
-16
-8
-8
0
-8
0
0
0
0
0
0
0
0
0
0
0
0
8
8
16
16
16
16
16
16
16
16
24
16
16
16
16
8
16
8
8
8
8
0
8
8
8
8
8
8
8
8
8
8
8
0
0
8
8
8
8
8
8
8
8
8
8
0
0
0
0
0
0
0
0
8
8
8
8
8
8
8
8
8
8
8
0
0
0
0
8
8
8
8
8
16
16
8
16
16
16
8
8
8
8
8
8
8
0
8
8
8
0
0
0
0
8
8
8
8
16
16
8
8
8
8
8
8
16
8
8
8
8
0
0
8
8
8
8
8
8
8
8
8
8
0
0
0
0
0
0
0
0
0
0
-8
-8
-8
-8
-8
-8
-8
-16
-16
-24
-24
-24
-24
-24
-24
-32
-32
-32
-32
-32
-32
-32
-40
-40
-40
-40
-40
-40
-40
-40
-48
-48
-48
-48
-40
-40
-40
-40
-40
-40
-40
-40
-32
-32
-32
-32
-32
-32
-32
-32
-24
-24
-24
-24
-24
-16
-16
-16
-8
-8
-8
0
0
0
0
0
0
0
0
8
8
16
8
16
16
16
16
24
24
24
32
32
32
40
40
40
40
40
48
56
56
56
64
64
64
64
56
56
56
56
56
56
56
56
64
64
64
64
72
72
72
64
64
56
56
56
56
48
48
40
40
40
32
32
32
32
32
32
24
24
16
16
8
8
0
0
0
0
-8
-16
-16
-24
-32
-40
-40
-48
-48
-48
-48
-56
-64
-64
-72
-72
-72
-80
-80
-88
-88
-88
-88
-88
-88
-88
-88
-88
-88
-80
-80
-80
-72
-72
-72
-72
-64
-72
-64
-56
-56
-56
-48
-48
-40
-32
-32
-24
-16
-16
-8
-8
0
0
0
8
8
8
16
16
16
24
24
24
32
32
32
32
32
40
40
40
40
48
48
48
48
48
48
48
48
40
40
32
40
40
40
48
40
40
40
40
32
32
32
32
32
24
24
24
24
24
24
24
24
16
16
16
16
16
16
8
8
8
8
0
8
8
0
0
0
-8
-16
-16
-8
-8
0
0
-8
-8
-8
-8
-8
-8
0
0
0
0
0
0
0
0
0
0
0
0
0
0
0
0
0
0
0
0
0
0
0
0
0
0
0
0
0
0
0
0
0
0
0
0
0
-8
-8
-8
-8
-8
-8
-8
-8
-8
-16
-16
-16
-16
-24
-16
-16
-16
-16
-16
-16
-8
-8
-16
-16
-16
-16
-16
-8
-8
-8
-8
-8
-8
-16
-8
0
-8
0
-8
-8
-8
-8
-8
0
0
-8
-8
0
0
0
0
0
0
0
0
0
0
0
0
0
0
-8
0
0
-8
-8
-8
-8
-8
-8
-8
0
-8
-8
-8
-8
-8
-16
-8
-8
-16
-8
0
0
0
0
0
0
0
0
0
0
0
0
8
8
8
8
24
24
24
24
24
16
16
16
16
32
32
32
32
32
32
24
32
32
24
32
24
32
32
40
32
24
32
32
24
32
32
32
24
24
24
24
24
16
16
16
16
8
16
8
8
8
0
0
8
8
8
8
0
0
0
0
0
-8
-8
0
-8
-8
-16
-24
-24
-32
-32
-24
-32
-32
-32
-32
-32
-40
-40
-40
-48
-48
-56
-56
-48
-56
-40
-48
-56
-56
-56
-56
-48
-40
-48
-40
-40
-48
-48
-48
-48
-40
-32
-40
-40
-40
-32
-32
-32
-24
-16
-8
-8
-16
-16
0
0
0
0
0
8
16
16
16
24
24
24
24
40
40
32
40
40
40
40
48
48
48
56
56
56
48
48
56
48
48
56
48
48
56
56
56
56
56
64
56
48
40
32
32
32
32
32
32
32
24
24
24
24
16
24
24
16
8
8
8
0
0
0
0
-16
-8
0
-8
-8
0
-16
-8
-16
-8
-16
-8
-16
-8
-40
16
88
-104
-164
-96
0
8
-88
0
212
32
-180
-292
-132
96
-24
-132
-64
164
72
-276
-324
56
164
-56
-212
-80
96
0
-164
-112
80
56
-120
-132
16
48
-32
-72
-32
40
24
-40
-80
0
48
24
-8
8
64
24
-24
-32
24
32
0
0
56
72
16
24
48
32
8
40
16
0
16
48
64
16
32
24
40
48
48
40
56
48
16
40
40
24
24
64
64
16
0
16
16
48
64
24
24
72
48
-16
24
40
40
8
-16
-8
48
16
-72
-32
8
32
-24
-72
-32
24
0
-80
-8
40
-16
-96
-32
0
-40
-88
-72
-8
0
-16
-88
-56
0
-32
-72
-48
-24
-16
-48
-72
-8
-8
0
-72
-72
-8
8
-8
-88
-24
24
-24
-64
0
0
-24
-32
24
24
-16
-24
-8
32
48
-8
-40
24
48
0
-16
24
24
40
0
0
64
40
16
16
80
72
32
0
0
40
64
24
32
72
16
24
64
88
32
16
40
48
96
40
0
64
72
0
16
40
48
24
16
16
-8
40
-24
-56
8
32
0
-32
-32
32
-24
-32
-24
-80
-24
-16
-72
-48
-40
-104
-64
-24
-24
-96
-88
-24
-64
-56
-48
-72
8
-24
-148
-64
-8
-16
-164
-80
0
-24
-40
-148
-40
48
-16
-80
-88
8
8
-72
-88
56
96
24
-132
-32
132
0
-40
-32
72
72
64
-24
-16
96
88
0
8
112
96
40
0
112
32
80
32
56
112
80
32
0
104
104
24
64
104
48
64
40
32
64
104
40
16
96
104
8
-64
80
80
24
24
-80
24
112
-24
-64
32
48
-24
-72
-24
16
0
-8
-80
-24
40
-8
-132
-32
16
40
-96
-120
0
40
0
-88
-48
-40
64
-80
-132
-32
64
-32
-72
-148
16
120
-88
-132
-88
148
8
-132
-148
56
56
-72
-164
-32
112
-40
-80
-180
104
112
-212
-112
16
72
-48
-104
-64
16
96
-104
-164
56
48
-96
-72
24
88
-72
-48
-56
0
56
-80
0
40
-24
0
32
-8
0
-16
16
32
132
8
-132
80
64
64
-8
-16
48
0
48
72
24
72
24
-24
132
8
56
104
-24
40
88
148
56
8
-56
72
196
0
-88
-24
132
120
-72
8
48
72
72
-212
120
244
-132
8
-8
88
120
-16
-120
-112
180
48
-120
112
-16
-104
-8
72
-16
-148
0
-16
72
24
-148
-24
8
24
-32
-164
16
48
-80
-120
-80
148
8
-180
-88
96
164
-8
-228
-72
0
40
-40
-148
72
64
-24
-132
56
64
-56
-96
0
48
56
8
-148
8
64
56
-64
-72
32
-24
0
56
-8
-48
-8
-16
-16
96
16
-32
32
-16
24
64
8
16
-48
16
0
-24
80
-180
56
112
-8
8
-40
64
-16
-32
-64
0
148
40
-164
88
88
-72
-96
-8
56
-8
104
-112
-8
88
-56
-56
-8
32
72
-64
0
64
-88
48
-72
-40
72
-48
72
-72
-8
40
-112
-64
-24
48
-8
-72
-96
72
0
-48
-88
-88
148
-24
16
-64
-48
132
0
-8
-16
-40
40
40
-80
48
8
16
-96
-48
196
-24
0
-72
-8
112
40
-40
-56
164
40
24
-40
48
96
-64
64
48
120
32
-64
48
148
48
-24
8
64
56
8
56
88
32
-64
24
88
40
0
-80
0
112
-16
-56
-64
104
56
-56
0
16
0
8
0
-40
64
0
64
-56
-80
104
80
-88
-132
56
0
8
-24
-48
-24
0
-56
-132
72
72
-196
-72
32
-80
-56
-64
-72
-72
-16
-24
-104
40
-24
-132
-32
-24
0
-56
-72
-104
-24
64
-32
-32
-32
-24
8
0
-40
0
-32
0
-16
-56
56
0
-40
16
64
56
16
-8
48
8
56
32
0
72
24
-8
64
80
24
0
8
32
0
56
88
24
8
40
72
72
0
-32
0
48
72
-8
24
56
8
-24
16
64
64
0
-24
32
40
24
-8
-24
8
8
24
8
-16
0
0
8
32
16
-32
0
0
0
8
-8
-40
-24
0
8
16
0
8
-64
-48
56
32
-8
-40
-32
0
-8
-32
0
8
-16
-56
-8
32
-24
-96
-72
-24
-16
-40
-48
-32
-40
-56
-88
-48
-24
-64
-96
-40
16
0
-48
-72
-56
-8
-16
-40
-24
-64
-56
-16
24
24
-32
-32
-24
-8
16
8
-8
-56
-32
-24
8
40
0
-16
0
40
32
32
0
0
24
48
48
48
24
48
32
24
72
80
64
24
48
80
80
56
64
72
72
56
48
56
64
72
56
48
72
24
40
40
16
16
8
40
40
16
24
24
24
32
8
0
8
8
0
-24
0
-16
-24
-24
-64
-32
-8
-40
-72
-56
-56
-48
-48
-72
-88
-80
-56
-64
-40
-24
-24
-48
-80
-40
-40
-48
-56
-40
-32
-48
-24
0
8
0
0
8
8
8
16
8
16
24
40
80
72
80
32
16
40
48
64
24
48
48
48
40
32
56
40
40
48
64
64
32
0
0
8
24
8
-16
0
0
8
-8
-24
-32
-40
-40
-24
0
8
0
-56
-64
-72
-40
-48
-64
-56
-80
-72
-112
-104
-64
-64
-80
-80
-56
-80
-96
-96
-88
-72
-64
-88
-72
-56
-80
-104
-96
-40
-32
-24
-16
-24
0
0
-16
-8
16
24
32
48
56
64
8
-24
-8
16
80
56
56
112
104
112
88
112
104
80
104
104
148
132
120
104
96
120
112
96
72
64
120
112
40
32
48
40
16
16
56
72
16
0
-16
0
24
-16
-32
-8
0
-24
-48
-48
-32
-48
-64
-64
-56
-40
-56
-56
-48
-24
-40
-40
-48
-40
-32
-48
-64
-64
-24
-24
0
24
32
16
-24
-72
-64
0
40
64
88
120
148
104
64
120
148
212
196
196
212
228
212
164
180
164
148
132
148
164
180
132
56
24
0
-40
-56
-80
-112
-164
-244
-276
-292
-324
-340
-372
-372
-372
-396
-428
-460
-428
-460
-428
-428
-396
-396
-396
-428
-396
-324
-324
-324
-276
-212
-212
-228
-228
-196
-148
-120
-112
-72
-32
-48
-32
-24
-32
0
-8
8
32
40
64
80
96
96
132
148
180
228
244
212
196
196
212
228
260
356
460
524
492
372
372
396
492
556
588
684
780
844
924
1116
1180
1116
1052
1116
1308
1436
1436
1372
1180
988
812
652
588
556
524
324
-16
-492
-844
-1052
-1052
-1180
-1244
-1372
-1500
-1564
-1564
-1564
-1692
-1756
-1820
-1692
-1436
-1244
-1116
-1180
-1180
-1116
-876
-652
-492
-396
-428
-460
-372
-340
-428
-556
-588
-524
-428
-292
-196
-244
-372
-372
-244
-148
0
104
148
180
228
260
308
308
372
492
524
588
588
524
492
372
396
460
356
308
276
356
340
244
276
228
180
180
88
148
120
24
56
64
164
292
524
1180
1756
2364
2492
2748
3260
3516
3260
2492
2108
2108
2108
1980
1820
1820
1500
684
-460
-1436
-1980
-2364
-2876
-3132
-3260
-3260
-3516
-3900
-3900
-3900
-3772
-3772
-3644
-3132
-2620
-2108
-1884
-1564
-1244
-716
-120
428
924
1244
1244
1980
2236
1564
324
-988
-716
-924
-844
-524
132
492
-308
-1308
-1756
-1180
-684
-428
-228
684
1116
716
340
716
1308
1052
492
556
1180
1244
812
292
-80
-340
-460
-148
-48
244
308
-112
-428
-396
-88
-308
-780
-924
-460
32
-40
24
164
244
260
428
812
988
924
556
308
372
588
876
924
1244
2236
3004
3644
3772
4092
4604
4860
5372
5116
4348
3388
2364
2236
2236
2108
1980
1436
492
-1052
-2492
-3260
-3260
-3260
-3516
-3900
-3900
-3516
-3260
-3388
-3388
-3516
-3772
-3900
-3388
-2364
-1692
-1564
-1756
-1628
-1052
-292
-16
-228
-556
-924
-1116
-1308
-1116
-716
-1052
-1372
-1628
-1436
-1180
-1436
-1500
-1436
-620
88
460
620
652
492
324
460
924
1308
1244
924
556
524
276
16
-460
-844
-924
-988
-1052
-1244
-1372
-1500
-1564
-1308
-812
-212
32
-56
-16
180
324
396
492
556
716
780
748
748
524
340
196
-16
196
524
716
844
780
924
1180
1244
1244
1052
1308
1980
2748
3772
4348
4604
4348
4348
4604
5372
6140
6396
5628
4092
2876
2364
1820
1308
988
876
524
-620
-2108
-3004
-3132
-3388
-3900
-4348
-4092
-3772
-3516
-3388
-3132
-3260
-3516
-3772
-3644
-2748
-1884
-1628
-1980
-1884
-1372
-924
-716
-780
-844
-1180
-1564
-1500
-716
-324
-556
-1372
-2108
-1884
-1820
-1628
-1500
-988
-308
-64
96
228
260
-260
-844
-1052
-684
-460
-492
-620
-620
-652
-812
-988
-1052
-924
-924
-924
-844
-716
-524
-428
-276
-56
492
924
1116
1308
1628
1756
1628
1500
1436
1372
1180
1052
1052
1116
988
620
308
228
460
780
1180
1500
1692
1692
1500
1372
1372
1436
1564
1980
2620
3516
4092
4348
4092
4092
4348
4348
5372
5884
5628
4092
2364
1244
556
180
-228
-180
-164
-988
-2492
-3900
-4092
-4092
-4348
-4860
-4860
-4348
-3516
-3132
-2876
-2620
-2748
-3260
-3516
-2748
-1820
-1436
-1756
-1980
-1564
-988
-492
-492
-748
-1052
-1564
-1692
-1372
-1180
-1628
-1756
-924
-212
-244
-748
-1116
-1372
-1756
-1500
-308
1180
1756
1052
-72
-684
-716
-988
-1180
-924
-428
-524
-924
-524
260
292
-428
-812
-396
196
492
524
492
492
588
876
1564
2108
2236
1980
1564
1692
1980
1884
1052
428
428
588
588
492
492
212
-276
-212
492
1244
1564
1564
1628
1756
2108
2108
2108
2108
1820
1820
1692
2108
2876
3388
3644
3388
3388
3772
4092
4860
5372
4860
3644
1692
684
48
-492
-812
-780
-260
-556
-1980
-3516
-4348
-4092
-4348
-4860
-4860
-4348
-3516
-3388
-2876
-2236
-2364
-3132
-3900
-3516
-2492
-1884
-1820
-2108
-1756
-1180
-748
-492
-588
-812
-1436
-1980
-1980
-1564
-1180
-1756
-2236
-1756
-988
-556
-1180
-1372
-1116
-716
-324
88
780
844
428
-164
-244
0
180
-244
-524
-308
132
212
40
276
492
460
120
80
396
524
356
244
748
1308
1692
1756
1628
1628
1500
1372
1116
988
876
524
148
112
396
428
56
-132
96
340
652
924
1116
1372
1628
1980
2620
2748
2620
2364
1820
1820
1980
2108
1980
2108
2620
3004
3132
2876
2748
2876
3260
4092
5372
6140
5628
3772
1628
492
-40
-148
-524
-356
-292
-1052
-2236
-3132
-3004
-3132
-4092
-4860
-4604
-3772
-3132
-3132
-2876
-2876
-3132
-3644
-3644
-2748
-2236
-2492
-2876
-2748
-1980
-1564
-1564
-1756
-1692
-1820
-2236
-2620
-2364
-2236
-3004
-3644
-2748
-1564
-1308
-1692
-1692
-988
-812
-924
-780
-96
428
340
-72
-112
356
244
-556
-748
8
356
-32
-292
244
780
716
556
748
1052
924
748
924
1372
1692
1692
1628
1756
1980
1884
1372
924
876
748
356
120
356
556
244
-16
64
396
524
524
844
1436
1980
2492
2876
3132
3260
3132
3132
3132
3132
3132
2748
2364
1980
1980
2364
2876
3004
2876
2364
2236
2492
3260
4604
5372
5116
3516
1500
292
-372
-876
-1436
-1372
-988
-1180
-1980
-2876
-3004
-3004
-3644
-4348
-4604
-3900
-3516
-3388
-3260
-2748
-2876
-3260
-3644
-3260
-2492
-2364
-2876
-3132
-2748
-2364
-2236
-2108
-1980
-1884
-2364
-2364
-1756
-1692
-1980
-2620
-2620
-2492
-1884
-1244
-652
-132
88
212
88
340
556
396
16
16
120
120
244
492
684
460
276
372
716
924
988
988
844
844
988
1244
1500
1564
1628
1500
1308
1180
1052
716
396
196
132
132
96
260
244
132
148
196
260
428
716
1052
1372
1500
1820
2108
2236
2364
2236
2364
2492
2492
2492
2236
2108
1820
1564
1180
1244
1436
1692
1884
2108
2108
1980
2236
2748
3644
4604
5116
4860
3516
1500
72
-652
-988
-1116
-1180
-1244
-1436
-1820
-2364
-3004
-3388
-4092
-4860
-5116
-4604
-3900
-3516
-3132
-2876
-2748
-2620
-2620
-2492
-2364
-2492
-2748
-2748
-2364
-1980
-1884
-1820
-1436
-1116
-1180
-1628
-1980
-1820
-1980
-2236
-2108
-1308
-112
180
24
-196
148
356
196
32
292
492
56
-260
132
844
620
132
132
684
988
780
652
716
684
308
260
588
780
620
292
260
556
876
812
460
460
716
812
748
748
924
924
716
844
1244
1500
1308
1180
1244
1436
1692
1820
1980
2236
2492
2748
2876
3004
3004
2876
2492
2364
2492
2364
1980
1436
1116
988
1436
1756
2108
2108
1820
1628
1884
2620
3388
4092
4348
4092
2876
1180
-324
-1244
-1820
-2108
-2236
-2364
-2236
-2492
-3132
-3772
-4092
-4604
-5372
-5372
-5116
-4348
-3772
-3388
-3132
-2748
-2620
-2492
-2492
-2620
-2876
-3004
-3004
-2620
-2236
-1884
-1692
-1308
-460
-228
-748
-1628
-1980
-1980
-2108
-2108
-1500
-292
212
48
0
372
844
716
396
372
748
780
492
780
1564
1692
1052
684
988
1244
988
652
524
460
260
228
556
812
780
460
356
588
876
924
556
428
684
988
1052
1052
1116
1116
924
876
1372
1692
1564
1180
1116
1372
1500
1628
1884
2108
2364
2620
3004
3260
3260
3004
2620
2364
2492
2492
2236
1692
1244
924
924
1308
1436
1500
1116
748
524
1116
1980
2620
3132
3516
3644
3004
1692
-32
-876
-1500
-1980
-2492
-2492
-2108
-2236
-2876
-3516
-3772
-4092
-4604
-5116
-4860
-4092
-3516
-3260
-2748
-1980
-1628
-1980
-2364
-2364
-2364
-2620
-2748
-2492
-2108
-1628
-1564
-684
132
-56
-1180
-1820
-1436
-1884
-2492
-2748
-1820
-988
-988
-988
-556
260
228
-132
-260
492
716
228
164
988
1436
780
228
356
716
164
-492
-652
-460
-524
-780
-588
-180
72
-148
-324
-16
524
812
652
652
1180
1692
1564
1500
1820
1980
1756
1628
1820
2108
1980
1628
1628
1820
2236
2236
2236
2620
2876
2876
2876
2876
3132
3132
2748
2620
2620
2748
2364
1980
1756
1500
1244
1052
1180
1436
1436
1052
748
684
1116
1820
2492
3004
3516
3900
3388
2108
356
-924
-1628
-2108
-2620
-3004
-2748
-2364
-2492
-3132
-3644
-4092
-4348
-4860
-4604
-3772
-3004
-2876
-2876
-2236
-1564
-1500
-1820
-2108
-2236
-2364
-2620
-2620
-2236
-2108
-1980
-1180
-428
-396
-924
-1180
-1692
-2236
-2492
-2236
-1756
-1372
-924
-524
120
620
748
492
356
684
780
460
356
652
492
148
32
244
120
-372
-876
-1180
-1180
-1308
-1180
-876
-556
-244
80
356
716
1116
1116
1052
1180
1628
1820
1820
1820
1980
1980
1884
1884
1980
1756
1308
1116
1244
1372
1436
1436
1500
1628
1756
1980
2236
2492
2492
2364
2492
2876
2876
2364
1884
1692
1564
1180
748
556
652
748
844
844
876
844
652
1116
1980
3004
3260
3388
3388
2876
1692
132
-588
-876
-1372
-2236
-2620
-2364
-1820
-2236
-3132
-3388
-3516
-3772
-4348
-3900
-3004
-2748
-2876
-2620
-1756
-1052
-1244
-1820
-2236
-2364
-2492
-2492
-2364
-2108
-1692
-1436
-748
0
-64
-524
-1564
-2236
-2492
-2492
-2108
-1756
-1244
-988
-716
-340
104
120
-24
-104
0
-88
-148
96
148
120
-48
164
96
-244
-716
-1116
-1180
-1116
-652
-164
276
620
924
1244
1628
1980
1980
1884
1884
1980
2108
2236
2236
2108
1980
1756
1692
1692
1564
1308
924
780
924
1052
988
1180
1564
1884
1980
1980
2108
2236
2236
2108
2236
2236
2108
1756
1308
1052
924
716
260
164
396
812
1052
1052
876
684
324
556
1436
2492
3388
3388
3388
3260
2620
1500
164
-524
-1244
-2108
-2748
-2748
-2108
-1980
-2620
-3260
-3516
-3516
-3772
-3900
-3644
-3260
-3132
-3004
-2620
-1692
-1308
-1500
-1980
-1980
-1820
-1980
-2236
-2492
-2492
-2364
-1564
-924
-988
-1180
-1436
-1980
-2620
-2748
-2492
-2364
-2364
-2236
-1692
-844
-324
-340
-460
-228
64
-104
-276
80
292
-180
-492
-96
244
24
-396
-524
-324
-148
-80
104
492
988
1308
1628
1980
2492
2492
2108
1820
1980
1980
1756
1564
1500
1692
1820
1884
2108
2108
1820
1372
1372
1692
1980
2108
2108
2108
2236
2236
2236
2620
2620
2364
2108
2236
2236
2236
1980
1692
1564
1436
1244
988
780
780
876
924
924
844
780
588
988
1884
2620
3132
3132
2748
2236
1564
620
-292
-988
-1564
-2364
-3132
-3132
-2748
-2492
-2876
-3388
-3644
-3644
-3772
-3772
-3388
-3132
-2876
-2876
-2364
-1692
-1372
-1692
-2364
-2620
-2620
-2620
-2748
-2620
-2236
-1820
-1628
-1756
-1756
-1500
-1820
-2620
-2620
-2108
-1756
-1980
-2236
-1980
-1308
-716
-524
-260
72
212
32
-24
428
716
120
-492
-324
324
460
196
56
56
72
104
460
924
1180
1052
988
1372
1980
2108
1884
1500
1628
1756
1628
1628
1692
1692
1564
1564
1884
2236
2108
1692
1436
1628
1884
1980
1980
1884
1884
1756
1564
1564
1692
1628
1500
1692
2108
2236
2108
1884
1564
1564
1436
1180
924
924
1116
988
924
876
780
428
196
716
1692
2492
2876
2620
2108
1756
1244
716
276
-112
-652
-1564
-2108
-2108
-1980
-2108
-2492
-2748
-3004
-3132
-3260
-3132
-3132
-3260
-3260
-3260
-2876
-2620
-2492
-2620
-3004
-3004
-3004
-2876
-2876
-2876
-2876
-2620
-1564
-460
-16
-460
-1308
-1980
-2748
-3004
-3004
-2492
-1884
-1500
-1180
-844
-372
-340
-716
-1052
-748
-460
-428
-372
-16
372
396
372
460
524
212
-80
-80
180
460
556
876
1372
1980
2364
2492
2492
2364
2108
1692
1500
1628
1820
1980
2108
2492
2876
2876
2620
2492
2364
2108
1820
1884
1980
2108
1980
1884
1884
1884
1820
1756
1756
1756
1692
1564
1628
1756
1756
1500
1372
1308
1372
1372
1436
1500
1500
1116
684
460
460
748
1244
1884
2364
2236
1884
1180
588
-96
-924
-1436
-1756
-2108
-2620
-2748
-2620
-2364
-2492
-2748
-3132
-3388
-3388
-3388
-3260
-3132
-3132
-3132
-2876
-2492
-2108
-2108
-2492
-2876
-3004
-3004
-2876
-2620
-2108
-1692
-1500
-1372
-1052
-652
-1180
-2108
-2620
-2364
-1980
-1980
-1980
-1692
-1180
-924
-684
-324
164
104
-324
-308
396
924
524
180
396
684
620
588
748
812
716
460
588
924
1052
924
844
1180
1500
1692
1500
1372
1436
1372
1308
1372
1628
1884
1884
1692
1884
2236
2108
1692
1436
1564
1628
1564
1564
1692
1628
1308
1180
1436
1692
1756
1628
1500
1692
1884
1820
1820
1756
1692
1436
1244
1308
1500
1628
1500
1500
1500
1244
844
652
780
1372
1980
2492
2620
2236
1628
924
356
-164
-428
-748
-1308
-1884
-2236
-2108
-2108
-2236
-2492
-2748
-3132
-3388
-3260
-3132
-3004
-3132
-3388
-3388
-3132
-2748
-2876
-3004
-3004
-3004
-3004
-2620
-2108
-1436
-1116
-1116
-1244
-716
-716
-1372
-1884
-2108
-1628
-1628
-1692
-1756
-1436
-1244
-1180
-1052
-460
96
-64
-340
-40
748
780
428
372
652
748
588
588
620
460
132
16
396
844
1052
924
924
1244
1500
1500
1308
1308
1308
1180
924
1116
1372
1372
1308
1436
1756
1980
1980
1756
1628
1500
1436
1244
1180
1308
1244
1116
1116
1372
1500
1500
1500
1564
1692
1756
1756
1820
1820
1692
1372
1180
1052
1116
1244
1116
988
780
492
228
164
460
1116
1628
1820
1756
1500
1052
428
-104
-228
-196
-428
-844
-1244
-1436
-1564
-1692
-1980
-2236
-2492
-2876
-3132
-3132
-3004
-3132
-3260
-3260
-2876
-2364
-2236
-2364
-2364
-2364
-2364
-2236
-1980
-1628
-1436
-1052
-844
-876
-924
-1116
-1436
-1980
-1980
-1756
-1436
-1308
-1372
-1180
-876
-684
-620
-396
-196
-56
-88
48
492
844
812
780
988
1116
1116
988
844
780
652
588
716
988
1116
988
812
844
988
1052
1116
1180
1436
1500
1628
1756
1820
1820
1692
1500
1372
1372
1308
1180
1052
988
988
748
588
588
588
492
588
780
844
876
924
988
1244
1372
1372
1372
1308
1308
1244
1372
1436
1564
1564
1244
1052
924
988
1180
1564
1692
1564
1308
988
684
228
-276
-588
-780
-988
-1052
-1052
-1052
-1244
-1500
-1756
-1980
-2108
-2236
-2364
-2364
-2236
-2236
-2364
-2364
-2492
-2492
-2492
-2620
-2620
-2492
-2492
-2364
-1628
-924
-876
-1180
-1372
-1564
-1820
-2108
-1980
-1628
-1244
-1052
-1116
-876
-620
-652
-876
-876
-556
-308
-428
-276
164
460
340
244
396
460
292
32
-16
88
132
132
396
876
1180
1180
1052
988
1052
924
716
812
1116
1372
1500
1628
1756
1756
1628
1436
1372
1244
1052
844
876
1052
1180
1116
1052
988
924
812
924
1052
1116
1180
1308
1500
1564
1692
1692
1756
1756
1692
1564
1500
1692
1756
1692
1628
1500
1372
1180
924
988
1244
1500
1500
1308
988
588
56
-396
-684
-780
-748
-876
-1052
-1180
-1180
-1372
-1628
-1980
-2108
-2236
-2492
-2492
-2364
-2236
-2364
-2492
-2492
-2492
-2492
-2492
-2492
-2492
-2492
-2236
-1980
-1820
-1820
-1756
-1756
-1820
-1756
-1628
-1436
-1308
-1308
-1308
-1116
-844
-620
-620
-588
-460
-460
-524
-372
-88
-16
-132
-180
-64
40
96
120
164
148
132
228
460
684
844
812
780
748
812
924
924
876
844
780
844
1052
1244
1308
1372
1244
1116
988
844
716
716
716
876
988
1180
1436
1436
1564
1628
1628
1692
1756
1692
1500
1436
1436
1436
1500
1628
1692
1628
1564
1372
1372
1436
1372
1372
1372
1372
1308
1180
1116
1244
1436
1500
1372
1308
1180
924
524
96
-112
-212
-228
-244
-340
-588
-988
-1436
-1820
-2108
-2492
-2620
-2748
-2620
-2492
-2236
-2108
-1980
-1980
-1980
-2108
-2236
-2492
-2492
-2492
-2236
-1884
-1756
-1756
-1884
-1980
-2108
-2108
-1980
-1820
-1692
-1692
-1564
-1308
-988
-844
-780
-684
-556
-460
-460
-396
-212
-180
-244
-164
32
132
148
228
292
212
56
64
212
276
244
212
244
260
292
396
428
524
620
716
844
1052
1244
1308
1180
1052
1052
988
924
988
1052
1180
1244
1436
1500
1628
1692
1692
1756
1884
1980
1980
1756
1692
1692
1628
1564
1628
1628
1564
1436
1372
1436
1564
1628
1564
1564
1500
1436
1180
988
988
988
1180
1372
1564
1500
1180
716
460
340
120
-32
-112
-132
-276
-524
-684
-876
-1244
-1820
-2236
-2492
-2620
-2876
-2876
-2620
-2492
-2364
-2236
-2108
-2108
-2236
-2492
-2620
-2620
-2492
-2236
-2236
-2236
-2108
-1980
-2108
-2108
-1980
-1692
-1436
-1372
-1244
-1052
-876
-812
-684
-556
-492
-460
-492
-428
-244
-80
-72
-64
8
148
276
372
428
428
372
292
324
428
460
428
396
428
460
524
620
652
652
716
812
924
1116
1244
1244
1244
1180
1244
1116
1180
1244
1308
1180
1116
1180
1308
1436
1436
1500
1628
1756
1628
1564
1436
1372
1244
1052
1116
1372
1436
1436
1436
1564
1628
1500
1180
988
988
780
748
924
1180
1180
924
876
1052
1052
924
652
396
196
0
-164
-244
-244
-212
-292
-460
-684
-924
-1372
-1980
-2492
-2748
-2748
-2748
-2748
-2492
-2108
-1884
-1884
-1980
-2108
-2364
-2492
-2620
-2492
-2364
-2364
-2236
-1980
-1692
-1372
-1244
-1244
-1372
-1372
-1372
-1308
-1116
-988
-844
-716
-492
-196
8
0
-228
-356
-372
-276
-120
72
212
180
112
212
340
228
72
120
120
180
324
428
492
460
524
652
716
748
748
812
924
1180
1436
1564
1628
1628
1500
1500
1372
1372
1372
1308
1244
1244
1308
1500
1628
1692
1756
1756
1756
1692
1564
1436
1244
1244
1308
1436
1500
1564
1564
1436
1308
1244
1116
1052
988
924
876
876
876
748
684
588
492
460
460
372
292
228
164
56
-24
-132
-396
-684
-924
-988
-1052
-1180
-1372
-1564
-1884
-2236
-2364
-2492
-2492
-2364
-2364
-2236
-1980
-1980
-1980
-2108
-2236
-2236
-2364
-2364
-2108
-1980
-1980
-1820
-1692
-1564
-1372
-1244
-1308
-1244
-1244
-1180
-1116
-1052
-876
-780
-876
-812
-780
-748
-748
-748
-620
-556
-492
-308
-112
-24
8
104
132
196
244
324
372
428
620
748
748
748
780
780
748
812
988
1244
1436
1628
1756
1756
1820
1820
1692
1692
1564
1500
1500
1564
1756
1980
1980
1884
1884
1980
1980
1884
1980
1980
1980
1692
1436
1372
1372
1244
1116
1116
1052
924
684
524
492
492
524
396
428
428
292
164
-56
-148
-244
-356
-396
-524
-524
-492
-460
-356
-372
-524
-588
-588
-492
-428
-492
-556
-716
-780
-812
-924
-988
-924
-924
-1052
-1052
-1116
-1116
-1180
-1308
-1308
-1308
-1180
-1244
-1308
-1308
-1244
-1308
-1308
-1244
-1180
-1180
-1244
-1308
-1180
-1180
-1116
-1116
-1116
-1052
-1116
-1052
-988
-924
-1116
-1308
-1308
-1180
-1052
-876
-684
-780
-924
-844
-684
-492
-556
-524
-180
228
372
80
-104
148
428
428
196
132
748
1180
1116
780
812
1372
1692
1628
1116
988
1308
1692
1756
1116
1052
1500
1980
1820
924
524
988
1436
1500
716
428
1180
1500
1500
588
180
812
1180
1308
588
8
684
1116
1244
844
48
372
876
924
748
132
132
524
524
396
104
-132
164
396
260
-132
-652
-396
120
96
-8
-276
-308
228
324
-48
-524
-924
-620
-148
-276
-524
-748
-780
-588
-556
-684
-924
-1116
-924
-652
-556
-684
-924
-988
-620
-492
-588
-748
-780
-620
-492
-524
-588
-716
-524
-372
-620
-780
-876
-988
-748
-780
-924
-1052
-1052
-716
-652
-684
-684
-780
-524
-460
-556
-588
-460
-244
-72
-48
-80
40
56
96
0
-148
-260
-276
-16
96
244
260
228
524
652
428
32
-180
276
652
716
492
180
652
1180
1116
748
524
620
780
652
460
588
716
924
1116
1052
780
340
372
748
780
524
228
460
1052
1052
588
292
372
684
844
492
132
112
372
460
96
-132
-112
40
244
148
-8
24
-8
48
132
-88
-212
-104
-24
0
-112
-276
-244
-112
-56
-180
-180
180
260
16
-244
-356
-212
-212
-428
-492
-372
-228
-64
-244
-428
-396
-492
-524
-460
-428
-428
-428
-428
-460
-428
-428
-620
-588
-556
-652
-780
-988
-988
-812
-748
-876
-988
-684
-228
-244
-460
-588
-524
-356
-340
-620
-716
-524
-428
-460
-588
-620
-620
-556
-524
-428
-180
120
244
276
372
460
620
652
556
556
812
844
716
620
652
716
780
780
620
524
428
492
652
620
620
812
1052
1116
924
876
924
812
652
684
748
876
924
812
812
812
716
588
428
260
180
196
132
56
0
-104
-212
-148
8
-24
-112
-120
-180
-164
-104
-104
-32
32
64
88
-32
-228
-276
-148
-148
-244
-260
-228
-308
-428
-556
-812
-812
-620
-428
-372
-372
-356
-276
-292
-356
-372
-324
-276
-196
-132
-164
-196
-324
-492
-556
-556
-556
-556
-620
-620
-588
-588
-524
-372
-276
-324
-460
-524
-428
-372
-324
-324
-396
-524
-492
-524
-556
-588
-620
-684
-684
-492
-324
-180
-96
0
88
212
308
356
308
228
164
196
308
324
196
132
164
164
292
372
372
372
324
308
428
588
716
748
812
876
876
844
844
748
716
748
780
876
924
844
748
556
492
324
148
120
104
132
228
292
260
244
244
276
292
396
460
492
492
396
356
308
276
292
164
16
-40
-72
-228
-396
-428
-460
-492
-556
-556
-492
-396
-372
-372
-308
-292
-308
-356
-396
-372
-292
-228
-148
-132
-148
-164
-244
-372
-524
-652
-716
-620
-652
-780
-844
-844
-780
-652
-620
-588
-492
-356
-244
-180
-212
-308
-372
-372
-428
-460
-428
-396
-396
-372
-356
-396
-340
-212
-72
48
148
228
276
324
324
292
228
228
212
292
324
276
292
308
308
292
244
260
276
308
308
340
396
428
524
652
684
684
652
620
556
460
340
292
372
524
652
620
460
324
164
80
48
0
-80
-80
24
80
132
228
340
372
372
356
372
460
492
524
524
524
524
428
308
196
104
24
-64
-148
-244
-308
-356
-340
-372
-372
-308
-324
-324
-196
-164
-196
-244
-260
-276
-292
-340
-340
-324
-372
-356
-340
-396
-428
-492
-620
-716
-748
-716
-748
-748
-556
-460
-460
-428
-492
-556
-620
-684
-716
-716
-620
-524
-492
-492
-460
-396
-372
-356
-324
-324
-292
-244
-112
56
180
244
244
244
228
212
180
164
180
212
260
308
356
428
460
372
292
276
308
340
340
340
340
428
556
620
652
652
588
588
620
588
556
492
428
428
428
492
460
428
324
196
132
96
96
72
88
164
276
396
492
460
396
340
324
308
324
340
324
260
196
196
228
148
24
-80
-148
-72
-16
-8
-72
-96
-120
-148
-180
-260
-260
-180
-88
-40
0
8
-8
-88
-148
-164
-132
-148
-180
-196
-244
-324
-396
-460
-524
-556
-556
-492
-396
-308
-356
-428
-460
-428
-396
-396
-428
-492
-524
-524
-524
-524
-524
-556
-588
-652
-684
-620
-588
-556
-428
-356
-276
-148
-40
-24
-88
-132
-104
-80
-16
-16
-120
-112
-8
64
80
120
120
164
244
260
292
292
308
292
212
164
180
180
148
132
164
196
260
372
396
396
340
292
308
340
356
292
276
244
228
196
120
56
32
88
276
428
492
460
428
428
492
588
556
460
396
324
308
356
396
356
276
196
164
212
276
292
292
228
180
148
212
324
356
276
212
180
96
0
-64
-112
-96
-88
-132
-196
-212
-196
-180
-212
-308
-372
-428
-492
-492
-460
-428
-428
-396
-396
-428
-428
-428
-460
-460
-460
-460
-460
-428
-396
-428
-492
-524
-524
-524
-492
-396
-356
-308
-244
-132
-72
-56
-72
-40
8
32
112
164
148
132
148
132
132
132
96
32
-48
-56
-32
8
16
-16
-24
0
56
132
180
164
196
196
292
396
356
308
292
308
244
180
112
56
-32
-80
-16
-8
16
64
96
104
164
196
180
164
148
112
72
148
292
324
292
276
244
196
88
48
8
-32
-48
-8
16
-8
16
40
24
64
112
132
180
196
180
180
244
212
180
132
48
-24
-72
-112
-132
-228
-276
-244
-260
-228
-228
-276
-308
-372
-428
-460
-460
-428
-428
-396
-340
-308
-308
-340
-396
-428
-396
-428
-396
-292
-212
-88
-40
-8
0
16
0
-64
-32
0
8
88
148
148
164
212
276
292
228
132
148
180
228
276
244
180
148
148
120
132
148
180
196
244
340
428
524
556
620
620
556
428
324
244
96
0
-16
0
24
8
-64
-112
-148
-148
-120
-132
-132
-40
32
104
164
212
212
228
212
148
96
72
48
0
80
96
96
148
132
96
80
56
0
-40
-56
-48
-16
40
96
164
132
24
-56
-132
-180
-212
-228
-260
-276
-292
-276
-276
-340
-428
-460
-460
-428
-460
-460
-460
-428
-428
-372
-356
-356
-340
-324
-340
-340
-340
-356
-372
-428
-460
-460
-492
-396
-340
-276
-212
-164
-80
-40
-88
-148
-132
-48
8
24
16
8
88
180
244
260
228
164
148
164
164
164
164
148
180
228
276
308
324
324
308
308
292
324
324
340
308
292
372
428
396
356
276
228
228
212
244
308
324
324
356
428
396
460
460
460
428
460
492
524
524
492
524
460
372
340
276
212
164
72
16
0
-24
-32
-16
-8
-16
-32
8
24
-16
-72
-56
-8
-24
-48
-40
-88
-180
-212
-260
-308
-292
-276
-340
-428
-524
-588
-588
-620
-684
-716
-716
-652
-620
-588
-556
-556
-588
-588
-524
-460
-396
-324
-292
-292
-324
-372
-396
-372
-356
-340
-308
-292
-244
-244
-276
-244
-180
-180
-212
-196
-164
-180
-180
-180
-112
-32
24
120
148
148
148
96
40
48
80
96
72
72
148
196
196
180
164
120
112
132
196
260
308
308
324
396
396
396
428
372
356
340
324
356
340
308
356
396
372
396
356
372
372
372
396
492
524
492
524
524
556
492
372
340
372
356
292
276
276
244
196
212
244
228
212
196
132
164
164
64
-24
-72
-96
-148
-228
-292
-324
-340
-356
-324
-260
-244
-276
-324
-372
-372
-340
-356
-372
-460
-460
-428
-356
-292
-276
-276
-308
-308
-260
-260
-244
-324
-372
-340
-356
-324
-340
-340
-356
-340
-308
-244
-260
-292
-260
-260
-244
-180
-64
0
40
80
96
132
132
112
96
48
0
-24
-16
-32
0
8
-16
0
8
0
-72
-88
-112
-104
-112
0
96
148
228
308
372
356
340
308
292
212
196
196
180
196
180
180
164
112
72
88
148
164
148
164
164
212
244
244
212
212
228
244
228
228
244
276
292
260
244
228
228
132
32
56
32
-8
-56
-112
-104
-112
-120
-148
-196
-228
-276
-276
-244
-228
-228
-260
-324
-356
-308
-276
-276
-228
-276
-340
-396
-356
-276
-292
-276
-292
-308
-276
-196
-80
-40
-56
-56
-32
-24
16
40
0
-8
-8
32
80
80
32
-16
-8
32
64
120
148
132
180
212
228
228
180
164
164
132
148
148
88
72
80
72
32
24
48
32
0
-32
0
104
196
276
260
228
196
212
180
148
72
56
112
148
132
96
88
56
16
48
72
32
40
16
56
132
132
164
196
228
228
212
212
276
276
228
180
164
120
72
40
-32
-88
-132
-164
-196
-244
-276
-292
-324
-356
-372
-428
-428
-428
-460
-428
-428
-396
-340
-324
-324
-308
-324
-308
-292
-276
-260
-276
-276
-228
-228
-260
-292
-324
-356
-340
-244
-132
-32
32
48
48
56
0
-32
-40
-72
-88
-88
-24
40
16
32
64
132
132
120
96
32
32
72
120
180
228
212
212
212
276
276
260
260
228
244
244
276
228
180
164
132
148
180
180
180
180
180
212
276
324
372
356
340
340
356
372
428
428
428
372
292
244
212
196
148
148
180
228
276
276
228
212
228
196
132
88
104
72
56
40
48
56
16
16
-16
-104
-148
-148
-112
-96
-96
-96
-148
-148
-228
-292
-356
-428
-492
-492
-460
-460
-428
-396
-372
-372
-372
-340
-292
-292
-324
-356
-340
-356
-396
-460
-492
-492
-492
-492
-460
-428
-428
-428
-356
-308
-244
-196
-196
-180
-180
-180
-164
-132
-180
-196
-164
-132
-112
-96
-56
-56
-72
-104
-104
-48
-8
0
64
56
88
132
164
164
148
96
112
148
148
164
196
228
292
324
324
396
396
372
356
356
428
428
460
524
492
492
556
588
556
460
428
396
428
460
428
396
340
308
356
340
276
228
196
164
212
228
180
148
132
148
148
148
164
148
104
72
24
16
0
-40
-64
-132
-164
-180
-164
-180
-196
-244
-324
-340
-308
-308
-292
-276
-276
-292
-308
-308
-276
-276
-276
-276
-260
-260
-260
-308
-340
-396
-396
-340
-324
-324
-324
-324
-292
-244
-180
-132
-148
-148
-132
-164
-180
-228
-228
-212
-196
-132
-120
-120
-164
-196
-148
-164
-148
-132
-148
-120
-72
-64
0
56
64
104
148
180
196
164
132
120
112
148
132
96
64
40
40
64
80
104
132
180
244
324
372
428
460
428
428
396
428
396
356
356
340
308
324
308
308
276
212
212
196
180
148
132
180
196
196
212
196
148
132
132
132
96
88
24
-16
-16
0
-56
-112
-96
-148
-164
-164
-228
-228
-164
-180
-180
-196
-244
-228
-276
-324
-340
-292
-260
-260
-276
-292
-324
-292
-260
-292
-340
-324
-276
-244
-244
-260
-228
-212
-180
-148
-112
-88
-56
-64
-72
-88
-96
-88
-120
-132
-164
-148
-148
-132
-112
-148
-164
-180
-180
-120
-32
0
16
32
72
132
132
164
212
212
180
212
244
276
244
196
164
72
48
64
88
88
72
8
0
48
120
180
244
276
276
292
260
276
260
244
260
228
196
148
132
132
120
148
164
180
196
212
196
164
148
148
148
112
88
64
64
48
0
-24
-24
-24
-16
-32
0
0
-24
-8
-24
-8
-16
0
0
8
24
0
-48
-48
-40
-80
-104
-120
-132
-164
-180
-148
-148
-180
-228
-228
-260
-244
-228
-244
-244
-212
-228
-260
-276
-244
-196
-164
-164
-148
-132
-96
-64
-56
-24
8
16
0
8
-8
-24
-48
-72
-96
-112
-120
-88
-48
-32
-32
-24
24
40
40
72
88
132
104
32
40
72
72
64
40
32
8
16
0
-24
-32
-24
24
64
48
32
56
56
88
164
212
228
276
292
292
212
164
164
80
0
-32
-24
0
48
24
8
8
0
16
24
56
48
8
-8
-32
-40
-24
-40
-56
-72
-80
-64
-96
-112
-80
-64
-64
8
72
80
48
0
-8
-8
-16
-24
-24
32
8
0
8
16
16
0
-8
-16
-8
-40
-32
-48
-48
-64
-104
-104
-104
-148
-196
-196
-164
-112
-112
-80
-32
-8
0
24
48
64
56
40
48
48
88
80
32
-8
-40
-80
-112
-132
-148
-132
-120
-64
8
48
64
72
88
132
164
180
180
180
164
80
56
32
16
16
0
8
-8
-8
24
72
112
132
148
164
164
148
132
148
180
196
228
228
212
