SAMPLES:	8816
BITSPERSAMPLE:	16
CHANNELS:	1
SAMPLERATE:	16000
NORMALIZED:	FALSE
-8
0
0
0
0
0
0
0
0
0
0
0
0
0
0
0
8
8
8
8
16
8
8
8
8
8
8
8
8
8
8
16
16
16
16
16
16
16
16
16
16
8
16
16
16
16
16
16
16
16
16
16
16
16
8
8
8
8
8
8
8
8
16
8
8
8
8
0
0
0
0
0
0
-8
0
0
-8
0
-8
-8
-8
0
-8
-8
-8
-8
-8
-8
-8
-8
-8
-16
-16
-16
-16
-16
-8
-8
-16
-8
-8
-8
-8
-8
-8
0
0
-8
-8
-16
-16
-16
-8
-8
-8
-8
-8
-16
-8
-8
-8
-8
-8
-8
-8
-16
-16
-8
-16
-8
-8
-8
-8
-8
-8
-8
-8
-8
-8
0
0
0
0
0
0
0
0
0
0
0
0
0
0
0
0
0
8
8
8
8
8
16
8
16
16
16
16
24
16
16
24
24
24
24
24
16
24
24
24
16
24
16
16
16
16
16
16
16
8
8
0
0
8
8
0
8
8
0
0
0
0
0
0
0
0
0
-8
-8
-8
-8
-8
-8
-8
-8
-8
-8
-16
-16
-16
-16
-16
-16
-24
-16
-24
-16
-16
-16
-8
-8
-8
-8
-8
-8
-8
-8
-8
-8
-8
0
0
0
0
-8
-8
0
0
0
0
0
0
0
0
0
0
0
0
0
8
0
0
8
0
0
8
8
8
8
8
8
8
8
8
0
0
8
8
0
8
0
8
8
8
0
8
0
0
0
0
8
8
0
8
8
8
0
0
0
0
56
16
-40
-16
8
24
-8
-8
0
48
32
-40
-56
24
48
-8
-32
-8
32
8
-24
-16
24
32
-16
-32
0
16
0
-24
-8
0
0
-16
-16
0
-8
-8
-16
-8
0
-8
-24
-16
0
0
-8
-16
-8
0
-8
-16
-8
0
-16
-16
-8
-8
-16
8
0
-8
-24
-24
-8
-8
0
-8
16
16
0
-16
-24
0
8
8
0
0
0
8
0
0
0
8
8
0
0
8
0
0
8
8
8
8
8
0
8
16
8
8
8
8
8
0
0
16
8
16
16
8
16
16
8
0
8
16
8
0
0
16
16
0
0
32
32
-16
-16
-8
8
0
-16
0
24
32
-8
-24
0
16
0
-16
-24
0
0
-8
-24
0
8
-8
-24
-16
0
0
-16
-24
0
0
-8
-24
-8
-8
-8
-16
-16
-8
-8
-16
-32
-16
0
-16
-16
-16
-8
0
-16
-8
-8
-8
-8
0
-16
0
0
0
-8
-8
0
0
0
0
-8
0
16
0
0
8
0
8
16
8
0
16
24
0
0
8
16
16
0
0
8
16
16
0
0
24
24
0
0
8
24
16
0
8
16
16
16
-8
24
32
16
0
-16
8
24
0
0
16
8
0
-8
-8
0
8
-8
-24
0
0
-16
0
0
-8
-24
0
-8
0
-16
-24
0
-8
-24
-32
0
0
-8
-24
-8
-8
-8
-24
-40
0
8
-16
-24
-24
0
0
-32
-24
0
0
-24
-16
0
0
-8
-16
-16
8
0
0
-8
-24
8
8
0
0
0
-8
32
0
8
0
24
40
-8
0
8
48
8
8
8
32
24
-16
0
40
40
-8
8
32
48
8
-8
8
48
24
-24
8
40
64
-16
-32
48
32
0
-16
16
40
40
-8
-32
48
24
0
-16
-16
40
16
-32
-8
32
24
-32
-32
0
16
40
-64
-48
56
-8
-32
-56
-16
40
0
-32
-104
48
32
-48
-88
16
40
-32
-48
-96
16
48
-40
-132
16
48
-40
-72
-56
0
0
-24
-80
0
48
-64
-56
-16
16
8
-72
-56
48
8
-48
-24
8
8
-8
-16
0
32
-24
0
16
-16
0
0
0
24
24
0
-8
56
56
-48
8
104
48
-40
0
80
24
8
0
0
120
56
-40
0
40
112
-48
-16
64
48
64
-56
16
32
48
32
-40
8
64
32
-32
-32
56
32
-32
24
-48
16
48
-24
8
-16
24
0
-32
16
-64
0
48
-8
-64
-24
16
0
-8
-24
-40
-24
48
-48
-48
8
-24
-40
-24
0
-8
-56
-32
-40
0
56
-64
-72
-8
32
-48
-56
-16
0
8
-48
-40
8
8
-8
-64
-16
24
16
-64
-40
56
0
24
-72
0
0
24
-16
0
56
-40
-16
0
40
-8
-8
8
24
8
-24
32
56
0
16
-40
32
32
-16
-8
16
104
-40
0
24
8
32
-24
8
0
56
0
0
16
48
0
8
48
8
56
16
-32
8
56
16
16
24
24
64
56
-80
0
112
8
-8
8
0
48
24
-40
16
16
40
-64
-16
48
24
-56
-40
24
64
-32
-56
-24
40
40
-120
-48
24
64
-104
-132
40
80
-64
-96
-48
32
32
-104
-132
32
40
-96
-88
40
0
-40
-88
-72
88
8
-148
-16
80
8
-32
-88
-32
-8
56
0
-32
0
48
-40
24
32
-72
24
56
-8
-16
32
32
0
-8
96
-16
72
32
-32
80
16
16
-24
64
104
-40
32
72
-8
-80
-48
180
40
-64
-8
24
96
40
-112
-88
244
-16
-96
48
48
64
-80
-16
-72
120
32
-212
-8
148
24
-132
0
16
-72
48
-32
-132
112
8
-132
16
48
-80
-72
32
-132
-24
112
-72
-56
-132
56
48
-72
-64
-132
164
180
-164
-112
-32
32
104
-164
0
48
96
8
-244
104
164
-120
-64
8
80
120
-56
-88
-16
148
40
-120
-16
112
24
-88
72
80
-8
16
0
8
0
132
-72
-88
148
72
-40
64
64
-72
24
72
24
-112
96
40
-80
164
-32
-80
164
-24
-48
64
212
-88
-112
180
-132
-8
164
-132
-96
196
112
-104
-40
-16
-72
132
88
-244
64
164
-80
-32
88
0
-80
112
-72
-40
40
0
-48
-80
-8
32
148
-56
-148
-40
120
32
-112
-80
-48
148
32
-64
-56
8
-40
-72
48
-48
0
40
-148
0
56
-80
-96
-80
8
0
-8
8
-48
-56
-24
-40
-8
8
-80
-64
32
40
0
-120
32
48
-80
-48
0
0
24
-72
-80
120
24
-104
-112
56
120
-132
-88
40
8
-16
-48
0
32
-8
-180
40
196
-8
-88
-24
80
104
24
-112
16
88
0
48
32
96
32
-132
80
132
56
8
-196
104
164
32
-80
-72
164
0
0
104
32
80
-56
-132
80
104
32
-164
24
196
96
-16
-104
-8
132
104
-40
0
32
0
-16
-32
48
132
0
-72
-8
148
56
-132
-96
24
96
32
-88
-48
16
32
40
-32
-64
32
0
-32
96
-8
-64
-24
24
40
8
88
-24
-88
8
24
8
-24
-64
-16
32
0
0
-16
-40
-56
-8
40
-8
-64
-32
-16
-8
56
-40
-88
0
-16
16
-8
-48
-64
-48
8
-32
-40
-8
16
0
16
56
16
-104
-104
16
48
-8
-24
0
-48
-16
-24
-40
16
24
16
8
-8
0
-24
-56
-40
32
32
-16
-40
32
8
-32
-24
-8
72
24
-40
-8
56
24
-24
-24
32
32
24
-32
-16
56
-8
-88
-56
72
8
-64
-24
-16
-8
-8
-48
-48
24
16
-32
8
16
-48
-80
-32
16
24
-8
-32
0
32
32
-24
0
48
16
0
64
96
32
-24
0
48
64
8
-24
56
88
48
56
96
112
48
56
64
88
120
24
40
64
96
64
24
48
24
32
56
56
72
40
-24
0
16
-32
-8
32
64
32
-8
24
0
-72
-48
-24
16
32
-24
0
0
16
-48
-132
-104
-48
-56
-104
-88
-32
-16
-72
-96
-88
-64
-24
-88
-88
-8
-24
-56
-56
-64
-56
-64
-56
-72
-96
-88
-112
-132
-72
-16
24
0
-64
-48
-32
-24
-72
-104
-32
16
24
-8
-8
-8
-48
-32
0
8
48
56
16
0
-8
-32
-24
-24
0
64
64
64
64
48
32
-8
40
120
112
132
148
148
120
48
8
8
0
56
56
72
80
48
24
-16
24
48
16
0
-24
8
32
-8
0
32
64
0
-24
-40
-16
-24
-48
-32
16
56
24
24
16
24
0
-40
-16
32
8
-8
-8
0
8
-32
-64
-72
-56
-16
24
56
40
-24
-72
-80
-56
-32
0
16
16
-16
-32
-56
-64
-40
-32
48
80
56
40
16
16
24
16
32
104
148
120
48
56
88
120
180
212
260
244
212
180
180
212
212
228
244
228
212
180
120
80
56
0
0
-40
-48
-64
-96
-180
-244
-292
-356
-340
-372
-372
-396
-460
-524
-524
-524
-524
-524
-524
-492
-460
-460
-460
-428
-396
-396
-324
-260
-196
-212
-212
-228
-196
-120
-72
-8
24
8
-24
-40
-32
-40
-40
-16
24
132
244
276
228
196
212
244
276
244
244
260
260
244
324
428
428
396
396
356
308
212
132
120
244
356
372
428
556
812
1116
1500
1628
1820
2364
2748
2748
2108
1436
1180
1244
1244
1052
924
1052
684
-308
-1500
-2108
-2108
-2236
-2620
-2748
-2620
-2492
-2620
-3132
-3260
-3004
-3004
-3132
-2876
-2236
-1436
-1116
-1244
-1116
-588
-8
356
556
748
844
652
460
492
924
988
148
-876
-1116
-588
-372
-652
-780
-212
292
104
-492
-716
-196
308
244
164
716
1180
780
260
428
924
876
324
0
228
556
460
-148
-684
-684
-492
-460
-460
-356
-180
-292
-556
-460
-228
-228
-556
-620
-244
120
292
324
80
-24
132
228
340
396
524
556
588
428
340
460
876
1884
3516
5628
7420
7932
6908
5372
3644
2364
1884
2236
3260
4092
4092
3260
1756
-96
-2236
-3900
-4604
-4604
-4092
-3772
-3388
-3132
-3004
-3516
-4092
-4604
-4348
-4092
-3516
-2876
-2236
-1756
-1372
-1116
-780
-228
148
292
72
-164
-524
-1180
-1884
-2492
-2748
-2620
-2236
-1884
-988
-292
-428
-1052
-1436
-988
-460
132
684
1628
2364
2236
1436
844
1052
1308
988
620
652
588
-16
-748
-924
-876
-1180
-1436
-1436
-1180
-716
-524
-812
-1180
-988
-556
-244
0
372
652
716
684
812
844
620
164
-244
-588
-876
-876
-812
-812
-652
-196
96
64
120
196
228
308
460
684
1180
2108
3260
4348
5628
6652
7932
8316
7420
5628
3772
2748
2876
3004
2876
3132
3388
3004
1116
-1436
-3388
-4092
-4348
-4604
-4604
-4092
-3004
-2492
-2620
-2748
-3004
-3644
-4348
-4604
-3644
-2364
-1564
-1500
-1308
-748
0
212
-164
-748
-1244
-1500
-1692
-1820
-1980
-2492
-3260
-3388
-2876
-2364
-1820
-1116
-324
164
196
260
428
620
620
460
748
1116
876
-24
-844
-1052
-924
-1052
-1372
-1436
-1500
-1820
-1980
-1564
-876
-588
-492
-308
0
524
652
340
180
324
780
1116
1628
1980
1980
1500
988
620
276
-64
-620
-1180
-1308
-988
-428
96
340
428
620
924
1244
1500
1628
1756
1820
1756
1820
2108
2748
3900
5116
6140
7164
8316
9340
7676
4348
1500
652
1052
1308
1244
1564
2492
2108
-260
-3388
-4860
-5116
-5372
-6140
-5884
-4092
-1980
-1372
-1756
-2108
-2236
-3132
-4348
-4860
-3388
-1980
-1500
-1884
-1628
-556
148
-164
-924
-1372
-1692
-2108
-2364
-2364
-2364
-2876
-3644
-3644
-2876
-1980
-1980
-2108
-1628
0
1820
3260
3516
2620
1628
652
-112
-588
-292
164
396
-16
-460
-620
-812
-1308
-1980
-2236
-1884
-988
-180
556
1436
1980
1980
1564
1308
1436
1500
1116
620
428
588
812
748
620
212
-260
-812
-1372
-1628
-1692
-1692
-1756
-1500
-748
-72
292
396
524
988
1564
2236
2620
2748
2748
2492
2108
1756
1820
1980
2748
3644
4348
5116
6140
7420
7932
6140
3132
684
24
308
396
684
1820
3132
2748
148
-2748
-4092
-4348
-4604
-5628
-5372
-3772
-1980
-1116
-1116
-1180
-1756
-3004
-4604
-4860
-3516
-2236
-1980
-2492
-2108
-716
396
524
-212
-1116
-1884
-2364
-2748
-3004
-3260
-3900
-4092
-3644
-2492
-1756
-1628
-1884
-1756
-924
924
2876
3772
3004
1692
812
524
164
-228
64
748
988
324
-340
-556
-556
-1116
-1692
-1372
-148
684
924
1436
2492
3132
2620
1692
1116
988
748
40
-652
-748
-460
-460
-780
-924
-748
-748
-1244
-1628
-1500
-1244
-1244
-1244
-812
-132
324
524
716
1116
1628
2108
2364
2748
3132
3388
3132
2492
1820
1180
620
324
1052
2364
3388
4092
5116
6908
8316
7164
4348
1628
684
924
988
1052
1980
3388
3388
1052
-1820
-3260
-3772
-4860
-6140
-6396
-4604
-2492
-1436
-1116
-812
-988
-2236
-3900
-4604
-3772
-2748
-2620
-2876
-2108
-588
492
524
-212
-1180
-2364
-3644
-4348
-4604
-4604
-4860
-4860
-4092
-2876
-1820
-1500
-1692
-1564
-324
1372
2748
3388
3004
2492
1500
620
-96
-212
228
556
356
-196
-372
-148
-212
-652
-748
-396
260
844
1500
2492
3132
3132
2364
1628
1308
924
196
-652
-1116
-1116
-844
-652
-428
-196
-180
-556
-924
-1052
-1116
-1308
-1564
-1500
-812
196
924
1372
1628
2236
2748
3132
3388
3772
3772
3644
3260
2620
2236
1628
748
16
-64
524
1308
1820
2364
3388
5372
7164
7676
6652
4092
1980
1180
988
716
812
1564
2236
1436
-556
-2492
-3644
-4348
-5372
-6396
-6140
-4604
-2748
-1692
-1308
-1180
-1628
-2748
-3900
-3900
-3260
-2748
-2876
-2876
-2236
-988
-228
-396
-1180
-2236
-3260
-4092
-4348
-4348
-4604
-4860
-4604
-3132
-1308
-180
0
164
844
1884
2620
2492
2108
1372
620
-196
-324
460
1116
924
48
-396
-164
148
-64
-492
-492
56
780
1436
2236
2876
2492
1692
876
524
460
112
-684
-1244
-1372
-1052
-588
-260
-32
-24
-228
-372
-96
356
372
-132
-524
-324
396
988
1180
1244
1436
1884
2492
3004
3388
3516
3388
2876
2492
2108
1628
876
148
-212
-112
244
812
1564
2236
2748
3644
5372
7420
8316
7164
4348
2236
1308
812
56
-372
244
1052
588
-1308
-3132
-3900
-4604
-5884
-7164
-6652
-4860
-3132
-2364
-1820
-1308
-1244
-2108
-3132
-3260
-2748
-2620
-3132
-3516
-2620
-988
24
24
-524
-1244
-1980
-2876
-3388
-3900
-4348
-4604
-4092
-2364
-556
492
620
988
2108
3388
3260
2364
1564
812
-56
-620
-180
844
1564
1116
340
-32
196
-88
-876
-1308
-1052
-588
40
876
1692
1820
988
48
-372
-356
-372
-844
-1436
-1628
-1244
-620
-120
276
428
428
396
620
1052
988
324
-428
-684
-180
652
1244
1372
1372
1500
1820
2492
3004
3132
3004
2748
2876
2876
2748
2236
1564
988
780
988
1308
1500
1692
1884
2364
2876
3772
5372
6908
7676
6396
4092
2108
844
-324
-1692
-2108
-1308
-132
-324
-1884
-3388
-4092
-4604
-5884
-6652
-6396
-5116
-3772
-2876
-1756
-524
-372
-1564
-3004
-3132
-2364
-2236
-2876
-3132
-2492
-1180
-212
16
-428
-1244
-2364
-3260
-3772
-3900
-4092
-4348
-3900
-2492
-396
1436
2492
2748
2364
1820
1500
1180
716
460
844
1692
2236
2364
1884
1244
428
-460
-1116
-1052
-876
-924
-684
132
1052
1372
988
372
-8
-228
-396
-588
-684
-684
-524
-292
72
556
876
716
460
460
716
924
716
292
-32
-132
-56
212
460
812
1052
1244
1884
2620
3260
3388
3260
3260
3260
3516
3388
2748
2236
1820
1436
924
652
396
48
-8
292
988
1564
1820
2364
3772
5884
6908
6140
4092
1980
652
-556
-1692
-2108
-1500
-988
-1692
-3004
-3772
-3900
-4348
-5372
-6396
-6140
-4860
-3516
-2492
-1628
-988
-988
-1628
-1980
-1628
-988
-1180
-1980
-2236
-1564
-492
-132
-428
-844
-1180
-1692
-2364
-2748
-3260
-3900
-4092
-2876
-1244
308
1244
1564
1372
1116
1180
1308
1628
1564
1372
1372
1756
1884
1308
460
-324
-924
-1436
-1756
-1692
-1628
-1884
-2108
-1692
-924
-396
-492
-780
-780
-556
-276
-120
16
212
556
876
1244
1628
1756
1372
844
748
988
1244
1116
780
588
684
988
1116
1116
1052
988
1180
1820
2620
3132
3260
3260
3260
3644
3772
3516
2876
2236
1820
1436
1116
748
492
292
324
716
1308
1756
1756
1564
2108
3644
5372
6140
5372
3772
2236
588
-988
-2108
-2364
-2108
-2236
-2748
-3132
-3132
-3260
-4092
-4860
-5372
-5116
-4348
-3388
-2364
-1372
-844
-924
-1052
-988
-780
-988
-1756
-2364
-2492
-2108
-1820
-1692
-1756
-1564
-1436
-1564
-1756
-2108
-2492
-2748
-2620
-2108
-1116
-48
588
716
844
1116
1692
1756
1244
652
308
244
72
-148
-428
-748
-1372
-1980
-2108
-1980
-1820
-1980
-1980
-1436
-716
0
428
556
716
844
924
1052
1244
1372
1244
1180
1372
1628
1692
1436
1052
844
780
716
556
428
324
212
324
588
924
1116
988
1116
1628
2108
2492
2748
2876
3132
3260
3260
3132
2876
2364
1628
876
276
-112
-492
-812
-748
-148
524
1052
1372
1500
1500
1980
3260
4860
5884
5628
4860
3772
2364
620
-812
-1692
-2108
-2620
-3004
-3004
-2620
-2620
-3260
-4092
-4092
-4092
-3900
-3644
-2876
-1884
-1116
-812
-716
-556
-492
-876
-1372
-1692
-1820
-1884
-1980
-1980
-1756
-1628
-1692
-1564
-1116
-1180
-2236
-3132
-3004
-2492
-2364
-2236
-1436
-396
228
196
32
260
276
-212
-844
-748
-196
-356
-1052
-1244
-652
-356
-716
-1116
-1180
-988
-716
-460
16
780
1244
1244
1244
1564
1884
1820
1308
988
1180
1308
1244
1180
1244
1308
1180
988
1116
1308
1180
844
684
844
988
876
716
748
1052
1372
1692
1884
2108
2236
2364
2492
2620
2748
2492
1820
1244
748
396
164
16
32
112
396
924
1628
1980
1980
1628
1500
2108
3260
4604
5116
4860
4348
3004
1372
-460
-1884
-2492
-3004
-3260
-3260
-2876
-2364
-2364
-2876
-3388
-3388
-3516
-3516
-3260
-2620
-1980
-1756
-1820
-1628
-1244
-1052
-1372
-1884
-2108
-2108
-2236
-2492
-2620
-2620
-2620
-2492
-1980
-1180
-844
-1436
-2364
-2492
-2492
-2364
-2236
-1756
-844
-104
260
324
524
428
-88
-588
-652
-460
-428
-588
-524
-112
276
396
324
308
356
428
524
588
780
924
988
1052
1372
1692
1628
1308
1116
1180
1308
1372
1436
1564
1756
1756
1820
1980
2108
1756
1372
1180
1244
1436
1436
1244
1052
1052
1180
1372
1500
1628
1692
1628
1692
1884
2108
2236
1980
1564
1372
1052
588
196
104
260
556
924
1308
1820
1980
1564
812
460
988
1884
2492
2876
3004
2876
2236
1244
-16
-924
-1436
-1820
-2108
-2108
-1756
-1500
-1820
-2364
-2876
-3260
-3388
-3644
-3644
-3260
-3004
-2876
-2748
-2364
-2108
-2108
-2236
-2236
-2236
-2236
-2364
-2492
-2492
-1980
-1628
-1884
-2236
-2108
-2108
-2364
-2236
-1820
-1372
-1500
-1884
-1884
-1628
-1180
-1116
-1052
-684
-228
-180
-276
-80
164
112
-24
112
492
780
780
716
716
652
620
556
716
812
652
460
396
716
1116
1308
1436
1692
2108
2364
2492
2620
2492
2236
1980
1980
2108
1980
1756
1436
1244
1180
1052
924
780
620
556
716
1052
1564
1884
1980
2108
2236
2492
2492
2364
1980
1756
1628
1436
1244
1116
1116
1116
1052
1180
1244
1180
812
428
164
132
684
1692
2748
3388
3644
3516
3004
2108
924
0
-716
-1372
-2108
-2620
-2876
-2876
-3132
-3516
-4092
-4348
-4604
-4604
-4348
-4092
-3644
-3260
-2748
-2108
-1308
-988
-1116
-1436
-1756
-1884
-1980
-2108
-2236
-2364
-2236
-1692
-1372
-1692
-1980
-2108
-2364
-2876
-3004
-2620
-2364
-2364
-2492
-2108
-924
-228
-292
-260
428
1116
1180
1244
1692
1980
1372
652
556
844
780
228
-292
-356
-72
56
180
492
844
1052
1052
1500
2236
2492
2364
1884
1884
2236
2364
2108
1820
1628
1372
1180
1116
1244
1244
924
588
684
876
876
684
620
812
1180
1628
1884
2108
2236
2364
2620
2748
2876
2748
2364
2108
1756
1372
780
260
16
40
260
356
460
524
524
356
308
988
2236
3004
3132
3132
3260
2876
2108
1116
276
-356
-1180
-2108
-2748
-2876
-3004
-3516
-4092
-4348
-3900
-3772
-3772
-3388
-2876
-2620
-2492
-2364
-2108
-1756
-1884
-2108
-2108
-1884
-1884
-2108
-2364
-2364
-2364
-2620
-2492
-1980
-1692
-1756
-1980
-2236
-2236
-2236
-2364
-2236
-1756
-1116
-524
-24
460
924
1052
1052
1052
1052
812
460
308
356
372
148
-64
-212
-212
-148
-180
-104
32
228
428
844
1372
1820
1980
2108
2236
2364
2236
1980
1692
1372
1116
924
844
748
588
524
492
620
748
812
780
716
780
1116
1436
1820
1980
2108
2236
2492
2620
2748
2876
2876
2748
2492
1980
1500
1052
588
196
96
308
780
1180
1244
1116
924
748
716
1116
1980
2876
3132
3132
3004
2620
1980
876
-228
-1052
-1628
-2364
-3004
-3388
-3644
-3900
-4092
-4092
-3644
-3388
-3388
-3260
-2748
-2108
-1820
-1756
-1820
-1692
-1628
-1692
-1692
-1628
-1692
-1980
-2108
-1980
-1980
-2108
-2364
-2620
-2748
-2876
-2876
-2876
-2620
-2492
-2108
-1564
-924
-524
-396
-260
80
396
556
684
876
988
988
876
652
356
24
-372
-716
-748
-588
-396
-164
340
876
1244
1436
1628
1820
1980
1980
1980
1980
1980
1884
1980
1884
1628
1308
988
812
876
924
812
684
684
924
1180
1308
1436
1436
1436
1436
1564
1692
1692
1820
1980
1980
2108
2364
2236
1884
1436
1116
988
988
1052
1180
1372
1436
1436
1244
1052
924
620
684
1244
2108
2364
1980
1436
988
372
-308
-924
-1244
-1500
-1980
-2492
-2620
-2492
-2748
-3004
-3388
-3132
-2748
-2620
-2492
-2236
-1884
-1820
-1980
-1820
-1436
-1308
-1564
-1692
-1628
-1436
-1436
-1628
-1884
-2108
-2364
-2620
-2620
-2364
-1980
-1820
-1692
-1436
-1180
-876
-780
-652
-460
-292
-132
56
180
244
164
148
96
-48
-196
-396
-460
-356
-180
16
180
428
588
652
748
844
988
988
988
1052
1180
1308
1372
1436
1564
1628
1436
988
652
524
372
164
132
340
588
716
684
748
844
1052
1308
1628
1980
2236
2364
2364
2620
2748
2748
2364
1980
1756
1756
1692
1564
1564
1436
1436
1436
1628
1756
1564
1436
1180
1116
1116
1244
1564
1820
1884
1628
1308
924
396
-196
-716
-988
-1308
-1692
-2108
-2236
-2364
-2364
-2620
-2748
-2748
-2748
-2876
-3004
-2748
-2364
-2108
-2108
-1884
-1500
-1244
-1500
-1820
-2108
-2236
-2492
-2620
-2492
-2236
-1980
-1884
-1756
-1628
-1564
-1756
-1980
-2108
-1980
-1980
-1820
-1564
-1180
-876
-780
-524
-244
-72
-112
-148
-40
48
64
164
396
748
988
988
924
844
780
620
372
148
32
88
308
684
1052
1244
1308
1308
1436
1564
1628
1500
1308
1180
1180
1244
1436
1500
1500
1500
1564
1820
1884
1756
1564
1692
1980
2108
2364
2492
2492
2364
2108
1820
1628
1372
1180
1244
1308
1500
1820
1980
2108
2108
1980
1884
1820
1564
1372
1564
1980
1980
1628
1116
620
40
-620
-1116
-1308
-1436
-1628
-1884
-1980
-1980
-2108
-2620
-3004
-3132
-3132
-3132
-3132
-2876
-2492
-2364
-2364
-2364
-2236
-2108
-2364
-2492
-2364
-2108
-2108
-2108
-1980
-1980
-1980
-2108
-1980
-1756
-1692
-1820
-1884
-1820
-1628
-1436
-1308
-1116
-748
-396
-212
-96
-48
-88
-180
-228
-212
-96
56
72
16
0
96
244
292
196
148
132
132
212
244
104
56
212
460
716
876
924
924
924
1052
1180
1180
1308
1436
1436
1564
1692
1756
1820
1692
1564
1628
1692
1820
1820
1820
1884
1980
1980
1980
1980
1980
1980
2108
2108
2236
2236
2236
2236
2364
2364
2236
2236
2236
2236
2236
2236
2364
2364
2236
1980
1628
1180
876
396
-228
-716
-988
-1052
-1180
-1372
-1564
-1820
-2108
-2364
-2492
-2620
-2876
-3132
-3132
-2876
-2620
-2492
-2492
-2492
-2620
-2748
-2748
-2748
-2748
-2876
-2876
-2620
-2108
-1756
-1564
-1692
-1756
-1692
-1564
-1500
-1500
-1500
-1500
-1436
-1308
-988
-748
-652
-588
-524
-292
-104
-80
-228
-396
-428
-460
-356
-260
-260
-276
-276
-164
48
276
428
492
524
620
748
812
780
716
684
684
812
924
988
876
780
748
812
924
988
988
1052
1052
1180
1308
1564
1756
1756
1692
1692
1820
1820
1756
1628
1500
1500
1500
1628
1756
1884
1980
1980
1820
1756
1756
1628
1436
1436
1628
1820
1820
1820
1756
1884
1884
1820
1564
1308
988
588
244
56
-40
-260
-620
-988
-1372
-1692
-1980
-2364
-2620
-2748
-2876
-2876
-2876
-2876
-2620
-2492
-2364
-2492
-2364
-2236
-2236
-2236
-2236
-1820
-1628
-1564
-1436
-1308
-1244
-1180
-1116
-1180
-1180
-1180
-1244
-1244
-1116
-876
-684
-556
-372
-228
-96
-48
-104
-148
-112
-56
120
356
524
556
652
748
748
620
396
164
72
-8
0
56
180
396
524
716
988
1116
1116
988
876
780
748
748
716
780
844
924
988
1116
1116
988
924
780
748
780
844
876
988
1116
1244
1308
1372
1372
1244
1180
1052
1052
1116
1052
988
924
812
716
588
428
372
372
324
228
228
276
260
212
120
148
164
212
180
80
56
0
-96
-244
-492
-716
-924
-1116
-1372
-1500
-1564
-1628
-1628
-1756
-1980
-2108
-2236
-2236
-2108
-1980
-1692
-1500
-1308
-1052
-924
-844
-780
-748
-716
-652
-556
-428
-356
-340
-396
-460
-460
-428
-460
-524
-556
-372
-196
-88
16
0
-132
-228
-276
-308
-212
-48
8
72
460
988
1052
588
96
24
16
0
-24
-340
-16
652
460
340
524
812
1052
924
524
396
924
1180
844
620
924
924
876
988
812
988
812
428
588
844
780
588
844
1244
1436
1372
1116
1244
1244
812
652
780
1180
1244
812
652
588
588
492
56
-308
-428
-164
16
-56
-212
-228
-104
-112
-196
-212
-308
-324
-112
88
308
324
228
164
32
-132
-212
-244
-428
-556
-524
-524
-524
-716
-876
-924
-1052
-1116
-1052
-988
-924
-924
-844
-620
-588
-492
-356
-308
-460
-652
-620
-716
-748
-844
-1116
-1116
-1052
-1116
-1180
-1244
-1308
-1308
-988
-876
-1052
-924
-844
-924
-988
-988
-924
-492
0
48
-104
-32
64
-72
-260
-428
-524
-524
-524
-876
-684
-104
-72
-292
-356
-396
120
460
324
716
1116
1692
1980
1884
1820
1372
1500
1564
1564
1692
1564
1372
1372
1180
876
748
780
812
716
812
876
1052
1500
1436
924
652
780
1052
988
524
244
356
684
524
88
-212
-132
104
196
-112
-428
-132
228
396
148
-164
-88
212
276
148
-32
-104
356
780
684
196
-196
-132
212
212
-308
-620
-340
-80
-276
-460
-652
-588
-428
-428
-428
-340
-324
-396
-260
-148
-132
-308
-460
-396
-340
-396
-684
-876
-780
-716
-652
-876
-1052
-684
-460
-524
-988
-1372
-1308
-1052
-1052
-1372
-1372
-924
-308
-212
-716
-988
-876
-620
-556
-1052
-1244
-620
-88
-24
-844
-1308
-876
-228
-212
-1244
-1372
-308
716
780
-104
-228
812
1756
1244
-16
-180
652
1052
460
-556
-556
396
924
340
-716
-460
396
1052
748
-212
56
1052
1756
1244
260
372
1116
1628
1244
148
180
876
1436
1244
276
292
1052
1564
1052
-40
-56
620
1052
812
-88
-196
844
1564
1244
324
16
588
1116
1116
212
-180
524
876
652
0
-324
56
524
492
-132
-492
0
492
356
-340
-780
-356
308
428
-228
-748
-356
228
120
-460
-988
-748
8
244
-276
-924
-748
-8
132
-228
-924
-924
-48
196
-308
-988
-1052
-460
-180
-524
-1180
-1116
-372
-48
-428
-1052
-1180
-556
-164
-492
-1052
-1372
-780
-340
-652
-1180
-1308
-812
-340
-620
-1244
-1372
-620
112
104
-308
-396
180
748
556
-104
-524
-260
212
228
-132
-356
-48
492
524
104
-96
196
716
748
396
112
372
876
988
684
428
492
716
812
556
276
340
780
988
780
588
524
524
524
276
-80
-180
24
196
148
-8
56
196
428
460
132
0
72
276
372
148
24
228
428
620
652
844
988
812
428
64
-132
-112
-8
-40
-16
8
72
120
16
-244
-588
-812
-780
-652
-492
-292
-120
292
588
524
428
292
164
56
-148
-276
-196
-64
-48
-180
-324
-356
-196
-180
-428
-748
-924
-844
-780
-748
-748
-748
-556
-308
-396
-588
-652
-716
-716
-748
-684
-588
-340
-112
-56
-56
-64
56
228
228
0
-228
-180
56
104
56
72
72
212
148
-212
-396
-212
-16
96
260
260
340
460
428
276
324
588
748
844
876
844
876
988
924
748
620
492
308
148
8
-112
-104
-32
-64
-48
64
88
228
292
244
196
132
180
428
588
620
556
524
588
556
396
164
148
260
148
-72
-164
-180
-180
-148
-260
-396
-428
-428
-524
-652
-684
-556
-356
-308
-356
-324
-196
-180
-228
-356
-460
-396
-212
24
72
-32
-180
-396
-492
-556
-716
-748
-780
-748
-780
-844
-748
-748
-748
-748
-716
-620
-524
-428
-396
-428
-372
-340
-260
-212
-196
-212
-244
-228
-212
-164
-32
-8
0
-8
-56
32
180
260
228
132
96
292
492
492
396
292
308
460
460
356
340
396
492
620
812
988
1116
1052
924
924
988
1052
1052
876
748
748
684
556
492
324
228
196
228
340
428
460
428
460
524
652
716
684
716
684
620
588
492
372
228
164
180
104
32
-24
-180
-292
-260
-148
-32
-8
8
-32
-72
-104
-212
-292
-460
-620
-748
-748
-588
-492
-428
-396
-428
-460
-492
-556
-652
-812
-876
-876
-844
-780
-748
-684
-620
-588
-492
-460
-556
-748
-924
-1116
-1052
-924
-780
-684
-652
-620
-556
-492
-460
-588
-748
-748
-620
-492
-396
-324
-196
-32
96
148
80
-16
-104
-228
-260
-212
-132
-56
24
148
276
340
324
212
32
-16
56
228
340
396
356
324
396
524
556
492
460
460
556
652
620
620
524
428
372
340
308
308
308
228
164
276
372
460
588
652
748
876
988
1052
924
876
716
652
652
620
652
588
588
588
588
556
588
588
492
460
524
620
684
652
492
260
148
88
56
-8
-120
-164
-228
-196
-164
-72
-32
-40
-104
-164
-212
-308
-428
-684
-812
-844
-812
-716
-620
-524
-492
-492
-492
-556
-620
-716
-876
-988
-1052
-1052
-1052
-1052
-988
-988
-988
-924
-844
-812
-780
-716
-620
-460
-324
-244
-148
-104
-164
-164
-148
-244
-340
-292
-308
-212
-120
-24
64
64
132
212
276
324
276
180
148
180
164
96
148
180
148
228
308
292
276
260
276
340
396
396
292
292
276
260
228
180
132
96
40
32
112
292
460
460
460
492
428
324
180
112
96
164
228
308
308
324
428
428
396
396
372
396
460
460
492
492
460
460
524
588
524
356
276
228
228
260
276
276
276
196
164
180
164
40
-228
-396
-340
-180
-148
-196
-212
-164
-132
-132
-80
-72
-120
-132
-164
-180
-112
-148
-260
-396
-588
-684
-748
-716
-716
-748
-716
-684
-556
-396
-324
-292
-308
-324
-276
-324
-340
-324
-260
-164
-180
-148
-24
16
24
-24
-8
72
88
48
-16
-56
-96
-104
-164
-276
-428
-428
-340
-244
-164
-212
-148
-64
-40
-8
0
32
120
180
196
180
132
80
-64
-228
-340
-324
-260
-196
-112
-88
-32
16
72
132
120
64
104
132
180
196
196
260
340
396
356
356
428
460
396
308
324
396
460
460
396
428
460
460
396
308
292
396
524
556
556
460
396
308
164
40
-32
-56
-24
-64
-132
-132
-132
-180
-276
-356
-340
-196
-80
-24
-32
-16
8
8
-80
-212
-308
-396
-492
-492
-524
-620
-684
-684
-588
-492
-356
-212
-96
-72
-64
104
180
148
48
-8
-24
88
260
340
396
396
340
260
212
164
88
8
-8
16
16
24
0
-40
-72
-56
8
132
228
260
260
276
308
356
324
260
180
180
132
32
0
-48
-120
-164
-196
-228
-148
-72
-48
-32
24
72
132
120
64
96
104
80
48
24
56
24
8
0
-8
0
0
-96
-196
-228
-276
-148
-16
56
104
132
180
292
396
356
260
212
244
244
180
104
-8
-72
-196
-372
-460
-492
-556
-620
-716
-684
-588
-588
-620
-652
-620
-460
-324
-308
-372
-396
-356
-324
-340
-396
-396
-340
-372
-396
-340
-276
-260
-308
-340
-396
-428
-276
-180
-112
-88
-96
-72
0
80
80
80
96
196
292
372
428
428
396
324
276
340
396
396
396
460
588
652
652
556
524
492
460
492
460
460
492
492
428
428
396
356
276
180
96
8
24
112
164
196
244
260
276
324
308
292
292
292
324
372
372
308
276
196
104
40
0
-16
-8
72
120
96
112
112
80
80
120
148
148
164
164
164
212
164
56
0
-32
-104
-148
-212
-324
-356
-340
-308
-340
-396
-428
-492
-556
-588
-588
-556
-524
-460
-396
-356
-356
-396
-460
-524
-524
-524
-460
-324
-244
-308
-340
-324
-292
-356
-524
-588
-620
-556
-428
-396
-428
-428
-372
-372
-428
-460
-428
-396
-356
-260
-120
-8
-8
-56
-80
-104
-120
-16
0
-8
0
8
96
164
148
56
-56
-72
8
48
8
-8
64
196
292
340
340
396
492
492
460
492
556
588
588
620
684
748
780
684
588
556
620
620
588
460
372
428
588
684
652
524
460
492
492
460
428
372
356
372
396
428
460
428
276
164
112
180
164
48
-132
-228
-56
120
120
24
-104
-164
-164
-180
-244
-324
-324
-308
-356
-428
-372
-356
-372
-396
-460
-460
-460
-396
-428
-492
-492
-460
-396
-372
-356
-308
-228
-180
-196
-228
-308
-324
-356
-372
-396
-428
-356
-324
-356
-460
-524
-428
-324
-244
-228
-196
-148
-56
16
88
80
64
56
40
8
-24
-16
-8
-56
-96
-164
-164
-132
-132
-196
-276
-276
-324
-276
-196
-120
-40
48
112
148
148
180
212
180
164
132
72
48
64
64
104
132
112
24
8
40
80
72
96
148
164
212
276
340
428
460
396
428
492
556
556
524
524
556
588
524
356
180
112
56
-16
-48
-40
-32
-40
-32
16
112
212
212
164
148
148
196
228
180
88
0
-32
-40
-24
-80
-164
-196
-180
-148
-132
-164
-212
-132
-120
-164
-180
-164
-180
-164
-132
-88
-40
0
0
-40
-56
-112
-164
-132
-132
-164
-148
-148
-196
-196
-164
-164
-120
-132
-104
-96
-120
-104
-96
-104
-132
-132
-164
-180
-212
-244
-276
-324
-340
-396
-356
-340
-244
-96
-8
32
72
120
80
64
88
148
212
260
244
228
196
196
212
212
164
120
132
196
292
340
340
260
228
212
228
212
228
396
524
556
524
492
524
492
460
396
340
340
292
196
80
-48
-112
-148
-244
-340
-356
-356
-324
-276
-276
-276
-260
-276
-292
-292
-308
-260
-244
-260
-276
-308
-308
-292
-308
-396
-492
-556
-556
-556
-556
-588
-524
-372
-324
-292
-276
-212
-196
-196
-148
-80
16
148
180
180
148
96
72
8
-40
-56
-56
-72
-80
-112
-212
-212
-148
-132
-112
-24
32
112
180
180
228
212
212
244
228
196
228
244
196
164
148
132
164
164
148
148
212
292
324
340
340
356
396
356
340
324
308
340
428
460
460
460
492
492
492
460
396
372
428
460
460
460
428
356
340
260
180
132
132
64
16
8
8
88
132
132
80
64
32
-48
-164
-244
-292
-308
-324
-308
-396
-396
-396
-396
-396
-396
-372
-372
-372
-340
-340
-340
-372
-372
-396
-460
-524
-524
-460
-492
-460
-460
-460
-428
-396
-460
-460
-460
-396
-372
-340
-372
-428
-428
-396
-372
-292
-212
-132
-88
-64
-72
-120
-164
-244
-276
-292
-260
-180
-164
-132
-112
-88
-64
-64
0
8
8
56
104
164
180
196
196
180
104
56
64
104
180
260
372
492
556
556
556
460
396
372
396
396
396
492
556
524
492
428
356
324
372
396
428
460
460
460
492
460
396
372
324
276
212
212
228
244
260
260
228
228
212
260
340
372
324
308
372
308
228
80
-104
-228
-212
-212
-196
-164
-148
-132
-112
-132
-164
-180
-212
-260
-260
-244
-276
-276
-292
-356
-396
-396
-340
-324
-372
-372
-324
-292
-228
-260
-340
-356
-396
-460
-524
-524
-460
-372
-324
-244
-180
-164
-120
-148
-228
-276
-324
-340
-340
-356
-340
-276
-244
-276
-276
-292
-276
-244
-196
-148
-120
-120
-80
8
64
104
80
0
-40
-56
-64
-64
-24
24
120
180
260
324
340
292
244
196
196
180
196
180
148
164
228
292
276
276
228
180
196
228
292
308
276
196
164
164
112
88
96
88
64
24
72
112
104
88
132
164
196
244
180
148
196
244
244
228
196
164
180
148
104
0
-80
-64
-104
-64
-16
24
48
72
64
48
0
-72
-96
-120
-148
-104
-8
48
132
196
228
228
244
196
196
228
180
80
16
0
8
-48
-104
-164
-196
-212
-244
-228
-260
-228
-244
-260
-260
-228
-132
-120
-112
-80
-32
-16
-32
-40
-88
-72
-64
-132
-164
-244
-324
-356
-396
-396
-396
-460
-492
-460
-356
-212
-48
64
148
196
244
260
164
88
0
-96
-148
-148
-132
-72
0
80
120
148
180
164
120
56
8
24
112
132
120
180
228
276
260
228
164
56
-16
-32
-96
-96
0
88
72
-8
0
32
48
-8
-80
-96
-16
32
48
104
196
228
180
132
88
32
0
-72
-180
-260
-244
-244
-196
-148
-164
-148
-112
-96
-72
-56
-24
64
148
228
228
228
228
196
180
164
164
148
56
-56
-148
-164
-132
-148
-132
-88
-32
48
40
-24
-104
-148
-196
-132
-40
48
120
148
132
96
196
228
196
72
0
-16
-24
-88
-180
-244
-324
-340
-244
-164
-164
-120
-56
40
132
212
260
292
324
308
276
244
228
196
112
32
0
56
132
132
72
48
48
80
120
96
56
8
0
8
40
48
32
8
-48
-104
-120
-132
-112
-56
-64
-72
-64
-40
0
24
-16
-8
16
16
0
24
0
-16
24
0
8
16
40
0
-48
-120
-164
-180
-212
-228
-244
-244
-260
-212
-196
-180
-180
-180
-164
-148
-104
-80
-32
-16
24
56
64
64
56
48
-24
-104
-88
-64
-32
-8
-48
-120
-148
-196
-180
-164
-196
-180
-132
-88
-48
-8
8
64
80
132
180
180
180
180
164
132
112
56
0
-80
-112
-164
-180
-112
-88
-88
-32
40
132
228
260
260
308
428
460
396
356
324
308
244
148
32
-40
-48
-64
-104
-132
-104
-96
-80
-112
-112
-32
64
148
180
164
120
132
80
24
-8
-16
16
40
8
0
40
120
164
132
96
120
148
148
96
56
96
148
164
132
148
196
212
260
212
120
72
8
-88
-80
-56
-104
-120
-120
-180
-196
-228
-260
-260
-276
-292
-260
-148
-48
16
32
32
48
56
24
-40
-132
-180
-260
-324
-396
-396
-372
-396
-428
-460
-460
-460
-428
-356
-292
-244
-228
-180
-80
-24
24
48
0
0
16
16
24
16
-32
-132
-212
-260
-292
-276
-228
-196
-164
-64
40
132
104
104
88
164
276
356
428
460
492
460
428
340
196
40
-72
-120
-88
-56
0
48
80
112
132
228
324
340
356
340
292
276
276
244
228
244
292
260
276
260
180
212
260
260
244
212
196
196
212
244
276
260
244
212
180
180
180
148
132
104
48
64
48
24
-8
-80
-132
-164
-212
-244
-276
-292
-292
-292
-260
-228
-164
-120
-132
-164
-196
-212
-228
-212
-244
-340
-396
-460
-492
-524
-492
-492
-460
-428
-340
-308
-228
-212
-196
-180
-180
-164
-120
-48
24
64
24
0
-16
-56
-72
-80
-132
-132
-132
-120
-104
-132
-104
-104
-80
-56
-16
24
40
56
112
148
196
228
212
212
196
112
48
24
-24
-104
-148
-148
-132
-164
-112
-64
0
48
48
64
96
164
228
292
292
356
396
340
260
180
132
148
132
96
104
132
120
112
120
88
88
164
228
292
324
324
356
324
276
228
244
228
260
324
356
396
396
372
276
196
148
88
72
8
-72
-148
-148
-132
-148
-196
-180
-148
-132
-148
-196
-212
-180
-196
-244
-292
-276
-244
-228
-260
-276
-292
-276
-212
-196
-180
-196
-132
-88
-48
-48
-88
-96
-148
-180
-212
-212
-196
-180
-148
-148
-132
-96
-88
-64
-32
-16
-8
16
8
0
0
-32
-64
-96
-96
-64
-96
-72
-16
24
72
96
96
80
64
32
16
24
56
56
80
96
56
32
16
-48
-80
-48
-8
16
88
132
164
196
196
164
132
132
96
88
96
88
104
148
164
148
132
148
180
180
164
132
132
148
180
148
148
120
72
56
40
40
80
104
24
-24
-48
-56
-48
-72
-132
-164
-180
-196
-228
-276
-340
-372
-356
-308
-276
-292
-276
-260
-244
-260
-260
-228
-180
-148
-148
-64
-40
-40
-48
-80
-96
-104
-80
-88
-88
-56
16
88
112
104
96
64
88
88
88
148
196
244
244
228
212
212
212
196
164
132
104
88
80
48
0
16
48
80
96
112
112
148
196
180
196
244
260
244
164
148
148
148
148
96
32
32
40
72
72
0
-48
-48
0
8
0
0
56
96
88
88
104
72
32
0
-64
-80
-88
-96
-104
-88
-88
-64
-48
-48
-132
-148
-120
-80
-40
-64
-88
-80
-40
-16
-32
-24
-8
-40
-32
-72
-132
-180
-212
-276
-324
-356
-340
-308
-340
-372
-428
-396
-292
-260
-228
-228
-244
-196
-164
-132
-104
-64
-24
-24
-56
-80
-112
-96
-72
-88
-120
-96
-80
-24
-48
-104
-48
40
80
80
112
132
164
228
228
212
196
180
180
180
164
164
212
212
196
196
228
228
228
228
212
196
196
196
196
180
180
212
212
228
244
260
260
292
276
196
132
80
64
48
16
-8
8
8
8
40
64
120
132
132
120
96
48
56
56
8
-16
-24
-24
-32
-64
-104
-120
-148
-164
-132
-88
-64
0
80
112
132
164
132
120
132
112
72
48
8
-56
-104
-164
-212
-228
-196
-196
-228
-228
-244
-244
-228
-228
-244
-260
-276
-276
-260
-244
-212
-164
-96
-104
-132
-196
-244
-228
-244
-260
-228
-196
-180
-148
-132
-112
-112
-104
-132
-120
-88
-72
-40
-16
0
0
0
-8
8
48
64
72
64
64
48
56
72
132
132
148
164
180
228
196
180
120
48
0
-8
-8
32
88
104
164
196
196
196
164
96
16
-24
8
16
32
48
40
80
132
148
164
132
88
88
64
40
88
88
104
120
120
112
104
88
80
32
0
16
8
0
0
0
32
40
32
24
0
-8
0
-8
0
8
8
-8
-24
-80
-80
-96
-148
-180
-196
-212
-196
-148
-104
-56
-16
0
-8
-8
-16
-56
-40
-16
-16
-16
-40
0
48
-24
-56
-72
-104
-104
-88
-48
32
88
132
180
228
212
228
196
148
132
148
148
164
196
196
196
196
196
196
212
212
196
132
88
64
72
72
40
-16
-48
-32
-8
-16
-56
-120
-164
-228
-260
-244
-228
-212
-196
-164
-112
-104
-104
-132
-164
-196
-196
-212
-196
-196
-228
-260
-260
-260
-276
-244
-260
-244
-260
-228
-212
-164
-132
-120
-104
-80
-24
-16
-40
-56
-64
-24
-8
8
40
64
48
48
48
48
40
16
8
16
8
32
64
40
24
0
-8
8
16
0
-32
-32
40
56
80
88
80
96
112
96
72
48
16
-32
-32
-8
-16
-24
-16
0
40
96
120
164
148
132
132
180
212
276
308
324
396
396
396
396
356
324
292
260
228
212
196
196
164
180
244
244
228
180
148
104
104
56
40
40
0
8
16
24
8
0
-48
-96
-120
-120
-96
-96
-88
-104
-104
-80
-96
-80
-80
-104
-148
-196
-244
-260
-292
-292
-260
-244
-276
-260
-244
-244
-244
-244
-228
-212
-196
-228
-260
-244
-260
-228
-180
-164
-132
-148
-132
-132
-120
-88
-132
-164
-196
-180
-196
-164
-164
-164
-148
-112
-56
-24
0
-8
-32
-24
-40
-40
-16
16
32
16
64
40
16
-24
-80
-96
-56
0
32
40
16
24
32
72
132
164
212
260
308
340
324
308
260
212
180
180
244
260
276
292
244
228
228
212
196
164
148
180
212
196
244
260
244
212
196
212
292
308
276
212
164
180
164
120
112
88
88
104
88
64
16
0
-24
-64
-104
-120
-88
-56
-72
-80
-56
-32
0
40
0
-32
-40
-56
-96
-180
-228
-276
-292
-276
-244
-244
-212
-228
-228
-244
-244
-228
-228
-212
-212
-196
-196
-148
-132
-120
-120
-148
-180
-196
-228
-244
-212
-212
-180
-132
-104
-72
-16
-24
-56
-80
-96
-120
-120
-148
-196
-196
-180
-148
-112
-96
-72
-40
-16
-40
-80
-96
-88
-48
-48
0
64
80
132
132
88
104
120
80
56
32
16
16
56
96
112
132
132
120
112
80
64
64
64
64
88
132
180
180
196
196
180
164
148
164
132
96
88
40
24
0
-24
-8
8
24
64
104
88
96
64
8
0
0
32
56
80
64
64
72
64
88
96
96
120
96
88
88
72
64
40
0
-24
-40
-8
48
96
132
120
112
112
104
120
148
132
132
132
88
72
64
88
72
40
56
40
32
0
-48
-80
-96
-64
-32
-8
8
-16
-56
-96
-164
-212
-196
-196
-180
-120
-80
-48
-16
-40
-104
-148
-196
-196
-212
-244
-228
-180
-164
-104
-80
-64
-32
-24
-32
-40
-88
-56
-48
-48
-24
-16
0
8
16
0
0
-8
0
8
16
8
8
0
-32
-16
-16
-8
0
8
16
8
16
24
24
8
-64
-104
-112
-104
-112
-104
-88
-88
-64
-40
-48
-16
-48
-64
-56
-72
-48
-88
-104
-104
-104
-96
-88
-48
-32
-16
-8
-16
-32
-48
-64
-80
-80
-96
-40
-16
-16
24
0
0
8
32
56
72
120
148
120
104
112
96
112
120
112
148
180
244
260
212
196
180
164
120
132
148
164
180
180
196
196
196
196
196
164
180
164
180
164
112
88
88
80
80
88
88
96
88
72
64
80
96
88
80
88
96
80
72
56
16
0
-24
-72
-88
-120
-104
-88
-80
-80
-104
-132
-164
-132
-112
-104
-88
-112
-148
-148
-148
-196
-180
-164
-180
-196
-196
-228
-196
-180
-164
-180
-164
-164
-164
-148
-132
-148
-132
-148
-196
-212
-228
-228
-164
-148
-148
-80
-40
-16
-40
-64
-80
-80
-112
-120
-132
-164
-148
-132
-112
-72
-64
-16
0
0
0
-24
-16
-32
0
8
32
72
72
112
104
88
104
112
112
96
104
112
132
132
132
148
132
148
148
148
164
180
180
212
228
212
228
244
228
212
180
148
164
148
132
104
80
48
24
0
0
16
48
56
80
72
56
64
64
96
104
112
104
104
104
104
88
64
64
56
24
0
8
0
-8
-16
-16
-8
-16
-16
0
0
16
16
8
32
32
8
0
0
-16
-48
-72
-132
-120
-96
-132
-180
-196
-164
-132
-132
-148
-132
-132
-132
-164
-196
-196
-180
-180
-164
-180
-148
-148
-148
-148
-164
-180
-164
-148
-164
-132
-112
-72
-64
-48
-48
-56
-24
-24
-64
-64
-40
-24
0
0
0
8
40
64
56
56
80
112
96
72
48
48
80
120
164
164
132
132
180
164
132
120
112
80
88
112
132
104
48
24
-16
-24
-8
-24
0
8
0
48
80
96
80
24
0
-48
-48
-8
-16
-40
-16
-8
8
32
56
72
56
24
24
-16
0
-16
-72
-72
-64
-72
-40
-40
-64
-64
-64
-24
0
0
0
-8
-48
-56
-40
-48
-40
-40
-56
-64
-88
-72
-40
-32
-40
-32
-40
-32
-16
-16
0
24
24
16
8
0
-24
-40
-24
0
16
56
80
56
72
112
96
96
72
48
0
-16
0
-16
-16
-8
-24
-56
-32
0
8
16
40
112
132
120
132
120
96
64
48
40
40
32
24
40
32
32
40
8
32
32
56
32
24
32
16
40
72
88
72
88
72
24
24
24
-16
-16
-16
-40
-56
-56
-56
-88
-96
-96
-72
-88
-96
-88
-80
-56
-32
-8
-16
-16
-24
-32
-8
0
-16
-32
-48
-96
-120
-120
-132
-148
-132
-132
-132
-96
-72
-40
-40
-56
-64
-72
-96
-96
-80
-64
-48
-40
-8
16
32
16
0
-48
-40
-8
-8
8
8
0
0
8
8
0
8
24
48
64
96
132
132
112
96
80
48
72
64
64
96
112
120
120
132
132
148
132
132
120
132
148
164
164
164
148
120
88
40
24
8
0
-8
-8
0
8
8
0
-24
-32
-32
-40
-56
-32
-8
-8
-32
-32
-56
-104
-112
-104
-96
-80
-88
-112
-112
-132
-148
-164
-148
-148
-148
-132
-132
-132
-104
-80
-80
-72
-56
-40
-48
-56
-56
-72
-64
-64
-56
-72
-64
-48
-56
-48
-48
-56
-48
-32
-24
-8
8
56
80
104
104
88
96
104
88
104
112
104
112
96
88
64
40
24
8
-8
-16
0
0
-8
0
16
40
64
72
80
72
64
72
64
56
80
96
72
56
40
16
24
40
56
72
88
88
80
56
48
24
40
40
16
8
-16
