SAMPLES:	8927
BITSPERSAMPLE:	16
CHANNELS:	1
SAMPLERATE:	16000
NORMALIZED:	FALSE
0
0
0
0
-8
0
0
-8
0
0
0
0
0
0
0
0
0
0
0
0
0
0
0
0
0
0
-8
-8
0
0
0
0
0
0
0
0
0
0
0
0
0
0
0
0
0
0
0
0
0
0
0
0
0
0
0
0
0
0
0
0
0
0
0
0
0
0
0
0
0
0
0
0
-8
0
0
0
0
0
0
0
0
0
0
0
0
0
0
0
0
0
0
0
0
0
0
0
0
0
0
0
0
0
0
0
0
0
0
0
0
0
0
0
0
0
0
0
0
0
0
0
0
0
0
0
0
0
0
0
0
0
0
0
0
0
0
0
0
0
0
0
0
0
0
0
0
0
0
0
0
0
0
0
0
0
0
0
0
0
0
0
0
0
0
0
0
0
0
0
0
0
0
0
0
0
8
0
0
8
8
8
8
8
8
8
8
8
8
8
8
8
8
8
8
8
8
0
0
0
0
0
0
0
0
0
0
0
0
0
0
0
0
0
0
0
0
-8
-8
-8
-8
-8
-8
-8
-8
-8
-8
-8
-16
-16
-8
-16
-16
-16
-16
-16
-16
-16
-16
-8
-16
-8
-8
-8
-8
-8
-8
-8
-8
-8
0
0
0
0
0
0
0
0
0
0
0
0
0
0
0
0
0
0
0
8
8
8
8
8
8
0
8
8
0
0
8
8
0
0
8
0
0
0
0
0
0
0
0
0
0
0
0
0
0
0
0
0
0
0
0
0
0
0
0
0
0
0
0
0
0
0
0
0
0
8
8
8
0
0
8
0
0
8
0
0
0
0
8
8
8
8
8
8
8
8
8
8
8
8
0
0
0
0
0
0
0
0
0
0
0
0
0
0
0
0
0
-8
0
-8
-8
-8
-8
-8
-8
-8
-8
-8
-8
-8
0
-8
-8
0
0
0
0
-8
-8
-8
-8
0
0
0
0
0
0
0
0
0
0
0
0
0
0
0
0
0
0
0
0
0
0
0
0
0
0
0
0
0
0
0
0
0
0
8
8
0
0
0
0
0
0
0
0
0
0
0
0
0
0
0
0
0
0
0
0
0
0
0
0
0
0
0
0
0
0
0
0
0
0
0
0
0
0
0
0
-8
-8
-8
-8
-8
0
-8
-8
-8
-8
-8
-8
-8
-8
-8
-8
-8
-8
0
0
0
0
0
0
0
0
0
0
0
0
0
0
0
0
0
0
0
0
0
0
0
0
0
8
8
0
8
8
8
8
0
8
8
8
8
8
8
8
8
8
8
8
8
8
8
8
0
0
0
0
0
0
0
0
0
0
0
0
0
0
0
0
0
0
0
0
0
0
0
0
0
0
0
0
0
0
0
0
0
0
0
0
0
-8
-8
-8
0
-8
0
0
0
0
0
0
-8
0
-8
0
-8
-8
0
0
0
0
0
0
0
0
0
0
0
0
0
0
0
0
0
0
0
0
0
0
0
0
0
0
0
0
0
0
0
0
0
0
0
0
0
0
0
0
0
0
0
0
0
0
0
0
0
0
0
0
0
0
0
0
0
0
0
0
0
0
0
0
0
0
0
0
0
0
0
0
0
0
0
0
0
0
0
0
0
0
0
0
0
0
0
0
0
0
0
0
0
0
0
0
0
0
0
0
0
0
0
0
0
0
0
0
0
0
0
0
0
0
0
0
0
0
0
0
0
0
0
0
0
0
0
0
-8
-8
-8
-8
-8
-8
-8
-8
-8
-8
-8
-8
-8
-8
-8
0
0
0
0
0
0
0
0
0
0
0
0
0
0
0
0
0
0
0
0
0
0
0
0
8
8
8
8
8
0
0
0
0
0
0
0
0
0
0
0
8
0
0
0
0
0
0
0
0
0
0
0
0
0
0
0
0
0
0
0
0
0
0
0
0
0
0
0
0
0
0
0
0
0
0
0
0
0
0
0
0
0
0
0
0
0
0
0
0
0
0
0
0
0
0
0
0
0
0
0
0
0
0
0
0
0
0
0
0
0
0
0
0
0
0
0
0
0
0
0
0
0
0
0
0
0
0
0
0
0
0
0
0
0
0
0
0
0
0
0
0
0
0
0
0
0
0
0
0
0
0
0
0
0
0
0
0
0
0
0
0
0
0
0
0
0
0
0
0
0
0
0
0
0
0
0
0
0
0
0
0
0
0
0
0
0
0
0
0
0
0
0
0
0
0
0
0
0
0
0
0
0
0
0
0
0
0
0
0
0
0
0
0
0
0
0
0
0
0
0
0
0
0
0
0
0
0
0
-8
-8
0
-8
-8
-8
-8
-8
-8
-8
-8
-8
-8
-8
0
0
0
0
0
0
0
0
0
0
0
0
0
0
0
0
0
0
0
0
0
0
0
8
8
8
8
8
8
8
8
8
8
8
8
8
8
8
8
8
8
8
8
8
8
8
8
8
8
8
8
8
8
0
0
0
0
8
8
8
8
0
0
8
0
0
0
0
0
0
0
0
0
0
0
0
0
0
0
0
0
0
0
0
0
0
0
0
0
0
0
-8
-8
0
0
0
0
-8
-8
-8
-8
-8
-8
-8
-8
-8
-8
-16
-16
-16
-16
-16
-16
-16
-16
-16
-16
-16
-8
-8
-8
-8
-8
-8
-16
-16
-16
-16
-16
-16
-16
-16
-16
-16
-8
-8
-8
-8
-8
-8
0
0
-8
0
0
0
0
0
0
0
8
0
8
8
0
0
0
0
0
0
8
8
8
8
8
8
8
8
8
8
8
8
8
16
16
16
24
24
24
24
24
24
24
24
32
32
32
32
32
32
32
32
24
24
32
32
32
32
24
24
24
24
24
16
16
16
8
0
0
0
0
0
-8
-8
-16
-16
-24
-24
-24
-24
-32
-32
-32
-40
-40
-48
-56
-48
-48
-48
-48
-48
-48
-48
-48
-40
-40
-32
-32
-32
-24
-24
-24
-16
-16
-16
-16
-8
-8
-8
-8
-8
0
0
0
8
8
16
16
16
24
24
24
24
24
24
32
32
32
40
40
40
40
40
40
40
40
40
40
40
48
40
40
40
40
40
40
40
40
32
32
32
24
24
16
8
8
0
0
0
0
-8
-8
-16
-24
-32
-32
-40
-40
-48
-56
-56
-64
-64
-72
-72
-72
-72
-72
-80
-80
-80
-80
-80
-80
-80
-80
-72
-64
-64
-56
-56
-56
-56
-48
-48
-40
-32
-32
-24
-16
-8
0
0
0
0
8
16
16
16
24
24
24
32
32
40
48
48
48
56
64
64
72
72
72
80
88
88
96
96
104
104
96
104
96
96
96
96
96
104
112
112
120
120
120
120
120
120
120
112
112
104
96
88
88
80
72
72
64
56
48
40
24
8
0
-16
-32
-48
-64
-80
-96
-112
-132
-148
-180
-196
-212
-228
-244
-260
-276
-292
-308
-308
-324
-324
-340
-356
-356
-356
-356
-340
-340
-324
-308
-308
-292
-292
-260
-260
-228
-196
-180
-148
-132
-104
-72
-56
-24
0
32
56
88
120
148
180
196
228
260
308
324
340
356
372
396
396
428
428
428
428
460
460
460
460
460
428
428
428
396
396
396
372
356
340
340
340
308
292
276
260
244
244
244
228
228
228
244
244
244
244
228
228
228
228
212
196
148
112
96
64
24
-16
-88
-148
-180
-228
-292
-372
-460
-524
-588
-652
-716
-780
-844
-924
-988
-1052
-1116
-1180
-1244
-1244
-1244
-1308
-1308
-1308
-1308
-1308
-1308
-1308
-1244
-1244
-1116
-1052
-988
-924
-812
-716
-620
-524
-396
-276
-180
-64
56
180
324
460
556
652
748
844
924
1052
1116
1180
1244
1244
1308
1372
1436
1436
1436
1500
1500
1500
1500
1436
1372
1308
1244
1244
1180
1052
988
924
844
780
684
556
492
428
356
308
292
244
212
196
228
276
324
356
396
492
556
684
748
748
748
812
924
988
988
924
876
876
924
876
812
684
492
340
228
88
-88
-276
-492
-716
-924
-1052
-1244
-1436
-1628
-1884
-2108
-2236
-2492
-2620
-2748
-3004
-3132
-3132
-3260
-3388
-3388
-3388
-3388
-3388
-3388
-3388
-3260
-3132
-3004
-2748
-2620
-2492
-2108
-1980
-1692
-1372
-1116
-812
-492
-212
64
324
556
780
988
1244
1372
1628
1756
1884
1980
2108
2236
2236
2364
2492
2492
2492
2492
2492
2364
2364
2236
2236
2108
1980
1820
1692
1564
1436
1372
1244
1052
924
844
748
620
524
396
292
244
228
196
180
196
244
356
492
620
748
812
876
1052
1244
1500
1692
1820
1820
1980
2108
2364
2364
2364
2236
2108
2108
2108
1980
1692
1436
1180
988
780
524
196
-212
-620
-924
-1244
-1564
-1884
-2236
-2492
-2748
-3004
-3132
-3388
-3644
-3900
-4092
-4348
-4348
-4348
-4348
-4604
-4604
-4604
-4348
-4348
-4092
-3900
-3772
-3516
-3260
-3004
-2748
-2364
-2108
-1756
-1500
-1116
-780
-396
0
308
620
924
1180
1436
1756
1980
2108
2364
2492
2620
2748
2876
2876
3004
3004
3132
3132
3132
3004
3004
2876
2876
2748
2620
2492
2236
2108
1980
1884
1692
1500
1308
1116
924
716
588
428
260
148
80
64
8
8
8
32
132
228
372
460
556
716
812
1052
1308
1500
1628
1692
1820
1980
2236
2364
2364
2364
2236
2236
2236
2108
1820
1436
1116
876
684
460
132
-276
-716
-1052
-1308
-1628
-1980
-2364
-2748
-3004
-3260
-3388
-3644
-3900
-4092
-4348
-4348
-4604
-4604
-4604
-4604
-4604
-4604
-4604
-4348
-4348
-4092
-3772
-3516
-3260
-2876
-2620
-2236
-1884
-1564
-1244
-924
-652
-308
40
428
716
988
1308
1564
1820
2108
2236
2492
2620
2748
3004
3004
3132
3132
3132
3132
3132
3132
3004
2876
2876
2748
2620
2492
2364
2108
1980
1820
1628
1500
1308
1116
876
684
524
372
228
96
-40
-196
-244
-260
-276
-276
-244
-196
-148
-48
112
292
556
748
876
988
1244
1500
1820
1980
2108
2108
2236
2492
2748
2876
2748
2620
2620
2620
2620
2236
1884
1500
1180
924
684
292
-148
-620
-1052
-1372
-1756
-1980
-2492
-2876
-3132
-3388
-3516
-3772
-4092
-4092
-4348
-4604
-4604
-4604
-4604
-4604
-4604
-4604
-4604
-4604
-4604
-4348
-3900
-3644
-3388
-3132
-2876
-2492
-2236
-1820
-1500
-1244
-924
-524
-96
292
620
876
1116
1372
1692
2108
2364
2492
2620
2748
2876
3004
3004
3132
3132
3132
3132
3132
3132
2876
2748
2620
2492
2492
2364
2108
1980
1820
1628
1436
1244
1052
844
684
588
460
292
148
-24
-48
-104
-132
-112
-228
-260
-276
-196
-64
56
228
396
652
988
1244
1372
1500
1756
2108
2364
2492
2620
2748
2748
3004
3132
3132
3004
3004
3004
2876
2620
2236
1820
1500
1180
876
460
-32
-524
-988
-1308
-1756
-2108
-2492
-3004
-3388
-3644
-3900
-4092
-4348
-4604
-4860
-4860
-5116
-5116
-5116
-5116
-5116
-5116
-5116
-4860
-4860
-4604
-4348
-4092
-3772
-3388
-3132
-2748
-2364
-1980
-1628
-1308
-988
-620
-260
164
620
988
1244
1500
1692
1980
2364
2620
2748
3004
3132
3260
3388
3516
3516
3388
3388
3516
3516
3516
3388
3260
3132
3004
2748
2492
2236
1980
1884
1820
1628
1436
1116
812
620
492
396
276
72
-112
-180
-260
-228
-244
-276
-308
-308
-180
-56
48
148
260
428
780
1116
1308
1436
1692
1980
2364
2748
2748
2748
2620
2748
3004
3260
3132
3004
2748
2620
2620
2364
1980
1500
1052
684
356
0
-524
-1052
-1564
-2108
-2492
-2748
-3132
-3644
-4092
-4348
-4604
-4860
-5116
-5116
-5372
-5628
-5628
-5628
-5628
-5372
-5372
-5372
-5116
-5116
-4860
-4860
-4348
-4092
-3516
-3132
-2620
-2236
-1884
-1436
-1052
-620
-196
212
620
1052
1500
1884
2236
2492
2876
3004
3388
3644
3772
3900
4092
4092
4092
4092
4092
4092
4092
4092
3900
3644
3388
3132
3004
2748
2492
2236
1980
1820
1628
1436
1180
876
620
340
112
-24
-212
-428
-588
-684
-780
-780
-716
-748
-780
-652
-492
-492
-372
-324
-212
-72
196
396
588
780
1052
1436
1692
1884
1980
2236
2492
2748
2876
2876
2876
2876
3004
3004
3004
2748
2620
2364
2108
1820
1372
876
396
32
-372
-812
-1308
-1820
-2364
-2620
-3004
-3388
-3772
-4092
-4604
-4860
-5116
-5116
-5372
-5628
-5628
-5628
-5628
-5628
-5628
-5628
-5372
-4860
-4860
-4860
-4860
-4604
-4092
-3516
-3004
-2492
-2236
-1820
-1372
-924
-492
-64
292
780
1308
1884
2364
2492
2620
2876
3132
3516
3772
4092
4092
4092
4092
4348
4348
4092
4092
4092
3900
3900
3772
3516
3260
3004
2748
2492
2236
1980
1820
1628
1372
1116
780
492
228
32
-148
-260
-396
-556
-620
-652
-748
-748
-780
-780
-748
-588
-428
-308
-120
-56
40
228
428
556
716
924
1244
1564
1820
1980
2108
2364
2620
3004
3388
3388
3132
2876
2876
3004
3004
2876
2620
2364
2236
1980
1564
1116
460
-112
-588
-988
-1372
-1820
-2364
-2876
-3260
-3516
-3900
-4348
-4604
-5116
-5372
-5884
-5884
-6140
-6140
-6140
-6140
-5884
-5884
-5628
-5372
-5116
-4860
-4860
-4860
-4604
-4092
-3516
-3004
-2364
-1756
-1372
-988
-524
-64
340
652
1052
1564
2108
2620
3004
3388
3516
3644
3900
4092
4348
4348
4348
4092
4348
4348
4348
4348
4092
4092
3772
3644
3516
3132
2748
2364
1980
1980
2492
1980
1436
988
524
-8
-684
-876
-1052
-1116
-1116
-1372
-1692
-1756
-1756
-1692
-1564
-1116
-1052
-1308
-924
-684
-428
-120
340
620
428
748
1180
1308
1436
1756
2364
3132
3772
4348
4348
4348
5116
5628
5884
5372
4348
3644
3004
2492
1884
1628
1628
1180
684
356
32
-716
-1756
-2364
-2876
-3260
-3516
-3644
-3772
-4092
-4348
-4604
-5116
-5628
-6396
-6652
-6908
-6908
-6908
-6652
-6140
-5884
-5628
-5372
-5116
-4604
-4348
-3772
-3132
-2108
-924
-428
-492
-524
-164
-8
72
780
1820
2748
3004
3132
3388
3260
2748
2620
3132
3900
4092
4092
4092
4348
3772
2876
2748
2876
2492
1980
1980
2236
1500
684
372
588
492
72
132
340
180
-396
-844
-1180
-1980
-2620
-2620
-2108
-1628
-1564
-1308
-1116
-1052
-1116
-924
-428
-88
292
716
1244
1500
1564
1756
2108
2364
2492
2620
2876
3132
3260
3004
3132
3260
3388
3388
3644
4348
5116
5884
5884
5628
5884
6140
6140
5628
4092
2620
1244
228
-396
-1052
-1244
-1436
-1820
-2492
-3260
-3772
-4348
-5116
-5116
-5116
-4604
-4348
-4092
-4092
-4348
-4860
-5372
-5884
-6396
-6908
-7164
-7164
-6908
-6396
-5884
-4860
-4092
-3644
-3388
-3004
-2364
-1436
-652
-48
356
876
1436
1820
1980
1756
1564
1436
1372
1564
1884
2236
2364
2492
2620
2876
3004
3004
2876
2876
2620
2492
2492
2364
1980
1244
780
492
40
-492
-844
-748
-556
-396
-88
228
308
120
-104
-340
-716
-1180
-1564
-1564
-1372
-1244
-988
-620
-228
40
340
780
1244
1692
2108
2492
2876
3260
3516
3516
3644
3644
3644
3516
3388
3388
3260
3260
3516
3516
3644
3644
3516
3388
2876
2364
2364
3132
4348
4860
4604
4348
4348
4604
4348
3132
1052
-876
-2108
-2620
-2876
-3004
-2876
-2876
-3260
-4092
-4604
-5116
-5372
-5372
-5116
-4604
-3516
-2876
-2748
-3004
-3516
-4092
-5116
-5884
-6652
-6908
-6908
-6652
-5884
-5372
-4604
-3772
-3132
-2620
-2492
-1980
-1244
-396
524
1180
1628
1884
1820
1692
988
8
-684
-684
8
780
1564
2236
2748
2748
2364
2108
1980
1980
1820
1884
2236
2492
1980
1436
876
180
-492
-924
-924
-924
-876
-556
212
876
1052
876
844
876
556
164
-164
-276
-524
-716
-556
-196
32
64
308
748
1244
1628
2108
2620
3260
3388
3516
3644
3516
3388
3260
3260
3388
3260
3260
3132
3388
3388
3260
3388
3132
3004
2620
2364
2236
2108
2236
3260
4348
4860
4348
3772
4092
4860
4604
3004
1052
-396
-1500
-2364
-2876
-3004
-2876
-3132
-3516
-4092
-4348
-4860
-4860
-4604
-3900
-3260
-2492
-2108
-2108
-2620
-3388
-4092
-5116
-5884
-6908
-7164
-6908
-6396
-6140
-5628
-4860
-3900
-3260
-2876
-2492
-1820
-924
-260
276
924
1372
1372
924
244
-716
-1820
-2364
-1980
-844
428
1308
1884
2108
1980
1308
844
876
1180
1308
1564
1980
1980
1308
372
-340
-812
-988
-924
-588
-72
372
812
1372
1884
1980
1692
1500
1500
1436
1244
1052
844
588
356
244
356
620
924
1244
1692
2492
3132
3516
3900
4092
4092
3772
3388
3132
2876
3004
3132
3132
3004
2876
2620
2492
2236
2108
2236
2492
2620
2620
2492
1884
1244
620
524
1564
2876
3516
3644
3900
4604
4860
3900
1628
-620
-1980
-2748
-3132
-3260
-3004
-2492
-2748
-3388
-4092
-4604
-4860
-4860
-4092
-3004
-1980
-1180
-876
-1052
-1820
-2876
-4092
-5372
-6396
-6908
-6908
-6396
-5884
-5628
-5116
-4348
-3516
-3004
-2620
-2236
-1308
-428
132
748
1244
1180
48
-1500
-2620
-3132
-3516
-3132
-1820
132
1500
1628
1116
716
340
-212
-196
780
1980
2364
2364
2236
1980
988
-308
-876
-556
132
748
1500
2108
2492
2620
2492
2748
2620
2364
2108
2364
2748
2748
2364
1820
1436
1180
876
780
988
1436
1980
2748
3516
4092
4092
3516
3004
2620
2236
1980
1756
2108
2620
2748
2492
1980
1500
1180
1180
1372
1564
1980
2236
2236
1980
1628
988
0
-684
-652
112
1372
2620
3388
3260
3260
3772
3900
3132
1628
180
-396
-988
-2108
-3004
-3132
-2620
-3004
-3516
-3644
-3388
-3132
-3260
-2748
-1980
-1180
-1052
-1436
-1628
-2236
-3260
-4604
-5628
-6140
-6652
-6652
-6396
-6140
-6140
-5628
-5116
-4348
-3900
-3644
-3132
-2108
-1116
-588
0
132
-492
-2108
-3516
-4092
-4348
-3900
-3004
-1372
396
1244
1116
748
556
372
148
588
1820
2876
3260
3004
2876
2364
1564
716
524
1180
1980
2620
3132
3644
3644
3260
3132
3260
3516
3772
3772
4092
4348
4092
3260
2236
1436
924
716
876
1500
2236
2620
3004
3132
3004
2620
2108
1820
1756
1884
1980
1980
1980
1884
1564
1180
780
684
748
1180
1692
1980
1980
1564
988
556
244
-24
-340
-460
-276
292
1372
2364
3004
3004
2748
3004
3644
3900
2876
1436
556
-88
-1308
-2876
-3772
-3388
-2876
-3004
-3132
-2876
-2492
-2492
-2876
-2620
-2108
-1692
-1980
-2364
-2620
-2876
-3772
-5116
-6140
-6652
-6652
-6908
-6908
-6652
-6396
-5628
-4860
-4348
-3900
-3644
-3004
-2108
-988
8
-228
-1628
-3132
-3900
-3900
-3644
-3004
-1884
-164
1052
1116
620
524
716
876
1308
2492
3644
4092
3516
3260
3132
2620
1980
1500
1692
2620
3260
3644
3900
3772
3388
3132
3260
3388
3644
3644
4092
4348
4604
3644
2364
1244
812
556
428
652
1116
1500
1692
1756
1756
1564
1244
1244
1628
2108
2108
1884
1756
1500
1116
780
588
684
924
988
1500
1980
1820
1116
492
556
844
988
780
524
556
652
684
716
1244
1980
2620
2620
2364
2492
2876
3004
2492
1180
120
-308
-684
-1628
-2620
-3132
-2748
-2492
-2876
-3260
-3132
-2492
-2236
-2620
-3132
-3004
-2876
-3004
-3388
-3772
-4348
-5116
-5884
-6396
-6396
-6396
-6652
-6908
-6396
-5628
-4860
-4348
-3900
-3516
-3004
-2492
-1884
-1500
-1436
-1564
-1628
-1372
-1116
-1500
-1980
-1980
-1116
16
924
1628
2108
2620
2748
2620
2492
2748
3004
3132
3260
3644
3772
3388
3004
2876
3004
2748
2492
2492
2492
2748
2748
2876
3004
3132
3004
3004
3132
3004
2876
2364
1820
1564
1180
716
396
292
556
924
1116
1372
1628
1820
1884
1980
1980
1980
1820
1692
1628
1628
1628
1500
1628
1756
1884
1756
1308
1244
1372
1436
1436
1500
1628
1692
1372
988
716
684
588
620
1180
1980
2236
1692
988
988
1692
2236
1980
1180
196
-524
-988
-1564
-2364
-2876
-3132
-2876
-2748
-3004
-3388
-3388
-3260
-3388
-3644
-3772
-3516
-3516
-3900
-4348
-4860
-5116
-5628
-5884
-6140
-5884
-5628
-5884
-5884
-5372
-4604
-4092
-3772
-3516
-2876
-2236
-2108
-2108
-2492
-2748
-2748
-2236
-1564
-988
-748
-684
-292
372
988
1308
1500
1756
2108
2620
2748
2748
2620
2492
2364
2492
2748
2876
2748
2620
2748
3004
3132
3132
3004
3004
3132
3516
3772
3900
3772
3516
3388
3260
3132
2876
2492
2236
2108
1884
1628
1500
1500
1564
1628
1820
1884
1980
1980
1980
1980
1980
1980
2108
2108
1980
1980
1756
1692
1564
1308
1180
1052
988
924
876
780
716
652
308
48
-16
16
48
88
40
244
428
428
396
340
396
196
396
1052
1372
1116
-16
-1180
-1756
-1884
-1980
-2236
-2236
-1980
-1980
-2492
-3132
-3516
-3644
-3644
-3516
-3260
-3004
-3004
-3516
-3900
-4348
-4348
-4860
-5116
-5116
-4860
-4348
-4604
-4860
-5116
-5116
-5116
-4860
-4604
-4092
-3388
-2876
-2364
-2236
-2364
-2620
-2236
-1692
-1052
-588
-164
164
492
716
780
924
1116
1372
1884
2364
2492
2492
2364
2236
2492
2748
3004
3132
3260
3388
3644
3772
3772
3772
3772
3900
4348
4604
4604
4348
4092
3772
3516
3388
3132
2748
2620
2620
2492
2364
2236
2108
1980
1980
1980
1980
1980
1884
1820
1692
1628
1500
1372
1116
1052
844
556
588
620
748
524
212
-180
-396
-428
-588
-588
-492
-308
-260
-260
-308
-308
-492
-716
-556
-228
292
396
492
396
244
112
24
276
244
-244
-1052
-1500
-1564
-1692
-1980
-2236
-1980
-1884
-2364
-3004
-3260
-3132
-3132
-3388
-3516
-3388
-3388
-3772
-4092
-4092
-4348
-4348
-4604
-4860
-4604
-4604
-4604
-4860
-4604
-4348
-4604
-4604
-4348
-3772
-3132
-2748
-2364
-1980
-1980
-1820
-1628
-1052
-524
-132
132
428
812
988
1052
1180
1436
1820
2236
2364
2620
2748
2748
2876
3132
3516
3900
4092
4092
4348
4348
4604
4604
4348
4348
4348
4348
4348
4348
4092
3900
3644
3388
3260
3004
2876
2876
2876
2876
2620
2364
2108
1820
1500
1180
988
812
748
748
524
396
292
180
212
32
80
196
212
120
-148
-292
-588
-812
-924
-876
-684
-556
-684
-780
-716
-684
-684
-748
-716
-492
0
372
460
396
244
164
-48
-56
88
196
48
-492
-876
-1052
-988
-1052
-1244
-1372
-1308
-1500
-1980
-2492
-2620
-2748
-3004
-3260
-3388
-3260
-3388
-3516
-3644
-3772
-4092
-4092
-4348
-4348
-4348
-4348
-4604
-4348
-4348
-4348
-4348
-4348
-4092
-3516
-3132
-2748
-2492
-2236
-2236
-1980
-1564
-988
-524
-164
112
396
684
876
924
1180
1500
1820
2108
2492
2748
3004
3132
3388
3772
4092
4348
4348
4348
4348
4348
4348
4348
4092
4092
4092
4092
4348
4348
4092
3772
3644
3516
3388
3388
3260
3004
2748
2492
2108
1692
1308
988
812
716
620
556
372
164
80
40
164
112
-32
96
324
228
-180
-588
-748
-924
-1180
-1180
-876
-396
-308
-492
-492
-396
-372
-396
-340
-72
-72
-72
32
308
460
180
-72
-196
-112
8
32
196
260
-132
-716
-1052
-1052
-1116
-1372
-1500
-1436
-1564
-1980
-2748
-3132
-3260
-3132
-3388
-3516
-3388
-3388
-3516
-3644
-3772
-3900
-4092
-4348
-4348
-4092
-4092
-4348
-4348
-4092
-4092
-4092
-4092
-3772
-3260
-2876
-2364
-1980
-1628
-1564
-1436
-1180
-812
-356
0
212
492
812
1052
1244
1372
1692
2108
2364
2620
2876
3132
3516
3644
3772
3900
3900
4092
4092
4092
4092
4092
4092
4092
3900
3900
3900
3900
3900
3772
3772
3644
3388
3132
2748
2492
2236
1980
1756
1564
1308
1052
844
716
620
588
524
428
372
292
148
132
96
40
-96
-148
-80
-104
-340
-428
-492
-372
-292
-292
-164
-56
112
196
276
292
24
-260
-356
-308
-356
-276
-132
-32
-164
-524
-652
-588
-356
-276
-180
-24
0
-356
-812
-1052
-1116
-1116
-1372
-1692
-1980
-2364
-2876
-3260
-3516
-3516
-3516
-3644
-3772
-3644
-3388
-3388
-3388
-3388
-3516
-3772
-3900
-4092
-4092
-3900
-3900
-3900
-3772
-3772
-3772
-3644
-3260
-2748
-2364
-2108
-1980
-1884
-1628
-1308
-876
-428
-32
308
588
876
1116
1308
1564
1820
2108
2364
2492
2748
3004
3260
3516
3772
3772
3900
3772
3772
3900
4092
4092
4092
3900
3772
3644
3644
3772
3772
3772
3644
3516
3260
3132
2876
2748
2492
2364
2236
2108
1980
1692
1436
1308
1116
924
748
588
460
324
212
196
308
276
48
-40
72
-8
-132
-212
-324
-292
-244
-260
-396
-524
-460
-524
-620
-652
-716
-844
-1052
-1244
-1308
-1372
-1372
-1500
-1500
-1244
-1052
-988
-876
-556
-324
-356
-492
-588
-620
-844
-1180
-1308
-1244
-1308
-1628
-1980
-1980
-1980
-2108
-2364
-2492
-2364
-2236
-2364
-2364
-2364
-2364
-2492
-2620
-2748
-2876
-3004
-3260
-3388
-3388
-3388
-3516
-3516
-3388
-3260
-3260
-3004
-2748
-2492
-2236
-2108
-1980
-1692
-1500
-1244
-988
-620
-324
-132
0
196
492
924
1244
1564
1980
2236
2492
2748
3132
3260
3388
3516
3644
3644
3644
3772
3772
3772
3772
3900
4092
4092
4348
4348
4348
4348
4348
4092
4092
3644
3388
3260
3004
2876
2620
2364
1980
1820
1500
1244
1116
924
684
492
372
180
-24
-228
-340
-460
-652
-844
-924
-924
-988
-1052
-1116
-1116
-1244
-1244
-1308
-1372
-1372
-1564
-1756
-1820
-1628
-1500
-1500
-1436
-1436
-1436
-1436
-1244
-988
-556
-396
-356
-492
-524
-340
-196
-148
-212
-164
-132
-276
-620
-844
-748
-524
-492
-812
-1052
-1180
-1244
-1372
-1564
-1628
-1820
-2108
-2364
-2492
-2492
-2620
-2876
-3004
-3132
-3388
-3644
-3772
-3644
-3388
-3260
-3132
-3132
-3004
-3004
-3004
-2748
-2620
-2364
-2364
-2108
-1884
-1564
-1308
-1116
-780
-340
32
396
780
1244
1628
2108
2492
2748
2876
2876
3004
3260
3516
3644
3644
3772
3900
3900
4092
4092
4348
4348
4348
4348
4348
4348
4092
4092
3900
3772
3516
3260
3004
2748
2620
2492
2236
1980
1820
1628
1308
1116
812
492
212
-80
-340
-492
-652
-812
-924
-1052
-1180
-1244
-1308
-1372
-1372
-1308
-1308
-1372
-1308
-1244
-1116
-1116
-1052
-1116
-1116
-1052
-924
-780
-620
-556
-588
-620
-716
-716
-684
-652
-684
-684
-460
-340
-372
-460
-396
-40
212
228
72
88
148
-40
-372
-620
-684
-748
-924
-1244
-1436
-1628
-1980
-2108
-2364
-2364
-2620
-2748
-2876
-2876
-3004
-3004
-3004
-3004
-3004
-3132
-3132
-3132
-3004
-3004
-3004
-3004
-3004
-3004
-2876
-2748
-2492
-2108
-1820
-1564
-1308
-988
-748
-492
-180
196
524
716
876
1180
1564
1884
2108
2364
2620
3004
3260
3388
3644
3772
3772
3772
3900
3900
3772
3772
3772
3900
3900
3772
3516
3260
3132
3132
3004
3004
2876
2876
2748
2620
2364
2108
1980
1756
1500
1308
1052
812
620
492
244
0
-292
-620
-812
-924
-988
-924
-988
-1052
-988
-844
-812
-748
-748
-748
-684
-716
-620
-492
-428
-492
-524
-620
-812
-924
-924
-924
-844
-844
-748
-556
-460
-396
-276
-72
88
96
120
148
80
148
104
48
-48
-212
-244
-324
-428
-556
-556
-524
-652
-844
-1052
-1116
-1308
-1628
-1980
-1980
-2108
-2364
-2492
-2620
-2620
-2748
-2876
-3004
-3132
-3388
-3388
-3388
-3260
-3132
-3004
-3004
-3004
-2876
-2620
-2364
-2364
-2236
-2236
-2108
-1820
-1564
-1372
-1180
-1052
-716
-308
32
428
844
1244
1756
2108
2364
2492
2620
2748
3004
3260
3388
3388
3260
3260
3388
3388
3388
3388
3388
3388
3516
3516
3644
3516
3516
3516
3516
3260
3132
2876
2748
2492
2236
2108
1756
1436
1052
780
556
372
148
-56
-244
-460
-588
-652
-748
-780
-812
-924
-924
-988
-924
-844
-812
-844
-876
-924
-1052
-1116
-924
-748
-556
-524
-524
-460
-356
-164
-96
32
112
212
292
196
132
120
244
292
244
164
132
180
180
276
372
372
244
228
228
196
32
-228
-324
-396
-620
-988
-1436
-1628
-1884
-2108
-2364
-2364
-2492
-2620
-2748
-2876
-2876
-3004
-3004
-3004
-2876
-2876
-2876
-3004
-2876
-2876
-3004
-3132
-3132
-3132
-3004
-2876
-2748
-2620
-2492
-2236
-1980
-1628
-1308
-924
-588
-212
164
492
812
1116
1436
1692
1884
2108
2236
2364
2492
2620
2748
2876
3004
3132
3260
3388
3516
3644
3772
3772
3644
3644
3516
3388
3388
3132
3004
2748
2620
2492
2236
2108
1820
1564
1436
1244
1116
924
716
556
428
292
132
-40
-260
-428
-556
-652
-748
-924
-1052
-1052
-988
-876
-780
-716
-620
-556
-372
-164
-88
-8
8
72
24
16
48
48
72
80
48
80
48
8
32
112
196
180
260
340
428
396
292
276
292
180
-72
-164
-80
-120
-428
-716
-812
-780
-924
-1052
-1180
-1308
-1500
-1692
-1884
-2108
-2108
-2364
-2492
-2492
-2620
-2748
-3004
-3132
-3132
-3260
-3260
-3388
-3388
-3388
-3388
-3388
-3260
-3132
-3004
-3004
-2748
-2492
-2364
-1980
-1692
-1308
-1052
-812
-620
-372
-80
180
492
780
988
1244
1436
1756
1980
2236
2620
2876
3132
3260
3516
3644
3644
3644
3644
3516
3516
3516
3644
3644
3516
3516
3388
3260
3132
3004
2876
2748
2492
2364
2236
1980
1884
1628
1372
1116
924
684
460
228
0
-212
-396
-556
-716
-876
-924
-876
-844
-924
-924
-924
-876
-780
-620
-588
-620
-556
-620
-588
-524
-492
-396
-356
-292
-260
-276
-260
-196
-112
-48
-8
24
16
32
64
48
16
0
-8
-96
-164
-104
-48
-32
-148
-244
-276
-324
-428
-588
-684
-716
-812
-924
-1116
-1308
-1564
-1692
-1756
-1884
-1980
-2236
-2236
-2364
-2492
-2620
-2748
-2876
-3004
-3132
-3132
-3132
-3132
-3004
-3004
-2876
-2748
-2620
-2364
-2236
-2108
-1980
-1884
-1756
-1692
-1564
-1436
-1180
-924
-620
-372
-56
228
556
924
1244
1564
1884
2108
2364
2492
2748
2876
3132
3132
3260
3388
3388
3516
3388
3516
3516
3516
3516
3516
3644
3644
3644
3516
3388
3260
3132
2876
2620
2364
2108
1884
1628
1436
1180
988
748
524
396
292
228
148
0
-180
-324
-428
-556
-652
-748
-924
-988
-988
-988
-1052
-1116
-1116
-1052
-988
-924
-844
-748
-684
-588
-460
-372
-356
-396
-396
-396
-396
-460
-460
-396
-356
-292
-244
-244
-260
-212
-180
-180
-164
-112
-48
-104
-164
-308
-340
-372
-460
-556
-716
-844
-924
-988
-1180
-1308
-1564
-1756
-1884
-1980
-2236
-2364
-2364
-2492
-2492
-2492
-2620
-2620
-2748
-2748
-2748
-2876
-2748
-2876
-2876
-2876
-2876
-2876
-2748
-2748
-2620
-2364
-2108
-1820
-1500
-1180
-876
-556
-228
48
260
524
780
1052
1308
1564
1820
1980
2236
2492
2748
3004
3260
3388
3644
3772
3900
4092
4092
4092
4348
4348
4092
4092
4092
3772
3644
3388
3132
3004
2748
2492
2364
2108
1980
1756
1564
1372
1180
924
748
588
460
260
0
-228
-460
-652
-876
-1052
-1180
-1244
-1308
-1372
-1372
-1436
-1500
-1500
-1436
-1308
-1244
-1244
-1116
-1052
-1052
-988
-988
-876
-780
-652
-588
-588
-588
-524
-492
-460
-340
-196
-48
0
16
24
24
-16
-8
-8
-132
-196
-276
-372
-460
-556
-652
-748
-812
-924
-1052
-1116
-1244
-1308
-1436
-1500
-1564
-1628
-1756
-1884
-1980
-2108
-2236
-2364
-2364
-2492
-2492
-2620
-2748
-2748
-2748
-2748
-2620
-2620
-2492
-2364
-2108
-1980
-1820
-1692
-1564
-1308
-1116
-924
-748
-620
-372
-48
212
428
684
924
1180
1372
1628
1820
2108
2364
2620
2876
3132
3260
3388
3516
3644
3644
3644
3644
3516
3516
3516
3516
3516
3388
3260
3132
3132
3004
2748
2492
2364
2236
2108
1980
1884
1628
1436
1308
1052
844
588
356
132
-120
-260
-396
-492
-620
-748
-812
-876
-924
-988
-988
-1052
-1052
-924
-876
-812
-812
-876
-988
-988
-988
-988
-988
-1052
-988
-924
-844
-780
-812
-780
-684
-556
-428
-324
-292
-324
-396
-396
-492
-620
-748
-924
-988
-1052
-1116
-1180
-1244
-1244
-1244
-1180
-1180
-1180
-1244
-1308
-1308
-1308
-1372
-1436
-1500
-1500
-1564
-1628
-1692
-1820
-1980
-1980
-1980
-1980
-1884
-1884
-1820
-1820
-1756
-1692
-1756
-1756
-1692
-1628
-1564
-1436
-1372
-1308
-1244
-1116
-924
-716
-556
-372
-164
8
180
372
492
652
876
1116
1372
1692
1884
1980
2108
2364
2492
2620
2748
2748
2876
3004
3132
3260
3260
3260
3260
3260
3132
3132
3260
3132
3132
3004
2876
2876
2620
2492
2364
2236
1980
1756
1564
1308
1116
924
684
524
396
276
196
72
-24
-132
-228
-308
-372
-492
-684
-876
-988
-1116
-1244
-1372
-1500
-1500
-1564
-1564
-1500
-1500
-1500
-1372
-1244
-1116
-988
-876
-812
-748
-780
-812
-876
-924
-924
-924
-924
-924
-844
-812
-812
-812
-812
-812
-780
-716
-684
-652
-620
-652
-684
-748
-748
-812
-876
-988
-988
-988
-988
-988
-988
-988
-988
-988
-988
-988
-1116
-1244
-1372
-1500
-1564
-1564
-1628
-1628
-1692
-1692
-1692
-1692
-1692
-1628
-1500
-1372
-1244
-1116
-1052
-988
-924
-844
-780
-684
-524
-396
-244
-80
88
260
428
556
780
1052
1244
1564
1756
1980
2108
2364
2492
2492
2492
2620
2748
2876
3004
3004
3132
3004
3004
3132
3004
3004
2876
2748
2748
2492
2364
2236
2108
1980
1884
1756
1628
1500
1308
1180
1052
876
716
556
356
164
-40
-260
-428
-652
-844
-988
-1116
-1244
-1308
-1436
-1436
-1372
-1372
-1308
-1244
-1244
-1308
-1244
-1244
-1244
-1244
-1244
-1180
-1180
-1116
-988
-924
-924
-876
-780
-716
-652
-588
-524
-428
-356
-340
-308
-276
-308
-324
-356
-340
-356
-372
-356
-340
-292
-260
-292
-356
-396
-460
-460
-460
-460
-492
-556
-620
-684
-812
-924
-1052
-1116
-1180
-1180
-1180
-1180
-1180
-1244
-1244
-1308
-1372
-1436
-1500
-1500
-1500
-1500
-1372
-1308
-1308
-1244
-1116
-988
-876
-780
-652
-492
-324
-148
0
112
212
292
460
620
812
1052
1180
1372
1564
1692
1884
1980
2108
2236
2364
2492
2492
2620
2492
2492
2492
2492
2364
2364
2236
2236
2108
2108
1980
1980
1980
1820
1628
1500
1372
1180
988
748
556
356
164
-16
-212
-396
-524
-620
-684
-716
-748
-876
-924
-924
-988
-988
-1052
-1116
-1116
-1116
-1052
-988
-988
-988
-988
-924
-876
-812
-748
-652
-556
-428
-340
-276
-212
-164
-164
-120
-16
40
80
64
48
-16
-48
-64
-88
-148
-148
-120
-148
-112
-120
-148
-180
-244
-260
-372
-492
-588
-620
-620
-588
-556
-524
-588
-684
-812
-844
-924
-1052
-1116
-1180
-1180
-1180
-1180
-1116
-1180
-1180
-1116
-1116
-1116
-1052
-988
-988
-924
-876
-844
-844
-748
-748
-684
-588
-524
-396
-228
-88
72
212
308
428
556
684
748
844
988
1052
1116
1180
1180
1244
1244
1372
1436
1500
1564
1628
1628
1692
1756
1756
1756
1692
1692
1628
1500
1372
1244
1116
1052
924
812
748
716
716
652
556
492
396
308
196
148
112
72
24
-64
-148
-228
-324
-356
-372
-396
-428
-460
-428
-428
-492
-492
-524
-492
-460
-396
-324
-292
-276
-244
-228
-244
-212
-212
-196
-196
-196
-180
-164
-148
-132
-132
-148
-120
-112
-148
-196
-212
-196
-244
-276
-276
-276
-260
-276
-276
-228
-228
-276
-340
-372
-396
-396
-396
-356
-372
-396
-428
-428
-460
-460
-460
-492
-492
-460
-460
-492
-556
-652
-716
-780
-780
-812
-780
-748
-684
-652
-652
-684
-652
-684
-684
-684
-684
-684
-684
-652
-588
-524
-428
-356
-324
-228
-132
-32
64
164
260
340
396
524
684
780
844
876
924
988
988
1052
1052
1052
1052
1116
1180
1244
1372
1436
1500
1564
1500
1500
1436
1308
1244
1116
924
780
652
556
460
396
396
356
292
244
164
80
0
-80
-164
-260
-292
-324
-372
-428
-492
-588
-652
-684
-716
-748
-780
-748
-684
-684
-556
-492
-428
-356
-292
-276
-260
-276
-292
-292
-260
-180
-104
-32
16
32
40
88
120
148
180
196
196
148
132
112
96
88
112
148
180
228
260
260
244
244
228
164
104
40
-40
-148
-212
-276
-324
-372
-428
-428
-524
-620
-748
-924
-1052
-1052
-1116
-1180
-1180
-1244
-1244
-1308
-1308
-1244
-1244
-1180
-1116
-1116
-1052
-988
-988
-924
-844
-716
-556
-356
-196
-88
8
112
212
324
372
460
556
652
780
924
1052
1244
1436
1628
1756
1884
1980
1980
1980
1980
1980
1820
1692
1628
1628
1564
1436
1436
1308
1244
1180
1116
988
844
716
556
460
372
228
56
-96
-260
-396
-556
-684
-748
-844
-876
-924
-1052
-1052
-1052
-988
-988
-988
-988
-988
-1052
-1052
-1052
-1052
-988
-924
-812
-716
-620
-556
-428
-324
-244
-148
-56
16
72
132
132
148
196
212
276
324
340
396
460
492
492
492
372
324
292
276
276
292
324
276
276
276
180
104
48
-40
-148
-228
-292
-396
-524
-620
-684
-748
-844
-924
-988
-1052
-1052
-1116
-1116
-1116
-1116
-1180
-1116
-1116
-1116
-1116
-1116
-1052
-988
-924
-812
-780
-748
-652
-620
-556
-492
-396
-276
-148
-24
120
292
460
620
780
924
1052
1116
1180
1244
1308
1372
1372
1372
1372
1372
1436
1436
1500
1500
1500
1564
1500
1500
1500
1436
1372
1308
1180
1116
988
876
780
716
652
556
492
428
308
228
132
16
-72
-96
-132
-196
-244
-276
-324
-396
-460
-492
-556
-556
-556
-556
-492
-524
-524
-492
-524
-524
-524
-492
-460
-460
-396
-372
-356
-308
-276
-212
-148
-120
-132
-164
-148
-164
-148
-132
-196
-244
-244
-196
-196
-196
-212
-244
-244
-228
-244
-244
-260
-308
-324
-340
-372
-396
-460
-556
-652
-716
-748
-748
-748
-780
-812
-876
-924
-924
-876
-876
-876
-844
-844
-844
-876
-924
-988
-1052
-1052
-1052
-1052
-1052
-988
-924
-844
-748
-652
-524
-396
-324
-244
-132
-16
96
196
308
396
460
524
588
652
716
812
924
1052
1244
1372
1436
1564
1628
1756
1820
1884
1884
1884
1820
1820
1820
1820
1756
1692
1564
1500
1372
1372
1308
1308
1244
1180
1116
1052
988
924
812
716
524
396
276
132
24
-88
-164
-228
-308
-396
-428
-492
-492
-556
-588
-620
-652
-652
-652
-652
-684
-652
-652
-588
-588
-588
-620
-652
-652
-652
-556
-524
-524
-524
-492
-492
-460
-428
-396
-372
-324
-228
-180
-164
-196
-276
-324
-324
-324
-340
-340
-356
-340
-324
-340
-324
-356
-356
-428
-460
-492
-556
-588
-652
-684
-716
-812
-924
-988
-1116
-1180
-1180
-1244
-1308
-1308
-1372
-1436
-1436
-1436
-1372
-1308
-1244
-1116
-1052
-1052
-988
-924
-876
-812
-716
-652
-652
-524
-428
-324
-164
0
196
428
620
780
988
1116
1244
1372
1564
1692
1820
1980
1980
2108
2108
2108
2108
1980
1980
1980
2108
2108
2108
2108
2108
2108
2108
1980
1884
1756
1692
1564
1436
1308
1116
924
716
524
356
196
80
-32
-104
-180
-260
-308
-396
-428
-460
-460
-556
-620
-684
-748
-812
-844
-844
-844
-844
-844
-844
-812
-812
-780
-716
-716
-620
-556
-492
-460
-396
-340
-324
-308
-292
-292
-324
-324
-308
-276
-228
-228
-212
-196
-164
-196
-164
-148
-180
-212
-260
-308
-372
-428
-460
-524
-620
-652
-652
-684
-748
-844
-924
-988
-1116
-1180
-1244
-1308
-1372
-1372
-1372
-1372
-1372
-1436
-1500
-1436
-1436
-1436
-1372
-1372
-1308
-1244
-1244
-1116
-1052
-924
-748
-588
-396
-212
-40
132
292
428
588
748
876
1052
1180
1372
1500
1564
1628
1692
1756
1820
1980
2108
2108
2236
2236
2364
2364
2364
2364
2236
2236
2108
2108
1980
1820
1628
1436
1308
1180
1052
876
748
684
620
556
524
396
324
244
148
40
-56
-164
-292
-372
-428
-524
-620
-684
-748
-780
-780
-812
-780
-748
-780
-780
-748
-716
-684
-652
-652
-620
-620
-620
-620
-620
-620
-556
-460
-396
-372
-340
-308
-292
-260
-276
-292
-340
-372
-396
-460
-524
-556
-556
-556
-556
-524
-524
-588
-588
-556
-588
-588
-620
-684
-716
-780
-844
-876
-924
-988
-1116
-1180
-1244
-1244
-1244
-1244
-1180
-1180
-1116
-988
-988
-876
-812
-748
-684
-588
-556
-492
-492
-428
-340
-276
-196
-72
16
164
292
396
524
652
748
812
924
988
1052
1116
1180
1308
1372
1436
1500
1628
1692
1756
1756
1756
1756
1756
1756
1692
1628
1628
1564
1500
1436
1372
1308
1244
1180
1180
1116
1052
988
924
876
748
652
524
428
324
228
148
48
-24
-104
-180
-292
-372
-396
-428
-492
-524
-588
-620
-684
-748
-812
-844
-876
-924
-924
-924
-924
-924
-924
-844
-780
-748
-748
-716
-684
-652
-652
-620
-588
-588
-588
-588
-620
-620
-588
-524
-428
-340
-276
-228
-244
-244
-292
-292
-292
-308
-324
-356
-396
-460
-492
-524
-588
-620
-652
-684
-716
-716
-716
-748
-716
-716
-716
-684
-684
-684
-716
-716
-716
-716
-684
-652
-620
-556
-460
-356
-260
-148
-72
0
80
180
292
372
460
556
588
652
748
844
924
988
1052
1180
1244
1372
1372
1436
1436
1436
1500
1564
1564
1564
1500
1500
1500
1436
1436
1436
1372
1308
1244
1116
1052
988
924
812
716
652
556
492
372
276
164
48
-40
-112
-180
-260
-372
-460
-524
-588
-620
-652
-716
-780
-812
-844
-876
-924
-988
-988
-988
-988
-988
-988
-924
-924
-876
-844
-780
-780
-716
-652
-588
-524
-460
-428
-396
-356
-308
-196
-112
-32
0
16
56
64
40
24
-16
-24
-16
-48
-64
-56
-96
-132
-132
-112
-148
-196
-212
-244
-260
-276
-292
-372
-460
-524
-588
-652
-684
-716
-716
-716
-748
-748
-716
-716
-652
-620
-588
-524
-460
-428
-372
-308
-292
-244
-180
-132
-80
-48
16
88
196
356
492
620
716
780
844
924
988
988
1116
1116
1244
1308
1372
1436
1436
1436
1500
1500
1436
1436
1372
1372
1308
1308
1308
1244
1180
1116
1052
988
876
780
684
588
524
396
260
120
0
-96
-212
-308
-396
-492
-588
-620
-652
-684
-748
-780
-844
-876
-924
-924
-988
-1052
-1052
-1052
-1052
-988
-988
-924
-924
-844
-812
-748
-684
-652
-620
-556
-492
-460
-396
-324
-292
-292
-260
-244
-244
-228
-212
-180
-180
-148
-112
-96
-80
-64
-16
0
0
-24
-24
-24
-80
-96
-132
-148
-164
-196
-228
-292
-356
-396
-428
-428
-428
-396
-372
-340
-340
-324
-340
-324
-308
-276
-244
-212
-180
-148
-148
-132
-104
-80
-40
16
96
196
260
340
428
524
588
620
652
716
780
844
924
988
988
1052
1052
1052
1116
1116
1052
1052
1052
1052
1116
1116
1116
1116
1116
1052
988
924
924
876
844
780
684
588
460
356
212
120
40
-40
-132
-180
-276
-324
-340
-372
-396
-460
-524
-556
-588
-620
-652
-716
-780
-812
-812
-780
-780
-748
-716
-684
-652
-620
-556
-524
-524
-556
-524
-492
-460
-460
-428
-396
-396
-372
-340
-356
-372
-372
-372
-340
-308
-308
-292
-292
-292
-244
-244
-308
-324
-356
-372
-372
-396
-428
-460
-524
-556
-588
-620
-620
-620
-620
-588
-588
-588
-588
-556
-556
-524
-492
-460
-372
-292
-196
-148
-80
-40
-40
-16
8
24
32
88
164
212
308
428
460
524
620
748
844
988
1052
1116
1116
1180
1180
1180
1180
1116
1116
1116
1052
1052
1052
1052
1116
1052
1052
988
988
988
924
924
812
748
716
620
524
396
340
276
196
132
80
56
0
-32
-40
-72
-132
-180
-228
-244
-276
-308
-396
-460
-524
-620
-620
-652
-620
-588
-556
-524
-492
-428
-396
-356
-308
-292
-292
-308
-324
-324
-340
-340
-396
-396
-428
-460
-460
-428
-460
-460
-460
-460
-428
-428
-428
-428
-396
-340
-308
-276
-292
-308
-372
-396
-396
-460
-460
-492
-492
-492
-460
-428
-428
-396
-356
-356
-340
-324
-324
-292
-260
-260
-244
-180
-148
-112
-40
-40
-56
-72
-96
-96
-56
0
40
64
104
148
228
260
308
340
356
396
396
428
428
428
428
460
492
524
556
556
588
620
652
652
652
684
652
652
684
684
652
652
684
684
652
620
556
556
524
492
460
428
396
396
396
428
396
372
340
308
292
212
180
148
88
32
-8
-56
-132
-196
-244
-260
-292
-292
-292
-324
-356
-356
-356
-428
-460
-460
-428
-396
-428
-460
-492
-588
-620
-620
-652
-684
-684
-652
-620
-588
-588
-524
-524
-492
-460
-428
-340
-292
-308
-308
-276
-308
-308
-308
-308
-260
-260
-260
-212
-164
-148
-104
-40
-32
-40
-32
-40
-8
0
32
72
88
112
164
196
180
164
148
132
112
132
148
148
164
164
196
212
212
212
212
212
196
212
164
148
132
148
164
212
228
244
244
244
244
228
212
212
164
164
196
212
244
244
260
276
260
228
228
212
196
180
212
260
260
292
324
324
356
356
308
308
276
260
244
196
164
120
80
72
72
40
8
-24
-32
-16
-8
-16
-16
-56
-72
-88
-112
-148
-164
-196
-244
-308
-356
-428
-492
-556
-556
-588
-556
-556
-588
-556
-556
-524
-524
-492
-460
-428
-396
-396
-396
-356
-356
-396
-396
-356
-340
-356
-340
-308
-276
-228
-148
-132
-88
-56
-48
-8
24
64
32
64
112
148
196
212
212
212
212
196
244
292
356
396
396
396
428
396
340
340
340
324
292
244
228
196
164
164
164
164
164
164
180
180
196
212
212
244
260
228
228
228
212
212
228
228
196
196
196
180
180
164
180
196
212
228
212
228
244
228
276
276
260
244
212
164
132
112
56
32
32
16
-16
-56
-96
-132
-132
-132
-180
-196
-212
-228
-212
-244
-276
-260
-292
-324
-356
-396
-428
-460
-524
-524
-524
-524
-524
-524
-524
-524
-524
-524
-524
-492
-492
-492
-428
-396
-396
-396
-396
-396
-340
-340
-292
-260
-244
-180
-132
-96
-88
-56
-24
8
88
112
148
196
212
196
164
164
164
148
148
180
212
228
260
276
324
356
372
356
356
372
396
396
372
396
356
324
324
308
260
228
196
164
180
212
244
260
276
260
292
276
292
324
324
324
340
340
308
276
244
212
164
164
164
148
164
164
164
164
164
180
212
164
148
180
180
148
112
64
8
-40
-80
-120
-132
-148
-180
-196
-212
-244
-276
-292
-308
-292
-292
-292
-260
-228
-228
-244
-260
-308
-324
-324
-356
-372
-428
-460
-492
-460
-460
-460
-460
-460
-428
-428
-428
-396
-396
-396
-372
-356
-324
-276
-276
-308
-324
-340
-324
-308
-292
-292
-260
-212
-180
-148
-88
-24
0
32
88
104
120
96
80
96
132
164
180
180
196
244
276
292
324
340
340
340
340
340
356
372
372
372
372
372
356
356
372
356
340
356
372
372
356
340
340
340
356
372
396
372
396
372
356
308
260
212
148
132
104
88
96
72
64
48
16
32
40
32
48
80
72
72
40
8
-16
-64
-88
-132
-164
-196
-212
-196
-196
-196
-180
-180
-180
-164
-180
-164
-196
-180
-180
-196
-180
-196
-196
-212
-196
-196
-212
-228
-244
-260
-292
-292
-276
-244
-228
-196
-196
-212
-180
-132
-88
-64
-80
-120
-120
-132
-164
-132
-132
-164
-148
-148
-164
-148
-164
-164
-132
-96
-64
-48
-32
-32
0
-8
8
32
16
16
40
32
48
48
64
80
88
104
104
96
112
132
112
104
88
48
40
56
72
80
96
112
96
112
104
96
80
96
104
120
132
132
148
148
180
196
196
196
180
120
104
96
88
88
72
56
16
8
0
-16
-8
0
0
-8
-8
-16
-32
-24
-48
-56
-80
-88
-104
-148
-132
-148
-148
-112
-88
-104
-96
-64
-64
-64
-56
-40
-32
-56
-40
-16
0
0
8
16
0
32
56
64
64
64
56
56
88
88
132
132
104
104
132
120
120
148
120
132
132
132
148
164
164
164
164
180
148
148
132
132
132
104
88
56
48
32
24
16
8
24
32
40
56
48
32
8
0
8
-16
-56
-64
-96
-96
-112
-132
-148
-180
-164
-196
-164
-148
-164
-164
-180
-196
-180
-196
-196
-212
-260
-276
-276
-260
-244
-244
-228
-196
-164
-132
-148
-132
-148
-164
-180
-164
-164
-164
-132
-148
-164
-148
-148
-164
-112
-64
-40
0
0
0
0
-8
-16
-16
-8
-16
8
-16
-48
-16
-40
-48
-40
-24
-16
0
0
0
16
48
72
80
104
148
148
148
180
164
148
104
104
132
112
120
120
148
148
180
196
212
212
196
212
212
228
244
244
228
228
228
180
212
212
196
228
228
244
244
228
196
180
180
164
148
148
132
132
120
132
148
132
148
120
96
80
64
48
16
24
0
0
-16
-72
-96
-88
-80
-112
-72
-88
-120
-148
-148
-132
-164
-180
-212
-212
-244
-244
-260
-292
-292
-260
-228
-196
-180
-148
-148
-164
-132
-148
-132
-112
-104
-96
-88
-72
-72
-56
-64
-64
-48
-40
-32
-32
-32
-32
-24
-16
-32
-32
-56
-48
-48
-80
-72
-88
-96
-72
-72
-88
-88
-104
-104
-96
-72
-32
-16
-8
24
40
48
56
40
0
-32
-40
-40
-72
-56
-48
-48
-32
-24
-32
-40
-8
-16
16
40
48
64
48
64
80
96
104
112
120
104
112
120
112
80
72
64
80
88
96
112
104
148
180
196
196
196
164
132
112
80
56
40
32
48
56
64
64
56
56
72
64
56
88
80
64
72
48
32
8
-8
-40
-56
-64
-64
-88
-120
-148
-180
-164
-164
-132
-132
-96
-88
-104
-112
-132
-132
-132
-112
-96
-88
-96
-104
-96
-64
-40
-24
8
32
64
96
104
112
148
164
132
112
112
88
48
32
48
48
40
64
72
104
112
112
132
148
148
148
164
164
148
132
96
64
64
56
48
32
32
8
-8
-32
-64
-72
-72
-88
-104
-120
-148
-164
-196
-212
-212
-212
-228
-196
-212
-244
-244
-244
-244
-228
-244
-260
-276
-292
-324
-324
-292
-260
-212
-164
-132
-72
-32
-24
0
32
40
24
32
56
72
96
112
96
112
132
148
148
180
228
244
260
292
308
324
324
276
276
228
212
164
164
132
104
64
24
40
48
64
80
96
96
56
40
8
-24
-32
-56
-88
-112
-132
-164
-180
-180
-180
-164
-132
-96
-80
-56
-16
-8
0
-24
-24
-8
-16
-24
-8
8
24
16
8
24
48
72
80
120
164
164
148
164
180
164
148
148
148
96
96
88
72
88
96
72
56
56
40
56
56
40
16
0
8
0
0
0
-16
-24
-32
-48
-56
-80
-112
-120
-132
-120
-120
-180
-196
-212
-244
-244
-228
-212
-196
-164
-164
-132
-132
-132
-120
-132
-96
-48
-56
-64
-40
-32
-24
-48
-40
0
-24
-16
0
8
16
48
80
88
132
148
148
120
96
112
112
112
104
88
72
40
32
48
48
64
88
80
104
120
96
64
16
-32
-64
-80
-88
-96
-96
-80
-96
-88
-104
-104
-104
-96
-96
-72
-40
-24
-40
-64
-64
-72
