SAMPLES:	7768
BITSPERSAMPLE:	16
CHANNELS:	1
SAMPLERATE:	16000
NORMALIZED:	FALSE
-16
-24
-16
-16
-16
-16
-8
-16
-16
-8
-8
-8
-8
-8
0
-8
-8
-8
0
0
0
0
0
0
0
0
8
8
8
8
0
0
0
0
0
0
8
8
8
16
24
24
16
24
24
16
16
16
16
16
16
16
8
8
0
0
0
0
0
0
0
0
0
0
0
0
-8
-8
-8
-16
-16
-16
-24
-24
-32
-24
-24
-32
-24
-24
-24
-16
-16
-16
-8
-16
-16
-16
-8
-8
-8
-8
0
0
0
0
0
0
8
8
8
16
16
16
16
16
16
16
24
24
24
24
24
24
24
24
24
24
24
24
16
16
16
24
24
24
24
24
16
16
16
8
16
16
16
16
16
16
16
8
8
8
8
8
8
0
0
0
0
0
0
0
0
-8
-8
-8
-8
-16
-8
-16
-16
-16
-16
-16
-16
-16
-16
-16
-16
-16
-8
-16
-16
-8
-16
-16
-16
-16
-16
-24
-16
-16
-16
-16
-16
-8
-8
0
-8
0
0
0
-8
-8
-8
-8
-8
-8
-8
0
0
0
0
0
0
0
0
0
0
0
0
0
-8
0
0
0
0
0
0
0
-8
-8
0
0
0
0
0
0
0
0
0
0
0
0
0
0
0
0
0
0
0
0
8
8
8
16
16
16
16
16
16
16
24
16
16
24
16
16
8
8
8
8
16
16
16
8
8
8
8
8
8
0
8
8
0
0
0
0
-8
-8
-16
-16
-16
-24
-24
-24
-24
-24
-24
-24
-16
-24
-24
-24
-24
-32
-32
-24
-24
-24
-24
-24
-24
-16
-16
-16
-16
-8
-8
-8
0
0
0
0
0
0
0
0
0
0
0
8
8
8
8
16
16
16
24
24
32
24
24
24
24
24
24
24
24
32
24
24
24
32
32
32
32
32
32
24
24
24
24
24
24
24
24
24
24
24
24
24
24
24
24
16
16
16
8
16
8
0
0
0
0
-8
-8
-8
-8
0
-8
0
-8
-8
-16
-16
-16
-16
-16
-16
-24
-24
-32
-32
-24
-24
-32
-32
-32
-32
-32
-32
-32
-32
-32
-32
-32
-40
-40
-40
-32
-40
-40
-40
-40
-40
-48
-40
-40
-40
-40
-32
-32
-32
-24
-24
-24
-24
-24
-24
-24
-24
-24
-24
-24
-16
-16
-16
-8
-8
0
-8
-8
0
0
0
0
0
0
0
8
8
8
16
16
24
32
32
40
40
40
40
40
40
48
48
48
56
56
56
56
56
56
56
56
64
56
56
56
56
56
56
56
56
56
64
64
56
56
56
48
48
48
48
48
40
40
40
32
32
24
24
24
24
16
16
16
8
8
0
0
-8
-16
-16
-24
-24
-32
-32
-40
-40
-48
-48
-56
-56
-64
-72
-72
-80
-80
-80
-88
-88
-88
-96
-96
-96
-96
-104
-104
-104
-104
-96
-88
-88
-88
-88
-88
-80
-72
-72
-64
-64
-56
-56
-56
-48
-40
-40
-32
-24
-16
-8
-8
0
0
0
0
8
16
24
24
32
32
40
40
40
48
48
56
56
56
56
56
56
56
56
48
56
56
56
56
56
56
64
64
64
64
64
64
72
72
64
64
64
64
64
64
72
64
64
72
72
72
64
64
64
64
56
48
48
40
40
32
24
24
16
16
8
8
8
0
0
0
0
-8
-16
-16
-24
-24
-24
-32
-32
-40
-40
-48
-48
-40
-48
-48
-48
-48
-48
-48
-56
-56
-56
-64
-64
-64
-64
-64
-64
-64
-64
-64
-64
-56
-56
-56
-56
-56
-56
-56
-48
-56
-56
-56
-48
-40
-40
-32
-24
-32
-24
-24
-24
-24
-24
-16
-8
-8
0
0
0
0
8
8
16
16
24
32
32
40
48
56
64
64
72
72
72
72
72
72
72
72
72
80
88
88
96
96
88
88
80
80
72
72
56
48
40
32
24
24
16
8
8
0
-8
-16
-24
-32
-48
-48
-64
-72
-80
-88
-96
-96
-104
-112
-112
-104
-104
-104
-104
-104
-112
-120
-120
-120
-112
-112
-112
-104
-104
-96
-96
-96
-96
-96
-96
-88
-88
-88
-80
-64
-56
-48
-40
-32
-24
-16
0
0
0
16
24
40
56
64
80
96
104
120
132
148
164
180
180
196
212
228
228
244
244
260
260
260
276
276
276
276
276
276
276
276
260
260
244
228
212
212
196
164
148
132
112
88
72
48
24
8
-8
-32
-64
-88
-112
-148
-164
-196
-212
-244
-260
-276
-292
-308
-324
-340
-356
-356
-372
-396
-396
-428
-428
-428
-428
-396
-396
-396
-372
-356
-356
-340
-324
-308
-292
-260
-228
-212
-196
-164
-164
-148
-132
-112
-88
-72
-64
-56
-40
-32
-8
0
24
40
56
72
88
96
112
120
120
132
132
148
164
180
196
212
228
244
260
260
260
276
276
308
324
324
340
340
340
340
340
356
372
396
396
396
428
428
428
428
428
428
428
428
428
428
428
396
396
372
340
324
292
276
260
228
212
180
148
132
96
72
40
8
-16
-72
-104
-148
-212
-260
-324
-396
-460
-492
-556
-620
-652
-716
-780
-812
-844
-924
-924
-988
-988
-1052
-1052
-1052
-1116
-1116
-1116
-1116
-1052
-1052
-988
-924
-924
-844
-812
-716
-652
-588
-524
-428
-356
-292
-212
-120
-16
80
196
292
396
492
556
684
748
844
924
988
1052
1116
1180
1180
1180
1180
1180
1180
1180
1180
1180
1180
1116
1116
1116
1052
1052
1052
988
988
924
844
780
716
652
556
524
428
372
340
292
276
260
260
308
340
428
524
588
652
652
684
684
716
748
748
748
748
716
684
588
460
308
112
-56
-276
-460
-684
-924
-1180
-1372
-1564
-1820
-1980
-2236
-2364
-2620
-2876
-3004
-3132
-3132
-3132
-3132
-3132
-3132
-3132
-3132
-3004
-2876
-2748
-2748
-2620
-2492
-2364
-2108
-1884
-1756
-1500
-1180
-924
-588
-460
-324
-196
8
356
652
988
1180
1308
1436
1564
1692
1692
1756
1820
1980
2108
2236
2364
2364
2236
2236
2108
2108
2108
2108
2108
1980
1980
1884
1820
1628
1564
1436
1372
1308
1180
1052
924
780
684
588
524
460
372
356
340
276
212
148
148
196
276
460
652
812
1052
1244
1500
1820
2108
2492
2492
2492
2236
2108
2364
2620
2748
2876
2620
2492
2364
2108
1884
1436
924
428
40
-260
-652
-1116
-1692
-2108
-2492
-2748
-3004
-3388
-3772
-4348
-4604
-4860
-5116
-5116
-5372
-5372
-5372
-5372
-5116
-5116
-5116
-5116
-5116
-4860
-4604
-4092
-3516
-3132
-2876
-2620
-2236
-1756
-1180
-556
-148
196
524
924
1372
1820
2236
2620
3004
3132
3260
3260
3260
3132
3132
3260
3388
3516
3516
3388
3260
3132
2876
2620
2364
2108
1884
1756
1692
1564
1372
1116
748
460
196
-8
-120
-228
-356
-492
-652
-748
-748
-716
-684
-620
-588
-556
-396
-180
48
228
340
556
780
1052
1244
1500
1692
1756
1980
2108
2236
2364
2364
2492
2748
3004
3132
2364
2364
3900
4604
4860
4604
4348
3644
2876
2620
2492
2748
3004
2620
2108
1500
780
-260
-1500
-1980
-2748
-3260
-3132
-3388
-3516
-4092
-4092
-4348
-5372
-5628
-5884
-6396
-6652
-6652
-6140
-5884
-6140
-6140
-6140
-6140
-6140
-5884
-5116
-4604
-4604
-4092
-3260
-2236
-1692
-1500
-1052
-812
-812
-324
556
1500
1884
1980
2364
2492
2748
3004
3132
3644
3900
3772
3772
3772
3516
3132
2748
2876
3004
3132
3132
3132
2748
2108
1628
1308
1180
924
748
924
1116
1116
844
428
24
-620
-1116
-1052
-748
-652
-780
-780
-652
-716
-844
-684
-396
-228
-64
372
876
1052
1180
1244
1628
1980
2108
2364
2492
2364
2236
2108
2236
2364
2492
3004
3772
4604
4860
4860
5628
6140
6396
5372
3900
2620
1884
1756
1820
1756
1564
988
276
-684
-1980
-2748
-3388
-3644
-3772
-3772
-3260
-3132
-3132
-3644
-4348
-5116
-5628
-5884
-6396
-6396
-6396
-6396
-6396
-5884
-5628
-5372
-5116
-5116
-4860
-4604
-4092
-3516
-3132
-3004
-2876
-2364
-1436
-260
620
1180
1500
2236
3260
3516
3132
2492
1884
1500
1180
1436
2108
3004
3004
2236
1884
1820
1820
1884
2236
3132
3644
3388
3004
2492
1820
780
164
372
588
524
228
80
-428
-1308
-1980
-1820
-1244
-876
-652
-132
340
196
-356
-924
-1180
-1308
-924
-64
924
1436
1308
1180
1180
1564
1980
2236
2748
3132
3260
3132
3004
2748
2364
2108
2108
2492
2620
2492
2364
2236
1884
1884
2620
4092
5116
5372
5372
5628
5884
5628
4092
1884
-164
-1308
-1180
-748
-588
-748
-1180
-1884
-3004
-4092
-4860
-4860
-4604
-4348
-3900
-3004
-2492
-2364
-2876
-3516
-4348
-5116
-5628
-5884
-5884
-6140
-5884
-5884
-5628
-5372
-5116
-4604
-4092
-3900
-3644
-3132
-2364
-1980
-2108
-1884
-1244
-356
492
1116
1500
1628
1372
1980
3132
3132
2364
1244
1116
988
396
460
1244
2364
2364
1820
1980
2620
2748
2236
2236
3132
3388
2492
1820
1756
1692
924
396
620
524
-24
-588
-356
-244
-684
-924
-276
684
876
684
684
844
588
80
-48
244
460
684
1308
1980
2108
1884
1820
1980
2364
2620
2876
3260
3388
3132
2748
2492
2364
1820
1564
1756
1980
1980
1500
1180
1180
1052
1436
2620
4348
5372
5116
5116
5628
5628
4092
1180
-1116
-1884
-1756
-1244
-988
-812
-988
-1884
-3132
-4348
-4860
-4860
-4604
-3644
-3004
-2364
-1980
-1884
-2236
-3260
-4348
-5116
-5628
-5884
-6396
-6396
-6396
-6140
-6140
-5884
-5116
-4348
-3772
-3516
-3388
-2876
-2108
-1500
-1244
-1180
-780
-8
748
1116
1052
812
1372
2492
3132
2748
1820
1308
812
196
-48
460
1564
2236
2108
2108
2620
2748
2236
1884
2108
2492
2108
1820
1756
1564
844
196
148
112
-212
-716
-460
-132
-148
-396
-212
492
844
748
652
684
492
132
-120
-16
244
652
988
1500
1980
2108
1980
2236
2876
3260
3516
3644
3772
3516
3004
2492
2108
1980
1756
1756
1884
2108
2108
1980
1628
1180
988
1180
2620
4604
5628
5884
5372
5628
5628
4348
1116
-1756
-2876
-2108
-1308
-988
-924
-1052
-1564
-3004
-4604
-5372
-5116
-4348
-3516
-2492
-1692
-1116
-1116
-1628
-2620
-3900
-5116
-5628
-5628
-5884
-6140
-6140
-5884
-5884
-5628
-5372
-4348
-3644
-3388
-3260
-2620
-1436
-684
-556
-652
-524
-164
132
228
32
-104
748
2620
3260
1692
-588
-1628
-1564
-1692
-1564
-212
1980
3004
2236
1372
1628
1820
1180
780
1756
2876
2620
1756
1628
1820
988
-164
-324
180
72
-556
-428
556
1052
988
1308
2236
2364
1564
684
620
876
716
356
684
1436
1692
1628
1756
1980
1980
1820
2236
3132
4092
3900
3388
3132
2492
1628
924
988
1436
1820
1820
1980
1820
1628
1116
924
988
812
716
1244
3004
4860
5884
5628
5116
5116
4860
3516
652
-1756
-2364
-1244
-340
-196
-340
-588
-1244
-2876
-4348
-4860
-4348
-3260
-2236
-1180
-356
-56
-524
-1372
-2492
-3900
-5116
-5628
-5884
-5884
-6140
-6140
-6396
-6652
-6652
-6140
-4860
-4092
-3644
-3388
-2620
-1820
-1372
-1628
-2108
-2364
-2108
-1692
-1308
-1180
-428
1564
2108
812
-1564
-2620
-2364
-2364
-1628
-196
2236
3516
2748
1692
1756
1884
1628
1500
2492
3772
3260
2620
2620
3132
2364
812
492
924
1308
748
716
1436
2108
2108
2364
3132
3004
1820
684
524
876
988
524
324
684
924
588
428
780
1244
1564
2108
3132
3900
3644
2876
2364
2236
1564
988
1052
1564
1628
1308
1308
1372
1244
1180
1244
1372
1180
844
844
1756
3644
5372
6396
5884
5372
5372
5372
3900
1052
-1628
-1820
-324
780
588
-88
-324
-1116
-2876
-4348
-4604
-3900
-2748
-1628
-652
-8
-244
-1116
-1980
-2876
-3900
-5116
-5628
-6140
-6140
-6652
-6908
-7164
-7420
-7164
-6652
-5372
-4348
-3772
-3516
-3132
-2364
-1884
-2108
-2748
-3004
-2620
-1308
-112
40
-556
-988
-64
96
-924
-1980
-1692
-260
212
340
1180
2876
3516
2620
1692
2364
2876
2492
2236
3260
4348
3644
2492
1980
1980
1372
492
652
1436
1980
1564
1692
2236
2492
1884
1244
1628
1980
1372
212
0
396
492
40
-212
-8
276
324
748
1692
2364
2492
2492
3132
3644
3132
2236
1884
1980
1884
1564
1692
1980
1756
1372
1244
1564
1820
1692
1692
1884
2108
2108
1980
2876
4348
5628
6140
5372
5116
5372
4860
2620
-396
-1884
-1116
132
340
-428
-988
-1244
-2236
-3772
-4860
-4604
-3388
-2236
-1436
-924
-780
-1372
-2236
-2876
-3772
-5116
-6140
-6908
-6908
-7164
-7420
-7676
-7676
-7420
-6908
-5884
-4604
-3900
-3644
-3388
-2492
-1756
-1564
-2108
-2748
-2620
-1884
-1116
-148
844
1244
1180
652
-72
-988
-1436
-844
716
2236
3004
3388
3388
3260
2364
1980
2620
3644
4092
3900
3644
3388
2876
1980
1436
1180
924
716
652
988
1244
1372
1500
1980
2364
2108
1372
924
748
524
356
196
132
32
-260
-620
-556
80
876
1692
2492
3260
3516
3132
2748
2492
2364
2236
2108
2236
2236
1820
1372
1180
1052
876
1116
1628
2364
2492
2108
1756
1692
1692
1436
2108
3772
5116
5628
4604
4348
4860
4860
2492
-748
-2108
-1180
104
148
-652
-924
-1052
-2236
-4092
-5116
-4604
-3260
-2364
-1628
-1308
-1308
-1820
-2364
-2748
-3772
-5372
-6652
-6908
-6652
-6652
-7164
-7420
-7164
-6908
-6396
-5372
-4348
-3516
-3388
-3004
-1980
-1052
-1180
-2236
-3132
-2492
-1052
-148
-228
-716
-620
-132
716
988
652
104
-24
620
1372
2108
2876
3644
3644
3132
2620
2620
2876
2876
3004
3004
2876
2492
1820
1436
1244
1308
1308
1564
1692
1692
1692
1692
1980
2236
2236
1980
1756
1116
292
-32
180
588
652
372
16
120
620
1244
1884
2236
2620
2876
3004
3004
3004
2620
2364
2236
2492
2236
1756
1180
780
924
1180
1564
1980
2108
1980
1564
1244
1244
1244
988
620
1052
2364
3900
4348
3644
3388
4092
4604
3516
924
-1436
-1980
-1116
-428
-396
-652
-988
-1820
-3260
-4604
-4860
-3772
-2492
-1692
-1628
-1756
-1980
-2364
-2876
-3900
-4860
-5884
-6140
-6140
-6140
-6652
-6908
-6908
-6652
-6140
-5628
-4860
-4092
-3772
-3516
-3004
-2364
-2236
-2876
-3516
-3516
-2492
-652
276
308
-48
460
1244
988
180
-260
524
1436
1820
1980
2620
3132
2876
2108
2236
3132
3388
3004
3004
3516
3644
2876
2364
2364
2492
1980
1692
2236
2748
2620
2108
2108
2364
2364
1884
1564
1628
1436
924
556
748
924
396
-308
-324
428
1180
1564
2108
2748
3004
2748
2620
2748
2748
2364
1980
1980
2108
1564
988
716
684
876
924
1116
1436
1564
1564
1564
1564
1436
1372
1180
1116
988
1244
2108
3132
3900
3516
2876
3132
3900
3900
1980
-556
-1884
-1436
-492
-72
-356
-876
-1564
-2620
-3772
-4348
-4092
-3132
-2236
-2108
-2364
-2748
-3260
-3644
-4092
-4860
-5628
-6140
-6396
-6652
-6908
-6908
-6652
-6652
-6396
-5884
-5116
-4604
-4604
-4860
-4348
-3260
-2620
-2364
-2620
-2876
-2364
-1244
-96
228
148
212
812
1372
1244
716
460
1052
1884
2492
2620
2748
3004
3004
3388
3900
4348
4348
3644
3260
3388
3772
3644
3516
3388
3260
3260
3132
3004
2748
2364
2236
2748
3132
2876
2236
1564
1308
1052
748
396
308
228
212
396
716
1116
1308
1436
1628
1980
1884
1692
1628
1692
1628
1180
620
428
428
684
652
556
620
684
876
1116
1436
1564
1564
1500
1564
1500
1436
1244
924
812
1116
1820
2236
2364
2108
2108
2876
3772
3900
2236
40
-1244
-924
16
356
132
-396
-924
-1820
-3132
-4348
-4348
-3644
-2876
-2748
-3260
-3644
-3900
-4092
-4348
-4604
-5116
-5628
-6140
-6652
-6652
-6652
-6396
-6396
-6396
-6140
-5884
-5628
-5372
-4860
-4348
-3516
-2620
-2236
-2492
-2876
-2492
-1180
-56
276
196
620
1372
1500
1116
924
1436
2108
2620
3004
3260
3388
3004
3132
3772
4604
4604
4092
3900
4092
4092
4092
4348
4348
4348
3644
3260
3260
2876
2620
2620
3132
3388
2876
1980
1372
1244
1244
1244
1116
924
524
180
112
324
588
780
844
924
876
620
460
588
844
876
748
652
556
492
356
492
652
652
716
748
988
1052
1116
1308
1500
1564
1372
1308
1244
1244
1052
812
988
1564
2108
2364
2108
1756
2364
3132
3644
2748
1052
-228
-652
-180
80
96
-372
-988
-1884
-3004
-4092
-4348
-3772
-3132
-3004
-3516
-4092
-4348
-4348
-4348
-4604
-5116
-5628
-6396
-6652
-6652
-6396
-6652
-6652
-6652
-6396
-5884
-5372
-5116
-4860
-4348
-3260
-2492
-2364
-2748
-3004
-2364
-1180
-132
340
492
924
1436
1884
2108
2236
2492
2620
3004
3516
3644
3644
3772
4092
4348
4604
4604
4604
4604
4604
4860
4860
4860
4604
4092
3644
3516
3388
3260
3004
2876
2748
2364
1980
1628
1372
1116
780
684
748
684
324
88
32
24
-40
-196
-196
-112
-72
-64
32
212
292
276
276
292
292
308
324
492
716
924
1116
1052
988
924
1052
1372
1564
1628
1500
1436
1308
1308
1180
844
620
748
1244
1500
1244
684
780
1820
2876
3004
2364
1180
164
-460
-684
-588
-428
-652
-1308
-2236
-3132
-3900
-4092
-3900
-3516
-3516
-4092
-4604
-4860
-4604
-4348
-4348
-4604
-5116
-5884
-6140
-6140
-5884
-5628
-5628
-5628
-5116
-4860
-4860
-4860
-4604
-3900
-3132
-2492
-2364
-2364
-1980
-1372
-748
-212
340
1052
1564
1820
2108
2492
3132
3516
3644
3772
3900
3772
3516
3900
4348
4860
4604
4604
4348
4348
4092
4092
4348
4348
4348
3900
3644
3516
3260
3004
2748
2620
2236
1756
1372
1308
1244
1052
844
748
556
40
-556
-924
-844
-620
-492
-492
-588
-652
-716
-684
-524
-460
-324
-196
-196
-164
-104
72
308
652
812
684
652
684
748
748
812
924
1052
988
748
556
556
748
812
924
988
1116
1180
1244
1372
1436
1692
2236
2876
3004
2364
1244
396
-120
-524
-652
-652
-620
-1052
-1820
-2748
-3260
-3388
-3260
-3132
-3260
-3644
-4348
-4604
-4348
-4092
-4092
-4348
-4860
-5372
-5628
-5628
-5628
-5372
-5372
-5372
-5372
-5116
-4860
-4860
-4604
-4092
-3388
-2748
-2620
-2236
-1244
-844
-620
-652
8
924
1628
1980
2364
3132
3516
3516
3388
3644
4092
4092
4092
4348
4860
4604
4348
4604
4860
4860
4348
4348
4348
4348
4092
3900
3516
3260
2876
2620
2620
2364
2108
1980
2108
1820
1308
652
212
40
-148
-356
-684
-988
-1052
-924
-924
-988
-1244
-1372
-1308
-1052
-812
-780
-556
-212
132
372
324
148
0
-32
64
292
460
396
164
40
164
556
748
844
876
812
812
924
1116
1180
1244
1308
1500
1756
1628
1244
1052
1436
2236
2492
2236
1564
780
260
-24
40
72
-96
-428
-988
-1628
-2236
-2620
-2748
-2748
-2876
-3388
-3772
-4348
-4348
-4348
-4348
-4348
-4860
-5372
-5628
-5884
-5884
-5884
-5884
-5628
-5372
-5116
-5116
-4860
-4860
-4348
-4092
-3516
-3132
-2876
-2620
-2236
-1500
-112
924
1308
1308
1244
1628
2236
3004
3516
4092
4348
4092
3516
3772
4348
4604
4860
4860
4604
4348
4348
4604
5116
5372
4860
4604
4092
3772
3388
3388
3388
3260
2748
2236
1884
1372
1116
1116
1308
1372
988
276
-356
-716
-844
-780
-748
-876
-1180
-1436
-1436
-1180
-748
-428
-260
-244
-460
-652
-524
-228
244
492
492
460
324
196
292
556
844
1052
1116
1244
1308
1308
1308
1564
1820
1756
1500
1116
1052
1308
1564
1692
1692
1500
1564
2108
2492
2364
1564
924
460
228
0
-292
-492
-780
-1244
-1980
-2620
-3004
-3260
-3516
-3900
-4092
-4604
-4860
-5116
-5116
-5116
-5628
-5884
-5884
-6140
-6140
-5884
-5884
-6140
-6140
-5884
-5628
-5116
-5116
-4860
-4348
-3900
-3516
-3516
-3132
-2492
-1820
-1244
-588
132
780
1244
1756
2364
2876
3260
3516
3900
4092
4348
4604
4604
4604
4604
4604
4860
4860
5116
5116
5372
5372
5116
4604
4348
4092
3772
3516
3516
3260
3132
2748
2492
2236
1980
1500
1180
1052
780
396
80
-132
-492
-844
-1052
-1180
-1308
-1500
-1500
-1372
-1244
-1116
-1052
-988
-924
-748
-428
-96
164
276
372
460
748
1052
1180
1308
1308
1308
1308
1436
1564
1564
1436
1372
1436
1628
1756
1884
1884
1884
1692
1756
1756
1564
1436
1308
1180
1308
1372
1308
1052
556
212
-8
-132
-428
-924
-1244
-1500
-1756
-2236
-2876
-3260
-3516
-3644
-4092
-4348
-4860
-4860
-5116
-5116
-5116
-5372
-5628
-5884
-5884
-5628
-5628
-5628
-5628
-5372
-5372
-5116
-4860
-4604
-4348
-4092
-3388
-2876
-2364
-1756
-1372
-1052
-716
-196
372
924
1820
2364
2876
3260
3260
3516
3772
4092
4604
4860
4860
4604
4604
4348
4348
4604
4604
4348
4092
4092
4092
4092
4092
3772
3388
3004
2620
2492
2236
2236
2236
1980
1692
1116
620
120
-164
-276
-428
-588
-844
-1052
-1244
-1500
-1500
-1372
-1244
-1180
-1052
-844
-780
-652
-356
-120
88
180
228
228
324
588
876
988
876
684
652
748
1052
1500
1820
1980
1980
1980
2108
2108
1980
1980
1756
1564
1308
1244
1116
1116
988
988
1052
1308
1436
1372
988
460
228
40
-196
-684
-1116
-1436
-1756
-1980
-2364
-2748
-3132
-3388
-3772
-4092
-4348
-4604
-4604
-4604
-4604
-4604
-4604
-5116
-5116
-5372
-5372
-5116
-5116
-5116
-5116
-4860
-4348
-4092
-4092
-3900
-3644
-3260
-2876
-2492
-2108
-1628
-684
180
780
988
1180
1692
2108
2620
3132
3644
3772
3516
3516
3644
3900
4092
4092
4348
4348
4348
4348
4348
4860
4860
4348
4348
3900
3516
3260
3260
3260
2876
2620
2364
2108
1436
876
652
620
524
372
0
-460
-924
-1052
-924
-780
-876
-1180
-1372
-1372
-1180
-988
-924
-844
-812
-684
-524
-356
-324
-324
-196
32
260
428
492
556
812
1180
1436
1564
1628
1564
1436
1372
1436
1564
1564
1564
1436
1308
1180
924
812
780
780
780
684
716
620
428
244
88
0
-132
-260
-460
-716
-988
-1308
-1436
-1564
-1756
-1980
-2108
-2236
-2364
-2492
-2492
-2748
-3004
-3260
-3516
-3644
-3772
-3900
-3900
-3900
-4092
-4092
-4348
-4604
-4604
-4860
-4604
-4348
-4092
-3772
-3388
-3004
-2620
-2236
-1980
-1692
-1436
-1116
-812
-428
-132
132
292
524
812
1116
1500
1884
2364
2620
3004
3388
3772
3900
4092
4348
4348
4604
4860
4860
4860
4604
4604
4348
4348
4092
3900
3644
3516
3260
3004
2876
2748
2492
2108
1756
1500
1244
988
620
292
16
-228
-428
-588
-684
-924
-1116
-1180
-1244
-1372
-1564
-1692
-1692
-1564
-1372
-1116
-924
-844
-812
-716
-556
-396
-396
-356
-292
-212
-148
-16
212
396
460
556
652
716
844
924
924
924
844
924
988
924
812
748
588
492
396
244
96
-40
-148
-260
-372
-524
-620
-620
-716
-988
-1244
-1436
-1628
-1820
-2108
-2364
-2620
-2876
-3004
-3132
-3388
-3644
-3900
-4092
-4348
-4348
-4348
-4604
-4348
-4092
-3772
-3644
-3516
-3388
-3388
-3260
-2876
-2620
-2492
-2364
-2236
-1980
-1692
-1372
-988
-556
-112
308
780
1116
1436
1692
1980
2364
2748
3132
3516
3772
4092
4348
4604
4604
4604
4604
4604
4604
4604
4604
4604
4348
4348
4348
4092
3900
3644
3516
3260
3004
2620
2236
1980
1628
1372
1116
876
620
324
56
-132
-324
-460
-684
-924
-988
-988
-988
-988
-1180
-1244
-1244
-1180
-1180
-1308
-1436
-1436
-1308
-1116
-924
-876
-780
-588
-244
16
196
308
396
428
524
652
716
748
684
652
620
588
524
460
396
396
428
460
524
524
460
340
260
180
132
16
-180
-428
-620
-812
-1116
-1308
-1500
-1820
-1980
-2236
-2492
-2748
-3004
-3260
-3388
-3644
-3644
-3772
-4092
-4092
-4348
-4348
-4348
-4348
-4348
-4604
-4604
-4604
-4348
-4348
-4092
-4092
-3772
-3388
-3004
-2620
-2236
-1692
-1244
-844
-492
-72
340
716
1116
1500
1884
2236
2620
3004
3260
3516
3772
4092
4348
4604
4860
4860
5116
5116
5116
5372
5116
5116
5116
4860
4860
4604
4348
4092
3772
3516
3132
2620
2236
1884
1564
1180
924
684
492
372
228
64
-80
-340
-524
-716
-924
-1116
-1372
-1564
-1692
-1756
-1692
-1692
-1692
-1564
-1372
-1180
-1052
-924
-780
-588
-492
-276
-56
148
276
428
556
588
524
492
492
492
556
684
684
716
716
748
748
652
588
460
428
340
196
16
-148
-244
-396
-620
-716
-924
-1116
-1308
-1500
-1756
-1980
-2108
-2364
-2492
-2748
-2876
-3004
-3132
-3260
-3388
-3644
-3772
-4092
-4092
-4092
-4348
-4348
-4348
-4604
-4348
-4092
-3900
-3772
-3516
-3260
-3004
-2620
-2364
-2108
-1756
-1372
-924
-588
-324
-16
372
748
1052
1244
1500
1756
2108
2492
2748
3260
3644
4092
4092
4348
4604
4604
4860
4860
4604
4604
4604
4348
4348
4092
4092
3900
3644
3388
3260
2876
2620
2236
1980
1820
1756
1756
1692
1436
1116
924
844
620
276
-40
-324
-588
-780
-924
-988
-1052
-1116
-1116
-1052
-1052
-988
-876
-876
-844
-684
-492
-324
-308
-356
-340
-292
-228
-212
-164
-112
-104
-80
0
164
308
324
308
308
292
324
308
244
132
-40
-96
-196
-276
-460
-652
-684
-716
-812
-924
-1052
-1244
-1308
-1436
-1500
-1628
-1692
-1756
-1820
-1980
-2108
-2108
-2236
-2364
-2620
-2748
-3004
-3132
-3260
-3260
-3388
-3388
-3516
-3644
-3644
-3516
-3388
-3260
-3132
-2876
-2748
-2492
-2364
-2108
-1980
-1692
-1436
-1116
-876
-716
-492
-164
120
396
684
924
1244
1628
2108
2492
2748
3132
3388
3772
3900
4092
4092
4092
4092
4348
4348
4348
4348
4348
4092
4092
4092
3900
3644
3516
3516
3516
3260
3132
3004
2876
2620
2236
1820
1500
1180
924
716
492
196
-40
-260
-524
-780
-924
-988
-924
-988
-1052
-1116
-1180
-1180
-1180
-1308
-1436
-1564
-1564
-1500
-1500
-1500
-1628
-1564
-1372
-1180
-924
-844
-748
-620
-428
-228
-148
-148
-276
-396
-356
-244
-132
-120
-132
-96
-104
-104
-228
-396
-556
-620
-524
-460
-492
-556
-588
-588
-652
-748
-812
-924
-1116
-1308
-1436
-1564
-1628
-1628
-1820
-1980
-2236
-2364
-2492
-2748
-2876
-3004
-3004
-3132
-3004
-3132
-3132
-3004
-2876
-2748
-2620
-2492
-2364
-2236
-1980
-1820
-1692
-1500
-1308
-1116
-812
-492
-132
260
588
988
1244
1564
1820
2108
2492
2876
3132
3260
3516
3644
3900
4092
4348
4092
4092
4092
4348
4348
4348
4348
4348
4348
4348
4092
3900
3644
3260
3004
2748
2492
2236
1980
1692
1372
1180
1052
844
620
356
180
24
-164
-372
-556
-716
-876
-988
-1180
-1308
-1500
-1564
-1756
-1980
-2108
-2236
-2108
-2108
-2108
-1980
-1756
-1500
-1308
-1180
-988
-988
-924
-876
-748
-620
-524
-428
-324
-340
-372
-396
-356
-396
-492
-524
-588
-588
-556
-428
-308
-180
-104
-180
-308
-396
-428
-460
-524
-652
-844
-1052
-1180
-1308
-1500
-1692
-1820
-1884
-1980
-2108
-2236
-2364
-2620
-2748
-2748
-2876
-2876
-3004
-3004
-2876
-2748
-2748
-2620
-2620
-2492
-2492
-2364
-2108
-1980
-1692
-1500
-1180
-876
-620
-396
-104
212
492
780
1116
1372
1628
1884
2236
2620
2876
3132
3388
3644
3772
3900
4092
4092
4348
4348
4604
4604
4604
4604
4604
4348
4092
4092
3900
3644
3388
3260
3004
2748
2492
2236
1980
1756
1500
1308
1116
924
716
460
212
-40
-292
-556
-844
-1052
-1308
-1500
-1692
-1820
-1980
-1980
-2108
-2236
-2236
-2236
-2108
-1980
-1820
-1756
-1756
-1692
-1564
-1436
-1244
-1052
-924
-812
-748
-684
-652
-652
-652
-684
-716
-684
-524
-356
-212
-96
-80
-56
-8
-24
-32
-40
-64
-72
-112
-212
-228
-356
-556
-780
-988
-1116
-1180
-1308
-1436
-1500
-1628
-1756
-1884
-1980
-2236
-2364
-2492
-2492
-2492
-2620
-2748
-2748
-2876
-2876
-2876
-2748
-2620
-2620
-2492
-2236
-1980
-1884
-1628
-1372
-1244
-1052
-844
-556
-212
48
292
524
812
1052
1372
1628
1884
2108
2364
2620
2876
3260
3388
3516
3644
3772
3900
4092
4092
4092
4092
4092
4092
3900
3772
3516
3260
3132
3132
3004
2748
2492
2236
2108
2108
1980
1756
1500
1180
924
620
372
132
-64
-292
-460
-620
-780
-924
-1116
-1180
-1308
-1372
-1500
-1564
-1628
-1628
-1564
-1500
-1500
-1500
-1436
-1372
-1244
-1180
-1116
-1052
-988
-876
-812
-780
-780
-780
-780
-684
-556
-524
-428
-292
-120
16
40
32
32
48
104
96
120
56
-40
-148
-212
-276
-356
-428
-556
-684
-780
-924
-1052
-1116
-1180
-1308
-1436
-1500
-1564
-1692
-1884
-2108
-2236
-2364
-2492
-2620
-2620
-2620
-2620
-2620
-2620
-2620
-2620
-2364
-2108
-1980
-1884
-1756
-1628
-1372
-1116
-924
-748
-556
-260
16
276
524
748
988
1244
1564
1884
2108
2364
2492
2748
2876
3004
3260
3388
3388
3388
3516
3644
3644
3516
3388
3388
3388
3260
3260
3132
3004
2748
2620
2492
2364
2236
1980
1820
1564
1372
1052
748
492
244
72
-56
-196
-308
-396
-524
-684
-876
-1052
-1116
-1180
-1308
-1436
-1564
-1564
-1564
-1564
-1500
-1436
-1308
-1244
-1308
-1308
-1244
-1244
-1116
-1052
-924
-924
-844
-684
-556
-428
-324
-260
-244
-212
-164
-104
-16
56
56
64
48
32
8
-72
-148
-228
-228
-260
-324
-460
-524
-588
-652
-748
-844
-924
-1052
-1116
-1244
-1436
-1628
-1756
-1980
-2108
-2236
-2364
-2492
-2492
-2492
-2492
-2620
-2492
-2492
-2364
-2364
-2236
-2108
-1980
-1756
-1692
-1564
-1308
-1116
-924
-620
-308
-48
180
340
492
684
924
1244
1500
1628
1884
2108
2364
2620
2748
2876
3004
3260
3388
3516
3644
3644
3644
3516
3516
3516
3388
3388
3260
3260
3132
3132
3004
2748
2492
2236
1980
1820
1628
1436
1244
1052
924
716
588
356
120
-64
-180
-244
-428
-620
-844
-1052
-1244
-1372
-1436
-1500
-1564
-1628
-1628
-1564
-1564
-1628
-1692
-1756
-1692
-1564
-1436
-1308
-1244
-1180
-1180
-1116
-1052
-1052
-988
-988
-876
-684
-524
-428
-292
-276
-260
-196
-196
-228
-260
-292
-292
-244
-148
-64
-88
-180
-292
-396
-428
-492
-588
-716
-876
-988
-1116
-1244
-1308
-1436
-1500
-1628
-1692
-1756
-1820
-1884
-1980
-2108
-2108
-2108
-2108
-2108
-2108
-2108
-1980
-1980
-1820
-1692
-1564
-1436
-1244
-988
-780
-492
-292
-120
48
180
292
492
684
988
1244
1436
1756
1980
2108
2364
2620
2748
2876
3004
3132
3260
3260
3388
3388
3516
3516
3516
3388
3388
3260
3132
3004
2876
2748
2492
2236
2108
1884
1820
1628
1436
1308
1116
924
780
556
356
228
132
-132
-460
-780
-1052
-1180
-1308
-1436
-1628
-1692
-1692
-1692
-1756
-1756
-1820
-1820
-1692
-1628
-1628
-1564
-1500
-1372
-1308
-1244
-1180
-1180
-1244
-1180
-1116
-988
-780
-620
-492
-372
-292
-260
-212
-164
-132
-56
0
40
120
148
132
96
88
96
120
96
40
-72
-244
-396
-524
-588
-716
-924
-1052
-1116
-1180
-1180
-1244
-1372
-1564
-1692
-1756
-1884
-1980
-1980
-1980
-1980
-1980
-1980
-1884
-1884
-1820
-1692
-1628
-1500
-1436
-1308
-1116
-924
-748
-620
-524
-428
-276
-72
132
308
556
844
1116
1372
1628
1820
2108
2236
2364
2620
2748
2876
3004
3132
3260
3260
3260
3260
3260
3132
3132
3004
3004
2876
2748
2748
2620
2620
2364
2236
2108
1884
1756
1564
1372
1180
988
748
492
228
-16
-276
-524
-684
-876
-1052
-1180
-1308
-1372
-1436
-1436
-1436
-1436
-1564
-1628
-1628
-1564
-1628
-1628
-1756
-1820
-1820
-1820
-1756
-1692
-1564
-1436
-1308
-1180
-1052
-924
-812
-716
-620
-524
-460
-396
-340
-276
-212
-132
-112
-112
-88
-80
-8
8
8
0
-80
-72
-64
-88
-164
-212
-260
-324
-396
-492
-620
-780
-924
-1052
-1116
-1180
-1244
-1372
-1500
-1628
-1692
-1628
-1628
-1628
-1692
-1756
-1692
-1564
-1500
-1372
-1372
-1372
-1372
-1308
-1116
-988
-924
-812
-652
-460
-260
-8
228
460
684
844
1116
1308
1564
1692
1884
2108
2364
2492
2620
2620
2748
2748
2748
2876
3004
3004
3004
3004
3004
3004
2876
2748
2748
2620
2620
2492
2364
2236
1980
1756
1564
1308
1116
924
716
492
260
96
-56
-180
-340
-460
-588
-716
-812
-876
-924
-988
-1052
-1180
-1244
-1308
-1436
-1500
-1628
-1628
-1628
-1564
-1500
-1436
-1372
-1308
-1180
-1116
-1052
-988
-876
-812
-684
-588
-524
-460
-460
-428
-428
-460
-428
-396
-396
-372
-396
-396
-340
-308
-308
-292
-260
-260
-228
-228
-260
-356
-396
-428
-524
-652
-812
-988
-1052
-1116
-1116
-1180
-1308
-1436
-1500
-1436
-1436
-1372
-1436
-1372
-1372
-1372
-1308
-1308
-1308
-1308
-1308
-1244
-1244
-1180
-1052
-924
-812
-652
-492
-396
-260
-48
180
396
588
780
988
1116
1308
1500
1564
1628
1692
1820
1820
1884
1980
2108
2236
2364
2492
2492
2492
2492
2492
2492
2620
2620
2620
2492
2492
2364
2108
1980
1820
1692
1564
1436
1308
1180
1052
924
844
748
652
492
260
56
-56
-164
-308
-492
-652
-812
-924
-1052
-1116
-1244
-1308
-1308
-1308
-1308
-1244
-1244
-1244
-1244
-1180
-1180
-1180
-1180
-1180
-1180
-1116
-1052
-1052
-988
-988
-924
-924
-924
-876
-812
-780
-748
-684
-588
-492
-396
-292
-244
-212
-212
-180
-132
-72
-64
-132
-212
-308
-372
-428
-524
-524
-588
-620
-652
-652
-652
-716
-780
-812
-844
-876
-876
-876
-924
-988
-1052
-1052
-1052
-988
-988
-1052
-988
-988
-988
-924
-812
-716
-620
-492
-372
-244
-104
104
308
460
556
652
748
844
924
1052
1180
1244
1372
1500
1564
1628
1692
1756
1820
1884
1884
1980
1980
2108
2108
2108
2108
2108
1980
1884
1820
1692
1628
1500
1436
1372
1308
1180
1052
988
876
748
556
460
340
120
-24
-148
-228
-340
-460
-588
-748
-844
-924
-988
-1052
-1116
-1116
-1052
-988
-1052
-1052
-1116
-1116
-1116
-1052
-988
-988
-988
-988
-988
-876
-780
-780
-748
-716
-684
-652
-524
-460
-396
-292
-228
-180
-132
-132
-120
-132
-148
-132
-148
-132
-164
-196
-228
-276
-324
-372
-428
-460
-428
-460
-460
-492
-524
-620
-620
-652
-716
-748
-748
-780
-812
-844
-876
-876
-844
-780
-748
-684
-652
-620
-588
-524
-460
-396
-292
-212
-132
-24
64
148
244
356
460
524
620
684
780
924
1052
1180
1244
1308
1308
1308
1308
1308
1372
1436
1500
1500
1436
1436
1500
1500
1436
1436
1372
1372
1308
1244
1180
1116
1052
988
924
876
780
652
588
556
492
396
308
212
112
0
-120
-228
-324
-428
-492
-588
-652
-684
-684
-748
-780
-844
-924
-924
-988
-988
-988
-988
-988
-988
-988
-988
-988
-924
-924
-844
-780
-748
-684
-684
-684
-620
-524
-460
-372
-372
-428
-428
-460
-396
-356
-292
-260
-292
-260
-212
-148
-148
-180
-180
-148
-80
-56
-32
0
0
-40
-96
-120
-164
-212
-260
-308
-372
-428
-396
-356
-356
-356
-356
-308
-276
-276
-260
-260
-308
-356
-308
-212
-120
-80
-104
-132
-112
-112
-88
0
48
88
196
324
428
524
588
652
652
684
716
748
780
876
988
1116
1180
1116
1180
1180
1116
1116
1180
1180
1116
1116
1116
1116
1052
988
924
876
924
924
844
780
716
620
556
460
340
196
80
0
-48
-112
-196
-260
-340
-396
-428
-556
-652
-716
-748
-748
-748
-716
-748
-780
-844
-876
-924
-844
-780
-812
-876
-876
-876
-844
-780
-684
-588
-524
-460
-428
-396
-372
-372
-372
-356
-356
-308
-276
-276
-276
-260
-228
-180
-120
-120
-148
-180
-164
-88
-48
-16
24
72
80
40
8
-24
-64
-48
-40
0
8
0
-24
0
0
0
-16
0
-24
-48
-64
-32
32
40
8
-16
0
0
48
80
96
16
24
80
148
196
180
196
228
260
276
276
276
308
340
340
340
324
292
260
276
276
308
324
340
356
356
324
340
372
428
492
492
492
524
556
588
620
620
524
428
324
260
212
148
120
72
40
40
72
80
56
16
-48
-72
-148
-212
-196
-212
-260
-324
-396
-428
-492
-460
-492
-524
-588
-620
-588
-588
-556
-524
-524
-492
-460
-428
-428
-396
-396
-340
-308
-260
-276
-308
-308
-292
-276
-260
-228
-180
-112
-104
-56
0
48
96
120
164
212
260
292
340
324
292
260
292
308
308
276
308
276
244
180
120
112
96
56
8
-16
-8
24
32
24
0
-40
-112
-180
-228
-260
-260
-260
-212
-148
-104
-112
-104
-96
-104
-88
-24
32
64
104
104
112
104
80
48
-16
-8
48
104
148
180
244
308
372
396
428
460
524
556
620
684
684
620
556
492
396
340
324
292
260
228
244
228
196
164
96
32
-32
-64
-48
-40
-104
-148
-244
-340
-396
-460
-524
-524
-588
-588
-620
-620
-588
-652
-652
-684
-684
-620
-556
-492
-492
-428
-356
-308
-308
-324
-308
-276
-260
-196
-148
-164
-148
-104
-56
0
56
148
212
292
356
396
428
396
372
340
308
260
228
244
276
292
324
340
340
324
324
292
276
196
132
132
132
132
88
32
-24
-96
-180
-276
-340
-428
-428
-396
-396
-340
-308
-308
-308
-292
-260
-196
-180
-180
-148
-112
-104
-104
-132
-180
-212
-196
-164
-96
-48
-16
8
72
132
180
244
324
428
492
588
684
716
716
716
684
620
556
492
492
460
428
396
428
428
460
492
524
492
428
396
396
324
244
196
132
40
-8
-72
-132
-180
-212
-260
-324
-356
-396
-460
-492
-492
-524
-556
-556
-492
-428
-460
-492
-460
-460
-492
-524
-492
-492
-460
-460
-428
-428
-396
-372
-340
-276
-196
-104
-16
80
148
132
148
164
164
164
132
120
112
96
88
96
64
64
96
132
148
132
164
148
164
196
196
148
88
24
-16
-64
-120
-180
-244
-324
-356
-396
-396
-460
-460
-428
-396
-372
-340
-340
-308
-324
-324
-308
-260
-244
-228
-228
-228
-196
-212
-212
-180
-164
-104
-72
-24
96
164
212
308
396
492
556
620
684
684
748
748
716
716
684
620
588
588
652
652
652
652
620
620
620
588
524
524
492
460
428
428
372
292
212
164
48
-64
-132
-164
-212
-228
-276
-324
-372
-356
-356
-428
-460
-492
-524
-524
-492
-492
-524
-524
-492
-460
-428
-372
-356
-356
-324
-260
-212
-164
-104
-80
-48
-16
-8
16
48
64
64
104
104
88
132
180
196
212
212
244
244
260
292
292
276
212
180
148
132
104
56
8
-32
-120
-212
-276
-356
-396
-396
-396
-460
-492
-524
-492
-492
-460
-428
-428
-396
-428
-460
-460
-492
-492
-492
-492
-428
-396
-356
-292
-244
-228
-196
-148
-80
16
72
164
228
292
372
428
428
492
556
588
684
780
780
812
812
844
812
812
748
748
716
716
716
716
652
620
588
556
524
460
428
356
276
196
120
48
-56
-164
-212
-260
-292
-340
-372
-396
-460
-492
-524
-556
-588
-652
-652
-652
-684
-716
-684
-652
-652
-588
-556
-492
-460
-428
-396
-340
-292
-260
-228
-164
-148
-132
-112
-112
-64
-16
32
80
132
132
148
164
212
276
340
396
460
428
396
372
324
276
244
228
196
164
164
132
96
48
0
-8
-8
-32
-56
-32
-24
-56
-88
-148
-196
-196
-228
-276
-308
-308
-324
-340
-372
-396
-372
-356
-308
-276
-276
-276
-212
-148
-104
-72
-48
-32
-8
-16
0
56
96
132
164
228
260
324
340
396
460
460
524
588
652
684
716
684
652
652
620
588
556
524
460
396
396
396
372
356
308
276
244
212
164
148
148
112
40
-56
-148
-196
-260
-340
-428
-524
-588
-588
-588
-588
-620
-652
-652
-652
-588
-556
-556
-524
-524
-460
-460
-460
-460
-492
-492
-492
-460
-460
-396
-396
-340
-292
-260
-196
-132
-16
56
104
164
212
292
356
396
396
396
396
372
356
340
324
340
340
356
372
324
308
276
244
244
212
228
276
276
276
276
292
260
196
132
64
0
-48
-104
-148
-164
-148
-164
-196
-228
-244
-212
-164
-132
-164
-164
-164
-164
-164
-180
-180
-148
-148
-148
-164
-148
-120
-120
-96
-104
-56
0
48
132
196
228
244
260
292
308
260
244
212
212
180
148
164
180
148
148
164
164
164
164
164
148
148
148
112
88
40
-24
-104
-180
-244
-292
-308
-292
-292
-324
-340
-396
-372
-356
-308
-276
-260
-260
-260
-244
-260
-308
-340
-372
-396
-372
-372
-372
-324
-260
-228
-196
-164
-88
0
72
112
180
244
292
356
396
396
356
340
340
372
396
428
396
372
372
396
396
372
356
340
308
324
340
340
308
276
260
292
292
276
244
180
120
56
0
-56
-96
-148
-164
-180
-180
-164
-164
-148
-132
-104
-80
-64
-72
-88
-112
-120
-148
-132
-120
-120
-164
-180
-228
-228
-196
-196
-148
-88
-32
-40
-16
32
48
24
24
0
0
8
8
8
24
0
0
48
40
32
24
0
0
-16
-32
-24
-24
0
-16
-32
-56
-120
-180
-196
-196
-228
-244
-260
-276
-292
-276
-276
-292
-292
-260
-212
-196
-196
-212
-276
-308
-292
-292
-324
-356
-340
-324
-292
-292
-260
-244
-196
-132
-88
-32
8
64
132
228
292
324
308
308
308
308
308
324
276
276
276
276
308
276
260
292
340
356
396
396
396
396
356
340
292
260
244
244
228
196
132
56
16
40
8
0
16
16
8
24
64
32
16
-8
-64
-112
-132
-96
-88
-80
-32
-24
-16
-8
-8
-32
-40
-40
-32
-16
8
16
0
32
64
80
104
112
112
96
56
48
64
72
72
72
104
148
180
212
228
212
164
148
148
132
132
104
120
132
96
80
48
0
-48
-72
-96
-120
-132
-148
-132
-120
-112
-120
-132
-164
-228
-276
-260
-260
-260
-308
-356
-396
-428
-460
-460
-428
-396
-396
-396
-396
-356
-340
-340
-340
-292
-228
-180
-148
-148
-164
-180
-164
-132
-112
-96
-112
-112
-104
-88
-48
-48
-8
-24
-48
-24
0
40
96
132
132
148
180
180
180
148
112
80
40
24
40
32
8
-24
-16
0
-16
0
24
16
32
32
32
32
24
48
64
64
80
80
64
80
96
104
96
96
72
32
40
64
80
120
164
196
212
212
212
180
164
132
148
180
196
260
292
324
356
356
372
372
372
372
356
356
324
324
308
308
292
276
292
308
292
276
260
212
196
180
180
148
104
80
72
80
80
56
16
-24
-56
-88
-112
-120
-132
-132
-132
-180
-196
-276
-308
-308
-308
-260
-276
-276
-276
-276
-276
-244
-244
-228
-244
-292
-292
-308
-324
-292
-276
-260
-260
-292
-308
-292
-244
-228
-196
-164
-180
-180
-196
-180
-180
-212
-228
-244
-244
-196
-196
-196
-180
-196
-196
-164
-132
-112
-80
-48
-64
-48
-32
-16
16
40
88
120
112
120
104
88
56
40
16
32
64
72
96
132
148
132
104
80
80
64
48
48
56
32
-16
-40
-32
-24
-8
56
96
104
132
132
112
88
80
88
96
96
80
104
132
148
120
72
40
56
96
120
164
180
196
180
212
196
164
164
164
180
196
196
164
132
120
132
132
88
48
64
24
16
24
0
-8
-56
-80
-48
-40
-8
16
16
16
40
48
24
8
-8
-48
-88
-120
-148
-132
-120
-96
-64
-40
-40
-40
-32
-40
-48
-24
8
32
32
24
0
-32
-64
-104
-80
-80
-80
-72
-88
-64
-56
-8
24
32
32
24
40
32
40
48
80
96
120
148
148
120
72
64
56
64
56
40
24
8
40
72
88
104
96
80
88
80
40
0
-48
-88
-80
-64
-48
-56
-96
-112
-120
-148
-132
-148
-164
-164
-164
-148
-148
-132
-148
-180
-196
-180
-180
-148
-120
-148
-164
-212
-260
-260
-276
-244
-196
-148
-104
-64
-64
-72
-88
-112
-148
-148
-148
-132
-88
-88
-88
-120
-148
-164
-164
-132
-132
-120
-96
-48
0
16
40
56
80
72
56
40
0
-24
-72
-88
-80
-72
-24
24
64
96
148
180
196
228
228
212
212
196
180
212
228
228
260
244
196
164
132
148
164
196
212
244
276
276
308
308
292
308
324
292
308
340
324
340
308
292
276
244
228
244
276
292
308
292
276
260
244
228
212
164
148
132
112
104
56
8
-8
-24
-48
-32
-48
-48
-48
-48
-64
-88
-104
-164
-196
-228
-228
-228
-244
-244
-260
-292
-324
-308
-276
-276
-260
-308
-356
-340
-356
-372
-372
-356
-324
-324
-308
-292
-292
-292
-276
-276
-292
-308
-340
-340
-340
-356
-340
-308
-276
-276
-260
-276
-244
-244
-196
-148
-120
-112
-88
-88
-112
-104
-148
-164
-164
-180
-180
-164
-148
-112
-88
-56
0
48
80
80
80
56
56
64
96
112
120
164
164
148
112
104
132
148
196
244
260
212
212
244
260
276
292
276
276
292
324
324
324
308
292
292
