SAMPLES:	9281
BITSPERSAMPLE:	16
CHANNELS:	1
SAMPLERATE:	16000
NORMALIZED:	FALSE
88
88
88
80
80
80
80
72
64
64
64
56
48
40
32
24
16
24
16
24
24
8
16
0
0
-8
-16
-16
-24
-32
-32
-40
-40
-48
-48
-48
-48
-48
-48
-56
-64
-72
-64
-72
-72
-72
-72
-72
-80
-80
-72
-80
-88
-88
-88
-80
-80
-80
-80
-72
-72
-72
-72
-72
-64
-72
-72
-56
-56
-64
-64
-56
-48
-40
-40
-32
-32
-40
-40
-40
-32
-24
-24
-24
-24
-24
-24
-24
-16
-16
-16
-16
-8
-8
-8
0
0
0
0
0
0
0
0
0
8
8
8
8
8
16
24
32
32
32
40
40
40
32
40
48
40
40
48
56
48
48
48
56
56
48
64
56
64
64
64
64
64
56
56
56
56
48
48
40
40
40
40
40
40
32
24
24
24
16
16
16
8
8
8
8
8
0
0
0
0
0
0
0
-8
-8
-24
-16
-16
-8
-8
-8
-8
-16
-24
-16
-16
-16
-8
-8
-16
-16
-16
-16
-16
-8
-8
-8
0
0
0
-8
0
0
0
0
0
0
0
0
0
0
0
0
-8
0
0
0
0
0
0
0
0
0
0
-8
-8
-8
0
0
0
0
0
0
0
0
0
0
-8
0
0
-8
-16
-16
-16
-16
-16
-16
-8
-8
-8
-8
-8
-8
-8
-8
-8
-8
-16
-24
-24
-24
-32
-32
-24
-32
-32
-24
-24
-32
-40
-40
-40
-40
-32
-24
-24
-24
-24
-32
-24
-32
-24
-16
-16
-8
-8
-8
-8
-8
0
0
0
0
0
0
0
0
0
8
8
8
16
16
16
24
16
16
24
16
16
16
8
8
8
8
16
24
24
16
16
16
16
16
16
16
24
24
24
24
24
24
32
32
40
32
40
40
32
40
40
32
40
40
40
48
48
48
48
48
48
40
48
48
40
40
40
48
40
40
32
32
40
24
32
32
24
16
24
16
16
16
16
16
16
16
8
0
0
0
-16
-16
-24
-24
-24
-16
-16
-16
-24
-24
-24
-24
-32
-32
-40
-40
-48
-48
-48
-56
-56
-56
-56
-56
-56
-56
-56
-56
-64
-64
-56
-56
-64
-64
-64
-64
-64
-64
-72
-72
-80
-80
-80
-72
-64
-72
-64
-56
-56
-48
-56
-56
-56
-56
-48
-48
-40
-40
-48
-48
-40
-40
-32
-24
-24
-16
-16
-8
-8
-8
0
0
0
8
16
24
24
24
24
32
24
40
48
56
64
64
64
64
64
64
72
80
80
80
88
88
88
88
80
80
80
80
80
88
80
72
72
72
64
64
72
72
64
64
64
56
56
48
48
40
32
40
32
32
24
24
32
24
24
24
16
8
0
0
0
0
0
0
0
0
0
0
-8
-16
-16
-8
-16
-16
-8
-8
-24
-16
-24
-40
-32
-32
-40
-40
-40
-32
-32
-32
-32
-40
-40
-40
-48
-48
-48
-40
-40
-40
-40
-40
-32
-32
-32
-32
-32
-32
-32
-32
-40
-40
-40
-40
-32
-40
-24
-24
-32
-32
-32
-32
-40
-32
-40
-40
-40
-40
-40
-40
-32
-24
-24
-24
-24
-24
-24
-24
-24
-24
-24
-24
-16
-8
0
-8
0
0
0
0
0
8
8
8
8
8
16
8
16
16
16
16
16
16
24
32
32
40
40
40
40
32
32
32
24
24
16
16
24
24
24
24
24
24
24
24
24
24
16
16
16
16
16
8
8
8
8
16
8
8
8
8
8
0
8
0
0
0
8
8
16
16
16
24
16
16
16
16
8
16
8
16
24
32
32
40
40
32
40
32
32
32
32
40
40
40
40
32
32
32
24
32
32
24
24
16
8
0
0
0
0
0
0
0
-8
-8
-16
-16
-24
-32
-32
-32
-40
-40
-40
-40
-40
-40
-32
-40
-48
-48
-56
-48
-48
-40
-48
-48
-48
-48
-48
-48
-48
-48
-48
-40
-40
-40
-40
-40
-40
-40
-40
-48
-40
-40
-40
-40
-40
-48
-48
-40
-40
-40
-40
-40
-40
-32
-24
-32
-24
-24
-24
-16
-16
-8
-8
0
0
0
0
0
8
8
16
16
16
16
16
24
24
24
24
24
32
32
40
40
48
56
56
56
48
48
40
40
48
40
40
32
32
32
24
32
32
32
32
24
16
16
16
16
24
24
24
16
16
8
8
8
8
8
8
8
8
8
16
16
16
16
16
8
16
16
16
16
16
8
8
16
16
8
16
8
16
24
16
24
24
16
16
8
0
0
0
8
0
8
0
0
0
0
-8
-8
-8
-8
0
-8
0
0
-8
-16
-16
-16
-16
-16
-8
-8
-16
-16
-24
-16
-24
-24
-24
-32
-32
-32
-40
-32
-32
-40
-32
-32
-32
-32
-32
-32
-32
-32
-40
-48
-48
-48
-56
-56
-48
-40
-40
-32
-32
-32
-32
-40
-40
-40
-40
-40
-32
-32
-24
-24
-24
-16
-16
-8
0
0
0
0
0
0
0
0
0
8
8
8
16
24
24
32
32
24
24
32
32
24
32
32
32
32
32
40
40
40
40
40
40
48
48
56
56
64
64
64
64
64
64
64
64
72
72
64
64
64
64
64
64
64
64
64
56
48
40
32
24
16
24
16
8
8
0
0
0
-8
-8
-8
-16
-16
-16
-16
-24
-24
-32
-40
-40
-48
-40
-48
-48
-56
-64
-64
-72
-72
-64
-64
-56
-56
-64
-56
-56
-56
-56
-56
-56
-56
-48
-56
-64
-64
-56
-56
-56
-56
-56
-56
-56
-48
-40
-40
-48
-48
-48
-40
-40
-32
-32
-24
-16
-16
-8
0
-8
0
8
16
32
40
40
48
48
56
56
64
72
88
96
104
104
104
96
88
80
80
72
64
56
56
48
48
40
32
32
32
24
24
16
0
0
-16
-24
-40
-64
-72
-72
-88
-96
-104
-120
-132
-132
-132
-132
-132
-132
-132
-132
-120
-112
-104
-96
-88
-72
-64
-56
-48
-40
-32
-24
-8
-8
8
24
40
48
56
72
80
88
96
104
112
120
112
112
112
112
104
104
96
104
104
104
120
120
120
132
132
132
120
132
132
132
132
120
120
132
132
132
132
132
132
132
132
132
132
132
132
132
148
164
164
180
180
164
148
148
148
148
148
132
120
112
88
72
64
56
24
8
0
-24
-48
-80
-112
-164
-196
-228
-260
-292
-324
-356
-396
-460
-492
-524
-588
-620
-652
-684
-716
-716
-748
-748
-780
-780
-780
-780
-780
-780
-780
-748
-716
-684
-620
-588
-556
-492
-460
-396
-340
-260
-212
-148
-80
-8
48
132
228
292
372
428
492
556
652
716
780
844
924
924
988
988
1052
1052
1116
1116
1116
1116
1116
1116
1052
988
924
924
876
844
812
748
716
684
652
588
556
524
460
428
396
356
324
324
324
356
396
460
524
588
620
588
588
556
556
588
620
620
588
556
524
428
372
228
56
-72
-196
-356
-556
-748
-988
-1116
-1308
-1436
-1564
-1756
-1980
-2108
-2236
-2492
-2492
-2620
-2748
-2876
-2876
-2876
-2748
-2748
-2748
-2748
-2748
-2748
-2620
-2492
-2364
-2236
-2108
-1980
-1692
-1436
-1244
-1116
-924
-652
-356
0
260
492
684
876
1052
1244
1436
1628
1756
1980
2108
2236
2236
2364
2364
2364
2364
2364
2364
2364
2364
2364
2236
2108
2108
2108
1980
1980
1820
1692
1564
1436
1308
1180
1052
924
812
684
556
428
260
180
164
180
148
148
196
276
492
748
988
1244
1500
1820
2108
2236
2236
2108
2236
2620
2876
2876
2876
2620
2492
2492
2236
1980
1564
1180
812
556
324
-88
-556
-1180
-1628
-1884
-2108
-2236
-2748
-3132
-3644
-4092
-4092
-4348
-4604
-4860
-4860
-5116
-5116
-5116
-5116
-5116
-5372
-5116
-5116
-4860
-4604
-4348
-3900
-3516
-3132
-2748
-2364
-1980
-1500
-988
-556
-48
396
924
1308
1628
1980
2236
2492
2748
3004
3260
3388
3388
3516
3516
3516
3516
3388
3388
3132
3004
2876
2748
2492
2236
2108
1884
1756
1628
1372
1116
876
620
428
212
-32
-324
-588
-716
-812
-876
-924
-924
-924
-924
-780
-620
-492
-356
-212
-72
132
324
492
652
844
1052
1244
1436
1756
1980
2364
2492
2748
3004
3388
3900
4348
4348
4092
3772
3772
4092
4348
4348
3900
3516
3260
3004
2748
2236
1564
844
292
-48
-396
-988
-1756
-2620
-3260
-3644
-3900
-4092
-4604
-5116
-5628
-5884
-5884
-6140
-6140
-6396
-6652
-6396
-6396
-6140
-6140
-5884
-5884
-5628
-5372
-5116
-4604
-4092
-3388
-2876
-2492
-2236
-1820
-1308
-620
0
396
748
1180
1692
2236
2620
2876
3004
3260
3516
3900
4092
4092
4092
4092
4092
4092
4092
3900
3644
3516
3388
3260
2876
2620
2364
2108
1980
1756
1500
1244
924
652
460
276
24
-164
-324
-460
-556
-652
-748
-844
-812
-716
-588
-396
-260
-88
48
212
396
588
748
924
1116
1372
1500
1756
1980
2236
2492
2748
2876
3260
3644
4092
4348
4092
3900
3644
3772
4092
4092
4092
3516
3004
2748
2620
2364
1756
924
292
-132
-396
-780
-1372
-2236
-3004
-3516
-3772
-3900
-4092
-4860
-5372
-5884
-6140
-6140
-6140
-6396
-6652
-6652
-6652
-6396
-6140
-6140
-6140
-6140
-5884
-5628
-5372
-4604
-4092
-3516
-3004
-2620
-2236
-1820
-1244
-588
0
492
924
1436
1980
2492
2748
3004
3260
3644
3900
4092
4348
4348
4092
4092
4348
4348
4348
4092
3900
3772
3516
3260
3004
2748
2492
2236
2108
1884
1564
1180
812
588
356
120
-148
-396
-588
-716
-780
-924
-1116
-1244
-1180
-1052
-924
-748
-652
-492
-308
-132
132
308
492
716
924
1116
1308
1436
1692
1884
2236
2620
2876
3132
3260
3644
4092
4348
4348
4092
3772
3772
4092
4604
4348
4092
3388
3004
3004
2748
2236
1436
684
120
-180
-492
-1116
-1980
-2876
-3516
-3644
-3772
-4092
-4604
-5116
-5884
-6140
-6140
-6140
-6396
-6652
-6652
-6652
-6396
-6396
-6140
-6140
-6140
-6140
-5884
-5372
-5116
-4348
-3772
-3260
-2876
-2492
-2108
-1564
-988
-372
164
588
924
1436
1980
2364
2748
3004
3260
3516
3900
4092
4092
4092
3900
3900
4092
4092
3900
3644
3388
3260
3132
3004
2748
2364
2108
1980
1820
1564
1244
876
620
396
308
180
8
-96
-228
-324
-396
-428
-492
-492
-372
-228
0
180
356
556
748
924
1244
1436
1692
1756
1884
1980
2108
2364
2492
2748
2876
3260
3516
3644
3900
4092
4348
4604
4092
3644
3388
3516
3900
3900
3516
2876
2364
2108
1980
1564
748
-64
-652
-1052
-1372
-1980
-2620
-3516
-4348
-4604
-4604
-4860
-5116
-5884
-6396
-6652
-6908
-6908
-6908
-6908
-6908
-6908
-6652
-6396
-6140
-6140
-6140
-5884
-5628
-5116
-4860
-4092
-3516
-2748
-2236
-1756
-1372
-876
-196
396
1052
1564
1980
2364
2876
3388
3772
3900
4092
4092
4348
4604
4604
4604
4348
4092
4092
3900
3900
3644
3388
3132
2876
2620
2236
1980
1564
1308
1180
924
684
308
-8
-276
-396
-492
-620
-780
-924
-924
-876
-924
-988
-988
-876
-620
-260
64
308
524
684
988
1244
1564
1820
1980
2236
2492
2620
2876
2876
2876
3004
3132
3644
3900
4092
4092
4348
4348
4604
4348
3900
3388
3388
3516
3772
3516
3004
2364
1820
1500
1116
556
-180
-924
-1436
-1980
-2492
-3132
-3900
-4604
-4860
-5116
-5372
-5628
-6140
-6652
-6908
-7164
-7164
-6908
-6908
-6652
-6652
-6396
-6140
-5884
-5628
-5372
-5372
-5116
-4860
-4092
-3644
-3004
-2492
-2108
-1628
-1052
-324
372
1052
1500
1756
2108
2364
2876
3516
3900
4348
4348
4348
4348
4348
4348
4092
3900
3900
3900
3900
3772
3388
2876
2492
2236
1980
1820
1564
1308
988
748
588
308
-24
-492
-716
-748
-684
-588
-716
-844
-988
-1052
-988
-844
-620
-460
-228
40
260
524
748
988
1244
1564
1884
2236
2492
2748
2876
3004
3132
3260
3260
3132
3260
3388
3644
3900
4092
4092
4092
4348
4348
4092
3516
3004
3004
3132
3260
3004
2364
1692
1244
1052
716
0
-844
-1628
-2108
-2492
-2748
-3388
-4092
-4860
-5372
-5372
-5372
-5628
-5884
-6396
-6908
-7164
-6908
-6652
-6652
-6396
-6396
-6140
-5884
-5628
-5372
-5116
-5116
-4860
-4348
-3772
-3132
-2492
-2108
-1820
-1372
-716
16
588
1052
1436
1756
2108
2364
2876
3260
3516
3900
4092
4092
4092
3900
3644
3516
3516
3516
3644
3516
3260
3004
2492
2236
1980
1756
1564
1244
924
716
620
524
356
180
-104
-308
-276
-196
-120
-180
-356
-460
-524
-396
-120
80
244
460
620
924
1116
1372
1564
1756
2108
2364
2748
2876
3004
3004
3004
3132
3132
3132
3132
3004
3260
3516
3772
4092
4092
4092
4348
4092
3772
3132
2748
2620
2748
3004
2748
2236
1564
1052
716
324
-244
-1052
-1756
-2108
-2492
-2876
-3388
-4092
-4604
-5116
-5372
-5116
-5372
-5884
-6396
-6652
-6908
-6908
-6652
-6396
-6140
-6140
-5884
-5628
-5372
-5372
-5116
-5116
-4860
-4348
-3516
-2876
-2364
-2108
-1756
-1372
-844
-196
428
924
1244
1372
1692
1980
2364
2620
2876
3132
3388
3388
3388
3132
3004
2748
2492
2620
2876
3004
2620
2492
2108
1884
1564
1372
1308
1052
812
780
716
1244
1756
1116
556
228
-80
-556
-748
-684
-748
-524
-276
0
16
120
164
308
524
1116
1564
1436
1756
1980
2364
2620
3132
3516
3132
3132
3260
3132
3004
3004
3132
3260
3516
4348
5116
5372
5628
6140
6908
6396
4860
3260
2108
1628
1628
1820
1980
1692
1244
524
-396
-1372
-2492
-3516
-4092
-4348
-4092
-3772
-3900
-4348
-4860
-5372
-5884
-6140
-6652
-6908
-7420
-7420
-7164
-6652
-6396
-6140
-5628
-5628
-5628
-5372
-4860
-4092
-3644
-3388
-3004
-2492
-1756
-652
292
748
748
812
1180
1628
2108
2620
3004
2748
2236
2108
2236
2108
1884
1980
2364
2492
2364
2108
1564
1116
588
460
748
1116
924
292
-40
-164
-492
-988
-988
-716
-684
-652
-372
-40
-244
-556
-588
-460
-340
-24
524
988
1180
1308
1372
1500
1692
1820
2364
2876
3260
3772
4092
4348
4348
4348
4348
4348
4348
4092
4092
3900
3900
3644
3516
3260
3260
3004
2620
2748
3388
4348
4860
5116
5628
6396
5884
3900
1052
-876
-1436
-1564
-1628
-1436
-1052
-1052
-1980
-3644
-4860
-5884
-6396
-6396
-5628
-4348
-3644
-3388
-3644
-4092
-4860
-5628
-5628
-5628
-5884
-6396
-6396
-6140
-5628
-5628
-5372
-4860
-4092
-3644
-3004
-2364
-1756
-1372
-1436
-1372
-844
-48
812
1500
2492
3004
2876
1980
1052
620
428
428
748
1436
2108
1884
1116
492
88
-80
0
556
1436
1756
1372
652
80
-396
-924
-1116
-716
-96
120
-132
-492
-876
-1308
-1244
-620
340
924
924
924
876
620
396
460
988
1500
1980
2364
2620
2620
2492
2492
2748
3260
3900
4604
5116
5116
4604
4348
3772
3388
3388
3516
3516
3388
3260
2876
2492
2108
1820
1692
1564
1980
2492
3388
4092
4348
4604
5116
5884
5884
3644
212
-2108
-2620
-2108
-1980
-1820
-1436
-1116
-1884
-3644
-5116
-5884
-5884
-5884
-4860
-3260
-2236
-2108
-2492
-3132
-4092
-4860
-5628
-5628
-6140
-6652
-6652
-6396
-6140
-6140
-6140
-5628
-4604
-3772
-3516
-2876
-1980
-1372
-1244
-1308
-1052
-524
0
180
716
1820
1692
588
-428
-396
0
-112
292
988
1628
1500
1052
812
924
1116
1052
1372
2108
2620
1628
556
620
924
460
164
876
1244
748
228
276
196
-148
0
844
1564
1820
1564
1244
988
988
1052
1180
1436
1820
1884
1820
1980
2364
2492
2748
3132
3772
4092
4092
4348
4092
4348
3900
3772
3644
3516
3388
2876
2748
2620
2492
2364
2364
2492
2364
1628
1116
1244
2108
3388
4092
4604
5116
6140
6652
4604
988
-2364
-3388
-2748
-2108
-1820
-1372
-924
-1308
-3260
-5372
-6140
-6396
-5884
-5116
-3644
-2108
-1628
-2108
-3004
-3772
-4604
-5372
-5884
-6140
-6396
-6908
-6908
-6396
-6140
-6396
-6140
-5116
-4092
-3388
-3004
-2236
-1180
-588
-780
-924
-556
-164
-96
396
988
652
-180
-588
-32
396
396
428
620
988
876
524
492
1180
1628
1692
1980
2492
2236
588
-24
492
1052
924
844
1372
1244
844
652
780
844
812
1052
1500
1980
2108
1692
1372
1500
1692
1436
1116
1436
1692
1628
1692
1980
2620
2748
2876
3132
3388
3516
3260
3132
3772
4092
4092
3772
3388
3132
2492
1820
1564
1884
2236
2364
2620
2620
2236
1244
460
460
1180
2364
3516
4092
4604
5372
6396
6396
3644
-180
-2748
-3004
-1820
-1308
-1244
-988
-620
-1372
-3644
-5372
-6140
-5884
-5372
-4092
-2364
-924
-924
-1884
-3004
-3900
-4860
-5628
-5884
-6140
-6396
-6652
-6652
-6396
-6396
-6652
-6396
-5372
-4092
-3644
-3004
-1980
-780
-428
-988
-1372
-1244
-1180
-1436
-924
292
620
-40
-748
-620
-212
-524
-924
-492
620
1372
1500
1564
2108
2236
1884
1564
1820
2236
1692
1308
1820
2492
2108
1436
1500
1756
1692
1436
1372
1564
1628
1756
2108
2492
2620
2108
1628
1628
1820
1884
1436
1244
1564
1756
1756
1692
1980
2108
1980
2108
2492
2876
2748
2748
3004
3260
3132
2620
2108
1820
1564
1308
1500
1884
1980
1820
1628
1500
1180
556
48
340
1308
2620
3644
4092
4092
4348
5372
6396
5116
1884
-1372
-2364
-1436
-988
-1180
-1372
-844
-988
-2492
-4348
-5372
-5372
-5116
-4092
-2620
-988
-620
-1692
-3004
-4092
-4604
-5116
-5628
-5884
-5884
-6396
-6652
-6908
-6908
-7164
-6908
-5884
-4348
-3516
-3132
-2364
-1180
-460
-812
-1564
-1820
-1692
-1628
-924
196
652
48
-652
-396
244
324
-148
-64
876
1884
2236
2364
3004
3260
2748
2236
2364
2620
2108
1820
2236
2876
2876
2364
1980
1884
1756
1692
1756
1980
2108
1980
1980
2108
2364
2108
1372
1116
1308
1308
924
588
716
924
780
684
876
1052
1052
1180
1628
2108
2364
2236
2364
2620
2620
2108
1692
1756
1884
1980
1756
1756
1692
1756
1692
1692
1500
1116
716
652
1308
2108
3260
3900
4348
3900
3644
4604
5628
5628
3388
748
-844
-1180
-1244
-1820
-2236
-1756
-1180
-1628
-2748
-4092
-4860
-4860
-4092
-2620
-1692
-1244
-1980
-2876
-3644
-4348
-4860
-5372
-5884
-6396
-6652
-6908
-7164
-7164
-6908
-6652
-5628
-4860
-4348
-4092
-3388
-2236
-1372
-1308
-1980
-2108
-1692
-1436
-1628
-1692
-1180
-684
-428
-180
180
524
748
524
556
1308
1980
2492
2492
2748
2748
2236
1820
1884
2364
2620
2492
2492
2492
2236
1884
1500
1564
2108
2492
2364
2108
2236
2236
2236
2364
2364
2236
1692
1244
988
924
844
844
1116
1436
1692
1628
1500
1564
1884
2236
2748
3132
3260
3004
2748
2620
2620
2492
2364
2492
2620
2492
1980
1692
1372
1436
1692
1980
1980
1692
1436
1372
1980
2620
3644
3772
3388
3004
3260
4348
4860
4348
1980
-88
-1180
-1500
-1980
-2492
-2364
-1564
-1180
-1820
-3004
-4604
-5116
-4860
-3644
-2492
-2108
-2236
-2876
-3516
-4092
-4860
-5628
-6140
-6396
-6396
-6396
-6652
-6908
-6908
-6652
-6140
-5372
-4860
-4604
-4092
-3132
-1980
-1436
-1692
-2364
-2108
-1564
-1564
-1820
-1884
-1372
-924
-556
-104
620
988
748
492
876
1692
1980
1884
1884
2492
2620
2108
1884
2108
2620
2492
2492
2492
2364
1820
1500
1692
2236
2620
2492
2364
2236
2364
2364
2364
2492
2620
2364
1756
1436
1180
1180
1308
1628
2236
2492
2236
1980
1980
2236
2748
3004
3260
3388
3388
3388
3260
3132
3004
2876
2748
2876
2620
2364
1980
1820
1884
1980
1980
1820
1308
988
1116
1628
2108
2492
2876
2748
1980
1436
1980
3132
3388
2492
1244
244
-844
-2236
-3260
-3388
-2492
-1884
-1980
-2620
-3516
-4348
-4860
-4604
-3900
-3132
-3132
-3516
-3772
-4092
-4604
-5116
-5628
-6140
-6140
-6140
-6396
-6396
-6140
-6140
-5628
-5116
-4860
-4860
-4604
-3900
-2748
-1820
-1564
-1756
-2108
-1980
-1980
-2364
-2364
-1980
-988
-276
276
492
812
1052
988
844
1116
1628
1884
1980
2108
2492
2364
1980
1980
2364
2620
2236
1980
1980
2364
2620
2620
2748
2876
3004
2876
2748
3132
3260
3260
3132
3132
3260
2748
1980
1756
1884
2236
2492
2620
2620
2620
2236
1884
1980
2364
2748
3004
3132
3132
3004
2876
2748
2876
2876
2620
2492
2492
2364
1980
1372
988
988
780
524
260
228
460
460
812
1308
1884
1692
988
356
812
2236
3004
2748
1628
924
308
-812
-2236
-3004
-2620
-1884
-1692
-2236
-3004
-3644
-4092
-4348
-4092
-3260
-3004
-3260
-3772
-3900
-4092
-4348
-4860
-5628
-5628
-5628
-5884
-5884
-6140
-6140
-5884
-5628
-5372
-5372
-5372
-5116
-4348
-3132
-2620
-2236
-2236
-2620
-3132
-3260
-2620
-1692
-988
-396
308
748
924
780
684
1116
1564
1884
1980
2236
2364
1980
1980
2236
2748
2748
2748
2748
2876
3004
3260
3516
3516
3644
3516
3516
3516
3772
4092
4092
4092
4092
3516
2748
2236
2236
2364
2364
2364
2492
2364
2236
2108
1980
1980
1980
2108
2364
2620
2620
2364
2236
2364
2492
2364
1980
1820
1500
1372
1244
1308
1116
620
244
0
0
-64
-148
-292
-132
-48
64
428
748
1116
812
716
716
1244
1692
1820
1692
876
292
-228
-556
-1180
-1884
-2108
-1980
-1820
-2364
-3004
-3388
-3132
-2876
-3132
-3388
-3644
-3644
-3644
-3772
-3900
-4092
-4604
-5116
-5372
-5372
-5628
-5884
-5884
-5628
-5116
-4860
-5372
-5372
-5116
-4604
-3900
-3260
-3004
-2620
-2364
-2492
-2364
-1980
-1372
-1052
-492
164
988
1372
1116
988
1244
1820
1980
1980
2108
2236
2492
2492
2620
2748
2876
2748
3004
3260
3516
3516
3516
3772
3900
3900
3644
3388
3388
3516
3644
3644
3516
3260
2620
2236
2108
2236
2236
2108
1980
2108
2108
1884
1628
1500
1564
1692
1884
1980
2108
1980
1756
1756
1884
1820
1372
1052
924
1180
1180
1052
780
588
340
64
-40
-180
32
-16
132
276
876
1244
1116
924
620
684
876
1628
1884
1820
1372
620
64
-460
-812
-1372
-1628
-1692
-1500
-1980
-2876
-3388
-3516
-3260
-3260
-3516
-3900
-4092
-4092
-4092
-4092
-4348
-4860
-5372
-5628
-5372
-5372
-5372
-5372
-5372
-5116
-5116
-5116
-5372
-5116
-4604
-3772
-3004
-2492
-2492
-2620
-2620
-2236
-1564
-988
-684
-228
292
684
988
1436
1564
1628
1980
2236
2492
2364
2364
2492
2620
2876
2876
2876
3004
3132
3260
3516
3516
3900
3900
3644
3516
3516
3516
3516
3644
3644
3516
3260
2876
2492
2364
2236
2236
2108
1980
1980
1884
1884
1884
1820
1628
1564
1628
1628
1564
1436
1436
1628
1692
1564
1372
1308
1180
1180
1308
1308
1244
924
460
292
308
324
244
132
-72
-228
-308
72
492
620
524
396
652
652
844
1180
1308
1116
524
-180
-620
-812
-1308
-1756
-2108
-1980
-2364
-3132
-3900
-4092
-3644
-3644
-3644
-3772
-4092
-4092
-4348
-4092
-4092
-4348
-4860
-5116
-4860
-4860
-5116
-5116
-5116
-4860
-4604
-4604
-4604
-4604
-4092
-3516
-2748
-2364
-2492
-2748
-2492
-1756
-1116
-620
-212
196
556
748
1052
1628
1884
1980
2108
2236
2364
2108
2108
2492
3004
2876
2492
2492
2748
3004
3004
3132
3388
3516
3260
3260
3388
3644
3644
3516
3644
3772
3388
3004
2748
2748
2748
2620
2492
2364
2108
1820
1756
1980
2108
1980
1628
1500
1436
1436
1372
1436
1628
1756
1692
1628
1564
1500
1436
1244
1244
1052
924
748
492
396
308
228
-148
-372
-524
-372
-88
24
132
180
260
212
356
812
1244
1244
684
-88
-460
-556
-748
-1180
-1628
-1980
-2236
-2876
-3388
-3644
-3644
-3644
-3772
-3772
-3772
-3900
-4092
-4092
-3900
-3772
-4092
-4348
-4604
-4604
-4604
-4604
-4604
-4604
-4604
-4860
-4604
-4348
-4092
-3644
-3132
-2748
-2620
-2620
-2620
-2108
-1500
-988
-556
-96
228
356
492
812
1308
1692
2108
2108
1980
1820
1820
2108
2492
2748
2748
2620
2620
2620
2748
3004
3260
3260
3132
3004
3132
3260
3260
3516
3644
3516
3132
2876
2876
2748
2492
2364
2492
2492
2364
2108
1820
1756
1980
1884
1756
1756
1692
1500
1244
1308
1564
1756
1628
1436
1436
1500
1500
1436
1500
1500
1372
1116
844
620
460
428
212
132
80
-88
-356
-324
-80
56
72
0
80
196
524
748
780
556
64
-228
-396
-524
-924
-1500
-1884
-2108
-2364
-3004
-3388
-3644
-3644
-3644
-3644
-3644
-3644
-3772
-3900
-3772
-3644
-3772
-4092
-4348
-4092
-4092
-4348
-4604
-4604
-4604
-4348
-4092
-3900
-3772
-3772
-3644
-3132
-2620
-2364
-2236
-2108
-1628
-1180
-844
-620
-324
-40
244
556
988
1436
1564
1500
1500
1692
1820
1820
1884
2108
2364
2364
2364
2492
2492
2492
2620
2748
2876
2748
2748
2876
3132
3132
3004
3004
3004
2876
2876
3004
2876
2876
2620
2492
2364
2236
2236
2108
2108
1980
1884
1820
1820
1884
1820
1628
1628
1756
1884
1756
1628
1692
1692
1628
1628
1500
1500
1180
988
844
844
716
396
292
148
132
-340
-396
-72
244
260
-196
-260
-180
48
148
308
396
104
-276
-652
-780
-1116
-1628
-2108
-2236
-2236
-2620
-3260
-3516
-3388
-3388
-3516
-3644
-3644
-3900
-3900
-3772
-3388
-3388
-3644
-3900
-4092
-4092
-4092
-4092
-4092
-4092
-3900
-3772
-3772
-3516
-3260
-2876
-2492
-2108
-1884
-1820
-1692
-1372
-988
-652
-308
-8
212
396
524
748
1116
1180
1372
1500
1628
1628
1564
1692
1884
2108
2236
2236
2108
1980
2108
2236
2364
2364
2236
2108
2108
2236
2364
2364
2492
2620
2492
2364
2236
2364
2492
2364
2364
2236
2108
1980
1884
1980
1980
1980
1820
1756
1756
1756
1628
1628
1820
1884
1980
2108
2108
1884
1692
1628
1756
1692
1308
1052
988
1180
988
652
308
228
132
-308
-652
-652
-196
-148
-276
-556
-620
-716
-844
-588
-396
-244
-556
-876
-1308
-1564
-1820
-2108
-2108
-2108
-2236
-2492
-2876
-3004
-3004
-2876
-2876
-2876
-2876
-3132
-3132
-3004
-2876
-2876
-3132
-3260
-3260
-3260
-3388
-3388
-3260
-3004
-2748
-2620
-2620
-2492
-2364
-2236
-1884
-1500
-1372
-1436
-1436
-1308
-988
-716
-556
-396
-180
148
396
428
492
588
876
1052
1116
1244
1436
1564
1692
1820
1884
1884
1820
1756
1756
1820
1884
1980
2108
2236
2236
2236
2236
2492
2492
2620
2620
2620
2492
2492
2620
2492
2364
2236
2108
2108
2108
2108
1980
1980
1980
1820
1756
1692
1628
1628
1692
1756
1756
1756
1628
1436
1180
924
924
924
844
684
588
556
524
460
228
80
-260
-460
-556
-428
-260
-396
-556
-684
-652
-716
-812
-876
-716
-588
-748
-924
-1180
-1308
-1436
-1436
-1436
-1436
-1564
-1884
-2108
-2236
-2236
-2236
-2364
-2492
-2492
-2748
-2876
-2876
-2748
-2876
-3132
-3132
-3260
-3260
-3260
-3260
-3004
-2876
-2748
-2748
-2620
-2492
-2492
-2236
-1980
-1820
-1820
-1756
-1756
-1628
-1436
-1180
-924
-652
-396
-96
212
292
428
492
716
924
1180
1372
1564
1756
1884
1980
1980
1980
1980
1980
1980
2108
2236
2364
2364
2620
2620
2492
2492
2620
2876
2748
2748
2620
2620
2620
2620
2492
2364
2108
1980
1980
1980
1980
1820
1628
1564
1564
1564
1564
1436
1372
1308
1308
1308
1308
1116
988
812
716
748
652
620
492
428
492
620
556
180
-32
-164
-292
-428
-588
-652
-588
-524
-492
-588
-812
-924
-988
-988
-876
-876
-844
-924
-988
-1180
-1244
-1116
-1052
-1180
-1308
-1436
-1564
-1756
-1980
-1980
-1980
-2236
-2364
-2492
-2492
-2620
-2620
-2620
-2620
-2876
-2876
-3004
-2876
-2876
-2876
-2748
-2620
-2492
-2492
-2492
-2492
-2364
-2364
-2364
-2236
-2236
-2108
-1980
-1820
-1500
-1180
-876
-588
-340
-212
-32
24
212
428
652
988
1180
1372
1564
1628
1820
1980
1980
1980
1980
2108
2236
2364
2620
2748
3004
3004
3004
3132
3132
3132
3132
3132
3132
3004
2876
2876
2748
2492
2364
2236
2236
2108
1980
1820
1692
1628
1564
1564
1436
1308
1180
1116
1116
988
812
652
428
260
148
96
64
24
48
132
148
132
-8
-196
-292
-244
-244
-292
-396
-556
-684
-684
-556
-396
-372
-492
-620
-748
-748
-716
-684
-620
-492
-428
-428
-492
-556
-620
-684
-780
-876
-988
-1116
-1308
-1564
-1692
-1756
-1820
-1884
-1980
-2108
-2364
-2492
-2620
-2620
-2620
-2620
-2748
-2876
-3004
-2876
-2876
-2876
-2876
-3004
-3132
-3132
-3132
-3004
-2876
-2748
-2492
-2364
-2108
-1884
-1756
-1564
-1244
-844
-620
-372
-212
8
228
460
812
1116
1308
1500
1692
1820
1980
2108
2236
2492
2748
3132
3260
3388
3388
3388
3516
3516
3516
3388
3260
3132
3132
3260
3132
2876
2620
2492
2364
2236
2108
1980
1980
1884
1884
1820
1564
1308
1052
924
812
684
492
228
-16
-148
-260
-308
-396
-428
-428
-396
-308
-212
-228
-228
-244
-244
-164
-164
-228
-324
-396
-460
-492
-524
-556
-524
-524
-492
-460
-428
-396
-396
-340
-292
-212
-104
-88
-96
-212
-340
-396
-428
-492
-492
-492
-556
-652
-748
-844
-988
-1116
-1244
-1372
-1436
-1564
-1692
-1692
-1756
-1980
-2108
-2236
-2236
-2364
-2492
-2620
-2748
-2876
-3132
-3004
-3004
-2876
-2876
-2876
-2748
-2492
-2492
-2492
-2364
-2236
-1980
-1756
-1500
-1308
-1116
-924
-652
-396
-180
-56
112
324
588
924
1180
1436
1692
1980
2236
2620
2876
2876
3004
3260
3260
3388
3388
3516
3516
3516
3644
3516
3260
3004
2876
2876
2876
2748
2748
2620
2492
2364
2364
2236
2108
1756
1436
1180
988
812
492
196
0
-120
-180
-356
-428
-428
-428
-428
-428
-396
-356
-428
-460
-460
-428
-460
-556
-652
-652
-620
-620
-620
-588
-588
-620
-588
-428
-324
-244
-244
-164
-56
-56
-80
-96
-132
-196
-180
-132
-104
-96
-148
-164
-260
-308
-372
-460
-524
-588
-684
-812
-988
-1116
-1180
-1308
-1308
-1436
-1628
-1884
-2108
-2236
-2492
-2620
-2876
-3004
-3004
-3004
-3132
-3132
-3132
-3132
-3004
-2876
-2748
-2620
-2620
-2492
-2236
-2108
-1884
-1692
-1564
-1436
-1244
-988
-684
-460
-260
-56
212
492
876
1180
1372
1756
2108
2364
2620
2748
2876
3004
3132
3388
3388
3388
3388
3388
3388
3260
3260
3132
3132
3132
3132
3004
3004
2876
2748
2620
2492
2364
2108
1692
1436
1244
988
748
524
292
88
-56
-112
-132
-164
-228
-276
-324
-396
-396
-460
-524
-588
-620
-620
-524
-492
-524
-524
-524
-460
-428
-372
-372
-372
-340
-212
-72
40
64
72
180
212
196
148
64
-16
-56
-96
-132
-120
-72
-120
-260
-292
-396
-492
-556
-588
-556
-588
-556
-556
-652
-780
-924
-1116
-1244
-1372
-1628
-1980
-2108
-2364
-2492
-2620
-2748
-2748
-2876
-2876
-2876
-2876
-2876
-2876
-2876
-2876
-2876
-2748
-2620
-2492
-2364
-2236
-2236
-2236
-1980
-1884
-1756
-1564
-1308
-988
-684
-428
-196
88
372
652
988
1244
1436
1628
1820
2108
2236
2364
2492
2620
2876
3004
3004
3132
3260
3388
3388
3388
3388
3388
3388
3388
3388
3260
3132
3004
2748
2492
2364
2108
2108
1980
1820
1628
1436
1308
1052
924
812
748
588
428
292
180
88
-24
-180
-340
-428
-524
-620
-684
-780
-812
-924
-924
-924
-876
-844
-748
-652
-588
-556
-492
-460
-524
-620
-652
-588
-588
-588
-652
-620
-556
-460
-396
-396
-396
-396
-396
-324
-212
-132
-64
0
112
212
228
96
-48
-244
-396
-588
-780
-924
-1052
-1180
-1244
-1372
-1564
-1756
-1980
-2108
-2108
-2108
-2236
-2364
-2364
-2492
-2620
-2620
-2748
-2748
-2876
-2876
-2876
-2876
-2876
-2876
-2748
-2492
-2364
-2236
-2108
-1884
-1628
-1372
-1116
-844
-556
-324
8
340
652
876
988
1244
1500
1756
2108
2364
2620
2876
2876
3004
3132
3260
3388
3516
3644
3772
3900
3900
3772
3644
3388
3260
3132
3004
2876
2748
2748
2620
2364
2236
2108
1884
1692
1436
1116
988
812
620
460
260
48
-132
-244
-356
-492
-620
-812
-924
-1052
-1116
-1116
-1052
-988
-924
-876
-812
-748
-748
-748
-780
-716
-716
-748
-748
-716
-652
-556
-428
-396
-340
-292
-276
-148
0
132
260
372
460
524
588
620
556
492
356
212
80
-96
-244
-460
-588
-716
-924
-1116
-1372
-1500
-1692
-1820
-1980
-2108
-2236
-2364
-2492
-2620
-2876
-3004
-3132
-3260
-3388
-3516
-3516
-3516
-3516
-3516
-3516
-3388
-3388
-3260
-3004
-2620
-2364
-1980
-1692
-1436
-1180
-988
-748
-460
-196
148
492
812
1052
1372
1692
1980
2236
2492
2620
2876
3260
3516
3772
3900
4092
4092
4092
4348
4092
4092
3900
3900
3772
3772
3644
3516
3388
3132
3004
2876
2620
2236
2108
1884
1692
1436
1180
876
588
396
244
40
-132
-292
-396
-492
-588
-716
-844
-924
-924
-988
-1052
-1052
-1052
-1052
-988
-988
-876
-844
-844
-812
-780
-748
-652
-652
-556
-460
-340
-260
-228
-212
-228
-104
48
228
396
428
428
460
524
524
372
228
88
-8
-80
-196
-292
-524
-716
-844
-988
-1116
-1308
-1500
-1692
-1884
-1980
-2108
-2364
-2620
-2876
-3132
-3260
-3260
-3388
-3516
-3644
-3772
-3772
-3772
-3772
-3772
-3644
-3388
-3132
-2876
-2748
-2492
-2236
-2108
-1820
-1628
-1436
-1180
-844
-524
-132
164
428
716
988
1244
1564
1820
2108
2364
2748
3004
3260
3388
3516
3644
3900
4092
4092
4092
4092
4092
3900
3900
3900
3772
3644
3516
3388
3260
3132
2876
2748
2620
2364
2236
1980
1756
1500
1308
1116
988
844
684
524
340
180
48
-132
-292
-428
-524
-556
-588
-620
-716
-748
-716
-684
-652
-652
-684
-716
-684
-620
-588
-620
-652
-684
-652
-620
-524
-492
-460
-396
-372
-324
-260
-244
-212
-180
-196
-212
-324
-396
-524
-556
-620
-652
-620
-684
-812
-988
-1116
-1244
-1372
-1500
-1564
-1628
-1756
-1884
-2108
-2364
-2492
-2620
-2748
-2876
-3004
-3260
-3260
-3260
-3260
-3388
-3388
-3388
-3260
-3004
-2876
-2748
-2620
-2492
-2236
-2108
-1980
-1692
-1436
-1116
-876
-652
-460
-228
16
196
428
588
876
1180
1500
1756
1980
2236
2364
2620
2876
3132
3260
3388
3516
3516
3516
3516
3516
3516
3516
3516
3516
3516
3388
3260
3132
3132
2876
2748
2620
2492
2364
2236
2108
1980
1820
1756
1500
1308
1116
988
812
588
396
212
32
-56
-132
-260
-324
-396
-460
-524
-524
-524
-588
-652
-748
-748
-748
-748
-812
-844
-876
-876
-812
-812
-748
-716
-684
-620
-588
-556
-524
-524
-492
-492
-492
-492
-492
-492
-524
-556
-620
-684
-716
-748
-780
-844
-924
-988
-1052
-1116
-1116
-1244
-1372
-1500
-1692
-1884
-2108
-2236
-2364
-2620
-2620
-2748
-2748
-2876
-2876
-2876
-2876
-2748
-2748
-2620
-2492
-2492
-2492
-2364
-2236
-2108
-1980
-1756
-1564
-1436
-1308
-1180
-988
-780
-588
-372
-120
132
372
652
876
1116
1436
1692
1884
2108
2236
2492
2620
2748
2876
3004
3004
3132
3260
3260
3388
3388
3388
3388
3388
3260
3260
3132
3132
3132
3004
3004
2876
2876
2748
2492
2364
2108
1980
1756
1564
1372
1116
924
716
524
396
260
132
16
-112
-276
-356
-396
-524
-588
-684
-812
-876
-924
-988
-1052
-1052
-1052
-1052
-1052
-1116
-1116
-1116
-1116
-1052
-988
-924
-924
-844
-844
-844
-844
-844
-780
-780
-844
-844
-812
-780
-780
-780
-748
-748
-684
-588
-524
-556
-652
-684
-780
-924
-1052
-1180
-1372
-1564
-1692
-1820
-1884
-1980
-1980
-2108
-2108
-2236
-2236
-2236
-2236
-2236
-2236
-2236
-2236
-2236
-2236
-2236
-2236
-2108
-1980
-1980
-1820
-1756
-1628
-1436
-1308
-1180
-988
-780
-524
-260
-24
260
492
652
812
1052
1244
1436
1628
1820
1980
2236
2364
2620
2748
2876
2876
3004
3132
3260
3388
3388
3516
3644
3644
3516
3516
3516
3388
3260
3132
3132
3004
2876
2748
2492
2364
2108
1980
1756
1564
1372
1180
1116
924
748
524
260
72
-104
-308
-524
-652
-748
-924
-988
-988
-1116
-1180
-1308
-1372
-1436
-1436
-1436
-1436
-1436
-1436
-1436
-1436
-1436
-1436
-1436
-1372
-1244
-1180
-1180
-1244
-1180
-1180
-1052
-988
-876
-812
-716
-620
-524
-460
-396
-396
-340
-324
-372
-492
-620
-748
-844
-876
-876
-924
-924
-988
-1116
-1244
-1372
-1564
-1628
-1692
-1820
-1884
-1980
-1980
-2108
-2108
-2236
-2236
-2108
-2108
-2108
-2108
-2108
-1980
-1980
-1884
-1756
-1628
-1500
-1372
-1244
-1052
-844
-652
-428
-196
0
228
492
780
1052
1308
1500
1756
1980
2108
2236
2364
2620
2876
3004
3132
3388
3388
3516
3516
3516
3516
3644
3644
3644
3516
3516
3388
3260
3004
2876
2748
2620
2492
2364
2236
1980
1756
1564
1436
1244
924
684
460
196
-8
-148
-292
-428
-556
-684
-812
-924
-1052
-1180
-1308
-1372
-1436
-1500
-1564
-1564
-1564
-1500
-1500
-1564
-1564
-1500
-1500
-1436
-1436
-1372
-1308
-1244
-1180
-1052
-988
-988
-924
-844
-716
-588
-556
-492
-492
-524
-460
-460
-492
-588
-620
-652
-652
-588
-620
-652
-684
-716
-748
-812
-924
-988
-1116
-1180
-1244
-1308
-1372
-1500
-1628
-1692
-1884
-1980
-1980
-1980
-1980
-1980
-1980
-1980
-1884
-1820
-1820
-1756
-1692
-1628
-1436
-1308
-1116
-988
-876
-716
-556
-460
-292
-88
112
340
556
812
1052
1244
1500
1756
1980
2236
2364
2492
2748
2876
3004
3132
3260
3260
3388
3516
3516
3644
3644
3516
3388
3388
3388
3260
3260
3132
3004
2876
2748
2492
2364
2108
1820
1628
1436
1180
988
780
556
308
112
-96
-276
-460
-684
-844
-988
-1116
-1308
-1500
-1628
-1692
-1820
-1884
-1980
-1980
-2108
-2108
-1980
-1980
-1980
-1980
-1884
-1820
-1756
-1692
-1628
-1564
-1436
-1308
-1244
-1116
-1052
-988
-988
-924
-844
-748
-652
-588
-524
-428
-340
-276
-196
-120
-32
0
24
64
56
64
16
-48
-148
-292
-428
-524
-684
-844
-988
-1116
-1180
-1244
-1372
-1500
-1564
-1628
-1628
-1628
-1692
-1692
-1756
-1756
-1820
-1756
-1692
-1692
-1692
-1692
-1628
-1500
-1372
-1244
-1116
-924
-684
-396
-132
112
356
588
844
1052
1244
1436
1692
1820
1980
2236
2492
2620
2748
2876
3004
3132
3260
3388
3516
3516
3516
3644
3644
3644
3644
3516
3388
3260
3260
3132
2876
2748
2492
2364
2108
1820
1564
1372
1116
844
588
372
164
-48
-276
-460
-716
-988
-1180
-1372
-1564
-1692
-1820
-1980
-2108
-2108
-2108
-2108
-2108
-2108
-2108
-2108
-2236
-2108
-2108
-1980
-1884
-1756
-1692
-1564
-1436
-1372
-1308
-1244
-1244
-1116
-988
-812
-684
-588
-524
-460
-356
-228
-120
-16
48
132
132
132
132
72
0
-104
-196
-260
-308
-340
-396
-492
-556
-652
-748
-812
-844
-924
-1052
-1116
-1180
-1308
-1308
-1436
-1564
-1628
-1692
-1820
-1820
-1884
-1820
-1820
-1692
-1628
-1500
-1372
-1244
-1052
-876
-748
-588
-396
-260
-56
104
292
460
620
812
988
1180
1372
1564
1820
1980
2236
2492
2748
2876
3004
3132
3260
3388
3516
3516
3516
3516
3644
3516
3516
3388
3260
3132
2876
2748
2620
2492
2364
2236
1980
1692
1500
1308
1052
812
588
372
80
-180
-428
-684
-924
-1116
-1308
-1436
-1500
-1692
-1756
-1884
-1980
-1980
-2108
-2108
-2108
-2108
-1980
-1980
-1884
-1884
-1884
-1756
-1628
-1628
-1564
-1500
-1436
-1244
-1116
-988
-924
-812
-716
-620
-524
-428
-372
-308
-244
-212
-148
-148
-148
-148
-132
-120
-164
-180
-212
-228
-228
-196
-180
-228
-292
-372
-396
-460
-556
-620
-748
-844
-988
-1116
-1244
-1372
-1436
-1500
-1436
-1372
-1372
-1436
-1436
-1372
-1308
-1244
-1116
-1116
-1052
-988
-924
-844
-748
-684
-588
-492
-372
-212
-88
24
244
492
748
988
1180
1372
1564
1692
1884
1980
2108
2236
2364
2492
2620
2748
2748
2876
2876
2876
2876
2876
2876
2748
2748
2748
2620
2492
2364
2108
1980
1884
1692
1564
1436
1244
1052
844
652
460
276
104
-32
-164
-372
-620
-812
-988
-1116
-1244
-1308
-1372
-1436
-1500
-1500
-1500
-1500
-1500
-1500
-1436
-1436
-1372
-1372
-1308
-1308
-1244
-1180
-1052
-1052
-988
-924
-876
-812
-748
-716
-716
-652
-556
-492
-396
-372
-324
-308
-276
-212
-180
-180
-196
-196
-180
-196
-228
-308
-356
-396
-460
-524
-588
-620
-684
-716
-780
-876
-924
-1052
-1116
-1052
-1052
-1052
-1116
-1116
-1180
-1180
-1180
-1180
-1180
-1116
-1116
-1116
-1052
-1052
-988
-876
-780
-716
-620
-524
-428
-244
-64
104
260
396
588
748
924
1052
1180
1308
1500
1628
1756
1884
1980
1980
2108
2108
2236
2364
2364
2364
2492
2492
2492
2492
2364
2364
2236
2236
2108
2108
1980
1884
1756
1692
1564
1372
1244
1116
988
812
652
396
228
56
-88
-196
-324
-460
-620
-716
-780
-844
-924
-988
-1052
-1116
-1116
-1116
-1180
-1244
-1308
-1308
-1372
-1372
-1372
-1308
-1308
-1308
-1244
-1244
-1244
-1180
-1180
-1116
-1052
-924
-844
-780
-748
-684
-684
-652
-620
-620
-588
-556
-524
-460
-460
-460
-428
-428
-460
-428
-428
-460
-492
-460
-492
-492
-492
-524
-588
-684
-716
-780
-780
-780
-812
-780
-812
-844
-812
-812
-812
-812
-780
-748
-748
-684
-684
-652
-588
-524
-428
-340
-260
-164
-80
8
88
180
292
428
524
652
780
924
988
1052
1180
1244
1308
1372
1500
1564
1564
1628
1756
1756
1820
1884
1884
1884
1980
1980
1980
1980
1884
1820
1820
1820
1756
1692
1564
1500
1436
1372
1244
1116
1052
924
844
748
588
428
276
164
64
0
-64
-148
-212
-308
-372
-428
-524
-684
-780
-844
-924
-988
-1052
-1116
-1180
-1244
-1244
-1308
-1372
-1372
-1372
-1308
-1244
-1180
-1180
-1180
-1116
-1116
-1180
-1180
-1244
-1244
-1244
-1180
-1116
-988
-924
-876
-812
-780
-748
-748
-684
-620
-556
-460
-460
-460
-492
-492
-524
-492
-460
-428
-396
-428
-428
-396
-396
-372
-340
-324
-340
-340
-292
-260
-196
-132
-148
-132
-72
-40
-32
-48
-64
-72
-40
32
56
132
196
228
292
372
460
556
588
620
684
684
748
780
812
876
924
924
1052
1116
1116
1116
1116
1180
1244
1308
1308
1308
1308
1372
1372
1436
1436
1436
1372
1308
1308
1244
1180
1180
1116
1116
1052
924
924
812
652
588
492
428
372
292
180
64
-24
-148
-276
-428
-524
-620
-716
-780
-844
-924
-1052
-1116
-1180
-1244
-1244
-1308
-1308
-1308
-1308
-1308
-1372
-1372
-1372
-1372
-1372
-1372
-1372
-1308
-1308
-1244
-1180
-1116
-1052
-988
-924
-844
-780
-652
-556
-428
-324
-292
-212
-196
-196
-180
-164
-180
-164
-112
-80
-56
0
40
104
132
180
212
244
276
244
276
292
308
324
308
244
196
196
148
164
164
180
196
212
228
244
228
228
244
276
324
396
428
428
428
396
356
356
372
396
428
428
460
492
524
556
652
748
812
844
876
924
924
988
988
1052
988
924
924
844
844
844
844
844
844
844
844
812
716
588
492
460
428
340
244
180
88
0
-104
-244
-356
-492
-588
-684
-716
-812
-924
-988
-1052
-1180
-1180
-1244
-1244
-1244
-1180
-1180
-1180
-1244
-1244
-1308
-1308
-1308
-1308
-1308
-1244
-1180
-1116
-1052
-988
-876
-780
-684
-588
-492
-372
-228
-104
-24
48
96
132
164
148
212
228
212
244
292
340
396
492
524
556
588
588
588
620
620
588
588
556
524
460
372
308
212
164
164
132
132
120
112
132
80
56
72
64
88
104
104
88
40
24
0
-24
-32
-32
0
32
80
148
196
212
228
292
428
492
492
524
556
556
588
620
620
620
620
652
684
716
748
716
716
716
716
684
620
588
524
460
428
356
308
260
180
104
24
-80
-196
-324
-428
-492
-524
-588
-620
-652
-684
-780
-844
-924
-988
-988
-988
-988
-1052
-1052
-1052
-1052
-1116
-1116
-1052
-1052
-988
-876
-844
-780
-716
-684
-588
-524
-428
-340
-244
-180
-104
-16
48
132
180
276
324
356
372
428
428
428
428
428
460
492
556
588
588
620
652
620
620
588
524
460
396
324
228
148
112
48
0
-32
-88
-104
-104
-120
-132
-132
-132
-132
-132
-112
-132
-196
-244
-276
-260
-260
-276
-260
-244
-228
-196
-148
-88
-32
-8
40
104
164
212
244
324
324
340
340
340
356
396
460
492
524
556
556
556
588
620
620
620
588
556
588
588
524
492
428
396
340
228
148
24
-64
-120
-164
-196
-228
-260
-292
-308
-324
-340
-356
-396
-428
-492
-556
-588
-588
-620
-652
-684
-716
-716
-716
-684
-620
-556
-492
-492
-460
-428
-396
-340
-228
-164
-104
-72
-40
8
40
96
132
164
180
196
228
260
324
356
372
396
428
460
428
396
396
396
356
356
324
292
260
196
132
104
80
16
0
-56
-96
-180
-228
-228
-228
-244
-228
-244
-308
-340
-396
-396
-396
-428
-492
-492
-524
-492
-428
-396
-372
-396
-396
-372
-340
-260
-180
-80
-8
16
48
56
64
72
88
112
132
196
244
292
396
492
524
556
556
588
588
652
652
684
716
684
652
620
588
556
524
428
372
308
244
196
148
120
56
8
0
-8
-40
-64
-96
-148
-196
-260
-308
-372
-396
-428
-428
-460
-492
-492
-492
-492
-524
-492
-492
-524
-492
-460
-428
-340
-260
-164
-88
-64
-24
-56
-32
8
64
88
132
180
228
308
372
396
396
396
428
428
460
428
428
372
340
340
308
260
228
196
148
120
64
24
-8
-48
-72
-120
-132
-164
-180
-196
-196
-212
-260
-324
-340
-396
-428
-428
-460
-524
-524
-524
-556
-524
-524
-524
-492
-460
-396
-396
-324
-292
-244
-196
-148
-104
-72
-16
0
-16
32
56
96
164
212
260
292
324
372
428
492
524
524
524
524
524
492
524
492
524
524
524
460
428
428
356
340
340
324
292
276
260
244
244
212
164
132
72
0
-40
-64
-88
-148
-244
-260
-292
-308
-324
-324
-324
-340
-340
-340
-308
-324
-292
-244
-228
-212
-228
-276
-292
-292
-276
-260
-212
-180
-164
-164
-164
-120
-112
-88
-88
-64
-48
-24
0
-8
-16
-40
-40
-24
-16
8
24
56
72
56
72
72
48
56
72
80
104
120
120
104
104
88
56
0
-16
-16
-32
-56
-56
-64
-64
-64
-56
-56
-48
-48
-32
-16
8
24
8
8
0
-16
-48
-56
-88
-112
-148
-164
-112
-120
-132
-120
-64
-32
-8
48
96
148
180
212
212
196
244
244
276
292
260
260
228
244
228
228
228
228
244
244
244
260
276
276
292
308
308
276
196
132
96
80
56
0
-48
-112
-132
-148
-148
-148
-148
-164
-148
-112
-132
-164
-196
-180
-212
-196
-196
-196
-196
-228
-212
-196
-196
-228
-228
-212
-228
-228
-196
-164
-132
-132
-120
-80
-80
-80
-104
-104
-104
-112
-96
-72
-40
-32
0
48
56
56
48
64
96
104
132
132
120
96
80
72
40
0
-32
-32
-56
-88
-80
-80
-88
-72
-72
-72
-48
-40
-24
-24
-8
-16
-32
-48
-88
-120
-120
-132
-132
-104
-80
-104
-112
-96
-96
-56
8
80
132
180
180
212
276
292
308
340
324
324
324
308
292
308
292
276
292
324
340
324
308
292
276
276
276
244
228
212
212
180
180
132
80
48
0
-48
-120
-164
-212
-244
-276
-308
-324
-308
-308
-324
-324
-324
-324
-372
-396
-396
-396
-428
-428
-428
-428
-372
-340
-324
-308
-308
-308
-292
-276
-260
-244
-244
-228
-196
-148
-96
-40
0
32
48
88
96
96
120
112
148
164
196
260
308
340
356
356
372
372
340
308
276
260
244
212
196
148
148
148
132
120
112
104
88
80
80
80
80
72
24
0
-32
-48
-64
-80
-120
-132
-164
-196
-196
-164
-180
-164
-132
-120
-72
-64
-104
-112
-48
0
32
88
96
88
80
80
96
112
72
64
88
96
132
148
120
112
132
148
164
180
180
196
164
164
148
132
88
64
24
0
-32
-80
-80
-104
-148
-196
-180
-196
-212
-196
-212
-212
-260
-244
-212
-212
-228
-228
-196
-180
-164
-132
-112
-96
-120
-120
-132
-148
-132
-88
-88
-96
-72
-48
-16
0
24
40
32
24
56
72
72
72
72
56
48
72
112
132
148
196
212
228
228
196
180
148
132
148
164
104
80
32
16
32
48
56
96
104
96
120
120
132
132
120
96
64
56
40
-8
-24
-40
-72
-96
-104
-104
-132
-104
-80
-104
-112
-104
-80
-88
-64
-40
-8
40
64
80
80
56
56
56
16
-8
-48
-96
-88
-112
-112
-112
-148
-132
-120
-104
-72
-72
-72
-48
-40
-56
-56
-72
-80
-104
-132
-132
-196
-180
-180
-180
-164
-132
-132
-132
-96
-88
-64
-48
-72
-64
-48
-32
-8
0
32
32
56
56
64
48
40
72
80
120
148
148
148
132
148
164
148
164
196
196
228
244
244
244
212
164
164
148
164
180
180
180
148
164
148
132
96
72
72
88
80
64
48
24
24
16
24
16
0
-24
-56
-72
-104
-112
-112
-132
-132
-120
-104
-132
-132
-132
-148
-180
-212
-228
-244
-260
-244
-244
-212
-196
-196
-164
-148
-164
-164
-120
-88
-32
8
16
24
40
48
64
88
56
40
32
24
8
8
0
0
32
48
64
64
72
80
80
88
96
96
104
88
64
64
48
0
-32
-48
-56
-40
-48
-40
-24
-8
8
16
48
40
24
8
0
-8
-16
-24
-24
-40
-48
-24
-56
-64
-48
-32
-16
16
24
48
48
32
56
104
132
148
164
132
132
88
64
8
-24
-40
-56
-48
0
48
80
96
112
104
88
64
32
8
-32
-64
-88
-132
-164
-180
-164
-148
-132
-132
-164
-164
-180
-180
-164
-132
-132
-104
-88
-72
-104
-132
-148
-164
-180
-164
-132
-132
-104
-104
-64
-32
-48
-40
-8
24
72
120
132
148
164
180
164
148
164
180
164
164
148
104
96
80
112
132
148
132
132
148
148
148
148
112
72
80
80
56
24
32
24
-8
-8
-24
-40
-32
-64
-96
-72
-40
-24
-8
8
32
32
32
32
8
8
32
56
80
72
80
80
72
72
80
96
104
120
164
180
196
196
164
148
148
148
148
164
132
96
48
24
0
-32
-72
-88
-88
-88
-64
-56
-96
-112
-132
-148
-148
-132
-148
-212
-244
-292
-324
-324
-308
-276
-244
-244
-276
-292
-308
-292
-292
-276
-228
-212
-164
-148
-148
-148
-132
-112
-96
-64
-64
-64
-64
-48
-48
-32
-32
-32
0
24
64
112
148
180
180
196
196
212
212
196
164
148
148
112
88
96
104
96
112
132
132
132
132
112
80
64
40
16
16
8
0
0
0
-24
-24
-64
-56
-64
-64
-48
-32
0
16
16
8
32
16
32
48
72
48
64
88
104
120
120
132
148
132
148
164
180
196
212
228
244
244
228
212
196
180
148
132
120
96
48
8
0
8
-16
-8
-16
-48
-64
-64
-56
-72
-96
-88
-112
-132
-148
-164
-212
-244
-244
-276
-292
-276
-292
-292
-260
-228
-212
-196
-180
-164
-164
-148
-132
-112
-104
-112
-132
-104
-120
-148
-164
-148
-148
-112
-80
-64
-64
-32
-24
-16
24
40
48
56
64
48
40
48
56
64
88
96
120
112
104
96
96
104
112
112
120
132
132
120
112
88
64
72
72
72
104
88
40
24
32
16
8
32
64
96
132
180
196
164
164
164
180
180
164
164
148
112
104
112
104
80
80
64
24
16
8
0
-8
-16
-24
-24
-48
-56
-72
-120
-164
-196
-212
-212
-196
-228
-276
-308
-308
-324
-308
-276
-244
-260
-244
-212
-228
-228
-212
-212
-212
-196
-196
-180
-148
-180
-180
-164
-120
-80
-32
8
16
24
40
56
80
112
120
148
164
164
180
212
212
212
244
276
276
276
276
228
196
164
180
196
196
196
228
212
212
228
212
196
148
120
112
80
64
40
40
16
24
40
24
16
8
16
8
-16
-48
-64
-72
-64
-72
-88
-88
-96
-112
-104
-80
-80
-80
-80
-120
-120
-88
-72
-72
-48
-48
-32
0
0
24
40
56
72
72
72
72
64
72
64
80
64
56
72
72
64
96
104
80
104
104
80
64
24
-16
-40
-48
-56
-96
-132
-148
-180
-196
-228
-212
-196
-180
-196
-196
-180
-228
-196
-228
-244
-228
-228
-244
-260
-260
-260
-260
-244
-212
-180
-148
-164
-120
-104
-96
-48
-32
-24
-16
0
-8
0
40
72
80
80
96
96
112
132
148
164
180
196
196
212
196
196
196
196
228
244
260
244
212
164
164
148
132
132
112
96
96
132
132
120
104
96
88
88
72
64
48
32
16
0
-16
-16
-24
-40
-32
-24
-24
-24
8
8
32
48
32
24
16
16
16
16
24
32
40
32
32
32
40
40
32
32
40
56
48
32
32
24
8
24
16
-8
-40
-64
-80
-88
-112
-132
-148
-180
-180
-212
-212
-212
-228
-228
-228
-228
-228
-228
-212
-180
-180
-180
-180
-212
-196
-196
-180
-164
-148
-112
-80
-80
-64
-56
-48
-48
-40
0
8
8
8
40
80
104
148
164
180
180
164
164
148
132
148
148
132
148
164
132
148
132
112
112
132
148
148
148
132
104
80
64
48
16
0
-8
-8
-16
-8
-8
-16
-24
-40
-24
-48
-48
-24
-40
-56
-32
-32
-40
-56
-48
-40
-24
0
0
24
16
8
24
0
0
-8
-8
8
16
24
40
48
56
48
32
48
80
88
96
104
96
80
72
72
48
72
40
8
0
-8
-16
-16
-24
-40
-56
-72
-64
-64
-64
-64
-64
-96
-96
-104
-132
-120
-96
-88
-72
-56
-72
-64
-80
-88
-88
-104
-80
-64
