SAMPLES:	8473
BITSPERSAMPLE:	16
CHANNELS:	1
SAMPLERATE:	16000
NORMALIZED:	FALSE
48
40
40
40
24
32
32
24
24
24
24
16
8
8
0
0
0
0
0
-8
-8
-16
-24
-24
-24
-32
-32
-32
-40
-40
-48
-48
-48
-56
-56
-56
-56
-56
-56
-56
-56
-56
-56
-56
-64
-64
-56
-56
-56
-56
-48
-56
-48
-48
-40
-40
-40
-32
-32
-24
-16
-8
-8
0
0
0
8
8
0
0
0
0
0
8
0
8
8
16
16
24
32
32
40
32
32
32
32
24
24
16
16
16
16
8
8
8
8
16
16
16
16
16
16
16
16
16
24
16
8
8
16
16
16
16
24
16
24
24
24
24
32
32
32
32
32
32
32
32
32
32
32
32
32
24
24
24
16
16
16
16
16
8
8
8
0
0
0
0
0
-8
-8
-16
-16
-16
-24
-24
-16
-16
-16
-24
-24
-24
-24
-24
-32
-32
-40
-48
-48
-48
-48
-48
-48
-48
-40
-40
-48
-48
-48
-40
-40
-32
-32
-32
-24
-24
-24
-16
-16
-16
-8
-8
-8
0
0
0
0
8
16
8
16
16
8
8
8
16
16
24
24
16
24
16
16
24
16
16
16
16
16
8
8
8
8
8
8
8
16
8
8
8
0
0
0
0
0
-8
-16
-16
-16
-16
-24
-24
-24
-16
-16
-24
-16
-16
-8
-8
-8
-8
-8
-16
-16
-16
-8
-8
-8
0
0
0
0
8
8
16
24
24
24
24
24
24
24
24
24
24
24
24
24
24
32
24
24
24
24
24
24
32
32
24
24
24
16
16
16
16
8
8
8
8
0
0
0
0
-8
-16
-16
-8
-8
-8
-8
-16
-16
-16
-16
-16
-16
-16
-24
-16
-8
-8
-8
-8
-8
0
0
-8
0
0
0
0
0
0
0
0
0
8
8
8
8
8
16
8
8
8
0
0
0
8
0
0
8
0
0
0
0
0
0
0
0
0
-8
-16
-16
-16
-16
-16
-16
-16
-16
-16
-16
-16
-24
-24
-32
-32
-32
-24
-24
-32
-32
-32
-32
-32
-32
-32
-24
-24
-24
-24
-24
-24
-16
-24
-16
-16
-8
-8
-8
0
0
0
0
0
0
8
8
8
16
16
16
24
24
24
24
16
24
24
16
16
16
16
16
16
24
24
32
32
32
32
32
32
32
32
32
32
32
24
24
24
24
24
32
32
32
40
40
40
40
32
32
24
16
16
16
8
8
8
8
8
0
0
0
0
0
0
0
0
-8
-8
-16
-16
-16
-16
-16
-24
-24
-24
-24
-24
-32
-32
-32
-32
-40
-40
-40
-48
-48
-48
-56
-56
-56
-48
-48
-48
-56
-40
-40
-48
-40
-48
-56
-56
-56
-56
-48
-48
-48
-48
-40
-32
-32
-24
-16
-16
-16
-8
0
0
0
8
8
16
16
24
24
32
32
40
48
48
48
48
56
64
64
64
72
72
80
80
80
80
80
80
80
80
80
80
80
72
72
64
56
64
48
48
40
32
24
24
8
8
0
0
0
-8
-8
-16
-24
-32
-32
-40
-40
-40
-48
-56
-64
-72
-64
-64
-64
-56
-64
-64
-64
-72
-64
-56
-48
-40
-40
-32
-32
-32
-32
-32
-32
-24
-24
-24
-24
-24
-8
-8
0
0
0
0
0
0
0
0
8
8
8
8
8
8
8
16
8
8
8
0
0
0
0
0
0
0
0
0
0
8
8
8
8
8
8
0
0
8
8
8
8
8
8
8
16
16
24
24
24
24
24
24
24
32
32
32
32
40
40
40
40
40
40
40
40
40
40
40
32
32
32
32
32
32
32
32
24
24
16
8
8
0
8
0
0
0
0
-8
-8
-8
-8
-8
-16
-16
-24
-32
-32
-40
-40
-40
-32
-32
-40
-48
-48
-56
-64
-56
-64
-64
-64
-64
-64
-64
-64
-64
-64
-64
-64
-72
-72
-72
-80
-72
-72
-64
-64
-64
-56
-56
-56
-56
-48
-40
-32
-32
-32
-32
-32
-32
-24
-8
0
0
0
16
16
16
24
32
32
32
40
40
48
48
56
56
56
56
64
64
64
72
72
80
80
80
88
88
88
88
88
88
80
80
80
72
72
72
72
72
72
72
72
72
72
64
64
64
48
40
32
24
24
24
16
16
8
8
0
0
0
0
0
-8
-8
-8
-16
-16
-24
-32
-32
-32
-40
-40
-48
-48
-56
-56
-64
-64
-64
-64
-64
-64
-64
-72
-72
-80
-80
-80
-80
-88
-88
-88
-88
-88
-80
-80
-72
-64
-64
-64
-64
-64
-64
-64
-56
-56
-48
-48
-40
-40
-40
-32
-24
-16
-8
-8
0
0
8
16
8
16
24
24
24
32
32
32
40
48
48
48
56
56
64
64
64
64
64
64
64
64
64
64
64
64
56
56
56
56
56
56
56
56
56
56
56
48
48
48
48
40
32
32
32
24
24
24
16
8
0
8
8
0
0
0
0
0
0
0
0
0
-8
-8
-8
-8
-16
-16
-16
-16
-16
-16
-24
-24
-24
-24
-32
-32
-32
-40
-32
-40
-40
-48
-48
-48
-48
-56
-56
-56
-56
-48
-48
-40
-40
-40
-40
-40
-40
-40
-40
-40
-32
-32
-24
-16
-16
-16
-24
-16
-8
-8
-8
-8
-8
-8
0
0
8
8
16
16
16
16
16
24
24
24
32
32
32
32
40
40
32
32
32
32
32
32
32
40
40
40
40
32
40
32
40
40
32
32
24
16
16
24
24
32
24
24
24
24
16
0
0
0
0
0
0
0
-8
-8
-16
-16
-8
-8
-16
-16
-16
-24
-24
-24
-24
-24
-16
-16
-16
-16
-16
-16
-16
-24
-32
-32
-24
-24
-16
-8
-16
-8
-16
-8
-8
-8
0
-8
0
0
0
0
0
0
0
0
0
0
0
-8
-8
0
-8
0
0
0
0
0
0
0
0
0
0
0
-8
-8
-8
-8
-8
-8
0
0
0
0
0
-8
-8
-8
0
0
0
0
0
0
0
-8
-8
0
0
0
0
8
8
8
16
16
24
24
16
24
24
24
24
24
24
32
32
32
32
32
32
32
32
32
32
32
40
40
40
32
32
24
16
8
8
0
0
-8
-8
-8
-16
-16
-16
-24
-24
-24
-24
-24
-24
-32
-40
-48
-40
-40
-32
-40
-32
-32
-24
-8
-8
0
0
0
0
0
0
0
8
16
16
32
32
40
48
56
56
56
56
64
64
56
56
48
40
32
24
16
8
0
0
-16
-24
-32
-40
-56
-56
-64
-80
-88
-96
-104
-112
-112
-120
-120
-112
-112
-104
-104
-104
-88
-88
-80
-64
-56
-56
-40
-32
-24
-8
0
0
8
8
16
32
32
40
48
48
40
40
32
32
40
48
48
48
56
56
56
64
64
64
72
80
80
80
80
72
64
56
56
56
48
48
48
48
48
48
48
56
48
56
56
48
48
56
56
56
56
64
72
72
80
80
80
88
80
80
80
88
80
72
72
64
64
64
64
72
72
64
56
48
40
24
8
0
-24
-40
-64
-80
-112
-132
-164
-196
-212
-228
-244
-276
-292
-324
-340
-356
-396
-396
-428
-460
-460
-460
-492
-492
-492
-460
-460
-460
-428
-428
-396
-372
-340
-308
-276
-244
-212
-164
-120
-72
-24
16
72
120
164
228
276
324
396
428
460
492
556
588
620
652
684
684
684
716
716
716
748
748
748
716
716
684
652
620
588
556
492
460
428
396
356
308
244
212
164
120
104
80
48
24
8
0
0
0
16
48
88
132
164
180
196
228
260
292
308
292
276
260
244
196
148
88
0
-72
-148
-260
-372
-492
-620
-748
-876
-988
-1116
-1244
-1372
-1436
-1564
-1628
-1692
-1756
-1820
-1820
-1820
-1820
-1756
-1756
-1820
-1820
-1756
-1628
-1564
-1436
-1372
-1244
-1116
-988
-876
-780
-652
-460
-276
-120
16
132
244
396
556
716
924
1052
1180
1308
1372
1436
1436
1500
1500
1628
1692
1756
1756
1692
1692
1628
1564
1500
1500
1436
1436
1436
1372
1308
1180
1116
988
924
844
748
620
524
428
324
244
132
48
8
0
-8
8
16
24
56
72
132
212
372
524
780
1052
1308
1564
1884
2108
2364
2364
2236
2364
2620
2876
3004
2876
2748
2620
2492
2364
2108
1692
1244
876
556
212
-260
-780
-1372
-1756
-2108
-2364
-2620
-3004
-3516
-3900
-4092
-4348
-4604
-4860
-4860
-5116
-5116
-5116
-5116
-5116
-5116
-5116
-5116
-4860
-4604
-4092
-3772
-3388
-3004
-2620
-2236
-1820
-1244
-748
-260
164
556
924
1372
1756
2108
2492
2748
3004
3132
3260
3388
3388
3516
3516
3516
3516
3516
3388
3260
3004
2748
2620
2492
2236
1980
1756
1500
1308
1116
876
556
228
-48
-340
-524
-716
-924
-1180
-1372
-1564
-1628
-1628
-1628
-1628
-1564
-1436
-1308
-1052
-844
-652
-396
-96
164
428
684
924
1116
1372
1564
1756
1980
2108
2236
2364
2492
2620
2620
2876
2876
3004
3132
3260
3516
3644
3772
3772
3516
3260
3004
3004
2876
2748
2364
1980
1692
1308
876
340
-244
-812
-1244
-1692
-2108
-2620
-3132
-3772
-4092
-4348
-4604
-4860
-5116
-5372
-5628
-5628
-5628
-5884
-5884
-5884
-5628
-5628
-5372
-5116
-5116
-4860
-4604
-4348
-4092
-3644
-3260
-2876
-2364
-1820
-1372
-924
-460
72
620
1180
1628
1980
2236
2492
2876
3260
3644
3772
3772
3900
3900
4092
4092
4092
4092
3900
3772
3644
3516
3260
2876
2620
2492
2364
2108
1884
1628
1308
1116
844
588
276
-16
-244
-356
-428
-556
-716
-876
-988
-1116
-1052
-988
-988
-924
-876
-748
-620
-396
-228
-40
180
460
684
924
1052
1180
1308
1500
1628
1756
1820
1884
1980
2236
2492
2620
2620
2748
2876
3260
3644
3644
3388
3004
2876
3004
3260
3260
2876
2364
2108
1820
1564
1052
396
-260
-748
-1116
-1500
-1980
-2620
-3260
-3772
-4092
-4348
-4604
-4860
-5372
-5884
-5884
-6140
-6140
-6396
-6396
-6396
-6140
-6140
-5884
-5628
-5628
-5628
-5372
-5116
-4604
-4092
-3388
-2876
-2364
-1980
-1628
-1052
-428
276
780
1180
1628
2108
2748
3132
3516
3772
3900
4092
4348
4604
4860
4604
4604
4348
4348
4604
4604
4348
3900
3644
3388
3132
2876
2492
2236
1884
1692
1564
1372
988
524
148
-164
-428
-652
-876
-1052
-1244
-1372
-1436
-1564
-1564
-1564
-1436
-1308
-1052
-844
-652
-460
-276
-32
244
492
748
988
1244
1500
1756
1980
2108
2236
2364
2492
2492
2620
2748
3004
3132
3260
3260
3260
3388
3772
4092
3900
3388
2876
2748
3004
3132
3004
2364
1756
1372
1116
876
212
-620
-1372
-1980
-2236
-2492
-3004
-3644
-4348
-4604
-4860
-4860
-5116
-5628
-6140
-6396
-6396
-6396
-6396
-6396
-6652
-6396
-6396
-6140
-5884
-5628
-5628
-5372
-5372
-5116
-4604
-4092
-3516
-2748
-2108
-1692
-1372
-988
-428
212
924
1436
1820
2236
2620
3132
3644
3900
4092
4092
4348
4348
4604
4604
4604
4348
4092
4092
4092
4092
3900
3644
3388
3132
3004
2620
2364
1980
1820
1756
1628
1436
1116
812
556
308
72
-112
-340
-460
-492
-524
-556
-684
-684
-652
-524
-324
-56
180
372
556
748
988
1180
1308
1436
1564
1756
1980
2108
2108
1980
1980
1884
1884
1884
2108
2236
2364
2620
2748
2620
2748
3132
3388
3260
2876
2364
2108
2236
2492
2620
2108
1500
1116
924
748
292
-492
-1244
-1820
-2108
-2364
-2748
-3388
-4092
-4604
-4604
-4604
-4860
-5116
-5628
-6140
-6396
-6396
-6396
-6140
-6140
-6140
-6140
-5884
-5628
-5628
-5372
-5372
-5372
-5116
-4604
-4348
-3772
-3260
-2492
-1980
-1436
-1052
-812
-396
132
812
1436
1756
2108
2620
3132
3516
3772
3772
3772
3900
4348
4604
4604
4348
4092
4092
4092
4092
4092
4092
3772
3516
3260
3132
2748
2364
2108
1884
1884
1820
1692
1372
988
620
308
40
-276
-524
-556
-556
-428
-428
-556
-716
-780
-588
-244
72
292
308
356
556
780
988
988
1116
1308
1564
1820
1980
1884
1756
1564
1628
1692
1692
1692
1692
1980
2236
2492
2620
2620
2620
2876
3132
3132
2748
2364
2364
2748
3004
2876
2364
1756
1372
1180
844
276
-460
-1116
-1564
-1884
-2236
-2748
-3388
-3900
-4348
-4348
-4348
-4860
-5116
-5628
-6140
-6140
-6140
-6140
-6140
-6140
-6140
-5884
-5884
-5884
-5884
-5884
-5628
-5628
-5372
-5116
-4348
-3644
-3004
-2620
-2492
-2364
-1980
-1244
-428
180
620
876
1244
1820
2364
3004
3132
3260
3516
3772
4348
4604
4348
4092
3900
4092
4348
4604
4604
4348
4348
4092
4092
3644
3260
3004
2748
2748
2876
2876
2620
2236
1820
1436
1180
924
684
396
180
112
8
-40
-212
-396
-524
-492
-396
-276
-196
-148
-16
164
428
620
780
748
844
988
1116
1244
1180
988
876
876
988
1116
1116
1180
1116
1308
1564
1980
2108
2236
2492
2748
3004
3004
2620
2364
2236
2492
2876
3004
2620
1980
1500
1244
924
460
-276
-988
-1500
-1884
-2236
-2620
-3132
-3644
-4092
-4348
-4348
-4860
-5116
-5884
-6140
-6396
-6396
-6396
-6396
-6396
-6396
-6140
-6140
-6140
-6140
-6140
-6140
-5884
-5628
-5116
-4604
-4092
-3516
-3132
-2620
-2108
-1500
-812
-148
428
876
1244
1628
2108
2620
3260
3772
4092
4348
4348
4604
4860
4860
4860
4860
4860
5116
5372
5372
5116
4860
4348
4348
4092
3900
3644
3388
3132
3004
2876
2620
2108
1692
1308
1052
924
652
164
-244
-492
-556
-588
-588
-588
-652
-684
-652
-556
-524
-556
-492
-340
-164
72
132
260
396
460
620
652
780
780
748
812
876
988
924
924
812
620
652
1052
1628
2364
2748
3516
4092
3644
3260
2364
1628
1308
1500
1980
2236
2236
1980
1116
620
104
-620
-1436
-2236
-2748
-3132
-3004
-2876
-2876
-3132
-3516
-4092
-4604
-5116
-5628
-6396
-6908
-6908
-6652
-6396
-6140
-5884
-5884
-5884
-6140
-6140
-6140
-6140
-6140
-5628
-5116
-4092
-2620
-1244
-556
-396
-524
-492
-524
-460
64
812
1436
1820
2236
3004
3260
3260
3132
3388
3900
4348
4604
5116
5372
5116
4604
4604
4860
4604
4092
3900
3900
3516
3004
2748
2876
2748
2620
2748
3260
3388
3004
2620
2108
1500
876
460
396
460
428
428
492
652
492
260
196
324
492
524
812
1116
1372
1244
1180
1116
924
780
260
308
460
428
556
524
620
460
0
-48
40
396
1564
2748
3900
4604
5116
5628
4604
2748
-72
-1628
-1500
-1180
-780
-396
276
180
-1116
-2492
-3388
-4092
-4604
-4860
-4092
-3004
-2492
-2108
-2236
-2492
-3516
-4604
-5372
-5884
-6396
-6908
-6908
-6396
-5884
-5884
-5372
-4860
-4348
-4348
-4348
-3900
-3516
-3388
-3260
-3004
-2364
-844
748
1820
2108
1308
164
-988
-1500
-1180
-556
588
1564
1980
2236
2236
2108
1628
1372
1756
2492
3132
3644
4092
4092
3644
3132
2620
2236
1980
1884
1980
2236
2364
2236
2364
2748
3132
3388
3516
3644
3388
2748
1980
1180
716
492
588
1180
1820
2108
2108
2108
2108
2108
2108
2364
2748
3004
3004
3004
2748
2236
1500
1180
1180
1052
924
876
1180
1180
1244
1116
1052
1052
556
372
180
0
-428
-1116
-1180
-748
308
1564
2748
3388
3900
4092
3900
2108
-716
-2748
-3388
-2748
-2364
-1692
-1180
-876
-1628
-3132
-4092
-4348
-4092
-3772
-3004
-1980
-988
-588
-748
-1308
-2236
-3516
-4860
-5628
-6396
-6908
-6908
-6652
-6140
-5628
-5116
-4348
-3644
-3260
-3388
-3260
-2748
-2620
-2876
-3132
-3004
-2364
-1692
-988
588
1436
780
-620
-1564
-1756
-2108
-1884
-716
924
2364
2748
2876
2748
2492
1756
1564
2492
3900
4092
3900
3644
3388
2620
1628
1628
1980
2236
2620
3388
3900
3644
3260
3132
3772
4092
4348
4348
4092
3388
2364
1308
716
492
652
1180
2108
2876
3004
2876
2748
3004
3004
3004
3132
3260
3004
2236
1372
748
276
-104
-8
164
244
96
-148
-64
104
196
244
244
112
-372
-780
-684
112
1564
3004
4348
5116
5628
5116
3004
-492
-3388
-4092
-3260
-2108
-1372
-524
56
-460
-2492
-4348
-4860
-4604
-4348
-3516
-1980
-524
8
-372
-1180
-2236
-3644
-5116
-6140
-6908
-7164
-7420
-7164
-6652
-6396
-5628
-4860
-3516
-2620
-2748
-2748
-2364
-1756
-1628
-1820
-1820
-1564
-1116
-212
428
324
-492
-1500
-1980
-1820
-1180
-324
748
1692
2108
2108
1884
1884
1692
1500
1980
3004
3516
3388
3004
2620
1980
1180
924
1180
1628
1980
2492
3004
3004
2748
2748
3132
3644
3644
3388
3260
3260
2876
2108
1500
1308
1308
1308
1564
2108
2492
2620
2876
3516
4092
4092
3900
3516
3132
2620
2108
1820
1820
1692
1756
1692
1628
1116
340
260
396
812
1052
1116
1244
844
212
-588
-1116
-1308
-1820
-1500
64
1980
3388
3900
4604
5116
3388
132
-3260
-4860
-4604
-3900
-3004
-2108
-1052
-1116
-2492
-3772
-4604
-4604
-4348
-3516
-2236
-988
-276
-356
-988
-1820
-3260
-4860
-5884
-6652
-7420
-7676
-7164
-6396
-5372
-4604
-4092
-3132
-2236
-2108
-2236
-2108
-1756
-1692
-2108
-2364
-2108
-1756
-1628
-780
292
428
-324
-988
-844
-588
-428
64
1052
2236
2620
2492
2364
2620
2492
2236
2492
3388
3516
2748
2108
1980
1980
1564
1692
2108
2620
3004
3260
3516
3644
3516
3388
3772
4092
4092
3516
3004
2620
2236
1500
876
652
716
924
1244
1980
2748
3260
3516
3772
4092
4092
3388
2876
2620
2236
1692
1372
1244
988
556
244
276
228
356
492
1052
1820
1884
1436
620
88
-684
-1244
-1180
-148
1564
3132
4092
4348
4348
4348
3388
716
-2492
-4092
-3900
-2748
-2236
-1756
-1308
-1372
-2492
-4348
-5116
-5116
-4348
-3516
-2620
-1564
-876
-1052
-1884
-3132
-4092
-5372
-6652
-7420
-7676
-7676
-7676
-7164
-6652
-5884
-5116
-4348
-3260
-2876
-2620
-2364
-1692
-1180
-1244
-1756
-1980
-1564
-1116
-780
-428
-180
-228
-260
8
620
988
1244
1564
1980
2620
2748
3004
3388
3644
3516
3388
3388
3388
3132
2620
2492
2492
2492
2364
2364
2620
2876
3132
3132
3260
3260
3260
3260
3388
3260
2876
2492
2108
1756
1180
652
356
372
556
924
1564
2236
2876
3132
3260
3260
3004
2620
2364
2364
2364
1980
1692
1564
1372
988
876
924
1180
1180
1308
1436
1564
1692
1244
812
396
48
-292
-492
-244
620
1756
3004
3644
3772
4348
4348
3260
276
-2492
-3644
-3388
-2748
-2620
-2108
-1500
-1628
-2876
-4348
-4860
-4348
-3772
-3132
-2236
-1436
-1180
-1628
-2492
-3516
-4604
-5628
-6652
-7164
-7420
-7420
-7420
-6908
-6140
-5372
-4604
-3900
-3132
-2876
-2748
-2364
-1628
-1372
-1820
-2492
-2620
-2492
-2108
-1692
-812
716
1884
2108
1372
748
244
-180
-104
748
2236
3260
3772
3516
3132
2748
2236
1884
2364
3004
3132
3004
2748
3004
2748
2364
2364
2620
3132
3132
3004
2876
3004
3004
3004
3260
3388
3004
1980
1436
1244
1180
1052
876
924
1372
1756
2108
2492
3004
3260
3388
3516
3644
3388
2876
2236
1756
1436
1180
1180
988
812
652
716
924
1180
1180
1180
1180
1052
812
428
308
40
-292
-324
340
1372
2108
2364
2748
3516
3772
2876
396
-1980
-3388
-3644
-3516
-3004
-2364
-1980
-1980
-2876
-4092
-4860
-4860
-4092
-3388
-2620
-2108
-1884
-1980
-2492
-3388
-4348
-5372
-6140
-6652
-6908
-6908
-6652
-6396
-6140
-5372
-4604
-3644
-3004
-2620
-2364
-1756
-1052
-924
-1244
-1756
-2108
-1884
-1244
-492
428
1116
1308
1372
1180
924
396
104
428
1244
2492
3132
3516
3388
3004
2620
2364
2620
3004
3132
3004
3004
2876
2748
2364
2236
2236
2620
3004
2876
2876
2620
2492
2492
2748
2748
2492
2108
1564
1244
988
876
716
652
652
812
1116
1628
2108
2492
2748
3004
3004
2748
2236
1884
1756
1500
1244
1052
1052
1180
988
684
652
812
1052
1180
1500
1820
1756
1436
1052
844
620
148
-460
-588
-112
780
1500
1980
1884
1820
2364
2620
2108
460
-1372
-2364
-2620
-2620
-2620
-2236
-1692
-1756
-2620
-3516
-4092
-4092
-4092
-3644
-3004
-2492
-2364
-2876
-3260
-3772
-4348
-5116
-5884
-6396
-6396
-6396
-6140
-5884
-5372
-5116
-4348
-3900
-3644
-3388
-3260
-2620
-1980
-1756
-1980
-2108
-2108
-1692
-1372
-1116
-588
748
1884
2108
1820
1244
716
244
308
924
1980
3004
3516
3516
3388
3388
3132
2876
2748
3260
3516
3516
3644
3772
3772
3388
3260
3260
3132
3004
2748
2748
2876
3132
3132
3004
2748
2236
1820
1500
1436
1564
1564
1372
1436
1628
1820
1692
1692
1692
1884
1980
1980
1980
1756
1628
1308
1052
652
620
588
356
244
96
80
212
748
1180
1308
1244
1052
780
524
228
-212
-428
-460
-148
428
988
1436
1244
924
1436
2236
2364
1436
228
-556
-1116
-1500
-1980
-1980
-1436
-1180
-1884
-3004
-3772
-4092
-4348
-4348
-3772
-3260
-2876
-3004
-3260
-3516
-3900
-4348
-5116
-5628
-5884
-5884
-6140
-6140
-5884
-5628
-5116
-4860
-4604
-4348
-3644
-3132
-2492
-2236
-1980
-1980
-1820
-1628
-1436
-1052
-324
988
1820
1628
988
524
460
460
876
1564
2620
3516
3644
3132
2876
3260
3260
3516
3772
4348
4348
3772
3644
3900
3900
3516
3388
3132
3132
3132
2876
2748
2876
3132
3004
2876
2748
2364
1884
1692
1756
1884
1564
924
492
428
556
652
988
1372
1628
1756
1692
1628
1436
1116
924
988
1116
780
524
556
492
524
556
844
1052
924
780
716
876
1052
924
844
924
716
80
-492
-716
-292
72
588
924
652
396
556
988
924
396
-148
-112
56
-372
-1436
-2364
-2236
-2364
-2876
-3644
-4092
-3644
-3516
-3772
-3772
-3516
-3516
-4092
-4348
-4348
-4092
-4348
-4860
-5116
-5116
-5116
-5628
-5884
-5884
-5628
-5116
-4604
-3900
-3516
-3388
-3132
-2620
-2364
-2236
-2108
-1692
-844
-88
120
228
1052
1980
2108
1756
1436
1564
1884
2236
2748
3516
4092
4092
3644
3388
3772
3900
3900
4092
4348
4604
4348
4092
4092
4092
3772
3388
3132
3132
3004
2620
2492
2748
2748
2492
2236
1884
1564
1244
1116
1116
1244
988
524
88
8
96
80
164
396
812
924
780
652
428
340
396
556
748
556
492
556
876
1116
988
812
620
748
812
748
652
780
780
620
588
356
40
-292
-460
-372
-24
524
652
556
428
748
1308
1436
1052
396
-56
-324
-748
-1564
-2492
-2748
-2748
-2876
-3260
-3516
-3772
-3772
-3772
-3900
-4092
-3900
-4092
-4092
-4092
-4092
-4348
-4860
-5372
-5372
-5372
-5372
-5628
-5628
-5372
-4860
-4348
-4092
-3772
-3516
-3132
-2620
-2108
-1756
-1500
-1180
-780
-340
120
396
684
1372
2620
3260
2876
2492
2492
3004
3260
3516
3772
4092
4348
4348
3772
3772
4092
4348
4348
4348
4604
4348
3772
3644
3900
4092
3516
3132
2876
2748
2620
2236
2108
2108
1980
1564
1244
1052
844
620
556
684
620
196
-372
-492
-260
-24
120
196
308
372
244
196
396
492
684
876
988
924
876
716
556
812
1052
1180
1116
780
588
588
684
684
716
684
524
372
196
-64
-164
120
524
924
924
716
556
924
1436
1372
716
-180
-620
-844
-1180
-1756
-2108
-2236
-2492
-2876
-3516
-3644
-3516
-3260
-3388
-3516
-3388
-3516
-4092
-4604
-4860
-4604
-4604
-5116
-5372
-5116
-5116
-5116
-5628
-5628
-5372
-4860
-4604
-4348
-4092
-3644
-3132
-2492
-1820
-1436
-1564
-1756
-1564
-1052
-588
-180
428
1244
1884
2236
2108
2364
2876
3260
3388
3644
3772
3644
3516
3772
4348
4604
4348
4348
4092
4348
4348
4092
4092
4092
4092
4092
3772
3644
3388
3260
3260
3388
3260
2876
2236
1820
1692
1500
1308
1052
844
844
748
492
308
164
24
-8
24
-32
-120
-180
-56
228
524
524
292
180
148
96
180
292
428
396
260
104
80
96
88
132
308
524
460
292
276
324
132
0
340
988
1372
988
492
340
276
260
148
180
104
-292
-924
-1244
-1116
-1116
-1436
-1628
-1756
-2108
-2620
-3132
-3132
-3132
-3388
-3900
-4348
-4348
-4604
-4604
-4348
-4092
-4092
-4604
-4860
-4860
-4860
-5116
-5116
-4860
-4348
-4092
-4092
-4092
-3900
-3516
-3260
-2748
-2236
-1884
-1692
-1372
-812
-96
396
748
1052
1436
1756
1980
2364
2748
3004
3260
3388
3516
3644
3644
3900
4092
4348
4348
4348
4348
4348
4348
4348
4348
4348
4092
3772
3644
3516
3388
3260
3132
3004
2748
2492
1980
1692
1564
1500
1436
1180
924
556
276
132
0
-180
-428
-460
-460
-372
-260
-148
148
212
324
428
308
148
-48
-64
48
276
356
324
212
104
148
88
260
228
180
16
0
64
0
244
748
1308
1052
780
620
396
196
112
244
292
180
-396
-876
-924
-988
-988
-1180
-1372
-1564
-1980
-2492
-2876
-3004
-3260
-3644
-3900
-4092
-4092
-4348
-4604
-4348
-4348
-4604
-4860
-4860
-4860
-4860
-4860
-4604
-4092
-3900
-4092
-4092
-4092
-3772
-3516
-3260
-2876
-2364
-2108
-1756
-1308
-780
-308
164
588
924
1244
1500
1884
2236
2620
3004
3132
3260
3516
3644
3772
3900
4092
4348
4348
4092
4348
4092
4348
4348
4348
4348
4092
4092
4092
4092
4092
3900
3772
3516
3132
2876
2748
2620
2492
2236
2108
1756
1308
924
588
356
244
212
164
64
-112
-228
-164
-16
132
180
132
-72
-112
-40
0
-96
-228
-196
-196
-164
-244
-260
-228
-340
-372
-460
-492
-684
-780
-556
96
684
620
396
340
492
260
-8
-64
0
16
-396
-780
-1052
-1116
-1308
-1372
-1244
-1308
-1692
-2236
-2364
-2364
-2364
-2748
-3132
-3516
-3644
-3772
-3900
-3900
-3900
-4092
-4348
-4604
-4604
-4860
-4860
-4604
-4348
-4092
-4092
-4092
-4092
-3900
-3772
-3516
-3260
-3004
-2876
-2620
-2364
-1884
-1436
-1180
-876
-460
0
396
876
1372
1820
2236
2492
2748
3004
3260
3388
3644
3900
4348
4348
4348
4348
4348
4348
4604
4604
4860
4860
4860
4860
4860
4860
4860
4860
4604
4092
3772
3516
3388
3132
3004
2748
2492
2236
1884
1564
1244
988
652
396
212
48
0
-104
-180
-148
-196
-356
-428
-620
-924
-1052
-988
-876
-924
-924
-924
-924
-924
-924
-924
-924
-876
-924
-1052
-1180
-1180
-876
-396
56
196
80
-48
-96
-16
-16
40
180
164
-148
-492
-652
-716
-748
-844
-1052
-1180
-1436
-1820
-2236
-2236
-2236
-2492
-2876
-3260
-3260
-3388
-3516
-3516
-3516
-3772
-4092
-4348
-4348
-4604
-4604
-4604
-4348
-4092
-4092
-4092
-4092
-3900
-3772
-3516
-3132
-2876
-2748
-2620
-2364
-1980
-1628
-1372
-1052
-716
-276
212
716
1308
1980
2364
2492
2620
2876
3132
3388
3644
3900
4092
4092
4092
4092
4348
4348
4348
4604
4604
4860
4860
4860
4860
5116
4860
4860
4604
4348
4092
3900
3644
3388
3004
2748
2492
2236
1980
1756
1500
1244
924
716
460
164
-32
-196
-212
-196
-308
-428
-588
-780
-924
-1052
-988
-1052
-1116
-1244
-1244
-1180
-988
-1052
-1052
-1052
-1052
-1052
-1180
-1180
-1116
-876
-620
-460
-428
-396
-340
-340
-308
-324
-244
-88
-48
-212
-396
-556
-652
-620
-716
-876
-988
-1244
-1628
-1980
-2108
-2236
-2492
-2748
-2748
-2876
-3004
-3260
-3388
-3516
-3644
-3772
-4092
-4092
-4092
-4092
-4092
-3900
-3772
-3772
-3900
-3900
-3772
-3644
-3388
-3132
-2876
-2620
-2492
-2236
-1884
-1628
-1308
-988
-652
-260
88
524
1052
1436
1756
1980
2236
2364
2620
2876
3132
3388
3644
3900
4092
4092
4092
4092
4348
4348
4604
4604
4604
4604
4860
4860
4860
4604
4348
4092
4092
3900
3644
3516
3260
3004
2748
2620
2236
1980
1692
1436
1180
988
780
524
244
16
-132
-324
-428
-524
-684
-844
-1052
-1180
-1116
-1180
-1180
-1244
-1244
-988
-988
-876
-924
-1052
-1116
-1180
-1180
-1244
-1244
-1244
-1052
-876
-716
-652
-716
-620
-556
-396
-228
-164
-104
-112
-244
-340
-428
-524
-556
-716
-844
-1052
-1244
-1500
-1756
-1884
-1884
-1884
-2108
-2236
-2364
-2492
-2620
-2748
-3004
-3260
-3388
-3516
-3516
-3516
-3644
-3644
-3644
-3644
-3644
-3772
-3772
-3644
-3516
-3260
-3132
-2876
-2748
-2492
-2108
-1820
-1500
-1180
-924
-652
-324
24
428
780
1180
1436
1628
1820
2108
2364
2620
2876
3132
3388
3644
3772
3900
4092
4092
4092
4348
4348
4348
4604
4348
4348
4348
4092
4092
4092
3900
3900
3772
3644
3516
3260
3004
2748
2364
2108
1884
1628
1372
1116
988
748
460
260
112
-40
-164
-396
-588
-748
-924
-988
-1116
-1180
-1116
-1052
-988
-924
-812
-844
-924
-924
-988
-988
-1052
-1052
-1052
-1052
-1052
-988
-988
-876
-780
-716
-620
-620
-588
-492
-324
-196
-180
-164
-164
-340
-556
-620
-716
-812
-988
-1180
-1308
-1372
-1436
-1500
-1564
-1564
-1692
-1820
-1980
-2108
-2236
-2492
-2748
-2876
-2876
-3004
-3132
-3260
-3388
-3388
-3388
-3388
-3388
-3388
-3388
-3260
-3132
-3004
-2876
-2748
-2492
-2236
-1980
-1820
-1628
-1372
-1180
-924
-556
-228
0
212
396
652
924
1244
1564
1980
2236
2620
2876
3132
3388
3516
3644
3772
3900
4092
4348
4348
4348
4348
4348
4348
4092
4092
4092
4092
4092
4092
3900
3772
3644
3516
3260
3132
2876
2620
2364
1980
1692
1372
1116
812
620
460
244
40
-164
-460
-748
-988
-1116
-1180
-1180
-1052
-1052
-1116
-1116
-1180
-1308
-1372
-1436
-1500
-1564
-1564
-1564
-1564
-1500
-1436
-1436
-1436
-1436
-1308
-1116
-988
-812
-652
-460
-340
-276
-292
-340
-428
-460
-460
-524
-524
-588
-620
-588
-460
-396
-324
-340
-396
-460
-620
-780
-1052
-1244
-1436
-1564
-1756
-1820
-1980
-2236
-2492
-2492
-2620
-2748
-2876
-3004
-3132
-3132
-3132
-3132
-3132
-3004
-3004
-2876
-2748
-2620
-2620
-2364
-2364
-2364
-2236
-1980
-1820
-1564
-1308
-1116
-876
-620
-308
32
396
716
1116
1436
1820
2236
2492
2748
3004
3388
3644
3772
3900
4092
4092
4348
4348
4348
4348
4604
4348
4348
4604
4348
4348
4348
4348
4092
4092
3772
3644
3388
3132
2748
2364
2108
1756
1436
1180
876
588
356
148
-88
-396
-652
-876
-1052
-1244
-1372
-1500
-1564
-1692
-1756
-1820
-1884
-1980
-2108
-1980
-1980
-1884
-1884
-1820
-1692
-1628
-1564
-1500
-1308
-1180
-988
-844
-716
-556
-428
-324
-196
-148
-112
-228
-356
-428
-372
-292
-212
-120
-16
56
164
260
276
228
196
164
8
-180
-396
-684
-988
-1180
-1436
-1628
-1820
-1980
-2236
-2492
-2748
-2876
-3004
-3132
-3132
-3132
-3260
-3260
-3260
-3388
-3388
-3388
-3516
-3516
-3388
-3260
-3004
-2876
-2620
-2492
-2364
-2236
-1980
-1692
-1372
-988
-524
-64
324
684
1052
1436
1820
2236
2620
3004
3260
3644
3772
4092
4348
4348
4604
4860
4860
4860
4860
4860
5116
5116
5116
4860
4860
4604
4348
4348
4092
3772
3388
3132
2748
2492
2108
1820
1500
1180
876
588
292
-40
-340
-620
-876
-1116
-1308
-1564
-1820
-1980
-2108
-2364
-2364
-2364
-2492
-2492
-2492
-2364
-2236
-2108
-1884
-1692
-1564
-1436
-1244
-1116
-988
-876
-812
-716
-556
-428
-356
-372
-356
-356
-308
-244
-148
-56
80
292
460
652
748
812
844
812
780
684
460
244
24
-276
-588
-876
-1180
-1372
-1564
-1756
-1980
-2236
-2492
-2748
-2876
-2876
-3004
-3132
-3132
-3260
-3388
-3516
-3644
-3900
-4092
-4092
-4092
-3900
-3644
-3516
-3260
-3004
-2748
-2364
-2108
-1884
-1628
-1372
-1052
-716
-396
-96
212
620
1052
1500
1884
2236
2620
3132
3388
3644
3900
4092
4348
4604
4860
4860
4860
5116
4860
4860
4860
4860
4860
4860
4604
4604
4604
4348
4092
3772
3388
3132
2748
2364
2108
1756
1436
1180
844
556
260
-8
-308
-620
-924
-1180
-1500
-1692
-1884
-1980
-2108
-2108
-2108
-2236
-2236
-2236
-2108
-1980
-1980
-1884
-1756
-1692
-1564
-1500
-1372
-1180
-1052
-924
-780
-684
-652
-652
-620
-588
-556
-524
-460
-396
-292
-212
-48
104
164
212
228
276
292
276
196
80
8
-72
-228
-396
-620
-844
-1052
-1180
-1308
-1500
-1692
-1884
-2108
-2236
-2236
-2364
-2364
-2492
-2620
-2876
-3004
-3132
-3260
-3388
-3516
-3388
-3260
-3132
-3004
-2876
-2748
-2492
-2364
-2236
-1980
-1820
-1628
-1372
-1052
-780
-428
-80
260
684
1052
1436
1756
2108
2364
2748
3004
3260
3516
3772
4092
4348
4348
4604
4604
4860
4860
4860
4860
4860
4604
4604
4604
4348
4092
3900
3644
3516
3260
2876
2620
2236
1980
1756
1564
1436
1180
812
396
8
-356
-748
-1052
-1244
-1436
-1692
-1820
-1980
-2236
-2236
-2364
-2364
-2236
-2108
-2108
-2108
-2108
-2108
-2236
-2108
-2108
-1980
-1756
-1564
-1372
-1308
-1244
-1244
-1116
-1052
-988
-924
-748
-620
-460
-340
-196
-32
56
96
164
308
356
396
396
356
276
196
80
0
-96
-196
-292
-396
-428
-588
-716
-844
-924
-1052
-1180
-1308
-1500
-1692
-1884
-2108
-2364
-2620
-2876
-2876
-2876
-2876
-2876
-2876
-2748
-2748
-2620
-2492
-2364
-2364
-2236
-1980
-1884
-1756
-1692
-1500
-1244
-924
-652
-340
-48
228
556
876
1116
1436
1756
2108
2492
2748
3004
3132
3388
3516
3772
3900
4092
4092
4092
4348
4348
4348
4348
4348
4092
4092
3772
3772
3516
3388
3260
3132
2876
2748
2620
2364
2108
1820
1500
1180
844
460
120
-196
-492
-684
-844
-1052
-1180
-1372
-1500
-1628
-1756
-1820
-1980
-1980
-1980
-2108
-2108
-2108
-2108
-2108
-2108
-1980
-1820
-1692
-1564
-1500
-1436
-1372
-1308
-1308
-1244
-1116
-1052
-924
-780
-556
-460
-372
-292
-228
-96
8
104
180
212
244
228
228
180
112
80
16
-32
-88
-180
-292
-428
-492
-556
-620
-684
-844
-1052
-1308
-1500
-1692
-1820
-1980
-2108
-2236
-2364
-2492
-2492
-2620
-2748
-2748
-2620
-2620
-2492
-2364
-2364
-2236
-2108
-1884
-1628
-1372
-1244
-1052
-924
-716
-492
-228
40
340
684
988
1308
1628
1884
2108
2364
2620
2876
3132
3388
3516
3644
3772
3772
3900
3900
3772
3772
3644
3644
3516
3516
3388
3388
3260
3132
3004
2748
2620
2364
2108
1820
1628
1308
1052
780
524
244
-24
-308
-620
-812
-988
-1116
-1244
-1308
-1436
-1564
-1628
-1692
-1820
-1884
-1980
-2108
-1980
-1980
-1820
-1756
-1692
-1628
-1564
-1500
-1372
-1180
-1052
-924
-876
-780
-620
-556
-460
-340
-244
-80
56
132
244
260
276
340
460
588
556
556
556
524
492
460
396
324
212
120
80
16
-80
-164
-308
-524
-748
-988
-1244
-1436
-1628
-1756
-1820
-1980
-1980
-2108
-2236
-2364
-2364
-2492
-2620
-2620
-2620
-2748
-2620
-2492
-2364
-2364
-2236
-1980
-1884
-1756
-1564
-1372
-1244
-988
-748
-460
-164
88
292
556
844
1116
1372
1692
1980
2236
2492
2748
3004
3260
3388
3388
3516
3516
3516
3516
3516
3516
3516
3516
3516
3516
3516
3388
3260
3132
3004
2748
2492
2236
1980
1692
1436
1244
988
684
396
80
-180
-396
-588
-748
-924
-1180
-1308
-1436
-1564
-1628
-1756
-1820
-1820
-1820
-1756
-1820
-1820
-1820
-1756
-1692
-1628
-1692
-1628
-1564
-1500
-1372
-1308
-1116
-924
-716
-524
-324
-120
24
132
212
276
324
324
372
396
396
460
492
492
460
396
308
292
324
356
372
372
324
180
16
-148
-324
-492
-684
-924
-1052
-1244
-1372
-1500
-1628
-1820
-1980
-2108
-2108
-2236
-2364
-2492
-2620
-2620
-2620
-2492
-2492
-2364
-2364
-2236
-2236
-2108
-2108
-1980
-1820
-1692
-1500
-1308
-1052
-812
-556
-308
-48
228
492
716
988
1308
1628
1884
2108
2364
2620
2748
2876
3004
3004
3132
3132
3260
3388
3516
3644
3644
3644
3644
3644
3644
3516
3388
3260
3132
2876
2748
2492
2236
1980
1692
1436
1244
1116
924
716
492
212
-8
-244
-460
-652
-844
-988
-1052
-1116
-1180
-1308
-1436
-1500
-1564
-1628
-1692
-1692
-1692
-1692
-1692
-1692
-1628
-1564
-1500
-1372
-1180
-988
-876
-780
-684
-652
-620
-588
-556
-524
-524
-492
-460
-460
-428
-372
-324
-276
-260
-244
-244
-212
-196
-180
-196
-276
-308
-428
-524
-652
-748
-844
-924
-988
-1116
-1180
-1180
-1244
-1244
-1308
-1372
-1436
-1564
-1628
-1692
-1756
-1820
-1980
-1980
-1980
-1980
-1884
-1820
-1820
-1756
-1628
-1500
-1372
-1244
-1180
-1052
-924
-684
-492
-308
-148
40
228
396
620
844
1052
1180
1436
1692
1884
2108
2108
2236
2364
2620
2748
2876
3004
3132
3388
3388
3516
3516
3516
3516
3388
3388
3260
3132
3004
2876
2620
2492
2364
2108
1980
1756
1500
1308
1052
844
652
460
260
120
-32
-212
-396
-556
-716
-924
-1052
-1244
-1372
-1500
-1628
-1692
-1756
-1756
-1820
-1820
-1820
-1756
-1756
-1692
-1564
-1372
-1244
-1180
-1116
-1052
-988
-924
-812
-780
-780
-748
-716
-652
-588
-492
-460
-428
-396
-308
-260
-228
-228
-212
-212
-212
-244
-340
-460
-556
-652
-716
-844
-924
-988
-1052
-1052
-1052
-1116
-1180
-1244
-1308
-1308
-1308
-1372
-1436
-1436
-1500
-1564
-1628
-1692
-1756
-1820
-1820
-1756
-1628
-1500
-1372
-1308
-1180
-1116
-988
-812
-652
-460
-324
-164
0
164
356
524
716
876
1052
1244
1372
1564
1692
1884
2108
2236
2492
2620
2748
2876
3004
3132
3132
3132
3132
3132
3132
3004
3004
2876
2876
2620
2492
2364
2236
2108
1980
1756
1564
1372
1244
1116
1052
844
652
460
260
16
-212
-460
-684
-924
-1052
-1180
-1308
-1372
-1500
-1500
-1564
-1564
-1564
-1564
-1564
-1564
-1564
-1628
-1564
-1564
-1564
-1564
-1436
-1372
-1244
-1180
-1116
-988
-924
-748
-620
-492
-356
-292
-180
-88
-48
8
64
104
148
196
196
196
196
212
212
148
72
0
-72
-88
-104
-132
-148
-244
-308
-428
-524
-620
-684
-780
-844
-924
-1052
-1180
-1244
-1308
-1308
-1308
-1372
-1372
-1436
-1372
-1372
-1308
-1308
-1244
-1180
-1052
-924
-812
-684
-588
-460
-356
-244
-120
-32
104
244
372
492
620
716
844
988
1116
1244
1436
1564
1756
1884
1980
1980
1980
1980
2108
2108
2108
1980
1980
1884
1820
1692
1564
1436
1308
1244
1116
924
844
748
716
652
556
428
340
196
24
-132
-308
-460
-556
-652
-684
-716
-780
-812
-924
-924
-988
-988
-988
-924
-924
-924
-844
-812
-812
-780
-780
-780
-748
-684
-652
-620
-556
-460
-324
-180
-48
48
104
120
164
164
244
276
292
308
340
356
372
372
324
260
244
228
212
228
212
212
164
104
48
-48
-148
-244
-308
-372
-428
-428
-428
-460
-460
-524
-524
-556
-620
-652
-684
-716
-748
-716
-748
-748
-716
-716
-716
-684
-652
-588
-524
-492
-396
-340
-260
-164
-88
-24
8
32
104
148
164
228
308
428
492
556
620
716
812
876
988
988
1052
1052
1116
1116
1116
1052
1052
988
924
780
652
524
460
428
428
428
396
372
308
260
212
132
64
-32
-132
-212
-260
-260
-308
-396
-428
-460
-492
-524
-492
-492
-524
-524
-524
-524
-524
-588
-620
-588
-556
-492
-428
-396
-324
-292
-276
-260
-244
-228
-148
-48
16
64
24
24
48
112
148
180
164
164
164
196
228
276
292
324
396
428
492
524
460
372
276
164
132
48
-16
-64
-104
-80
-96
-148
-196
-196
-212
-196
-180
-196
-276
-356
-372
-396
-428
-428
-460
-524
-556
-556
-588
-588
-556
-492
-428
-340
-324
-260
-196
-196
-196
-180
-164
-148
-112
-48
56
112
132
196
260
292
356
396
460
524
588
652
716
748
716
748
780
780
780
716
684
652
652
652
684
748
748
716
652
588
492
340
244
164
132
112
88
64
32
0
-40
-88
-148
-212
-260
-292
-324
-340
-340
-396
-428
-460
-524
-556
-588
-620
-620
-588
-588
-588
-588
-588
-556
-556
-524
-460
-396
-396
-340
-324
-324
-292
-292
-260
-212
-148
-112
-88
-8
16
32
96
180
260
276
308
324
340
340
292
228
196
112
40
24
-32
-132
-180
-196
-164
-120
-72
-96
-120
-132
-196
-212
-276
-292
-292
-340
-372
-396
-428
-428
-428
-460
-460
-460
-428
-356
-324
-308
-292
-276
-196
-132
-104
-56
0
64
148
228
260
276
260
260
292
340
428
492
556
652
716
780
812
876
924
924
924
876
844
780
748
716
684
716
748
716
652
588
524
492
428
396
372
356
372
356
340
260
180
132
80
24
8
-48
-132
-212
-276
-372
-460
-460
-524
-524
-524
-492
-492
-492
-492
-492
-492
-524
-524
-556
-588
-620
-620
-588
-556
-556
-556
-556
-524
-524
-460
-396
-340
-276
-260
-212
-164
-112
-48
-40
-8
40
72
104
112
132
164
164
96
64
40
-16
-32
0
32
88
96
88
48
0
-32
-80
-96
-96
-132
-148
-148
-164
-196
-212
-196
-164
-132
-80
-88
-132
-164
-212
-228
-228
-212
-228
-228
-212
-164
-120
-104
-80
-64
-40
-16
40
80
96
148
180
212
276
308
324
340
356
396
396
396
396
428
460
460
460
460
492
460
428
396
356
292
276
292
308
356
372
396
396
372
340
324
276
212
196
132
40
-32
-104
-148
-196
-196
-244
-260
-292
-292
-292
-292
-308
-340
-308
-308
-276
-276
-260
-276
-244
-228
-228
-244
-276
-260
-260
-244
-228
-196
-164
-104
-88
-56
0
32
80
104
120
148
148
132
132
132
96
48
-24
-80
-96
-80
-56
-48
-40
-8
32
48
56
24
-8
-72
-148
-212
-260
-276
-292
-260
-260
-244
-212
-212
-196
-164
-120
-32
24
0
-24
-32
-24
-8
-40
-32
-8
-16
0
-16
-16
-32
-8
8
72
148
228
324
396
428
428
428
428
396
372
396
356
340
340
356
396
372
340
276
244
228
228
244
260
244
196
180
180
180
180
164
148
120
88
64
56
0
-48
-88
-148
-196
-228
-228
-228
-228
-228
-228
-228
-244
-260
-276
-276
-292
-324
-356
-396
-428
-460
-428
-396
-396
-396
-428
-428
-428
-428
-396
-396
-356
-308
-292
-276
-244
-180
-120
-88
-80
-64
-80
-88
-56
-48
-8
24
40
80
132
120
132
164
228
276
276
292
276
244
244
260
260
212
212
212
212
180
180
180
148
148
164
196
180
180
164
164
148
88
40
8
-32
-48
-88
-112
-120
-132
-132
-148
-132
-132
-164
-148
-120
-72
-32
-24
-24
-32
-32
0
16
48
48
72
112
148
212
260
260
228
244
212
196
196
212
228
244
292
324
308
340
356
340
340
340
340
324
292
244
164
96
32
0
-40
-88
-120
-148
-132
-148
-180
-212
-228
-244
-260
-260
-292
-324
-356
-396
-428
-428
-492
-524
-524
-524
-524
-524
-524
-524
-492
-460
-428
-396
-396
-396
-292
-260
-196
-132
-96
-64
-40
-32
-24
-24
8
8
0
32
64
104
148
228
260
292
324
324
324
292
276
276
308
356
372
372
356
324
340
356
372
396
396
396
372
340
292
228
180
180
164
120
104
96
56
-8
-40
-48
-64
-88
-96
-104
-112
-104
-80
-48
-48
-56
-104
-132
-148
-132
-148
-148
-120
-104
-24
24
32
24
16
8
-8
-32
0
24
8
24
40
40
88
80
72
104
104
112
120
132
132
104
56
-8
-64
-88
-132
-164
-132
-120
-132
-148
-164
-196
-212
-228
-228
-228
-212
-228
-260
-276
-324
-340
-340
-340
-340
-324
-308
-276
-260
-276
-276
-260
-244
-244
-260
-212
-148
-80
-32
16
48
72
120
148
164
164
164
180
228
244
276
260
276
276
260
276
276
276
276
292
292
276
260
260
260
276
308
308
308
292
228
196
164
164
120
88
48
24
16
32
24
0
-8
-32
-24
-16
-32
-48
-48
-72
-80
-40
-40
-24
0
0
-8
0
0
-24
-56
-64
-96
-96
-56
-24
8
32
72
132
180
196
196
164
132
132
96
64
56
64
56
64
56
48
48
48
72
88
96
80
48
24
-16
-80
-120
-196
-260
-324
-396
-428
-428
-460
-460
-396
-396
-372
-340
-292
-308
-292
-276
-276
-292
-308
-324
-324
-340
-340
-340
-356
-356
-340
-308
-292
-276
-196
-132
-72
0
32
80
80
104
120
148
196
212
228
276
292
292
276
228
212
180
196
180
196
212
228
244
308
340
372
372
340
340
324
308
292
308
276
212
180
132
64
16
-16
-8
-40
-40
-16
-32
-56
-40
-32
-24
-40
-48
-48
-64
-72
-56
-48
-56
-72
-96
-120
-148
-180
-212
-260
-276
-276
-244
-180
-132
-96
-32
0
40
48
48
88
88
88
96
96
88
80
96
80
96
96
80
88
112
148
148
196
212
228
260
276
260
228
132
48
24
0
0
8
0
8
8
32
48
32
24
8
-16
-24
-8
-16
-16
0
0
-24
-32
-64
-104
-164
-180
-196
-228
-228
-212
-164
-132
-88
-64
-32
-16
-24
-64
-72
-64
-88
-80
-72
-72
-88
-120
-148
-180
-164
-164
-132
-80
-72
-40
16
56
80
104
132
164
132
120
88
56
16
0
-16
-24
-56
-72
-56
-8
-8
0
0
0
0
-8
-8
-48
-88
-120
-112
-96
-64
-48
-32
-48
-80
-112
-132
-132
-120
-120
-88
-72
-40
-24
-32
-40
-24
0
16
72
120
132
148
148
132
120
148
164
180
196
180
180
164
148
148
112
88
80
96
104
132
148
148
120
104
56
0
-32
-56
-56
-72
-56
-56
-64
-64
-104
-96
-80
-72
-48
-16
0
-8
-32
-48
-48
-88
-80
-72
-88
-104
-88
-80
-72
-48
8
64
104
164
196
212
196
164
120
148
164
164
164
120
80
64
24
8
8
0
0
24
64
40
64
72
64
64
48
16
-16
-40
-56
-72
-72
-64
-104
-120
-164
-212
-276
-308
-340
-324
-276
-260
-228
-180
-164
-180
-132
-104
-132
-148
-148
-148
-148
-148
-120
-88
-64
-56
-56
-56
-56
-72
-56
-16
40
104
148
180
212
228
244
260
276
276
292
260
260
244
276
276
260
260
212
164
112
72
48
40
48
40
32
40
24
16
-40
-72
-96
-148
-196
-228
-260
-276
-260
-212
-164
-148
-164
-180
-196
-212
-228
-228
-196
-164
-104
-80
-64
-72
-88
-104
-132
-112
-104
-96
-72
-40
8
48
104
132
164
196
196
180
180
164
196
212
196
228
228
180
164
112
112
164
180
212
244
244
244
260
244
228
244
212
164
104
64
24
-8
0
0
-32
-56
-88
-104
-104
-132
-132
-132
-112
-96
-72
-80
-88
-96
-120
-148
-164
-180
-212
-212
-196
-228
-180
-148
-132
-80
-64
-64
-72
-72
-72
-64
-56
-40
-16
0
24
40
64
88
88
80
80
112
88
104
132
132
148
148
120
64
40
16
16
32
8
0
0
-24
-32
-40
-88
-120
-120
-120
-104
-88
-96
-104
-112
-104
-112
-88
-120
-164
-180
-212
-196
-180
-180
-180
-164
-164
-132
-104
-96
-88
-96
-80
-72
-72
-64
-32
8
24
64
80
80
48
64
56
64
96
112
132
164
164
164
164
132
120
148
164
228
276
308
308
308
308
308
292
244
180
148
132
148
148
164
148
104
64
48
24
0
0
8
0
16
48
40
24
24
0
-56
-88
-120
-148
-180
-180
-196
-180
-132
-88
-48
-72
-88
-104
-132
-132
-132
-112
-88
-48
-48
-32
-16
-16
-40
-56
-16
-16
0
0
-8
0
0
0
0
-24
-72
-96
-132
-132
-104
-88
-72
-40
-24
-16
-32
-88
-132
-180
-180
-180
-148
-104
-72
-32
0
-16
0
-16
-56
-56
-88
-88
-88
-96
-132
-104
-56
-16
8
40
48
24
24
32
40
32
72
120
132
148
164
132
104
88
72
88
96
120
120
132
132
132
148
112
88
96
104
96
148
164
180
228
228
228
196
148
112
96
56
80
80
104
132
132
148
132
112
72
40
16
24
8
-8
0
0
-24
-24
-40
-64
-96
-132
-148
-148
-164
-164
-164
-164
-148
-132
-132
-164
-164
-164
-132
-148
-180
-164
-148
-132
-104
-96
-132
-132
-132
-132
-112
-112
-96
-96
-72
-40
8
16
0
-8
-40
-56
-72
-96
-96
-72
-48
-16
-24
-48
-80
-96
-64
-48
-32
-24
0
16
24
40
56
56
40
0
-16
-16
-16
8
8
56
88
80
80
56
72
56
64
96
112
120
112
112
112
132
104
64
48
40
24
32
64
80
64
88
112
164
164
148
148
132
132
120
132
112
112
112
112
104
88
64
16
8
16
24
40
64
72
72
80
56
32
16
-24
-40
-72
-96
-112
-148
-164
-148
-132
-132
-132
-132
-164
-212
-212
-196
-196
-196
-180
-148
-132
-148
-164
-180
-196
-180
-164
-180
-180
-180
-196
-196
-164
-148
-148
-132
-148
-112
-72
-56
-16
0
16
32
32
64
80
48
24
0
-8
0
16
32
56
112
148
164
180
148
120
132
148
164
196
212
228
260
292
292
244
196
148
132
132
164
212
244
276
308
308
292
