5.65633885870727270000000000000000e-001 4.34366114129272730000000000000000e-001 0.00000000000000000000000000000000e+000 0.00000000000000000000000000000000e+000 0.00000000000000000000000000000000e+000 
0.00000000000000000000000000000000e+000 6.75968342681194660000000000000000e-001 3.24031657318805290000000000000000e-001 0.00000000000000000000000000000000e+000 0.00000000000000000000000000000000e+000 
0.00000000000000000000000000000000e+000 0.00000000000000000000000000000000e+000 6.16992534765950280000000000000000e-001 3.83007465234049770000000000000000e-001 0.00000000000000000000000000000000e+000 
0.00000000000000000000000000000000e+000 0.00000000000000000000000000000000e+000 0.00000000000000000000000000000000e+000 7.01186320270146930000000000000000e-001 2.98813679729852900000000000000000e-001 
0.00000000000000000000000000000000e+000 0.00000000000000000000000000000000e+000 0.00000000000000000000000000000000e+000 0.00000000000000000000000000000000e+000 1.00000000000000000000000000000000e+000 
5.65633885870727270000000000000000e-001 4.34366114129272730000000000000000e-001 0.00000000000000000000000000000000e+000 0.00000000000000000000000000000000e+000 0.00000000000000000000000000000000e+000 
0.00000000000000000000000000000000e+000 6.75968342681194660000000000000000e-001 3.24031657318805290000000000000000e-001 0.00000000000000000000000000000000e+000 0.00000000000000000000000000000000e+000 
0.00000000000000000000000000000000e+000 0.00000000000000000000000000000000e+000 6.16992534765950280000000000000000e-001 3.83007465234049770000000000000000e-001 0.00000000000000000000000000000000e+000 
0.00000000000000000000000000000000e+000 0.00000000000000000000000000000000e+000 0.00000000000000000000000000000000e+000 7.01186320270146930000000000000000e-001 2.98813679729852900000000000000000e-001 
0.00000000000000000000000000000000e+000 0.00000000000000000000000000000000e+000 0.00000000000000000000000000000000e+000 0.00000000000000000000000000000000e+000 1.00000000000000000000000000000000e+000 
