7.46898817075122730000000000000000e-001 2.53101182924877270000000000000000e-001 0.00000000000000000000000000000000e+000 0.00000000000000000000000000000000e+000 0.00000000000000000000000000000000e+000 
0.00000000000000000000000000000000e+000 7.32634426339923590000000000000000e-001 2.67365573660076410000000000000000e-001 0.00000000000000000000000000000000e+000 0.00000000000000000000000000000000e+000 
0.00000000000000000000000000000000e+000 0.00000000000000000000000000000000e+000 5.59643285720025200000000000000000e-001 4.40356714279974800000000000000000e-001 0.00000000000000000000000000000000e+000 
0.00000000000000000000000000000000e+000 0.00000000000000000000000000000000e+000 0.00000000000000000000000000000000e+000 6.01752289079144800000000000000000e-001 3.98247710920855200000000000000000e-001 
0.00000000000000000000000000000000e+000 0.00000000000000000000000000000000e+000 0.00000000000000000000000000000000e+000 0.00000000000000000000000000000000e+000 1.00000000000000000000000000000000e+000 
7.21028487768904820000000000000000e-001 2.78971512231095230000000000000000e-001 0.00000000000000000000000000000000e+000 0.00000000000000000000000000000000e+000 0.00000000000000000000000000000000e+000 
0.00000000000000000000000000000000e+000 6.41864827602784960000000000000000e-001 3.58135172397215040000000000000000e-001 0.00000000000000000000000000000000e+000 0.00000000000000000000000000000000e+000 
0.00000000000000000000000000000000e+000 0.00000000000000000000000000000000e+000 5.86561712149251900000000000000000e-001 4.13438287850748040000000000000000e-001 0.00000000000000000000000000000000e+000 
0.00000000000000000000000000000000e+000 0.00000000000000000000000000000000e+000 0.00000000000000000000000000000000e+000 5.68642850457871440000000000000000e-001 4.31357149542128450000000000000000e-001 
0.00000000000000000000000000000000e+000 0.00000000000000000000000000000000e+000 0.00000000000000000000000000000000e+000 0.00000000000000000000000000000000e+000 1.00000000000000000000000000000000e+000 
