SAMPLES:	7772
BITSPERSAMPLE:	16
CHANNELS:	1
SAMPLERATE:	16000
NORMALIZED:	FALSE
0
0
0
0
0
-8
-8
-8
-8
-8
-8
-8
-8
-8
-8
-8
-8
-8
-8
-8
-16
-16
-16
-16
-16
-16
-16
-8
-16
-8
-8
-8
-8
-8
-8
-8
-8
-8
-8
-8
0
0
0
0
0
0
0
0
0
0
0
0
0
0
0
0
8
0
8
8
0
8
0
0
0
8
8
8
0
0
0
0
0
0
0
0
0
0
8
0
0
0
0
0
0
0
0
0
0
0
0
8
8
8
8
8
8
0
0
0
8
8
8
8
8
8
8
8
8
8
0
0
0
0
0
0
0
0
0
0
0
0
0
0
0
0
0
0
0
0
0
0
0
0
-8
-8
-8
-8
0
0
0
0
0
0
0
0
0
0
0
0
0
0
0
0
0
0
0
0
0
0
0
0
0
0
0
0
0
0
0
0
0
0
0
-8
-8
-8
-8
0
0
0
0
0
-8
-8
-8
0
-8
0
0
-8
-8
0
0
0
0
0
0
0
0
0
0
0
0
0
0
0
0
0
0
0
0
0
0
0
0
0
0
0
0
0
0
0
0
8
8
8
0
0
0
0
0
0
0
0
0
0
0
0
0
0
0
0
0
0
0
0
0
0
0
0
0
0
0
0
0
0
0
0
0
0
0
8
0
0
0
0
0
0
0
0
0
0
8
8
8
8
8
8
8
8
8
8
8
8
8
8
8
8
8
8
8
8
0
0
0
8
8
8
8
8
0
0
0
0
0
0
0
0
0
0
0
0
0
0
0
0
0
0
0
0
0
0
0
0
0
0
0
-8
0
0
0
0
0
-8
0
-8
-8
-8
0
0
-8
-8
-8
-8
-8
-8
-8
-8
-8
-16
-8
-16
-8
-16
-16
-16
-16
-16
-16
-16
-16
-16
-16
-16
-16
-16
-24
-16
-16
-16
-16
-16
-16
-16
-16
-8
-8
-8
-8
-8
-8
-8
-8
-8
-8
-8
0
0
0
0
0
0
0
0
0
8
8
8
8
8
8
8
8
16
16
16
16
16
16
16
16
24
24
24
24
24
24
16
24
24
24
24
16
16
24
16
16
16
16
16
16
16
16
16
16
16
16
8
16
8
16
16
16
16
8
8
8
8
8
8
0
0
0
8
0
0
0
0
0
0
0
0
0
0
0
0
0
0
0
0
-8
-8
-8
-8
-8
-8
-8
-8
-16
-16
-16
-24
-24
-24
-24
-24
-24
-24
-24
-24
-24
-24
-24
-24
-32
-32
-24
-24
-24
-24
-24
-24
-16
-16
-16
-16
-16
-8
-8
-8
-8
-8
-8
-8
0
0
0
0
-8
0
0
0
0
0
0
0
8
8
8
8
8
8
8
8
8
8
8
8
8
8
8
16
16
16
16
16
16
16
16
16
16
16
16
16
8
16
16
16
16
16
16
16
16
16
16
8
16
8
8
16
8
16
8
8
8
8
0
0
0
0
0
0
0
0
8
0
0
0
0
0
0
0
0
0
0
0
0
0
-8
-8
-8
-8
-8
-16
-16
-16
-8
-8
-8
-8
-8
-8
-8
-8
-8
-8
-8
-16
-8
-8
-8
-8
-8
-8
-8
-8
0
0
0
0
0
0
0
0
0
0
0
0
0
0
0
0
0
0
0
0
0
0
0
0
0
0
0
0
0
0
0
0
0
0
0
0
0
0
0
0
0
0
0
0
0
0
0
0
-8
0
0
0
0
0
0
0
-8
-8
-8
-8
-8
0
0
0
0
0
0
0
0
0
0
0
0
0
0
0
0
0
0
0
0
0
0
0
0
0
0
0
0
0
0
0
0
0
0
0
8
0
0
8
0
0
8
8
8
8
0
0
0
0
0
8
8
16
16
16
16
16
16
16
16
16
8
8
8
16
16
16
16
16
8
8
16
16
16
16
16
16
16
16
16
16
16
16
16
16
8
16
8
8
8
0
0
0
0
0
0
0
0
0
0
0
0
-8
-8
-8
-8
-8
-8
-8
-8
-8
-16
-16
-16
-16
-16
-16
-16
-16
-16
-16
-24
-16
-24
-24
-24
-16
-16
-16
-16
-16
-16
-16
-16
-16
-16
-16
-16
-24
-24
-24
-24
-24
-16
-16
-16
-8
-8
-8
-8
-8
-16
-8
-8
0
0
0
0
0
0
0
0
-8
0
0
0
0
0
0
0
0
0
0
0
0
0
0
0
8
8
8
8
8
8
8
8
16
8
16
8
8
8
8
8
8
8
16
16
16
16
8
8
8
8
8
16
16
16
16
16
16
8
16
8
8
16
16
16
16
16
8
8
8
16
8
8
8
8
8
8
8
8
8
0
8
0
0
0
0
0
0
0
0
0
0
0
0
0
0
0
0
0
0
-8
-8
-8
-8
-8
-8
-8
-8
0
-8
-8
-8
-8
-8
-8
-8
-8
-8
-8
-8
-8
-8
0
-8
-8
-8
-8
0
0
0
0
0
0
0
-8
-8
0
-8
-8
-8
0
-8
-8
-8
-8
0
0
0
0
0
0
0
0
0
0
0
0
0
0
0
0
0
0
0
0
0
0
0
0
0
0
0
0
0
0
0
0
0
0
0
0
0
0
0
0
0
0
0
0
0
0
0
0
8
8
8
8
8
0
0
8
0
0
8
0
0
0
0
0
0
0
0
0
0
0
0
0
0
0
0
0
0
0
0
0
0
0
0
0
0
0
0
0
0
0
0
0
0
0
0
0
0
0
0
0
0
0
0
0
8
8
8
0
0
8
8
8
0
0
0
8
8
0
8
8
8
8
0
8
16
8
8
8
16
8
8
8
8
8
8
8
0
0
0
0
0
0
0
0
0
0
0
0
0
0
0
0
0
0
0
0
0
-8
-8
-8
-16
-16
-16
-8
-16
-16
-16
-8
-8
-16
-16
-16
-16
-24
-32
-32
-32
-24
-24
-32
-24
-24
-24
-24
-24
-24
-16
-24
-24
-24
-24
-32
-32
-24
-24
-24
-24
-16
-16
-16
-24
-16
-8
-16
-16
-8
0
0
0
0
0
0
0
0
0
8
16
8
8
16
24
24
24
24
32
32
32
32
32
40
32
32
32
32
24
32
32
32
32
32
32
32
32
32
32
32
24
16
24
24
24
16
8
8
8
8
8
16
24
16
8
8
16
8
8
8
16
24
16
8
8
8
0
0
0
16
16
8
0
0
8
8
8
16
24
24
16
8
8
8
0
0
0
0
0
-16
-16
-8
-16
-24
-32
-40
-48
-64
-64
-56
-56
-64
-72
-80
-72
-56
-48
-56
-64
-72
-72
-64
-64
-64
-48
-40
-48
-72
-80
-64
-40
-32
-40
-48
-48
-56
-64
-56
-24
-16
-40
-64
-56
-24
-16
-32
-32
-8
0
-8
-8
0
32
32
24
32
72
88
80
80
120
148
148
132
148
196
212
212
212
228
228
196
180
180
196
180
148
132
132
96
40
8
24
32
0
-32
-56
-72
-88
-112
-132
-120
-132
-164
-196
-196
-180
-180
-180
-180
-164
-164
-164
-164
-148
-112
-104
-104
-112
-112
-104
-104
-88
-80
-72
-72
-80
-72
-64
-56
-48
-48
-56
-40
-56
-56
-32
0
8
16
16
16
24
16
32
80
120
132
132
132
148
164
180
212
260
260
244
228
260
372
460
492
428
372
356
356
292
244
292
372
372
212
32
-40
-56
-104
-196
-260
-276
-340
-396
-460
-492
-492
-524
-556
-524
-492
-492
-524
-524
-428
-324
-260
-260
-244
-196
-132
-40
56
112
96
56
64
132
180
164
148
148
164
180
148
88
56
72
64
32
8
0
-24
-64
-80
-56
-24
-24
-48
-72
-72
-56
-56
-48
-16
0
-32
-72
-88
-80
-72
-48
-40
-56
-56
-72
-88
-88
-80
-48
-48
-56
-80
-104
-64
0
32
8
-16
16
88
164
212
308
556
780
780
588
524
748
988
1052
876
844
924
876
652
492
492
524
356
64
-112
-132
-196
-372
-524
-588
-652
-812
-924
-924
-876
-924
-988
-988
-924
-812
-748
-684
-556
-428
-324
-164
-48
0
-56
-48
88
228
276
164
56
40
88
148
180
180
132
24
-72
-120
-104
-64
-64
-88
-88
-104
-180
-228
-212
-120
-24
-40
-56
-72
-88
-88
-48
24
40
32
-16
-48
-24
0
8
-16
-40
-64
-72
-56
-40
-64
-48
-56
-24
-72
-164
-148
-64
164
308
356
372
524
844
1116
1308
1244
1052
844
780
988
1308
1564
1564
1180
716
276
0
-96
8
132
0
-460
-1052
-1372
-1436
-1308
-1244
-1372
-1564
-1692
-1756
-1692
-1564
-1436
-1308
-1308
-1116
-844
-620
-492
-372
-112
196
428
356
120
0
164
492
748
780
588
324
196
228
396
588
588
428
180
112
148
212
244
260
356
396
340
180
120
196
324
460
524
396
148
-40
-72
32
164
196
72
-180
-396
-460
-460
-460
-428
-428
-460
-492
-524
-524
-524
-492
-396
-372
-396
-308
-112
148
340
652
1436
2236
2620
2492
2108
2236
2236
2236
2364
3004
3516
3260
2108
1052
716
748
492
260
120
-196
-1052
-2108
-2620
-2620
-2492
-2492
-2876
-3004
-3388
-3644
-3644
-3260
-2748
-2364
-2492
-2492
-2236
-1692
-1180
-652
-164
16
-48
-180
-72
120
292
492
652
748
620
244
-96
-112
132
340
396
276
-72
-396
-492
-212
148
428
460
292
120
40
180
492
844
924
748
428
196
260
428
588
684
588
228
-16
-164
-244
-276
-396
-428
-524
-748
-924
-988
-844
-684
-684
-780
-780
-684
-524
-492
-396
40
588
924
924
1372
2748
4092
4860
4348
3516
3132
2748
3004
3644
4860
5372
4348
2620
1116
460
120
-16
244
396
-260
-1820
-3388
-3772
-3388
-2876
-2748
-3260
-3900
-4348
-4604
-4092
-3388
-2876
-2876
-3132
-2876
-2236
-1692
-1244
-684
-32
396
308
-64
-180
16
396
876
1308
1372
844
104
-164
396
1116
1116
460
-212
-308
-104
16
212
492
620
308
-32
-56
132
212
164
356
620
652
196
-372
-460
-112
356
556
492
244
-180
-492
-428
-80
112
-112
-556
-924
-988
-876
-748
-620
-524
-492
-620
-780
-620
-148
460
748
556
396
588
1308
2364
3900
5116
5628
5116
4092
3132
2876
3388
4604
5884
6396
5116
2748
876
356
492
556
396
180
-492
-1884
-3388
-4348
-4348
-3644
-3516
-3900
-4604
-5116
-5628
-5372
-4348
-3516
-3260
-3900
-4092
-3900
-3004
-1884
-988
-556
-716
-988
-1180
-988
-460
164
748
988
876
396
-16
-148
72
620
1052
876
72
-748
-812
-112
652
924
780
396
-180
-556
-428
276
988
1116
716
228
0
-120
-88
212
684
876
620
80
-372
-460
-112
308
556
524
120
-356
-588
-460
-80
244
340
244
48
-132
-244
-228
120
780
1308
1372
988
844
1116
2108
3900
5372
6140
5372
4348
3644
3388
3516
4348
6140
7164
6140
3772
1436
396
492
780
812
620
-40
-1436
-3132
-4348
-4348
-3900
-3516
-3772
-4348
-5116
-6140
-6140
-5372
-4092
-3388
-3772
-4348
-4348
-3516
-2492
-1372
-652
-428
-652
-1052
-1180
-684
40
588
1116
1500
1436
620
-340
-524
244
1180
1372
716
-148
-780
-1052
-748
72
844
812
-148
-1180
-1500
-1116
-396
324
684
308
-524
-1244
-1436
-780
196
844
748
196
-492
-924
-780
-132
684
988
684
164
-324
-492
-308
132
524
492
212
-148
-340
-164
132
460
716
812
844
620
556
924
1820
3004
4092
4860
5372
5628
5116
4092
3516
3772
4860
5884
6396
5884
4092
2108
524
260
556
812
620
-212
-1500
-3132
-4348
-4860
-4348
-3772
-4092
-4860
-5884
-6396
-6140
-5628
-4860
-4348
-4092
-4092
-3772
-3004
-2236
-1436
-324
812
1116
372
-620
-324
1052
2236
2748
2876
2876
1884
-16
-780
684
2876
3004
1180
-460
-988
-876
-844
-164
812
684
-1052
-3004
-3132
-1756
-588
-428
-748
-1052
-1628
-2364
-2236
-1180
428
1116
716
-32
-652
-988
-876
132
1564
2108
1372
-40
-716
-460
228
844
988
684
-80
-812
-1116
-652
-8
324
372
180
-40
-244
-260
228
1116
2236
2876
3388
4348
4860
5628
5628
5372
5116
4604
4604
5372
6652
6908
5884
3900
2108
1052
492
212
276
164
-620
-2236
-4092
-5116
-5116
-4860
-4604
-4860
-5628
-6652
-6908
-6652
-5884
-4860
-4604
-4348
-3900
-3132
-2620
-2108
-1436
-396
684
1180
988
556
324
780
1692
2876
4092
4092
2364
132
-308
1372
2364
1692
396
164
132
-1116
-2620
-2236
-428
148
-1500
-3132
-3388
-2620
-2748
-2364
-748
356
-780
-3004
-3132
-988
1116
1692
1180
780
396
-96
-96
988
2620
3004
1980
780
396
396
88
72
780
1180
356
-1052
-1820
-1372
-372
396
684
524
96
-292
-228
492
1564
2364
2236
1692
1436
1820
2620
3644
5116
6396
6908
6396
5372
4604
3900
3772
4604
5884
6908
5884
3516
1244
-80
-492
-748
-844
-876
-1308
-2620
-4604
-5884
-6140
-5372
-4604
-4348
-5116
-6140
-7164
-6908
-5372
-3900
-3388
-3644
-3900
-3516
-2748
-1980
-1180
-276
620
1180
1180
620
-24
-180
396
1628
2748
2748
1884
620
80
276
652
924
748
72
-1244
-2236
-1980
-1308
-1052
-1692
-2236
-2364
-2492
-2620
-2492
-1436
-164
260
-324
-876
-748
-396
88
844
1884
2364
1756
684
180
588
1436
1884
1820
1372
684
-164
-620
-372
64
244
-132
-812
-1244
-1372
-1244
-684
56
524
492
276
196
556
1244
1980
2364
2492
2364
1980
1756
1980
3132
4604
5884
6140
5884
5628
5116
4604
3900
3772
4348
5372
5628
5116
3260
1180
-164
-396
-96
-24
-620
-1692
-2748
-3772
-4604
-4860
-4604
-4348
-4092
-4604
-5372
-6140
-5884
-5116
-4092
-3644
-3516
-3644
-3516
-2876
-1980
-1116
-340
180
428
276
-244
-652
-588
244
1244
1756
1436
716
180
180
164
-148
-260
-212
-556
-1372
-1820
-1308
-524
-924
-1980
-2364
-1692
-1180
-1564
-1756
-988
-180
-372
-924
-588
40
0
-356
276
1628
2236
1564
524
104
428
1116
1564
1564
1180
492
-260
-556
24
492
8
-780
-924
-652
-748
-1052
-780
-132
148
72
32
120
292
652
1244
1756
1980
1980
1756
1756
2236
3388
4860
5884
6140
5884
5372
5116
5116
4604
4348
4604
5884
6396
5372
3132
1180
428
196
-132
-556
-780
-1180
-2364
-3900
-5116
-5372
-4860
-4348
-4348
-4860
-5884
-6652
-6396
-5372
-4348
-4092
-4348
-4348
-3516
-2620
-1980
-1628
-988
-260
228
212
-164
-652
-620
148
1372
2236
2108
1180
524
460
620
556
212
112
104
-276
-652
-684
-684
-1180
-1980
-2108
-1308
-716
-1052
-1372
-1052
-524
-524
-716
-88
812
988
460
396
1244
2108
2236
1500
812
620
780
1244
1564
1436
780
-164
-748
-652
-396
-652
-1244
-1436
-1436
-1500
-1564
-1436
-1052
-620
-324
-64
196
460
684
1052
1692
2364
2620
2492
2364
2748
4092
5628
6396
6396
5884
5628
5884
5884
5116
4348
4604
5884
6396
5116
2876
988
324
148
-292
-924
-1372
-1756
-2620
-4092
-5372
-5884
-5628
-4860
-4348
-4860
-6140
-6908
-6652
-5116
-4092
-4092
-4604
-4604
-3772
-2748
-1980
-1436
-1052
-684
-428
-396
-556
-716
-652
-56
924
1500
1180
428
-8
8
260
396
356
164
-260
-780
-748
-164
48
-652
-1628
-1564
-684
-244
-524
-684
-228
104
-244
-428
324
1372
1308
556
588
1628
2236
1820
1052
620
620
748
924
1052
652
-72
-716
-812
-428
-396
-924
-1628
-1756
-1308
-1052
-1116
-1180
-988
-556
-80
556
1052
1116
1116
1436
2236
2620
2620
2748
3004
3900
5116
6140
6652
6140
5628
5628
5372
5116
4604
4860
5884
6140
5116
2876
1436
1052
716
-56
-684
-876
-1052
-2108
-3772
-5116
-5372
-4604
-4092
-4092
-4860
-6140
-6908
-6396
-5116
-4092
-4348
-4860
-4860
-4092
-3260
-2748
-2108
-1500
-988
-844
-876
-876
-924
-844
-356
556
1308
1244
524
-80
164
1116
1692
1308
356
-228
-340
-292
-132
340
620
-112
-1436
-2108
-1500
-460
-16
-120
-324
-652
-1244
-1308
-324
876
1180
524
292
780
1116
844
556
780
988
876
492
16
-260
-428
-460
-356
-372
-780
-1628
-2236
-1884
-1052
-524
-716
-924
-716
-428
-88
460
1052
1372
1308
1244
1500
1980
2620
3388
4348
5116
5628
5628
5628
6140
6140
5372
4348
4860
6140
7164
5884
3900
2492
2236
1980
1052
260
228
244
-812
-2748
-4092
-4604
-4348
-3772
-3900
-4604
-6140
-7164
-6652
-5628
-4604
-4860
-5372
-5116
-4604
-3900
-3388
-2748
-1756
-1052
-844
-924
-876
-716
-428
228
1180
1756
1692
1116
748
924
1628
2108
1980
1116
308
-80
-180
-64
196
396
80
-924
-1980
-2108
-1244
-396
-244
-620
-988
-1052
-876
-372
260
748
748
716
1116
1372
1244
844
876
1372
1756
1500
716
0
-148
24
292
340
-40
-924
-1756
-1980
-1564
-1116
-1180
-1436
-1564
-1372
-988
-716
-396
-48
212
428
556
924
1500
2364
3516
4604
5116
5116
5116
5372
5372
4860
4348
5116
6652
7164
5884
3900
2876
2876
2492
1692
988
924
652
-748
-2748
-4092
-4348
-3900
-3644
-4092
-5116
-6396
-7420
-6652
-5628
-4860
-5116
-5628
-5372
-4860
-4092
-3516
-2620
-1628
-1052
-924
-844
-652
-428
-40
588
1436
1980
1980
1436
924
1180
1820
2236
1756
556
-276
-132
396
492
260
164
-228
-1180
-1980
-1756
-492
292
-56
-876
-1180
-924
-588
-132
460
844
652
292
524
1308
1884
1692
1372
1372
1436
1372
1116
924
924
780
356
-40
-428
-876
-1372
-1564
-1180
-924
-1308
-1884
-1980
-1564
-1116
-812
-620
-492
-428
-372
-32
684
1692
2748
3644
4348
5116
4860
4092
3132
3004
4860
7164
7932
6908
4860
3516
3004
2876
2876
3388
4092
3132
524
-2236
-3388
-2492
-1180
-924
-2492
-4860
-6652
-7164
-6396
-5116
-4348
-4604
-6140
-6908
-6652
-5372
-4092
-3388
-3004
-2876
-2492
-1980
-1884
-1884
-1308
88
1564
2108
1436
652
716
1564
2492
3004
2620
1692
556
96
716
1756
1884
748
-588
-1244
-1244
-924
-684
-428
-460
-1052
-1628
-1756
-1308
-780
-588
-492
-244
24
48
-40
180
812
1372
1564
1372
1180
1052
988
1180
1564
1628
988
40
-588
-684
-492
-428
-588
-924
-1372
-1628
-1756
-1628
-1308
-1180
-1180
-1116
-924
-748
-588
-16
988
2108
3004
3644
4348
4604
4348
3900
3644
4348
5884
6908
7164
6396
5116
4092
3388
3132
3132
3260
3004
2108
356
-1500
-2492
-2492
-1980
-1980
-3004
-4604
-6396
-6908
-6396
-5628
-4860
-5116
-5884
-6396
-6140
-5116
-4092
-3132
-2620
-2236
-1820
-1628
-1500
-1244
-588
492
1564
2236
1980
1500
1500
1980
2620
2876
2620
1820
844
340
620
1500
1756
924
-372
-1372
-1436
-1180
-748
-396
-428
-988
-1884
-2108
-1308
-356
48
-180
-372
-292
72
556
988
1308
1244
988
876
1116
1436
1564
1308
1116
924
588
-72
-556
-652
-684
-716
-812
-1052
-1372
-1692
-1628
-1372
-1116
-924
-924
-1116
-1308
-1180
-492
556
1436
1980
2236
2876
3900
4604
4092
3132
3004
4348
6140
6908
6140
5372
4604
4092
3260
2748
3132
3772
3388
1564
-620
-1980
-1980
-1564
-1372
-1980
-3516
-5372
-6396
-6396
-5628
-5116
-5372
-5884
-6396
-6396
-5884
-5116
-4604
-4092
-3388
-2748
-2108
-2236
-2620
-2364
-1180
556
1564
1372
556
180
1116
2620
3516
3132
2236
1500
1372
1436
1564
1980
2364
1884
524
-556
-524
164
524
356
-40
-356
-844
-1308
-1052
-120
556
196
-492
-556
-16
428
716
1052
1180
1052
716
588
924
1308
1436
1308
1116
876
460
-32
-148
212
396
80
-524
-924
-1052
-1052
-876
-652
-588
-812
-1244
-1372
-1052
-492
0
460
924
1372
1500
1692
2492
3644
4348
3772
3004
3260
4604
5628
5628
5116
5116
4860
4092
2748
2108
2492
3132
3004
1500
-356
-1980
-2492
-2236
-1884
-2236
-3644
-5372
-6396
-6396
-5884
-5628
-5628
-5884
-6396
-6652
-6140
-5628
-4860
-4348
-3644
-2876
-2364
-2364
-2620
-2236
-924
652
1436
1308
924
1180
2108
2876
3004
2620
2492
2492
2236
1980
2108
2492
2236
1116
132
88
620
588
-8
-428
-396
-556
-1052
-1180
-684
-308
-524
-684
-244
356
620
460
524
924
1180
1180
1308
1564
1692
1500
1308
1436
1564
1244
556
196
260
276
-24
-460
-812
-924
-1052
-1052
-844
-924
-1308
-1500
-1308
-780
-340
-228
-72
396
1052
1372
1436
1884
3132
4604
4860
4092
3132
3260
4604
5628
5884
5628
5372
4604
3644
2236
1692
2364
3260
3004
924
-1500
-2876
-2876
-2108
-1820
-2492
-4092
-5628
-6652
-6396
-5628
-5116
-5372
-5884
-6396
-6140
-5372
-4860
-4604
-4092
-3260
-2236
-1820
-2108
-2620
-2236
-844
812
1628
1244
652
748
1372
1980
2236
2364
2620
2108
1500
1436
1980
2236
1372
340
132
588
524
-112
-372
-132
-148
-588
-716
-212
0
-492
-812
-228
684
812
372
212
556
924
876
812
988
1116
924
684
844
1116
924
276
-104
0
56
-292
-684
-716
-652
-812
-924
-780
-620
-684
-812
-748
-524
-180
72
308
556
924
1372
1564
1756
2108
3132
4348
4860
4092
3132
2748
3900
5372
5628
5372
4860
4604
3900
2492
1436
1980
3388
3388
1436
-1116
-2620
-2492
-1756
-1244
-1628
-2876
-4604
-5884
-6140
-5372
-4604
-4604
-5116
-5628
-5628
-5372
-5116
-4860
-4348
-3516
-2620
-2364
-2876
-3388
-3388
-2108
-324
652
340
-276
-196
748
1756
1980
1980
2108
2108
1756
1756
2364
2748
2236
1372
988
1436
1500
748
196
492
748
260
-292
-356
-104
-292
-524
-244
180
64
-372
-524
-180
104
64
-88
-72
196
340
260
120
56
-8
-292
-492
-292
-80
-292
-780
-844
-556
-340
-308
-244
-212
-372
-492
-396
-112
112
212
396
556
812
1244
1692
1820
1884
2364
3388
4348
4348
3516
2748
3004
4348
5628
5628
5116
4604
4348
3644
2364
1980
2876
3772
3004
684
-1308
-1820
-1308
-844
-1052
-1980
-3260
-4604
-5372
-5372
-4860
-4604
-4860
-5628
-5884
-5628
-5628
-5628
-5372
-4860
-3772
-3260
-3388
-4092
-4092
-3388
-1756
-104
428
24
-260
96
988
1756
2364
2748
2748
2364
1980
2236
2748
2876
2364
1820
1980
1980
1116
260
196
748
924
588
96
-340
-812
-988
-396
460
556
-308
-1180
-1308
-716
48
356
56
-396
-588
-428
-212
-104
-32
-120
-396
-652
-684
-652
-780
-780
-460
-180
-308
-620
-716
-620
-356
-16
196
164
16
164
556
988
1500
1884
1980
1756
1692
2620
3772
4604
4604
3900
3516
3772
4604
5372
5372
5116
4860
4604
3388
1980
1884
2876
3644
2876
780
-1116
-1820
-1436
-1052
-1116
-1980
-3260
-4604
-5372
-5372
-4860
-4348
-4604
-5372
-5628
-5628
-5372
-5372
-5116
-4348
-3388
-3004
-3260
-3772
-3900
-3004
-1500
-396
-80
-260
-292
-88
212
988
1980
2620
2108
1308
1372
2108
2492
1884
1372
1692
1980
1436
428
164
748
988
652
228
40
-260
-812
-684
164
652
32
-988
-1436
-844
-64
212
-180
-716
-844
-524
-292
-356
-492
-556
-684
-748
-684
-524
-556
-684
-556
-180
-8
-196
-396
-340
-48
276
524
588
460
524
876
1244
1500
1884
2236
2364
2236
2492
3260
4092
4860
4604
4348
3772
3644
4092
4860
5116
4860
4348
3900
2876
1980
1628
2108
2492
2108
684
-1052
-2108
-2108
-1692
-1628
-2236
-3132
-4092
-4860
-5116
-4860
-4348
-4348
-4604
-5116
-5116
-5116
-5116
-4860
-4348
-3388
-3004
-3260
-3644
-3644
-3132
-1980
-716
8
-72
-588
-748
-8
1180
1884
1756
1372
1564
1980
1756
1116
988
1820
2492
1980
924
492
748
924
876
876
924
620
-244
-716
-276
428
556
40
-460
-492
-308
-196
-276
-428
-428
-180
-48
-324
-684
-716
-340
-112
-308
-524
-588
-556
-492
-228
56
40
-196
-428
-292
48
396
524
524
620
780
924
1052
1244
1692
2108
2492
2620
2620
2876
2876
3004
3388
4092
4348
4092
3260
2876
3004
3388
3388
3004
2620
2236
1756
1116
588
556
716
372
-460
-1308
-1756
-2108
-2364
-2620
-2876
-3004
-3260
-3772
-4092
-4348
-4092
-3772
-3772
-4092
-4092
-3900
-3644
-3516
-3388
-3132
-2620
-2236
-1980
-1756
-1564
-1372
-1116
-684
-292
-148
-48
196
556
620
460
396
492
684
780
716
588
524
524
620
780
748
556
396
428
684
924
924
684
524
588
844
1244
1436
1116
812
652
748
876
876
652
324
460
524
356
212
132
32
-40
48
-48
-212
-308
-492
-620
-460
-308
-228
-132
-148
-180
-56
260
556
684
812
924
1180
1436
1628
1884
2108
2236
2236
2364
2492
2492
2620
2492
2364
2236
2108
1980
1756
1372
1116
988
812
524
180
-212
-556
-748
-844
-924
-1180
-1500
-1756
-1980
-1980
-1980
-1980
-2236
-2492
-2492
-2492
-2364
-2236
-2108
-2108
-1980
-1820
-1692
-1500
-1500
-1436
-1372
-1116
-876
-748
-844
-1052
-1052
-876
-716
-716
-876
-988
-1052
-988
-748
-620
-556
-652
-748
-716
-524
-228
-88
-104
-48
148
492
780
876
844
844
988
1244
1436
1500
1436
1244
1180
1244
1308
1436
1372
924
588
492
556
524
292
0
-120
-48
-88
-228
-356
-556
-684
-588
-396
-212
-212
-292
-308
-132
244
556
620
556
588
876
1244
1500
1692
1756
1692
1692
1820
1980
1980
1884
1756
1692
1564
1436
1308
1116
988
876
716
460
164
-88
-292
-372
-460
-556
-684
-844
-1052
-1180
-1116
-988
-924
-988
-1116
-1308
-1308
-1244
-1116
-988
-988
-988
-988
-876
-748
-652
-684
-780
-652
-428
-372
-556
-780
-876
-812
-652
-652
-748
-924
-988
-924
-812
-748
-748
-748
-780
-652
-556
-492
-460
-460
-396
-212
-24
64
104
148
228
260
276
396
556
652
524
356
324
396
460
428
396
324
228
164
72
-32
-148
-244
-276
-164
-132
-260
-428
-524
-460
-260
-88
-88
-64
-56
-8
104
308
524
620
684
812
988
1116
1244
1244
1436
1564
1564
1564
1564
1628
1756
1820
1756
1628
1564
1372
1180
1052
988
844
588
356
132
-32
-196
-260
-324
-396
-524
-716
-876
-924
-924
-876
-924
-988
-1116
-1180
-1180
-1052
-924
-812
-780
-844
-844
-716
-492
-308
-164
-56
-48
-48
-8
-24
-24
-16
0
56
8
-56
-212
-308
-228
-120
-48
-120
-260
-372
-396
-372
-340
-324
-356
-492
-524
-428
-340
-260
-196
-244
-260
-244
-228
-132
-40
-40
-132
-196
-164
-72
-32
-96
-212
-292
-356
-460
-556
-588
-588
-588
-620
-620
-684
-748
-812
-748
-620
-492
-372
-308
-292
-212
-8
164
308
460
524
620
844
1116
1372
1436
1372
1372
1436
1564
1628
1692
1564
1436
1372
1180
1052
924
812
716
588
372
180
72
-24
-64
-148
-356
-556
-652
-652
-620
-652
-716
-748
-748
-716
-652
-556
-428
-324
-212
-132
-32
0
0
88
228
372
460
460
396
324
292
340
428
460
356
212
48
-16
0
0
-64
-164
-228
-244
-260
-292
-356
-396
-308
-196
-132
-212
-340
-372
-228
-72
32
148
132
24
40
132
228
244
88
0
-16
-56
-16
0
-148
-340
-460
-492
-460
-492
-556
-684
-780
-780
-812
-844
-844
-876
-844
-748
-588
-460
-428
-460
-396
-228
-8
88
148
180
276
460
620
588
556
556
620
684
716
716
716
684
588
492
372
292
228
260
308
260
112
-56
-132
-180
-164
-132
-104
-64
-88
-212
-212
-72
120
244
292
212
88
48
148
356
460
492
308
196
212
276
308
308
260
212
148
56
56
8
-88
-112
-180
-260
-340
-460
-556
-556
-460
-396
-428
-492
-492
-460
-372
-356
-292
-196
-132
-148
-244
-244
-72
132
340
372
244
132
164
292
428
460
372
308
324
356
428
428
340
276
244
228
164
64
-16
-48
-16
72
64
-64
-196
-276
-244
-148
-32
0
-88
-164
-212
-180
-196
-244
-212
-148
-132
-164
-212
-276
-244
-104
-16
-24
-64
-112
-164
-148
-88
-48
-32
-8
-8
-72
-56
-8
24
96
120
104
80
80
104
120
104
40
32
64
32
-64
-148
-148
-64
24
112
88
32
-16
-24
56
132
148
148
164
196
180
148
104
56
-8
-40
-48
-56
-112
-164
-164
-180
-132
-64
-104
-164
-164
-196
-164
-180
-212
-180
-120
-96
-96
-96
-8
96
180
212
228
228
180
228
340
428
460
460
460
428
396
428
396
372
340
260
164
104
8
-56
-148
-212
-212
-276
-428
-620
-716
-716
-684
-588
-620
-748
-780
-716
-588
-428
-324
-276
-228
-212
-164
-104
-40
112
276
396
372
260
244
356
524
556
428
292
276
276
292
276
276
260
260
260
212
180
112
40
-16
-48
-24
16
0
-40
-80
0
48
88
104
112
132
164
260
324
324
228
196
180
244
324
276
132
-48
-96
0
112
72
-96
-324
-428
-340
-212
-164
-260
-356
-308
-244
-228
-260
-292
-196
-48
88
96
48
-24
-40
96
292
356
340
244
164
276
396
460
428
260
96
16
24
56
48
-56
-244
-372
-460
-524
-524
-556
-620
-684
-780
-876
-876
-876
-812
-716
-620
-524
-492
-524
-492
-356
-148
24
96
-16
-80
-48
80
324
492
556
428
244
244
396
460
492
460
340
276
228
196
244
228
196
180
180
56
-24
-56
-40
16
56
40
-24
-32
8
64
132
228
196
164
120
132
212
244
292
340
308
196
112
132
212
260
196
96
16
-40
32
164
180
72
-64
-120
-32
104
180
104
0
-48
0
64
56
32
56
164
292
340
324
308
292
356
524
588
492
396
308
276
356
460
460
324
112
-16
-40
8
-8
-148
-308
-428
-492
-524
-556
-684
-748
-812
-844
-876
-924
-988
-1052
-1052
-924
-780
-684
-684
-684
-620
-492
-292
-180
-212
-228
-164
8
196
276
212
148
56
64
180
292
324
276
164
164
212
276
308
260
180
196
180
180
180
132
72
64
148
196
164
96
80
196
308
396
324
180
120
164
260
356
396
308
196
88
88
148
180
132
8
-132
-260
-260
-212
-180
-196
-244
-260
-244
-244
-260
-356
-396
-324
-180
-96
-148
-244
-228
-96
80
228
244
180
196
308
396
460
524
524
524
556
524
524
556
588
588
460
308
244
244
260
164
32
-48
-180
-228
-276
-324
-356
-492
-588
-588
-620
-716
-748
-748
-556
-396
-356
-396
-428
-372
-260
-132
-64
-16
-32
-16
0
48
132
164
196
212
212
148
96
132
212
244
260
244
228
148
112
104
148
212
164
56
24
120
112
80
132
164
164
112
8
8
88
164
132
56
40
0
8
8
32
-8
-132
-196
-212
-212
-260
-340
-372
-372
-428
-428
-460
-492
-524
-492
-428
-428
-460
-460
-492
-396
-260
-148
-16
24
64
120
196
276
396
492
588
620
556
588
652
748
748
716
652
620
620
588
524
460
428
356
308
212
132
80
-40
-72
0
-24
-148
-308
-396
-460
-460
-460
-492
-556
-620
-556
-428
-396
-396
-340
-244
-196
-180
-196
-196
-164
-96
-64
-72
-132
-228
-244
-164
-96
-88
-96
-164
-132
-96
-72
-48
16
72
56
64
132
148
148
180
228
244
276
324
372
396
428
396
396
396
428
396
308
260
196
132
148
112
32
-40
-104
-180
-212
-212
-276
-340
-372
-396
-396
-396
-428
-492
-524
-428
-308
-244
-228
-228
-308
-372
-260
-48
148
212
148
104
104
180
292
396
396
308
260
276
356
396
396
340
292
324
340
292
276
260
276
308
276
196
16
-104
-148
-56
8
-56
-164
-308
-372
-356
-340
-340
-372
-460
-492
-396
-276
-228
-244
-276
-244
-212
-260
-212
-212
-244
-180
-148
-132
-120
-96
-72
32
132
180
196
212
276
340
396
428
396
372
396
396
460
460
492
428
396
356
356
356
276
244
228
180
164
96
0
-88
-164
-180
-228
-228
-260
-308
-356
-396
-372
-356
-396
-428
-460
-428
-396
-396
-460
-460
-428
-396
-308
-244
-196
-212
-244
-244
-212
-120
-48
48
112
180
228
260
276
308
356
428
460
396
324
308
372
372
428
428
396
460
556
588
556
492
460
460
460
340
180
8
-96
-132
-148
-196
-276
-372
-492
-556
-588
-556
-556
-588
-652
-620
-588
-524
-460
-428
-428
-396
-308
-228
-148
-120
-80
0
88
164
180
180
164
164
212
244
276
292
228
196
244
324
356
372
308
228
196
196
164
164
112
64
80
88
132
180
228
196
132
88
48
48
88
96
48
-48
-148
-180
-164
-180
-212
-228
-260
-324
-356
-396
-460
-524
-492
-492
-460
-460
-524
-524
-428
-308
-180
-180
-260
-228
-88
48
196
292
308
324
356
428
588
652
652
588
556
556
556
588
588
620
620
620
556
428
324
244
196
132
72
-32
-164
-276
-340
-372
-372
-396
-492
-556
-620
-620
-556
-492
-460
-460
-492
-460
-356
-260
-244
-276
-324
-324
-228
-228
-244
-228
-180
-120
-88
-72
-80
-112
-64
8
48
0
-64
-56
-32
8
80
148
212
260
292
324
372
428
492
588
588
588
620
620
620
588
556
524
460
396
356
292
180
72
56
40
0
-72
-180
-276
-340
-356
-396
-428
-460
-428
-428
-492
-492
-492
-428
-308
-212
-196
-196
-196
-148
-104
-72
-56
16
96
112
164
164
148
164
212
276
324
260
212
260
308
308
228
148
148
180
228
260
196
104
8
-16
0
48
64
32
0
-32
-40
-88
-88
-80
-88
-112
-180
-260
-308
-308
-276
-228
-212
-260
-324
-428
-460
-396
-260
-212
-212
-228
-276
-260
-196
-132
-72
-48
-80
-104
-72
-32
32
132
196
228
276
340
372
396
396
396
396
428
460
396
308
276
292
292
260
164
120
112
80
48
-16
-96
-164
-164
-148
-112
-132
-164
-196
-180
-180
-196
-132
-104
-48
-40
-72
-104
-132
-120
-80
-64
-132
-196
-276
-260
-196
-148
-164
-212
-212
-112
-48
-40
-80
-132
-104
-56
0
48
96
120
212
292
340
292
260
244
308
396
372
308
276
228
228
228
180
112
56
-16
-88
-164
-196
-228
-244
-308
-428
-524
-524
-492
-460
-428
-396
-428
-396
-340
-308
-244
-180
-120
-72
-32
56
148
212
244
276
308
308
276
260
324
372
340
308
276
276
292
324
356
324
260
228
164
148
212
244
180
148
88
56
48
88
164
164
148
96
72
72
72
40
24
32
-16
-112
-196
-228
-228
-212
-196
-228
-308
-428
-492
-492
-428
-396
-372
-396
-396
-396
-356
-396
-428
-372
-292
-180
-132
-96
-96
-48
48
104
148
228
276
340
372
428
492
460
372
372
356
308
260
260
292
244
180
112
32
-32
-48
-24
-24
-24
-96
-212
-276
-244
-212
-244
-308
-372
-396
-372
-260
-180
-148
-112
-132
-148
-64
-16
0
16
48
24
56
80
48
40
88
148
196
212
164
80
64
104
164
228
244
180
132
80
64
104
148
164
148
148
180
228
260
244
244
244
228
228
196
120
88
72
88
56
0
-56
-88
-112
-112
-132
-196
-260
-340
-308
-164
-104
-132
-212
-276
-276
-212
-132
-56
-16
-56
-104
-88
-88
-64
-24
16
24
-8
-56
-104
-104
-24
88
120
112
96
48
32
80
96
80
88
64
72
24
-8
24
40
32
24
-48
-120
-180
-164
-88
-88
-148
-212
-244
-244
-228
-228
-228
-244
-260
-260
-276
-292
-324
-324
-244
-180
-112
-80
-56
-56
-64
-56
16
120
164
164
164
180
212
260
276
244
212
260
340
372
340
292
244
244
276
340
356
324
244
212
212
244
276
228
112
40
16
32
80
96
104
72
56
8
-16
-24
-16
16
32
24
16
-8
-16
8
40
64
56
16
8
-24
-56
-32
-16
-8
-56
-132
-196
-212
-196
-244
-260
-276
-292
-308
-340
-324
-292
-244
-196
-132
-112
-112
-164
-148
-64
16
120
180
112
40
24
32
88
132
96
8
-80
-104
-80
-120
-164
-212
-228
-244
-228
-228
-244
-292
-292
-260
-228
-196
-164
-180
-180
-96
-16
72
148
164
120
80
56
164
244
244
228
180
164
228
276
244
228
180
132
112
120
120
96
64
72
24
16
0
40
64
88
96
64
80
104
96
120
164
180
212
196
132
112
132
148
148
180
164
164
148
132
132
80
8
-16
0
32
8
-32
-56
-88
-112
-132
-164
-212
-228
-196
-196
-196
-196
-180
-164
-164
-120
-104
-72
-48
-80
-96
-56
8
56
56
32
16
32
56
48
56
48
0
-40
-72
-56
-88
-104
-104
-120
-96
-104
-148
-180
-180
-132
-112
-104
-132
-120
-96
-24
32
8
-8
8
16
16
56
48
64
96
112
132
88
40
56
120
148
104
32
8
8
56
88
56
32
8
8
24
32
48
-24
-104
-88
-64
-16
-32
-48
-48
-48
-64
-64
-32
-40
-56
-24
16
16
8
-32
-16
0
24
40
32
-16
-80
-72
-8
48
72
104
88
64
72
80
88
120
148
120
88
72
104
164
148
132
112
64
24
-8
8
24
40
48
40
0
-40
-24
16
64
80
16
-80
-148
-164
-120
-40
-40
-32
-88
-132
-120
-80
-40
0
0
-72
-104
-96
-64
-32
8
8
-16
-32
-72
-88
-80
-48
8
32
16
-32
-72
-72
-16
24
96
112
96
32
0
8
16
48
80
88
32
24
24
32
88
104
112
120
96
72
64
80
88
80
80
16
-16
8
40
72
80
48
8
-24
-32
32
72
16
-56
-96
-132
-112
-96
-104
-80
-88
-112
-120
-88
-64
-64
-24
-16
0
-8
-32
-24
-16
-16
-8
0
-8
16
8
24
24
40
64
24
0
-24
-32
-40
-24
-16
-40
-72
-64
-112
-112
-72
-72
-64
-112
-120
-88
16
80
56
-16
-64
-80
-16
88
88
8
-64
-96
-88
-64
-24
-56
-112
-132
-148
-164
-164
-132
-132
-96
-88
-132
-164
-212
-196
-132
-132
-96
-96
-120
-96
-80
-72
-8
16
16
24
0
24
104
164
212
244
276
228
228
292
356
356
324
324
340
324
276
244
244
276
276
212
132
40
16
88
120
120
80
24
32
64
64
24
-32
-72
-56
-40
-64
-48
-8
0
-16
-40
-48
-16
-16
-24
8
8
0
8
16
16
32
32
0
-48
-56
-64
-64
-88
-88
-104
-104
-64
-56
-72
-40
-56
-88
-56
-24
-16
0
24
72
80
48
8
8
40
80
112
88
56
24
16
40
56
32
-16
-48
-32
-64
-104
-148
-196
-196
-212
-212
-228
-244
-228
-212
-212
-228
-180
-164
-164
-164
-148
-132
-104
-32
-24
-56
-72
-40
24
64
88
64
32
56
72
120
148
164
148
112
96
96
96
72
64
56
56
8
-32
-64
-56
-16
0
0
-24
-80
-88
-48
0
48
48
40
8
-16
-16
32
80
80
88
56
24
24
80
132
132
104
72
32
32
48
16
16
0
-24
-8
-40
-64
-64
-64
-40
-8
0
-8
-16
0
0
48
80
56
24
0
0
24
64
56
48
0
-24
-16
-16
-8
-16
-16
-8
-48
-80
-72
-88
-88
-104
-132
-164
-196
-196
-196
-196
-164
-104
-96
-120
-88
-56
-56
-64
-32
-56
-56
-64
-56
0
40
72
56
64
88
164
228
228
228
244
276
260
228
180
180
196
212
228
196
148
132
132
112
112
120
148
132
112
104
64
32
8
-8
-16
-8
-24
-8
16
0
0
-40
-48
-48
-64
-48
-32
-40
-56
-48
-48
-32
-40
-16
24
56
56
8
-40
-72
-80
-24
0
-16
-56
-104
-120
-104
-88
-72
-72
-48
-32
-56
-72
-72
-56
-56
-72
-88
-132
-132
-148
-112
-72
-48
-88
-148
-196
-180
-132
-80
-40
-88
-148
-148
-164
-164
-148
-148
-164
-132
-148
-180
-228
-212
-180
-164
-132
-132
-112
-96
-24
24
56
56
40
56
88
132
148
164
164
164
164
196
228
212
212
196
212
244
244
244
228
212
196
180
180
164
132
72
72
80
56
48
80
56
0
-16
8
48
56
56
64
48
96
112
112
88
88
88
88
80
48
0
-48
-16
-16
0
0
-8
-40
-8
8
0
-40
-80
-80
-40
8
8
0
-8
-16
-16
24
48
40
24
0
-24
-16
24
16
24
16
16
24
24
24
0
-24
-40
-64
-88
-104
-132
-80
-96
-148
-148
-196
-196
-180
-164
-164
-148
-132
-164
-212
-228
-196
-180
-132
-132
-120
-104
-132
-148
-132
-104
-112
-80
-64
-80
-64
-64
-40
0
0
-24
-48
-40
-32
-16
-8
0
16
24
24
40
48
64
104
148
180
196
180
148
164
180
212
212
196
180
120
112
132
148
164
148
132
88
48
32
32
32
8
-24
-64
-72
-80
-64
-32
-32
-40
-32
-72
-104
-88
-80
-48
-40
-24
-8
16
24
72
96
48
48
40
56
88
112
80
56
8
8
48
40
16
-16
-48
-32
0
8
-8
-40
-64
-64
-96
-96
-48
-32
-16
16
40
72
48
72
88
104
104
72
72
48
40
8
24
40
16
0
-40
-80
-104
-88
-88
-132
-180
-196
-164
-112
-88
-88
-104
-148
-148
-80
-56
-40
-16
8
8
0
40
64
72
96
88
104
164
164
164
196
212
212
196
196
180
196
180
180
148
132
120
72
24
24
24
8
16
-16
-40
-48
-56
-80
-104
-104
-112
-104
-112
-104
-104
-104
-96
-132
-132
-148
-164
-180
-148
-112
-88
-104
-132
-132
-164
-164
-164
-120
-40
-40
-80
-132
-120
-132
-148
-120
-148
-148
-148
-132
-88
-56
-16
16
40
40
24
8
24
32
64
80
96
96
72
104
132
96
56
48
40
32
40
56
56
40
0
-32
-8
8
24
0
8
32
24
24
0
-32
-64
-64
-56
-40
-8
8
16
40
56
132
180
228
228
228
228
212
228
260
260
228
228
212
212
212
180
196
212
212
196
148
104
80
64
72
40
0
-48
-132
-196
-180
-148
-148
-164
-228
-228
-260
-244
-180
-164
-148
-180
-228
-292
-292
-276
-244
-212
-164
-132
-120
-120
-112
-96
-72
-72
-72
-64
-64
-72
-88
-112
-104
-88
-72
-40
-40
-32
-48
-48
-32
0
32
32
16
32
88
132
148
180
212
212
196
180
212
196
164
180
180
148
112
56
40
32
64
56
8
-8
-8
0
24
24
16
-8
-80
-104
-120
-96
-64
-48
-32
0
16
0
-16
-8
8
16
40
64
88
104
148
180
212
212
228
196
196
212
180
164
132
104
96
48
40
40
8
16
8
0
-40
-96
-120
-112
-48
-56
-64
-88
-148
-148
-132
-148
-164
-164
-180
-180
-180
-164
-148
-180
-196
-180
-196
-212
-212
-180
-148
-120
-132
-96
-88
-88
-40
-48
-48
0
-32
-64
-24
-40
-64
-32
0
0
8
0
0
24
64
112
132
132
148
148
120
120
120
112
112
120
112
88
64
40
16
8
32
8
0
0
-24
-48
-48
-16
-32
-40
-48
-72
-104
-104
-80
-64
-40
-48
-88
-112
-112
-96
