SAMPLES:	8007
BITSPERSAMPLE:	16
CHANNELS:	1
SAMPLERATE:	16000
NORMALIZED:	FALSE
0
0
0
0
0
0
0
0
0
0
0
0
0
0
0
0
0
0
0
0
0
0
0
0
0
0
0
0
0
0
0
-8
-8
-8
-8
-8
-8
-8
-8
-8
-8
-8
-8
-8
-8
-8
-16
-16
-8
-8
-8
-8
-8
-8
-8
-8
-8
-8
-8
-8
-8
-8
-8
-8
-8
-8
-8
-8
-8
0
0
0
0
0
0
0
0
0
0
0
0
0
0
0
0
0
0
0
0
8
8
8
8
8
8
0
0
8
0
8
8
8
8
16
16
16
16
16
16
16
16
16
24
16
16
24
16
16
16
16
8
8
8
8
8
16
16
16
16
16
16
16
8
8
8
8
8
8
8
8
8
8
8
0
0
0
0
8
0
0
0
0
0
-8
-8
-8
-8
-8
-8
-8
-16
-8
-16
-16
-8
-16
-16
-16
-16
-24
-24
-24
-24
-24
-24
-24
-24
-24
-24
-24
-24
-24
-24
-24
-24
-32
-24
-24
-32
-32
-32
-24
-32
-24
-24
-24
-24
-24
-24
-24
-16
-16
-16
-8
-8
-8
-8
0
-8
-8
0
-8
0
0
0
0
0
0
0
8
8
8
16
16
16
16
16
16
16
16
16
16
24
24
24
24
24
24
24
24
24
24
32
32
32
32
32
32
32
24
32
24
24
24
24
24
24
24
24
32
24
24
32
24
24
24
16
16
16
16
16
8
8
8
8
8
8
8
8
0
0
0
0
0
0
-8
-8
-8
-16
-16
-16
-16
-16
-16
-16
-16
-16
-16
-24
-16
-24
-24
-24
-32
-32
-32
-32
-32
-24
-32
-32
-32
-32
-32
-32
-32
-24
-24
-24
-24
-24
-16
-16
-16
-8
-8
-8
-8
-8
-8
-8
-8
-8
0
0
0
0
8
0
8
0
0
0
0
0
0
0
0
0
0
0
0
0
0
0
0
0
0
0
0
0
0
0
0
0
0
8
8
8
8
8
8
8
0
0
0
0
0
0
0
0
8
0
8
8
0
0
0
0
0
0
0
0
0
0
0
0
0
0
0
0
0
0
0
0
0
8
8
8
0
0
0
0
0
0
0
0
0
0
0
0
0
0
0
0
0
8
8
8
8
8
8
8
8
8
8
8
8
8
8
8
8
8
16
8
8
8
16
16
8
8
8
0
0
0
0
0
0
0
0
0
0
0
0
-8
-8
0
0
0
0
-8
-8
-8
-8
0
-8
-8
-8
-8
-16
-16
-8
-16
-8
-8
-8
-8
-8
-16
-16
-8
-8
-16
-16
-16
-8
-8
0
-8
0
0
-8
-8
-8
0
0
0
0
0
0
0
0
0
0
0
0
0
0
8
8
0
0
0
0
0
0
0
0
0
0
0
8
8
8
0
0
0
0
0
0
0
0
0
0
0
0
0
0
0
0
0
0
0
0
0
0
0
0
0
0
0
0
0
0
0
0
0
0
0
0
0
0
0
0
0
0
0
0
0
0
0
0
8
8
8
8
8
0
0
8
0
8
0
0
0
0
0
0
8
0
0
0
0
0
0
0
0
0
0
0
0
0
0
0
0
0
0
0
0
0
0
0
0
-8
-8
-8
-8
-8
-8
-8
-8
-8
-8
-8
-8
0
-8
-8
-8
-8
-8
-8
-8
-8
0
0
0
0
0
0
0
0
0
0
0
0
0
8
0
0
0
0
0
0
0
0
0
0
0
0
0
0
0
0
0
0
8
8
0
0
8
0
0
8
0
8
0
0
8
0
0
0
0
0
0
0
0
0
0
0
0
0
0
0
0
0
0
0
0
0
0
0
0
0
0
0
0
0
0
0
0
0
0
0
0
0
0
0
0
0
0
0
0
0
0
0
0
0
0
0
0
0
0
0
0
0
0
0
0
0
0
0
0
0
0
0
8
0
0
0
0
0
0
0
0
0
0
0
0
0
0
0
0
0
0
0
0
0
0
0
0
0
0
0
0
0
0
0
0
8
0
0
0
0
0
0
0
0
0
0
0
0
0
0
0
0
0
0
0
0
0
0
0
0
-8
0
-8
0
0
0
0
0
0
0
0
0
0
0
0
0
0
0
0
0
0
0
0
0
0
0
0
0
0
0
0
0
0
0
0
0
0
0
0
0
0
0
0
0
0
0
0
0
0
0
0
0
0
0
0
0
0
0
0
0
0
0
0
0
0
0
0
0
0
0
0
0
0
0
0
0
0
0
0
0
0
0
0
0
0
0
0
0
0
0
8
0
0
0
0
0
0
0
0
0
0
8
0
0
8
0
0
0
0
8
0
0
0
0
0
0
0
0
8
0
8
8
16
16
8
0
0
8
16
8
0
0
0
0
-8
-8
0
0
0
0
-8
-8
0
0
-8
-8
-16
-24
-16
-8
-8
-16
-24
-24
-24
-24
-16
-16
-16
-24
-32
-16
-8
-8
-16
-24
-16
0
-8
-24
-32
-24
-16
-8
-8
-16
-16
-32
-40
-32
-16
-8
-8
-16
-8
-16
-24
-32
-16
0
8
0
0
0
0
8
16
24
16
16
16
24
32
32
32
40
48
48
48
48
56
48
48
48
48
32
24
24
40
56
48
40
32
32
32
32
40
40
32
24
24
16
8
8
8
16
8
8
0
0
0
-8
0
0
8
0
-8
-16
-8
0
-8
-24
-16
-16
-24
-32
-48
-40
-24
-16
-24
-32
-32
-48
-72
-72
-32
-16
-40
-56
-40
-16
-24
-48
-48
-24
-16
-48
-56
-32
-8
-16
-32
-16
0
-16
-40
-32
-8
8
-8
-24
-16
-8
-8
0
8
24
24
24
24
16
24
32
40
48
56
48
32
32
48
72
72
72
64
56
40
32
40
48
48
32
24
8
8
0
8
16
24
16
0
-8
-16
-8
-8
-8
-8
-16
-32
-40
-48
-32
-24
-24
-40
-48
-40
-48
-56
-48
-40
-48
-56
-64
-48
-40
-32
-32
-24
-32
-40
-48
-48
-24
-16
-16
-24
-24
-32
-48
-64
-64
-40
-16
-24
-40
-24
16
32
0
-24
0
40
40
40
56
96
88
48
56
104
148
120
104
148
180
148
148
244
324
324
228
164
196
244
260
260
276
244
132
24
-8
16
24
-24
-80
-120
-180
-260
-292
-276
-260
-276
-324
-372
-396
-396
-372
-340
-292
-276
-324
-340
-308
-244
-212
-196
-164
-148
-164
-164
-148
-112
-56
-24
-24
-48
-56
-56
-40
0
56
80
48
16
0
8
64
132
164
148
132
148
164
148
164
196
244
212
196
196
212
228
244
308
356
356
276
228
244
292
308
308
260
212
260
460
684
748
652
460
340
276
260
356
556
716
588
196
-112
-244
-244
-244
-244
-260
-396
-620
-812
-812
-780
-780
-924
-988
-988
-924
-924
-988
-988
-924
-844
-812
-748
-684
-620
-492
-324
-164
-112
-164
-244
-244
-120
40
132
132
132
104
64
48
96
244
324
308
180
64
16
32
112
244
372
372
196
-32
-64
72
244
372
396
308
148
24
72
244
372
396
276
164
72
56
88
104
132
88
8
-40
-56
-24
48
64
8
-40
-48
-16
32
72
164
228
228
212
396
876
1372
1500
1308
1180
1372
1500
1372
1244
1500
1756
1692
1180
780
652
556
228
-72
-228
-292
-556
-876
-1180
-1308
-1500
-1756
-1756
-1692
-1756
-1980
-2108
-1980
-1756
-1692
-1692
-1564
-1500
-1372
-1116
-716
-460
-428
-556
-524
-308
-164
-196
-244
-132
24
8
-48
-40
48
0
-56
-24
8
40
0
8
56
96
120
104
148
228
324
308
196
148
212
340
372
324
292
196
112
72
148
260
244
132
64
56
-8
-164
-276
-276
-196
-228
-356
-356
-340
-372
-396
-308
-88
-40
-228
-372
-260
32
244
684
1564
2364
2492
1884
1884
2620
3260
3004
2492
2748
3516
3644
2748
1980
1980
2108
1436
652
228
120
-120
-524
-924
-1436
-2108
-2492
-2492
-2236
-2364
-2876
-3388
-3260
-2876
-2620
-2620
-2748
-2620
-2364
-1884
-1180
-780
-1052
-1372
-1052
-260
96
-132
-588
-684
-212
372
556
460
148
0
40
212
428
260
-180
-308
-8
324
460
244
-40
-148
-8
120
40
-104
-120
48
120
40
-180
-396
-460
-396
-180
16
-112
-524
-780
-716
-428
-292
-460
-620
-620
-620
-620
-620
-620
-652
-684
-524
-276
-148
-132
-196
-148
24
324
524
620
844
1116
1436
1820
2492
3772
4604
4604
3900
3900
4348
4348
3900
3644
4604
5116
4348
2620
1564
1628
1564
924
148
-148
-396
-1052
-1884
-2364
-2748
-3260
-3516
-3644
-3516
-3900
-4604
-4860
-4348
-3644
-3644
-4092
-4348
-3900
-3260
-2236
-1500
-1308
-1820
-2236
-1980
-1052
-492
-428
-492
-292
0
-16
-132
-8
340
620
780
844
652
212
-8
428
1308
1628
1116
396
-24
104
428
652
716
652
524
260
164
260
396
428
524
684
652
492
132
88
340
588
588
372
112
40
48
48
72
0
-260
-524
-620
-492
-372
-396
-244
0
120
-164
-180
244
652
924
924
1244
1564
1980
2876
4092
5116
4860
3772
3644
4604
4860
4092
4092
4860
5116
4092
2364
1564
1756
1500
588
-196
-492
-924
-1756
-2620
-3004
-3260
-3772
-4092
-3900
-3772
-4348
-5372
-5372
-4604
-3900
-4092
-4348
-4348
-3644
-3004
-2108
-1372
-1564
-2236
-2364
-1308
-112
196
-244
-428
-164
112
196
396
780
844
684
620
684
396
-72
-32
620
1052
588
-244
-588
-292
112
132
0
-164
-308
-244
88
524
620
260
48
324
716
780
684
684
844
988
1116
924
652
556
620
684
620
356
-148
-492
-524
-308
-276
-396
-428
-428
-460
-276
24
196
212
356
620
924
1116
1244
1436
1980
3132
4348
5116
4348
3644
3644
4604
5116
4604
4092
4348
4604
4348
3260
2108
1500
1116
524
-132
-844
-1436
-1980
-2492
-2876
-3644
-4348
-4604
-4348
-4348
-4604
-5372
-5628
-5372
-4604
-4348
-4092
-4092
-3772
-3260
-2492
-1564
-1244
-1372
-1436
-780
180
556
164
-228
196
924
1308
1180
1116
1052
876
684
748
876
588
56
-56
276
276
-212
-684
-556
-212
-260
-588
-652
-244
120
260
292
356
372
324
396
748
1116
1116
780
524
620
748
684
652
684
492
164
-80
-196
-260
-372
-556
-748
-812
-924
-924
-812
-460
-164
-164
-180
8
396
748
988
1180
1372
1372
1500
1692
2108
2876
4092
5372
5628
4604
3900
3900
4604
4860
4348
4092
4348
4604
4092
2748
1628
1244
988
428
-324
-1052
-1692
-2236
-2748
-3132
-3644
-4348
-4604
-4604
-4092
-4604
-5628
-5884
-5116
-4348
-4348
-4604
-4604
-4092
-3260
-2364
-1820
-1692
-1820
-1692
-1116
-428
-96
-228
-292
524
1820
2492
1692
-24
-716
16
1308
1756
1564
1052
340
-652
-1308
-620
556
844
32
-748
-924
-876
-748
40
1052
988
-276
-1372
-1052
460
1692
1756
1052
196
-228
0
844
1756
1884
1116
96
-112
112
72
-212
-260
-56
-56
-620
-1244
-1180
-652
-148
164
228
-164
-620
-588
260
1372
1980
1692
1180
1180
1500
1980
2236
2492
2748
3004
3516
4348
5372
5372
4860
4348
4860
5628
5372
4348
3516
4092
4860
4604
3004
1500
748
340
-324
-988
-1372
-1628
-1980
-2748
-3772
-4860
-5372
-5116
-4348
-4092
-4860
-6396
-7164
-6140
-4860
-4348
-4860
-5116
-4860
-3772
-2876
-2620
-2620
-2620
-2236
-1500
-1052
-1244
-1564
-1308
-396
620
924
556
988
2108
2108
652
-492
196
1116
988
748
1692
2492
844
-1628
-1692
988
2748
1500
-228
-40
748
292
-56
1308
2620
1756
-292
-652
988
2364
2108
1116
524
356
112
8
812
1820
1372
-356
-1180
-492
-120
-844
-1180
-588
-212
-924
-1692
-1564
-716
-48
80
228
556
556
260
524
1756
2748
2492
1820
1980
2748
3004
2748
2748
2876
2876
2876
3388
4348
4860
4348
3388
3388
4604
5372
4348
2620
1884
2620
3516
3388
2492
1308
340
-356
-988
-1372
-1436
-1244
-1308
-2108
-3644
-5116
-5628
-4604
-3260
-3388
-5372
-6908
-6908
-5372
-4348
-4348
-5372
-5884
-5372
-4092
-3388
-3260
-3772
-3772
-2876
-1756
-1372
-1980
-2364
-1980
-716
556
1052
1244
1180
924
988
1692
2620
2236
780
492
2108
3644
3004
1244
748
1436
1692
1180
1052
1692
1756
924
684
1244
1436
716
196
524
988
748
228
260
524
396
-244
-652
-244
292
-8
-652
-588
-212
-524
-1180
-1052
-492
-492
-876
-844
-244
164
112
0
324
988
1244
1244
1372
1820
2236
2236
2748
3260
3260
2876
2620
2876
3004
2876
2748
2748
2876
3260
3900
4092
3772
3388
3388
4092
4860
4348
2620
1436
2108
3516
3900
2620
1180
524
40
-780
-1564
-1692
-1372
-1500
-2620
-4092
-5372
-5628
-4860
-4092
-4348
-5884
-7420
-7676
-6396
-5116
-5372
-6396
-6652
-5884
-4604
-4348
-4348
-4348
-3644
-2748
-1692
-1372
-1980
-2236
-1372
340
1436
1628
1820
2108
2364
2108
2108
2620
2620
2236
2236
3260
4092
3260
1436
716
1980
2748
2108
1244
1180
1308
652
492
1180
1692
716
-556
-652
276
988
780
228
-260
-588
-652
-228
620
1116
524
-372
-460
164
396
8
-196
16
72
-324
-556
-276
292
556
556
620
652
780
844
1244
2108
2364
2108
1820
2108
2620
2876
2748
2748
2748
2492
2364
2364
2620
3132
4092
3772
2620
1564
1564
3004
4604
5628
5116
2876
-72
-1692
-396
2620
4348
3004
372
-1436
-2492
-3516
-3516
-1628
-80
-1244
-4348
-6396
-6140
-4860
-3900
-3900
-4348
-5628
-6908
-7164
-5372
-3644
-3516
-4604
-5372
-4604
-3900
-3516
-3004
-1884
-1372
-1692
-1820
-1116
-492
-396
-112
588
1308
1180
620
780
1564
2492
2748
2620
2108
988
292
1180
2876
3260
2108
556
-64
-80
244
988
1436
844
-260
-780
-492
0
72
-96
-80
40
-180
-620
-524
196
748
588
212
-48
-164
88
684
1244
1244
620
-16
132
876
1564
1628
1116
844
844
1052
1564
2364
2748
2364
1884
1820
2236
2620
3004
3260
3132
2748
2236
1820
1756
2108
2364
2364
2236
2236
2364
2364
2492
3132
3900
4092
3260
1820
924
1372
2620
3260
2748
1564
588
-396
-1244
-1692
-1564
-988
-924
-1980
-3772
-4860
-5116
-4348
-3644
-3900
-5116
-6140
-6652
-5884
-5372
-5116
-5372
-5628
-5372
-5116
-4348
-4092
-3516
-3260
-2876
-2492
-1884
-1564
-1692
-1692
-924
428
1436
1692
1628
1436
1244
1500
2492
3388
3132
2108
1756
2364
2876
2620
2108
1820
1628
1116
588
620
716
244
-428
-396
-72
-428
-1180
-1372
-556
132
8
-460
-812
-844
-588
0
716
988
524
-180
-196
524
1244
1372
1180
988
844
588
716
1500
2108
1980
1436
1052
1116
1436
1820
2108
2364
2236
1820
1820
2236
2492
2364
2108
2108
2236
1980
1820
1756
1884
1884
2108
2620
3004
3260
3388
3772
3772
3004
1884
1308
2108
3388
3772
3004
1884
1116
212
-588
-876
-396
24
-588
-2108
-3644
-4348
-4092
-3388
-3388
-4092
-5372
-6140
-6396
-5628
-5116
-5372
-5628
-5884
-5628
-5116
-4860
-4348
-3900
-3644
-3388
-2748
-2236
-2236
-2364
-1820
-780
88
428
340
292
652
1884
3388
3388
2108
652
684
1756
2492
2748
2620
2108
1052
-276
-492
748
1628
876
-460
-988
-812
-748
-588
0
372
-356
-1436
-1500
-524
460
620
372
180
-72
-292
40
1116
1884
1500
556
260
780
1308
1372
1372
1308
988
492
556
1244
1692
1628
1244
1116
1308
1372
1436
1820
2364
2364
1756
1436
1884
2492
2492
2108
1884
1820
1980
2492
3260
4092
4092
3900
4092
4092
4092
3132
2492
3260
4604
4860
3772
2492
2108
1756
1052
428
356
652
276
-1116
-2748
-3516
-3260
-3004
-3004
-3644
-4860
-6140
-6396
-5628
-5116
-5116
-5884
-6396
-6140
-5884
-5372
-4604
-4348
-4348
-4348
-3900
-3516
-3260
-3132
-2620
-1692
-988
-716
-780
-684
-212
588
1372
1820
1628
924
716
1308
2236
2748
2492
1756
1116
988
1244
1692
1884
1628
1052
340
-8
148
620
876
684
228
-196
-260
-164
80
492
620
164
-524
-780
-292
308
556
276
-196
-588
-684
-260
244
492
228
-212
-428
-164
212
324
292
356
428
428
588
988
1500
1884
2108
1980
1980
1884
2108
2620
3004
2876
2492
2364
2876
3644
4092
4604
4604
4860
4860
4092
3388
3260
4092
4860
4860
4092
3004
2492
1980
1372
876
812
876
324
-988
-2364
-3004
-2876
-2620
-2748
-3516
-4860
-5884
-6140
-5372
-5116
-5116
-5628
-6140
-6396
-6140
-5372
-4604
-4092
-4348
-4348
-4092
-3516
-3004
-2748
-2492
-1980
-1308
-924
-780
-684
-244
620
1436
1628
1308
988
1180
1820
2364
2748
2876
2492
1820
1436
1564
1980
2236
1884
1500
1052
492
180
340
748
716
80
-620
-780
-684
-588
-460
-260
-396
-1116
-1500
-1180
-460
-212
-524
-988
-1180
-1116
-844
-428
8
16
-340
-460
-132
324
396
180
276
652
988
1052
1244
1756
2108
2236
2236
2364
2492
2620
2748
3004
3260
3388
3516
3900
4348
4604
4860
5116
4860
4092
3260
3644
4604
5116
4604
3644
3132
2876
2236
1436
1180
1436
1308
324
-1116
-2236
-2492
-2364
-2364
-2748
-3772
-4860
-5628
-5628
-5372
-5372
-5884
-6140
-6396
-6396
-6396
-5884
-5372
-4860
-4860
-4860
-4348
-3900
-3644
-3516
-3004
-2108
-1244
-924
-924
-812
-196
812
1692
1884
1628
1564
1980
2492
2748
2748
3004
3004
2492
1980
1980
2236
1980
1436
1116
1116
748
56
-148
112
244
-212
-876
-1180
-1116
-1180
-1180
-1052
-988
-1372
-1692
-1436
-780
-492
-684
-812
-588
-428
-428
-324
-56
132
132
132
460
812
924
876
924
1116
1308
1500
1820
2108
2236
2236
2108
2364
2620
2748
2876
3260
3644
3900
3772
3772
4092
5116
5372
4860
3900
3516
4092
5116
5116
4348
3772
3260
2876
2364
1756
1564
1500
988
24
-1052
-1820
-2236
-2364
-2620
-3260
-4348
-5116
-5372
-5372
-5628
-5884
-6140
-6140
-6396
-6652
-6396
-5628
-5116
-5116
-5116
-4604
-4092
-3516
-3260
-2876
-2236
-1500
-988
-684
-308
244
876
1308
1500
1756
1980
2236
2364
2492
2748
2876
2492
1980
1756
1756
1756
1564
1372
988
428
32
-48
56
56
-244
-716
-1052
-1116
-1052
-988
-924
-1116
-1500
-1884
-1884
-1372
-988
-924
-1116
-1308
-1308
-1180
-812
-428
-292
-428
-524
-340
40
396
652
748
812
844
876
1180
1692
2108
2236
2236
2236
2236
2364
2620
3388
4092
4092
3900
3644
4092
4860
5372
4860
4092
3900
4604
4860
4860
4348
4092
3900
3260
2364
1692
1692
1820
1436
260
-1052
-1756
-1756
-1692
-2108
-3004
-3900
-4604
-4604
-4860
-4860
-5116
-5628
-5628
-5884
-5884
-5628
-5372
-5372
-5116
-4860
-4348
-3900
-3644
-3644
-3132
-2108
-1180
-924
-924
-588
244
1180
1692
1820
1980
1980
2236
2620
3004
3132
3004
2748
2620
2492
2492
2492
2364
1884
1372
1052
780
524
148
-148
-228
-492
-924
-1244
-1372
-1436
-1564
-1692
-1980
-2236
-2364
-2236
-1980
-1820
-1820
-1980
-2108
-1980
-1500
-1180
-1052
-1052
-988
-652
-396
-56
396
748
876
924
1180
1500
1756
1980
2108
2236
2364
2492
2748
3132
3644
3772
3772
3772
4092
4860
4860
4604
4092
4092
4348
4348
4348
4092
3900
3644
3004
2364
1756
1628
1756
1500
588
-620
-1372
-1500
-1500
-1980
-2876
-3644
-4348
-4604
-4604
-4860
-5116
-5116
-5372
-5628
-5628
-5628
-5372
-5116
-5116
-4860
-4604
-4348
-4092
-3772
-3132
-2364
-1756
-1436
-1308
-812
104
1052
1564
1692
1820
2108
2492
2876
3388
3772
3644
3260
2876
3004
3260
3260
3004
2620
2364
1980
1500
1180
1052
844
340
-292
-748
-924
-1052
-1180
-1308
-1564
-1884
-2236
-2364
-2108
-1884
-1980
-2108
-2236
-2236
-2108
-1884
-1628
-1436
-1244
-1052
-924
-844
-588
8
556
876
924
924
1052
1564
2108
2492
2492
2364
2492
2748
3260
3772
3772
3388
3132
3388
4092
4348
4092
3644
3516
3644
3644
3516
3260
3004
2876
2620
1884
1116
924
1052
988
292
-652
-1308
-1564
-1756
-1980
-2492
-3004
-3388
-3772
-4092
-4092
-4348
-4348
-4604
-4604
-4860
-4604
-4348
-4348
-4348
-4348
-3900
-3516
-3260
-3132
-2748
-2236
-1820
-1180
-684
-396
-244
64
780
1372
1564
1564
1820
2364
2748
2620
2364
2364
2620
2620
2492
2364
2364
2108
1756
1564
1564
1564
1244
812
428
292
324
148
-276
-716
-988
-1116
-1308
-1564
-1756
-1756
-1884
-2108
-2108
-2236
-2236
-2108
-2108
-1980
-1692
-1500
-1308
-1052
-812
-684
-492
-48
64
276
652
876
1180
1500
1756
1980
2108
2236
2492
2620
2620
2748
2876
2876
2876
2748
2620
2620
2748
2748
2748
2492
2236
2108
2108
2108
1884
1628
1372
1052
684
396
228
212
180
-48
-588
-1116
-1308
-1244
-1244
-1436
-1820
-2236
-2364
-2492
-2492
-2620
-2620
-2748
-2876
-2876
-2876
-2748
-2620
-2620
-2492
-2236
-1980
-1884
-1692
-1628
-1500
-1244
-924
-716
-684
-652
-524
-292
-64
104
228
428
588
620
652
812
1052
1244
1244
1180
1244
1308
1372
1372
1372
1372
1308
1308
1244
1180
1052
812
684
652
556
396
56
-276
-428
-492
-460
-492
-620
-876
-1052
-988
-924
-876
-844
-748
-652
-620
-620
-588
-460
-308
-196
-88
-24
40
148
292
460
620
812
876
988
1116
1244
1180
1244
1308
1372
1436
1500
1500
1436
1372
1308
1244
1180
1116
988
876
812
748
588
428
340
308
244
96
-96
-308
-492
-524
-556
-652
-812
-924
-1052
-1052
-988
-988
-1052
-1180
-1244
-1244
-1180
-1116
-1180
-1244
-1308
-1308
-1180
-1052
-988
-988
-1052
-924
-844
-844
-876
-924
-876
-716
-620
-556
-588
-684
-588
-460
-260
-104
-64
-96
-72
64
292
556
620
652
684
876
1052
1116
1052
1052
1052
1116
1180
1180
1116
924
844
924
988
924
780
524
396
340
308
212
0
-244
-428
-428
-340
-244
-292
-460
-524
-356
-196
-164
-196
-148
-88
-64
-8
96
212
244
308
460
620
652
748
844
988
1052
988
924
844
988
1052
924
812
748
748
748
684
588
396
164
40
24
24
-164
-492
-716
-716
-748
-844
-988
-1180
-1308
-1372
-1308
-1244
-1244
-1308
-1436
-1436
-1308
-1180
-1244
-1308
-1308
-1180
-1052
-1052
-988
-1052
-1052
-876
-652
-460
-428
-524
-492
-372
-164
0
-24
-104
-164
-120
-40
0
0
0
16
48
164
260
260
292
428
588
684
716
684
684
844
1052
1116
1116
1052
988
988
1052
1052
1052
988
844
684
588
556
524
460
356
196
0
-132
-96
16
8
-88
-228
-276
-228
-180
-180
-148
-64
-24
0
88
164
244
396
556
684
652
684
812
988
1116
1116
1052
988
988
988
924
844
812
780
652
524
324
112
16
-32
-104
-324
-588
-812
-876
-844
-924
-1116
-1244
-1308
-1372
-1372
-1436
-1500
-1500
-1436
-1500
-1500
-1500
-1372
-1116
-988
-988
-1052
-1052
-924
-812
-652
-620
-588
-492
-428
-356
-276
-164
-64
112
260
308
276
228
244
356
428
428
356
276
212
212
324
428
492
428
396
460
524
556
588
620
620
620
588
652
684
684
652
588
524
492
428
428
460
428
372
228
112
148
148
132
104
40
-56
-120
-148
-164
-104
-96
-148
-212
-276
-260
-228
-180
-104
-32
0
48
132
180
228
324
428
460
524
524
556
620
684
780
748
716
620
588
556
556
492
356
196
96
16
-148
-292
-396
-492
-588
-652
-684
-748
-812
-844
-844
-844
-924
-1052
-1052
-988
-924
-876
-844
-812
-780
-780
-716
-588
-524
-460
-460
-372
-228
-164
-32
0
-32
0
32
112
148
180
196
164
196
276
308
340
308
324
372
428
460
396
324
292
244
260
292
276
292
260
276
308
276
212
244
276
292
308
324
340
292
148
-32
-80
-24
0
-8
-80
-244
-308
-276
-228
-196
-276
-340
-308
-244
-196
-244
-276
-212
-120
-8
64
-24
-96
-112
0
196
276
260
228
228
340
460
460
428
396
340
324
396
460
492
428
356
308
292
228
196
120
24
-24
-72
-132
-196
-244
-228
-164
-112
-104
-260
-396
-372
-276
-180
-148
-180
-212
-260
-196
-148
-112
-104
-72
-112
-244
-276
-260
-148
-72
-112
-212
-244
-260
-148
0
64
0
-72
-24
40
148
164
164
228
260
292
324
372
428
428
428
428
396
396
372
396
428
396
356
260
164
96
80
48
40
0
-132
-260
-340
-292
-212
-308
-524
-588
-620
-620
-652
-588
-556
-588
-620
-556
-524
-460
-428
-428
-372
-308
-260
-292
-244
-164
-88
-64
-88
-112
-132
-120
-48
0
8
-56
-148
-132
-8
96
64
16
24
56
96
132
164
212
244
340
356
292
244
228
308
428
428
324
196
132
148
164
196
164
104
48
24
48
64
64
64
88
80
80
148
196
164
148
164
120
112
96
56
64
132
276
396
396
324
244
260
372
492
524
324
228
356
492
588
588
492
356
308
396
460
340
180
132
96
96
56
-8
-72
-104
-40
16
-24
-180
-356
-460
-428
-396
-428
-524
-652
-684
-652
-524
-492
-556
-652
-748
-716
-684
-556
-524
-492
-460
-428
-428
-428
-372
-356
-340
-260
-276
-276
-244
-196
-112
0
64
56
24
0
16
104
148
64
16
0
8
56
8
-24
-24
16
40
0
-64
-120
-112
-8
72
-16
-120
-148
-56
104
148
40
-112
-260
-196
8
180
164
48
0
56
228
324
324
260
260
292
324
372
428
396
428
524
588
556
460
428
460
556
620
620
556
460
428
428
460
460
460
372
276
260
244
196
164
104
16
-64
-132
-104
-48
-56
-148
-244
-308
-292
-324
-340
-292
-292
-276
-356
-428
-428
-396
-460
-460
-428
-428
-492
-492
-460
-396
-372
-396
-428
-428
-396
-460
-428
-308
-228
-244
-276
-308
-276
-196
-80
48
40
-8
0
104
196
228
244
212
180
228
292
308
244
148
16
-56
-120
-132
-112
-164
-164
-164
-212
-196
-196
-228
-196
-96
-56
-48
-88
-112
-72
0
80
132
148
120
148
260
356
396
428
356
324
356
460
524
556
588
524
524
588
588
620
588
492
460
396
396
460
460
460
372
324
324
356
340
228
148
88
72
88
64
24
-40
-120
-148
-180
-260
-292
-308
-324
-324
-292
-396
-524
-556
-588
-556
-524
-460
-460
-460
-524
-524
-524
-460
-396
-428
-460
-492
-460
-428
-356
-292
-244
-196
-228
-244
-260
-276
-244
-148
-80
-64
-104
-148
-104
-32
40
40
32
40
64
104
112
132
148
112
56
104
88
32
-24
-120
-132
-180
-244
-276
-276
-292
-260
-228
-212
-164
-148
-120
-56
56
112
132
104
132
196
244
324
396
396
372
396
428
460
460
492
492
556
588
556
588
652
684
716
684
588
492
492
492
524
492
428
356
292
308
260
164
80
72
88
104
32
-24
-88
-164
-164
-180
-228
-292
-356
-396
-428
-396
-396
-428
-492
-524
-428
-356
-372
-372
-396
-396
-396
-372
-340
-356
-356
-356
-324
-292
-244
-228
-228
-228
-244
-196
-96
-56
-24
-32
-8
64
104
120
112
132
72
40
56
88
88
80
56
72
164
196
148
48
-24
-16
32
0
-88
-180
-244
-276
-260
-244
-260
-324
-340
-340
-324
-340
-340
-244
-196
-180
-196
-180
-120
-56
-48
-48
-40
32
80
120
120
132
164
260
396
396
340
276
324
460
524
524
428
356
340
396
460
428
356
260
292
396
396
356
276
212
244
308
260
164
88
24
24
-8
-48
-96
-132
-132
-112
-120
-120
-148
-212
-196
-164
-180
-212
-228
-244
-212
-212
-196
-132
-104
-104
-132
-132
-132
-112
-64
-16
0
8
16
80
164
196
132
80
88
180
244
228
196
212
292
324
276
196
132
148
132
88
16
-64
-88
-80
-72
-88
-112
-164
-212
-276
-308
-292
-292
-276
-308
-428
-492
-524
-428
-324
-324
-460
-492
-492
-492
-428
-396
-396
-428
-428
-428
-372
-292
-196
-96
-8
-40
-72
-16
80
196
244
228
228
324
356
460
524
556
524
492
492
524
492
492
492
492
492
428
372
324
260
260
244
196
120
40
8
0
-24
-72
-180
-228
-260
-244
-244
-244
-228
-212
-212
-244
-228
-180
-104
-104
-180
-196
-196
-164
-132
-112
-104
-80
-88
-56
-8
32
56
72
80
88
80
88
132
212
260
292
276
260
244
260
308
356
340
292
212
228
308
372
396
324
244
164
164
120
120
32
-80
-196
-244
-196
-180
-260
-428
-492
-428
-396
-372
-372
-492
-588
-588
-524
-492
-524
-588
-556
-492
-460
-460
-492
-460
-428
-324
-244
-212
-180
-120
-24
64
132
180
180
180
228
244
276
324
372
428
428
396
372
396
428
460
492
460
396
396
372
340
324
260
180
104
56
64
104
132
148
72
-16
-64
-80
-104
-132
-132
-164
-196
-212
-196
-196
-212
-212
-244
-292
-212
-148
-112
-64
-8
0
24
72
80
88
56
80
132
196
228
196
96
112
244
324
428
492
460
428
428
460
492
492
428
396
340
308
276
260
228
180
132
72
56
0
-96
-212
-276
-340
-396
-460
-492
-524
-556
-556
-588
-652
-652
-684
-684
-684
-748
-684
-684
-652
-652
-684
-588
-556
-556
-588
-620
-556
-460
-372
-340
-292
-228
-164
-120
-72
-40
0
88
228
324
308
292
324
372
460
492
460
428
428
524
556
524
460
428
428
428
428
460
428
356
324
260
212
228
244
260
244
180
88
32
64
80
96
112
56
8
0
24
64
104
132
88
32
0
8
40
56
64
72
96
112
164
196
228
276
324
308
212
148
148
180
196
228
212
180
164
148
148
148
132
132
96
96
80
72
56
32
40
8
-48
-104
-164
-228
-276
-276
-308
-396
-460
-588
-588
-556
-588
-620
-652
-684
-620
-588
-620
-716
-780
-812
-748
-684
-652
-620
-620
-620
-556
-460
-396
-324
-308
-276
-196
-96
-24
8
80
148
212
276
276
308
292
292
308
324
340
396
396
396
372
340
340
356
372
356
292
228
212
244
260
228
228
244
276
276
340
292
228
164
164
196
212
196
164
148
148
196
180
120
48
64
132
228
228
164
120
148
228
292
292
276
260
260
292
324
356
356
308
292
308
308
324
356
396
428
460
356
292
292
260
260
260
228
180
96
48
16
-24
-88
-180
-260
-324
-428
-492
-524
-588
-684
-780
-812
-876
-844
-876
-924
-924
-924
-988
-988
-924
-876
-812
-780
-748
-748
-748
-684
-684
-588
-460
-396
-372
-396
-340
-244
-164
-96
-64
-8
32
132
164
132
112
132
180
212
244
244
212
244
308
292
276
292
292
356
428
460
428
372
308
276
292
308
340
276
228
228
228
292
356
324
228
212
244
260
260
196
164
180
212
244
212
148
180
244
260
292
260
228
292
372
460
492
492
492
524
588
588
588
556
524
524
492
492
428
396
372
340
356
324
260
132
56
64
96
56
-48
-164
-228
-228
-260
-308
-428
-524
-588
-588
-588
-620
-652
-716
-748
-748
-716
-716
-748
-780
-748
-748
-748
-684
-652
-620
-556
-524
-492
-460
-428
-340
-212
-96
-40
-40
-132
-180
-96
0
40
32
16
-8
56
164
180
96
96
72
96
132
164
148
112
148
164
132
96
88
80
120
132
80
24
-40
-40
-8
48
56
40
0
-64
-80
-32
0
0
0
-40
-40
8
40
88
80
56
64
64
88
104
88
56
88
96
132
180
212
228
244
292
324
340
356
396
396
396
396
396
428
396
396
372
396
340
276
260
212
228
244
228
196
132
40
0
-72
-96
-64
-112
-244
-372
-428
-396
-340
-324
-356
-428
-492
-428
-396
-340
-372
-428
-428
-340
-260
-276
-276
-260
-196
-72
-16
-24
-40
-8
72
180
196
112
88
96
132
212
244
212
148
148
180
196
180
148
148
148
196
180
164
164
180
180
180
148
148
112
80
104
132
132
88
64
112
112
56
48
56
32
8
-24
-64
-40
-40
-112
-148
-212
-244
-228
-228
-212
-196
-228
-260
-260
-244
-196
-164
-148
-180
-212
-164
-104
-64
-24
-24
-64
-24
32
64
48
64
48
88
148
180
180
132
80
112
148
120
120
120
80
0
-32
-72
-132
-148
-180
-228
-196
-180
-212
-244
-292
-372
-396
-372
-356
-308
-372
-396
-428
-460
-396
-324
-276
-260
-260
-212
-180
-132
-56
-56
-48
40
72
72
48
96
164
180
196
228
260
244
164
148
244
372
524
620
620
276
-148
-228
16
308
340
308
428
556
324
-120
-212
196
652
684
356
164
196
212
88
16
260
556
556
276
120
-40
-132
-132
-180
104
460
460
164
-32
-72
-196
-180
-24
24
88
8
-196
-244
-148
-244
-396
8
212
120
-16
-40
-80
-180
-244
-180
196
276
164
196
428
196
-56
-96
56
180
196
132
112
340
-8
-292
-132
32
104
132
-32
-260
-276
-148
-428
-588
-396
-292
-292
-588
-684
-428
-72
-428
-988
-748
-148
-324
-492
-396
-228
-80
-340
-652
-524
64
212
-212
-196
-16
-120
-56
-112
-180
32
164
148
340
428
244
-8
-40
48
64
196
196
356
428
-16
-212
-228
-340
-356
40
396
372
164
24
-16
-24
-96
-48
428
588
340
292
260
148
0
-32
132
372
428
276
88
164
132
24
8
-56
-16
64
8
-96
-120
-132
-276
-396
-132
104
228
180
0
-24
-8
72
212
260
244
244
276
308
244
196
324
460
396
372
396
396
164
148
276
356
428
276
180
164
164
40
40
164
80
-24
-64
-228
-396
-292
-56
-32
16
88
-164
-396
-460
-492
-460
-212
72
96
-72
-228
-396
-460
-396
-428
-276
-64
-8
-164
-148
-180
-460
-684
-556
-276
-24
-24
-196
-244
-276
-428
-620
-428
-64
112
72
16
0
-56
-324
-428
-212
132
340
180
120
48
-112
-356
-292
132
428
396
228
80
-8
-132
-244
-64
228
356
292
180
104
-24
-180
-212
-56
228
308
212
112
24
-120
-164
-88
72
228
212
120
40
-16
-104
-112
-48
8
112
228
212
164
132
96
32
32
120
196
212
180
148
180
196
120
180
308
244
132
164
212
148
32
72
164
244
180
148
180
132
88
24
48
260
372
324
212
104
-64
-228
-196
-48
148
212
80
-132
-228
-308
-372
-324
-228
-148
-148
-164
-164
-96
-88
-148
-180
-164
-88
-24
-56
-148
-148
-72
-32
-48
72
132
-8
-72
-104
-88
-64
-48
-40
-16
72
24
-40
-24
-56
-56
-32
-32
-8
8
-32
-148
-196
-80
40
24
-8
-48
-80
-120
-56
72
88
-40
-212
-244
-180
-212
-228
-104
72
40
-80
-120
-112
-148
-132
-40
16
8
-48
-112
-72
0
48
8
-72
-88
-56
-64
-72
80
180
164
132
64
0
-80
-48
64
180
276
228
212
260
148
96
80
88
164
340
428
356
212
72
-16
-48
8
88
196
180
56
-48
-112
-120
-164
-212
-212
-196
-228
-308
-428
-460
-396
-356
-308
-196
-148
-228
-276
-212
-148
-148
-148
-132
-56
-40
-8
56
104
104
72
48
180
276
260
260
260
260
148
132
244
324
372
396
356
324
228
180
260
292
228
196
196
180
148
64
40
48
56
0
-64
-104
-64
-48
-40
0
-24
-48
-80
-96
-88
-64
-132
-212
-148
-112
-72
-24
24
48
-48
-148
-104
-16
80
164
228
244
212
180
212
244
276
340
356
356
276
196
96
64
72
148
228
196
164
88
48
96
112
48
0
24
32
16
-32
-96
-196
-244
-228
-228
-212
-276
-428
-524
-492
-524
-524
-556
-524
-524
-556
-620
-652
-652
-652
-556
-492
-460
-492
-524
-556
-492
-460
-428
-308
-164
-104
-96
-64
-72
-48
-8
96
244
372
372
356
324
260
196
148
212
324
372
460
492
460
396
244
132
120
180
228
180
132
64
-32
-88
-120
-96
-56
-48
-72
-164
-212
-180
-96
-64
-56
-32
-24
-48
-32
8
72
32
24
72
148
212
228
244
260
340
372
340
396
460
428
524
524
492
460
324
244
340
428
460
460
428
396
396
396
308
228
212
260
260
260
292
244
164
120
112
148
164
112
64
80
40
-80
-164
-196
-196
-212
-260
-260
-308
-396
-460
-492
-492
-556
-588
-556
-524
-556
-620
-684
-716
-684
-652
-620
-620
-556
-492
-428
-428
-372
-292
-244
-148
-32
0
32
64
104
112
112
112
148
228
308
244
148
56
48
132
196
228
260
196
56
0
-8
0
-16
-8
-56
-112
-148
-212
-212
-196
-212
-196
-164
-196
-228
-180
-164
-148
-88
-32
8
64
112
88
80
88
104
112
64
64
72
88
164
196
164
120
120
164
148
164
196
164
132
132
180
244
260
212
148
132
164
228
228
228
244
260
276
228
212
244
244
228
212
212
212
180
132
120
112
24
-88
-88
-64
-32
-8
-40
-96
-148
-164
-196
-212
-228
-260
-292
-324
-324
-260
-260
-276
-260
-212
-212
-228
-164
-88
-8
8
8
0
0
0
32
88
148
164
180
164
148
164
180
196
228
228
180
196
180
164
164
196
164
164
132
72
72
88
88
48
16
24
16
0
-32
-24
-56
-72
-80
-120
-148
-132
-132
-132
-132
-104
-32
24
56
0
-24
-48
-72
-48
-48
-72
-72
-40
-16
0
-8
-64
-88
-132
-96
-64
-56
-40
-48
-64
-56
-40
-56
-80
-56
-88
-104
-80
-80
-72
-112
-164
-180
-148
-80
-64
-88
-164
-196
-212
-164
-132
-148
-180
-244
-276
-244
-196
-180
-164
-180
-180
-180
-212
-228
-260
-228
-228
-212
-180
-196
-212
-212
-180
-120
-96
-80
-72
-16
48
80
112
164
164
164
180
228
292
308
276
260
244
260
308
308
276
244
260
308
356
396
396
396
396
428
396
292
276
308
308
308
324
308
276
260
196
148
72
48
80
88
88
48
-16
-48
-24
40
40
16
32
24
8
16
40
24
16
0
-32
-16
32
32
56
96
120
132
164
112
24
48
96
112
64
24
24
0
0
8
-8
-32
-40
-72
-104
-88
-104
-132
-164
-164
-132
-180
-228
-292
-356
-340
-372
-340
-324
-308
-324
-308
-292
-324
-372
-460
-492
-428
-356
-356
-372
-356
-340
-340
-340
-372
-372
-372
-308
-260
-308
-324
-308
-308
-244
-196
-164
-112
-80
-24
8
8
16
56
132
180
212
244
292
292
324
396
396
356
372
396
324
292
276
276
276
308
308
244
244
244
244
228
228
212
196
164
112
80
64
48
8
24
40
32
32
0
-16
0
0
48
96
104
120
120
132
148
164
164
132
120
132
164
164
148
132
132
148
148
148
164
196
180
148
132
132
148
148
104
96
64
16
8
16
-8
-56
-56
-16
0
-32
-80
-132
-132
-164
-196
-180
-196
-180
-196
-276
-276
-276
-260
-244
-276
-324
-324
-308
-260
-244
-228
-228
-244
-260
-292
-260
-260
-228
-180
-228
-292
-260
-164
-88
-88
-112
-120
-132
-72
-24
-8
-32
-8
16
40
56
48
64
80
120
104
120
132
132
132
148
164
164
148
180
196
196
196
180
180
148
120
72
40
48
104
148
148
112
72
24
0
40
56
72
40
24
64
120
164
180
196
196
132
112
196
212
196
148
104
80
56
48
48
32
32
24
40
56
56
40
40
48
16
8
0
-40
-64
-112
-148
-148
-180
-180
-164
-180
-180
-228
-276
-292
-244
-196
-212
-244
-276
-276
-308
-308
-276
-260
-244
-180
-164
-148
-148
-180
-132
-120
-104
-72
-64
-80
-56
-32
-40
-40
-32
-56
-56
-16
16
48
72
64
64
56
72
96
104
88
88
112
132
148
164
132
80
112
132
148
148
96
80
112
164
164
132
88
112
120
120
132
104
88
132
148
148
148
96
48
64
104
72
56
80
16
56
96
72
80
72
56
56
96
132
104
96
96
104
104
72
24
40
48
96
132
132
104
72
56
32
64
64
72
88
72
40
0
-40
-40
-16
0
-48
-32
-32
-48
-96
-148
-120
-96
-96
-104
-148
-196
-196
-180
-180
-164
-180
-180
-148
-112
-96
-80
-72
-56
-40
-72
-96
-96
-88
-104
-112
-120
-132
-132
-132
-96
-120
-112
-112
-132
-112
-96
-80
-88
-88
-112
-72
-64
-104
-96
-88
-80
-96
-80
-96
-104
-80
-64
-16
0
32
72
64
48
8
24
48
32
8
0
-8
16
64
32
16
56
56
80
88
72
72
88
104
132
132
120
148
132
132
96
48
48
72
96
132
132
88
56
88
132
120
112
72
0
-16
40
56
48
32
-16
-48
-48
-64
-64
-80
-72
-16
0
-16
-48
-72
-56
-24
-24
-8
-40
-88
-48
0
8
16
-24
-64
-48
-8
0
16
0
-56
-40
-24
0
40
88
112
112
104
132
164
148
148
164
164
148
120
96
80
104
148
132
104
56
16
-8
16
88
72
16
-32
-56
-56
-32
-32
-80
-80
-112
-112
-88
-72
-32
-64
-48
-32
-24
-16
-16
-32
-40
0
-8
-8
-16
8
56
64
0
-72
-88
-88
-32
56
48
8
0
8
16
32
24
24
0
-8
0
-48
-88
-48
-16
-8
-8
-72
-96
-80
-32
16
24
-16
-88
-132
-164
-112
-88
-80
-112
-132
-132
-88
-56
-80
-104
-148
-132
-164
-180
-196
-196
-180
-148
-96
-80
-96
-132
-112
-88
-48
-32
-32
-72
-80
-48
0
48
40
32
48
64
96
164
164
148
132
148
180
212
244
212
212
196
196
228
228
148
112
104
132
148
120
104
96
72
40
32
0
-56
-96
-80
-80
-72
-88
-96
-112
-104
-96
-120
-164
-180
-164
-120
-72
-48
-40
-48
-32
-24
0
56
96
104
112
64
48
48
56
88
56
48
40
24
56
104
104
80
80
48
48
88
96
88
96
96
80
104
112
96
112
112
96
112
80
88
80
80
48
48
80
40
32
16
16
32
48
32
-16
-64
-56
-64
-56
-64
-96
-132
-104
-96
-88
-112
-148
-148
-148
-120
-72
-32
-48
-48
-80
-96
-48
0
16
0
8
48
64
64
40
16
8
8
32
24
16
0
-16
0
-24
-72
-96
-132
-120
-112
-148
-148
-132
-132
-120
-112
-148
-180
-228
-228
-196
-148
-148
-164
-228
-244
-180
-112
-72
-48
-56
-64
-32
-8
-32
-32
-8
0
16
32
16
24
56
80
80
88
96
112
96
104
132
164
164
148
164
164
180
180
180
196
212
180
148
120
120
148
164
132
88
96
112
72
56
88
96
32
0
-16
-32
-32
-32
-8
-32
-56
-104
-112
-112
-112
-132
-132
-132
-112
-64
-56
-56
-48
-56
-72
-40
-8
0
16
0
8
16
24
40
72
120
148
132
104
112
148
180
180
180
180
148
80
80
112
132
148
112
96
80
40
32
24
8
16
0
-24
-48
-56
-64
-104
-148
-148
-164
-164
-180
-180
-132
-132
-148
-148
-148
-148
-180
-180
-148
-164
-212
-196
-164
-132
-88
-80
-56
-48
-32
-32
-8
8
-8
0
-40
-16
16
40
48
64
104
88
88
112
104
72
56
72
56
56
40
24
16
40
40
8
-32
-56
-16
-16
-16
-16
-56
-56
-24
-24
-24
-80
-88
-88
-96
-72
-96
-112
-112
-88
-72
-64
-48
-24
-24
-32
-8
-8
-8
-16
0
56
96
88
40
64
72
72
80
80
56
32
32
80
112
120
104
72
96
80
72
40
24
-8
0
24
16
0
0
0
-24
-16
0
0
0
0
-24
-32
-32
-32
-56
-40
-32
-48
-40
-8
8
0
-24
0
0
16
32
24
0
0
40
64
96
80
64
96
132
148
164
148
164
180
180
164
164
148
164
180
180
180
164
180
164
148
164
164
112
72
80
80
48
-16
-40
-40
-40
0
-8
-40
-80
-72
-72
-56
-32
-56
-80
-132
-148
-148
-164
-164
-132
-132
-148
-164
-180
-180
-180
-148
-148
