SAMPLES:	8681
BITSPERSAMPLE:	16
CHANNELS:	1
SAMPLERATE:	16000
NORMALIZED:	FALSE
0
0
0
0
0
0
0
0
0
0
0
0
0
0
0
0
0
0
0
0
0
0
0
0
0
0
0
0
0
0
0
0
0
0
0
0
0
0
0
0
0
0
0
0
0
0
0
0
8
0
0
0
0
0
0
0
0
8
8
8
8
8
8
8
16
8
16
8
8
8
16
16
16
16
16
8
16
16
16
16
16
16
16
8
16
8
8
16
16
8
8
8
8
0
8
8
8
8
8
0
0
0
0
0
0
0
0
0
0
0
0
0
0
0
0
0
0
-8
-8
-8
-8
-8
-8
-8
-8
-8
-8
-8
-16
-8
-8
-8
-8
-8
-8
-8
-8
-8
-8
-8
-8
-8
-8
-8
-8
-8
-8
-8
-8
-8
-8
-8
-8
-8
-8
-8
-16
-8
-8
-8
-8
-8
-8
-8
-8
-8
-8
-8
-8
-8
0
0
-8
-8
-8
-8
-8
-8
-8
-8
-8
-8
0
0
0
0
0
0
0
0
0
0
0
0
0
0
8
8
0
8
8
8
8
8
0
8
8
8
8
8
8
8
8
16
8
16
16
16
16
16
16
16
16
16
16
16
16
16
16
16
16
16
16
16
16
16
16
16
16
16
16
16
8
8
8
8
0
8
8
0
8
0
8
8
0
0
0
0
0
0
0
0
0
0
0
0
-8
0
-8
-8
0
-8
-8
0
0
-8
-8
-8
-8
-8
-16
-16
-16
-8
-8
-8
-8
-8
-8
-8
-8
-8
-8
-8
-8
-8
-8
-16
-16
-8
-8
-8
-8
-8
-8
-8
-8
-8
-8
0
-8
0
0
0
0
0
0
0
0
-8
-8
0
0
0
0
0
0
0
0
0
0
0
0
0
0
0
0
0
0
0
0
0
0
0
0
0
0
0
0
0
0
0
0
0
0
0
0
0
0
0
0
0
0
0
0
0
0
0
0
8
8
0
0
0
8
0
8
8
8
8
8
8
0
0
0
0
0
0
0
0
0
8
8
8
8
0
0
8
0
0
8
8
0
0
0
0
8
0
8
8
8
8
8
8
8
8
8
0
8
8
8
0
0
0
0
0
0
0
0
8
8
0
0
0
0
0
0
0
0
0
0
0
0
0
0
0
0
0
0
0
0
0
0
0
-8
0
-8
-8
-8
-8
-8
-8
-8
-8
-8
-8
0
0
0
-8
-8
-8
-8
-8
0
-8
-8
-8
-8
-8
-8
0
-8
0
0
0
0
0
0
0
0
-8
-8
-8
-8
-8
-8
-8
-8
-8
-8
-8
-8
-8
-8
-8
0
0
-8
0
0
0
0
0
0
0
0
0
0
0
0
0
0
0
0
0
0
0
8
0
0
0
8
8
8
8
8
8
8
8
8
8
8
8
8
8
8
8
8
8
8
8
8
8
16
8
8
8
8
8
8
8
8
8
0
0
8
8
8
8
8
8
8
8
8
8
8
0
0
0
0
0
0
0
0
0
0
0
0
0
0
0
0
0
0
0
0
0
0
-8
-8
-8
-8
-16
-8
-8
-8
-16
-16
-16
-16
-16
-16
-8
-8
-16
-16
-16
-16
-16
-16
-16
-16
-8
-8
-8
-8
-8
-8
-8
-8
-8
-8
0
0
0
0
0
0
0
0
0
0
0
0
0
0
8
8
8
8
8
8
8
8
8
8
0
0
8
0
0
8
0
0
0
0
0
0
0
0
0
0
0
0
0
0
0
0
0
0
0
0
0
0
0
0
0
0
0
0
0
0
0
0
0
0
0
0
0
0
0
0
0
0
0
0
0
0
0
0
0
0
0
0
0
0
0
0
0
0
0
0
0
0
0
0
0
0
0
0
0
0
0
0
0
-8
0
0
0
0
0
0
0
0
0
0
0
0
0
0
0
0
0
0
0
0
0
0
0
0
8
0
8
8
8
8
8
8
8
8
8
8
8
8
0
0
0
8
8
0
8
8
0
8
8
8
8
0
0
0
0
0
0
0
0
0
0
0
0
0
0
0
0
0
0
0
0
0
0
0
-8
-8
-8
-8
-8
-8
-8
0
-8
-8
-8
-8
-8
-8
-8
-8
-8
-8
-8
-8
-8
0
-8
-8
-8
-8
-8
-8
-8
-8
-8
-8
-8
-8
-8
-8
0
0
-8
-8
-8
-8
-8
0
0
0
0
0
0
0
0
0
0
0
0
0
0
0
0
0
0
0
0
0
0
0
0
0
0
8
0
0
8
8
0
8
0
0
8
8
8
8
8
8
8
0
0
0
0
8
8
8
8
0
0
0
0
8
8
8
8
8
0
0
0
0
8
8
8
8
8
8
8
8
8
8
8
8
0
8
8
8
8
8
8
0
0
0
0
0
0
0
0
0
0
0
0
0
0
-8
-8
0
-8
-8
-8
-8
-8
-8
-8
-8
-8
-8
-8
-8
-8
-16
-16
-16
-16
-8
-8
-8
-8
-8
-8
-8
-8
0
0
0
0
0
-8
0
0
0
0
0
0
0
0
0
0
0
0
0
0
0
0
0
8
0
0
8
0
0
0
0
0
0
8
8
0
0
0
0
0
0
0
0
0
0
0
0
0
0
0
0
0
0
0
0
0
0
0
0
0
0
0
0
0
0
0
0
0
0
0
0
0
0
0
0
0
0
0
0
0
0
0
0
0
0
0
0
0
0
0
0
0
0
0
0
0
0
0
0
0
0
0
0
0
0
0
0
0
0
0
0
0
0
0
0
0
0
0
0
0
0
0
0
0
0
0
0
0
0
0
0
0
0
0
0
0
0
0
0
0
0
0
16
16
16
0
-8
-8
-16
-24
-24
-8
0
0
24
56
72
40
0
-8
-16
-64
-80
-48
-16
-16
-40
-24
16
24
0
0
40
32
-24
-40
8
24
-8
-32
8
48
16
-32
0
64
32
-72
-80
32
56
-8
-8
88
104
0
-56
0
24
-32
-112
-80
8
32
-16
0
104
120
0
-64
16
72
0
-48
0
24
-40
-112
-96
-16
32
40
32
72
96
48
-16
-8
24
0
-32
-24
0
0
0
16
32
24
32
16
-8
0
24
16
8
8
16
0
0
-8
-8
0
8
0
0
16
40
32
24
40
48
24
0
-8
-24
-24
-40
-56
-48
-32
-32
-40
-32
0
8
8
8
8
0
-24
-48
-48
-48
-56
-56
-56
-40
-24
-16
-8
8
8
0
-8
-16
-32
-48
-48
-40
-32
-24
-8
0
-32
-40
-24
-24
-16
0
8
0
0
0
-8
-24
-24
-24
-32
-48
-48
-48
-64
-48
-16
0
16
24
24
8
8
16
0
-16
0
0
-16
16
104
104
56
96
148
104
24
32
64
32
16
64
120
132
164
164
148
148
120
64
32
56
72
64
120
212
228
196
196
196
88
0
0
-40
-96
-72
-16
-8
8
56
56
0
-8
-48
-132
-164
-148
-164
-180
-120
-72
-96
-132
-112
-148
-228
-276
-292
-292
-276
-228
-180
-132
-80
-40
-48
-64
-56
-88
-164
-196
-196
-228
-228
-180
-112
-64
-24
8
32
32
32
0
-24
-32
-32
-40
-40
-8
16
32
40
48
72
80
96
96
88
88
88
56
80
164
212
212
244
308
292
244
228
196
112
56
48
56
196
588
988
1436
1980
2108
1820
1116
460
-292
-924
-1244
-1372
-1436
-1244
-924
-716
-428
0
324
308
244
244
96
-96
-24
120
132
80
0
-260
-620
-988
-1564
-2236
-2620
-2748
-2748
-2236
-1244
-64
812
1628
2236
2364
1756
988
24
-1052
-1884
-2364
-2492
-2108
-1372
-524
276
1180
1820
1980
1692
1244
588
-212
-748
-812
-620
-372
32
324
428
492
396
0
-340
-492
-588
-556
-40
748
1436
1884
2236
2236
1756
988
72
-924
-1756
-2236
-2364
-1980
-1116
0
844
1436
1980
1980
1756
1564
1372
924
340
-40
-212
276
1820
3900
5628
6908
7420
6652
5116
2876
556
-1980
-3644
-4348
-4604
-4348
-2876
-1436
-556
180
748
652
148
-8
80
8
120
556
924
1116
1052
556
-652
-2108
-3772
-5884
-7420
-7932
-7420
-6396
-4604
-1980
620
2620
4092
4604
3900
2492
556
-1564
-3388
-4604
-4860
-4604
-3516
-1628
88
1436
2620
3132
2620
1628
620
-148
-684
-924
-748
-324
340
924
1180
1052
716
0
-924
-1692
-1820
-1436
-876
-72
1180
2492
3260
3644
3772
3132
1756
212
-1244
-2492
-3388
-3644
-3388
-2748
-1500
-8
1244
2108
2620
2620
1980
1500
1244
812
556
588
292
-324
-492
48
924
2364
4348
6396
7420
7676
7164
5884
4348
2236
96
-1564
-2620
-3388
-4092
-3516
-2492
-1692
-1244
-324
716
1180
1180
1564
1980
1980
1692
1308
924
396
-588
-1980
-3388
-4604
-6140
-7420
-7932
-7420
-6140
-4604
-2492
56
2108
3388
4092
3900
2876
1308
-524
-2364
-3644
-4348
-4860
-4348
-3260
-1692
-492
460
1372
1884
1692
1372
1308
1180
924
924
876
652
340
-104
-844
-1564
-1980
-2492
-2876
-2364
-1564
-652
620
2236
3388
4092
4348
4092
3004
1692
396
-1116
-2492
-3260
-3644
-3772
-3132
-1980
-924
164
1308
2108
2492
2620
2620
2236
1820
1372
1052
1116
1372
1116
684
492
196
-148
148
1308
3004
4860
6140
6908
7420
7420
6396
4348
2748
1116
-1052
-3004
-4092
-4092
-3772
-3388
-2492
-1116
88
716
988
1308
1564
1116
212
-428
-716
-1372
-2492
-3388
-3900
-4604
-5628
-6140
-6140
-5884
-5116
-4348
-3004
-1244
460
1564
2236
2748
2492
1372
-212
-1500
-2748
-3900
-4604
-4092
-3260
-2108
-716
716
1980
2748
3004
2876
2236
1500
716
-32
-588
-748
-780
-924
-924
-812
-876
-924
-716
-120
524
1244
1980
2620
2876
2876
2876
2492
1980
1372
684
-64
-748
-1372
-1820
-1980
-1692
-1372
-988
-340
396
988
1500
1884
2236
2492
2620
2492
2108
1692
1308
988
524
148
-80
-340
-620
-684
-396
228
1308
2748
4092
5116
5628
6140
7164
7676
6396
3004
-524
-3388
-6140
-8316
-7676
-4860
-2108
-684
-8
1116
2236
1980
556
16
308
-684
-2620
-3004
-1500
-780
-1564
-2236
-2236
-2748
-4604
-6140
-6396
-5628
-5372
-4860
-3132
120
2876
3772
3772
4092
3644
1244
-1692
-3516
-4604
-5884
-6396
-5116
-2492
48
1820
3004
3900
4348
3260
1564
324
-492
-1692
-3004
-2876
-1372
24
812
1692
2364
1980
1052
396
260
292
356
396
812
1692
2364
2364
2364
2492
1756
396
-524
-748
-988
-1308
-1116
-524
32
556
1308
1980
2492
2492
2236
1692
1500
1436
1052
812
844
844
652
460
428
492
556
524
492
460
292
8
-112
64
780
1980
3260
4092
4348
5116
5628
6140
5884
4860
3004
132
-2876
-5372
-6140
-5628
-4860
-4092
-3132
-2108
-1756
-1564
-924
-148
104
-180
-428
-244
120
396
460
112
-620
-1884
-3516
-5116
-6140
-6908
-7164
-6652
-5116
-2748
-228
2108
3772
4348
3772
2364
684
-1308
-3132
-4348
-5116
-5116
-4348
-2492
-372
1436
2748
3260
3004
2236
1436
620
-228
-716
-844
-812
-340
620
1244
1244
684
-104
-924
-1436
-1180
-524
356
1500
2492
3516
4604
5116
5116
3900
2364
684
-1052
-2364
-2876
-2876
-2620
-2108
-1052
196
1500
2492
3132
3260
3004
2620
2108
1820
1756
1500
1052
652
428
80
-104
-48
48
104
308
716
988
1180
1372
1820
2620
3388
3900
4092
4860
5628
6140
5884
4860
3388
684
-2492
-4860
-5884
-5884
-5116
-4092
-2620
-1180
-524
-428
-24
524
396
-652
-1436
-1692
-1980
-2236
-2364
-1980
-1980
-2748
-3900
-4604
-4860
-5372
-5884
-5884
-4860
-3516
-2236
-556
1308
2364
2108
1116
16
-1116
-2364
-3772
-4348
-4348
-3772
-2748
-1180
924
2492
3004
2748
2364
1628
460
-716
-1500
-1980
-2108
-1692
-588
876
2108
2620
2364
1980
1564
1180
844
988
1436
1692
1980
2492
3004
3132
2748
1884
748
-180
-844
-1180
-1180
-780
-276
32
492
1244
1980
2620
3004
3260
3132
2876
2748
2492
2108
1980
1756
1244
924
748
524
324
324
524
780
988
1180
1244
1180
1372
1884
2492
3132
3516
3900
4604
5628
5884
5372
4604
2876
180
-2876
-4860
-5884
-5884
-5628
-5116
-3644
-2492
-1884
-1564
-924
-196
-428
-1308
-1820
-1884
-1980
-2364
-2620
-2364
-2492
-3260
-4092
-4604
-4860
-5116
-5628
-5628
-4604
-3388
-2108
-988
396
1436
1372
524
-356
-1052
-1884
-3004
-3644
-3260
-2236
-1244
-112
1052
1980
2236
1820
1372
1116
716
0
-620
-652
-148
396
1052
1820
2364
2236
1756
1308
1116
988
924
924
1052
1372
1756
2108
2364
2364
2108
1372
588
104
-260
-460
-428
-260
132
556
924
1436
1980
2236
2364
2364
2364
2364
2236
1980
1692
1628
1436
1116
1116
1308
1372
1372
1564
1628
1628
1500
1244
924
748
812
1052
1628
2364
2876
3132
3644
4604
5372
5116
4348
3644
1980
-812
-3260
-4604
-5116
-5116
-5116
-4348
-3132
-2236
-1980
-1980
-1564
-1372
-1884
-2748
-2748
-2492
-2620
-2748
-2492
-1980
-2108
-2620
-3260
-3644
-4092
-4604
-5372
-5372
-4604
-3388
-2492
-1372
164
1116
1052
340
-308
-988
-1756
-2492
-2620
-2364
-1692
-1116
-556
292
1180
1436
1180
876
716
244
-356
-428
96
748
1308
1884
2492
2748
2492
1980
1180
460
-120
-588
-748
-324
460
1180
1692
2364
3004
3132
2876
2492
2108
1372
684
196
0
0
0
180
588
1180
1564
1820
1884
1884
1884
1884
2108
2492
2876
3132
3260
3132
2876
2236
1628
1116
492
-80
-396
-460
-340
148
1180
2364
3260
3516
3644
4092
4604
5116
5116
4604
3644
1884
-684
-3260
-4860
-5628
-5628
-5628
-4860
-3772
-2876
-2364
-1980
-1372
-988
-1308
-2108
-2748
-2748
-2876
-3004
-3132
-3004
-3132
-3644
-4092
-4348
-4348
-4348
-4604
-4604
-4092
-3132
-2108
-924
260
1244
1500
924
0
-988
-1980
-2876
-3132
-3004
-2108
-1052
72
1052
1980
2492
2620
2364
1820
1180
588
120
-96
96
620
1116
1436
1692
1884
1884
1500
988
620
244
-56
-8
292
876
1628
2108
2236
2108
1692
876
0
-372
-340
-212
120
780
1372
1692
1980
2108
1980
1692
1500
1244
1052
1116
1372
1820
2236
2620
2876
2876
2492
2108
1692
1308
988
748
340
96
356
684
1180
2108
3004
3260
2876
3004
3644
4348
4860
4860
4348
3132
1244
-1180
-3260
-4348
-4604
-5116
-5372
-5116
-4092
-3644
-3260
-2620
-1884
-1564
-1692
-1820
-1692
-1436
-1244
-1500
-1980
-2108
-2620
-3388
-4092
-4604
-4860
-5116
-5116
-4604
-3772
-2748
-1628
-556
396
1180
1372
876
8
-988
-1980
-2748
-2748
-2364
-1500
-588
244
812
1180
1564
1692
1500
1116
652
396
260
396
876
1372
1500
1244
748
88
-492
-988
-1244
-1180
-716
-64
620
1436
2236
2620
2620
2620
2236
1692
1052
428
64
-132
-164
-64
148
396
684
812
988
1436
1884
2236
2492
2876
3132
3132
3260
3260
3388
3004
2364
1564
924
460
180
0
-40
260
684
1244
2108
3260
4092
4092
4092
4092
4092
4348
4348
3900
3260
1820
-148
-2236
-4092
-4604
-4860
-4860
-4860
-4092
-3260
-2748
-2620
-2108
-1372
-988
-1116
-1372
-1500
-1564
-1756
-2236
-2620
-2748
-3132
-3900
-4860
-4860
-4604
-4348
-4092
-3388
-2492
-1692
-988
-340
396
924
812
164
-748
-1564
-2108
-2620
-2492
-1692
-748
96
684
1116
1372
1372
1116
620
88
-212
-372
-372
-96
396
812
876
844
716
460
112
-212
-556
-780
-716
-428
56
748
1500
1980
2108
1980
1756
1116
556
244
72
196
620
1116
1500
1820
1820
1564
1244
1116
1244
1308
1628
2108
2620
3004
3260
3516
3644
3516
3004
2492
2108
1564
1116
716
620
988
1180
1244
1820
2620
2876
2748
2748
3260
4092
4348
4092
3644
3004
1692
-228
-2108
-3132
-3516
-3772
-4348
-4604
-4092
-3772
-3644
-3388
-2876
-2236
-1884
-1980
-1980
-1628
-1244
-1244
-1628
-2108
-2492
-3004
-3772
-4348
-4604
-4348
-4092
-4092
-3516
-2748
-1756
-876
-196
396
684
428
-308
-1052
-1500
-1628
-1564
-1308
-812
-292
72
196
292
428
460
340
164
8
64
260
428
716
988
924
556
120
-228
-524
-748
-876
-988
-988
-844
-524
80
844
1628
2108
2364
2108
1692
1180
812
588
396
356
492
556
652
748
812
780
684
716
812
1116
1564
2236
2748
3260
3772
3900
3772
3388
2876
2364
1884
1436
876
620
780
1244
1884
2620
3388
3772
3772
3644
4092
4604
4860
4348
3644
2620
988
-988
-2492
-3004
-2876
-2748
-2876
-2876
-2748
-2876
-3132
-3260
-2748
-2236
-2108
-2364
-2236
-1980
-1628
-1564
-1980
-2364
-2876
-3644
-4604
-4860
-4604
-4092
-3388
-3004
-2364
-1692
-1180
-812
-556
-524
-844
-1436
-2108
-2620
-2492
-1980
-1180
-276
492
924
876
524
64
-292
-556
-716
-812
-780
-524
8
588
1180
1692
1820
1564
876
244
-196
-556
-684
-684
-620
-396
-32
340
748
1308
1756
1884
1564
1116
748
556
620
844
1052
1244
1308
1052
652
228
148
244
372
716
1180
1692
2108
2364
2748
3132
3388
3516
3388
2876
2492
1884
1052
620
588
844
1308
1820
2492
3004
3132
3132
3516
4348
4860
4604
4092
3004
1692
-72
-1692
-2492
-2492
-2364
-2364
-2748
-2876
-3132
-3260
-3388
-3132
-2492
-1980
-1980
-2236
-2236
-2108
-1980
-2236
-2620
-3004
-3516
-4092
-4348
-4348
-3772
-3004
-2364
-1756
-1244
-924
-812
-844
-1052
-1244
-1628
-1980
-2108
-1980
-1564
-988
-460
-40
148
180
132
88
148
308
556
652
716
780
780
812
924
924
924
844
556
276
64
8
72
88
88
120
164
276
492
876
1244
1372
1180
876
524
308
428
748
1116
1308
1180
780
292
0
72
428
924
1372
1564
1500
1436
1500
1692
2108
2620
3004
2876
2620
2108
1756
1820
2108
2620
3260
3772
4092
3644
2876
2492
2492
3004
3388
3644
3516
3004
1692
32
-1436
-1980
-1980
-1820
-1980
-2492
-2876
-3388
-3772
-3772
-3388
-2620
-1980
-1820
-1980
-2108
-2236
-2236
-2492
-2748
-3132
-3644
-4092
-4348
-4348
-4092
-3388
-2620
-2108
-1980
-1820
-1692
-1564
-1500
-1372
-1244
-1180
-1244
-1244
-1180
-876
-524
-180
80
340
492
524
396
212
112
16
0
72
196
428
652
844
988
1116
1180
1180
1052
844
588
356
96
-96
-196
-212
-132
0
228
524
780
924
924
812
620
492
460
396
396
460
524
684
924
1180
1564
1820
1884
1884
1692
1564
1564
1692
1980
2364
2620
2620
2492
2364
2620
2876
3260
3900
4348
4092
3644
3260
3004
2876
2748
2876
2876
2492
1500
120
-1052
-1564
-1564
-1500
-1692
-1884
-2236
-3004
-3644
-4092
-3772
-3004
-2236
-1820
-1820
-2236
-2748
-3260
-3516
-3516
-3260
-3004
-2876
-2748
-2748
-2748
-2620
-2364
-2236
-1980
-1980
-1884
-1980
-1980
-1884
-1692
-1308
-924
-652
-396
-148
132
428
588
652
716
748
588
212
-228
-556
-652
-460
-132
244
620
844
924
924
876
844
1052
1180
1180
1180
1052
780
588
428
308
164
-48
-356
-588
-620
-492
-72
356
876
1180
1180
876
460
228
196
428
924
1500
1980
2108
1980
1628
1244
988
988
1180
1500
1820
1980
2108
2108
2236
2748
3388
4092
4092
3772
3388
3132
3132
3132
3004
3004
2748
1980
652
-780
-1756
-1980
-1628
-1116
-876
-988
-1564
-2492
-3644
-4348
-4604
-4092
-3004
-2108
-1628
-1756
-2364
-3260
-3900
-4092
-4092
-3516
-3004
-2620
-2364
-2364
-2364
-2492
-2492
-2364
-1980
-1628
-1308
-1308
-1500
-1564
-1372
-1052
-652
-228
120
428
556
396
212
132
340
588
812
780
524
260
56
88
276
652
1180
1692
1980
1980
1628
1244
924
1052
1436
1820
2236
2364
2108
1564
876
212
-244
-460
-396
-292
-132
32
96
244
428
556
620
748
988
1180
1308
1436
1500
1372
1308
1308
1436
1628
1820
1884
1756
1500
1372
1180
1180
1500
1820
2236
2364
2492
2492
2620
2748
2876
3132
3260
3260
2748
1820
684
-48
-340
-340
-276
-396
-812
-1692
-2876
-4092
-4860
-5116
-4604
-3900
-3132
-2620
-2620
-2748
-3132
-3388
-3516
-3516
-3132
-2492
-2108
-1820
-1884
-2236
-2492
-2876
-3004
-2876
-2492
-2108
-1820
-1628
-1372
-1180
-924
-748
-556
-244
164
556
780
780
748
716
652
620
556
492
428
324
340
340
372
620
988
1308
1564
1692
1628
1628
1756
1980
2108
2236
2236
1980
1692
1372
1052
780
716
716
844
812
588
244
-88
-428
-588
-524
-340
40
428
812
1180
1372
1436
1372
1372
1436
1500
1628
1756
1980
2108
2108
1980
1628
1308
988
748
588
460
428
492
620
924
1308
1692
1884
1980
1980
1756
1308
812
308
-8
-212
-324
-460
-716
-1116
-1692
-2236
-2620
-2748
-2748
-2364
-2108
-1884
-1980
-2236
-2748
-3260
-3516
-3644
-3388
-3004
-2492
-2236
-2108
-2236
-2620
-3004
-3260
-3132
-2748
-2236
-1692
-1180
-844
-684
-780
-812
-748
-556
-244
164
588
844
924
988
988
1052
1116
1244
1500
1756
1884
1756
1564
1308
924
684
620
716
988
1180
1500
1756
1980
2108
1980
1820
1692
1500
1436
1500
1564
1692
1564
1308
812
212
-428
-988
-1372
-1500
-1436
-1180
-780
-340
-16
276
524
620
780
988
1116
1116
1180
1116
924
780
588
428
212
56
32
48
40
40
104
196
340
492
684
812
924
780
620
340
132
-64
-212
-356
-428
-460
-620
-748
-748
-716
-716
-780
-924
-988
-1052
-1052
-988
-876
-684
-556
-524
-588
-684
-812
-924
-1052
-1116
-1052
-844
-620
-460
-396
-396
-492
-684
-924
-1116
-1180
-1244
-1244
-1116
-876
-684
-492
-356
-212
-104
-64
56
196
356
396
460
460
396
340
276
148
64
-24
-148
-212
-148
0
180
372
620
844
988
1180
1244
1308
1180
1116
924
844
780
684
588
460
260
120
8
-88
-112
-132
-132
-104
0
180
372
556
748
924
988
988
924
876
780
716
684
716
780
812
748
588
396
180
-64
-212
-356
-372
-396
-372
-308
-244
-228
-260
-292
-372
-396
-396
-356
-276
-244
-212
-228
-356
-492
-652
-780
-924
-1116
-1244
-1308
-1308
-1180
-1052
-924
-844
-780
-748
-684
-556
-372
-148
0
132
308
396
396
324
244
96
-148
-340
-428
-428
-324
-228
-40
120
260
460
556
556
620
556
524
428
428
428
396
460
492
460
428
340
164
-8
-180
-308
-356
-276
-164
0
132
164
196
212
132
-32
-148
-260
-372
-460
-460
-460
-428
-356
-324
-372
-492
-620
-780
-924
-988
-876
-684
-428
-88
244
588
876
1052
1116
1116
1116
1052
988
924
876
812
684
620
460
372
292
260
212
228
292
356
428
492
588
684
652
588
492
356
228
96
40
8
-16
-72
-80
-164
-292
-428
-588
-716
-748
-652
-620
-556
-396
-308
-260
-244
-276
-340
-524
-620
-684
-684
-620
-524
-340
-180
16
164
228
180
148
104
-16
-132
-164
-148
-132
-32
148
292
396
428
428
396
372
324
308
324
396
428
460
460
460
372
164
0
-104
-276
-460
-492
-524
-620
-684
-652
-556
-556
-556
-588
-748
-780
-812
-844
-876
-812
-748
-684
-652
-620
-620
-716
-780
-780
-748
-652
-492
-324
-56
196
460
652
812
924
988
988
1052
1116
1052
988
988
1052
988
876
844
780
652
556
524
492
396
356
372
396
460
428
396
372
340
260
196
112
80
16
0
-88
-196
-276
-372
-428
-492
-588
-620
-652
-652
-556
-556
-524
-492
-396
-292
-120
0
40
72
16
16
24
80
56
64
40
16
24
120
228
292
396
460
492
460
396
276
196
148
64
24
112
212
292
396
556
620
684
652
652
492
260
72
-148
-372
-524
-652
-780
-844
-924
-924
-988
-924
-812
-716
-556
-396
-244
-196
-180
-164
-212
-396
-652
-988
-1180
-1244
-1372
-1308
-1180
-876
-524
-96
292
684
988
1116
1116
988
812
620
340
180
112
8
-40
0
40
48
0
8
112
212
260
340
428
460
460
428
396
340
196
8
-148
-276
-340
-396
-396
-356
-228
-104
0
196
324
292
180
40
-132
-292
-356
-372
-396
-372
-324
-244
-64
120
244
428
556
652
716
748
844
812
716
524
372
196
88
0
-72
-120
-148
-104
0
196
340
524
588
748
876
924
876
812
652
428
196
8
-80
-212
-396
-524
-556
-588
-524
-396
-324
-260
-260
-260
-196
-132
-132
-164
-164
-180
-244
-260
-308
-356
-396
-460
-524
-524
-460
-460
-428
-324
-228
-104
16
132
228
292
340
356
260
164
48
-80
-148
-180
-196
-244
-324
-372
-460
-524
-556
-556
-492
-324
-196
-96
-80
-104
-112
-132
-212
-292
-372
-460
-556
-588
-524
-428
-308
-196
-32
132
244
356
428
396
340
292
212
228
372
492
524
524
524
428
372
396
460
524
620
716
780
876
924
924
748
524
276
8
-228
-356
-396
-396
-260
-96
56
276
396
428
428
356
244
132
0
-120
-228
-340
-428
-492
-556
-556
-588
-588
-588
-492
-356
-212
-40
32
96
104
112
132
72
-24
-112
-244
-372
-396
-396
-308
-196
-148
-132
-56
-32
-16
64
148
196
292
372
460
524
556
556
460
324
164
-24
-132
-212
-292
-308
-356
-396
-372
-276
-180
-148
-72
-64
-48
-104
-164
-196
-292
-372
-428
-460
-556
-588
-588
-588
-556
-492
-356
-180
0
164
260
292
324
212
180
120
80
104
132
148
212
276
324
396
428
492
556
620
652
652
652
652
620
620
588
492
356
244
120
48
72
80
164
212
260
292
244
196
112
24
-32
-40
8
40
64
40
-32
-132
-244
-396
-460
-460
-428
-396
-308
-212
-120
-72
-72
-104
-148
-260
-396
-492
-524
-524
-556
-460
-396
-276
-132
-48
8
0
-56
-96
-196
-340
-396
-396
-396
-356
-228
-104
16
112
164
180
164
148
96
16
-16
-48
-164
-228
-276
-276
-260
-260
-196
-164
-212
-212
-132
-132
-132
-16
96
132
132
120
40
-32
-40
-48
-24
40
120
212
244
324
356
292
196
164
148
132
148
212
228
228
196
148
88
16
-40
-64
-16
132
292
460
684
876
988
924
844
684
492
276
56
-132
-276
-308
-292
-196
-32
88
228
340
372
428
492
492
492
396
260
148
-16
-196
-276
-396
-460
-524
-524
-460
-372
-244
-148
-56
56
148
164
112
32
-64
-180
-292
-372
-396
-396
-460
-428
-460
-428
-372
-324
-260
-164
-80
32
164
260
340
396
340
228
88
24
-40
-164
-228
-276
-308
-292
-292
-244
-120
-8
72
164
228
212
164
112
72
56
8
-64
-196
-308
-396
-492
-524
-524
-492
-428
-292
-164
-56
24
32
8
-40
-120
-228
-324
-396
-460
-492
-492
-492
-428
-372
-308
-244
-164
-132
-32
64
120
212
276
324
396
492
492
524
492
372
308
212
120
8
-56
-88
-104
-72
0
132
292
460
652
780
876
988
988
924
844
620
428
228
56
-16
-40
-24
72
212
356
396
428
396
396
372
276
148
72
-8
-88
-132
-96
-24
-24
-80
-104
-120
-164
-196
-180
-112
-40
48
88
148
196
276
212
64
-48
-228
-396
-588
-716
-748
-780
-716
-556
-340
-88
72
244
308
260
132
-56
-196
-356
-524
-652
-716
-812
-844
-812
-684
-492
-340
-212
-112
-16
16
0
-16
-88
-164
-292
-428
-524
-588
-620
-556
-492
-428
-428
-428
-396
-428
-372
-276
-164
-24
148
276
396
492
524
492
372
260
64
-48
-180
-276
-228
-148
-80
64
260
396
556
716
780
780
844
844
780
748
716
684
588
492
396
372
308
292
356
428
460
556
588
620
652
684
684
652
588
492
372
196
72
-16
-148
-212
-228
-148
-56
72
260
396
428
396
340
244
212
96
8
-40
-132
-164
-244
-308
-356
-460
-524
-524
-492
-460
-396
-324
-260
-228
-244
-292
-324
-356
-396
-492
-556
-652
-716
-716
-684
-620
-556
-524
-492
-460
-428
-396
-396
-356
-340
-324
-340
-396
-428
-428
-492
-460
-460
-460
-460
-492
-492
-460
-396
-340
-244
-120
0
64
148
212
276
292
292
228
196
164
96
72
56
64
32
40
48
48
40
64
112
228
324
428
524
620
748
780
812
812
748
620
524
356
228
180
132
148
228
228
308
396
492
556
620
620
620
556
460
356
244
212
148
104
96
72
64
56
48
72
120
164
244
324
396
524
492
428
428
340
196
32
-148
-324
-524
-620
-684
-652
-524
-396
-244
-104
-16
16
8
-8
-64
-180
-292
-356
-460
-556
-588
-588
-588
-588
-588
-620
-588
-556
-556
-524
-492
-428
-428
-428
-428
-356
-260
-196
-132
-132
-164
-212
-292
-340
-340
-340
-372
-324
-260
-196
-72
80
212
292
308
340
308
276
196
164
80
32
-16
-72
-40
32
120
180
244
308
372
396
428
428
396
356
324
340
372
428
492
460
460
428
292
212
180
148
112
96
104
148
196
196
212
244
180
120
112
80
16
-32
-48
-96
-88
-32
0
88
164
180
212
196
212
260
276
260
244
180
164
112
48
-24
-132
-260
-324
-356
-324
-292
-260
-180
-132
-112
-112
-72
-88
-96
-132
-132
-132
-180
-180
-244
-308
-372
-428
-492
-492
-460
-428
-428
-428
-372
-356
-292
-212
-180
-148
-132
-148
-196
-212
-180
-180
-196
-196
-196
-260
-292
-308
-308
-276
-180
-80
56
164
292
372
428
460
460
396
260
164
16
-32
-32
-16
40
88
104
132
196
276
396
428
524
524
524
556
588
524
492
428
308
196
56
-16
-48
-80
-80
-8
104
180
228
324
372
396
396
340
276
196
56
-32
-88
-180
-276
-340
-372
-324
-244
-180
-56
64
164
244
276
292
292
228
180
64
-104
-212
-340
-396
-396
-396
-356
-260
-212
-196
-164
-164
-132
-164
-164
-164
-180
-180
-228
-292
-324
-428
-524
-556
-556
-556
-556
-460
-396
-276
-148
-24
40
32
16
0
-72
-96
-120
-212
-244
-244
-212
-164
-120
-120
-48
-56
-132
-88
-16
64
132
196
244
244
244
228
180
148
180
164
212
212
244
292
308
308
372
428
428
396
428
460
460
460
460
492
492
460
428
308
212
148
132
148
164
180
244
324
340
396
428
372
292
228
96
-24
-64
-104
-180
-212
-212
-212
-196
-196
-164
-72
-40
0
104
164
244
324
308
260
244
180
32
-96
-228
-324
-460
-492
-492
-492
-492
-492
-492
-460
-396
-372
-276
-180
-48
24
56
104
120
88
-8
-148
-308
-492
-652
-684
-716
-780
-652
-524
-428
-292
-132
-56
-40
-40
-48
-96
-104
-48
-56
-56
-64
-64
-196
-372
-524
-684
-748
-748
-652
-492
-308
-120
80
308
492
588
620
620
588
428
292
164
24
0
0
-24
-8
24
64
120
228
340
428
556
588
620
652
588
556
492
372
340
292
196
164
148
180
180
244
356
396
492
460
460
460
324
212
56
-64
-196
-276
-276
-260
-196
-104
-56
-8
48
120
164
212
260
292
292
244
212
148
56
-16
-96
-228
-292
-276
-308
-324
-292
-244
-132
-72
0
80
96
88
64
-24
-80
-80
-56
-64
-32
-16
-96
-148
-180
-196
-212
-244
-228
-212
-244
-212
-132
-72
-8
16
80
88
56
-24
-80
-132
-212
-292
-372
-428
-428
-460
-428
-428
-396
-308
-228
-180
-80
0
196
228
588
1564
1884
924
-844
-1564
-1436
-1180
-1180
-1180
-196
1116
988
-524
-1308
-748
-212
-524
-588
148
924
988
356
180
684
924
340
-324
-260
16
-32
40
112
396
588
460
244
292
652
428
460
780
620
56
-372
-716
-844
-588
-148
132
492
988
1308
1436
876
-292
-924
-716
-748
-1180
-1116
-24
780
120
-988
-1116
-620
-780
-1308
-844
428
924
180
-244
492
844
-64
-492
372
988
396
-56
340
620
132
-524
-428
244
260
-460
-428
324
556
32
-228
164
428
164
164
620
1052
988
716
844
812
396
-80
-276
-244
-228
-164
-196
-132
80
72
-80
-96
132
276
260
292
492
556
324
32
-120
-8
-8
-24
-72
-276
-396
-428
-524
-652
-372
-72
-24
48
292
308
212
212
132
40
120
196
16
-212
-324
-308
-428
-492
-340
-244
-308
-356
-340
-396
-428
-428
-460
-340
-56
-72
-372
-588
-492
-372
-372
-372
-212
-96
-164
-308
-428
-260
-24
24
0
-24
-132
-308
-524
-588
-556
-460
-372
-372
-308
-96
40
0
16
212
276
228
120
8
0
148
196
132
292
492
556
620
620
556
396
164
-16
0
48
72
96
132
260
324
340
324
324
308
244
212
244
228
164
148
64
8
8
-16
-112
-80
64
164
196
148
180
196
148
104
56
56
48
72
132
164
244
196
48
32
8
-24
-88
-112
-148
-120
48
164
276
340
428
492
396
372
428
324
212
80
-164
-292
-340
-340
-340
-460
-524
-460
-396
-260
-132
-24
104
88
-8
-112
-120
-112
-148
-96
48
96
-8
-88
-104
-104
-148
-96
56
148
148
72
96
196
112
-56
-56
64
80
64
132
260
324
260
164
164
164
48
48
196
308
396
556
684
556
340
212
72
-132
-308
-324
-324
-276
-228
-164
-32
112
64
0
112
196
24
-164
-228
-396
-684
-812
-748
-748
-780
-780
-652
-492
-428
-460
-428
-260
-228
-308
-276
-228
-228
-324
-276
-164
-180
-212
-244
-212
-164
-212
-260
-228
-104
-32
24
148
260
244
96
8
64
96
96
104
132
148
164
80
40
32
-48
-104
-80
-40
-24
-80
-132
-96
-32
-24
-32
-32
0
-40
-104
0
80
164
260
308
324
292
340
396
324
196
132
132
132
104
16
-48
0
64
64
80
180
292
276
292
556
588
492
492
460
460
460
396
340
428
524
524
492
556
556
396
244
260
356
356
356
428
340
132
8
-64
-180
-260
-244
-292
-356
-356
-524
-652
-620
-492
-428
-292
-112
-132
-212
-260
-244
-132
-48
-56
-132
-260
-428
-524
-524
-492
-396
-324
-308
-260
-260
-228
-180
-88
72
212
196
164
104
-104
-276
-324
-308
-244
-104
132
308
396
460
428
276
148
56
-56
-164
-212
-244
-276
-276
-276
-292
-244
-180
-148
-104
16
40
56
56
96
72
-64
-164
-196
-212
-180
-96
-72
0
32
96
72
40
32
8
16
148
276
292
324
292
164
64
32
32
104
148
260
396
556
588
588
588
524
460
372
428
492
492
492
428
324
196
-40
-292
-428
-428
-372
-276
-112
-8
64
56
64
48
-40
-180
-324
-396
-396
-396
-428
-492
-588
-716
-748
-652
-556
-428
-356
-340
-428
-460
-460
-460
-492
-492
-460
-324
-112
-24
56
148
212
196
164
196
212
180
120
132
228
228
180
148
180
228
228
244
308
276
148
56
-32
-24
-64
-56
32
196
396
460
460
428
356
244
112
-48
-88
-88
-104
-104
-56
0
40
40
8
48
88
72
24
40
112
132
132
260
324
292
228
164
32
-56
-88
-148
-212
-212
-120
56
308
524
620
652
588
460
396
428
428
324
244
228
212
88
-8
-8
-40
-112
-148
-132
-148
-260
-428
-428
-428
-396
-372
-340
-276
-276
-340
-356
-324
-396
-428
-460
-396
-356
-324
-228
-164
-104
-112
-244
-372
-372
-340
-372
-372
-292
-308
-292
-244
-112
40
228
396
428
460
428
340
196
32
-64
-96
-148
-104
-16
56
72
88
80
-40
-48
-48
-96
-96
-56
0
72
56
120
196
228
180
32
-48
-88
-164
-292
-276
-212
-164
-196
-148
-112
-112
-72
-24
120
276
324
324
308
276
244
260
276
228
196
72
-24
-80
-132
-164
-64
48
148
372
620
716
844
988
988
812
620
396
164
0
-64
-48
-48
16
112
148
80
0
-88
-212
-276
-292
-276
-196
-104
-88
-132
-112
-148
-228
-244
-292
-372
-428
-492
-588
-588
-524
-428
-372
-276
-244
-260
-244
-244
-308
-340
-396
-428
-492
-428
-308
-228
-132
0
132
212
324
276
148
80
40
72
32
72
112
148
112
32
-24
-112
-148
-180
-148
-24
64
72
40
96
196
180
180
228
228
244
292
292
292
228
80
-8
-104
-148
-132
-88
0
16
56
148
260
308
308
340
396
428
460
588
652
620
524
428
308
196
40
-96
-164
-132
-40
64
180
276
356
396
428
428
428
356
260
148
72
16
-80
-148
-196
-212
-164
-148
-104
-88
-104
-148
-244
-340
-396
-428
-492
-492
-492
-460
-396
-428
-428
-428
-428
-460
-524
-492
-396
-396
-356
-340
-292
-196
-196
-228
-180
-164
-148
-120
-164
-180
-180
-180
-164
-120
-64
24
96
180
276
276
244
212
212
164
148
180
104
24
0
-16
0
112
164
164
148
132
40
0
96
72
0
16
48
48
48
148
228
228
292
228
120
0
-148
-260
-324
-308
-260
-196
-88
-8
48
132
260
308
276
324
396
396
356
356
356
292
196
132
120
72
-8
-16
16
56
164
228
340
460
460
460
428
324
180
24
-80
-180
-212
-276
-276
-276
-292
-260
-292
-260
-212
-260
-276
-308
-372
-460
-524
-556
-556
-524
-460
-356
-260
-276
-308
-324
-308
-324
-292
-244
-196
-164
-164
-112
-40
8
16
-8
-16
-48
-88
-72
-48
-48
-24
24
148
324
460
492
556
524
460
396
356
340
276
228
212
212
260
324
372
396
428
428
356
292
212
180
148
148
228
292
340
372
396
356
324
228
120
24
-48
-112
-196
-244
-260
-260
-228
-228
-164
-88
-64
-8
32
56
72
80
88
80
40
-8
-80
-104
-148
-196
-244
-308
-260
-260
-244
-132
-40
-16
40
88
88
16
-56
-132
-244
-308
-292
-308
-340
-292
-292
-244
-164
-132
-164
-212
-292
-340
-428
-428
-396
-340
-244
-260
-212
-228
-244
-228
-276
-308
-356
-356
-372
-340
-292
-212
-132
-32
80
148
148
148
104
16
-56
-80
-120
-132
-64
32
148
276
396
460
492
492
460
428
292
244
164
180
244
228
276
324
356
372
340
276
212
104
64
48
48
88
164
260
340
428
492
460
324
228
120
24
-32
-56
-16
24
40
48
40
64
32
8
-32
-72
-64
-80
8
148
228
308
356
396
372
292
164
48
-40
-132
-196
-196
-180
-164
-96
-56
24
56
64
40
8
-48
-120
-180
-212
-244
-228
-180
-164
-112
-132
-164
-212
-276
-396
-492
-556
-588
-556
-492
-396
-276
-112
-72
-16
0
-16
-56
-72
-120
-212
-196
-180
-132
-64
-32
8
88
164
212
212
180
120
72
16
0
24
48
56
80
120
132
96
48
40
16
-24
-56
-40
-64
-32
48
104
164
148
120
48
0
-56
-132
-148
-180
-244
-276
-212
-120
-64
8
96
148
196
180
180
120
72
24
-56
-96
-132
-132
-164
-148
-132
-72
-24
16
48
132
164
212
244
260
276
260
260
180
96
40
-32
-96
-196
-212
-180
-180
-132
-48
16
120
228
292
292
308
308
260
196
132
80
16
-24
-56
-80
-88
-120
-196
-212
-228
-212
-164
-164
-80
16
112
196
340
396
396
324
244
148
64
-8
-80
-164
-180
-120
-72
0
112
180
244
260
212
164
88
16
-24
-24
-16
-32
-48
-104
-148
-164
-120
-72
-56
16
96
164
180
164
148
132
88
48
-8
-64
-148
-228
-244
-308
-308
-340
-340
-292
-228
-120
-32
16
32
32
40
0
-40
-64
-132
-212
-244
-244
-244
-260
-260
-244
-180
-88
-8
80
104
132
132
120
120
112
72
56
80
16
-8
-72
-56
-80
-88
-88
-64
-8
32
80
148
260
324
340
276
180
56
-32
-96
-148
-212
-260
-276
-260
-260
-180
-148
-148
-112
-72
-72
-96
-112
-104
-148
-196
-164
-164
-148
-112
-48
-40
-16
-8
0
-16
-24
24
24
96
112
96
112
88
112
148
164
120
40
40
0
0
16
48
132
196
260
324
356
356
356
324
292
244
196
132
80
64
72
72
56
48
56
80
56
32
8
-40
-16
24
48
104
112
132
180
196
180
148
164
132
104
96
104
32
8
56
56
56
56
72
112
148
112
80
112
180
196
196
196
196
148
72
24
8
-24
-56
-64
-72
-40
-24
-8
16
32
72
80
48
8
-64
-148
-228
-292
-340
-396
-396
-428
-460
-492
-492
-492
-524
-524
-460
-396
-372
-356
-356
-356
-340
-276
-276
-276
-212
-244
-292
-292
-308
-324
-340
-324
-276
-244
-196
-120
-88
-56
-16
40
56
72
120
112
64
64
64
24
32
40
80
104
132
180
164
120
64
72
88
88
104
132
132
164
196
164
148
104
64
32
-8
40
80
88
148
196
212
260
292
308
308
324
308
260
244
244
212
196
212
228
244
292
276
276
292
276
292
292
260
260
276
276
260
244
212
180
132
132
212
244
196
164
112
72
32
8
16
0
-40
-64
-120
-132
-120
-148
-164
-196
-196
-228
-244
-196
-164
-148
-148
-132
-196
-212
-260
-308
-292
-324
-292
-244
-180
-120
-112
-112
-88
-132
-180
-180
-228
-260
-244
-276
-276
-196
-112
-88
-40
32
8
-24
-16
-56
-132
-132
-72
-56
-32
-32
8
16
24
16
-8
-24
-40
-48
-64
-56
-56
-40
0
0
8
24
0
-48
-104
-148
-132
-96
-56
-56
8
88
120
88
88
104
120
112
56
0
-32
-80
-96
-96
-64
16
64
56
40
88
148
196
212
244
276
260
244
292
260
228
212
132
88
64
88
112
120
148
120
132
148
148
148
132
96
56
40
0
-48
-104
-164
-196
-260
-244
-244
-228
-180
-104
-48
0
0
-40
-88
-148
-180
-212
-228
-212
-196
-148
-112
-132
-120
-120
-104
-96
-56
-48
-48
-72
-56
-24
24
56
40
56
0
-8
-32
-24
0
0
56
80
80
104
132
180
196
180
180
180
148
132
80
16
-16
-64
-32
-24
-8
0
0
24
40
48
56
40
40
64
88
64
16
8
-32
-32
-32
-48
-40
-48
-56
0
0
-40
-8
0
24
64
104
148
180
276
340
308
276
228
164
96
80
112
120
132
132
148
164
180
180
148
164
132
80
48
48
0
-32
-72
-132
-196
-228
-228
-244
-196
-164
-164
-148
-96
-88
-72
-72
-112
-148
-164
-164
-180
-180
-196
-212
-212
-228
-196
-164
-212
-244
-276
-292
-292
-276
-244
-228
-212
-164
-132
-96
-56
-32
-32
0
-24
-64
-56
-80
-88
-56
-24
24
80
112
132
148
164
88
8
0
8
0
8
24
32
24
24
56
64
112
112
132
148
112
96
104
88
112
132
112
96
88
72
72
88
112
120
104
104
72
88
72
88
148
196
164
196
196
180
148
148
120
40
16
-16
-48
-16
16
32
80
104
80
56
16
24
0
-16
-40
-24
-40
-88
-112
-80
-64
-88
-88
-72
-64
-112
-120
-132
-148
-104
-88
-48
0
56
80
96
56
16
-48
-104
-120
-88
-72
-24
24
24
40
24
40
16
8
-24
-72
-80
-104
-112
-120
-104
-80
-40
-32
-32
-40
-48
-24
-24
-32
-48
-56
-48
-16
-8
0
-48
-48
-80
-88
-72
-80
-88
-132
-96
-88
-80
-72
-40
24
80
56
48
64
40
-8
-24
-32
-24
-16
-32
-24
32
64
96
132
196
228
196
180
164
132
112
112
112
64
88
120
120
148
164
196
180
164
148
148
132
164
180
196
212
196
180
104
56
8
-24
-72
-112
-120
-148
-148
-148
-112
-88
-64
-24
-32
-40
-64
-104
-120
-164
-148
-148
-164
-164
-180
-180
-180
-196
-196
-164
-164
-164
-148
-112
-104
-96
-104
-132
-132
-148
-164
-196
-180
-180
-164
-112
-48
-40
-24
16
40
40
48
40
48
16
0
24
32
64
72
72
64
88
96
80
72
48
48
40
40
80
104
120
120
132
148
112
104
80
64
48
32
48
56
72
80
132
148
164
196
228
228
228
196
132
88
32
0
-8
-8
0
8
24
72
104
132
196
196
164
132
96
64
16
0
0
-24
-40
-56
-104
-148
-180
-164
-164
-164
-180
-164
-132
-148
-132
-80
-80
-120
-104
-120
-112
-88
-96
-120
-132
-132
-164
-196
-228
-212
-196
-132
-96
-32
0
24
40
32
24
-32
-32
-56
-88
-120
-148
-132
-112
-80
-48
-16
40
72
64
120
148
112
72
40
32
0
-16
0
24
24
40
64
96
132
80
48
48
40
64
96
120
132
132
96
96
88
24
32
40
16
32
48
64
88
64
72
96
88
104
104
112
88
64
64
80
56
104
120
48
32
24
0
-24
-48
-48
-32
16
32
40
80
72
56
48
16
-8
-40
-40
-64
-96
-64
-104
-112
-96
-64
-56
-56
-104
-132
-148
-132
-104
-72
-40
-40
-40
-56
-56
-72
-88
-104
-132
-180
-212
-228
-196
-180
-148
-80
-40
-40
-24
0
0
8
0
-16
-16
-32
-64
-96
-80
-88
-112
-104
-72
-24
-32
-8
32
24
32
88
72
96
88
56
80
72
80
88
88
104
120
148
164
180
148
164
148
132
132
112
80
80
72
72
80
88
120
148
164
148
164
132
148
132
104
80
88
80
56
64
56
96
120
148
148
112
72
32
-16
-96
-96
-104
-112
-132
-120
-80
-64
-24
-8
0
0
-24
-48
-88
-148
-164
-148
-180
-212
-196
-212
-196
-212
-228
-180
-180
-164
-104
-32
-24
-16
-16
-24
-40
-64
-64
-88
-120
-148
-196
-292
-244
-164
-112
-56
0
56
88
80
104
88
56
48
0
-56
-112
-132
-132
-132
-112
-56
-56
-24
-8
0
0
8
32
56
88
104
72
72
96
64
96
80
88
104
96
40
64
56
16
8
0
32
56
80
104
120
96
112
120
120
112
112
132
148
164
180
212
244
244
244
180
148
132
48
56
56
40
32
24
64
80
80
112
104
104
96
104
96
96
104
132
148
120
148
132
64
16
0
-32
-88
-80
-104
-132
-132
-148
-148
-132
-120
-104
-80
-80
-104
-120
-112
-132
-132
-148
-164
-180
-228
-260
-292
-324
-372
-356
-308
-292
-244
-212
-180
-196
-148
-132
-104
-96
-112
-132
-148
-132
-132
-104
-104
-96
-80
-64
-56
-80
-56
-64
-80
-48
-8
0
64
112
132
196
180
196
196
180
180
196
196
148
120
96
80
88
88
112
148
120
112
88
88
72
96
120
132
196
196
180
196
164
148
164
164
120
104
96
48
8
-16
-16
-40
-40
0
16
48
64
88
132
120
120
112
112
72
8
-32
-32
-72
-56
-56
-32
16
24
56
48
32
0
-40
-56
-88
-96
-88
-48
0
0
40
40
24
24
32
0
-24
-48
-72
-104
-132
-164
-180
-164
-164
-180
-212
-212
-212
-228
-212
-196
-180
-196
-180
-196
-196
-132
-132
-104
-104
-96
-120
-148
-148
-164
-180
-148
-148
-148
-132
-96
-80
-72
-32
0
16
16
72
96
120
120
132
120
80
72
40
48
64
56
56
88
80
80
80
80
132
164
164
212
244
228
228
212
180
180
228
196
180
180
148
104
80
40
8
8
8
16
40
72
80
164
180
164
164
132
88
56
24
8
-16
-16
-16
-32
-8
16
16
8
8
0
8
0
24
40
40
40
24
32
32
8
-8
-16
-8
-24
-48
-64
-64
-104
-104
-96
-88
-104
-120
-132
-164
-164
-164
-164
-132
-104
-88
-80
-96
-132
-148
-132
-104
-96
-80
-72
-72
-96
-96
-80
-104
-120
-120
-120
-120
-104
-72
-56
-32
0
24
40
104
132
132
148
148
120
112
96
64
56
64
48
24
32
40
48
64
64
96
72
64
72
88
96
104
132
104
104
96
80
64
56
16
0
-8
-40
-72
-88
-80
-88
-80
-72
-64
-48
