SAMPLES:	8274
BITSPERSAMPLE:	16
CHANNELS:	1
SAMPLERATE:	16000
NORMALIZED:	FALSE
-8
-8
-8
-8
-8
-8
-8
-8
-8
-8
-8
-8
-8
-8
-8
-8
-8
-16
-8
-8
-8
-8
0
0
0
-8
-8
0
0
0
0
0
0
0
0
0
0
0
0
8
8
8
8
8
8
8
0
0
0
0
0
8
0
0
0
0
0
0
0
0
8
0
0
8
8
8
8
8
0
0
0
0
0
0
0
0
0
0
0
8
0
8
0
8
0
0
0
0
8
0
8
8
8
0
8
8
8
0
8
8
8
8
0
0
0
0
0
0
0
0
0
0
0
0
-8
0
-8
-8
-8
-8
-8
-16
-8
-8
-8
-8
-8
-8
-8
-8
-8
-8
-8
-8
-8
-8
-8
-8
-8
0
-8
0
-8
-8
-8
-8
0
0
0
-8
0
0
0
0
0
0
0
0
0
0
0
-8
0
0
0
0
0
0
0
0
0
0
0
0
0
0
0
0
0
0
0
0
0
0
0
0
0
0
0
8
8
0
8
8
0
0
0
8
8
8
8
8
8
8
16
16
16
16
16
16
16
8
8
16
8
8
16
16
16
16
8
8
8
8
8
8
8
8
8
8
0
0
0
0
0
0
0
0
0
0
0
0
0
0
0
0
0
0
0
0
0
0
0
0
0
-8
-8
-8
-8
-8
-8
-8
-16
-16
-8
-16
-16
-8
-8
-16
-16
-8
-8
-16
-16
-8
-16
-16
-8
-8
-8
0
-8
-8
0
-8
0
0
0
0
0
0
0
0
0
0
0
0
0
0
0
0
0
0
0
0
0
0
8
8
0
0
0
0
0
0
0
0
0
-8
-8
0
0
0
0
0
0
0
0
0
-8
-8
-8
-8
0
-8
-8
-8
0
0
0
0
0
0
0
0
0
0
0
0
8
8
0
8
8
0
8
0
8
8
8
8
16
16
16
16
16
16
16
16
16
16
8
8
8
8
8
8
8
8
8
8
8
8
8
16
8
8
8
8
8
8
8
8
8
0
0
0
0
0
0
0
0
0
0
0
0
0
0
0
0
0
0
0
0
0
0
0
0
0
0
0
0
0
0
0
0
0
0
0
0
0
0
0
0
0
0
-8
-8
-8
-8
-8
-8
-8
-8
-8
-8
0
-8
-8
-8
-8
-8
-8
-8
-8
-8
-8
-16
-16
-16
-16
-16
-16
-16
-8
-16
-8
-8
-8
-16
-16
-16
-16
-16
-16
-8
-8
-8
-8
-8
-8
-8
0
-8
-8
-8
-8
-8
-8
-8
0
0
0
0
0
0
0
0
0
0
0
0
0
0
8
8
8
8
8
8
16
16
16
16
16
16
24
16
24
24
24
24
24
32
32
32
32
32
32
32
32
32
32
32
32
24
24
24
24
24
24
24
24
24
24
16
16
16
16
8
8
8
0
0
0
0
0
0
0
0
0
0
-8
-8
-8
-16
-16
-16
-16
-16
-24
-16
-16
-24
-24
-24
-24
-24
-24
-24
-16
-24
-24
-24
-24
-24
-24
-24
-24
-24
-24
-24
-24
-24
-16
-16
-16
-16
-16
-8
-16
-16
-8
-8
-8
-8
-8
-8
-8
-8
0
0
0
0
0
0
0
0
0
0
8
0
8
0
0
8
0
8
8
8
8
8
16
16
8
16
8
8
8
8
8
8
8
8
8
8
8
0
8
8
8
0
0
0
0
0
0
0
0
0
0
0
0
0
0
0
0
0
0
0
0
0
0
0
0
0
0
0
0
0
0
0
0
0
0
0
0
0
0
0
0
0
0
0
0
0
8
0
0
0
0
0
0
0
0
0
0
0
0
0
0
0
0
0
0
0
0
0
0
0
0
0
0
0
0
0
0
0
0
0
8
8
0
0
8
8
8
8
8
8
8
8
8
8
8
8
8
8
8
8
16
16
8
16
16
16
8
8
8
8
8
0
0
0
0
0
0
0
0
0
0
-8
-8
-8
-8
-8
-8
-8
-8
-8
-16
-16
-16
-16
-16
-16
-16
-16
-16
-8
-16
-8
-16
-16
-16
-16
-16
-16
-16
-16
-16
-16
-16
-24
-24
-24
-24
-16
-16
-16
-16
-16
-16
-16
-16
-16
-24
-16
-16
-16
-16
-16
-8
-8
-16
-8
-8
-8
0
0
0
0
0
0
0
8
8
8
8
16
16
16
16
24
24
24
24
24
24
24
32
24
32
32
24
32
32
32
32
32
32
40
32
32
32
40
32
32
40
40
32
32
40
40
32
24
24
32
24
24
24
24
24
24
16
16
16
8
8
0
8
0
0
0
0
0
0
0
0
-8
-8
-8
-8
-8
-16
-16
-8
-16
-16
-24
-24
-24
-32
-32
-32
-32
-32
-32
-32
-32
-40
-40
-40
-40
-40
-40
-40
-40
-40
-40
-40
-40
-40
-40
-32
-32
-32
-32
-32
-24
-24
-24
-24
-24
-24
-24
-24
-24
-24
-24
-16
-16
-8
-8
-8
-8
-8
0
-8
0
0
0
0
0
0
0
8
8
16
8
16
16
16
24
24
24
24
24
24
24
24
24
24
24
32
32
32
32
32
32
32
32
32
32
32
32
32
32
24
24
24
24
24
16
24
24
24
24
24
24
16
16
16
16
16
16
8
8
8
8
8
8
0
0
0
0
0
0
0
0
0
0
0
0
0
-8
-8
-8
-8
-8
-8
0
0
0
0
0
-8
0
0
-8
-8
-8
-16
-16
-16
-16
-16
-24
-16
-16
-24
-24
-16
-16
-16
-16
-24
-16
-24
-16
-24
-16
-16
-16
-16
-16
-8
-8
-16
-8
0
-8
-8
-8
-8
-8
0
0
0
0
0
8
8
0
0
0
0
0
8
8
8
8
8
16
16
8
8
0
0
8
0
8
8
8
0
0
8
0
0
0
0
0
0
-8
0
0
-8
-8
-8
-8
-16
-16
-16
-24
-16
-16
-24
-16
-8
-8
-8
-8
-8
-8
0
0
0
0
0
8
8
8
8
8
8
8
0
0
8
16
8
0
8
8
0
0
8
16
16
16
16
16
8
0
0
0
0
0
0
0
0
8
8
8
0
0
8
8
0
0
0
0
0
0
0
0
0
8
8
0
0
8
8
16
8
8
8
8
8
16
16
16
16
16
16
16
16
8
8
8
8
0
0
8
8
8
0
0
0
-8
-8
-8
-8
-8
-16
-16
-8
-8
-8
-16
-8
-16
-24
-24
-24
-24
-24
-24
-16
-16
-16
-16
-8
-8
-8
-8
0
0
0
0
0
0
0
0
0
0
0
0
0
0
0
0
8
8
8
0
0
16
24
8
0
16
16
0
-8
0
8
0
-16
-8
0
0
-24
-24
0
-8
-24
-40
-32
-16
-24
-48
-40
-16
-16
-32
-40
-24
-24
-32
-40
-32
-24
-24
-32
-16
0
-8
-16
-8
0
0
-8
-8
0
0
8
16
32
32
24
24
24
24
16
24
24
16
24
32
32
32
40
40
40
32
40
40
32
32
32
32
32
24
32
32
24
16
16
16
8
0
8
16
8
8
0
8
8
0
0
0
-8
-16
-24
-8
0
0
-8
0
0
0
-16
-16
0
-16
-24
0
0
0
0
0
0
0
-8
-8
0
0
0
0
0
8
8
8
16
16
0
0
0
0
0
0
8
16
16
24
8
8
0
-8
-16
-16
0
0
-8
-8
0
0
0
-8
-8
-16
-24
-32
-48
-32
-24
-24
-32
-24
-8
-24
-32
-32
-40
-48
-56
-56
-48
-40
-32
-24
-24
-16
-16
-16
-24
-24
-32
-32
-16
0
0
0
-8
0
-8
-24
-16
0
0
8
16
32
56
56
64
56
56
40
32
16
32
40
40
40
48
48
48
40
40
32
24
24
16
32
32
24
24
16
16
16
0
0
-8
-8
-16
-24
-16
-16
-16
-8
0
0
-8
-24
-16
-8
-16
-16
-8
-8
-16
-16
-24
-32
-32
-40
-48
-32
-24
-32
-40
-16
-8
-8
-8
0
8
0
0
8
16
0
8
24
32
32
40
48
56
40
40
56
48
32
40
80
104
88
88
132
132
88
40
40
48
8
-16
0
64
64
8
0
48
48
0
-16
8
8
-24
-48
-16
8
-16
-64
-64
-88
-120
-132
-132
-120
-120
-120
-96
-80
-72
-64
-32
-32
-72
-88
-64
-64
-88
-96
-80
-88
-104
-104
-88
-64
-72
-88
-80
-64
-56
-56
-40
-32
-40
-32
-40
-32
-40
-32
-16
-32
-40
-24
0
16
24
32
48
56
40
16
32
48
56
64
56
72
72
80
96
112
112
132
148
132
112
132
132
120
104
148
196
212
228
228
244
260
196
132
132
148
104
32
16
16
-24
-104
-132
-104
-80
-132
-132
-80
-48
-48
-64
-16
-24
-40
-48
-48
-72
-120
-164
-212
-244
-276
-276
-244
-228
-212
-180
-132
-72
-64
-56
-24
0
-24
-40
-40
-48
-88
-96
-96
-88
-64
-48
-16
8
40
56
80
104
112
132
120
96
80
88
120
96
88
112
132
120
80
164
228
212
260
244
196
164
132
164
164
196
164
112
356
588
684
780
844
780
460
56
-196
-428
-492
-588
-620
-492
-340
-292
-292
-180
-80
-212
-356
-324
-228
-120
-40
8
32
8
-80
-308
-556
-780
-988
-1180
-1244
-1116
-812
-524
-196
80
308
460
460
324
148
-16
-148
-228
-228
-104
40
180
244
212
180
96
-16
-80
-112
-132
-96
-8
148
340
460
492
460
292
88
-80
-148
-148
-132
-48
40
148
260
324
308
196
40
-96
-196
-244
-148
16
96
120
196
180
96
132
148
40
0
32
112
196
356
492
588
684
652
460
492
812
1052
1116
1308
1500
1308
716
276
-24
-372
-716
-924
-844
-652
-524
-428
-292
-16
24
-148
-164
-40
-16
-48
56
212
180
112
-56
-396
-780
-1180
-1564
-1884
-2108
-1980
-1564
-1116
-556
0
492
812
876
684
372
56
-260
-524
-588
-556
-396
-180
0
104
164
120
24
0
-48
-64
24
80
64
72
196
308
228
180
132
-16
-112
-212
-340
-308
-196
-120
-96
132
428
428
324
340
212
-72
-340
-460
-524
-652
-588
-260
-132
-132
-16
260
428
340
396
588
652
652
428
372
748
844
716
1180
2364
2876
2748
3132
3516
2748
1244
16
-780
-1436
-1884
-1980
-1564
-844
-620
-780
-524
-64
-80
-396
-196
276
340
428
876
1180
1116
652
-56
-1116
-2364
-3388
-4092
-4604
-4604
-4092
-2876
-1564
-292
748
1564
1980
1628
924
308
-308
-1052
-1436
-1436
-988
-396
132
556
780
716
396
-40
-324
-292
-148
120
620
1052
1308
1372
1244
652
-64
-652
-1180
-1500
-1372
-988
-460
112
588
988
1308
1500
1500
1308
1052
684
228
-120
-372
-780
-1308
-1564
-1564
-1628
-1436
-748
132
716
1180
1692
1884
1884
1628
1308
1244
1180
924
620
988
1628
1564
1436
2236
3132
3260
3260
3900
4348
3644
2108
588
-428
-1308
-2108
-2620
-2108
-1372
-1436
-1628
-1244
-716
-620
-812
-396
72
196
356
396
428
260
-396
-1308
-2492
-3516
-4348
-5116
-5116
-4860
-4348
-3260
-1884
-556
588
1436
1756
1436
812
212
-356
-924
-1372
-1564
-1372
-1052
-812
-620
-292
-132
-132
-120
-8
244
748
1372
1564
1692
1756
1436
556
-308
-844
-1308
-1628
-1500
-1180
-620
148
748
1180
1692
2108
1980
1756
1564
1308
812
524
372
96
-244
-356
-556
-924
-988
-780
-372
56
428
988
1628
1884
1980
1884
1980
2108
1884
1436
1180
1244
1116
716
924
1692
2492
3260
3772
4092
4604
4604
3644
1980
748
-396
-1692
-2364
-2492
-2108
-1692
-1692
-1692
-1564
-1308
-1180
-1308
-1052
-428
-244
-260
-96
196
180
-428
-1372
-2620
-3644
-4604
-5372
-5372
-5116
-4348
-3516
-2364
-988
276
1180
1692
1500
844
180
-460
-1180
-1756
-1884
-1628
-1372
-1052
-812
-492
-180
-64
-104
-80
120
396
588
812
1116
1372
1244
924
524
80
-428
-1116
-1628
-1500
-1052
-196
716
1500
2236
2492
2492
2364
2108
1884
1564
1116
780
524
308
72
-196
-428
-620
-652
-620
-396
260
988
1628
1980
2364
2492
2492
2236
1980
1564
1372
1052
652
524
324
196
228
748
1884
3004
3772
4092
4604
4860
4348
3004
1820
396
-1052
-2364
-3132
-3132
-2876
-2876
-2876
-2620
-2108
-1980
-1884
-1244
-620
-396
-356
-196
32
-96
-428
-988
-1980
-3004
-4092
-4860
-5116
-5116
-4604
-4092
-2876
-1500
-372
556
1244
1436
1116
556
48
-428
-988
-1308
-1436
-1372
-1308
-1244
-876
-396
-56
96
180
340
556
876
1180
1372
1308
1052
748
396
164
-164
-588
-844
-844
-588
132
1052
1692
2108
2236
2236
2108
1820
1436
1180
988
780
556
428
428
276
-112
-492
-620
-620
-492
40
876
1692
2108
2364
2364
2236
1820
1244
844
492
396
356
396
492
460
212
-244
-56
684
1500
2748
3900
4348
4604
4860
5116
4348
2748
1244
-684
-2492
-3516
-3772
-3132
-2364
-2108
-2108
-1884
-1500
-1564
-1500
-844
-556
-924
-1180
-748
-228
-96
-228
-652
-1564
-2748
-3900
-4604
-4860
-4860
-4604
-4092
-3004
-1628
-356
748
1500
1436
876
196
-492
-1308
-2108
-2236
-2236
-2108
-1628
-1116
-556
-96
24
0
32
228
460
684
1052
1308
1372
1308
1244
1052
716
212
-340
-812
-924
-684
-244
492
1372
1980
2364
2620
2620
2492
2108
1980
1692
1372
1180
1116
924
492
48
-460
-844
-844
-492
164
924
1820
2492
2876
2876
2620
2236
1564
1116
652
260
324
244
8
120
372
588
396
396
684
924
1692
2620
3260
3772
4348
4604
4860
3900
2876
1180
-684
-2492
-3772
-4092
-3644
-3004
-2748
-2492
-1980
-1756
-1980
-1820
-1372
-1180
-1500
-1756
-1500
-988
-684
-588
-924
-1692
-2748
-3900
-4860
-5372
-5372
-5372
-4604
-3388
-1980
-588
588
1372
1308
620
-180
-1052
-2108
-2748
-2748
-2236
-1756
-1308
-716
-96
428
684
748
556
492
588
748
1052
1436
1692
1564
1180
844
460
8
-396
-588
-428
104
924
1692
2492
3132
3388
3260
3132
2876
2492
2108
1756
1244
748
372
132
-244
-492
-556
-428
-292
180
1116
1980
2492
3004
3132
2876
2364
1980
1628
1052
748
396
32
96
196
356
620
1116
1372
1116
1980
2876
2108
924
492
112
-620
-988
64
1692
3004
3388
2748
2492
2236
812
-844
-1244
-844
-1244
-2236
-1980
-1052
-988
-1564
-1980
-2236
-2620
-3260
-3772
-3516
-2620
-1884
-1500
-876
-164
-196
-876
-1564
-2108
-3004
-3900
-4348
-4348
-4092
-3388
-2236
-1372
-844
-652
-684
-988
-1116
-1308
-1692
-1756
-1500
-1308
-1180
-812
-244
120
-24
-64
112
196
96
56
196
460
748
876
988
1180
1180
876
588
588
652
780
1052
1372
1564
1628
1820
2108
1980
1820
1628
1372
1052
748
716
812
748
588
396
308
292
356
652
1052
1436
1820
2108
2108
2364
2364
1980
1372
684
180
-104
-132
0
340
684
716
620
492
524
780
1052
1564
2108
2620
2876
2748
3388
4604
5372
5628
4860
3260
1052
-1820
-4092
-5372
-5116
-4092
-3388
-2748
-1820
-1180
-1052
-1116
-780
-396
-780
-1308
-1436
-1052
-652
-716
-1180
-1980
-2748
-3900
-5116
-5884
-6140
-5884
-5116
-4092
-2620
-1052
324
1436
1980
1884
1308
324
-924
-1980
-2620
-2876
-2620
-2108
-1308
-460
460
1052
1308
1308
1308
1372
1308
1308
1564
1756
1692
1436
1180
876
372
-16
-244
-260
96
748
1564
2236
2748
2876
2876
2748
2492
2108
1756
1372
988
396
-196
-524
-844
-1180
-1180
-844
-324
260
988
1756
2364
2876
3004
2748
2364
1884
1116
340
-24
-180
-716
-876
-492
-132
180
492
924
1052
924
844
924
1308
2108
2364
2236
2492
3388
4348
4348
4348
3644
2236
-40
-2364
-3644
-4092
-3644
-3260
-3132
-2748
-2364
-2492
-2748
-2748
-2364
-2236
-2620
-2748
-2236
-1372
-556
-260
-460
-988
-2108
-3388
-4604
-5372
-5372
-5372
-4860
-4092
-2876
-1372
0
1052
1436
1308
924
228
-492
-988
-1052
-924
-780
-588
-112
396
652
684
524
340
292
428
748
1116
1564
1980
2236
2364
2364
2236
1756
1244
684
308
260
588
1052
1372
1628
1756
1756
1564
1500
1628
1692
1564
1372
1052
684
396
196
-64
-356
-492
-460
-308
148
748
1244
1692
1980
1980
1628
1308
1116
924
620
556
556
652
924
924
844
748
652
588
556
1372
2620
3388
3516
3260
3260
3772
4092
4348
4092
3132
1692
-876
-3388
-4860
-4604
-4092
-3516
-3004
-2236
-1980
-1980
-1980
-1820
-1244
-1308
-1692
-1980
-1980
-1372
-1116
-1244
-1692
-2620
-3772
-4860
-5884
-6140
-5628
-4860
-3772
-2748
-1500
-148
1052
1628
1564
988
-32
-1180
-2108
-2620
-2492
-1980
-1308
-748
-276
308
780
988
876
748
844
876
924
1116
1372
1628
1692
1564
1372
1052
652
324
164
356
844
1500
1980
2364
2492
2364
2236
2108
1692
1308
876
460
88
-260
-428
-492
-524
-524
-556
-372
-40
356
924
1564
2236
2748
2876
2876
2620
2236
1628
1180
844
340
-196
-492
-308
132
492
812
1372
1820
2236
2876
3516
4092
3772
3644
4092
4860
5116
4604
3644
2364
180
-2492
-4604
-4860
-3772
-3132
-2876
-2236
-1500
-1372
-1980
-2108
-1500
-1180
-1564
-2108
-2108
-1500
-1116
-1244
-1692
-2236
-2876
-4092
-5628
-5884
-5628
-4860
-4092
-3132
-1820
-684
196
780
1052
844
-48
-1116
-1980
-2364
-2364
-1980
-1308
-588
-164
212
652
1052
1116
780
556
396
492
716
924
1244
1628
1692
1436
1180
924
716
428
196
356
748
1180
1500
1756
1884
1756
1436
1052
748
556
340
72
-132
-308
-684
-988
-1052
-924
-748
-524
-164
196
588
1052
1500
1884
2108
2108
1820
1372
1052
924
716
684
620
372
260
372
684
1180
1820
3004
4092
4604
4348
4092
4348
4860
4604
4092
3388
2492
524
-1980
-3644
-3772
-3004
-2620
-2620
-2236
-1692
-1756
-2236
-2364
-1564
-812
-844
-1244
-1436
-1052
-876
-1116
-1628
-1980
-2492
-3516
-4604
-5116
-4604
-4092
-3260
-2492
-1564
-780
-164
308
684
844
396
-460
-1308
-1628
-1564
-1180
-588
148
556
460
308
428
684
716
556
244
96
88
24
80
588
1116
1244
1052
716
428
132
-64
-32
148
620
1116
1308
1372
1308
1052
684
164
-132
-212
-324
-372
-460
-556
-844
-1436
-1820
-1820
-1564
-1052
-396
396
1500
2236
2620
2876
2748
2492
1980
1756
1628
1500
1372
1116
524
88
-148
-16
652
1820
3260
4348
5116
4860
4348
4348
4604
4604
4348
3772
2876
1180
-1052
-2876
-3388
-3004
-2876
-3132
-3132
-2748
-2620
-2876
-2620
-1628
-748
-588
-1052
-1436
-1372
-1244
-1436
-1884
-2364
-2876
-3644
-4604
-5116
-4860
-3900
-3132
-2620
-2108
-1628
-1372
-1116
-556
-104
-32
-396
-876
-1116
-1052
-748
-308
104
356
356
244
260
460
780
844
620
324
64
-88
-228
-48
428
844
1052
988
780
652
748
1052
1244
1372
1692
1820
1756
1564
1436
1372
1116
716
276
-56
-228
-276
-460
-684
-924
-1116
-1436
-1500
-1116
-524
164
844
1564
1980
1980
2108
2108
2108
2108
1980
1980
1980
1628
1180
588
324
428
716
1500
2620
3772
4348
4092
3900
4348
4604
4604
4092
3516
2492
652
-1436
-2748
-2620
-1820
-1756
-2236
-2748
-3132
-3388
-3900
-3644
-2492
-1244
-684
-988
-1308
-1244
-1052
-1180
-1628
-2236
-2748
-3516
-4348
-4604
-4348
-3644
-2748
-2236
-2108
-2108
-1980
-1756
-1244
-684
-340
-340
-556
-780
-844
-652
-356
-164
16
0
-40
-8
180
620
1052
1244
1052
684
356
64
-24
72
260
460
460
356
292
396
780
1308
1628
1564
1436
1308
1116
1116
1436
1980
2236
1980
1308
428
-492
-1308
-1756
-1980
-2108
-1884
-1500
-924
-340
324
988
1628
2108
2364
2492
2620
2620
2620
2492
2108
1756
1116
620
460
556
1116
1980
2748
3388
3388
3004
3004
3388
4348
4860
4860
4604
3516
1756
-492
-2236
-2620
-2108
-1820
-2108
-2492
-2876
-3132
-3516
-3644
-2876
-1692
-844
-876
-1436
-1692
-1628
-1692
-1980
-2364
-2620
-3004
-3644
-4092
-4092
-3516
-2620
-2108
-1884
-1980
-2108
-2236
-2108
-1692
-1180
-924
-924
-1116
-988
-716
-396
-16
308
460
428
276
132
308
652
924
988
844
556
276
0
-196
-276
-212
-72
0
48
212
652
1180
1628
1820
1884
1756
1500
1244
1180
1372
1628
1692
1308
620
-164
-844
-1372
-1628
-1564
-1180
-844
-588
-356
-96
104
428
924
1372
1756
2108
2364
2364
2364
2108
1820
1372
1052
1052
1436
2108
3004
3644
4092
3772
3132
2748
3004
3516
3772
3900
3772
3004
1436
-428
-1628
-1436
-780
-460
-748
-1308
-1820
-2620
-3516
-3900
-3388
-2236
-1564
-1628
-2108
-2620
-2876
-3004
-2876
-2620
-2236
-2108
-2364
-2748
-3004
-2876
-2364
-1980
-1820
-1884
-2108
-2236
-2364
-2108
-1820
-1500
-1308
-1244
-1308
-1180
-684
-16
588
924
988
988
924
748
588
556
684
716
556
356
196
120
148
228
308
396
492
556
620
684
924
1116
1372
1756
1980
1980
1980
1820
1628
1372
924
524
120
-292
-652
-876
-844
-748
-620
-524
-460
-460
-492
-524
-428
-56
492
1180
1756
2236
2492
2364
1980
1820
1756
1980
2620
3516
4092
4092
3388
2620
2236
2236
2364
2620
3132
3260
2620
1116
-556
-1564
-1628
-1244
-924
-876
-1052
-1436
-2364
-3260
-3772
-3644
-2876
-2108
-1820
-2108
-2620
-3004
-3388
-3516
-3132
-2492
-1980
-1756
-1980
-2492
-2876
-2876
-2748
-2492
-1980
-1500
-1372
-1628
-1980
-2108
-1884
-1500
-988
-620
-292
0
88
24
32
196
588
1052
1372
1372
1180
748
396
212
148
132
276
588
780
812
876
924
988
924
988
1116
1308
1500
1628
1692
1756
1692
1692
1692
1500
1244
876
460
72
-132
-292
-356
-228
-112
-164
-244
-180
32
148
212
276
492
748
988
1244
1436
1500
1500
1564
1628
1980
2492
3132
3644
3772
3516
3388
3260
3132
2748
2492
2620
2620
2108
1372
620
260
104
-276
-924
-1436
-1692
-1980
-2364
-2748
-3004
-3004
-2620
-2492
-2364
-2620
-3004
-3388
-3644
-3900
-3900
-3516
-3132
-2748
-2492
-2364
-2364
-2364
-2108
-1884
-1436
-1116
-988
-1180
-1436
-1820
-1980
-1980
-1756
-1372
-924
-620
-492
-588
-844
-812
-588
-104
396
812
988
988
988
924
876
812
812
924
988
876
652
428
396
684
988
1436
1756
1980
2108
1980
1820
1500
1244
1052
1052
1244
1244
1052
812
460
48
-148
-148
-80
72
244
396
372
308
340
588
1052
1500
1980
2108
1820
1308
748
460
492
716
1180
1820
2364
2620
2492
2108
1756
1628
1692
1980
2364
2620
2620
2236
1436
524
-196
-428
-212
72
276
132
-276
-988
-1884
-2748
-2876
-2748
-2236
-1756
-1564
-1756
-2236
-3004
-3644
-4092
-4092
-3900
-3388
-2620
-2236
-1980
-2108
-2236
-2236
-2236
-1980
-1692
-1308
-1308
-1308
-1372
-1564
-1564
-1500
-1308
-988
-748
-428
-276
-228
-132
-96
-72
64
260
356
428
748
988
1116
1116
1116
1052
812
620
556
684
1052
1500
1980
2492
2748
2876
2748
2492
2364
2236
2108
1884
1820
1692
1500
1116
716
308
56
-40
80
260
396
524
620
588
524
524
492
556
652
716
620
524
492
396
324
292
356
428
556
684
876
988
1052
988
876
812
684
588
524
428
196
-48
-180
-292
-356
-396
-396
-356
-396
-308
-292
-324
-340
-396
-460
-524
-588
-748
-876
-1052
-1244
-1372
-1436
-1564
-1628
-1756
-1980
-2108
-2236
-2236
-2236
-2236
-2108
-1980
-1980
-1980
-2108
-2108
-2236
-2364
-2364
-2236
-1980
-1756
-1500
-1180
-988
-924
-924
-876
-844
-748
-620
-340
-64
196
428
588
588
588
524
428
492
588
812
1116
1436
1692
1884
2108
2108
2108
2108
2236
2108
2108
1884
1756
1692
1628
1500
1308
1244
1116
988
924
780
716
684
620
620
652
748
844
844
844
844
748
684
716
748
748
716
684
716
748
748
876
988
924
812
652
524
396
292
292
428
492
396
260
88
32
-72
-72
-8
0
-32
-96
-212
-308
-356
-492
-620
-716
-748
-780
-812
-812
-780
-780
-780
-748
-780
-924
-1116
-1180
-1308
-1500
-1628
-1628
-1564
-1564
-1564
-1564
-1564
-1500
-1564
-1500
-1436
-1308
-1308
-1180
-1052
-924
-748
-780
-748
-748
-780
-876
-924
-988
-988
-924
-844
-652
-428
-212
-32
56
120
180
148
180
260
324
372
460
556
620
588
556
524
524
428
460
556
652
684
716
780
780
620
460
396
396
460
428
460
524
556
684
780
844
924
988
924
1052
1116
1116
1244
1308
1244
1244
1180
1052
924
844
812
748
716
652
620
620
588
492
460
460
396
324
292
324
324
212
164
112
132
132
104
8
-112
-212
-428
-588
-620
-556
-524
-492
-524
-588
-652
-748
-876
-924
-1052
-1180
-1180
-1116
-1052
-876
-652
-524
-340
-132
-40
-8
-48
-64
-132
-196
-180
-292
-396
-460
-524
-492
-396
-340
-276
-276
-244
-120
48
244
396
396
324
180
56
-32
-196
-308
-308
-308
-308
-244
-180
-132
-64
-48
-24
-24
-48
-64
-72
-96
-112
-120
-212
-340
-492
-652
-844
-924
-844
-780
-716
-620
-460
-292
-40
228
428
492
492
460
460
460
524
620
556
620
652
652
588
684
684
716
748
748
780
780
844
876
844
748
620
556
428
340
292
276
164
228
372
492
588
620
492
244
24
-56
-148
-244
-324
-372
-396
-460
-460
-396
-324
-372
-396
-556
-716
-844
-876
-780
-652
-460
-260
-132
-96
-48
-40
-112
-164
-276
-460
-588
-588
-492
-356
-196
56
212
308
324
292
212
148
96
80
112
132
164
212
324
340
340
308
164
0
-104
-148
-132
-64
-16
40
64
24
16
8
-112
-196
-276
-396
-460
-684
-844
-812
-812
-748
-716
-684
-652
-556
-460
-292
-148
-96
-40
32
64
112
212
260
276
228
196
212
132
164
292
396
460
524
652
620
652
716
780
812
812
716
556
396
324
276
244
308
396
460
492
556
652
684
684
556
396
260
112
0
-148
-148
-180
-276
-244
-148
-212
-292
-292
-340
-428
-428
-372
-276
-132
-120
-148
-104
-132
-228
-260
-372
-524
-716
-812
-812
-748
-620
-396
-164
0
104
180
212
148
104
-24
-164
-212
-292
-324
-228
-112
-40
16
88
164
180
104
148
244
292
324
428
428
308
164
40
-80
-212
-292
-356
-460
-588
-588
-460
-372
-324
-228
-120
-64
-16
-8
-24
-72
-164
-212
-212
-196
-120
-96
-80
-40
-32
-40
-16
-24
72
196
308
396
428
396
372
372
372
340
308
292
212
164
96
148
292
356
428
428
428
460
460
492
460
428
340
244
180
112
0
-56
-120
-228
-244
-260
-324
-292
-180
-64
8
32
80
48
16
80
132
148
72
0
-80
-180
-340
-428
-396
-460
-460
-396
-340
-324
-292
-212
-120
-24
64
196
212
212
196
148
112
88
164
180
212
244
196
212
164
112
104
96
132
148
104
24
16
16
-16
-80
-104
-180
-340
-460
-492
-492
-428
-356
-260
-164
-164
-212
-276
-308
-308
-308
-260
-228
-164
-120
-64
48
88
104
80
0
-48
-96
-48
80
196
212
180
120
88
88
132
132
120
104
40
0
-24
16
48
64
80
132
196
148
88
148
260
212
132
88
24
-80
-180
-212
-276
-340
-428
-396
-340
-212
-56
120
228
324
356
356
396
340
308
228
132
56
8
-24
-48
-88
-104
-96
-64
-72
-8
48
72
148
228
340
396
396
460
524
492
460
340
244
104
8
-32
-48
-132
-132
-64
-40
-32
0
32
0
-88
-212
-276
-340
-396
-428
-460
-492
-492
-492
-428
-356
-372
-340
-260
-196
-196
-244
-228
-212
-228
-212
-212
-212
-196
-212
-164
-48
16
120
180
292
372
396
460
492
428
356
228
132
72
24
32
0
0
8
16
96
148
164
132
132
132
132
132
228
308
396
396
372
244
24
-112
-276
-396
-428
-396
-396
-460
-428
-292
-196
-96
-40
64
196
228
212
212
164
64
-88
-260
-356
-396
-372
-340
-292
-276
-212
-104
0
148
260
396
460
428
396
372
396
428
460
492
460
340
228
212
104
24
-24
-88
-120
-104
-32
-24
0
0
-8
-48
-64
-80
-64
-132
-132
-132
-132
-112
-104
-148
-180
-148
-228
-324
-372
-340
-372
-340
-212
-80
24
96
180
196
164
96
16
32
32
64
164
228
164
104
-8
-148
-228
-340
-324
-244
-180
-96
72
212
276
308
324
308
148
72
16
-64
-80
-120
-132
-56
8
56
104
104
56
-8
-88
-132
-196
-244
-164
-148
-132
-80
24
0
-24
-64
-148
-164
-164
-112
-88
-104
-196
-340
-428
-460
-428
-396
-324
-212
-80
-40
0
80
148
180
196
196
196
228
212
292
292
324
356
340
324
372
324
228
104
24
-72
-96
-40
0
64
132
244
324
396
396
324
244
180
88
72
80
24
24
56
72
40
-32
-32
-48
-88
-64
0
72
72
132
212
180
132
64
-32
-96
-180
-228
-244
-228
-164
-56
32
112
164
104
24
-32
-40
-56
-40
-56
-72
-96
-132
-88
-104
-96
-132
-164
-132
-80
16
104
180
228
260
276
244
212
112
16
-24
-164
-244
-308
-292
-244
-164
-56
-16
-56
-148
-212
-244
-228
-212
-164
-132
-148
-180
-212
-308
-356
-372
-428
-492
-492
-396
-356
-292
-260
-180
-104
-48
-8
56
132
164
164
164
196
196
120
56
72
-56
-180
-260
-244
-228
-164
-72
48
132
244
372
428
396
340
260
228
212
164
180
196
148
80
48
-8
-16
0
0
112
196
276
356
428
556
620
588
588
460
372
228
48
-64
-104
-88
-48
32
64
80
64
72
32
64
80
32
32
56
80
80
72
72
80
24
-80
-164
-260
-324
-308
-212
-104
-40
16
96
96
96
80
64
88
0
-96
-132
-180
-244
-276
-396
-372
-428
-460
-396
-276
-148
-56
40
164
244
164
80
-8
-148
-292
-372
-428
-428
-396
-396
-292
-164
-32
48
32
72
132
104
132
148
120
88
0
-40
-80
-132
-164
-196
-308
-396
-396
-356
-260
-148
0
88
148
212
276
324
324
276
212
72
-24
-72
-112
-112
-148
-164
-120
-64
-64
-32
8
64
244
396
460
588
588
460
356
212
96
72
104
88
120
164
180
212
196
228
260
228
148
104
40
16
-56
-96
-72
-88
-64
-72
-132
-148
-120
-164
-148
-72
0
40
80
104
120
104
96
88
56
-16
-132
-112
-112
-164
-148
-180
-196
-164
-260
-308
-308
-276
-228
-120
-56
-16
8
-8
-16
-88
-132
-228
-276
-260
-308
-260
-120
16
132
244
324
308
260
228
196
196
148
80
88
72
104
104
40
16
-40
-148
-164
-196
-164
-64
40
164
244
340
396
460
396
340
308
164
48
-8
-32
-64
-64
-56
-72
-120
-88
-48
-72
-24
16
72
120
164
212
292
308
292
324
292
148
16
-64
-112
-164
-164
-104
-72
-8
32
32
48
56
40
48
32
24
-16
-56
-148
-196
-276
-372
-428
-492
-460
-428
-428
-340
-228
-244
-164
-56
-48
-24
96
164
72
-32
-164
-260
-428
-620
-684
-748
-812
-844
-716
-556
-428
-244
-80
0
56
132
104
88
8
-132
-148
-148
-164
-48
8
96
228
244
244
292
372
460
492
492
460
460
396
340
308
244
180
88
8
-88
-132
-112
-24
48
120
292
428
428
460
524
556
556
492
428
396
276
196
120
56
8
-8
0
-40
-8
32
72
112
212
276
228
276
260
148
120
104
56
-48
-112
-120
-56
-16
16
132
228
244
292
292
212
112
0
-80
-164
-148
-132
-96
-56
-80
-112
-148
-180
-164
-120
-40
8
16
104
132
164
212
164
164
88
-32
-56
-132
-292
-428
-556
-652
-652
-684
-620
-588
-556
-492
-460
-356
-244
-132
-56
-16
-48
-80
-148
-244
-308
-372
-396
-428
-428
-372
-292
-244
-180
-80
0
16
16
-16
-32
-88
-112
-72
-48
-88
-72
-40
-24
-24
-88
-96
-112
-96
-120
-112
-104
-88
-64
8
88
180
244
244
228
212
260
292
260
244
228
164
148
96
56
0
0
48
96
164
228
292
292
356
356
356
396
396
356
356
340
324
308
260
228
180
148
120
56
32
8
8
40
80
180
212
228
244
244
276
260
244
212
164
104
80
88
72
32
-8
-24
-56
-72
-48
-88
-132
-196
-276
-308
-276
-212
-212
-180
-132
-96
-120
0
-8
48
56
96
-88
588
1980
1692
-148
-1692
-1052
-492
-924
-1820
-1500
780
1980
524
-1500
-812
924
460
-1116
-924
748
1436
196
-780
-132
748
120
-1116
-1116
-120
396
-8
-244
104
556
180
-212
56
276
260
428
652
844
228
-716
-1116
-988
-212
-428
-876
-460
460
308
-588
-556
-16
40
-164
-308
-524
-164
0
-228
16
460
492
-324
-556
-104
48
0
56
460
620
292
-120
-148
0
-112
-120
180
524
556
132
-40
-40
-104
-276
-64
164
96
148
244
180
-32
-56
56
56
-32
-8
148
148
64
132
180
180
228
148
104
80
-104
-260
-196
-80
80
148
104
196
148
-24
-196
-212
24
212
212
148
80
88
-16
-212
-132
164
372
276
88
-104
-132
-212
-308
-212
72
308
148
-40
-40
-32
-212
-292
-180
8
96
80
48
-40
-148
-80
-112
16
260
180
-148
-428
-292
-180
-228
-276
-228
-132
-56
-148
-324
-372
-276
-244
-228
0
244
428
324
196
212
260
196
48
-16
-32
-16
-16
32
80
32
-72
-196
-164
-24
48
96
260
396
356
308
276
104
-48
-148
-120
-48
112
244
228
180
148
72
-64
-132
-164
-120
-8
132
148
-8
-64
-212
-340
-324
-180
-40
0
104
132
48
-16
40
0
-16
212
396
292
180
120
16
-16
-56
-16
40
-8
-104
-120
-80
24
164
260
244
196
196
164
164
80
0
-16
8
-32
-120
-132
-132
-164
-228
-212
-148
-72
-8
-56
-120
32
276
324
260
148
56
-96
-180
-228
-292
-396
-460
-356
-324
-244
-180
-212
-132
0
112
292
356
340
324
292
228
120
32
40
32
-16
-32
-88
-164
-276
-292
-244
-148
-72
-24
40
164
132
-40
-88
-72
-132
-292
-244
-120
-32
-40
-16
8
56
32
-56
-48
-48
-132
-164
-112
-48
56
148
104
-8
-48
-48
-40
8
24
40
-16
40
96
80
96
80
120
228
308
276
164
40
0
56
64
8
64
88
64
80
120
164
132
132
164
180
228
228
88
-24
-88
-96
-132
-88
-88
-212
-260
-324
-340
-396
-396
-276
-148
-80
-64
-72
-16
-8
-40
0
96
180
96
32
-24
-104
-244
-324
-292
-244
-148
-40
-32
24
104
72
96
132
212
228
180
88
56
48
32
56
88
56
24
32
56
80
48
0
-16
-8
0
-8
8
-8
8
40
64
148
88
64
64
64
48
48
32
32
-32
-148
-244
-292
-164
-112
-72
-32
-72
-80
-96
-80
-48
-16
88
196
244
276
292
212
180
180
180
132
48
-16
-56
-8
24
40
40
56
64
56
132
164
80
148
244
228
180
260
276
212
148
132
164
80
0
-56
-88
-96
-120
-196
-260
-308
-340
-292
-228
-164
-120
-132
-88
0
32
0
-32
-132
-212
-212
-244
-324
-324
-308
-324
-292
-164
-96
-112
-80
-48
-24
72
132
80
120
196
164
104
80
132
80
0
-72
-148
-164
-164
-180
-112
40
48
-32
-80
-64
-56
-16
64
180
276
260
244
212
120
56
96
112
48
64
64
-48
-180
-228
-164
-164
-112
-32
56
64
0
-16
-16
-32
-80
-8
56
112
164
180
148
112
48
-16
-72
-72
-64
-72
-80
-104
-88
-88
-148
-132
-48
-32
48
96
80
80
40
32
72
88
88
132
180
112
72
80
32
-8
-96
-148
-180
-244
-292
-180
-88
-24
24
56
164
132
96
112
148
120
32
-56
-64
-48
-24
-32
-8
24
48
-16
-132
-56
40
112
260
396
428
396
324
228
228
228
132
88
56
-40
-104
-180
-244
-244
-212
-164
-148
-148
-120
-56
-48
56
180
180
132
104
112
88
72
24
8
0
-24
-40
-56
-40
-40
-120
-164
-164
-212
-260
-212
-112
-40
24
72
64
80
120
120
96
120
180
196
132
32
72
0
-80
-8
72
96
8
0
40
24
56
48
72
132
180
132
88
16
-24
-104
-228
-260
-292
-324
-324
-292
-212
-96
-104
-148
-180
-212
-228
-308
-340
-276
-260
-196
-120
-132
-112
-132
-196
-244
-260
-308
-308
-276
-244
-180
-64
-16
-24
-8
-32
48
80
132
132
196
244
212
196
212
276
292
276
244
244
180
80
16
8
24
80
120
104
40
48
0
-32
-8
24
40
16
120
148
164
260
260
212
88
0
-40
-8
24
56
8
-64
-212
-324
-308
-196
-96
-64
40
120
212
228
228
292
356
372
340
292
308
324
228
196
196
212
180
88
88
80
48
56
148
164
244
292
244
228
148
112
104
32
-40
-96
-132
-164
-164
-180
-196
-180
-180
-180
-164
-148
-132
-148
-244
-324
-292
-292
-340
-340
-292
-276
-308
-292
-228
-212
-212
-196
-228
-196
-164
-196
-196
-148
-80
-48
-8
0
8
32
48
88
112
180
228
164
112
132
88
0
-8
24
-24
-32
0
-16
-96
-148
-148
-132
-148
-104
16
80
80
56
104
132
104
112
132
120
40
-16
-72
-164
-244
-308
-276
-292
-260
-196
-148
-96
-64
0
132
260
292
372
396
260
196
148
120
64
-16
-24
24
8
-64
-24
32
40
56
72
72
148
244
228
228
212
164
8
-88
-104
-196
-228
-228
-228
-228
-148
-56
48
120
132
180
244
260
228
164
80
24
-132
-244
-212
-212
-180
-132
-72
16
72
96
132
148
112
80
148
212
228
260
196
212
196
64
24
40
24
0
0
72
148
132
132
148
164
132
0
-80
-132
-132
-196
-196
-148
-164
-244
-260
-164
-120
-32
16
80
148
196
180
164
180
112
56
0
-64
-132
-212
-180
-180
-212
-196
-196
-196
-148
-64
0
-16
8
80
96
72
72
80
96
104
112
56
-16
-48
-120
-120
-120
-80
-120
-132
-132
-80
-96
-132
-40
-32
-16
-16
-40
-96
-148
-196
-196
-180
-196
-148
-56
-32
0
-8
64
88
132
132
88
48
0
0
-48
-40
-88
-104
-112
-48
-120
-148
-132
-64
-8
8
56
96
148
180
228
180
164
112
88
0
-40
-48
-56
-56
-40
-8
16
120
132
164
132
148
148
72
8
-8
-64
-132
-148
-180
-180
-212
-164
-80
-56
-32
32
132
196
196
196
212
212
212
196
148
88
16
0
-96
-112
-96
-56
-32
-32
8
32
72
148
212
196
244
260
228
164
96
48
48
88
80
56
0
-32
-80
-40
-64
-56
-32
-8
-56
-180
-180
-164
-148
-120
-80
-16
16
16
0
-64
-96
-120
-180
-260
-244
-196
-148
-80
-40
-32
-40
-80
-96
-80
-80
-72
-64
-24
-80
-148
-196
-180
-164
-148
-112
-96
-32
24
72
96
164
180
164
164
196
196
148
112
88
88
132
104
112
148
164
212
228
180
212
212
196
228
212
244
212
112
64
16
-64
-96
-96
-132
-120
-72
-24
8
112
196
196
180
132
148
96
8
-72
-80
-80
-180
-180
-196
-260
-308
-308
-324
-308
-308
-292
-120
-24
8
72
148
164
132
112
48
0
-32
-96
-120
-132
-132
-164
-180
-196
-132
-112
-88
24
80
148
132
148
164
180
228
244
292
212
120
40
8
-8
-96
-80
-40
-32
-48
0
-16
-64
-48
-16
0
-64
-80
-132
-212
-260
-260
-228
-292
-308
-276
-260
-244
-196
-120
-24
24
0
8
40
48
0
-8
-24
-72
-48
-16
24
72
72
24
32
72
80
64
40
16
56
8
32
32
0
16
8
40
48
48
32
72
120
88
164
244
276
324
324
292
228
212
132
88
120
40
24
16
-40
-48
-88
-164
-196
-120
-88
-48
16
16
32
112
112
80
56
24
24
48
32
-8
-16
-8
-72
-132
-96
-120
-180
-212
-180
-112
-80
-32
80
164
228
308
276
244
180
132
64
-16
-64
-80
-112
-88
-88
-48
0
8
72
120
120
48
48
8
-32
-80
-104
-148
-148
-132
-148
-164
-164
-148
-132
-112
-24
0
40
80
148
164
148
88
0
-16
-24
0
-16
-56
-96
-120
-104
-32
-8
0
40
0
16
48
88
164
132
104
72
16
-8
-24
-24
-40
-64
-32
32
24
48
72
96
112
132
56
-16
-40
-96
-180
-196
-228
-276
-276
-308
-260
-196
-212
-244
-212
-164
-88
-16
48
64
80
48
16
48
56
24
-72
-132
-180
-196
-212
-148
-132
-56
-24
8
88
132
148
164
180
164
164
196
196
180
132
148
148
72
64
16
40
56
112
164
132
164
164
148
164
164
80
24
24
16
48
56
8
-16
0
0
16
40
72
112
104
148
148
180
164
132
120
56
8
-24
-32
-88
-96
-72
-64
-24
-40
-16
0
0
48
24
24
64
24
8
8
0
-56
-72
-104
-180
-196
-212
-164
-180
-212
-164
-132
-24
56
72
16
-32
-64
-104
-132
-212
-292
-308
-276
-212
-180
-132
-32
-48
0
-8
48
148
148
112
96
96
40
-24
-16
16
-8
-40
-96
-104
-88
-64
-32
8
24
48
56
24
80
80
88
132
56
72
132
64
48
8
-8
-64
-132
-120
-40
-32
-8
48
24
-8
-72
-112
-112
-148
-164
-180
-212
-148
-120
-96
-64
-80
-48
-32
-16
-24
-16
32
40
104
164
164
120
48
48
48
-16
-40
-16
0
48
80
148
180
228
308
324
340
396
340
276
260
212
120
104
112
96
104
164
164
132
132
72
32
16
48
80
104
112
120
80
24
-8
-88
-164
-212
-244
-228
-196
-196
-148
-132
-96
-64
-48
0
32
0
-16
-40
-120
-96
-132
-164
-132
-180
-148
-148
-164
-148
-132
-72
0
32
24
40
40
24
40
32
16
40
24
24
48
0
0
16
16
88
96
72
112
104
40
32
16
24
-24
-88
-112
-112
-120
-132
-104
-148
-164
-80
-64
-32
-8
-24
-96
-164
-164
-244
-228
-228
-164
-120
-72
-16
24
8
-24
-24
-48
-96
-132
-148
-148
-132
-96
-80
-132
-104
-96
-80
-72
-24
8
0
16
0
24
48
132
196
164
148
132
148
132
96
104
112
132
132
164
196
180
212
212
228
244
244
260
180
88
104
148
132
96
40
48
56
40
40
24
48
64
80
120
164
164
120
96
120
164
132
72
40
16
-16
-16
-16
0
0
-24
-8
0
0
0
16
24
56
16
-48
-80
-40
-48
-64
-104
-80
-64
-120
-132
-112
-132
-196
-180
-180
-164
-120
-64
-64
-80
-64
-56
-88
-120
-96
-104
-120
-132
-164
-148
-120
-112
-56
0
0
0
-8
-56
-104
-112
-96
-40
-16
0
32
48
16
24
24
48
24
16
48
24
0
0
-16
-48
-72
-64
-32
-40
-64
-112
-56
-48
-112
-96
-88
-40
-24
-40
-16
-8
-24
-56
-80
-56
-32
-48
-48
-32
-72
-64
-48
-32
-8
8
-16
-16
-24
-40
40
96
64
64
132
132
96
64
64
72
32
8
64
80
148
180
212
228
228
244
212
164
96
120
56
56
96
104
120
104
148
164
180
132
96
104
112
132
72
24
16
-16
-32
-8
-16
-24
-40
-64
-104
-88
-104
-88
-40
16
64
72
80
104
132
88
40
32
-8
-64
-40
-64
-72
-64
-72
-56
-24
64
80
56
56
24
16
32
0
-16
0
-8
-40
-64
-112
-164
-164
-196
-196
-180
-120
-104
-96
-80
-24
0
0
24
32
8
-48
-72
-132
-180
-196
-180
-180
-148
-104
-80
-56
-40
-56
-24
0
-16
-40
-40
-48
-40
0
-16
-32
8
-56
-80
-40
-16
-8
-16
-8
32
96
56
72
72
64
80
40
16
-40
-72
-56
-80
-56
0
40
64
72
80
112
104
104
120
96
88
56
40
24
-16
-40
-32
-32
-56
-72
-56
8
24
32
32
64
120
132
180
212
196
132
132
112
48
8
-48
-88
-64
-64
-32
40
40
64
112
148
132
120
88
48
56
24
-16
-24
8
0
-8
-32
-24
-40
-72
-80
-48
-64
-120
-80
-40
-8
-8
-8
8
-32
-88
-88
-112
-132
-132
-132
-148
-120
-96
-72
-56
-72
-56
-80
-104
-96
-120
-120
-80
-88
-56
-40
-16
-16
0
64
80
120
164
148
132
132
112
88
88
104
72
40
0
16
0
-48
-24
0
32
56
80
148
196
180
196
196
148
120
112
96
104
72
32
0
-32
-48
-48
-48
0
8
-16
24
48
32
32
32
72
80
80
72
40
-40
-56
-72
-120
-132
-180
-196
-148
-132
-112
-56
-32
-24
-24
-8
-16
-32
-16
-24
-32
-24
-24
-24
-40
-40
-40
-24
-64
-96
-112
-132
-132
-112
-96
-80
-72
-32
0
-24
-24
-8
-32
-40
-40
-48
-32
-56
-72
-48
-48
-56
-40
-16
-24
-32
-16
-16
-16
-24
-32
-16
0
24
48
64
64
64
48
24
72
120
104
120
104
88
88
64
40
8
8
0
-8
-16
40
32
56
72
88
104
132
148
148
148
96
72
48
32
0
-32
-56
-40
-48
-88
-104
-112
-96
