SAMPLES:	8207
BITSPERSAMPLE:	16
CHANNELS:	1
SAMPLERATE:	16000
NORMALIZED:	FALSE
-16
-16
-16
-16
-24
-24
-24
-24
-24
-24
-32
-24
-24
-32
-32
-24
-24
-32
-24
-32
-24
-24
-24
-24
-24
-24
-24
-24
-24
-24
-16
-16
-24
-24
-24
-16
-16
-16
-8
-8
-8
-8
0
0
0
0
0
0
0
0
0
0
8
8
8
16
16
16
16
24
24
24
24
24
24
24
24
24
24
24
24
24
24
24
24
24
24
24
24
24
24
24
24
24
16
16
16
16
16
16
16
16
16
16
8
16
8
16
16
16
8
8
8
8
8
8
8
0
0
0
0
0
0
0
8
0
0
0
0
0
0
0
0
0
-8
0
0
-8
-8
-8
-8
-8
-8
-8
-8
-8
-16
-16
-16
-24
-16
-24
-16
-16
-16
-16
-16
-16
-16
-16
-16
-16
-16
-16
-16
-16
-16
-16
-16
-16
-16
-16
-8
-16
-16
-8
-8
-8
-8
-8
-8
-8
-8
0
0
0
-8
-8
-8
-8
-8
-8
-8
0
0
0
0
0
-8
0
0
0
0
0
0
0
0
0
0
0
0
0
0
0
0
8
8
8
8
8
8
8
8
16
16
16
16
16
16
16
16
16
16
16
16
16
16
16
16
16
16
16
16
8
8
8
16
16
16
8
8
8
0
8
8
8
0
8
0
0
0
0
8
8
0
0
0
0
0
0
0
0
-8
-8
-8
0
0
-8
-8
0
-8
0
-8
-8
-8
-8
-16
-16
-8
-16
-16
-16
-16
-8
-8
-8
-8
-8
-8
-8
-8
-8
-8
-8
-8
-8
0
0
0
0
0
0
0
0
0
0
0
0
0
0
0
0
0
0
0
0
8
0
8
8
0
0
0
8
0
8
8
8
8
8
0
0
0
0
0
0
0
8
0
0
0
0
0
0
0
0
0
0
0
0
0
0
0
0
0
0
0
-8
-8
-8
-8
-8
0
-8
-8
-8
-8
-8
-8
-8
-8
-8
-8
-8
-8
-8
-8
0
0
0
0
0
0
0
0
0
0
0
0
0
0
0
8
8
8
8
8
8
8
8
8
8
16
16
16
16
16
16
16
16
16
16
8
16
16
16
16
16
16
16
16
16
8
8
8
8
8
8
8
8
8
0
8
0
0
0
0
0
0
0
0
0
0
0
0
0
0
0
0
0
0
-8
0
0
-8
-8
-8
0
0
0
0
0
0
-8
-16
-8
-8
-16
-16
-16
-8
-16
-16
-16
-16
-16
-16
-16
-16
-16
-16
-16
-24
-24
-24
-16
-16
-16
-16
-24
-24
-24
-16
-16
-16
-16
-16
-24
-24
-24
-16
-16
-16
-16
-8
-16
-8
-8
-8
0
-8
0
0
0
0
0
0
0
0
0
0
8
8
8
8
8
8
8
8
16
16
16
16
16
16
16
16
24
24
24
24
24
24
24
24
24
24
16
16
24
16
16
16
16
16
16
16
16
16
24
16
16
16
16
16
16
16
8
8
8
8
16
16
16
16
16
16
16
16
16
16
16
8
8
8
0
8
8
16
8
8
8
0
0
0
0
0
0
0
0
-8
-8
-8
-8
-16
-16
-16
-16
-16
-16
-16
-24
-24
-24
-24
-24
-24
-24
-24
-24
-24
-24
-24
-16
-16
-24
-24
-24
-24
-24
-24
-24
-16
-16
-16
-16
-16
-16
-16
-16
-8
-8
-8
-8
-8
-8
-16
-8
-8
-8
-8
-8
-8
-8
-8
-8
-8
-8
-8
-8
-8
0
0
0
0
0
0
0
0
0
0
0
0
0
0
0
0
0
0
0
0
0
0
0
0
0
0
0
0
0
0
8
0
8
0
8
8
8
8
8
8
8
8
8
8
8
8
8
8
8
8
8
8
8
8
8
8
8
8
16
16
16
16
16
16
16
16
16
16
16
16
24
16
16
16
16
16
16
16
16
16
16
16
16
16
16
16
16
16
16
8
16
16
8
8
8
8
8
8
8
0
0
0
0
0
0
0
0
0
-8
-8
-8
-8
-8
-8
-16
-16
-16
-16
-16
-24
-24
-24
-24
-24
-24
-16
-24
-24
-16
-16
-24
-24
-24
-24
-24
-24
-24
-24
-16
-16
-16
-8
-8
-16
-16
-8
-16
-16
-8
-8
-8
-8
0
0
0
0
0
0
0
0
0
0
0
0
0
0
0
0
0
0
0
0
0
0
0
0
0
0
0
0
0
0
0
8
8
0
0
0
0
0
0
0
0
0
0
0
0
0
0
8
8
0
0
0
0
0
0
0
0
0
0
0
0
8
8
8
8
8
8
0
8
8
8
8
0
0
8
8
0
8
0
0
0
0
8
16
8
8
8
8
8
8
8
8
8
8
8
8
8
8
8
8
8
8
8
0
8
8
8
8
0
0
0
0
0
0
0
0
0
0
0
0
0
0
-8
-8
-8
-8
-8
-8
-8
-8
-16
-16
-16
-16
-16
-16
-16
-16
-16
-16
-16
-16
-16
-8
-8
-16
-16
-16
-16
-16
-16
-8
-8
-8
-8
-8
-8
0
-8
-8
-8
0
0
-8
0
0
0
0
0
0
8
0
0
0
0
0
0
0
0
0
0
0
0
0
0
8
8
8
8
8
8
0
8
8
0
8
8
0
0
8
0
0
0
0
0
0
0
0
0
0
0
0
0
0
0
0
0
0
0
0
0
0
0
0
0
0
0
0
0
0
0
0
0
0
0
0
0
0
0
0
0
0
0
0
0
0
0
0
0
0
0
0
0
0
0
0
0
0
0
0
0
0
0
0
0
0
0
0
0
0
0
0
0
0
0
0
0
0
0
0
0
0
0
0
0
0
0
0
0
0
0
0
0
0
0
0
0
0
0
0
0
0
0
0
0
0
0
0
0
0
0
0
0
0
0
0
0
0
0
0
0
0
0
0
0
0
0
0
0
0
0
0
0
0
0
0
0
-8
-8
-8
0
0
0
0
0
0
0
0
-8
-8
-8
-8
-8
-8
-8
0
0
0
0
0
0
0
0
-8
-8
-8
-8
-8
-16
-16
-8
-16
-8
-8
-8
0
0
0
0
0
0
0
0
0
0
0
0
0
0
0
0
0
8
0
8
16
16
24
24
24
24
24
24
24
32
32
32
40
40
40
48
56
56
40
24
16
16
8
8
16
32
32
16
8
16
40
32
0
-32
-56
-72
-80
-56
-16
16
16
-16
-40
-40
-32
-40
-48
-32
-8
0
0
8
24
24
-8
-56
-80
-80
-80
-80
-64
-40
-24
0
24
56
72
64
40
8
-32
-64
-80
-80
-80
-64
-64
-40
-16
-8
-8
-24
-24
-24
-24
-16
0
32
40
24
8
-8
-16
-48
-80
-96
-80
-72
-64
-32
16
48
64
64
64
56
8
-16
-24
-16
-8
0
48
104
132
120
132
132
104
64
48
80
104
96
96
132
148
148
120
104
88
64
32
16
40
56
64
88
88
72
48
24
8
-24
-56
-72
-64
-40
-32
-8
16
24
0
-24
-40
-48
-88
-120
-148
-132
-120
-112
-88
-56
-48
-64
-72
-80
-104
-132
-132
-132
-112
-88
-56
-24
-16
-32
-56
-72
-72
-80
-80
-72
-48
-40
-40
-32
-40
-48
-64
-72
-64
-56
-48
-24
-24
-16
0
0
-8
-16
-24
-16
-8
-8
0
24
32
8
8
16
24
16
32
72
112
132
148
180
196
180
148
104
80
48
32
80
180
308
396
492
620
652
588
460
324
148
-48
-196
-260
-228
-180
-132
-96
-72
-80
-132
-180
-212
-228
-244
-212
-120
0
80
148
112
0
-148
-356
-588
-780
-924
-924
-844
-652
-372
-96
104
228
228
148
8
-132
-260
-324
-308
-276
-196
-56
48
120
132
112
64
-16
-56
-40
-8
48
132
228
340
396
356
292
180
24
-104
-164
-120
-8
132
260
356
428
396
340
292
228
164
148
164
180
180
228
228
96
32
24
0
0
88
228
396
780
1180
1500
1756
1980
1980
1628
1052
396
-112
-428
-716
-1052
-1052
-716
-652
-780
-780
-556
-492
-652
-716
-492
-180
64
244
524
716
588
132
-428
-988
-1692
-2364
-2620
-2748
-2620
-2236
-1564
-780
-244
112
340
396
212
-148
-492
-588
-588
-620
-556
-340
-48
72
8
-56
-132
-292
-460
-492
-356
-88
212
524
812
924
924
716
524
164
-276
-588
-620
-460
-276
24
492
924
1116
1180
1116
988
716
396
132
-48
-180
-292
-244
-196
-196
-148
16
212
196
148
292
556
812
876
1052
1244
1308
1180
1116
1308
1628
2108
2748
3132
3260
3260
3132
2748
1980
1180
524
24
-428
-988
-1180
-812
-716
-1116
-1500
-1244
-988
-1052
-924
-492
164
620
748
876
988
684
-228
-1564
-2748
-4092
-5116
-5628
-5372
-4860
-4092
-3004
-1692
-620
-8
244
356
180
-396
-988
-1116
-924
-684
-556
-308
8
244
88
-244
-428
-652
-924
-844
-460
132
780
1436
1884
1980
1692
1308
844
324
-260
-716
-924
-652
-260
32
620
1372
1692
1692
1628
1500
1116
684
244
-148
-396
-620
-924
-1116
-1180
-1180
-1052
-812
-396
-132
196
684
1116
1308
1308
1500
1500
1052
524
292
356
556
876
1500
2620
3900
4604
4348
4348
4348
4092
3132
2108
1372
748
-56
-812
-1116
-716
-396
-780
-1372
-1628
-1628
-1628
-1372
-684
-32
372
556
492
340
-32
-684
-1756
-3132
-4348
-5372
-5628
-5372
-4860
-4092
-3260
-2236
-1244
-716
-340
0
104
-164
-620
-924
-988
-876
-780
-844
-876
-844
-988
-1116
-924
-620
-356
24
492
844
1180
1564
1820
1628
1244
684
212
-96
-372
-652
-716
-372
8
340
876
1436
1756
1884
1884
1756
1628
1564
1436
1052
684
276
-180
-492
-652
-844
-924
-620
-72
396
924
1436
1884
2236
2108
1980
1980
2236
2108
1884
1884
1820
1372
748
396
492
716
1180
2236
3644
4604
4604
4604
4860
4860
3900
2748
1980
1372
56
-1308
-1756
-1308
-988
-1500
-2108
-2108
-2108
-2364
-2492
-1980
-1308
-1244
-1372
-1308
-1116
-1180
-1628
-2108
-3004
-4092
-5116
-5628
-5372
-5116
-4604
-3900
-2876
-1980
-1564
-1180
-684
-492
-876
-1372
-1564
-1500
-1500
-1564
-1500
-1180
-924
-652
-340
-40
112
32
-32
104
276
324
588
924
924
556
396
524
620
460
356
492
716
876
1116
1436
1820
1980
1884
1692
1756
1820
1692
1564
1372
924
396
72
-120
-260
-340
-340
-228
24
324
588
1116
1692
2108
2236
2236
2236
2108
1756
1372
924
748
716
588
556
812
1436
2492
3516
3516
2876
1884
620
-684
-1052
396
2748
4348
4860
4604
3516
2108
148
-1372
-1820
-1820
-2492
-3132
-2620
-1436
-684
-492
-460
-876
-1980
-3260
-3900
-3516
-2876
-2620
-2108
-1244
-652
-620
-924
-1180
-1756
-3132
-4348
-4860
-4604
-3900
-2876
-1564
-260
620
924
780
460
-112
-1116
-1980
-2364
-2236
-1756
-988
-64
716
1052
1052
924
716
276
-308
-684
-620
-212
396
1116
1692
1980
1820
1372
988
556
148
-164
-292
-212
56
556
1180
1820
2108
1980
1756
1244
748
372
196
260
308
244
212
428
684
780
844
924
924
876
780
876
1116
1308
1436
1372
1372
1372
1244
1052
876
780
620
556
588
620
988
1692
2492
3132
3388
3516
3772
4092
4348
3900
3388
2620
1052
-924
-2492
-3004
-2876
-2876
-2876
-2748
-2492
-2236
-2236
-2108
-1500
-1052
-1052
-1436
-1436
-1180
-988
-1116
-1692
-2492
-3388
-4092
-4604
-5116
-5116
-4860
-4604
-3772
-2876
-1820
-924
-196
180
-8
-620
-1116
-1308
-1564
-1820
-1884
-1692
-1372
-924
-492
104
652
988
924
812
924
1180
1436
1564
1436
1180
876
588
340
120
80
292
652
1116
1628
2236
2620
2876
2876
2620
2364
2364
2236
2108
1884
1564
1116
652
228
-180
-588
-876
-876
-748
-396
308
1244
2108
2620
2748
2492
2236
1884
1628
1372
1308
1180
988
812
716
812
812
780
780
716
844
1436
2492
3260
3516
3644
3644
3772
3772
3644
3516
3132
1884
-8
-1756
-2492
-2748
-2620
-2492
-2492
-2492
-2492
-2492
-2492
-2236
-1980
-1980
-2364
-2620
-2492
-2108
-1756
-1756
-2108
-2876
-3644
-4348
-4860
-5116
-5116
-4604
-4348
-3644
-2748
-1756
-844
-260
-244
-684
-1244
-1692
-1980
-1980
-1756
-1372
-1052
-588
-132
308
620
748
684
396
164
180
460
924
1308
1372
1372
1372
1308
1052
780
652
620
780
1116
1628
2236
2748
3004
2876
2620
2364
1980
1628
1308
1052
620
276
0
-228
-356
-356
-308
-228
16
340
876
1500
2108
2492
2748
2748
2492
1980
1564
1244
844
460
260
324
460
556
556
652
924
988
1244
1980
3004
3516
3388
3132
3260
3644
3772
3772
3644
3388
2108
164
-1436
-2236
-2364
-2620
-2748
-2620
-2364
-2364
-2492
-2236
-1820
-1628
-1884
-2108
-2236
-2108
-1980
-1820
-1884
-2236
-2876
-3772
-4348
-4604
-4860
-4860
-4604
-4092
-3516
-2876
-2108
-1308
-716
-716
-1116
-1500
-1820
-1884
-1692
-1372
-988
-684
-396
16
460
748
844
812
652
428
372
556
988
1180
1180
1308
1308
1308
1180
1052
812
652
716
988
1500
2108
2876
3132
3260
3004
2492
1820
1308
812
308
-148
-356
-396
-372
-324
-132
0
96
228
396
812
1500
2108
2364
2364
2492
2108
1756
1500
1436
1180
716
292
24
48
228
428
812
1308
1436
1500
1884
2748
3388
3516
3132
3004
3260
3388
3388
3260
3132
2236
340
-1628
-2492
-2364
-2108
-2108
-2108
-2108
-2236
-2620
-3004
-2876
-2492
-2364
-2748
-3004
-2748
-2236
-1980
-1980
-2236
-2620
-3260
-4092
-4604
-4604
-4348
-4092
-3900
-3388
-2748
-2108
-1564
-1116
-924
-1180
-1628
-1980
-1820
-1372
-924
-396
148
556
924
1180
1244
1372
1244
812
276
64
260
652
1052
1308
1500
1500
1436
1308
1244
1244
1308
1436
1692
1980
2364
2620
2620
2492
2108
1564
1052
780
556
356
212
212
292
356
428
356
276
196
132
24
228
748
1308
1692
1884
1884
1564
1180
924
844
924
1116
1116
924
844
876
924
988
1244
1564
1884
2236
2620
2876
2876
2876
3004
3388
3772
3772
3644
3004
1756
80
-1500
-2236
-2236
-2236
-2492
-2620
-2620
-2620
-2876
-3132
-3132
-2620
-2492
-2620
-2748
-2492
-1980
-1820
-2108
-2620
-3004
-3644
-4348
-4860
-4860
-4604
-4348
-3900
-3260
-2492
-1692
-1052
-652
-492
-716
-1244
-1564
-1500
-1052
-588
-228
72
396
588
620
716
924
988
844
588
556
876
1308
1564
1756
1692
1628
1436
1180
1116
1244
1436
1692
1980
2108
2236
2236
2364
2236
1820
1500
1052
652
396
164
-24
-32
-88
-228
-428
-620
-684
-588
-292
96
748
1500
1980
2236
2108
1980
1500
988
780
876
988
988
924
876
924
924
876
1180
1884
2492
3132
3516
3516
3132
2876
3004
3516
3900
4092
3772
2876
1244
-652
-2108
-2492
-2108
-1820
-1980
-2236
-2236
-2364
-2620
-2876
-2748
-2620
-2876
-3388
-3516
-3132
-2492
-2236
-2364
-2620
-3004
-3516
-4092
-4604
-4348
-4092
-3900
-3516
-3132
-2364
-1628
-988
-588
-492
-780
-1372
-1884
-1884
-1244
-428
148
556
876
1052
988
1052
1180
1180
1052
652
396
460
876
1308
1564
1564
1436
1180
924
988
1308
1628
1820
1980
1980
1884
1756
1564
1308
1052
748
524
372
292
340
292
112
-180
-556
-924
-1116
-1116
-844
-276
228
812
1308
1564
1564
1436
1244
1052
876
780
924
1180
1308
1308
1180
1244
1500
1980
2492
3260
4092
4092
3772
3388
3516
4092
4348
4348
4348
3644
2364
372
-1308
-1980
-1884
-1884
-2236
-2620
-2492
-2236
-2492
-2620
-2492
-2236
-2492
-3132
-3644
-3516
-3004
-2748
-2876
-2876
-2876
-3260
-3900
-4348
-4348
-4092
-3772
-3516
-3260
-2620
-2236
-1820
-1436
-1052
-924
-1244
-1692
-1756
-1372
-716
-104
396
748
844
716
556
684
1052
1436
1436
1180
924
844
924
924
924
876
748
492
292
396
924
1500
1884
2108
2108
2108
1980
1692
1564
1436
1244
844
428
244
148
64
-104
-396
-924
-1500
-1884
-1884
-1372
-396
588
1244
1628
1692
1500
1308
1372
1564
1980
2364
2364
2108
1884
1564
1372
1372
1884
2748
3644
4092
4348
4092
4092
4348
4348
4092
3900
3516
2620
1180
-372
-1052
-876
-748
-1180
-1884
-2236
-2492
-3132
-3772
-3772
-3004
-2364
-2364
-2620
-2492
-2236
-2236
-2492
-2748
-2876
-3132
-3644
-4348
-4348
-3900
-3260
-2876
-2620
-2236
-1980
-1980
-2236
-2108
-1692
-1372
-1372
-1372
-1116
-588
-96
148
308
396
396
228
40
292
780
1116
1052
812
588
492
324
88
64
180
244
120
0
112
492
924
1244
1436
1564
1564
1436
1308
1244
1180
1116
924
524
148
-112
-308
-524
-876
-1308
-1564
-1628
-1500
-1052
-196
588
988
988
780
652
684
1052
1628
2364
3004
3132
2748
2108
1884
2108
2748
3644
4348
4604
4092
3644
3516
3516
3772
4092
4092
3516
2236
524
-716
-1052
-780
-652
-812
-1116
-1500
-2108
-2876
-3132
-2876
-2364
-2108
-2364
-2748
-2876
-2876
-2748
-2620
-2364
-2108
-2364
-2876
-3516
-3516
-3132
-2620
-2236
-1980
-1820
-1820
-2108
-2364
-2364
-2108
-1692
-1500
-1372
-1244
-988
-588
-148
228
492
556
396
212
228
492
844
1052
988
780
460
-32
-396
-492
-356
0
324
556
652
748
844
876
924
1052
1180
1308
1436
1564
1692
1692
1500
1180
844
428
-64
-588
-876
-988
-876
-748
-524
-308
-180
-212
-356
-396
-244
112
588
1244
1980
2492
2620
2492
2492
2492
2876
3516
4092
4092
4092
3900
3772
3644
3516
3388
3260
2748
1628
196
-988
-1436
-1116
-684
-460
-556
-780
-1308
-2236
-3004
-3132
-2748
-2236
-1884
-1980
-2236
-2492
-2876
-3132
-3132
-2876
-2620
-2748
-2876
-3004
-2748
-2364
-1980
-1692
-1628
-1628
-1692
-1980
-2236
-2364
-1980
-1372
-876
-652
-684
-716
-716
-748
-684
-492
-148
308
588
716
844
924
924
876
812
716
524
292
104
104
356
812
1180
1308
1308
1052
748
460
324
460
812
1180
1500
1628
1628
1308
1116
924
812
684
524
292
88
-104
-260
-260
-244
-308
-428
-556
-652
-588
-244
276
988
1564
1756
1564
1244
1372
1884
2620
3516
4092
4348
4348
3772
3132
2492
2108
2236
2364
2108
1308
492
-80
-556
-988
-1244
-1372
-1308
-1436
-1692
-2108
-2364
-2364
-2108
-1980
-1884
-1820
-1980
-2236
-2492
-2748
-2620
-2364
-2108
-1884
-1820
-1820
-1756
-1820
-1980
-1980
-1820
-1564
-1308
-1244
-1244
-1244
-1116
-1052
-1116
-1180
-1116
-924
-812
-716
-684
-588
-428
-228
-24
80
212
372
460
460
372
324
340
460
556
652
780
876
812
652
492
492
620
780
924
1116
1244
1436
1564
1500
1308
1116
988
844
716
588
524
460
396
372
260
40
-24
0
64
132
196
308
396
556
620
620
684
844
1116
1500
1820
1980
2108
1980
1884
1820
1980
2236
2492
2748
2748
2364
1564
588
-180
-492
-396
-64
148
112
-292
-988
-1980
-2748
-3004
-2748
-2236
-1628
-1244
-1244
-1436
-1884
-2236
-2492
-2364
-2108
-1692
-1436
-1372
-1436
-1628
-1756
-1820
-1692
-1436
-1116
-876
-748
-716
-812
-876
-924
-844
-748
-652
-460
-340
-324
-460
-620
-652
-524
-260
-64
40
56
64
48
64
164
372
716
1116
1500
1692
1628
1308
924
620
556
716
924
1244
1500
1628
1628
1500
1244
1116
1116
1180
1308
1372
1308
1116
844
620
428
292
212
148
112
112
48
-96
-180
-164
-64
88
212
340
460
652
812
924
1052
1052
924
844
684
460
396
588
988
1308
1436
1372
1116
620
40
-356
-492
-324
-32
260
340
180
-196
-812
-1436
-1980
-2108
-1980
-1628
-1244
-1052
-1052
-1372
-1756
-2108
-2364
-2364
-2108
-1756
-1372
-1116
-1052
-1180
-1372
-1628
-1692
-1756
-1628
-1500
-1308
-1180
-1180
-1244
-1244
-1244
-1116
-924
-684
-524
-340
-324
-356
-308
-292
-276
-164
16
212
428
556
652
748
844
924
876
844
812
924
1052
1180
1436
1628
1820
1820
1756
1628
1436
1436
1436
1564
1692
1884
1980
1884
1628
1436
1180
924
716
588
524
372
228
148
148
228
292
244
164
-24
-120
-164
-148
56
356
620
844
988
988
924
780
588
372
292
292
308
356
372
340
340
308
244
180
132
112
96
148
196
244
212
148
104
0
-132
-244
-356
-460
-588
-748
-876
-1052
-1180
-1372
-1500
-1628
-1692
-1756
-1884
-1980
-1980
-2108
-2108
-2108
-2108
-1980
-1980
-1884
-1820
-1628
-1564
-1500
-1564
-1564
-1500
-1372
-1180
-1052
-924
-812
-780
-780
-716
-620
-524
-396
-244
24
244
428
588
812
924
924
988
988
1052
1116
1180
1244
1244
1244
1244
1244
1308
1372
1372
1436
1436
1436
1372
1372
1500
1564
1500
1436
1308
1116
924
748
588
372
180
0
-96
-112
-40
80
180
324
460
556
588
556
556
588
556
556
524
460
428
308
180
120
104
56
64
80
88
180
212
228
244
340
460
524
556
524
428
292
196
112
0
-72
-132
-180
-244
-260
-244
-244
-324
-428
-556
-716
-924
-1052
-1052
-1052
-1116
-1116
-1116
-1116
-1180
-1244
-1308
-1372
-1372
-1436
-1436
-1372
-1244
-1180
-1052
-988
-924
-924
-988
-988
-924
-844
-780
-684
-620
-556
-492
-460
-356
-260
-148
0
112
228
308
356
428
460
524
524
556
588
652
684
716
780
876
924
1052
1116
1116
988
924
812
748
716
620
588
588
556
428
324
180
24
-48
-88
-48
24
112
164
196
244
292
308
324
396
396
396
428
428
340
308
276
244
164
180
196
148
148
180
228
276
324
356
396
460
428
396
324
292
292
180
120
72
0
-132
-180
-196
-244
-244
-308
-396
-428
-460
-524
-588
-620
-620
-588
-588
-620
-620
-620
-684
-748
-812
-876
-924
-924
-924
-844
-748
-620
-556
-492
-428
-372
-356
-340
-308
-292
-244
-228
-228
-164
-80
16
64
64
40
-32
-104
-56
-16
88
260
428
524
588
588
556
524
556
556
524
524
524
556
556
588
620
652
556
460
428
324
260
180
104
56
8
-40
-56
-80
-104
-64
-32
8
88
148
260
396
428
460
492
492
460
460
460
428
460
460
396
324
308
260
244
228
196
180
180
164
148
212
260
260
180
0
-148
-276
-372
-428
-524
-556
-556
-460
-396
-340
-260
-244
-292
-396
-524
-684
-780
-844
-924
-924
-924
-876
-876
-844
-876
-876
-844
-780
-716
-652
-524
-396
-324
-260
-196
-112
-32
0
24
32
0
-32
-40
-24
-8
32
80
132
132
132
120
148
212
308
460
588
620
652
652
652
620
620
620
492
396
292
244
212
244
292
212
132
48
-64
-148
-212
-260
-260
-292
-308
-308
-308
-228
-196
-180
-132
-148
-180
-180
-148
-112
32
164
244
372
396
428
428
492
492
492
588
588
588
620
620
588
556
492
460
428
260
164
148
104
112
164
212
308
340
372
396
372
308
244
180
132
120
80
24
-48
-196
-340
-460
-588
-652
-620
-620
-620
-524
-460
-372
-244
-104
-32
0
-40
-120
-180
-244
-244
-244
-244
-244
-244
-244
-292
-340
-396
-460
-492
-460
-460
-396
-276
-164
-96
-8
56
56
24
0
16
32
88
120
164
228
212
196
180
120
88
40
0
-56
-104
-112
-148
-180
-212
-228
-212
-244
-228
-164
-132
-164
-180
-148
-112
-132
-148
-164
-196
-244
-292
-276
-180
-148
-88
24
80
104
132
212
244
276
292
260
260
276
260
260
244
164
80
-40
-180
-276
-276
-228
-104
48
180
244
356
396
356
340
276
196
132
72
56
72
96
180
260
276
244
180
104
48
0
-32
80
196
292
356
428
460
460
372
228
120
0
-88
-148
-148
-132
-132
-132
-148
-148
-132
-148
-212
-260
-308
-340
-356
-292
-260
-212
-148
-120
-132
-64
-24
64
120
164
196
180
180
132
96
64
0
-80
-180
-244
-308
-308
-244
-196
-164
-132
-112
-120
-148
-132
-104
-48
32
40
24
0
-8
-40
-24
-40
-48
-24
32
72
180
308
340
396
340
308
308
244
212
180
96
24
8
-32
0
-8
-8
32
0
-24
-8
8
-24
-48
-8
8
64
132
196
228
228
180
72
0
0
64
104
196
276
308
308
260
212
132
8
-80
-132
-164
-180
-120
-32
32
112
132
112
0
-148
-212
-196
-244
-228
-212
-308
-396
-428
-428
-492
-556
-620
-684
-716
-684
-620
-460
-276
-112
-32
-48
-80
-148
-228
-308
-308
-276
-260
-212
-148
-72
-48
-16
24
48
16
-16
8
16
64
80
88
132
148
180
212
228
196
148
72
40
56
72
180
260
324
372
396
396
356
324
292
324
372
372
356
340
308
228
132
88
64
40
16
48
56
80
64
80
120
164
180
180
180
148
120
104
104
80
72
72
80
104
104
148
132
104
88
132
148
148
196
212
212
180
148
72
-40
-148
-180
-180
-148
-112
-112
-80
-104
-112
-80
-80
-80
-120
-180
-212
-228
-276
-340
-372
-428
-460
-460
-460
-396
-324
-260
-164
-104
-24
8
24
96
148
164
132
56
24
-24
-72
-48
-56
-64
-48
-48
0
16
32
48
56
48
88
112
120
112
48
0
-32
-24
-80
-56
-64
-132
-164
-180
-212
-196
-148
-148
-120
-88
-64
-32
-40
-40
-56
-132
-212
-244
-244
-196
-148
-72
-8
40
96
132
164
228
260
244
212
180
148
132
180
212
228
196
120
56
48
72
104
212
276
276
324
356
324
308
260
196
88
0
-32
-88
-164
-244
-356
-428
-396
-396
-356
-340
-324
-292
-276
-308
-324
-324
-324
-340
-324
-340
-396
-428
-428
-460
-460
-460
-396
-356
-276
-148
-40
88
212
292
340
356
356
356
372
356
356
308
308
308
308
372
396
460
460
460
460
492
460
460
492
492
492
524
492
396
356
276
196
180
120
112
104
104
164
148
148
180
164
148
148
148
80
0
-8
0
-8
-8
8
24
24
0
16
16
32
80
132
104
72
40
16
-24
-64
-72
-112
-132
-164
-164
-164
-132
-96
-80
-96
-164
-260
-340
-396
-372
-372
-324
-308
-324
-340
-396
-396
-372
-396
-396
-428
-492
-492
-460
-492
-460
-460
-524
-556
-556
-620
-652
-684
-652
-556
-524
-428
-372
-308
-260
-212
-180
-196
-212
-196
-132
-80
-16
8
72
132
180
196
244
276
260
292
276
292
308
340
372
372
324
292
276
244
276
308
396
428
428
460
460
460
428
340
244
164
88
64
32
56
96
196
308
372
396
372
396
340
276
276
308
276
260
260
180
132
112
132
164
180
196
228
196
180
180
260
324
356
372
372
340
292
244
212
228
164
72
8
-40
-112
-104
-120
-132
-104
-88
-80
-88
-104
-120
-148
-196
-196
-164
-148
-164
-180
-196
-228
-228
-212
-276
-340
-428
-524
-588
-652
-652
-620
-556
-524
-524
-524
-556
-556
-492
-460
-428
-396
-356
-372
-372
-356
-340
-324
-308
-324
-324
-292
-228
-148
-48
40
104
148
212
228
276
292
244
212
196
132
88
56
16
0
0
16
40
80
120
180
276
340
372
428
492
492
492
492
428
356
276
148
112
148
180
212
260
276
292
340
396
428
460
428
396
356
308
276
244
212
180
164
148
120
72
8
-32
-72
-120
-148
-104
-80
-72
-32
-40
-48
-88
-180
-260
-324
-356
-396
-396
-292
-212
-96
-16
16
24
40
24
-32
-48
-132
-228
-340
-428
-492
-588
-620
-620
-652
-652
-588
-524
-460
-356
-276
-164
-88
-48
-40
-88
-132
-196
-244
-228
-228
-196
-132
-40
32
80
132
212
228
260
324
356
396
428
428
396
324
244
148
24
-24
-72
-148
-120
-8
72
148
228
276
308
324
340
356
372
372
340
308
324
308
292
276
228
148
56
0
-16
24
112
212
292
340
356
356
356
308
276
228
196
180
164
164
180
180
180
228
244
228
212
132
40
-32
-88
-132
-180
-180
-212
-260
-292
-340
-396
-396
-340
-260
-196
-132
-56
-24
0
-8
-96
-164
-228
-308
-428
-492
-524
-556
-588
-556
-588
-620
-652
-652
-620
-620
-620
-492
-428
-340
-244
-180
-120
-72
-64
-72
-96
-164
-180
-196
-196
-228
-148
0
88
148
196
212
244
276
276
292
260
292
276
180
132
88
32
0
-24
16
32
24
72
132
212
292
324
396
428
428
356
324
260
148
148
164
132
132
120
56
48
8
24
80
164
276
308
324
324
308
372
396
396
428
428
372
308
276
244
164
148
148
132
120
104
80
88
32
24
16
-16
-32
-56
-56
-72
-40
-64
-104
-104
-96
-132
-196
-196
-148
-96
-56
-56
-104
-164
-196
-228
-244
-244
-324
-372
-428
-460
-460
-492
-492
-460
-428
-396
-356
-276
-196
-80
48
180
228
228
212
148
48
-16
-40
-48
-24
32
96
148
212
196
180
196
148
148
148
104
72
56
0
8
32
32
0
-8
-88
-164
-120
-72
-24
40
72
88
88
48
48
32
-40
-80
-112
-120
-132
-148
-164
-228
-228
-196
-180
-180
-164
-148
-148
-132
-80
-56
-48
-56
-96
-104
-88
-56
-48
-40
-56
-24
-40
-56
0
24
96
148
148
120
80
0
-16
8
32
40
40
40
24
-8
-72
-48
0
56
96
96
132
112
80
64
80
72
24
-40
-148
-196
-228
-244
-260
-244
-212
-228
-244
-196
-180
-164
-72
-24
32
80
132
212
276
396
396
356
292
244
276
276
260
260
276
260
276
260
244
228
228
292
340
340
340
356
340
340
356
292
196
180
180
132
88
112
164
228
196
260
876
1372
780
-524
-1308
-1244
-844
-748
-988
-356
1052
1372
64
-924
-812
-372
-620
-1180
-1052
-24
780
556
-56
-228
-180
-556
-1180
-1180
-308
492
748
620
524
460
120
-396
-652
-356
244
652
620
340
64
-324
-780
-988
-988
-556
64
1052
1500
1116
492
-16
-748
-1436
-1756
-1564
-620
196
196
-260
-48
228
-492
-1308
-1052
-148
396
308
196
684
1052
396
-524
-428
112
0
-492
-340
340
588
228
180
556
652
244
-72
180
396
40
-308
-16
260
212
64
180
556
620
460
460
652
620
340
308
684
748
460
260
196
24
-308
-492
-492
-460
-460
-396
-104
164
132
-24
-48
-56
-56
-40
120
396
556
340
72
0
-292
-684
-924
-924
-652
-492
-428
-276
-96
-120
-244
-244
-88
24
112
244
460
620
524
396
308
80
-132
-180
-148
-32
56
32
-96
-180
-228
-244
-260
-276
-244
-132
64
180
112
72
0
-16
-148
-276
-196
-96
-24
-8
32
72
24
-148
-260
-212
-180
-164
-8
96
48
-120
-196
-196
-132
-40
72
292
428
428
340
260
104
-104
-148
-32
212
292
276
276
260
132
-16
-112
-112
0
88
228
340
396
340
132
-40
-56
-80
-80
-32
80
56
8
0
-72
-212
-340
-460
-460
-372
-276
-148
-96
-32
-112
-260
-292
-396
-460
-372
-228
-120
-32
-8
-64
-132
-244
-196
-148
-148
-132
-64
88
132
212
196
244
340
340
396
460
524
556
492
396
356
372
260
96
-32
-132
-56
48
132
228
228
180
148
180
260
292
276
244
228
196
212
132
-32
-148
-244
-276
-276
-292
-308
-276
-164
-56
-8
8
0
-64
-132
-132
-120
-96
24
72
64
96
104
120
104
64
24
96
164
180
196
164
196
120
-16
-88
-72
-32
40
148
244
292
276
196
112
120
64
32
8
-132
-228
-340
-428
-492
-492
-460
-428
-460
-428
-396
-324
-228
-180
-260
-324
-292
-340
-396
-356
-396
-396
-396
-428
-356
-396
-396
-308
-228
-196
-148
-88
-64
16
96
244
356
292
244
180
120
80
-24
48
180
276
324
340
372
276
180
48
-48
-24
-32
-40
64
148
212
196
164
164
88
80
112
180
212
196
164
96
64
72
72
-16
-112
-164
-164
-120
-148
-180
-104
104
212
260
372
372
308
132
40
88
80
64
120
260
396
260
96
40
72
104
148
164
132
96
0
48
164
260
276
244
292
324
244
120
80
32
-104
-260
-340
-324
-356
-428
-428
-308
-260
-260
-244
-228
-212
-308
-292
-132
32
64
32
16
-24
-228
-428
-460
-460
-356
-260
-148
-40
-64
-132
-180
-96
24
132
260
372
492
460
356
292
260
164
64
96
196
228
196
120
112
96
24
48
96
96
72
64
120
104
24
-72
-164
-164
-104
32
64
104
196
132
72
-16
-132
-244
-276
-244
-148
-72
-88
-164
-292
-372
-460
-460
-308
-164
-56
-8
64
48
56
64
0
-24
-48
-72
-24
16
-8
-56
-96
-64
-40
-48
-32
0
-8
96
244
260
292
340
276
180
148
96
8
-16
-56
-24
88
132
148
148
80
-8
-40
-132
-148
-148
-132
-24
24
-8
-32
-96
-212
-180
-180
-120
-24
-24
-24
-104
-88
-112
-80
-80
-56
-32
-40
8
32
88
64
0
-72
-132
-148
-180
-72
40
104
212
260
260
196
112
112
120
80
40
-48
-120
-180
-132
-40
72
164
180
120
40
0
0
-8
32
148
276
340
324
196
64
-104
-292
-356
-292
-260
-244
-212
-196
-196
-80
80
88
164
228
180
164
196
276
276
276
228
164
212
132
120
132
88
0
-112
-132
-132
-56
0
56
96
80
132
88
40
8
-48
-80
-132
-72
-72
-104
-72
-24
48
56
80
16
40
-64
-212
-292
-340
-292
-324
-260
-180
-64
-16
-48
-64
-88
-132
-212
-212
-180
-120
-16
24
56
88
80
48
8
-32
-48
-8
80
180
276
324
292
260
244
212
120
120
164
196
212
196
132
88
8
-64
-96
-112
-88
-48
16
40
32
-24
-48
-48
-32
24
104
120
24
-8
-64
-112
-88
-180
-244
-228
-196
-244
-308
-324
-292
-244
-260
-180
-148
-164
-132
-80
-24
48
120
148
212
196
104
80
72
16
-64
-96
-96
-56
-32
-80
-48
8
-8
-72
-64
8
88
132
164
228
196
80
-32
-88
-64
-24
0
-8
-8
-32
-32
-24
40
132
148
64
-40
-132
-180
-148
-64
8
64
132
80
32
0
-112
-212
-212
-180
-104
24
148
228
228
164
164
148
112
96
104
132
196
228
244
228
164
88
-8
-56
-8
56
112
132
148
96
32
0
0
56
72
88
88
96
88
120
112
104
104
48
64
72
96
96
80
16
-64
-180
-244
-292
-308
-276
-276
-228
-196
-132
-48
32
80
72
96
104
72
48
0
0
0
-16
-40
-56
-40
-16
8
-8
-80
-164
-212
-228
-212
-132
-104
-96
-96
-120
-80
0
-8
-56
-24
0
-8
-24
0
16
40
72
32
32
-8
-56
-112
-212
-212
-148
-148
-148
-132
-148
-132
-112
-72
16
80
72
32
16
16
0
-32
-40
-8
8
-8
-24
-64
-104
-88
-88
-32
40
72
80
48
24
72
104
112
80
72
112
132
132
148
104
88
96
104
132
148
112
72
88
72
112
212
212
196
212
196
196
196
228
148
120
132
96
48
-24
-56
-88
-112
-132
-88
-8
-24
-80
-40
32
88
120
180
164
48
-40
-132
-148
-132
-148
-132
-148
-96
-120
-164
-132
-104
-120
-148
-132
-40
-40
-40
0
8
24
32
-16
-64
-112
-120
-112
-80
-32
8
0
0
0
-64
-96
-56
-72
-80
-32
-48
-32
-112
-196
-180
-148
-64
-40
-40
-48
-56
-80
-96
-96
-72
-56
-40
-32
16
48
56
72
72
48
56
80
96
112
80
80
104
72
0
-8
0
0
0
16
48
64
80
80
64
24
24
8
0
72
148
196
292
324
308
276
180
180
164
88
72
8
-48
-120
-180
-196
-164
-148
-104
-40
-32
-16
-40
-8
0
16
80
132
148
88
40
-24
-32
-32
-48
-104
-88
-24
0
32
56
48
24
0
-32
0
72
96
64
0
-16
8
48
80
148
164
132
88
72
72
40
16
40
104
148
132
80
32
-40
-80
-48
-32
0
-40
-132
-164
-148
-88
-80
-112
-96
-104
-112
-64
0
8
8
-8
-24
-8
-48
-64
-72
-64
-88
-88
-104
-112
-148
-212
-196
-164
-104
-80
-88
-96
-96
-120
-180
-164
-132
-96
-120
-88
-32
-48
-48
-64
-24
-24
-32
-64
-88
-104
-112
-56
-32
-16
8
16
16
-40
-132
-196
-260
-292
-276
-228
-88
48
148
164
132
96
64
88
112
112
112
104
132
88
56
88
32
8
-16
8
32
56
120
180
244
228
228
260
260
228
292
324
308
292
244
196
80
16
-8
8
88
104
104
148
196
196
164
148
132
132
104
56
32
-16
-72
-120
-88
-48
-32
-96
-132
-132
-180
-164
-80
-32
56
72
56
64
-8
-32
-40
-16
0
-32
-72
-132
-196
-228
-228
-180
-88
-40
-16
-24
-16
-40
-56
-64
-88
-80
-48
-40
-16
16
40
64
48
24
48
16
-16
-88
-104
-40
0
72
64
56
8
-56
-96
-112
-132
-148
-164
-164
-112
-88
-24
16
8
16
24
32
72
80
48
72
32
-8
-24
-24
-56
-96
-148
-148
-120
-80
-24
40
132
180
228
260
228
196
148
132
148
112
88
40
0
-40
-72
-80
-64
-56
-88
-80
-16
32
56
48
24
8
-16
-48
-72
-104
-120
-164
-180
-120
-96
-120
-104
-64
-32
0
48
48
48
64
64
40
40
32
40
8
-56
-80
-120
-112
-88
-48
-16
0
48
72
96
80
64
40
24
40
48
8
0
16
40
80
56
0
-40
-48
-32
16
112
120
96
120
104
80
40
0
-40
-88
-132
-132
-120
-132
-104
-112
-120
-88
-72
-40
8
16
8
8
8
-8
-48
-64
-72
-40
8
64
64
64
24
-16
-40
-32
-16
0
80
104
148
196
244
244
196
164
164
112
72
40
32
40
80
112
88
88
48
40
72
88
132
180
164
148
88
8
-48
-120
-164
-164
-132
-132
-80
-80
-88
-96
-132
-148
-148
-164
-148
-132
-96
-40
-8
-8
-40
-72
-88
-112
-180
-228
-244
-292
-260
-180
-132
-72
-8
32
48
40
32
16
32
56
88
80
32
16
-32
-112
-96
-112
-132
-112
-80
-40
8
48
80
96
80
48
16
24
0
-16
0
-8
-8
0
0
-8
-24
-56
-40
0
-8
16
48
72
104
112
132
148
96
64
48
40
32
72
104
132
180
196
228
228
212
196
180
180
164
164
112
112
104
96
112
132
132
132
96
56
32
8
24
0
0
32
56
56
24
-8
-48
-112
-148
-212
-228
-196
-212
-164
-132
-120
-132
-132
-148
-132
-112
-80
-56
-80
-120
-164
-148
-180
-212
-196
-164
-132
-88
-40
-24
-32
-32
-40
-8
16
56
72
88
96
80
80
64
32
0
-24
-32
-48
-80
-88
-132
-180
-148
-104
-32
-8
-32
-56
-80
-112
-132
-148
-148
-132
-132
-148
-148
-88
-88
-96
-88
-112
-104
-96
-56
-16
0
16
8
-8
-40
-64
-48
0
72
88
132
148
104
96
120
112
132
180
196
260
260
276
260
228
244
228
276
292
276
292
292
276
260
228
212
196
196
228
212
132
164
112
80
132
164
148
132
112
88
80
112
120
80
48
0
-8
8
32
16
40
88
64
48
24
-48
-104
-164
-196
-164
-132
-80
-72
-72
-64
-32
-16
-16
-16
-24
-32
-72
-80
-88
-148
-212
-228
-260
-244
-244
-260
-244
-260
-260
-260
-228
-196
-196
-212
-164
-164
-180
-164
-212
-244
-228
-244
-260
-276
-276
-228
-212
-180
-120
-112
-96
-164
-196
-180
-180
-180
-164
-164
-132
-96
-80
-80
-72
-40
-16
40
104
148
164
180
228
244
212
196
148
88
80
96
88
164
196
180
180
196
212
196
164
132
104
88
120
132
164
212
180
164
164
120
80
32
0
0
8
0
24
24
64
132
180
196
132
88
48
32
32
72
120
132
148
112
96
96
80
40
8
-8
-16
8
32
32
56
104
148
148
148
112
48
40
0
-40
0
0
-16
24
0
-24
-48
-64
-96
-132
-132
-88
-72
-112
-88
-88
-80
-80
-96
-104
-148
-180
-164
-164
-132
-96
-80
-80
-112
-112
-120
-120
-120
-132
-132
-88
-80
-72
-56
-80
-80
-88
-132
-96
-48
8
48
72
120
148
164
148
104
88
56
24
8
-16
0
0
8
40
48
56
80
48
32
64
96
72
40
40
16
8
16
0
0
-16
-56
-80
-112
-112
-112
-96
-48
-24
0
32
48
16
0
8
32
56
64
32
8
0
-16
-40
-48
-64
-112
-104
-72
-32
-8
0
0
32
40
32
16
0
-8
-16
-8
-32
-56
-48
-72
-64
-72
-112
-148
-120
-120
-96
-56
-32
16
48
64
48
24
0
-24
-40
-16
0
0
0
8
48
88
104
80
48
40
24
0
-8
8
32
48
88
112
120
164
180
196
196
180
180
180
196
180
212
212
180
132
80
48
16
0
32
80
80
96
104
80
96
112
80
88
64
56
64
64
40
8
-24
-40
-48
-64
-64
-72
-72
-80
-96
-56
-32
-48
-64
-56
-32
-56
-64
-80
-88
-64
-56
-48
-40
-64
-80
-96
-132
-112
-112
-112
-104
-96
-104
-96
-48
-32
-56
-48
-88
-88
-96
-132
-132
-132
-88
-72
-56
-72
-96
-96
-112
-132
-120
-132
-164
-228
-228
-196
-164
-112
-104
-64
-64
-80
-72
-72
-72
-56
-40
-40
-24
-24
-56
-64
-72
-96
-88
-80
-64
-40
0
32
88
132
132
132
148
148
132
180
180
196
180
148
112
80
80
64
72
88
48
32
40
32
24
56
96
120
132
132
148
148
132
112
88
88
80
72
72
80
104
104
96
64
48
24
32
40
48
72
96
104
104
112
96
96
96
96
96
88
72
48
16
8
0
-16
-16
-24
-16
-8
16
32
48
56
48
40
32
48
56
64
72
48
48
32
0
-24
-32
-32
-40
-40
-64
-96
-120
-132
-96
-64
-32
0
24
8
-8
-24
-40
-72
-104
-104
-112
-104
-88
-104
-112
-120
-132
-132
-112
-120
-112
-96
-120
-120
-132
-148
-148
-148
-148
-164
-164
-132
-96
-56
-40
-16
-8
-32
-64
-80
-96
-112
-132
-104
-104
-104
-96
-80
-72
-80
-64
-40
-24
0
48
56
80
80
72
64
64
80
48
16
0
8
8
8
16
24
48
56
80
104
132
132
120
132
132
96
72
48
40
64
56
40
40
16
8
24
8
24
24
16
32
32
64
88
88
88
104
88
56
48
32
16
24
16
-8
-32
-56
-88
-80
-40
0
32
56
80
80
72
104
104
88
88
72
56
40
32
16
16
32
32
32
24
24
8
0
0
16
48
48
72
72
64
72
40
8
-8
-16
-16
0
8
16
8
-16
-16
16
8
0
-8
-24
-40
-64
-56
-64
-80
-72
-56
-40
-24
-40
-32
-32
-16
-8
-8
8
0
-8
-16
-32
-48
-64
-88
-88
-88
-112
-104
-80
-56
-40
-8
0
0
-8
-8
-8
-32
-16
-8
-8
-8
-16
-48
-80
-104
-104
-96
-112
-88
-64
-40
-24
0
16
24
32
16
-16
-24
-40
-64
-56
-48
-56
-48
-48
-56
-40
-40
-56
-56
-80
-80
-48
-16
8
24
24
0
-24
-40
-32
-40
-40
-24
-32
-24
0
16
16
16
8
-16
-24
-24
-8
0
0
24
64
56
80
88
64
64
56
40
40
48
72
88
88
96
88
48
64
72
64
72
64
56
48
56
88
132
132
148
132
148
164
164
164
164
180
148
112
96
80
48
32
16
0
0
16
40
48
64
96
104
104
112
88
64
40
24
24
16
0
-24
-40
-56
-80
-88
-80
-72
-64
-48
-56
-64
-48
-40
-24
-16
-40
-64
-88
-120
-132
-120
-132
-120
-104
-112
-120
-96
-104
-104
-96
-112
-120
-120
-120
-104
-88
-88
-88
-96
-96
-104
-120
-132
-132
-132
-132
-120
-96
-88
-80
-72
-72
-72
-72
-72
-48
-64
-48
-32
-24
-8
-16
-8
0
0
16
16
40
64
96
96
104
120
104
88
80
56
56
48
32
40
40
64
72
80
80
80
80
80
72
72
80
96
72
64
72
64
56
32
16
8
16
8
24
40
48
48
64
72
80
88
88
72
72
32
16
32
24
48
48
48
24
0
-16
-32
-32
-16
0
16
40
64
56
56
56
40
32
0
-16
-40
-56
-48
-40
-24
-8
-8
-8
-8
-24
-32
-32
-40
-32
-40
-40
-56
-72
-72
-64
-72
-96
-96
-88
-88
-80
-64
-56
-48
-64
-64
-48
-48
-56
-48
-40
-40
-32
-32
-24
-16
-16
-8
0
16
32
48
64
56
40
40
24
32
40
48
24
16
24
8
0
-8
8
32
40
56
56
48
32
24
8
8
8
0
0
8
16
16
16
8
0
-16
-16
-8
0
16
32
32
48
48
32
8
