SAMPLES:	9179
BITSPERSAMPLE:	16
CHANNELS:	1
SAMPLERATE:	16000
NORMALIZED:	FALSE
40
40
40
40
32
32
32
24
24
24
24
16
16
8
8
8
8
8
0
0
0
0
0
0
0
0
0
0
0
0
0
0
0
0
0
0
0
0
0
-8
-8
-8
0
0
0
0
0
0
-8
-8
-8
-8
-8
-8
-8
-8
-8
-16
-16
-8
-8
0
-8
0
-8
-8
-8
-8
-8
-8
-8
-8
-8
-16
-16
-16
-16
-24
-24
-16
-16
-16
-16
-16
-16
-16
-16
-8
-8
-8
-8
-8
-8
-8
-8
-8
-8
-8
-8
-8
-8
-8
0
0
0
0
-8
0
-8
-8
0
0
-8
0
0
-8
0
0
-8
0
0
0
0
0
0
0
0
0
0
0
0
0
0
0
0
0
0
8
8
8
16
16
16
16
16
16
16
16
16
24
24
24
32
24
32
32
32
32
32
32
32
32
24
24
24
24
16
16
16
16
16
24
24
16
16
16
8
8
8
8
8
0
0
0
0
0
-8
-8
-8
-16
-8
-8
-8
-8
-8
-8
-8
-8
-16
-8
-8
-8
-16
-16
-16
-16
-8
-8
-8
-8
0
0
0
0
0
0
0
0
0
0
0
0
0
0
0
0
0
0
0
0
0
0
0
-8
0
0
0
0
0
-8
-8
0
-8
-8
-8
-8
-8
-8
-8
-8
-8
-8
-16
-8
-8
-16
-16
-24
-24
-24
-24
-24
-24
-24
-24
-24
-24
-24
-32
-32
-32
-24
-24
-16
-16
-16
-16
-16
-16
-8
-8
0
0
-8
0
0
0
0
0
0
0
8
8
8
8
8
8
8
16
16
16
16
16
24
32
32
40
40
48
48
40
40
40
40
40
40
40
40
40
40
40
40
40
40
40
40
40
32
32
32
32
24
24
24
16
16
16
16
8
8
0
0
0
0
0
0
0
0
0
0
0
0
0
0
-8
-8
-16
-16
-16
-16
-16
-24
-24
-24
-24
-32
-32
-24
-32
-32
-32
-24
-32
-32
-32
-40
-32
-32
-24
-24
-24
-24
-24
-24
-24
-24
-24
-24
-16
-8
-8
-8
-16
-16
-16
-16
-8
-8
-8
0
0
0
0
0
-8
0
0
0
0
0
0
-8
0
0
0
0
8
8
0
0
0
0
0
0
0
0
0
0
0
0
-8
-8
0
0
0
0
0
0
-8
0
0
0
0
0
0
0
0
0
0
8
8
8
8
8
8
16
16
8
8
8
16
16
16
24
16
24
16
16
16
24
16
16
16
16
8
8
16
8
8
8
8
8
8
8
8
8
0
8
8
8
8
8
0
0
0
0
0
0
0
0
0
0
0
8
8
8
8
0
0
0
0
0
0
0
0
0
8
0
0
0
0
0
0
0
0
0
0
0
0
0
0
0
0
0
0
0
0
0
0
0
0
0
0
0
0
0
0
-8
0
-8
-8
-8
-8
-8
-8
-8
-8
-16
-8
-8
-8
-8
-8
-8
-16
-8
-16
-16
-16
-16
-16
-8
-8
-8
-8
-8
-8
-8
-8
-8
-8
-8
-8
-8
-8
-8
0
0
0
0
0
0
0
0
0
0
0
-8
-8
-8
-8
0
0
0
0
0
0
0
0
0
0
-8
-8
-8
-8
-8
-8
-8
-8
0
0
-8
-8
-8
0
-8
0
0
0
0
0
0
0
0
0
0
0
0
0
0
0
0
0
0
0
0
8
8
8
8
8
8
8
8
8
8
8
16
16
16
16
16
16
16
16
24
24
16
16
16
16
16
16
16
16
16
16
16
16
16
16
24
24
24
24
24
24
24
24
16
16
16
16
8
16
8
8
8
8
8
0
0
0
0
0
0
0
0
-8
-8
-8
-8
-8
-8
-8
-8
-8
-16
-16
-16
-16
-16
-16
-16
-16
-16
-16
-24
-24
-24
-24
-24
-24
-32
-24
-24
-32
-32
-24
-24
-32
-24
-24
-24
-24
-24
-24
-24
-24
-24
-24
-24
-24
-24
-24
-24
-16
-16
-16
-16
-16
-8
-8
-8
-8
-8
-8
-8
-8
0
0
0
0
0
0
0
8
16
16
16
16
24
16
24
24
24
24
24
24
24
32
32
32
32
32
32
32
32
32
32
32
32
32
24
32
24
24
16
16
16
16
16
16
8
8
8
8
8
8
8
0
0
0
0
0
0
0
-8
-8
-8
-8
-8
-16
-16
-8
-8
-8
-8
-8
-8
-8
-8
-16
-8
-8
-8
-8
-16
-8
-16
-8
-8
-8
0
0
-8
-8
0
0
-8
-8
-8
0
0
-8
0
0
0
0
0
8
0
0
0
0
0
0
0
0
0
0
8
8
0
0
0
0
0
0
8
8
8
8
8
8
0
0
0
0
0
0
0
0
0
0
0
0
0
0
0
-8
-8
-8
-8
-8
-8
0
0
0
0
-8
-8
-8
-8
-8
-8
-8
-16
-8
-8
-8
0
0
0
0
0
-8
-8
-8
-16
-16
-16
-16
-8
-16
-8
-8
-8
-8
-8
-16
-16
-16
-16
-16
-16
-16
-16
-16
-16
-8
-8
-8
0
0
0
0
0
0
0
0
0
0
0
0
0
0
0
0
0
0
8
8
8
8
16
16
24
16
16
16
16
16
16
24
24
24
24
32
24
32
32
32
40
40
40
40
40
40
40
40
40
40
40
40
40
40
32
32
32
24
24
32
32
32
32
24
24
16
16
8
8
0
0
0
0
0
-8
-8
-8
-8
-16
-16
-24
-24
-24
-24
-24
-24
-24
-24
-32
-32
-40
-40
-48
-48
-48
-48
-48
-48
-48
-48
-40
-40
-40
-40
-40
-40
-48
-40
-40
-40
-40
-40
-32
-32
-32
-32
-32
-32
-24
-24
-24
-16
-16
-16
-8
-8
-8
-8
-8
-8
-8
-8
0
0
0
0
0
0
0
8
16
16
16
16
16
16
16
16
24
24
16
24
24
24
24
32
32
32
40
40
40
40
32
24
24
32
24
24
24
24
24
24
24
24
24
24
16
24
24
24
24
16
16
16
16
16
16
16
16
16
8
8
8
8
8
8
8
8
8
8
0
0
0
0
0
0
0
0
0
0
-8
-8
-8
-8
-8
-8
-16
-16
-16
-8
-8
-8
-8
-8
-8
-8
-8
-8
-8
-8
-16
-16
-16
-16
-16
-16
-16
-16
-16
-16
-16
-8
-8
-8
-8
-8
-8
-8
-16
-16
-16
-16
-16
-16
-16
-16
-16
-16
-16
-16
-16
-16
-16
-8
-8
-16
-8
-16
-16
-8
-8
-8
-8
0
0
0
0
0
0
0
0
8
8
0
0
0
8
8
8
16
16
16
16
24
16
16
16
16
24
24
32
24
24
24
16
24
24
24
16
16
8
8
0
8
8
0
0
0
0
0
0
0
0
0
0
0
0
0
-8
-8
-8
-8
-16
-16
-16
-16
-16
-16
-8
-8
-8
-8
0
-8
-8
-8
-8
-8
-8
-8
-8
-8
0
0
0
0
0
0
8
8
8
8
8
8
8
16
16
16
16
16
16
16
16
16
16
16
16
24
24
24
24
16
16
8
8
8
8
8
8
8
8
0
0
0
0
0
0
0
0
0
0
0
0
0
-8
-8
-8
-8
-8
-8
-16
-8
-16
-16
-16
-16
-16
-16
-16
-16
-16
-16
-16
-8
-16
-8
-8
-16
-16
-16
-16
-16
-16
-16
-16
-8
-8
-8
-8
-8
-8
-8
-8
-8
-8
-8
0
0
0
0
0
0
-8
-8
-8
-8
0
-8
-8
0
0
0
0
0
0
0
0
8
0
0
0
0
0
0
0
0
0
8
8
0
0
0
0
0
0
0
0
8
0
8
0
0
0
0
8
8
8
8
8
8
16
16
16
16
16
16
16
16
16
16
8
8
8
8
8
8
8
16
16
16
16
16
16
24
24
24
24
16
16
8
0
0
0
0
0
8
0
0
0
-8
-8
-8
-8
0
0
0
0
0
-8
-8
-16
-8
-8
-8
0
-8
-8
-8
-8
-8
-8
-8
-8
-8
0
0
-8
-8
-8
-8
-16
-8
-16
-16
-16
-16
-16
-24
-24
-24
-24
-16
-16
-24
-24
-24
-32
-32
-40
-40
-40
-40
-40
-40
-40
-40
-48
-48
-40
-40
-32
-24
-24
-24
-24
-24
-24
-24
-24
-16
-8
-8
0
0
0
0
0
8
16
24
32
40
40
48
48
48
48
56
56
64
72
72
72
80
88
96
96
104
112
112
112
112
104
104
96
96
96
88
88
96
88
88
80
80
72
64
64
56
48
48
40
32
24
8
0
-8
-16
-24
-24
-32
-32
-40
-40
-40
-48
-56
-72
-80
-88
-96
-104
-112
-112
-112
-120
-112
-112
-120
-120
-120
-120
-120
-120
-132
-148
-148
-148
-164
-148
-148
-148
-148
-148
-148
-148
-148
-148
-132
-148
-148
-148
-148
-148
-148
-148
-148
-132
-132
-132
-120
-112
-112
-96
-88
-64
-56
-32
-24
-16
0
16
32
56
72
88
104
132
148
164
180
212
228
260
276
308
324
356
372
372
396
396
396
396
428
396
396
396
396
396
396
396
372
356
340
324
308
276
260
244
228
212
196
180
148
132
120
112
132
132
132
132
148
132
120
120
112
104
88
64
40
16
-8
-32
-80
-120
-180
-228
-292
-356
-428
-524
-588
-652
-716
-780
-876
-924
-988
-1052
-1116
-1180
-1244
-1308
-1372
-1372
-1372
-1308
-1308
-1244
-1244
-1244
-1180
-1180
-1116
-1052
-924
-844
-716
-620
-492
-396
-276
-164
-16
112
244
372
492
620
748
876
988
1116
1180
1308
1372
1500
1564
1564
1628
1628
1692
1692
1692
1692
1692
1692
1628
1628
1564
1500
1436
1372
1308
1180
1052
988
876
748
652
524
396
292
164
56
-40
-148
-212
-276
-324
-372
-428
-428
-428
-324
-180
-72
64
228
428
652
748
780
812
812
988
1180
1372
1436
1372
1372
1308
1244
1180
988
812
652
492
324
40
-292
-684
-1052
-1244
-1500
-1692
-1980
-2364
-2620
-2876
-3260
-3516
-3772
-4092
-4092
-4348
-4348
-4348
-4348
-4348
-4092
-4092
-4092
-4092
-4092
-3772
-3388
-2876
-2492
-2364
-1980
-1628
-1180
-780
-492
-244
8
372
812
1180
1500
1692
1820
2108
2364
2620
2748
2748
2748
2876
2876
3004
2876
2876
2748
2620
2620
2620
2492
2364
2364
2236
2108
1884
1692
1500
1372
1244
1116
924
716
556
428
308
196
56
-48
-148
-180
-148
-96
-56
-16
72
180
292
428
524
652
748
812
924
1052
1180
1308
1436
1564
1756
1820
1884
2108
2492
2876
3132
3132
3004
2748
2620
2748
2876
2876
2620
2364
1980
1820
1436
988
460
-32
-396
-780
-1116
-1692
-2364
-3004
-3388
-3772
-3900
-4092
-4604
-4860
-5116
-5372
-5628
-5628
-5884
-5884
-5884
-5884
-5628
-5372
-5116
-4860
-4604
-4604
-4348
-4092
-3772
-3388
-2748
-2236
-1820
-1436
-1052
-492
8
492
876
1244
1564
1980
2364
2748
3004
3260
3260
3516
3644
3900
3900
3900
3772
3644
3644
3516
3516
3516
3388
3260
3132
2876
2620
2364
2236
2108
1884
1756
1500
1244
924
780
620
396
228
8
-132
-228
-276
-324
-340
-428
-492
-460
-340
-228
-148
0
112
228
396
524
620
684
780
924
1116
1372
1500
1628
1756
1820
1884
1884
1980
2236
2620
3004
3132
3004
2492
2236
2236
2364
2492
2364
2108
1820
1500
1180
716
148
-340
-684
-924
-1180
-1564
-2236
-3004
-3516
-3772
-4092
-4092
-4348
-4604
-4860
-5116
-5372
-5372
-5628
-5884
-5884
-5628
-5628
-5372
-5116
-4860
-4604
-4348
-4348
-4092
-4092
-3516
-3004
-2364
-1980
-1564
-1180
-748
-180
340
748
1052
1372
1692
2236
2620
3004
3132
3260
3388
3644
3900
4092
4092
3900
3772
3644
3644
3516
3516
3516
3388
3260
3132
2876
2620
2364
2108
1980
1820
1628
1308
988
716
524
372
148
-40
-228
-396
-460
-428
-492
-556
-620
-620
-556
-428
-276
-196
-64
72
276
492
652
716
812
924
1052
1244
1372
1436
1500
1628
1756
1980
2108
2236
2364
2748
3260
3388
3132
2748
2364
2364
2620
2748
2748
2364
1884
1628
1308
988
396
-212
-684
-1052
-1244
-1692
-2364
-3004
-3644
-4092
-4092
-4348
-4604
-4860
-5372
-5628
-5884
-5884
-5884
-6140
-5884
-5884
-5628
-5372
-5116
-4860
-4604
-4604
-4604
-4092
-3900
-3388
-2748
-2364
-1884
-1500
-988
-428
148
684
1052
1308
1628
2108
2620
3004
3388
3516
3644
3772
3900
4092
4092
4092
3900
3900
3772
3772
3772
3772
3516
3260
3132
2876
2492
2236
1884
1628
1564
1500
1372
1116
748
428
228
120
0
-228
-492
-716
-748
-684
-620
-652
-748
-748
-652
-396
-148
-8
40
212
428
684
988
1052
1180
1244
1500
1756
1820
1884
1756
1756
1980
2108
2364
2492
2620
2876
3260
3516
3260
2876
2364
2108
2364
2748
2748
2492
1980
1564
1244
924
428
-260
-780
-1244
-1436
-1756
-2364
-3004
-3772
-4092
-4348
-4604
-4604
-5116
-5372
-5628
-5884
-6140
-6140
-6140
-6140
-5884
-5628
-5372
-5116
-4860
-4860
-4604
-4604
-4348
-4092
-3388
-2748
-2108
-1756
-1436
-1180
-652
-24
556
988
1244
1500
1884
2364
2748
3004
3132
3260
3388
3644
3900
3900
3772
3644
3388
3388
3516
3516
3516
3260
3132
2876
2748
2620
2236
1884
1628
1564
1564
1628
1436
1116
812
524
460
428
324
132
-24
-96
-56
32
48
8
-24
32
212
428
556
620
684
812
1052
1308
1436
1500
1564
1692
1820
1884
1884
1820
1628
1564
1692
1980
2236
2236
2364
2748
3516
3900
3644
2748
1820
1116
1116
1372
1628
1564
1116
748
396
112
-260
-1052
-1756
-2236
-2364
-2364
-2748
-3132
-3516
-3772
-3900
-4092
-4348
-4860
-5628
-5884
-6140
-5884
-5884
-5628
-5372
-5116
-4860
-4860
-4604
-4604
-4604
-4348
-4092
-3772
-3132
-2364
-1628
-1116
-844
-716
-588
-212
340
876
1308
1692
1820
1980
2236
2364
2492
2364
2492
2492
2620
2748
2748
2492
2364
2364
2492
2620
2620
2492
2364
2108
1980
1884
1628
1308
1052
988
1116
1244
1244
1116
812
492
324
396
460
340
228
276
492
780
988
1052
988
924
924
1116
1564
1756
1884
1980
2108
2364
2364
2364
2364
2236
1980
1884
1884
1980
1884
1820
2108
2748
3388
3772
4092
4604
5372
5884
5116
3516
1980
924
428
228
428
684
620
-24
-988
-1756
-2364
-3132
-3772
-4092
-3772
-3260
-3132
-3260
-3516
-3772
-4348
-4604
-5372
-5884
-6140
-6396
-6396
-6140
-5884
-5116
-4604
-4348
-4092
-4092
-3772
-3388
-3132
-2876
-2748
-2364
-1756
-716
148
588
684
652
652
716
1052
1436
1628
1564
1500
1500
1628
1692
1564
1372
1308
1308
1244
1244
1308
1244
924
748
876
988
924
812
780
620
396
212
148
164
32
132
372
684
748
524
196
-80
-148
40
396
812
988
1116
1372
1628
1980
1980
2108
2108
2236
2492
3004
3388
3516
3516
3516
3388
3260
3260
3132
3004
2748
2748
2748
2620
2492
1980
1628
1564
1884
2492
3132
3388
3644
4348
5372
5884
4604
2236
0
-1372
-1884
-1980
-1692
-1052
-876
-1500
-2620
-3260
-3772
-4348
-5116
-4860
-3900
-2876
-2364
-2236
-2364
-2876
-3516
-4092
-4860
-5372
-5884
-5884
-5628
-5372
-4860
-4348
-3772
-3260
-3004
-2620
-2236
-1692
-1372
-1436
-1628
-1116
-292
112
292
308
396
56
-324
-308
-48
212
244
228
492
780
780
620
556
556
228
-132
-120
148
212
148
292
460
428
112
-72
-104
-180
0
428
924
1116
988
988
988
988
924
748
684
588
620
876
1180
1436
1500
1628
1884
2236
2620
2748
2876
3004
3132
3260
3388
3644
3900
3900
3772
3516
3260
2876
2620
2492
2620
2620
2492
2492
2236
1756
1308
1116
1308
2108
3004
3644
4092
5116
6396
6396
4348
1180
-1372
-2364
-2492
-2492
-1820
-844
-372
-1372
-3004
-4092
-4604
-4860
-5116
-4348
-3004
-1980
-1564
-1692
-1980
-2620
-3772
-5116
-5884
-6396
-6652
-6652
-6396
-5628
-5372
-4860
-4092
-3388
-3132
-3004
-2620
-1884
-1436
-1628
-1884
-1692
-588
428
620
276
-276
-924
-1436
-1372
-556
396
1180
1756
2108
1980
1436
652
148
40
308
780
1372
1980
1884
1308
588
276
56
-88
260
988
1500
1756
1884
1756
1436
988
716
844
1052
1180
1180
1180
812
492
588
1116
1500
1756
1980
2108
2236
2364
2492
2748
2748
3004
3388
3772
3772
3644
3388
3004
2876
3004
3004
3004
3004
2876
2748
2620
2492
2108
1692
1436
1500
2108
3260
4092
4348
4860
5884
6652
5884
3132
148
-1692
-2108
-2108
-2108
-1244
-492
-812
-2364
-3900
-4604
-5116
-5372
-5116
-4092
-2620
-1820
-1756
-1980
-2620
-3644
-5116
-6140
-6908
-7420
-7420
-7164
-6652
-6140
-5628
-4860
-4348
-3772
-3644
-3388
-2876
-2108
-1692
-1692
-1756
-1564
-428
876
812
-32
-1180
-1820
-2108
-1980
-844
460
1628
1980
1756
1564
1500
876
308
652
1564
2108
2108
1980
1820
988
-16
-244
132
524
924
1436
1980
2236
1980
1436
1372
1500
1564
1628
1884
1980
1628
1052
524
396
620
988
1372
1820
2108
2236
2364
2748
3260
3644
3644
3772
3772
3516
3260
3004
3004
2876
2876
3004
3004
2876
2620
2364
2620
2492
2364
2364
2236
2236
2620
3644
4604
4604
4604
5116
6140
5884
3388
652
-924
-1564
-1884
-2108
-1372
-396
-556
-1980
-3516
-4348
-4604
-4860
-4860
-3900
-2748
-1884
-1756
-1980
-2620
-3644
-4860
-6140
-6652
-7164
-7420
-7164
-6652
-6396
-5884
-5116
-4348
-4092
-3900
-3644
-3004
-2236
-1564
-1244
-1564
-1500
-396
324
-120
-1308
-2108
-2236
-2108
-1436
-260
1180
1980
1564
812
684
716
588
780
1564
2620
2492
1884
1436
988
276
-340
132
988
1564
1820
2108
2364
2236
1980
1884
2108
1980
1692
1500
1500
1500
1244
780
460
556
780
1180
1628
1980
1820
1820
2236
2748
3004
3132
3004
2876
2364
1884
1884
2108
2492
2748
2876
2876
2620
2236
1692
1500
1692
1820
1980
2236
1980
1692
1692
2492
3516
3644
3644
4348
6140
6908
5116
1884
-716
-1692
-1980
-2236
-1756
-492
148
-748
-2748
-4092
-4348
-4604
-4604
-3900
-2492
-1244
-812
-988
-1564
-2492
-3900
-5372
-6396
-6908
-6908
-6908
-6652
-6140
-5884
-5116
-4092
-3388
-3388
-3516
-3132
-2236
-1500
-1244
-1372
-1180
-428
132
64
-748
-1756
-2364
-2492
-1500
-96
1116
1756
1628
1308
1372
1372
1116
1052
1244
1756
1980
1820
1500
1116
812
372
492
988
1436
1564
1628
1884
2236
2364
2236
2236
1980
1692
1372
1308
1244
1116
876
652
556
524
652
924
1116
1308
1628
1980
2492
2876
2876
2748
2108
1820
1500
1372
1756
2108
2364
2492
2620
2492
2108
1500
1244
1244
1564
1980
2108
2108
1980
1564
1884
2748
3388
3388
3260
4604
6396
6652
4604
1436
-780
-1756
-2108
-2236
-1564
-260
40
-1180
-2876
-3900
-4348
-4604
-4604
-3772
-2492
-1308
-1052
-1180
-1692
-2748
-4092
-5628
-6396
-6908
-7164
-6652
-6396
-6140
-5628
-4860
-4092
-3516
-3644
-3644
-3004
-1980
-1308
-1180
-1308
-1244
-1116
-1244
-924
-16
-24
-924
-1500
-924
-80
-72
40
684
1980
2748
2364
1820
1756
1628
1180
1180
1884
2236
1628
1180
1244
1628
1564
1180
1308
1756
2236
2364
2236
2236
1884
1436
1436
1980
1980
1372
1052
924
924
652
308
244
492
812
1052
1628
2108
2364
2364
2364
2620
2620
2108
1884
2108
2236
2108
1980
2108
1980
1884
1692
1692
1884
1820
1756
1980
2108
1980
1308
1116
1564
2620
3644
3644
3132
3516
4860
6140
5372
2620
-64
-1500
-1756
-1884
-1756
-988
-492
-1052
-2620
-4092
-4860
-4860
-4604
-4092
-2876
-1564
-924
-1116
-1628
-2492
-3644
-5116
-6140
-6652
-6652
-6396
-6140
-5884
-5884
-5628
-4860
-4092
-3516
-3644
-3260
-2108
-988
-588
-588
-492
-396
-684
-1372
-1756
-1980
-2108
-1628
-340
1180
1628
1180
620
716
924
780
988
1692
2236
2108
1692
1564
1244
588
180
556
1180
1628
1564
1500
1692
1884
2108
2236
2620
2492
1980
1500
1436
1500
1308
924
780
716
588
396
428
652
924
1180
1564
2236
2620
2492
2236
2108
1980
1884
1820
2108
2620
2748
2748
2620
2620
2236
1884
1820
1980
2108
2108
1980
1980
1980
1564
1436
1820
2748
3260
3132
2748
3260
4604
5884
5628
3516
1052
-844
-1756
-1980
-1820
-1052
-524
-812
-2108
-3516
-4604
-5116
-4860
-4348
-3388
-2364
-1500
-1436
-1692
-2364
-3388
-4604
-5628
-6140
-6396
-6140
-5884
-5884
-5628
-5116
-4604
-4348
-4348
-4348
-3772
-2620
-1500
-876
-716
-988
-924
-148
132
-492
-1564
-2108
-1756
-1052
-212
396
988
1308
1180
716
460
492
620
876
1308
1980
1820
1244
924
812
620
492
684
924
1180
1308
1436
1500
1692
1692
1628
1756
1820
1692
1372
1244
1244
1244
988
748
652
652
620
684
876
1244
1820
2364
2748
2876
2620
2364
2364
2620
3004
3132
3260
3004
2748
2492
2364
2364
2108
1980
2236
2364
2236
2108
1980
1980
1980
2620
3388
3772
3260
2748
3516
5116
6140
5116
2492
340
-988
-1500
-1564
-1180
-492
-164
-1052
-2620
-4092
-4860
-4860
-4604
-3772
-3004
-2108
-1820
-1884
-2236
-2876
-3772
-4860
-5628
-5884
-5628
-5628
-5628
-5628
-5628
-5116
-4604
-4348
-4348
-4348
-3644
-2364
-1244
-812
-1052
-1052
-460
-244
-716
-1436
-1756
-1628
-1244
-396
492
924
684
-308
-748
-228
292
556
748
1244
1436
876
276
112
372
356
132
428
716
748
524
556
844
1244
1436
1500
1564
1308
876
684
876
1116
1116
812
524
396
372
492
812
1244
1500
1756
1980
2236
2364
2364
2364
2492
3004
3516
3772
3772
3516
3132
2748
2748
2748
2748
2620
2620
2748
2492
2492
2492
2492
2620
2748
3260
3772
3644
3004
3132
4348
5628
5628
4092
2236
460
-780
-1500
-1500
-780
-180
-492
-1628
-3132
-4348
-4860
-4860
-4348
-3516
-3004
-2620
-2364
-2364
-2748
-3516
-4092
-4860
-5116
-5372
-5372
-5372
-5628
-5628
-5372
-4604
-4348
-4348
-4604
-4348
-3388
-2108
-1308
-1116
-812
-372
-324
-684
-1244
-1564
-1500
-1244
-340
748
1308
876
-196
-844
-428
112
524
844
1244
1372
876
396
292
620
780
620
748
988
1052
748
716
988
1308
1436
1500
1500
1308
876
684
1052
1372
1436
1052
524
132
40
196
652
1372
1692
1756
1756
1820
1820
1884
1884
2236
2620
3004
3132
3132
3004
2620
2364
2364
2620
2748
2748
2620
2492
2236
2108
1884
1980
2236
2876
3772
4092
3772
3004
2876
3772
4604
4604
3644
2364
1180
-212
-1180
-1244
-652
-308
-988
-2108
-3132
-4092
-4604
-4860
-4348
-3516
-3132
-3132
-3132
-3004
-3260
-3644
-4348
-4604
-4860
-5116
-5116
-5372
-5372
-5628
-4860
-4348
-4092
-4348
-4604
-4348
-3644
-2748
-2108
-1564
-1244
-684
-276
-276
-524
-844
-924
-748
-292
308
844
1052
780
-8
-428
-88
340
684
876
1180
1308
1116
1052
1052
1244
1116
988
1116
1180
1244
1308
1436
1692
1884
1756
1628
1436
1116
924
1180
1564
1820
1564
1052
748
588
684
924
1244
1628
1884
1884
1980
1980
2236
2364
2492
2748
3004
3132
3132
3132
3004
2876
2748
2620
2492
2364
2236
2364
2236
2108
2108
2364
2620
3132
3516
3644
3132
2876
3516
4348
4604
3644
2236
1116
-32
-924
-1436
-1116
-428
-620
-1628
-2876
-4092
-4604
-4860
-4348
-3772
-3644
-3772
-4092
-3900
-3772
-4092
-4348
-4860
-5116
-5116
-5372
-5372
-5628
-5628
-5372
-4860
-4092
-4092
-4604
-4860
-4348
-3388
-2620
-2236
-2108
-1564
-620
-428
-684
-780
-492
-32
112
212
524
652
356
-148
-16
588
812
924
844
924
1116
876
876
1308
1756
1628
1180
1116
1180
1052
1052
1372
1820
1980
1692
1372
1372
1308
1244
1244
1628
1884
1756
1116
684
652
844
1116
1436
1692
1756
1628
1564
1820
2236
2620
2748
3004
3004
3132
3132
3260
3516
3516
3516
3260
2748
2364
2108
2364
2748
2876
2748
2748
2876
3004
3388
3644
3516
3132
3260
4092
4860
4604
3260
1980
1244
340
-780
-1244
-780
-180
-588
-1884
-3004
-3772
-4092
-4604
-4348
-3900
-3772
-4092
-4348
-4092
-4092
-4348
-4860
-4860
-4860
-5116
-5628
-5628
-5628
-5628
-5116
-4348
-4348
-4860
-5372
-5116
-4092
-3260
-2748
-2748
-2364
-1500
-1116
-1436
-1564
-1180
-492
-48
56
228
372
492
180
-148
-8
120
292
428
652
988
1116
1052
1116
1372
1436
1052
780
812
1180
1564
1628
1628
1500
1436
1308
1116
1116
1116
1308
1628
1820
1884
1564
1052
876
1052
1244
1372
1436
1500
1564
1564
1628
1756
1884
1980
2364
2748
3004
3132
3260
3388
3516
3516
3260
3132
2748
2492
2364
2364
2364
2492
2620
2748
3004
3260
3388
3260
3004
3132
4092
4860
4860
3900
2748
1980
1308
308
-492
-428
-48
-396
-1436
-2364
-2748
-3004
-3260
-3516
-3388
-3388
-3772
-4092
-4092
-3900
-4092
-4348
-4860
-4860
-4860
-5116
-5628
-5628
-5116
-4604
-4092
-4092
-4604
-4860
-4604
-3900
-3132
-2748
-2620
-2364
-1980
-1820
-1756
-1564
-1180
-524
-164
40
104
244
164
120
96
-24
-16
-164
-16
196
396
524
716
1180
1372
1180
780
588
588
844
1308
1692
1628
1180
924
924
1116
988
988
1244
1628
1756
1628
1372
1116
1116
1244
1436
1436
1308
1308
1308
1372
1628
1820
1756
1692
1884
1980
2108
2364
2876
3260
3388
3388
3388
3132
3004
2492
2236
2364
2236
2236
2236
2492
3004
3260
3132
2748
2492
2876
3644
4348
4348
3260
2620
2108
1564
588
-428
-492
-308
-844
-2108
-2876
-2876
-2620
-2876
-3260
-3516
-3516
-3772
-4092
-4092
-3772
-3772
-4348
-4604
-4860
-4860
-5116
-5372
-5372
-4860
-4348
-4092
-4092
-4092
-4092
-3772
-3132
-2492
-2364
-2236
-1980
-1628
-1500
-1500
-1244
-652
-64
356
620
812
924
716
524
524
588
428
292
428
716
876
748
876
1308
1436
1180
844
716
812
876
1116
1308
1436
1180
844
652
556
652
780
988
1244
1308
1116
924
924
1052
1244
1372
1308
1244
1052
844
924
1180
1372
1500
1692
1756
1692
1820
2108
2492
2876
2876
2876
2876
2876
2620
2492
2492
2364
2236
2108
2108
2364
2748
2748
2620
2492
2364
2876
3644
3772
3260
2492
2364
2108
1500
620
48
56
-244
-1180
-2108
-2620
-2748
-2620
-2748
-3132
-3260
-3516
-3900
-4092
-4092
-3900
-4092
-4348
-4604
-4604
-4604
-4604
-4860
-4860
-4860
-4604
-4092
-4348
-4348
-4348
-3388
-2620
-2364
-2364
-2364
-1980
-1820
-1692
-1436
-1052
-748
-260
292
620
524
164
292
684
924
652
308
148
132
292
620
988
988
876
876
1116
1308
1180
988
1052
1244
1308
1244
1116
1180
1052
1052
1116
1180
988
876
924
1180
1500
1628
1692
1820
1884
1884
1692
1692
1692
1628
1692
1756
1820
1820
1756
1980
2236
2364
2492
2492
2748
2876
3004
2876
2876
2876
2876
2492
2236
2236
2236
2620
2748
2492
2236
2108
2236
3004
3260
3004
2492
1980
1564
1372
1308
924
524
164
-652
-1564
-2364
-2620
-2620
-2620
-2876
-3388
-3644
-3772
-3772
-3644
-3772
-4092
-4348
-4604
-4604
-4604
-4604
-4860
-4860
-4860
-4348
-4092
-4348
-4604
-4604
-4092
-3260
-2492
-2236
-2492
-2748
-2620
-1980
-1308
-1180
-1244
-1052
-460
-324
-492
-324
104
492
684
684
652
428
48
64
652
1052
748
428
372
588
844
1116
1372
1500
1244
1052
924
924
988
1052
1244
1372
1244
924
556
524
780
988
1244
1436
1564
1692
1756
1756
1756
1820
1980
1980
1980
1884
1756
1692
1980
2364
2492
2364
2108
1980
2108
2492
3004
3260
3132
3004
2876
2876
3004
3004
3132
3004
2620
2364
2236
2620
3132
3260
3132
2620
2108
1692
1436
1308
1308
1180
844
196
-652
-1308
-1692
-1820
-2108
-2492
-2876
-3260
-3516
-3772
-3644
-3516
-3772
-4092
-4604
-4860
-4860
-4860
-4860
-4860
-4604
-4604
-4604
-4604
-4348
-4348
-4092
-3644
-3132
-2876
-2876
-2748
-2364
-1820
-1372
-1116
-1116
-1180
-1116
-924
-556
-56
324
524
652
780
812
684
652
652
588
492
460
524
588
652
812
988
1052
988
988
1052
1244
1308
1308
1244
1180
1052
988
844
716
652
620
652
684
652
716
876
1116
1436
1628
1692
1564
1628
1756
1884
1884
1820
1692
1628
1820
1980
2108
2108
2108
1980
2108
2108
2364
2492
2748
3132
3388
3388
3132
2876
2748
2748
3004
3260
3260
2876
2364
1980
1884
1884
1628
1308
1052
652
132
-428
-684
-812
-924
-1308
-1884
-2492
-3004
-3260
-3388
-3388
-3644
-3900
-4092
-4348
-4348
-4604
-4604
-4604
-4348
-4348
-4348
-4348
-4348
-4092
-3900
-3644
-3388
-3132
-3132
-3004
-2620
-2108
-1628
-1308
-1116
-924
-684
-556
-372
-148
32
228
396
620
844
988
988
988
1116
1180
1052
924
780
588
460
460
716
812
684
620
748
988
1244
1244
1180
1116
988
924
924
988
988
844
684
524
460
324
308
460
620
924
1052
1244
1500
1564
1692
1884
1884
1820
1756
1820
1884
1884
1820
1884
1980
2108
1884
1820
1980
2108
2364
2620
2620
2620
2364
2236
2364
2620
2748
2748
2492
1980
1436
1244
1372
1308
988
620
460
196
-340
-812
-1116
-1116
-1308
-1564
-1820
-2236
-2748
-3260
-3260
-3260
-3260
-3516
-3900
-4092
-4348
-4348
-4092
-4092
-4092
-4092
-4092
-4092
-3900
-3644
-3260
-2876
-2620
-2620
-2620
-2492
-2108
-1820
-1500
-1052
-716
-716
-684
-428
-32
228
340
428
524
524
460
620
1052
1436
1372
1180
1116
1052
988
988
1052
924
684
524
556
652
620
684
876
1180
1308
1180
988
988
1116
1244
1372
1244
1052
780
684
684
748
780
716
780
924
1052
1180
1500
1884
2236
2492
2492
2364
2108
1980
2108
2236
2236
2108
1980
1980
1980
1980
2108
2236
2236
2236
2236
2236
2364
2236
2364
2620
2492
2108
1500
1116
988
924
812
620
428
0
-556
-988
-1180
-1308
-1564
-1884
-2236
-2492
-2748
-3132
-3260
-3388
-3516
-3772
-4092
-4348
-4348
-4348
-4348
-4348
-4348
-4348
-4348
-4348
-4092
-4092
-3644
-3388
-3132
-3004
-3004
-2620
-2492
-2108
-1628
-1180
-988
-1052
-988
-684
-292
0
196
460
620
620
716
876
1052
1052
988
1116
1308
1372
1244
1244
1372
1500
1436
1308
1180
924
684
748
1052
1308
1244
1052
988
1052
1180
1244
1244
1372
1436
1372
1308
1244
1116
1116
1244
1372
1372
1180
1052
1180
1436
1820
1980
2236
2364
2492
2492
2620
2492
2492
2492
2492
2492
2364
2236
2108
2236
2236
2108
1980
1820
1884
1980
1980
2108
2236
2108
1884
1564
1372
1180
924
716
460
244
-120
-524
-924
-1244
-1500
-1628
-1884
-2236
-2492
-2748
-2876
-2876
-2876
-3004
-3260
-3388
-3516
-3772
-3900
-4092
-4092
-4092
-4092
-4348
-4092
-4092
-3900
-3772
-3644
-3388
-3132
-3004
-2748
-2492
-2236
-1980
-1756
-1500
-1244
-1116
-988
-844
-620
-428
-228
-104
-64
56
260
428
556
620
556
524
556
652
876
988
988
988
924
924
924
876
780
716
812
844
988
1052
1052
1052
1116
1180
1308
1372
1372
1436
1500
1628
1628
1564
1564
1564
1628
1628
1628
1628
1692
1820
1884
1980
2108
2236
2364
2492
2492
2492
2364
2364
2364
2492
2364
2364
2108
1980
1980
1884
1820
1692
1692
1692
1692
1692
1564
1436
1308
1180
1052
876
684
460
196
-80
-356
-620
-876
-1180
-1436
-1692
-1820
-1980
-2236
-2364
-2492
-2620
-2620
-2620
-2748
-2748
-2876
-2876
-3004
-3260
-3388
-3516
-3516
-3516
-3516
-3516
-3516
-3388
-3132
-3004
-2876
-2748
-2492
-2236
-2108
-1820
-1692
-1564
-1436
-1308
-1052
-844
-652
-492
-340
-164
-16
96
212
324
396
428
428
524
652
780
988
1180
1308
1372
1308
1308
1244
1244
1180
1116
1116
1052
1180
1180
1180
1180
1244
1244
1308
1308
1244
1244
1308
1372
1436
1500
1436
1436
1500
1436
1372
1372
1372
1372
1436
1500
1564
1564
1500
1564
1564
1564
1628
1628
1628
1628
1500
1500
1372
1308
1244
1180
1180
1052
988
924
876
924
924
844
748
620
556
492
492
324
148
-16
-244
-396
-524
-652
-876
-1116
-1308
-1436
-1628
-1820
-1980
-2108
-2108
-2236
-2236
-2364
-2364
-2492
-2620
-2748
-2748
-2876
-3004
-3004
-3132
-3132
-3132
-3260
-3132
-3004
-2748
-2620
-2364
-2108
-1980
-1692
-1500
-1372
-1244
-1116
-924
-748
-556
-356
-244
-148
-8
164
372
556
652
716
780
844
988
1116
1308
1500
1692
1756
1820
1756
1756
1756
1756
1756
1692
1628
1628
1628
1692
1692
1692
1692
1628
1628
1628
1564
1564
1500
1500
1436
1500
1436
1372
1308
1180
1052
988
924
988
1052
1052
1052
1052
988
924
780
716
716
780
844
876
876
812
748
684
716
780
748
684
492
492
556
588
588
524
492
492
492
428
260
64
-104
-196
-260
-428
-652
-924
-1116
-1372
-1564
-1756
-1820
-2108
-2236
-2364
-2492
-2492
-2620
-2748
-2748
-2748
-2876
-3004
-3132
-3260
-3260
-3260
-3132
-3260
-3260
-3132
-3004
-2876
-2748
-2492
-2236
-1980
-1756
-1628
-1436
-1244
-1052
-812
-556
-324
-148
0
148
356
588
812
988
1116
1116
1116
1244
1308
1436
1628
1820
1980
2108
2108
2108
2108
2108
2108
2108
1980
1980
1980
1980
1980
1884
1820
1756
1692
1628
1564
1436
1436
1372
1372
1436
1436
1436
1372
1308
1180
988
924
876
924
988
1052
1052
924
924
924
924
988
1052
1052
1052
1052
1052
1052
1052
1052
988
988
924
812
716
588
620
652
652
588
460
372
180
48
-40
-196
-292
-460
-620
-812
-988
-1308
-1564
-1756
-1980
-2108
-2236
-2492
-2620
-2748
-2876
-2876
-2876
-2876
-2876
-3004
-3004
-3004
-3132
-3260
-3260
-3132
-3132
-3004
-2876
-2876
-2748
-2620
-2364
-2236
-1884
-1692
-1436
-1308
-1116
-876
-620
-492
-356
-212
-96
80
308
492
684
780
924
1052
1116
1116
1116
1180
1244
1436
1564
1692
1756
1692
1564
1628
1628
1628
1628
1628
1564
1500
1436
1500
1500
1436
1436
1436
1436
1372
1244
1244
1244
1244
1372
1436
1436
1372
1244
1116
1052
1180
1180
1180
1180
1244
1244
1244
1372
1436
1436
1372
1372
1372
1372
1372
1436
1436
1372
1372
1244
1180
1052
924
844
780
716
748
684
524
356
196
72
-56
-228
-396
-556
-684
-844
-1052
-1244
-1564
-1756
-1980
-2108
-2236
-2364
-2492
-2748
-2876
-2876
-2876
-2876
-2876
-2876
-3004
-2876
-2876
-3004
-3132
-3132
-3004
-2748
-2620
-2620
-2492
-2364
-2236
-1980
-1756
-1628
-1500
-1308
-1052
-812
-620
-428
-308
-164
-56
64
228
396
524
652
812
1052
1180
1180
1244
1244
1244
1308
1372
1436
1500
1500
1500
1436
1372
1372
1308
1308
1308
1244
1244
1244
1244
1244
1244
1116
1116
1052
988
988
924
924
924
988
1052
1052
988
876
876
924
988
1052
1116
1052
1116
1180
1244
1308
1372
1436
1436
1500
1500
1500
1500
1500
1564
1628
1564
1436
1308
1180
1116
1052
1052
924
844
748
588
460
308
104
-104
-308
-492
-652
-876
-1116
-1308
-1500
-1692
-1884
-1980
-2108
-2364
-2492
-2748
-2876
-2876
-3004
-3004
-3004
-3004
-3004
-3004
-3004
-3004
-3004
-2876
-2748
-2620
-2492
-2364
-2236
-2108
-1884
-1756
-1564
-1436
-1244
-1052
-812
-556
-276
-48
104
228
340
428
524
684
844
988
1180
1372
1564
1628
1628
1628
1628
1564
1564
1564
1500
1436
1372
1372
1372
1308
1180
1180
1116
1116
1116
1052
1052
1052
924
876
844
844
812
716
588
460
460
396
428
492
492
492
492
556
652
684
684
716
684
780
924
1052
1052
1052
1116
1180
1244
1180
1116
1116
1180
1244
1308
1244
1180
1052
988
988
924
812
684
556
428
308
212
104
-8
-196
-396
-588
-780
-988
-1180
-1308
-1436
-1564
-1756
-1884
-2108
-2236
-2492
-2492
-2620
-2748
-2748
-2748
-2748
-2748
-2748
-2748
-2748
-2748
-2620
-2492
-2364
-2236
-2108
-1980
-1980
-1820
-1628
-1500
-1244
-1116
-924
-812
-620
-396
-148
132
340
460
524
588
652
748
876
1052
1244
1372
1500
1564
1628
1628
1628
1628
1628
1564
1500
1436
1372
1436
1436
1372
1244
1116
1052
988
988
988
1052
1052
1052
1052
1052
988
876
780
716
684
620
588
652
716
748
780
780
780
844
924
988
988
988
1052
988
1052
1180
1180
1244
1244
1180
1180
1180
1116
1052
1052
1052
1052
988
844
748
588
524
428
340
212
24
-132
-212
-292
-428
-556
-716
-924
-1116
-1308
-1500
-1628
-1756
-1884
-1980
-2108
-2236
-2364
-2492
-2748
-2748
-2876
-2876
-2876
-2876
-2876
-2876
-2748
-2748
-2748
-2748
-2620
-2620
-2492
-2364
-2108
-1980
-1820
-1692
-1564
-1436
-1308
-1116
-924
-780
-588
-308
-72
180
372
524
684
780
924
1052
1116
1244
1436
1628
1756
1820
1884
1980
1884
1820
1820
1756
1756
1756
1692
1692
1628
1628
1628
1564
1500
1436
1436
1372
1372
1372
1372
1372
1372
1308
1180
1116
988
844
748
780
844
876
924
844
844
748
748
716
748
748
748
780
812
876
876
876
924
876
844
780
748
684
620
620
652
652
652
524
372
340
244
132
0
-120
-212
-244
-244
-292
-396
-524
-652
-812
-988
-1116
-1308
-1436
-1436
-1500
-1628
-1756
-1884
-1980
-2108
-2364
-2364
-2492
-2492
-2620
-2620
-2492
-2364
-2364
-2364
-2236
-2236
-2236
-2108
-1980
-1884
-1820
-1756
-1692
-1564
-1500
-1436
-1308
-1116
-988
-844
-684
-492
-308
-112
72
276
460
556
588
652
780
924
988
1116
1244
1372
1436
1372
1372
1308
1308
1308
1308
1308
1372
1372
1372
1372
1308
1308
1244
1180
1180
1244
1244
1244
1244
1308
1308
1244
1116
1116
988
924
876
924
988
1052
1052
1116
1116
1052
988
988
988
924
924
876
924
988
988
924
924
844
812
748
652
588
524
460
460
372
260
148
56
0
-56
-164
-228
-324
-428
-460
-492
-556
-620
-716
-844
-988
-1116
-1244
-1372
-1436
-1436
-1500
-1564
-1692
-1756
-1884
-1980
-2108
-2108
-2108
-2108
-2108
-1980
-1980
-1980
-1980
-1884
-1820
-1692
-1628
-1500
-1372
-1308
-1244
-1116
-988
-924
-876
-780
-652
-556
-492
-460
-372
-212
-80
96
260
372
428
460
588
684
780
844
924
988
1116
1180
1180
1180
1180
1180
1180
1308
1308
1308
1372
1372
1308
1436
1436
1372
1372
1308
1308
1308
1308
1372
1308
1308
1180
1116
1052
988
924
812
716
716
780
812
844
844
812
716
620
524
428
356
340
356
372
396
372
308
244
196
120
48
32
-8
-64
-120
-196
-260
-372
-492
-588
-652
-716
-748
-812
-844
-876
-844
-844
-844
-876
-924
-924
-988
-1052
-1180
-1244
-1308
-1180
-1116
-1116
-1180
-1244
-1372
-1436
-1500
-1436
-1436
-1500
-1436
-1436
-1372
-1308
-1244
-1180
-1116
-1052
-924
-812
-780
-748
-716
-684
-588
-524
-428
-396
-324
-228
-196
-148
-80
0
88
196
276
340
396
492
588
652
748
812
844
924
988
988
1052
1052
1052
1052
1052
1116
1180
1180
1244
1244
1244
1372
1372
1308
1308
1244
1308
1308
1372
1372
1436
1308
1244
1180
1116
1052
924
876
812
812
812
876
876
844
780
652
556
460
396
276
212
180
212
228
120
40
-16
-104
-148
-180
-180
-196
-292
-372
-428
-556
-684
-812
-924
-924
-988
-1052
-1052
-1052
-988
-924
-876
-876
-844
-844
-924
-924
-988
-1052
-1052
-988
-988
-988
-988
-988
-1052
-988
-924
-924
-924
-924
-924
-876
-812
-780
-748
-748
-716
-652
-588
-620
-684
-652
-652
-588
-524
-524
-524
-492
-428
-324
-292
-372
-396
-372
-308
-212
-164
-148
-148
-104
-8
40
32
112
164
212
292
396
492
524
492
492
524
556
652
716
780
780
812
876
924
988
988
1052
1052
1116
1180
1244
1308
1308
1308
1244
1244
1180
1116
1052
988
988
1116
1116
1116
1116
988
876
812
716
588
492
428
428
396
428
428
372
292
228
212
164
112
56
-8
-48
-132
-212
-324
-460
-588
-684
-748
-780
-748
-684
-620
-556
-492
-396
-372
-396
-460
-524
-556
-588
-588
-620
-652
-684
-652
-652
-620
-620
-620
-620
-620
-652
-716
-716
-716
-684
-652
-588
-588
-588
-620
-652
-652
-684
-716
-716
-716
-748
-748
-684
-620
-588
-588
-588
-588
-556
-524
-460
-460
-492
-492
-428
-356
-292
-260
-228
-180
-48
88
180
196
212
228
212
292
372
460
588
620
652
684
716
716
748
748
748
748
780
876
924
988
988
988
988
924
924
876
780
748
716
716
748
812
748
652
556
460
396
372
308
244
212
244
260
260
260
260
244
212
196
164
80
16
40
32
0
-64
-96
-132
-212
-244
-292
-340
-324
-260
-164
-72
32
72
64
64
64
40
16
-72
-196
-228
-260
-276
-276
-244
-260
-260
-260
-292
-340
-428
-492
-524
-524
-524
-556
-588
-620
-652
-684
-748
-780
-844
-844
-844
-780
-780
-716
-684
-620
-556
-556
-588
-620
-588
-524
-524
-556
-524
-492
-428
-372
-324
-276
-228
-180
-112
0
72
120
164
180
212
228
292
396
428
428
492
492
460
460
460
460
492
492
524
588
620
652
716
748
716
748
684
684
620
556
588
620
652
652
620
556
460
372
324
340
396
428
396
340
356
356
356
396
372
340
324
308
292
260
180
88
0
-64
-132
-148
-180
-244
-244
-196
-180
-148
-96
0
48
24
16
0
-40
-104
-148
-212
-260
-260
-244
-276
-276
-260
-292
-292
-292
-308
-372
-428
-428
-460
-460
-460
-460
-524
-588
-588
-588
-620
-652
-716
-748
-748
-748
-716
-684
-684
-620
-620
-620
-620
-652
-620
-556
-492
-460
-396
-356
-340
-340
-340
-292
-228
-132
-40
32
96
148
180
228
260
292
324
396
460
492
492
460
428
460
460
492
524
492
492
556
620
652
684
684
652
652
652
620
556
556
524
524
556
556
524
428
292
228
260
244
276
260
244
260
260
276
292
292
260
244
228
228
212
196
148
96
24
-8
-48
-72
-64
-120
-132
-112
-32
32
96
120
112
148
148
132
96
72
24
-40
-96
-132
-148
-164
-164
-148
-120
-120
-164
-196
-276
-292
-340
-340
-340
-356
-396
-460
-492
-524
-588
-620
-652
-684
-748
-748
-748
-748
-684
-652
-620
-588
-556
-588
-620
-652
-588
-524
-492
-492
-492
-460
-428
-340
-276
-260
-260
-148
-72
0
56
96
120
132
196
260
292
292
276
276
260
308
324
356
356
372
396
396
428
460
492
524
524
492
460
460
460
460
460
460
492
492
492
428
396
324
292
292
276
244
212
212
228
260
308
324
324
324
324
356
356
356
340
308
308
260
244
228
180
132
120
132
164
196
212
276
308
340
340
340
340
308
260
180
96
0
-64
-120
-180
-212
-212
-260
-356
-428
-460
-428
-396
-428
-460
-492
-524
-588
-652
-716
-844
-924
-924
-988
-988
-988
-988
-988
-988
-988
-924
-876
-812
-812
-812
-780
-716
-684
-588
-460
-428
-428
-428
-356
-292
-244
-164
-132
-56
40
120
212
260
260
292
340
396
460
460
460
428
396
396
428
428
428
396
396
460
492
492
492
460
428
428
428
460
492
492
492
492
492
460
428
396
372
396
372
372
372
372
396
428
428
396
396
428
428
460
492
524
492
492
460
428
372
356
324
308
308
292
260
260
276
260
260
260
292
356
396
372
308
260
196
132
56
0
-64
-148
-196
-212
-244
-308
-372
-396
-460
-492
-524
-556
-556
-588
-652
-652
-716
-780
-812
-844
-844
-876
-924
-924
-876
-924
-876
-844
-780
-780
-780
-748
-748
-716
-684
-620
-588
-588
-588
-556
-492
-460
-396
-324
-292
-260
-164
-64
0
48
56
88
132
180
244
244
228
212
180
196
196
212
276
276
260
308
308
356
340
324
308
324
324
324
356
356
372
396
460
460
492
460
428
396
396
356
340
340
324
340
340
356
396
428
428
460
492
492
492
492
460
428
396
396
356
356
308
276
276
292
292
292
276
260
260
292
372
396
396
396
356
308
244
148
72
32
-8
-72
-120
-164
-212
-260
-276
-308
-356
-372
-428
-460
-460
-460
-460
-492
-556
-620
-684
-684
-684
-716
-748
-748
-716
-716
-716
-652
-620
-588
-556
-492
-492
-428
-428
-428
-428
-396
-396
-372
-308
-276
-196
-132
-72
-48
24
96
112
164
212
276
308
308
308
260
260
260
276
340
372
356
356
356
356
372
372
340
292
292
308
356
356
324
292
292
308
308
276
244
148
80
40
0
-16
-32
-32
-40
-48
-72
-96
-72
-48
-8
32
56
88
132
88
72
64
48
16
-8
0
-32
-56
-64
-40
-40
-16
-24
0
56
148
212
228
228
180
132
80
72
56
8
-32
-48
-96
-120
-120
-164
-164
-164
-180
-196
-180
-180
-212
-228
-212
-228
-292
-356
-396
-428
-460
-460
-460
-492
-492
-428
-396
-356
-340
-340
-340
-292
-244
-180
-132
-120
-148
-164
-180
-120
-88
-8
96
132
164
212
228
276
308
372
428
460
492
524
524
492
460
428
428
428
428
396
396
396
428
428
428
428
372
356
356
372
340
324
276
276
292
276
292
244
196
132
88
16
-40
-88
-104
-104
-64
-56
-96
-104
-72
-48
-32
-16
8
24
24
0
-48
-104
-132
-164
-164
-164
-164
-132
-120
-112
-120
-96
-80
-72
-40
-16
16
16
16
16
32
8
-40
-132
-196
-260
-308
-340
-396
-460
-428
-428
-428
-428
-428
-460
-460
-492
-492
-524
-556
-556
-588
-620
-620
-588
-588
-588
-524
-524
-460
-460
-396
-396
-372
-324
-276
-212
-196
-148
-112
-104
-80
-48
-24
48
132
196
260
356
428
460
524
588
652
716
748
780
780
780
716
684
652
588
620
652
652
652
620
588
556
524
492
460
460
460
492
460
396
356
324
276
244
228
212
180
104
56
-16
-64
-104
-112
-120
-112
-132
-148
-164
-164
-148
-120
-88
-48
0
-40
-104
-164
-212
-244
-276
-276
-292
-244
-228
-196
-148
-132
-132
-132
-120
-80
-40
-32
-24
0
24
32
0
-24
-80
-196
-276
-324
-356
-372
-372
-356
-340
-356
-324
-292
-308
-340
-396
-428
-428
-428
-428
-460
-492
-524
-524
-492
-492
-460
-396
-356
-340
-308
-260
-276
-244
-164
-72
0
48
56
64
48
40
48
80
64
120
196
260
276
324
372
428
492
524
556
588
556
524
492
396
340
308
324
356
356
356
324
308
292
292
260
260
260
260
260
260
260
196
164
148
148
104
64
0
-88
-120
-132
-132
-132
-132
-112
-72
-72
-64
-64
-72
-80
-32
40
72
120
112
56
0
24
24
8
-16
-24
-8
-8
32
56
48
64
80
112
148
148
164
148
148
148
120
72
16
-48
-132
-132
-164
-196
-212
-212
-212
-228
-244
-276
-292
-292
-308
-308
-340
-396
-396
-396
-372
-396
-372
-340
-340
-292
-260
-244
-228
-196
-196
-164
-120
-72
-24
0
56
96
120
132
120
104
104
120
164
228
292
324
340
324
340
356
340
356
372
340
324
292
228
164
132
88
64
32
0
-32
-72
-88
-80
-80
-96
-148
-148
-148
-148
-148
-164
-180
-196
-180
-196
-212
-244
-228
-228
-212
-196
-212
-244
-260
-260
-228
-196
-164
-148
-88
-24
24
80
104
112
132
80
72
72
32
32
40
64
88
112
120
112
132
148
180
196
196
196
228
228
228
212
180
148
112
88
64
32
0
-48
-64
-80
-96
-80
-96
-132
-132
-112
-164
-180
-164
-164
-164
-196
-196
-164
-112
-96
-48
-32
-48
-48
-32
-8
0
24
48
96
148
180
228
276
276
260
260
244
260
276
308
324
340
356
340
372
428
428
460
428
428
396
356
292
180
112
72
32
24
32
32
0
0
-32
-72
-96
-104
-132
-164
-164
-180
-180
-164
-164
-180
-196
-228
-276
-276
-292
-324
-324
-324
-324
-324
-308
-276
-244
-212
-164
-164
-164
-164
-132
-96
-104
-112
-104
-80
-120
-104
-88
-88
-64
-40
-24
-16
0
-8
-40
-40
-40
-64
-64
-40
-16
-32
-24
-24
-72
-104
-132
-132
-148
-148
-164
-180
-196
-244
-260
-244
-260
-244
-244
-228
-228
-196
-196
-196
-164
-164
-104
-48
-16
8
48
32
24
40
72
96
104
120
132
180
228
244
244
276
260
308
308
276
308
308
340
356
396
428
396
428
428
372
372
340
324
308
260
196
148
132
120
104
72
88
80
64
56
72
72
56
24
24
16
-8
-24
-32
-40
-40
-32
-40
-40
-48
-32
-16
-40
-64
-56
-72
-72
-88
-64
-48
-48
0
16
8
8
16
16
24
16
-16
-40
-8
-8
-32
-24
-40
-48
-40
8
0
-16
-40
-96
-120
-148
-112
-80
-56
-64
-72
-96
-112
-164
-212
-212
-228
-228
-244
-260
-292
-340
-340
-340
-340
-356
-356
-324
-324
-292
-260
-260
-244
-212
-196
-148
-112
-80
-80
-72
-56
-32
-40
-72
-56
-40
-24
24
80
88
120
180
212
244
244
244
260
276
308
340
356
340
324
308
308
308
308
308
276
260
228
180
148
120
80
80
72
96
104
112
112
104
96
80
40
8
0
-24
-40
-56
-56
-64
-48
-64
-80
-72
-72
-72
-88
-72
-64
-80
-56
-48
-24
8
48
72
64
56
48
72
64
56
48
24
32
56
88
96
96
112
112
132
148
164
132
112
64
40
48
40
40
16
24
32
40
40
8
-16
-40
-72
-104
-132
-180
-212
-260
-260
-292
-308
-324
-324
-324
-308
-324
-292
-244
-244
-228
-212
-228
-244
-212
-212
-212
-196
-212
-228
-228
-244
-228
-196
-164
-112
-48
-24
0
8
40
48
56
64
80
88
104
148
164
180
164
132
120
132
132
120
132
132
104
104
80
48
56
56
80
132
148
132
132
132
120
132
120
112
104
88
88
112
120
112
104
80
96
104
120
132
120
104
72
56
80
104
164
212
228
212
180
164
120
104
80
72
72
40
56
104
96
96
96
104
112
88
80
64
16
-24
-16
-32
-56
-72
-104
-112
-96
-96
-132
-132
-164
-196
-196
-212
-228
-260
-276
-292
-308
-292
-308
-292
-276
-244
-244
-228
-212
-228
-228
-212
-180
-132
-132
-132
-96
-72
-64
-72
-72
-64
-96
-104
-80
-56
-24
0
-16
24
40
64
120
132
148
164
148
148
180
164
148
120
80
72
56
16
24
64
72
112
112
80
80
72
56
64
88
88
96
120
112
96
88
48
56
40
48
72
40
40
56
72
80
112
104
56
64
72
64
56
72
64
96
132
96
112
104
80
56
40
48
16
24
32
24
56
96
104
64
16
-16
0
0
-16
-40
-48
-56
-64
-64
-64
-72
-80
-32
-16
-40
-64
-72
-132
-164
-180
-228
-244
-276
-292
-276
-260
-244
-228
-228
-212
-164
-148
-148
-164
-164
-148
-112
-104
-132
-132
-132
-112
-88
-88
-72
-72
-88
-96
-40
0
32
56
96
112
104
132
132
132
148
196
212
212
228
228
228
228
228
212
212
212
228
196
196
196
196
212
212
196
228
212
196
196
196
228
228
212
196
180
132
112
96
64
64
64
48
72
104
80
72
48
8
-16
-8
-24
-16
-16
-24
-32
-48
-80
-104
-112
-120
-132
-148
-148
-196
-212
-180
-180
-148
-164
-196
-196
-228
-212
-212
-196
-212
-244
-260
-276
-292
-356
-372
-356
-340
-276
-244
-260
-244
-244
-260
-292
-308
-308
-324
-324
-308
-260
-244
-228
-212
-196
-148
-148
-120
-112
-88
-56
-32
0
-8
0
8
0
16
16
24
24
40
72
104
132
148
196
228
244
244
228
244
228
228
228
244
228
244
244
260
260
244
244
276
324
324
340
324
308
308
292
292
244
228
260
292
308
308
324
324
308
340
308
276
276
244
212
212
196
212
212
212
212
196
180
180
148
132
148
164
148
112
112
80
56
32
-8
-32
-16
-40
-72
-64
-88
-96
-112
-148
-164
-180
-212
-228
-260
-276
-276
-276
-292
-308
-324
-372
