SAMPLES:	8272
BITSPERSAMPLE:	16
CHANNELS:	1
SAMPLERATE:	16000
NORMALIZED:	FALSE
8
8
8
0
0
0
0
0
0
0
-8
-8
-8
-8
-8
-8
-16
-16
-8
-16
-8
-16
-16
-16
-16
-16
-16
-16
-24
-24
-24
-24
-24
-16
-16
-16
-16
-16
-16
-24
-16
-16
-16
-16
-16
-16
-16
-16
-24
-24
-24
-24
-24
-24
-24
-24
-24
-24
-16
-16
-16
-16
-8
-8
-8
-8
-8
-8
-8
-8
-8
0
-8
-8
0
0
0
0
0
8
16
16
16
16
16
16
16
16
24
24
24
24
24
24
24
24
24
32
40
32
40
40
32
32
32
32
40
32
40
40
40
40
32
32
32
32
24
32
24
24
24
24
24
24
24
16
16
16
16
8
8
0
0
0
-8
-8
-16
-16
-16
-16
-16
-16
-16
-24
-24
-32
-32
-32
-40
-40
-48
-48
-56
-56
-56
-56
-56
-56
-48
-56
-56
-56
-56
-56
-56
-48
-48
-48
-48
-40
-40
-40
-40
-40
-32
-32
-32
-24
-24
-24
-16
-16
-16
-8
0
0
0
8
8
8
8
8
8
8
16
24
24
24
32
24
24
24
32
32
32
40
32
32
40
32
40
40
40
40
40
40
40
40
40
32
32
40
32
32
32
32
40
40
40
40
40
32
40
32
32
32
32
32
32
32
32
32
24
24
24
24
24
24
24
16
16
16
8
8
8
8
8
8
0
0
0
0
0
-8
-16
-24
-24
-24
-24
-32
-32
-40
-40
-40
-40
-40
-40
-48
-48
-48
-48
-40
-48
-48
-56
-56
-56
-56
-48
-48
-48
-40
-48
-48
-48
-48
-40
-40
-32
-32
-24
-16
-16
-16
-16
-16
-8
-8
-8
-8
-8
-8
-8
0
0
0
0
8
0
8
16
16
16
16
16
8
8
8
8
8
8
8
8
8
8
0
0
0
8
8
8
8
8
0
0
8
8
8
8
8
8
8
16
16
8
8
8
16
16
24
24
16
16
16
16
16
8
8
8
0
0
0
0
8
8
8
8
8
8
8
8
8
0
0
0
0
0
0
0
0
0
0
0
0
0
-8
0
-8
-8
-8
-8
-8
-8
-8
-8
-8
-8
-8
-8
0
0
0
0
8
0
0
0
0
0
0
0
8
8
8
8
16
8
16
16
24
16
16
24
16
16
24
24
24
32
32
32
32
32
32
32
24
24
24
24
16
16
16
8
8
0
0
0
0
0
0
0
0
-8
-8
-8
-16
-16
-24
-24
-24
-24
-24
-24
-24
-24
-24
-24
-32
-32
-32
-40
-32
-40
-40
-32
-32
-32
-24
-24
-24
-32
-32
-32
-32
-32
-32
-32
-32
-24
-24
-24
-24
-16
-16
-16
-16
-16
-16
-16
-16
-16
-16
-16
-16
-16
-16
-16
-8
-8
-8
-8
-8
-8
-8
0
0
0
0
0
0
0
0
0
0
0
0
0
8
8
8
16
16
24
24
24
32
32
32
32
32
32
40
40
48
48
48
48
40
32
32
40
48
56
56
48
48
40
48
48
48
48
48
40
40
40
32
32
40
40
40
40
40
40
32
24
24
24
16
16
16
8
8
0
0
0
0
0
0
0
0
0
-8
-8
-16
-16
-24
-32
-32
-32
-32
-40
-40
-48
-48
-48
-48
-56
-56
-56
-56
-64
-64
-64
-64
-64
-64
-64
-64
-64
-64
-64
-64
-64
-56
-56
-56
-48
-48
-48
-48
-48
-48
-40
-40
-40
-40
-32
-32
-24
-24
-24
-16
-16
-16
-8
0
0
0
0
0
0
8
8
8
16
16
24
24
32
32
40
40
32
32
32
40
48
56
56
56
56
56
64
56
64
64
64
56
56
56
56
64
64
56
56
56
56
56
56
48
48
48
40
40
40
40
32
32
32
24
24
16
16
16
8
16
8
0
0
0
0
-8
0
0
-8
-8
-16
-16
-16
-24
-24
-24
-24
-24
-24
-24
-24
-32
-32
-32
-32
-40
-40
-40
-40
-40
-40
-40
-40
-32
-32
-32
-32
-24
-32
-32
-32
-32
-24
-16
-24
-24
-16
-24
-24
-24
-24
-24
-24
-24
-16
-16
-16
-16
-16
-16
-8
-16
-8
-8
-16
-16
-8
-8
-8
-8
-8
0
0
0
0
0
0
0
0
0
8
8
8
8
8
8
8
8
8
16
16
16
16
16
16
8
8
8
8
8
16
8
8
16
16
16
16
8
8
8
8
8
8
8
8
0
0
0
0
0
0
0
0
0
0
0
-8
-8
-8
-8
-8
-8
-8
-8
-8
-8
-8
0
0
0
0
0
0
0
0
8
8
8
8
16
8
8
16
16
16
16
16
16
16
16
16
16
24
16
16
16
24
24
24
16
16
16
16
16
16
24
16
16
8
8
8
0
0
0
0
0
0
0
0
0
0
0
0
0
0
0
0
0
0
0
0
0
0
0
0
0
0
0
0
0
0
0
0
0
0
0
0
0
0
0
0
-8
-8
-16
-16
-24
-24
-24
-24
-24
-16
-24
-24
-24
-24
-24
-24
-24
-32
-32
-32
-32
-32
-32
-32
-32
-32
-32
-32
-32
-32
-40
-32
-32
-24
-24
-24
-16
-16
-24
-16
-16
-16
-16
-16
-16
-8
-16
-8
-8
-8
-8
-8
0
0
0
0
0
0
8
8
8
8
8
8
8
8
16
16
16
16
16
16
16
16
24
16
16
16
16
16
24
24
24
16
16
16
16
24
24
32
32
32
40
40
40
40
40
32
32
32
40
40
40
40
40
40
40
40
40
40
40
40
40
40
32
32
32
32
24
24
24
24
16
24
16
8
8
0
0
0
-8
-8
-16
-16
-24
-24
-24
-32
-40
-40
-48
-48
-48
-56
-64
-64
-64
-72
-64
-72
-72
-64
-64
-64
-64
-64
-64
-72
-72
-72
-64
-56
-56
-48
-40
-40
-32
-32
-32
-32
-24
-24
-24
-16
-16
-8
-8
-8
0
0
0
8
16
16
16
16
24
24
24
24
24
24
32
40
40
32
40
40
40
40
48
48
48
48
48
40
32
32
32
32
32
24
32
24
16
24
16
16
16
16
16
8
8
0
0
8
0
8
8
8
0
0
0
0
0
0
-8
-8
-8
-8
-8
-16
-16
-24
-16
-8
-8
-8
0
0
0
0
0
0
0
8
8
8
8
0
0
8
0
8
8
8
0
8
0
0
0
0
0
0
0
0
0
0
0
0
0
0
0
0
0
0
0
0
0
-8
-8
-8
0
0
0
0
0
0
0
0
0
0
0
0
-8
0
-8
-8
0
0
-8
-8
-8
-8
-8
-8
-8
-8
-8
-8
-8
-8
-8
-8
-8
-8
-8
-8
-8
-8
-8
-8
-8
-8
0
0
0
0
8
8
8
8
8
8
8
0
0
0
0
0
0
0
0
8
8
0
0
0
0
0
0
0
8
8
0
0
0
0
0
0
0
0
-8
-8
0
-8
0
0
0
-8
-8
-8
-16
-16
-16
-16
-16
-16
-16
-16
-16
-16
-8
-8
-8
-8
-8
-8
0
0
-8
-8
-8
-16
-8
-16
-16
-8
-8
0
0
0
0
0
0
8
8
8
16
24
24
32
40
48
48
48
56
56
56
56
64
64
64
64
64
56
56
64
64
64
56
56
48
48
40
24
16
8
0
0
-8
-8
-16
-24
-32
-32
-32
-32
-40
-48
-48
-56
-56
-64
-72
-72
-72
-80
-80
-80
-80
-80
-80
-80
-80
-72
-72
-64
-56
-48
-40
-32
-24
-24
-16
-16
-16
-16
-8
0
0
8
16
24
32
40
40
48
56
56
64
64
64
64
64
64
64
56
64
64
64
56
48
48
40
40
32
32
24
24
16
8
0
0
-16
-24
-32
-40
-48
-56
-64
-72
-72
-72
-72
-72
-64
-56
-56
-64
-64
-72
-72
-80
-80
-80
-80
-72
-72
-64
-56
-48
-40
-32
-24
-16
-16
-16
-16
-8
-8
0
0
8
16
16
16
16
24
40
40
48
56
56
56
48
56
56
64
72
80
88
88
80
88
96
104
104
112
112
112
120
120
132
132
132
148
164
164
164
164
164
148
148
164
164
164
148
148
132
120
104
88
72
64
56
56
40
24
8
0
-24
-48
-56
-88
-104
-120
-148
-164
-180
-212
-228
-244
-260
-276
-276
-292
-308
-324
-324
-340
-356
-356
-372
-372
-372
-372
-356
-356
-356
-356
-340
-340
-324
-308
-292
-276
-260
-228
-212
-180
-164
-148
-132
-112
-88
-64
-48
-32
-8
0
16
40
64
104
148
164
196
212
228
244
244
260
276
292
292
308
324
340
372
396
396
396
428
428
428
428
428
428
428
428
428
428
428
396
396
396
372
372
356
356
340
324
324
324
324
324
308
308
308
324
340
372
372
396
396
396
396
428
428
428
396
372
324
276
212
164
88
16
-40
-112
-212
-308
-428
-556
-652
-748
-844
-988
-1116
-1244
-1372
-1500
-1564
-1692
-1820
-1884
-1980
-1980
-1980
-1980
-1980
-1980
-1980
-1884
-1884
-1820
-1692
-1628
-1500
-1372
-1244
-1052
-924
-716
-524
-324
-148
16
212
428
620
844
1052
1180
1372
1500
1628
1820
1884
1980
2108
2236
2236
2236
2364
2364
2236
2236
2236
2236
2108
1980
1884
1820
1692
1500
1372
1244
1052
924
780
588
428
276
132
0
-132
-292
-460
-556
-588
-556
-492
-396
-324
-164
112
460
812
988
988
1052
1052
1308
1628
1820
1884
1820
1820
1820
1756
1628
1372
1180
988
780
620
292
-96
-492
-844
-1052
-1244
-1436
-1756
-2108
-2492
-2748
-3004
-3388
-3644
-3772
-3900
-4092
-4092
-4092
-4092
-4092
-4092
-4092
-4092
-4092
-4092
-3900
-3516
-3004
-2492
-2364
-1980
-1692
-1308
-988
-684
-460
-148
244
812
1244
1436
1500
1564
1756
1980
2364
2620
2876
2876
2876
3004
3004
2876
2748
2620
2620
2748
2748
2620
2492
2236
2108
1884
1692
1500
1308
1244
1244
1116
876
556
212
16
-104
-164
-244
-372
-460
-492
-428
-396
-340
-292
-244
-120
24
132
212
228
276
372
492
748
988
1244
1500
1692
1884
2236
2748
3260
3516
3388
3132
3004
3132
3516
3772
3644
3388
3132
2876
2620
2364
1820
1180
748
396
64
-428
-1180
-1884
-2492
-3004
-3260
-3516
-3900
-4348
-4860
-5372
-5628
-5884
-6140
-6396
-6396
-6396
-6140
-6140
-5884
-5884
-5628
-5372
-5116
-5116
-4860
-4604
-4092
-3388
-2748
-2236
-1820
-1372
-780
-212
260
588
924
1244
1820
2364
2876
3004
3004
3132
3388
3644
3900
4092
4092
4092
4092
4092
3900
3644
3516
3516
3516
3516
3260
3004
2620
2364
2108
1980
1692
1372
1244
1116
1052
924
652
292
48
-24
-24
-8
-96
-244
-324
-324
-228
-112
0
164
356
556
780
876
924
988
1052
1180
1372
1564
1884
2108
2364
2492
2620
2876
3388
3900
4092
3772
3260
3004
3260
3644
3772
3388
2876
2492
2236
2108
1692
988
212
-324
-652
-924
-1500
-2236
-3004
-3644
-3900
-4092
-4348
-4860
-5372
-5884
-6140
-6140
-6396
-6396
-6652
-6652
-6396
-6396
-6140
-6140
-6140
-5884
-5884
-5628
-5116
-4860
-4092
-3516
-3004
-2620
-2364
-1820
-1180
-428
180
620
924
1180
1564
1980
2492
3004
3260
3516
3772
3900
4092
4092
4092
4092
4092
4348
4348
4348
4092
3772
3516
3388
3132
2876
2748
2620
2492
2364
2108
1756
1244
780
524
356
228
88
-32
-260
-492
-556
-652
-716
-716
-716
-652
-588
-524
-396
-324
-164
56
276
492
684
924
1052
1116
1244
1372
1564
1692
1980
2236
2492
2620
2876
3388
4092
4348
4348
3900
3516
3388
3900
4348
4092
3772
3260
3004
2876
2492
1980
1052
460
48
-196
-620
-1372
-2236
-3004
-3388
-3516
-3772
-4092
-4860
-5372
-5884
-6140
-6396
-6652
-6652
-6908
-6652
-6396
-6396
-6396
-6396
-6140
-6140
-5884
-5884
-5628
-5116
-4348
-3516
-3004
-2748
-2492
-1980
-1308
-556
16
428
684
988
1564
2236
2748
3132
3260
3260
3388
3644
4092
4092
4092
3900
4092
4092
4092
4092
3900
3644
3260
3004
2876
2620
2364
2236
1980
1980
1756
1500
988
556
260
148
88
-96
-292
-524
-748
-780
-748
-684
-652
-716
-588
-428
-164
80
196
356
524
812
1116
1436
1564
1692
1820
1980
2236
2364
2492
2492
2620
2876
3132
3388
3516
3772
4092
4604
4604
4092
3388
3132
3388
3772
3900
3516
2876
2364
2108
1756
1244
396
-260
-748
-1116
-1500
-2236
-2876
-3772
-4092
-4348
-4604
-4860
-5372
-5884
-6396
-6652
-6652
-6908
-6908
-6908
-6652
-6652
-6396
-6140
-5884
-5884
-5628
-5372
-5372
-5116
-4348
-3644
-2876
-2364
-1980
-1692
-1180
-396
324
780
988
1180
1628
2364
3132
3644
3772
3772
3772
3900
4092
4348
4348
4092
3900
3900
4092
4092
3900
3644
3260
2876
2620
2492
2236
1756
1500
1436
1372
1308
988
588
180
-16
-56
-112
-292
-588
-876
-924
-716
-492
-396
-428
-556
-524
-324
0
372
556
716
924
1180
1436
1628
1756
1980
2108
2364
2492
2620
2492
2364
2364
2364
2620
2876
3004
3132
3132
3516
3900
3900
3516
2620
2108
2236
2620
3004
2748
2108
1372
1052
748
308
-324
-1116
-1628
-1980
-2236
-2620
-3388
-4092
-4860
-4860
-4860
-4860
-5372
-5884
-6396
-6652
-6396
-6396
-6396
-6396
-6396
-5884
-5628
-5116
-4860
-4860
-4860
-4860
-4604
-4092
-3516
-2748
-2108
-1564
-1180
-812
-276
276
844
1372
1692
2108
2364
2876
3260
3516
3772
3772
3772
3900
3900
3900
3772
3644
3516
3388
3516
3516
3388
3004
2620
2364
2108
1884
1628
1372
1244
1180
1244
1180
876
460
0
-260
-340
-324
-396
-460
-460
-460
-292
-164
-180
-308
-292
-132
196
556
812
988
1052
1244
1564
1884
2108
2236
2364
2364
2492
2748
2748
2620
2492
2236
2236
1980
988
1692
2364
2492
3132
3772
4860
4860
3772
1820
988
1436
1884
2108
2364
2108
1372
428
-72
-196
-1244
-2364
-3132
-3132
-2876
-3260
-3132
-3644
-4348
-4604
-4604
-4860
-5372
-6396
-6652
-6652
-6396
-6396
-6140
-5884
-5884
-5372
-4860
-4860
-4604
-4860
-4604
-4092
-3772
-3004
-2236
-1436
-844
-620
-372
-196
-64
340
844
1564
1980
2108
2236
2492
2620
2492
2492
2620
2748
2620
2492
2620
2620
2492
2236
2236
2364
2108
1756
1692
1756
1628
1372
1244
1308
1116
1052
1180
1564
1564
1116
812
812
780
620
716
924
988
876
876
1116
1244
1116
988
1308
1692
1820
2108
2492
2748
2748
2620
2748
2876
2620
2236
2236
2620
2620
2492
2492
2364
2108
1628
1372
1820
2364
2748
3260
3900
4860
5884
5628
4092
1692
-56
-588
-620
-396
132
556
292
-780
-1884
-2620
-3260
-4348
-4860
-4604
-3900
-3260
-3260
-3388
-3516
-3900
-4604
-5372
-5884
-6396
-6908
-6652
-6140
-5628
-5372
-4860
-4604
-4348
-4348
-4092
-3772
-3260
-2876
-2620
-2364
-1436
-396
460
1052
1308
1308
988
652
620
844
988
988
988
1180
1372
1564
1564
1308
876
556
460
684
1116
1372
1372
1180
1052
812
492
88
-132
-228
-180
164
556
812
748
748
844
876
1052
1116
1116
988
988
1180
1372
1436
1436
1436
1564
1884
2364
2620
2748
2876
3132
3388
3644
3900
4092
4092
3900
3900
3772
3644
3260
2876
2620
2876
3004
3004
3132
2876
2364
1692
1308
1052
1052
1628
2620
3260
3772
4860
6140
5884
3260
-148
-2236
-2748
-2492
-2236
-1308
-212
-196
-1756
-3516
-4348
-4860
-5628
-5884
-4860
-3388
-2236
-1980
-2108
-2364
-3260
-4348
-5116
-5884
-6396
-6652
-6396
-5884
-5628
-5628
-5116
-4348
-3900
-3644
-3260
-2492
-1980
-1980
-2108
-1980
-1180
-324
308
716
524
-196
-1116
-1372
-1052
-620
-72
428
844
748
324
48
-132
-196
-120
396
1244
1756
1820
1628
1244
812
244
-64
-16
260
652
988
1436
1564
1436
1116
1244
1564
1692
1980
2236
2364
2236
1884
1692
1628
1500
1564
1756
2108
2236
2492
2748
3132
3516
3644
3900
4092
3772
3644
3644
3644
3772
3900
3772
3388
2876
2236
1980
1884
1980
2364
2620
2748
2492
1884
1180
492
-32
-180
748
2108
3260
4348
5628
6652
5628
2492
-1180
-3260
-3516
-3004
-2492
-1500
-212
-104
-1692
-3772
-4604
-5116
-5372
-5116
-3772
-2108
-1116
-988
-1564
-2236
-3132
-4604
-5884
-6652
-7164
-7164
-6908
-6396
-6140
-5884
-5628
-4604
-3900
-3644
-3516
-2876
-2108
-1692
-1628
-1500
-780
-292
-396
-1052
-1564
-1756
-1980
-1564
-492
844
1692
1692
1116
588
276
164
460
1308
2364
2876
2620
2492
2108
1500
844
684
876
1116
1372
1692
1980
2108
1980
1980
1980
2108
2236
2236
2364
2364
2364
2108
1884
1564
1180
924
716
844
988
1244
1692
2364
2876
3260
3388
3260
3132
2748
2748
2876
3388
3388
3388
3516
3132
2492
1756
1564
1692
1980
2236
2748
3260
2876
1884
812
324
104
-88
196
1564
3132
4092
4860
6140
7164
5628
1884
-2108
-3900
-3388
-2748
-2236
-1180
120
-164
-2492
-4860
-5628
-5628
-5372
-4860
-3260
-1116
-196
-556
-1564
-2620
-4092
-5884
-7420
-7932
-7676
-7164
-6908
-6140
-5884
-6140
-5884
-5116
-4604
-4092
-3388
-2108
-780
-340
-924
-1244
-924
-988
-1564
-1980
-1756
-1436
-1372
-844
308
1436
1500
1052
988
1244
1372
1436
2108
3132
3516
3132
2620
2364
1980
1180
988
1500
1884
1980
1980
2236
2492
2492
2364
2620
2876
2748
2748
2876
3132
3132
2620
2108
1756
1244
652
244
324
652
1052
1628
2492
3132
3260
3004
2748
2620
2364
2236
2364
2876
3132
3004
2492
2108
2108
1756
1500
1820
2108
2492
2748
2876
2748
2236
1372
492
-24
-164
-212
-396
88
1308
2748
3388
3388
4092
5116
5372
2876
-812
-3132
-3516
-3388
-3516
-3004
-1564
-988
-2364
-4348
-5372
-5116
-4604
-4348
-3260
-1756
-556
-748
-1628
-2492
-3772
-5372
-6908
-7676
-7420
-7164
-6908
-6652
-6396
-6140
-5628
-5116
-4092
-3388
-2876
-1980
-716
-132
-812
-2108
-2876
-2492
-1628
-1564
-1500
-1116
-748
-620
-276
588
1500
1980
1980
1884
2364
2876
3132
3132
3260
3516
3132
2620
2748
2876
2876
2748
2748
2876
2620
2492
2364
2620
3004
3260
3388
3516
3772
3516
3004
2748
2492
2236
1628
924
356
120
80
308
780
1244
1628
1980
2236
2492
2492
2364
2364
2620
2748
2492
2236
2108
1884
1628
1692
1820
1756
1820
1820
1980
2236
2236
1980
1692
1308
988
780
844
780
372
72
524
1756
2620
2492
2364
3260
4604
5116
3260
132
-2364
-3644
-4348
-4348
-3388
-1756
-812
-1564
-3004
-4092
-4348
-4348
-4348
-3772
-2748
-1628
-1372
-1820
-2748
-4092
-5628
-7164
-7932
-7932
-7420
-6908
-6396
-6140
-5884
-5372
-4860
-4348
-3900
-3388
-2364
-1180
-556
-988
-2108
-2364
-2236
-2236
-2364
-1980
-1180
-652
-212
684
1820
2364
2236
1692
1980
2748
3004
3004
3516
4092
3644
3004
2748
3004
2748
2364
2236
2492
2748
2748
2620
2620
3132
3516
3388
3516
3516
3260
2876
2748
2620
2492
1820
876
164
-80
-8
180
780
1436
1756
1820
1980
2364
2620
2492
2492
2620
2492
2492
2108
1820
1756
1628
1820
2108
2236
1980
1628
1564
1692
1756
1820
1980
1980
1980
1564
1244
924
588
308
16
-16
292
924
1372
1628
1564
1756
2492
2876
2620
1180
-556
-2108
-3260
-3644
-3260
-2236
-1180
-1372
-1980
-2620
-3260
-3772
-4348
-4092
-3644
-2876
-2620
-2876
-3260
-3900
-4860
-5884
-6652
-6908
-6652
-6396
-6140
-5628
-5372
-5372
-5116
-4604
-4092
-3644
-3004
-2108
-1500
-1628
-2236
-2492
-2364
-2236
-1980
-1436
-620
96
524
924
1500
1980
1980
1756
1980
2748
3260
3132
3004
3132
3132
2748
2620
2748
2748
2620
2492
2364
2620
2748
2748
2748
3388
3772
3900
3772
3772
3516
3004
2492
2492
2236
1884
1500
1116
1052
988
844
924
1180
1628
1884
2236
2748
2876
2620
2364
2236
2108
1884
1692
1500
1308
1180
1180
1372
1500
1436
1116
988
1116
1116
1116
1116
1116
1180
1116
812
492
180
-196
-588
-716
-96
780
1436
1564
1244
1052
1436
1980
1980
1180
492
24
-780
-1820
-2620
-2748
-2236
-1884
-2236
-2620
-2620
-2748
-3388
-4092
-4092
-3772
-3516
-3516
-3644
-3644
-3772
-4348
-5372
-5884
-5884
-6140
-6396
-6140
-5628
-5116
-4860
-4860
-4860
-4604
-3900
-3132
-2364
-1980
-1980
-2236
-2108
-1692
-1244
-1052
-780
-308
308
748
988
1244
1628
2108
2364
2492
2620
2620
2620
2620
2748
3132
3388
3388
3132
3132
3132
3132
3132
3260
3516
3772
4092
4092
4092
3772
3388
3132
3132
3004
2876
2620
2236
2108
1884
1500
1116
1052
1180
1436
1692
1980
2236
2236
2108
1884
1692
1436
1244
1244
1308
1244
1180
876
812
876
876
780
620
492
492
684
844
924
988
988
780
492
112
-16
0
-120
-8
212
684
988
1052
876
588
460
748
1372
1692
1372
620
-16
-460
-924
-1820
-2492
-2364
-1980
-1980
-2492
-2876
-3004
-3260
-3772
-4092
-4092
-3516
-3260
-3516
-3772
-4092
-4348
-5116
-5628
-5884
-5884
-5628
-5884
-5884
-5884
-5628
-5372
-4860
-4860
-4348
-3772
-2876
-2236
-1692
-1500
-1692
-1884
-1500
-988
-620
-356
72
748
1180
1372
1564
2108
2620
2748
2748
3004
3388
3516
3644
4092
4604
4604
4092
3644
3644
3772
4092
4092
4092
4348
4348
4092
3772
3772
3644
3516
3516
3772
3644
3388
2748
2364
1980
1500
1116
988
1116
1244
1372
1372
1372
1116
716
340
244
292
276
260
228
132
72
-72
-132
-260
-356
-396
-340
-148
-64
24
104
308
588
620
460
396
340
460
460
228
-24
-244
-40
148
460
812
876
924
924
1180
1244
1052
556
-80
-524
-684
-684
-844
-1116
-1564
-2108
-2748
-3516
-3900
-3772
-3516
-3260
-3132
-3260
-3516
-3644
-4092
-4092
-4348
-4348
-4860
-4860
-5116
-5116
-5372
-5628
-5628
-5628
-4860
-4092
-3388
-3004
-2748
-2364
-2236
-1884
-1628
-1436
-1180
-748
-292
0
244
492
812
1116
1436
1884
2364
2876
3260
3516
3900
3900
3900
3772
4092
4348
4348
4348
4092
4092
3900
3900
3900
3900
3900
4092
4092
4092
4348
4092
3644
3260
3132
3004
2492
2108
1692
1308
1052
924
844
748
620
492
492
340
64
-212
-276
-180
-164
-72
-16
-132
-276
-356
-276
-324
-524
-492
-260
148
276
196
112
180
460
556
620
460
244
148
212
308
164
-180
-228
8
260
492
308
212
164
80
196
460
748
396
-428
-1052
-1244
-1244
-1500
-1756
-1884
-1980
-2364
-2876
-3388
-3516
-3516
-3516
-3516
-3388
-3260
-3388
-3772
-3900
-4092
-4348
-4604
-4860
-4860
-4860
-4860
-4860
-4604
-4348
-4092
-4092
-3900
-3516
-3004
-2620
-2108
-1500
-1244
-1180
-1116
-876
-556
-164
212
684
1244
1692
2108
2236
2492
2748
3132
3516
3772
4092
4092
4348
4348
4348
4348
4348
4348
4092
4092
4348
4348
4348
4348
4348
4348
4092
3900
3644
3516
3388
3132
2748
2236
1980
1692
1500
1372
1308
1244
1116
844
556
356
164
40
-8
0
-48
-148
-244
-460
-684
-716
-716
-780
-588
-212
120
96
64
40
40
56
-164
-212
-260
-228
-260
-340
-308
-308
-556
-844
-988
-924
-428
72
620
716
556
524
588
780
748
588
228
-308
-812
-1116
-1244
-1436
-1500
-1628
-2108
-2620
-3004
-3004
-2876
-2620
-2620
-2876
-3132
-3260
-3516
-3772
-4092
-4348
-4604
-4604
-4860
-4860
-4860
-4860
-4860
-4604
-4348
-4092
-4092
-4092
-3772
-3260
-2748
-2236
-1980
-1980
-1884
-1628
-1180
-748
-428
-72
460
988
1436
1756
2364
3004
3388
3516
3644
3900
3772
3772
4092
4348
4604
4604
4348
4348
4348
4348
4604
4604
4860
4860
4860
4604
4604
4348
4092
3772
3516
3260
3004
2492
2236
2108
1884
1628
1372
1116
924
716
524
396
324
164
-96
-340
-620
-924
-1180
-1180
-988
-716
-652
-620
-588
-684
-780
-844
-684
-556
-492
-652
-812
-716
-620
-812
-988
-924
-748
-652
-844
-780
-524
-260
-8
88
428
492
396
292
460
748
620
308
-104
-460
-716
-812
-812
-812
-924
-1116
-1436
-1884
-2236
-2492
-2492
-2236
-2108
-2236
-2492
-2876
-3260
-3516
-3644
-3900
-4092
-4348
-4348
-4348
-4604
-4604
-4604
-4604
-4348
-4092
-4092
-3900
-3516
-3132
-2876
-2620
-2364
-2108
-1980
-1756
-1436
-988
-588
-88
524
1052
1436
1756
2236
2620
3004
3260
3516
3644
3644
3772
4092
4604
4604
4604
4348
4604
4604
4604
4604
4604
4860
4860
4604
4348
4348
4092
3900
3772
3644
3388
3004
2620
2236
2108
1756
1372
1116
924
812
716
556
340
0
-396
-716
-988
-988
-988
-924
-844
-844
-876
-924
-1116
-1180
-1308
-1244
-1180
-1116
-988
-876
-748
-780
-748
-780
-844
-812
-748
-492
-244
-132
-292
-164
180
524
748
716
812
684
588
620
924
1244
924
308
-196
-180
-40
-196
-396
-556
-716
-1180
-1756
-1980
-1980
-1980
-2236
-2364
-2620
-3004
-3388
-3900
-4092
-4092
-4348
-4604
-4604
-4604
-4860
-4860
-4860
-4860
-4604
-4604
-4348
-4348
-4092
-3900
-3516
-3004
-2620
-2364
-2364
-2236
-1756
-1180
-588
-180
324
876
1372
1756
2108
2492
2748
3004
3260
3516
3644
3772
3900
4092
4348
4604
4348
4348
4348
4348
4604
4604
4860
4604
4348
4092
3772
3644
3516
3260
3132
2876
2748
2364
1980
1756
1500
1372
1116
924
748
588
428
324
180
-64
-292
-524
-748
-924
-988
-988
-1052
-988
-844
-684
-588
-556
-460
-340
-212
-244
-292
-228
-104
0
16
132
180
276
180
180
292
324
244
16
196
588
876
924
876
988
988
876
652
684
780
652
212
-228
-276
-428
-620
-716
-716
-876
-1500
-1980
-2236
-2236
-2364
-2748
-3132
-3388
-3644
-3772
-3900
-3772
-3900
-4092
-4348
-4604
-4348
-4604
-4604
-4604
-4604
-4348
-4348
-4092
-3900
-3772
-3516
-3260
-2748
-2364
-2236
-2108
-1692
-1052
-524
-396
-180
196
620
924
1372
1756
2236
2492
2748
3004
3132
3132
3004
3388
3900
4092
4092
3900
3900
3772
3772
3772
3900
3900
3772
3772
3772
3900
3772
3644
3388
3260
3004
2748
2492
2236
1980
1756
1500
1308
1052
812
588
396
228
0
-276
-396
-492
-684
-812
-716
-588
-524
-588
-684
-588
-524
-460
-308
-72
-72
-180
-196
-212
-196
-228
-276
-308
-228
-244
-180
0
180
276
104
276
716
1116
1244
988
988
1052
1116
988
988
1052
924
556
104
-48
-40
-24
-212
-308
-428
-844
-1436
-1980
-2108
-2108
-2492
-2748
-3004
-3260
-3516
-3516
-3644
-3772
-4092
-4348
-4604
-4604
-4604
-4604
-4604
-4348
-4348
-4348
-4348
-4348
-4092
-3772
-3388
-3004
-2620
-2492
-2364
-2236
-1980
-1628
-1308
-924
-340
324
780
1180
1692
2108
2492
2620
2876
3004
3132
3388
3644
4092
4092
3900
3644
3644
3772
3772
3900
4092
4348
4092
4092
4092
4092
3900
3644
3516
3260
3132
2748
2364
2236
1980
1756
1500
1180
876
588
292
132
8
-132
-260
-396
-428
-396
-492
-556
-620
-620
-620
-588
-460
-324
-340
-340
-292
-148
-96
-148
-228
-148
-96
-112
16
104
308
372
396
396
524
588
396
308
428
684
684
556
492
588
588
324
308
396
396
148
-196
-276
-292
-340
-556
-748
-924
-1372
-1884
-2236
-2364
-2364
-2620
-2876
-3260
-3388
-3644
-3772
-3772
-3644
-3644
-3772
-3900
-4092
-3900
-4092
-4092
-3900
-3900
-3900
-3772
-3644
-3516
-3132
-2876
-2748
-2620
-2492
-2364
-2108
-1756
-1244
-588
-56
324
684
988
1372
1756
2108
2364
2492
2620
2620
2748
3004
3260
3388
3516
3516
3516
3644
3772
3900
4092
4092
4092
3900
3772
3772
3644
3644
3516
3388
3260
3004
2876
2620
2364
2108
1980
1692
1500
1244
1116
988
844
716
492
308
32
-180
-260
-356
-460
-524
-556
-620
-652
-620
-556
-460
-356
-244
-260
-372
-428
-372
-212
-104
-72
-104
-148
-244
-292
-308
-244
-164
-292
-372
-340
-228
-40
180
308
212
40
-56
16
40
132
292
212
-72
-396
-556
-620
-780
-924
-1052
-1180
-1500
-1820
-1980
-2108
-2236
-2492
-2748
-2748
-2748
-3004
-3132
-3260
-3260
-3516
-3644
-3900
-3900
-4092
-4092
-4092
-4092
-4092
-4092
-4092
-4092
-3772
-3644
-3516
-3260
-3004
-2620
-2236
-1820
-1372
-988
-716
-396
-72
196
492
876
1308
1628
1884
2108
2492
2748
3004
3388
3644
3900
3900
4092
4348
4348
4604
4604
4604
4604
4604
4604
4604
4604
4604
4604
4348
4092
3900
3772
3644
3516
3388
3132
2876
2620
2236
1980
1692
1308
1052
748
492
212
-48
-372
-684
-844
-988
-1052
-924
-844
-748
-716
-748
-748
-780
-812
-924
-988
-988
-924
-988
-1052
-1052
-1052
-1052
-924
-812
-716
-556
-460
-372
-324
-292
-228
-148
-132
-164
-164
-244
-244
-212
-228
-228
-276
-228
-244
-428
-620
-684
-556
-588
-716
-924
-1116
-1436
-1756
-1980
-2108
-2364
-2620
-2876
-3004
-3132
-3260
-3388
-3516
-3772
-3900
-4092
-4348
-4348
-4348
-4348
-4348
-4348
-4092
-4092
-4092
-4092
-3772
-3516
-3260
-3004
-2876
-2620
-2364
-2108
-1820
-1372
-844
-356
64
492
924
1436
1884
2364
2748
3004
3260
3516
3772
4092
4348
4604
4860
4860
4860
5116
5116
5116
5116
5116
5372
5372
5116
5116
4860
4860
4860
4604
4348
3900
3516
3260
3004
2748
2492
2108
1692
1372
1052
684
276
-80
-324
-556
-652
-716
-780
-844
-924
-988
-988
-1052
-1244
-1436
-1500
-1500
-1564
-1500
-1372
-1308
-1308
-1372
-1308
-1116
-924
-652
-524
-460
-396
-356
-308
-276
-244
-276
-292
-244
-292
-292
-340
-396
-428
-428
-292
-260
-276
-212
-244
-308
-396
-556
-716
-924
-1180
-1372
-1564
-1692
-1980
-2108
-2364
-2620
-2876
-3132
-3260
-3388
-3516
-3644
-3772
-3772
-3900
-3900
-3900
-3900
-3772
-3772
-3772
-3900
-3900
-3900
-3772
-3644
-3388
-3260
-3132
-2876
-2492
-2236
-1884
-1436
-1052
-524
-8
396
812
1116
1500
1884
2236
2620
3004
3388
3644
3900
4092
4092
4348
4348
4604
4604
4604
4860
4860
5116
5116
5116
5116
5116
5116
4860
4604
4348
4092
3772
3516
3132
2876
2492
2236
1884
1564
1308
988
556
260
48
-80
-196
-324
-428
-620
-812
-988
-1180
-1308
-1564
-1692
-1756
-1820
-1756
-1692
-1564
-1500
-1500
-1372
-1116
-924
-812
-812
-716
-652
-524
-396
-372
-372
-396
-396
-396
-396
-396
-396
-340
-212
-64
16
8
-16
-72
-132
-132
-132
-132
-244
-396
-492
-588
-716
-924
-1180
-1244
-1372
-1436
-1500
-1628
-1820
-1980
-2236
-2364
-2364
-2492
-2492
-2620
-2748
-2876
-2876
-3132
-3388
-3388
-3516
-3644
-3644
-3644
-3644
-3516
-3388
-3260
-3132
-3004
-2748
-2620
-2364
-2108
-1980
-1820
-1564
-1180
-876
-556
-148
260
620
988
1308
1628
1884
2108
2492
2876
3132
3516
3772
4092
4092
4348
4604
4604
4860
4860
4860
5116
4860
4860
4860
4604
4604
4348
4348
4092
3772
3516
3132
3004
2748
2620
2364
2236
1980
1692
1436
1116
780
372
32
-212
-492
-716
-924
-1116
-1180
-1308
-1372
-1500
-1628
-1628
-1692
-1628
-1628
-1564
-1500
-1436
-1436
-1308
-1180
-1180
-1244
-1244
-1308
-1244
-1244
-1116
-988
-924
-748
-652
-556
-460
-396
-324
-244
-164
-112
-164
-164
-228
-228
-228
-340
-372
-428
-492
-524
-588
-588
-684
-780
-844
-988
-1052
-1116
-1244
-1372
-1564
-1692
-1884
-2108
-2364
-2492
-2748
-2876
-3004
-3004
-3132
-3132
-3132
-3132
-3132
-3132
-3132
-3132
-3132
-3004
-3004
-3004
-2876
-2748
-2492
-2108
-1820
-1628
-1372
-1116
-716
-292
64
428
716
924
1244
1564
1884
2236
2492
2876
3132
3516
3644
3900
4092
4092
4348
4604
4604
4604
4604
4604
4604
4604
4604
4348
4092
3900
3900
3772
3644
3516
3260
3004
2748
2492
2108
1820
1436
1180
924
716
396
80
-180
-396
-620
-812
-924
-1052
-1180
-1244
-1308
-1372
-1436
-1500
-1500
-1500
-1564
-1564
-1628
-1628
-1628
-1628
-1628
-1692
-1628
-1628
-1564
-1372
-1116
-812
-652
-556
-492
-460
-460
-460
-460
-372
-428
-396
-356
-356
-340
-372
-428
-460
-428
-396
-396
-324
-292
-260
-260
-340
-428
-588
-684
-812
-924
-1116
-1244
-1372
-1564
-1692
-1820
-1980
-2108
-2236
-2364
-2364
-2492
-2620
-2620
-2620
-2748
-2748
-2876
-3004
-3004
-3132
-3004
-2876
-2748
-2492
-2236
-2108
-1884
-1692
-1500
-1244
-988
-684
-396
-112
164
460
812
1180
1500
1756
1980
2364
2620
2876
3260
3388
3644
3900
4092
4348
4348
4604
4604
4604
4604
4604
4604
4604
4604
4348
4348
4092
3900
3644
3388
3004
2748
2492
2236
1980
1756
1436
1116
780
460
212
-32
-244
-428
-684
-924
-1180
-1372
-1564
-1756
-1884
-1980
-2108
-2108
-2108
-2236
-2236
-2236
-2364
-2364
-2236
-2108
-1980
-1756
-1564
-1372
-1244
-1180
-1052
-988
-876
-748
-588
-460
-396
-372
-356
-308
-260
-212
-132
-96
-64
0
40
80
64
8
-24
-80
-132
-196
-244
-324
-428
-524
-684
-748
-876
-988
-1116
-1308
-1436
-1628
-1756
-1884
-1980
-2108
-2236
-2364
-2492
-2620
-2748
-2748
-2748
-2748
-2620
-2620
-2492
-2492
-2364
-2236
-2108
-1980
-1884
-1628
-1308
-988
-780
-556
-396
-148
180
524
780
1052
1308
1628
1980
2236
2492
2748
2876
3132
3260
3516
3772
3900
4092
4092
4348
4348
4348
4348
4092
4092
4092
3900
3772
3644
3388
3132
2876
2620
2492
2236
1980
1692
1436
1180
988
748
492
260
16
-228
-460
-716
-988
-1244
-1436
-1628
-1692
-1820
-1820
-1820
-1884
-1980
-1980
-1980
-2108
-2108
-1980
-1884
-1756
-1692
-1564
-1436
-1244
-1116
-988
-924
-924
-844
-780
-716
-588
-492
-428
-356
-276
-164
-120
-120
-88
-104
-148
-164
-164
-164
-212
-276
-372
-460
-556
-652
-684
-716
-716
-748
-812
-876
-924
-988
-1052
-1052
-1180
-1180
-1244
-1308
-1308
-1436
-1500
-1436
-1436
-1500
-1500
-1564
-1500
-1500
-1500
-1500
-1436
-1436
-1436
-1308
-1180
-988
-876
-812
-716
-588
-428
-244
-72
112
244
428
588
748
812
924
1052
1244
1436
1628
1820
1980
2108
2236
2236
2364
2364
2492
2620
2748
2748
2748
2748
2748
2748
2620
2492
2492
2236
2108
1980
1980
1884
1884
1756
1628
1500
1372
1244
988
780
556
396
340
276
212
64
-96
-212
-356
-460
-556
-652
-716
-812
-924
-988
-1116
-1244
-1244
-1244
-1180
-1116
-1052
-1116
-1180
-1180
-1180
-1180
-1180
-1116
-1052
-988
-876
-812
-748
-684
-652
-620
-684
-748
-716
-652
-524
-428
-396
-428
-460
-428
-396
-428
-460
-492
-524
-492
-460
-460
-428
-428
-460
-428
-372
-340
-372
-428
-428
-428
-396
-396
-492
-556
-556
-588
-620
-652
-716
-748
-716
-684
-684
-684
-716
-716
-684
-716
-716
-716
-716
-716
-716
-684
-620
-588
-524
-492
-460
-372
-308
-292
-244
-180
-148
-112
-32
56
196
324
460
588
652
684
748
844
924
1052
1180
1308
1372
1372
1436
1500
1564
1628
1756
1820
1884
1820
1756
1692
1692
1628
1628
1692
1692
1692
1692
1692
1628
1500
1436
1436
1372
1244
1116
924
780
652
492
340
180
48
8
0
-56
-132
-276
-396
-460
-556
-684
-780
-780
-844
-844
-812
-876
-924
-988
-1052
-1116
-1052
-988
-876
-748
-684
-620
-588
-620
-652
-684
-716
-748
-748
-684
-652
-620
-556
-524
-524
-492
-460
-524
-524
-492
-428
-396
-396
-428
-492
-524
-588
-588
-588
-620
-652
-620
-588
-588
-588
-588
-620
-652
-716
-748
-780
-780
-716
-652
-620
-588
-556
-556
-588
-620
-620
-652
-652
-684
-684
-684
-716
-716
-684
-620
-492
-396
-324
-292
-244
-212
-148
-104
-40
64
180
324
428
492
588
716
876
988
1052
1116
1116
1180
1180
1244
1372
1372
1500
1628
1756
1820
1884
1980
1980
1980
1884
1884
1820
1692
1564
1436
1308
1180
1052
988
876
844
780
716
652
556
460
356
244
132
24
-96
-212
-340
-428
-492
-556
-652
-748
-812
-812
-748
-684
-620
-588
-524
-460
-428
-396
-396
-396
-428
-428
-396
-396
-356
-340
-324
-356
-276
-228
-196
-104
-72
-80
-72
-112
-132
-132
-148
-196
-196
-228
-276
-396
-492
-620
-716
-716
-716
-716
-780
-844
-924
-924
-924
-924
-924
-924
-924
-876
-876
-844
-876
-924
-924
-924
-924
-924
-924
-924
-924
-924
-924
-876
-780
-684
-556
-428
-372
-356
-356
-308
-228
-132
-16
48
148
244
292
324
324
356
396
428
524
588
652
716
780
844
876
924
988
1052
1116
1180
1180
1244
1244
1244
1244
1180
1180
1180
1052
988
988
988
988
988
988
924
876
844
844
748
716
652
556
524
524
460
356
276
212
180
180
148
132
96
56
24
0
-32
-56
-96
-120
-132
-148
-132
-164
-180
-244
-308
-308
-292
-292
-292
-276
-292
-308
-340
-356
-396
-396
-428
-372
-324
-372
-372
-428
-428
-396
-460
-492
-556
-588
-588
-556
-492
-460
-492
-492
-524
-460
-460
-492
-556
-524
-460
-460
-460
-492
-556
-620
-652
-620
-620
-652
-684
-620
-556
-492
-460
-396
-372
-356
-356
-324
-244
-148
-72
-56
-32
-16
-24
-24
-8
-48
-112
-132
-164
-132
-64
-16
16
32
24
80
132
164
180
228
228
276
340
340
356
276
244
228
228
228
196
212
228
308
396
492
524
556
524
524
556
588
588
588
588
588
620
620
620
588
588
524
492
492
524
588
620
652
684
652
588
524
492
460
428
372
340
292
276
244
148
80
0
-72
-148
-164
-196
-244
-260
-260
-228
-212
-276
-324
-340
-340
-356
-324
-324
-340
-340
-372
-396
-460
-460
-492
-460
-428
-372
-372
-396
-324
-276
-212
-180
-164
-148
-164
-196
-196
-180
-196
-212
-228
-228
-228
-180
-164
-132
-120
-104
-64
-80
-64
-16
16
64
112
132
164
148
96
24
0
-72
-132
-196
-276
-292
-276
-244
-212
-164
-164
-164
-180
-196
-180
-148
-104
-120
-104
-164
-212
-276
-292
-308
-340
-340
-324
-276
-244
-196
-148
-96
-32
0
24
40
88
120
132
132
104
120
120
120
148
196
228
244
260
276
372
460
524
588
588
524
492
428
428
396
396
396
356
324
340
340
292
260
260
244
260
276
276
276
260
228
196
164
112
72
48
24
0
-8
0
-16
-8
0
-48
-96
-132
-148
-164
-148
-132
-132
-132
-120
-132
-120
-148
-112
-72
-88
-112
-148
-164
-180
-164
-148
-148
-164
-196
-180
-164
-180
-164
-196
-164
-112
-72
0
16
64
80
104
132
120
96
88
56
64
80
64
80
72
72
24
-16
-80
-112
-120
-88
-64
-40
-48
-96
-120
-196
-244
-292
-372
-396
-396
-356
-292
-212
-164
-164
-164
-132
-148
-132
-96
-96
-56
-32
-40
-96
-180
-244
-324
-340
-292
-276
-244
-212
-164
-132
-56
16
72
96
132
132
120
112
132
132
88
88
80
72
88
88
80
104
132
180
292
396
460
492
556
588
556
524
524
460
396
372
356
324
276
212
228
244
276
324
308
260
196
148
96
64
56
0
-64
-96
-120
-132
-196
-244
-292
-292
-276
-276
-260
-276
-276
-292
-308
-292
-308
-324
-356
-396
-396
-372
-340
-324
-276
-244
-196
-120
-80
-16
16
16
32
56
88
148
212
244
212
132
32
-16
-40
-48
0
16
8
16
48
24
16
-16
-88
-112
-132
-96
-72
-24
0
16
24
24
0
-16
-16
-24
-16
-24
-40
-72
-112
-164
-120
-96
-96
-80
-64
-32
32
132
212
276
276
244
212
180
148
132
120
132
164
164
196
212
180
132
96
96
96
96
148
212
260
308
308
292
324
324
276
260
180
104
48
0
0
-8
-48
-40
-16
32
72
72
56
16
-32
-104
-164
-228
-276
-276
-308
-276
-244
-244
-228
-244
-260
-260
-244
-212
-212
-180
-196
-196
-196
-212
-244
-292
-324
-276
-228
-228
-228
-196
-120
-72
-8
48
32
-16
-32
-24
8
0
0
-8
-8
16
-8
-56
-88
-104
-64
-8
32
80
88
96
80
72
40
8
-40
-120
-132
-132
-80
-40
-24
-8
-8
-80
-104
-64
-40
0
40
72
40
8
0
8
16
0
0
0
24
48
56
56
96
88
132
180
180
180
180
196
212
244
292
340
340
340
324
292
244
228
260
260
292
308
340
396
396
396
396
356
324
260
228
212
164
148
120
64
64
56
40
72
48
40
32
48
-16
-104
-164
-196
-228
-260
-276
-324
-396
-428
-428
-428
-460
-460
-428
-372
-324
-292
-292
-292
-292
-324
-340
-324
-244
-180
-164
-180
-180
-212
-260
-244
-228
-212
-180
-164
-132
-72
-40
0
8
0
32
40
40
40
24
40
8
-16
-16
0
-24
-24
0
0
0
-8
0
24
72
132
132
132
132
120
148
180
196
228
260
244
244
244
180
104
64
88
104
148
180
196
196
196
196
164
120
104
88
80
104
148
180
196
180
148
132
80
48
16
-8
-8
0
0
24
40
24
32
56
24
-16
-16
-48
-64
-96
-96
-96
-132
-164
-196
-212
-228
-244
-260
-244
-212
-180
-148
-132
-132
-148
-164
-164
-132
-96
-80
-72
-88
-132
-120
-80
-56
-48
-8
72
96
120
120
88
40
72
112
120
132
148
164
196
196
180
148
72
0
-16
0
16
48
64
56
48
48
40
16
-32
-48
-56
-48
-16
-16
-72
-148
-212
-244
-276
-308
-276
-292
-276
-260
-244
-212
-164
-132
-132
-104
-64
0
64
88
132
148
132
112
120
104
112
112
88
104
164
212
276
324
324
308
244
228
244
260
276
308
308
292
276
212
132
80
48
-24
-56
-48
-32
-32
-72
-72
-88
-104
-112
-148
-164
-148
-180
-164
-164
-180
-212
-228
-260
-292
-324
-340
-356
-356
-308
-228
-180
-148
-112
-120
-132
-104
-48
-16
0
32
8
16
32
16
48
80
120
180
212
244
276
260
260
260
228
212
244
276
276
292
292
244
212
164
148
132
80
40
8
16
24
64
56
56
16
-24
-16
-16
0
-16
-56
-88
-112
-132
-164
-228
-260
-260
-244
-260
-244
-196
-180
-148
-112
-120
-112
-120
-148
-112
-80
-32
8
56
64
24
-32
-88
-120
-120
-64
-40
-16
24
72
96
120
120
112
120
104
132
164
212
180
148
120
56
-24
-72
-96
-96
-64
-72
-80
-80
-56
-40
-16
-24
-48
-64
-80
-40
0
0
0
-16
-48
-64
-48
-72
-148
-148
-120
-88
-56
-8
-8
16
16
8
56
80
56
24
0
8
-24
-40
-16
-8
24
56
96
148
180
212
228
228
244
228
212
228
212
164
132
88
72
48
16
-24
-56
-72
-120
-104
-88
-88
-96
-112
-120
-104
-64
-16
0
-8
-16
-40
-64
-104
-148
-180
-196
-196
-180
-132
-96
-72
-80
-56
-48
-72
-64
-40
-16
0
40
80
80
80
96
120
132
104
72
64
32
32
32
8
16
24
40
48
64
88
64
56
56
64
72
80
80
56
32
-8
-8
-8
-8
-8
-8
-32
-72
-96
-112
-112
-112
-96
-72
-64
-64
-56
-24
-8
8
24
16
40
40
8
-16
-8
0
24
72
112
132
148
164
164
196
164
148
112
80
64
40
24
24
40
64
88
112
132
132
132
112
80
64
96
120
120
88
64
40
0
-48
-80
-132
-148
-164
-148
-120
-112
-132
-148
-112
-132
-148
-148
-164
-148
-148
-164
-164
-164
-212
-244
-260
-276
-260
-292
-276
-212
-196
-180
-180
-164
-180
-196
-212
-196
-180
-148
-148
-120
-80
-48
-8
0
0
8
0
8
32
48
72
104
120
120
112
148
132
132
148
132
104
88
96
88
132
132
148
148
132
148
132
148
164
164
148
112
88
72
88
72
72
48
-8
-24
-8
-16
0
32
56
88
96
88
96
104
96
148
164
180
180
164
180
228
276
276
292
260
228
212
196
212
180
180
212
212
180
112
72
48
72
96
104
112
64
40
8
-24
-56
-64
-88
-132
-132
-164
-212
-244
-276
-292
-308
-308
-308
-308
-308
-308
-260
-228
-228
-260
-260
-292
-308
-324
-308
-324
-308
-260
-228
-196
-180
-164
-132
-132
-132
-112
-96
-72
-32
0
8
24
32
0
-24
-8
0
16
56
80
104
132
120
132
120
112
120
120
148
112
40
0
-48
-104
-148
-148
-132
-132
-120
-104
-64
-72
-48
-16
0
0
-16
-8
-16
0
-32
-56
-72
-64
-72
-72
-64
-72
-32
8
32
88
112
132
164
212
228
244
244
228
228
260
308
324
324
308
260
276
260
276
308
292
292
308
308
340
356
340
324
308
308
324
340
292
228
148
88
56
8
-8
-32
-56
-56
-88
-148
-164
-196
-212
-212
-228
-260
-292
-340
-372
-396
-372
-340
-308
-292
-292
-324
-372
-396
-428
-460
-460
-396
-356
-308
-276
-244
-196
-132
-64
-24
8
40
72
64
24
16
8
0
0
16
64
80
132
164
180
180
196
212
228
228
228
196
196
164
164
164
132
112
72
48
40
40
8
-16
-64
-64
-64
-80
-64
-48
-56
-48
-16
0
0
-40
-88
-120
-148
-196
-212
-212
-212
-228
-180
-164
-148
-132
-148
-120
-88
-48
-16
-8
24
32
-8
-24
-16
-40
-40
-56
-48
-16
8
40
112
132
164
180
164
180
196
212
244
276
260
244
212
212
180
148
132
104
88
96
104
132
132
120
112
88
80
64
32
0
-32
-72
-48
-88
-120
-80
-96
-80
-80
-96
-104
-112
-120
-148
-120
-112
-132
-96
-32
-8
0
32
40
16
0
0
-8
-40
-40
0
56
104
132
164
164
132
112
96
112
132
148
164
164
164
196
180
164
164
148
148
132
112
72
56
8
-16
-8
-32
-56
-32
-40
-64
-40
-40
-64
-72
-80
-96
-104
-132
-180
-212
-244
-244
-260
-276
-292
-276
-260
-244
-212
-196
-164
-132
-88
-88
-104
-104
-120
-132
-132
-132
-164
-196
-180
-180
-164
-148
-132
-96
-40
0
24
48
48
64
88
112
120
96
72
72
40
16
0
-32
-64
-72
-24
8
32
40
16
24
32
24
48
64
80
64
56
40
16
0
-8
0
0
0
0
0
-32
-24
-24
-24
8
32
16
32
56
64
88
96
132
148
164
196
196
196
196
228
244
292
308
292
292
308
276
260
228
228
196
148
180
196
180
180
212
180
164
132
104
88
64
48
16
8
0
0
-24
-64
-72
-72
-88
-80
-88
-120
-132
-148
-180
-164
-164
-164
-180
-196
-212
-228
-244
-308
-308
-292
-276
-260
-244
-244
-244
-244
-260
-276
-276
-276
-260
-260
-276
-276
-260
-276
-244
-212
-180
-148
-148
-96
-64
-48
-16
0
40
56
64
72
48
32
24
64
112
112
132
132
96
80
96
112
164
196
196
212
212
212
228
196
164
164
132
120
120
88
80
96
112
112
132
132
120
104
88
64
48
24
8
-16
-24
0
8
0
0
16
24
0
-16
-8
-32
-24
-16
0
8
-8
0
-16
-16
-24
-24
0
-8
-32
0
0
-24
-32
-32
-40
-40
-8
0
48
112
120
164
180
148
104
56
48
16
0
0
-16
-16
-8
0
0
0
