SAMPLES:	9230
BITSPERSAMPLE:	16
CHANNELS:	1
SAMPLERATE:	16000
NORMALIZED:	FALSE
0
0
0
0
0
0
0
-8
-8
-8
-8
-8
-8
-8
-8
-8
-8
-8
-8
-16
-8
-16
-8
-16
-16
-16
-16
-16
-16
-16
-16
-16
-16
-16
-16
-16
-8
-8
-8
-8
-8
-16
-8
-8
-8
0
0
0
-8
0
0
0
0
8
0
0
0
0
0
0
0
8
8
8
8
8
8
8
8
16
16
16
16
16
16
16
16
8
8
8
8
8
8
8
8
8
8
16
8
8
8
8
8
0
0
0
0
0
0
0
0
0
0
0
0
0
0
0
0
0
0
0
0
0
0
0
-8
-8
-8
-8
-8
-8
-8
-8
0
0
-8
0
0
-8
-8
-8
-8
-8
-8
-8
-16
-16
-16
-8
-8
-8
-8
-8
-8
-8
-8
-8
-8
0
0
-8
-8
-8
-8
-8
-8
-8
-8
-8
-8
0
-8
-8
0
0
0
-8
0
0
-8
0
0
0
0
0
0
0
0
0
0
0
0
8
8
8
8
0
0
8
8
8
8
8
8
8
16
16
16
16
16
16
16
16
16
16
16
16
24
24
24
16
16
16
8
8
16
16
16
16
8
8
8
8
0
0
0
0
0
0
0
0
0
0
0
0
0
0
-8
-8
0
0
-8
0
-8
-8
-8
-16
-16
-8
-16
-8
-8
-8
-8
-16
-16
-16
-16
-8
-8
-16
-16
-16
-16
-16
-8
-8
0
-8
-16
-16
-16
-16
-8
0
0
0
0
0
-8
-8
-8
-8
0
0
0
0
0
0
0
0
8
0
8
8
0
8
8
8
8
8
8
8
8
8
16
8
16
16
24
16
16
16
16
16
16
16
16
16
16
8
8
8
16
16
8
16
8
16
8
8
8
8
8
0
0
0
0
0
0
0
0
0
0
-8
0
-8
-8
-8
-16
-8
-8
-8
-16
-16
-16
-16
-16
-16
-16
-16
-8
-8
-16
-16
-16
-16
-16
-16
-16
-16
-16
-16
-16
-16
-16
-16
-16
-16
-16
-16
-16
-8
-8
-8
-8
0
0
0
0
0
0
0
0
0
0
0
0
0
0
8
0
0
8
8
0
0
0
0
0
0
0
8
8
16
8
8
8
8
8
8
16
16
8
16
16
16
16
8
8
16
16
16
16
16
16
16
16
8
8
8
8
8
8
8
16
8
16
16
16
16
16
16
8
8
8
8
0
0
0
0
0
0
0
0
0
0
0
0
0
0
0
0
-8
-8
-8
-8
-8
-8
-8
-16
-16
-16
-16
-16
-16
-16
-16
-24
-16
-16
-24
-24
-24
-32
-32
-24
-24
-24
-24
-24
-24
-16
-16
-16
-16
-16
-24
-24
-16
-16
-16
-8
-8
0
0
0
0
0
0
0
0
8
8
8
8
0
8
8
8
16
16
16
16
16
16
16
16
16
16
16
24
24
24
24
24
16
16
16
16
16
16
8
8
8
8
8
8
8
8
8
0
0
0
0
0
0
0
0
0
0
0
0
0
0
0
0
0
0
0
0
0
0
0
0
0
0
0
0
0
0
0
-8
-8
-8
-8
-8
-8
-8
-8
-8
-8
-8
-8
-8
0
-8
0
0
0
0
0
0
0
0
0
0
0
0
0
0
0
0
0
0
0
0
0
0
0
0
0
0
0
0
0
0
0
0
0
0
0
0
0
0
0
0
0
0
0
0
0
0
0
0
0
0
0
0
0
0
0
0
0
0
0
0
0
0
0
8
0
0
0
0
0
0
0
0
0
0
0
0
0
0
0
-8
-8
-8
-8
-8
-8
-8
-8
-8
-8
-16
-8
-16
-16
-16
-16
-16
-16
-16
-8
-8
-8
-8
-16
-16
-16
-16
-8
-16
-8
-8
-8
-8
-8
-8
-8
-8
-8
0
0
0
0
0
0
0
0
0
0
8
8
8
8
8
16
16
8
16
16
16
16
16
24
24
24
24
32
32
32
24
32
32
24
24
24
16
16
8
8
8
16
8
8
8
8
8
8
0
0
0
0
0
0
0
0
0
0
0
0
0
0
0
0
0
0
-8
0
0
0
0
0
0
0
0
0
0
0
0
-8
-8
-8
-8
-8
-8
-16
-8
-16
-16
-16
-16
-16
-24
-24
-24
-32
-32
-32
-32
-32
-32
-32
-32
-32
-32
-32
-32
-32
-40
-32
-40
-40
-32
-32
-32
-32
-32
-24
-24
-24
-16
-16
-16
-8
-8
0
0
0
0
8
8
8
8
16
16
24
24
32
40
40
40
48
48
56
56
56
56
64
64
64
64
72
72
72
80
80
72
72
72
64
64
64
64
56
56
48
48
40
32
24
16
16
16
16
8
0
0
0
0
-8
-16
-24
-24
-32
-32
-40
-40
-48
-48
-48
-48
-56
-56
-56
-64
-64
-64
-64
-72
-64
-64
-64
-64
-64
-64
-64
-64
-64
-64
-64
-64
-64
-64
-64
-64
-64
-56
-56
-56
-56
-56
-48
-48
-48
-40
-40
-32
-32
-24
-24
-24
-16
-16
-16
-8
0
0
8
16
24
32
40
56
64
72
80
88
96
104
104
112
120
132
132
148
164
164
164
164
180
180
180
180
164
164
164
164
148
148
132
132
112
96
88
64
48
32
16
0
0
-24
-32
-48
-72
-88
-104
-132
-148
-164
-180
-196
-212
-212
-212
-228
-228
-244
-260
-260
-276
-276
-276
-292
-292
-292
-292
-276
-276
-276
-260
-244
-228
-212
-196
-180
-180
-148
-132
-112
-96
-80
-56
-40
-16
8
32
48
64
80
96
112
132
164
180
196
212
228
228
244
244
260
260
276
292
308
308
308
308
308
308
324
324
324
324
308
292
292
292
292
292
292
292
292
292
292
276
276
260
260
276
276
276
292
292
308
324
324
308
292
292
292
276
260
228
180
148
120
88
32
-16
-72
-132
-196
-260
-340
-428
-492
-556
-620
-716
-780
-876
-924
-988
-1116
-1180
-1244
-1308
-1372
-1372
-1436
-1436
-1436
-1436
-1436
-1372
-1372
-1308
-1244
-1180
-1116
-1052
-924
-876
-748
-620
-524
-372
-260
-132
16
164
324
492
620
748
876
988
1116
1244
1308
1436
1500
1564
1628
1692
1756
1756
1756
1756
1756
1756
1692
1628
1500
1436
1372
1244
1180
1052
924
844
748
620
524
396
292
196
96
48
8
8
64
112
180
260
324
428
460
460
460
492
588
684
748
748
780
780
748
716
620
460
340
196
80
-8
-180
-340
-556
-716
-876
-988
-1116
-1372
-1564
-1820
-1980
-2108
-2236
-2492
-2492
-2620
-2620
-2748
-2620
-2748
-2876
-2876
-3004
-3004
-3004
-2876
-2620
-2492
-2236
-2108
-1820
-1628
-1436
-1308
-1052
-876
-620
-356
-96
120
340
524
716
876
988
1180
1308
1500
1564
1692
1692
1756
1820
1884
1980
1980
1980
1980
1980
1980
1820
1756
1692
1628
1564
1500
1436
1308
1244
1116
1052
988
876
748
588
524
428
356
292
164
132
112
88
180
196
244
308
372
460
524
652
780
924
1180
1372
1564
1756
1980
2364
2620
2748
2748
2620
2748
3004
3132
3260
3132
3004
2876
2748
2492
2236
1756
1308
988
652
308
-164
-684
-1244
-1692
-1980
-2364
-2620
-3004
-3388
-3900
-4092
-4348
-4604
-4860
-5116
-5116
-5116
-5116
-5372
-5116
-5116
-5116
-5116
-4860
-4860
-4604
-4348
-3900
-3516
-3132
-2748
-2492
-1980
-1564
-1180
-844
-524
-180
212
620
1052
1308
1564
1692
1884
2108
2492
2620
2748
2876
3004
3004
3132
3004
3004
3004
3004
3004
3004
3004
2748
2620
2492
2236
2108
1884
1628
1436
1372
1244
1180
988
716
556
372
324
292
180
96
32
40
88
164
180
212
276
372
620
748
812
876
924
988
1244
1564
1820
2108
2236
2364
2620
3004
3260
3388
3260
3004
3132
3388
3516
3516
3260
2876
2620
2492
2364
1980
1436
876
428
104
-244
-748
-1372
-1980
-2364
-2748
-3004
-3260
-3772
-4092
-4604
-4860
-5116
-5116
-5372
-5628
-5628
-5628
-5628
-5628
-5628
-5628
-5628
-5628
-5372
-4860
-4604
-4092
-3772
-3644
-3260
-2876
-2364
-1980
-1500
-1052
-748
-308
112
492
876
1180
1628
1980
2364
2620
2748
2876
2876
3004
3260
3516
3516
3644
3644
3644
3516
3388
3260
3132
3004
2876
2876
2748
2620
2492
2108
1820
1564
1308
1116
924
748
556
308
96
-48
-148
-228
-356
-428
-460
-492
-460
-428
-372
-276
-164
16
180
308
428
524
620
780
988
1180
1372
1628
1980
2108
2364
2748
3132
3516
3516
3388
3132
3132
3388
3644
3644
3388
3132
3004
2876
2748
2236
1628
1052
620
356
24
-492
-1116
-1820
-2236
-2620
-2748
-3132
-3516
-4092
-4604
-4860
-4860
-5116
-5372
-5628
-5884
-5884
-5884
-5628
-5884
-5884
-5884
-5884
-5628
-5372
-5116
-4604
-4092
-3772
-3388
-3132
-2876
-2364
-1820
-1244
-812
-428
-56
340
780
1244
1628
1980
2364
2620
2876
3132
3260
3388
3388
3516
3772
3900
3900
4092
3900
3772
3516
3388
3132
3004
2748
2748
2620
2492
2364
2108
1756
1372
1052
844
652
492
340
148
24
-112
-196
-260
-324
-372
-396
-308
-260
-164
-64
32
148
308
460
588
748
876
988
1116
1244
1372
1564
1820
2108
2364
2620
2876
3132
3516
3772
3644
3260
3132
3132
3516
3644
3516
3260
2876
2748
2620
2364
1692
1052
524
120
-148
-620
-1244
-1980
-2492
-3004
-3260
-3388
-3772
-4092
-4604
-5116
-5372
-5628
-5884
-6140
-6140
-6140
-6140
-6140
-5884
-6140
-6140
-6140
-5884
-5884
-5628
-5116
-4348
-3772
-3260
-3004
-2748
-2492
-1884
-1372
-876
-460
-148
340
924
1628
2108
2364
2620
2876
3132
3644
3772
3900
3644
3644
3644
3900
4092
4092
4092
3900
3900
3644
3388
3004
2620
2364
2364
2364
2364
2108
1820
1436
1116
876
620
396
164
0
-104
-148
-164
-228
-212
-292
-244
-164
-72
56
148
340
524
652
812
924
1052
1180
1372
1564
1628
1692
1692
1756
1884
2108
2236
2492
2620
2748
3004
3388
3644
3644
3260
2748
2620
2748
3004
3004
2620
2236
1820
1628
1436
988
340
-308
-844
-1180
-1564
-1980
-2620
-3388
-3772
-4092
-4092
-4348
-4604
-5116
-5628
-5884
-6140
-6140
-6140
-6140
-6140
-6140
-5884
-5628
-5372
-5372
-5372
-5116
-5116
-4860
-4348
-3900
-3260
-2620
-2108
-1692
-1180
-780
-372
-8
324
748
1244
1820
2364
2748
3132
3260
3516
3772
3900
4092
4092
4092
3900
3900
3900
3900
3900
3772
3644
3644
3516
3260
2876
2492
2108
1980
1820
1756
1564
1244
988
812
620
356
0
-340
-588
-620
-524
-492
-524
-620
-684
-652
-460
-340
-228
-88
56
340
588
780
924
988
1180
1372
1628
1820
1884
1884
1980
1884
1980
2108
2236
2492
2748
2876
2876
3132
3388
3644
3388
2876
2236
2108
2492
2748
2876
2364
1756
1372
1244
1052
588
-148
-876
-1436
-1692
-1980
-2492
-3132
-3772
-4348
-4348
-4348
-4604
-4860
-5372
-5884
-5884
-6140
-6140
-6140
-6140
-6140
-5884
-5628
-5372
-5372
-5116
-5116
-5116
-4860
-4604
-4092
-3388
-2876
-2492
-2108
-1884
-1436
-876
-372
80
492
844
1244
1628
1980
2236
2492
2748
3004
3388
3516
3516
3516
3516
3516
3516
3644
3516
3644
3644
3644
3516
3260
3004
2748
2364
2364
2364
2364
2364
2364
2236
1980
1756
1500
1308
1052
924
924
924
876
844
780
716
748
780
812
844
876
988
1052
1244
1372
1564
1692
1756
1884
1820
1820
1820
1756
1628
1500
1372
1372
1500
1756
1980
2236
2236
2236
2492
2748
2876
2492
1692
1180
1180
1564
1980
1820
1436
876
556
524
340
-132
-876
-1564
-1980
-2236
-2492
-2876
-3516
-4092
-4348
-4348
-4348
-4348
-4860
-5372
-5884
-5884
-5884
-5884
-5884
-5884
-5628
-5372
-5116
-4860
-4860
-5116
-5116
-5116
-4604
-4092
-3644
-3132
-2876
-2620
-2236
-1820
-1244
-812
-492
-276
-48
396
844
1180
1500
1756
2108
2364
2620
2748
2748
2748
2748
2876
3132
3260
3388
3388
3388
3516
3516
3260
3260
3004
2748
2748
2748
2876
2748
2748
2492
2364
2108
1756
1692
1692
1564
1372
1244
1180
1116
1116
1116
1052
988
876
924
1052
1180
1308
1308
1372
1564
1564
1564
1564
1628
1628
1564
1692
1756
1692
1500
1308
1244
1180
1052
1372
684
212
1756
2620
4092
5116
5372
4348
2236
1308
652
524
1244
1564
1820
2236
1980
1436
212
-812
-2236
-3644
-3772
-3772
-3260
-2876
-2364
-1884
-2492
-2748
-3132
-4604
-5884
-6908
-7164
-6908
-6908
-5884
-5372
-5116
-5116
-5372
-5372
-5884
-6140
-6140
-5628
-4860
-4092
-3388
-2236
-1564
-1500
-1500
-1308
-1308
-1500
-988
-308
120
524
924
1308
1628
1820
2108
2236
2492
2364
2364
2620
2748
2748
2876
3132
3260
3260
3260
3388
3260
3132
2876
2748
2620
2492
2492
2620
2748
2748
2492
2108
1820
1500
1116
876
780
844
924
1052
1244
1372
1372
1180
1244
1308
1308
1436
1756
1980
2236
2492
2748
2492
2364
2108
1820
1628
1564
1756
1884
1980
1884
1692
1564
1308
1116
1308
2364
3516
4348
4860
5884
6652
5884
3388
524
-924
-1692
-1980
-1980
-1308
-556
-524
-1180
-2236
-3132
-4092
-4860
-5372
-5116
-4348
-3132
-2364
-1980
-2108
-3004
-4092
-5116
-6140
-7420
-7676
-7420
-6652
-6140
-5372
-4604
-3900
-3772
-4092
-4348
-4092
-3644
-3004
-2620
-2236
-1308
-428
244
1372
3004
3388
2364
716
-80
-428
-1180
-988
0
1372
2236
2364
2620
2620
1980
988
876
1884
2876
2876
3132
3516
3260
2236
1116
748
460
72
164
876
1116
812
684
1180
1884
1820
1628
1820
1980
1692
988
492
88
-356
-340
428
1436
1980
2108
2364
2620
2876
3004
3388
3772
4092
4348
4348
3772
3132
2492
1980
1820
1884
2236
2364
2492
3004
3004
2748
2236
1564
1116
716
620
876
1116
2236
3516
4604
5116
5372
5628
4348
988
-2620
-4348
-3900
-3388
-3004
-2364
-1244
-1052
-2620
-4604
-5628
-5884
-6140
-5628
-4348
-2492
-1372
-684
-812
-1436
-2876
-4604
-5884
-6908
-7676
-7932
-7676
-6652
-6140
-5628
-4860
-3772
-3260
-3260
-3132
-2620
-1820
-1564
-1628
-1052
212
1180
1180
324
-556
-1308
-1884
-1980
-1244
180
1244
1564
1692
1756
1628
1244
1244
1884
2748
3004
3260
3644
3772
3004
2108
1500
1052
780
684
1052
1756
2236
2492
2876
3260
3132
2748
2620
2620
2492
2108
1756
1436
1052
716
748
812
716
684
748
1116
1756
2492
3260
3900
4092
4092
3900
3644
3004
2492
1884
1692
1820
1884
1884
1884
1884
1756
1692
1820
2108
2364
1980
1692
1436
1116
492
0
164
620
1692
3004
4348
4860
5372
5884
5372
2748
-1180
-4092
-4348
-3900
-3644
-3260
-1980
-924
-1628
-3644
-5116
-5372
-5116
-5116
-4092
-2364
-924
-164
-260
-876
-2364
-4348
-6140
-7676
-8316
-8828
-8316
-7164
-6140
-5372
-4860
-3900
-3132
-3132
-3260
-2748
-1756
-924
-924
-1180
-1244
-340
844
1180
492
-988
-1980
-2364
-2108
-1180
492
2108
3004
2876
2492
2108
1628
1436
1692
2620
3644
4092
4092
3644
2876
1820
844
620
748
1116
1500
2108
2620
2748
2620
2492
2748
2748
2492
2236
2108
2108
1564
748
32
-324
-340
-112
372
924
1308
1692
2492
3516
4348
4604
4348
3900
3260
2620
1980
1500
1756
1820
2108
2492
2620
2236
1436
1436
1628
1980
2492
2748
2748
2492
1980
1308
924
428
212
716
1980
3132
3644
4348
5628
6396
4604
620
-3260
-4860
-4860
-4604
-4092
-2876
-988
-812
-2236
-3772
-4604
-5116
-4860
-4348
-3132
-1500
-460
-164
-812
-2108
-4092
-6140
-7932
-8828
-8828
-8316
-7420
-6140
-5116
-4604
-3900
-3388
-3132
-3260
-3004
-1980
-812
-276
-748
-1180
-492
356
228
-1052
-2364
-2876
-2620
-1980
-396
1692
3388
3388
2492
1820
1500
1180
1180
2108
3516
4348
4348
4092
3644
2620
1244
428
428
924
1436
1980
2748
3132
3260
3132
3132
3132
2876
2748
2620
2748
2620
2108
1372
460
-180
-428
-324
0
428
924
1692
2748
3644
4092
4092
3772
3132
2492
1820
1500
1500
1884
2236
2236
1980
1692
1372
780
844
1116
1628
2236
2620
2620
2236
1756
1052
428
64
-132
-292
492
1884
3004
3516
3644
4604
5372
5116
2620
-780
-3516
-4604
-4604
-4348
-3132
-1820
-876
-1180
-2364
-3516
-4348
-4092
-3900
-3260
-2236
-988
-492
-924
-2108
-3772
-5372
-7164
-8316
-8828
-8316
-7420
-6396
-5628
-5372
-4860
-4348
-4092
-3772
-3388
-2748
-1564
-844
-924
-1756
-1564
-104
396
-748
-2620
-3388
-3132
-2620
-1244
1372
4092
4604
3388
2108
1692
1436
1180
1980
4092
5372
5116
4348
3644
2748
1052
-64
324
1436
2364
2748
3260
3772
3772
3388
3388
3772
3772
3132
2748
2876
2876
1980
620
-492
-924
-876
-684
-72
780
1500
2236
3132
4348
4604
4092
3004
2364
1820
1052
716
1052
1564
1980
1500
1244
1052
356
340
716
1884
2492
2748
2748
2364
1820
1116
684
492
396
80
292
716
1692
2492
2876
3004
3132
4092
4860
4604
2364
-716
-3004
-4348
-4348
-3900
-2876
-1628
-844
-1116
-2364
-3516
-4092
-4348
-4092
-3516
-2620
-1756
-1628
-2236
-3516
-5116
-6652
-7932
-8316
-8316
-7420
-6396
-5884
-5628
-5372
-4860
-4348
-4092
-4092
-3516
-2492
-1436
-924
-620
-428
-988
-1980
-2620
-2108
-1628
-1628
-1308
276
2492
3388
2620
1820
2108
2108
1884
2236
3772
4860
4604
4092
4092
4092
2748
1372
1244
1980
2748
2748
2876
3132
3260
3132
3260
3900
3900
3388
3004
3388
3644
3004
1692
652
196
-72
-460
-396
196
748
1180
1884
2876
3516
3516
3132
3132
3004
2492
1628
1436
1628
1372
876
524
988
1052
1116
1180
1628
1980
1692
1628
1500
1564
1372
1052
988
1052
924
652
308
-24
164
780
1756
2364
2364
2748
3516
4348
3900
1884
-988
-3260
-4348
-4348
-3772
-2620
-1372
-1116
-1756
-2748
-4092
-5116
-5372
-4860
-4092
-3260
-2492
-2364
-2876
-4092
-5628
-6652
-7420
-7676
-7420
-6908
-6140
-5884
-5628
-5628
-5628
-5372
-5116
-4348
-3772
-2492
-1372
-988
-1180
-780
396
748
-88
-1564
-2236
-1980
-1180
104
1884
3644
4092
3132
1884
1564
1756
2108
2748
4348
5628
5372
4604
3772
3260
2364
1564
1628
2620
3516
3900
4092
4092
4092
3900
3900
4348
4348
4092
3900
3900
4092
3516
2236
716
-164
-524
-396
148
1180
2364
3004
3388
3644
3644
2876
2108
1692
1692
1628
1436
988
748
396
56
-180
-80
148
396
780
924
1180
1180
1180
1244
988
844
812
844
524
96
-340
-620
-308
492
1436
1884
1980
2364
3260
3516
2620
748
-1436
-3004
-3772
-3772
-3132
-2236
-1436
-1564
-2492
-3772
-4860
-5372
-5116
-4604
-3644
-2876
-2492
-2876
-3644
-4860
-5884
-6908
-7420
-7164
-6652
-6396
-5884
-6140
-6396
-6396
-6140
-5628
-4860
-4092
-2876
-1116
748
1116
-356
-2620
-3772
-3260
-2108
-988
112
1500
2236
1980
1116
812
1244
1692
2364
3516
4860
5372
4860
4348
4092
4092
3388
3004
3132
3644
4348
4348
4348
4348
3772
3516
3772
4348
4604
4604
4604
4860
4860
4092
2748
1820
1372
1308
1372
1628
1756
1692
1436
1372
1372
1308
1372
1628
2108
2364
2236
1692
988
492
164
-228
-292
-104
356
748
924
924
492
32
-180
0
460
988
1372
1308
924
588
324
8
-356
-684
-652
-228
460
1052
1372
1500
1308
1372
1372
988
276
-684
-1052
-1116
-1308
-1820
-2236
-2236
-2108
-2492
-3132
-3772
-4092
-4092
-4604
-4348
-4092
-3644
-3900
-4348
-4604
-4604
-4604
-5116
-5628
-5884
-5884
-5884
-6140
-6140
-5884
-5628
-5372
-4860
-4092
-3516
-2876
-2364
-1244
-212
0
-492
-1244
-1372
-1180
-988
-524
460
1692
2364
2108
1692
1820
2108
2364
2620
3516
4348
4604
4604
4604
4860
4604
3772
3132
2876
3004
3132
3516
3772
3900
3772
3644
3644
3772
3644
3644
3772
4092
4092
3516
2620
1692
988
292
-16
180
780
1244
1372
1564
1500
1244
876
924
1180
1244
1180
924
844
620
212
24
-8
-32
-104
-64
180
492
924
1116
1180
1180
1052
924
812
620
396
148
112
-24
-308
-460
-104
460
844
988
876
812
1116
1308
1180
716
164
40
-164
-812
-1820
-2620
-2620
-2748
-3132
-3644
-3900
-3772
-3772
-3900
-4092
-4092
-3900
-4092
-4092
-4348
-4348
-4348
-4604
-5116
-5116
-5372
-5628
-5884
-6140
-5884
-5116
-4348
-3900
-3644
-3260
-2876
-2492
-1980
-924
588
988
80
-1052
-1308
-924
-460
96
1308
2748
3004
1980
1244
1692
2364
2876
3516
4604
5116
4604
4092
3900
4348
4092
3260
2876
3004
3260
3260
3260
3516
3772
3644
3388
3388
3260
3260
3388
3772
4348
3900
2364
684
-244
-356
-64
396
1116
1692
1628
1052
652
428
244
308
812
1308
1308
684
120
-72
-180
-396
-524
-228
-196
80
372
844
1180
988
652
324
180
164
180
228
340
396
308
-24
-684
-812
-588
88
588
812
1116
1436
1980
1980
1692
1052
396
-164
-748
-1052
-1372
-1500
-1756
-2108
-2748
-3516
-3644
-3516
-3516
-3644
-3772
-3516
-3260
-3516
-3772
-3900
-4092
-4348
-4604
-4860
-4860
-5116
-5628
-5884
-5628
-5372
-4860
-4604
-4348
-4092
-3516
-2876
-2492
-2364
-2492
-2620
-2108
-1308
-748
-340
88
652
924
924
1180
1564
1980
2492
3004
3772
4092
4092
4092
4348
4348
4348
4092
4348
4604
4860
5116
4860
4860
4604
4604
4604
4348
4348
4348
4604
4604
4604
4092
3644
2876
2364
2108
1980
1756
1500
1244
924
556
180
-96
-260
-308
-372
-308
-228
-228
-396
-524
-556
-556
-748
-924
-588
-524
-460
-492
-588
-652
-716
-684
-652
-460
-396
-276
-308
-428
-588
-620
-356
-196
-244
-492
-244
212
620
716
684
780
684
780
924
1116
924
396
-276
-652
-620
-748
-1052
-1564
-1756
-1980
-2492
-3004
-3132
-3004
-2876
-3004
-3004
-3004
-3004
-3260
-3516
-3900
-4348
-4860
-5372
-5372
-5372
-5116
-5116
-5116
-4860
-4604
-4348
-4348
-4348
-3900
-3516
-3132
-2620
-2236
-2108
-1980
-1500
-876
-460
-212
88
588
1180
1692
2236
2876
3388
3900
4092
4348
4348
4348
4348
4604
4860
5116
4860
4860
4860
4860
4860
4860
4860
4860
4860
4860
4860
4604
4348
4348
3900
3516
3004
2620
2108
1820
1820
1756
1500
1116
748
556
324
48
-212
-308
-324
-460
-556
-684
-924
-1116
-1052
-780
-588
-620
-924
-1180
-1052
-748
-652
-524
-524
-372
-260
-228
-212
-244
-212
-276
-88
112
228
56
-148
32
396
748
620
492
684
924
988
924
988
924
524
-212
-524
-620
-812
-1116
-1372
-1436
-1692
-2236
-2876
-3132
-3004
-2876
-2876
-3004
-3132
-3516
-4092
-4348
-4604
-4860
-5116
-5372
-5372
-5116
-5116
-5116
-4860
-4604
-4604
-4604
-4604
-4092
-3900
-3516
-3004
-2492
-2236
-2236
-2108
-1692
-1308
-876
-396
64
556
1052
1564
2108
2620
2876
3132
3644
3900
4092
4092
4092
4348
4860
4860
4860
4604
4348
4348
4348
4604
4860
4860
4860
4860
4604
4348
4348
4092
3772
3516
3132
2748
2492
2364
2236
1980
1820
1500
1052
588
340
196
196
244
148
-16
-340
-780
-988
-1052
-988
-748
-812
-924
-876
-716
-492
-492
-492
-524
-428
-460
-324
-80
104
56
-132
-104
-196
-260
-396
-492
-244
196
372
356
340
460
716
844
1052
1372
1564
1244
652
104
-132
-180
-372
-716
-988
-1244
-1692
-2108
-2236
-2364
-2492
-2748
-3004
-3260
-3388
-3644
-3900
-4092
-4348
-4604
-5116
-5116
-5116
-5116
-5116
-4860
-4860
-5116
-5116
-5116
-4860
-4348
-4092
-3516
-3132
-3004
-2748
-2620
-2364
-1980
-1564
-1052
-588
-180
228
716
1244
1692
2108
2364
2876
3260
3644
4092
4348
4604
4604
4860
4860
4604
4604
4604
4604
4860
4860
4860
4604
4604
4604
4604
4604
4604
4348
3900
3772
3644
3388
3132
2748
2364
1980
1628
1372
1052
684
460
308
196
-16
-324
-620
-876
-1180
-1244
-1180
-1244
-1372
-1244
-1052
-924
-924
-780
-620
-588
-780
-780
-460
-120
-16
-132
40
120
-16
-356
-588
-556
-492
-212
104
524
588
556
924
1372
1628
1372
1244
1180
1052
588
148
56
-16
-276
-844
-1244
-1500
-1820
-2108
-2236
-2236
-2236
-2620
-2876
-3004
-3260
-3516
-3772
-4092
-4348
-4604
-4860
-5116
-5116
-5116
-5116
-5116
-4860
-4860
-4860
-4860
-4348
-3772
-3388
-3132
-3132
-3004
-2876
-2620
-2236
-1692
-1244
-876
-556
-244
96
396
780
1244
1692
2108
2492
3004
3644
4092
4348
4604
4604
4348
4348
4092
4092
4348
4604
4604
4604
4348
4348
4348
4348
4348
4348
4348
4092
3772
3644
3516
3260
2876
2620
2236
1980
1628
1436
1180
1052
924
812
556
228
0
-324
-460
-588
-684
-620
-620
-620
-556
-492
-524
-492
-556
-620
-652
-524
-276
-228
-196
-196
-180
-196
-356
-524
-652
-588
-460
-228
56
180
244
196
292
492
652
588
492
460
460
396
72
-212
-428
-556
-684
-924
-1180
-1436
-1692
-1980
-1980
-2108
-2236
-2492
-2620
-2876
-3132
-3388
-3644
-3772
-4092
-4348
-4348
-4348
-4348
-4348
-4348
-4348
-4348
-4348
-4092
-4092
-3772
-3388
-3260
-3132
-2876
-2620
-2492
-2236
-1884
-1628
-1436
-1180
-844
-524
-244
64
460
812
1244
1884
2492
3004
3260
3388
3516
3644
3644
3516
3388
3388
3388
3516
3772
3900
4092
4092
4092
4092
4092
4092
4092
4092
4092
4092
3900
3644
3388
3004
2620
2364
2236
1980
1820
1628
1372
1244
1180
1052
780
588
396
64
-40
-56
0
80
16
-96
-260
-372
-460
-588
-652
-588
-428
-372
-460
-492
-372
-292
-340
-356
-428
-428
-428
-396
-356
-260
-132
-96
-132
-212
-228
-72
8
64
112
212
276
196
0
-212
-292
-372
-588
-876
-1052
-1244
-1372
-1500
-1820
-2108
-2236
-2492
-2620
-2876
-3132
-3388
-3516
-3516
-3516
-3516
-3772
-3900
-4092
-3900
-3900
-4092
-4092
-4092
-4092
-3900
-3644
-3516
-3388
-3388
-3260
-3004
-2748
-2620
-2492
-2236
-1980
-1628
-1308
-844
-492
-196
260
748
1244
1692
2108
2364
2620
2748
2876
3004
3004
3004
3132
3260
3644
3900
4092
4348
4348
4092
4348
4348
4604
4604
4604
4604
4604
4348
4092
3900
3644
3388
3132
3004
2876
2748
2492
2236
2108
1980
1692
1436
1052
812
588
372
244
148
-48
-244
-428
-556
-716
-812
-924
-988
-1052
-988
-988
-924
-716
-620
-492
-428
-556
-684
-780
-812
-844
-844
-780
-716
-684
-556
-396
-292
-244
-48
212
292
244
244
292
292
244
196
180
0
-340
-684
-924
-1116
-1244
-1436
-1692
-1884
-2108
-2236
-2364
-2492
-2748
-3132
-3132
-3260
-3388
-3644
-4092
-4092
-4348
-4348
-4348
-4348
-4348
-4604
-4348
-4348
-4092
-4092
-4092
-3900
-3772
-3644
-3388
-3132
-2748
-2364
-1884
-1436
-1180
-924
-716
-324
164
684
1116
1500
1820
2108
2492
2748
3004
3260
3388
3644
4092
4348
4604
4604
4604
4860
4860
4860
4860
4860
4860
4860
4860
4860
4604
4348
4092
3900
3772
3644
3516
3388
3132
2876
2492
2236
1980
1692
1308
924
588
308
120
-32
-212
-428
-588
-684
-924
-1116
-1244
-1308
-1308
-1372
-1180
-988
-876
-716
-588
-492
-492
-524
-620
-716
-844
-876
-844
-748
-652
-492
-356
-212
-164
-132
24
132
132
88
132
260
244
212
88
-32
-276
-620
-716
-876
-1052
-1180
-1244
-1244
-1308
-1436
-1692
-1980
-2236
-2492
-2748
-2748
-3004
-3260
-3644
-3772
-3900
-4092
-4348
-4348
-4348
-4348
-4348
-4348
-4348
-4348
-4348
-4092
-3900
-3772
-3516
-3260
-3004
-2748
-2492
-2108
-1820
-1564
-1308
-1116
-812
-460
0
524
988
1372
1628
1980
2236
2620
3004
3388
3772
4092
4348
4604
4604
4860
4860
4860
5116
5116
5116
5116
5116
5116
4860
4604
4604
4348
4348
4092
4092
4092
3772
3644
3388
3132
2876
2620
2236
1884
1500
1116
780
460
148
-104
-324
-588
-876
-1116
-1372
-1628
-1692
-1628
-1500
-1436
-1372
-1244
-1244
-1244
-1308
-1372
-1500
-1500
-1500
-1500
-1436
-1372
-1308
-1180
-1052
-924
-844
-748
-620
-524
-396
-276
-228
-112
-8
-8
-72
-276
-428
-620
-780
-812
-812
-716
-652
-684
-684
-652
-716
-924
-1180
-1436
-1564
-1692
-1820
-1980
-2236
-2492
-2620
-2876
-3004
-3260
-3388
-3388
-3388
-3516
-3644
-3644
-3644
-3516
-3516
-3260
-3132
-3004
-3004
-2876
-2620
-2620
-2620
-2492
-2492
-2236
-1980
-1756
-1372
-1052
-716
-292
64
396
684
988
1308
1756
2108
2492
2876
3132
3388
3772
3900
4092
4348
4604
4604
4860
4860
4860
4860
4860
4860
4860
4860
4860
4860
4860
4604
4348
4348
4092
3900
3772
3516
3132
2748
2364
1980
1692
1372
988
556
212
-8
-196
-428
-684
-844
-924
-1116
-1308
-1436
-1564
-1692
-1756
-1820
-1884
-1980
-2108
-2108
-2236
-2236
-2236
-2108
-1980
-1820
-1628
-1564
-1500
-1436
-1244
-1116
-924
-812
-748
-684
-684
-748
-876
-988
-1052
-988
-988
-876
-684
-524
-356
-164
-32
-72
-132
-244
-228
-260
-340
-396
-524
-620
-780
-924
-1116
-1308
-1500
-1692
-1820
-1980
-2108
-2236
-2364
-2492
-2492
-2620
-2620
-2748
-2876
-3004
-3004
-3004
-3132
-3132
-3132
-3132
-3004
-2876
-2748
-2492
-2236
-1980
-1692
-1436
-1244
-988
-652
-372
-96
212
492
812
1244
1628
2108
2492
2876
3132
3388
3772
4092
4348
4604
4604
4860
4860
5116
5116
4860
4860
4860
4860
4860
4860
4604
4348
4348
4092
3900
3644
3260
2876
2620
2236
1980
1692
1372
988
620
324
40
-180
-428
-748
-988
-1308
-1564
-1756
-1980
-2108
-2236
-2236
-2236
-2236
-2364
-2492
-2492
-2492
-2364
-2236
-2236
-1980
-1884
-1756
-1564
-1372
-1244
-1116
-924
-748
-556
-492
-492
-524
-588
-684
-684
-556
-460
-324
-164
32
244
396
524
588
588
588
556
460
372
260
104
-88
-292
-492
-716
-988
-1180
-1372
-1436
-1500
-1564
-1628
-1692
-1820
-1980
-2108
-2364
-2620
-2876
-3004
-3132
-3260
-3388
-3516
-3516
-3388
-3388
-3260
-3260
-3004
-2876
-2620
-2236
-2108
-1884
-1692
-1436
-1244
-988
-780
-524
-164
212
652
1116
1500
1884
2236
2620
2876
3132
3388
3772
4092
4348
4348
4348
4604
4604
4860
4860
4860
4860
4604
4604
4604
4604
4348
4348
4092
3772
3644
3388
3004
2748
2364
1980
1756
1372
1116
812
460
120
-180
-556
-876
-1116
-1308
-1436
-1564
-1628
-1820
-2108
-2236
-2364
-2364
-2236
-2236
-2108
-2108
-1980
-1980
-1884
-1756
-1756
-1628
-1564
-1436
-1244
-1052
-876
-812
-812
-812
-780
-620
-524
-372
-164
88
356
524
588
620
684
652
620
556
396
324
276
180
48
-80
-212
-292
-340
-340
-372
-428
-524
-684
-844
-1052
-1244
-1436
-1692
-1980
-2108
-2364
-2620
-2876
-3004
-3004
-3132
-3260
-3260
-3260
-3260
-3260
-3260
-3132
-3004
-3004
-2876
-2748
-2620
-2492
-2236
-2108
-1820
-1628
-1308
-988
-684
-324
40
428
844
1244
1628
1980
2364
2620
2876
3132
3388
3516
3772
4092
4348
4348
4604
4604
4604
4604
4604
4604
4604
4604
4348
4348
4092
4092
3900
3516
3260
3004
2748
2492
2108
1820
1500
1180
812
524
244
-16
-228
-428
-684
-924
-1180
-1372
-1500
-1628
-1756
-1820
-1884
-1980
-2108
-2108
-2236
-2236
-2236
-2108
-1980
-1820
-1756
-1564
-1436
-1372
-1308
-1244
-1116
-1052
-988
-844
-716
-492
-180
16
228
324
340
356
372
340
324
324
324
260
260
244
180
88
-24
-80
-180
-244
-276
-356
-396
-460
-588
-684
-812
-1116
-1372
-1564
-1820
-1980
-2236
-2364
-2492
-2620
-2748
-3004
-3132
-3132
-3132
-3132
-3132
-3004
-2876
-2876
-2748
-2748
-2620
-2364
-2236
-2108
-1980
-1820
-1564
-1308
-1052
-780
-428
-56
324
652
924
1244
1628
1884
2108
2492
2748
3004
3388
3644
3772
4092
4092
4092
4348
4348
4348
4348
4348
4348
4348
4348
4348
4092
4092
3772
3516
3260
3004
2748
2364
1980
1756
1436
1116
812
524
324
148
-40
-212
-372
-588
-812
-988
-1116
-1372
-1628
-1756
-1820
-1980
-1980
-1980
-1884
-1884
-1820
-1756
-1692
-1628
-1564
-1500
-1436
-1436
-1436
-1308
-1244
-1116
-988
-876
-716
-556
-396
-244
-96
-64
-56
-40
-24
0
-16
-24
-40
-112
-132
-96
-80
-72
-132
-180
-212
-196
-228
-308
-340
-428
-524
-684
-748
-876
-1180
-1372
-1436
-1564
-1628
-1692
-1756
-1820
-1980
-2108
-2108
-2236
-2236
-2364
-2364
-2236
-2236
-2236
-2236
-2108
-2108
-2108
-1980
-1820
-1628
-1500
-1308
-1116
-876
-620
-356
-80
180
396
620
924
1116
1436
1692
1980
2236
2492
2748
3004
3132
3260
3388
3516
3516
3644
3644
3772
3772
3772
3900
3900
3900
3772
3516
3388
3132
2876
2620
2364
2236
1980
1692
1500
1308
1116
844
652
460
244
24
-228
-492
-780
-988
-1180
-1372
-1564
-1692
-1756
-1756
-1692
-1756
-1756
-1756
-1820
-1884
-1884
-1820
-1820
-1756
-1756
-1756
-1756
-1692
-1564
-1372
-1180
-988
-812
-652
-620
-588
-524
-428
-372
-244
-88
-8
0
-24
-8
24
0
-16
16
72
120
104
120
104
80
-16
-80
-72
-196
-324
-460
-588
-684
-748
-780
-844
-876
-988
-1116
-1244
-1372
-1500
-1628
-1692
-1692
-1756
-1756
-1756
-1820
-1820
-1884
-1980
-1884
-1884
-1884
-1820
-1628
-1500
-1372
-1180
-1052
-876
-684
-460
-244
-24
212
492
748
988
1180
1372
1500
1628
1820
1980
2108
2364
2492
2620
2748
2876
3004
3132
3260
3260
3260
3260
3260
3132
3004
2876
2748
2748
2620
2492
2364
2236
1980
1884
1628
1436
1180
988
812
588
372
132
-48
-228
-396
-492
-556
-588
-652
-748
-876
-1052
-1180
-1308
-1436
-1564
-1692
-1820
-1980
-1980
-1884
-1884
-1820
-1692
-1564
-1436
-1180
-988
-876
-812
-780
-716
-588
-524
-460
-460
-460
-428
-372
-260
-196
-120
-32
32
40
104
120
132
132
88
80
80
48
-32
-64
-164
-228
-244
-260
-244
-292
-396
-428
-556
-716
-876
-1052
-1116
-1244
-1244
-1308
-1372
-1500
-1628
-1628
-1692
-1756
-1884
-1884
-1980
-1884
-1820
-1820
-1756
-1692
-1564
-1436
-1308
-1180
-1052
-924
-716
-524
-324
-196
-112
8
164
396
588
716
812
988
1180
1372
1628
1820
2108
2364
2492
2748
2748
2748
2748
2876
2876
3004
3004
3132
3004
2876
2748
2620
2492
2364
2236
2108
1980
1884
1756
1692
1500
1308
1116
988
876
812
684
556
372
120
-132
-340
-524
-716
-924
-1116
-1308
-1372
-1436
-1436
-1372
-1436
-1436
-1372
-1436
-1372
-1308
-1308
-1244
-1180
-1116
-1052
-1052
-1052
-1052
-988
-924
-812
-652
-524
-396
-308
-196
-132
-112
-96
-72
-32
0
16
-40
-72
-120
-148
-164
-164
-180
-196
-196
-196
-196
-276
-340
-460
-492
-524
-556
-588
-652
-684
-780
-876
-1052
-1116
-1244
-1372
-1500
-1564
-1628
-1628
-1564
-1564
-1564
-1628
-1628
-1628
-1564
-1500
-1436
-1372
-1244
-1180
-1052
-988
-924
-844
-780
-620
-428
-292
-180
-56
80
308
556
812
1052
1180
1372
1564
1820
1980
2108
2236
2364
2492
2492
2620
2620
2620
2620
2492
2492
2492
2492
2364
2364
2364
2364
2236
2108
1980
1884
1756
1692
1564
1500
1308
1116
924
684
460
196
-8
-228
-396
-524
-684
-812
-844
-924
-988
-1052
-1180
-1244
-1180
-1180
-1180
-1180
-1180
-1116
-1116
-1116
-1180
-1244
-1244
-1180
-1052
-876
-652
-492
-372
-276
-228
-228
-228
-212
-132
-88
8
132
180
164
132
72
0
-16
-16
-8
-48
-72
-72
-56
-104
-164
-228
-276
-340
-396
-428
-492
-620
-780
-924
-1052
-1116
-1244
-1372
-1500
-1564
-1564
-1564
-1564
-1564
-1628
-1628
-1564
-1564
-1564
-1500
-1436
-1372
-1308
-1308
-1308
-1308
-1180
-1052
-924
-748
-556
-396
-276
-104
64
244
428
620
844
1116
1308
1436
1564
1628
1756
1884
1980
2108
2108
2236
2236
2236
2236
2236
2364
2364
2364
2236
2236
2236
2236
2236
2108
1980
1884
1756
1564
1372
1180
1052
844
716
620
460
324
164
64
0
-104
-212
-308
-428
-524
-556
-652
-716
-812
-924
-988
-988
-1052
-1116
-1180
-1180
-1180
-1180
-1116
-988
-876
-748
-620
-588
-556
-524
-524
-460
-396
-372
-340
-308
-356
-396
-428
-428
-396
-340
-292
-244
-180
-164
-164
-148
-164
-148
-196
-276
-396
-492
-556
-588
-620
-620
-684
-716
-780
-844
-988
-1116
-1180
-1244
-1244
-1244
-1180
-1180
-1244
-1244
-1244
-1244
-1180
-1180
-1180
-1180
-1052
-924
-876
-812
-716
-684
-652
-556
-492
-428
-356
-212
-48
164
372
556
652
780
988
1116
1244
1372
1500
1500
1628
1692
1756
1756
1820
1820
1884
1884
1980
1884
1884
1820
1820
1884
1980
1884
1980
1980
1820
1692
1500
1372
1116
988
924
844
812
780
716
588
460
324
212
148
32
-72
-132
-212
-308
-428
-556
-652
-716
-812
-876
-924
-876
-876
-924
-812
-780
-780
-748
-716
-684
-684
-684
-716
-684
-716
-716
-716
-684
-620
-620
-620
-588
-524
-524
-460
-396
-340
-324
-308
-260
-228
-228
-276
-308
-340
-372
-396
-428
-460
-556
-652
-684
-684
-652
-620
-652
-716
-748
-812
-844
-876
-876
-924
-924
-924
-988
-988
-1052
-988
-988
-924
-812
-716
-652
-556
-524
-492
-428
-372
-324
-324
-244
-164
-72
32
112
228
308
396
524
716
812
924
988
1116
1180
1180
1244
1308
1372
1436
1372
1372
1308
1244
1180
1180
1244
1308
1372
1436
1436
1436
1308
1244
1180
1052
988
924
924
924
876
812
716
620
492
356
292
228
148
112
104
88
32
-16
-120
-260
-324
-396
-460
-492
-492
-492
-492
-492
-492
-492
-524
-556
-588
-556
-556
-556
-588
-556
-524
-492
-524
-620
-684
-716
-716
-620
-492
-372
-308
-228
-148
-164
-164
-164
-212
-292
-340
-396
-460
-492
-524
-556
-556
-524
-524
-492
-460
-396
-428
-428
-428
-492
-556
-620
-652
-620
-620
-652
-684
-684
-652
-652
-620
-556
-492
-396
-276
-212
-180
-148
-164
-148
-148
-180
-196
-164
-80
-8
88
180
276
340
428
460
556
652
716
780
844
924
924
924
924
924
924
924
844
780
748
780
844
876
924
988
988
988
924
844
780
716
652
620
652
620
588
524
460
340
180
164
132
132
112
80
64
16
-32
-88
-148
-228
-308
-372
-372
-396
-428
-460
-460
-460
-524
-588
-652
-716
-716
-684
-620
-588
-556
-524
-556
-620
-620
-620
-620
-588
-524
-428
-324
-228
-120
-64
-88
-120
-148
-132
-88
-80
-72
-64
-96
-164
-180
-196
-212
-212
-148
-72
-16
32
64
80
72
56
0
-64
-96
-112
-112
-148
-164
-148
-180
-180
-164
-148
-132
-80
-40
-48
-88
-132
-104
-64
-40
8
24
40
80
96
120
112
48
32
48
48
56
132
196
308
356
396
428
396
396
428
428
428
396
372
356
372
340
324
372
372
372
396
396
372
324
276
340
356
356
356
340
324
324
324
308
260
228
212
180
148
64
-16
-104
-212
-244
-212
-196
-148
-132
-148
-164
-180
-228
-212
-212
-244
-228
-228
-228
-244
-276
-324
-356
-396
-428
-460
-460
-492
-428
-372
-356
-308
-260
-212
-180
-164
-104
-104
-96
-72
-72
-48
-24
-32
-48
-64
-112
-112
-88
-104
-72
-8
56
120
148
148
112
112
32
0
0
8
16
24
24
40
16
8
56
80
64
88
80
48
24
16
8
0
-8
-48
-56
-56
-48
-40
-48
-96
-148
-164
-196
-164
-112
-64
-24
0
32
32
24
-16
-48
-56
-8
16
24
-8
-32
-88
-164
-148
-148
-148
-148
-96
-48
0
56
72
72
64
48
56
112
148
196
228
276
260
212
164
112
64
40
48
64
96
148
212
244
292
292
260
228
212
212
196
244
276
260
244
228
164
96
80
72
56
48
32
24
32
48
32
16
-16
-16
0
0
16
0
-8
0
24
88
72
0
-48
-72
-96
-120
-132
-88
-80
-32
40
72
96
72
56
32
0
-24
-24
-16
0
0
8
8
0
-16
-48
-64
-56
0
48
48
24
-32
-96
-104
-164
-196
-180
-196
-244
-260
-276
-324
-372
-428
-460
-460
-460
-428
-396
-308
-244
-196
-196
-196
-212
-276
-324
-356
-340
-356
-324
-260
-228
-212
-228
-228
-212
-164
-104
-24
32
80
96
132
212
244
260
324
428
492
524
556
556
524
460
396
396
396
372
396
396
372
428
460
492
428
428
396
340
340
324
324
308
276
212
120
8
-88
-164
-212
-228
-228
-196
-212
-212
-164
-196
-212
-212
-228
-180
-196
-212
-196
-148
-112
-132
-196
-276
-308
-324
-324
-308
-260
-228
-164
-48
32
104
132
112
64
40
80
104
112
132
148
112
96
88
72
72
24
8
32
56
56
80
80
80
72
32
-8
-56
-120
-180
-228
-260
-292
-292
-260
-228
-260
-276
-308
-340
-324
-308
-212
-148
-96
-104
-120
-148
-212
-276
-292
-276
-244
-180
-148
-104
-88
-88
-48
-32
-40
-16
56
164
292
372
396
396
372
372
396
428
428
492
556
588
588
588
524
460
396
396
396
396
396
396
396
428
396
372
308
276
228
164
120
56
0
-32
-96
-148
-212
-212
-228
-260
-276
-308
-324
-340
-372
-428
-460
-492
-492
-460
-396
-356
-308
-276
-276
-276
-308
-340
-396
-428
-428
-372
-292
-244
-196
-132
-112
-104
-80
-88
-72
-32
-16
16
72
104
120
112
72
80
96
88
120
148
132
164
180
196
212
212
164
132
104
48
0
-88
-148
-148
-164
-148
-120
-104
-48
-32
-16
0
-8
-32
-32
-8
-8
-24
-56
-88
-112
-104
-96
-40
0
8
96
148
148
104
96
72
112
148
180
212
244
260
276
308
308
324
324
292
292
340
356
428
460
460
428
340
292
260
212
180
132
132
164
164
180
180
180
148
112
72
0
-72
-96
-132
-164
-132
-148
-212
-260
-276
-308
-340
-324
-324
-356
-372
-396
-372
-372
-356
-324
-292
-244
-164
-148
-180
-196
-244
-260
-260
-244
-212
-180
-196
-196
-180
-132
-104
-72
-88
-96
-80
-88
-72
-48
-48
-64
-88
-80
-40
0
24
8
8
0
-24
8
-16
-56
-72
-96
-96
-96
-112
-112
-148
-164
-164
-104
-104
-132
-132
-132
-88
-40
-24
0
16
-24
-16
0
-24
-24
-8
-16
24
88
96
132
180
260
292
308
308
324
340
356
356
324
308
276
308
324
356
372
372
372
396
396
396
428
428
460
460
460
460
428
340
276
212
120
64
32
16
24
32
24
8
-8
-16
-24
-24
-8
-16
-24
-64
-112
-180
-228
-292
-356
-356
-372
-396
-460
-460
-460
-460
-396
-340
-308
-276
-244
-228
-180
-196
-196
-212
-212
-196
-196
-164
-148
-148
-164
-180
-196
-196
-180
-164
-104
-40
0
0
8
8
8
16
64
80
132
120
96
104
64
48
64
64
32
0
8
40
64
72
48
24
-8
-32
-48
-16
0
0
16
32
24
16
0
-16
-24
-32
-32
-56
-88
-112
-148
-120
-56
8
48
104
164
164
164
196
180
164
132
120
112
132
112
120
96
104
148
164
196
212
260
244
276
324
356
356
340
308
276
212
196
164
132
132
112
72
40
24
0
-8
-8
16
48
48
32
16
-8
-24
-56
-64
-104
-180
-244
-276
-292
-308
-324
-324
-356
-340
-308
-276
-228
-196
-164
-148
-104
-112
-148
-164
-212
-244
-244
-244
-212
-212
-212
-228
-228
-164
-148
-104
-80
-56
-40
-24
24
56
40
24
32
48
32
40
64
56
56
-8
-48
-48
-32
-16
0
32
40
48
40
56
40
0
-32
-56
-56
-80
-64
-56
-40
-8
0
0
-32
-56
-72
-96
-80
-48
-24
-8
40
88
112
104
112
112
148
212
228
276
276
244
228
212
212
212
180
164
148
148
148
132
148
148
164
212
228
228
260
228
196
164
132
104
48
0
0
-8
-8
0
-16
-8
0
-8
-24
-32
-32
-40
-56
-40
-40
-80
-120
-132
-180
-228
-244
-276
-276
-244
-212
-164
-120
-72
-24
-24
0
16
24
56
64
48
64
56
-8
-32
-48
-64
-64
-64
-72
-64
-40
16
72
112
148
180
228
228
244
212
164
148
112
132
132
96
40
-16
-64
-64
-56
-88
-88
-64
-32
-40
-24
-48
-64
-96
-112
-112
-112
-120
-164
-196
-260
-308
-308
-324
-308
-276
-292
-292
-292
-292
-292
-276
-276
-260
-212
-164
-112
-80
-40
-40
-16
8
32
32
16
40
56
88
132
164
148
148
132
132
148
164
196
228
276
308
292
276
260
212
180
164
164
132
132
132
180
212
196
212
212
180
112
48
16
-8
-8
0
0
0
0
-16
-56
-80
-80
-80
-88
-72
-40
-56
-48
-24
-16
-16
-24
-56
-72
-72
-40
-16
-16
-24
-16
-8
-8
-8
-40
-56
-48
-48
0
80
148
164
180
228
228
228
212
196
180
148
148
120
148
164
148
104
56
24
-32
-64
-96
-112
-112
-132
-132
-104
-64
-72
-80
-120
-180
-260
-292
-308
-308
-308
-292
-292
-276
-260
-292
-292
-276
-276
-292
-308
-340
-324
-276
-260
-196
-148
-120
-104
-104
-80
-64
-64
-48
-24
-8
24
72
88
96
132
132
148
164
180
196
196
196
196
228
228
244
228
228
212
228
228
228
244
244
292
260
244
212
164
120
96
80
72
64
72
64
72
64
32
-16
-56
-104
-132
-120
-132
-148
-148
-132
-112
-120
-148
-148
-196
-196
-196
-164
-132
-148
-148
-112
-104
-104
-120
-148
-164
-148
-88
-64
16
64
112
180
180
148
132
164
164
180
228
244
212
244
276
276
260
228
196
148
132
148
148
148
148
148
132
132
104
64
24
0
-32
-80
-88
-112
-132
-148
-132
-148
-164
-196
-228
-212
-196
-228
-212
-228
-244
-196
-180
-148
-120
-120
-148
-148
-132
-132
-104
-72
-48
-16
24
64
64
48
32
8
16
40
80
56
32
32
40
64
72
88
104
120
96
96
96
104
96
72
96
120
112
96
88
32
-32
-56
-48
-16
0
40
48
32
48
24
8
0
-24
-16
-8
0
-16
-32
-40
-56
-64
-40
-40
-64
-72
-88
-96
-80
-64
-48
-56
-96
-120
-148
-164
-112
-72
-40
0
24
48
72
48
8
-16
-64
-64
-72
-56
-16
-16
24
56
64
64
56
32
-8
-56
-64
-56
-56
-48
-16
0
0
0
-8
-56
-96
-120
-148
-132
-112
-80
-64
-40
-40
-32
-24
-16
-8
8
8
32
40
0
0
8
32
40
48
80
88
72
80
88
96
120
132
132
132
148
132
104
112
104
112
112
80
64
80
80
96
120
112
104
96
48
32
80
80
80
112
104
112
104
72
48
48
8
-8
24
56
64
72
72
64
56
24
0
-24
-48
-56
-48
-32
-16
-40
-56
-104
-148
-164
-180
-180
-164
-132
-96
-72
-88
-120
-104
-148
-180
-180
-164
-132
-132
-80
-48
-32
-16
0
32
16
-8
-24
-40
-48
-24
16
64
112
132
132
132
112
80
80
80
56
64
80
72
80
88
40
0
0
-16
-48
-88
-96
-104
-104
-72
-48
-56
-40
-40
-32
-24
-56
-80
-88
-88
-120
-148
-164
-180
-196
-196
-196
-164
-164
-120
-88
-64
-32
-32
-40
-24
-16
-40
-40
-48
-96
-112
-112
-80
-72
-72
-56
-24
16
40
72
104
132
132
164
180
196
212
228
228
212
196
164
132
132
120
164
212
244
292
324
340
324
324
308
276
228
180
164
164
148
164
180
164
132
80
40
0
-40
-56
-48
16
24
0
0
-24
-80
-132
-196
-244
-276
-292
-292
-244
-244
-260
-260
-244
-244
-260
-260
-244
-276
-260
-244
-244
-228
-212
-196
-164
-120
-132
-120
-96
-80
-72
-56
-48
-24
0
-8
0
32
40
16
24
64
64
64
96
132
148
164
148
164
196
164
180
196
228
212
164
132
104
56
32
56
72
72
104
132
148
132
80
40
0
-8
-8
0
-32
-64
-120
-148
-148
-180
-180
-196
-148
-104
-64
-40
-56
-56
-72
-80
-72
-48
-56
-72
-80
-104
-112
-120
-120
-132
-88
-48
-16
-8
32
72
88
132
148
132
88
72
40
0
0
0
16
56
72
56
56
40
16
40
80
88
80
88
88
112
96
72
24
-32
-32
-80
-104
-64
-64
-40
-40
-24
-8
-40
-56
-56
-72
-40
-8
8
24
8
-24
-64
-56
-64
-64
-48
-24
0
16
48
64
80
56
16
8
16
32
64
80
72
72
64
72
112
148
164
180
196
212
196
180
196
164
132
132
88
80
80
56
40
24
8
0
0
8
16
0
0
-8
-32
-64
-72
-88
-104
-120
-120
-132
-148
-148
-132
-112
-112
-132
-148
-164
-164
-148
-164
-148
-148
-132
-132
-120
-104
-96
-104
-104
-112
-148
-120
-104
-80
-24
24
72
88
96
112
104
80
72
48
24
8
0
48
40
0
0
0
0
24
48
72
104
112
120
132
104
80
40
32
-16
-64
-80
-112
-112
-80
-56
-48
-48
-40
-24
-16
0
8
8
0
-8
0
-16
-48
-80
-88
-112
-104
-56
-32
0
16
40
80
80
80
72
80
72
64
80
96
104
104
104
88
88
80
80
104
120
148
164
180
148
96
80
48
32
32
16
0
0
8
8
0
-56
-112
-148
-164
-180
-180
-132
-112
-132
-104
-112
-104
-120
-132
-120
-120
-120
-132
-132
-132
-132
-120
-96
-80
-64
-48
-32
-24
0
0
-8
0
0
-16
0
40
64
96
132
164
164
180
164
180
196
196
196
196
164
164
164
164
148
148
132
104
80
72
72
56
80
88
96
96
80
24
-16
-32
-96
-112
-120
-132
-132
-132
-148
-180
-180
-196
-180
-164
-132
-104
-72
-80
-80
-88
-80
-112
-148
-132
-148
-132
-120
-112
-80
-56
-40
-40
-8
16
24
56
72
96
96
96
104
104
88
72
40
32
32
48
64
80
88
80
88
64
80
64
56
48
8
0
0
-32
-32
-72
-112
-132
-132
-164
-180
-180
-148
-88
-64
-56
-64
-56
-72
-72
-56
-32
-32
-24
-32
-16
-8
0
-8
-8
16
0
24
24
40
56
56
56
64
64
88
80
56
64
88
120
120
132
132
132
120
132
164
164
148
132
104
64
48
24
0
0
0
0
-8
0
-24
-32
-40
-48
-16
0
24
40
16
0
-32
-72
-88
-88
-120
-96
-80
-80
-80
-40
-16
-16
-8
0
16
32
48
64
40
0
8
0
0
8
40
64
80
72
56
32
48
32
16
32
48
72
72
80
64
24
-8
-32
-48
-48
-56
-32
-8
0
16
0
0
0
16
0
0
0
-8
-16
-24
-8
-32
-64
-80
-56
-64
-64
-16
24
40
64
48
16
-8
-16
-40
-40
-32
-16
-8
-8
0
16
24
8
8
-8
-48
-48
-32
-8
8
-16
-40
-80
-132
-180
-228
-260
-276
-244
-196
-164
-164
-196
-164
-196
-196
-180
-148
-96
-32
-16
-24
0
0
0
8
8
0
-40
-56
-40
0
8
48
96
112
112
104
64
32
32
24
0
-16
0
-8
-16
0
32
64
64
56
40
56
72
80
112
148
164
164
148
120
80
64
80
104
120
132
120
112
132
104
88
112
132
164
180
180
180
148
96
80
72
80
72
56
48
56
64
48
48
32
24
40
64
104
112
72
56
40
0
-24
-32
-56
-48
-56
-48
-16
-16
-24
-32
-56
-56
-64
-48
-16
0
-8
-16
0
-16
-8
8
8
24
24
8
32
80
80
64
32
0
-8
-8
16
24
24
8
0
0
-32
-72
-96
-120
-132
-96
-72
-72
-72
-96
-104
-104
-132
-148
-180
-228
-260
-260
-260
-244
-196
-148
-132
-132
-120
-132
-148
-132
-112
-96
-72
-64
-72
-64
-64
-96
-104
-88
-72
-72
-72
-48
-16
-8
0
0
16
0
-8
0
8
-16
-24
-40
-64
-88
-96
-104
-120
-120
-120
-132
-132
-112
-88
-80
-40
-16
-24
-56
-80
-72
-64
-16
0
16
32
40
56
72
80
64
80
120
164
228
260
260
292
292
292
324
324
324
340
340
340
324
308
324
340
356
372
396
428
428
428
396
372
340
308
276
276
244
196
196
164
132
72
16
-24
-56
-88
-96
-96
-96
-120
-148
-132
-164
-212
-244
-244
-260
-276
-260
-228
-212
-228
-228
-212
-228
-276
-308
-308
-292
-324
-292
-228
-180
-132
-104
-72
-96
-88
-88
-96
-112
-120
-96
-80
-48
-32
-32
-24
-40
-40
-48
-56
-32
-32
-24
-32
-24
-24
-32
-40
-40
-32
-48
-64
-40
-32
-56
-48
-64
-64
-72
-112
-112
-132
-132
-132
-132
-72
-56
-32
-32
-24
-24
-56
-40
-32
-32
-32
-24
-32
-40
-32
-16
-8
-24
-8
24
48
64
88
88
64
64
88
88
96
120
132
