SAMPLES:	9533
BITSPERSAMPLE:	16
CHANNELS:	1
SAMPLERATE:	16000
NORMALIZED:	FALSE
16
16
16
8
16
8
8
0
0
0
0
0
0
-8
-8
-8
-16
-16
-16
-16
-16
-16
-16
-16
-16
-24
-24
-24
-24
-32
-24
-32
-32
-32
-32
-24
-32
-24
-24
-24
-24
-16
-8
-8
-8
-8
-8
-8
-8
-8
-8
-8
-8
-8
0
0
0
0
0
8
0
8
8
8
0
0
0
0
8
8
16
16
16
16
24
16
16
16
16
16
16
16
16
16
16
16
8
8
8
8
8
8
16
8
0
0
0
0
0
0
0
0
0
0
0
0
0
0
0
0
-8
-8
-8
-8
-8
-16
-16
-24
-24
-16
-16
-8
-8
-16
-16
-24
-32
-32
-24
-24
-24
-24
-24
-24
-32
-32
-24
-24
-24
-16
-24
-16
-8
-8
-8
-8
0
0
0
0
0
0
0
0
8
16
8
16
16
8
16
16
16
16
16
16
24
16
24
24
24
24
24
24
24
24
24
32
32
24
32
32
24
24
24
24
16
16
16
16
16
16
16
8
8
8
8
0
0
0
0
0
0
0
0
0
0
0
0
0
-8
-8
0
0
0
0
0
0
-8
-8
-8
0
0
0
0
-8
-16
-8
-16
-16
-8
-8
-8
0
0
0
0
0
0
-8
-8
-8
-8
-8
-8
-8
-8
0
0
-8
-8
-8
-8
-8
-8
-8
-8
-8
-16
-8
-16
-16
-16
-16
-16
-16
-16
-8
-8
-8
-8
-8
0
0
0
8
0
0
0
0
0
0
0
0
0
-8
0
0
0
0
0
0
0
0
0
0
8
8
8
8
8
8
8
8
8
8
8
16
8
8
16
16
16
16
24
24
16
8
8
8
0
8
8
0
8
0
0
0
0
0
0
8
0
0
0
0
0
0
0
0
0
0
0
0
-8
-8
0
-8
-8
-8
-8
-8
-16
-16
-16
0
0
0
0
0
-8
-8
-8
-8
0
0
0
0
0
0
0
0
0
0
0
0
0
0
0
0
0
0
0
0
0
0
0
0
0
0
0
0
0
0
0
0
0
8
0
0
0
0
0
0
0
0
0
8
8
8
8
8
8
0
8
8
8
8
8
8
0
0
0
0
0
0
0
0
0
0
0
0
0
0
0
0
0
0
0
0
0
-8
-8
-8
0
0
0
0
0
0
0
0
0
0
0
0
-8
-8
-8
-8
-8
-8
-8
-8
-8
-8
-8
-16
-8
-8
-16
-16
-16
-24
-16
-16
-24
-24
-24
-24
-24
-16
-16
-8
-8
-16
-16
-16
-8
-8
-16
-8
-8
-8
-8
0
0
0
0
0
0
0
0
0
8
8
16
16
16
24
24
32
24
32
40
40
32
32
32
32
40
40
40
40
40
40
40
40
40
40
40
40
40
32
24
24
16
16
16
16
8
8
8
8
8
0
8
8
0
0
0
0
0
0
0
0
0
-8
-16
-16
-16
-8
-8
-8
-8
-8
-8
-8
-8
-8
-8
-8
-8
-16
-16
-16
-24
-24
-24
-16
-16
-16
-8
-16
-16
-24
-24
-24
-32
-32
-32
-32
-40
-32
-32
-32
-32
-32
-32
-24
-24
-16
-16
-16
-16
-8
-8
-8
0
-8
-8
-8
0
0
0
0
0
0
0
0
0
0
8
8
8
8
8
8
8
16
16
24
16
16
16
16
16
16
16
8
8
8
8
8
0
0
0
0
0
0
0
0
0
0
0
0
0
0
0
0
0
0
0
0
0
0
0
0
0
0
0
0
8
8
8
8
8
8
8
8
8
8
8
8
8
8
16
24
16
16
16
16
8
8
8
8
0
0
0
0
8
8
0
8
8
8
0
0
0
0
0
0
0
-8
-8
-8
-8
-8
-8
-8
-8
-16
-16
-16
-16
-16
-16
-16
-8
-8
-8
-8
-8
-16
-8
-8
-8
-8
-8
-8
-8
-8
-8
-8
-8
0
0
0
0
0
8
8
8
8
8
8
8
0
0
0
8
8
8
8
16
16
16
16
16
16
16
16
16
8
8
8
8
8
8
8
0
0
0
8
8
8
8
0
0
0
0
0
0
0
0
0
0
-8
-8
0
-8
0
0
0
0
-8
-8
-8
-8
-8
-8
-16
-16
-24
-24
-24
-16
-24
-16
-16
-24
-24
-24
-24
-24
-24
-24
-24
-24
-24
-24
-24
-24
-24
-16
-16
-16
-16
-16
-16
-16
-16
-16
-8
-8
-8
-8
-8
0
0
0
0
0
0
0
8
8
16
16
16
24
24
24
24
24
24
24
24
32
32
40
40
40
40
40
40
40
32
32
32
32
32
32
32
32
32
32
32
32
24
16
16
8
8
8
0
0
0
0
0
0
0
0
0
0
0
0
0
0
0
0
0
-8
-8
-8
-8
-8
-8
-8
-8
-8
-8
-8
-8
-8
-8
-16
-8
-16
-16
-16
-16
-16
-8
-8
-8
-8
-8
-16
-16
-16
-16
-16
-16
-8
-8
-8
-16
-16
-24
-24
-16
-16
-8
-8
0
0
-8
0
0
-8
-8
-16
-16
-16
-16
-16
-8
-8
-8
-8
-8
-8
-8
-8
-8
-8
-8
0
-8
-8
0
0
0
0
0
0
0
0
0
0
0
0
0
0
0
0
0
0
0
0
0
0
0
8
8
8
8
8
8
8
16
16
16
16
24
24
24
24
32
24
24
24
24
24
32
32
32
32
32
40
40
32
32
32
32
24
24
24
16
16
16
16
16
16
16
16
16
8
8
8
8
8
8
0
0
0
0
-8
-8
-8
-8
-8
-8
-8
-8
-8
-8
-8
-8
-8
-8
-16
-16
-24
-16
-16
-16
-16
-16
-16
-16
-16
-16
-16
-16
-16
-24
-24
-24
-32
-32
-32
-32
-32
-32
-32
-32
-32
-32
-32
-24
-32
-32
-24
-32
-24
-24
-24
-24
-24
-24
-16
-16
-16
-16
-16
-24
-16
-16
-16
-8
-8
0
0
0
-8
0
0
0
0
0
0
0
0
0
0
0
8
8
16
16
24
16
16
16
16
16
16
16
16
16
16
24
24
24
32
24
24
24
24
24
24
32
24
24
24
24
24
24
24
24
24
24
24
24
16
16
16
8
8
8
16
8
8
8
8
8
8
8
8
0
0
0
0
0
0
0
0
0
-8
-8
-8
-8
-8
-8
-8
-16
-16
-16
-16
-16
-8
-8
-16
-16
-16
-16
-8
-8
-8
-8
-8
-8
-8
-8
-8
-8
-8
-8
-8
-8
-8
-8
-8
-8
-8
-8
0
0
0
0
0
0
0
0
0
0
0
0
0
0
0
0
0
0
0
8
8
8
0
8
8
8
8
8
8
8
8
8
8
8
0
0
8
8
8
8
8
0
0
0
0
0
0
0
0
0
8
0
0
0
0
0
0
0
0
0
0
0
0
0
0
0
0
0
0
0
0
-8
-16
-8
-8
-8
-8
0
-8
-8
-8
-8
-8
0
0
0
0
0
0
0
0
0
0
0
0
0
0
0
0
0
0
0
0
0
0
0
0
0
0
0
0
0
0
0
0
0
-8
0
0
0
0
0
0
0
0
-8
-8
-8
-16
-16
-8
-8
-8
-8
0
0
0
0
0
0
0
0
0
0
0
0
0
0
0
0
0
8
8
8
8
16
16
8
8
8
8
8
16
16
16
16
16
16
16
16
16
16
16
8
16
8
8
8
8
16
16
16
8
8
8
0
8
0
0
0
0
0
0
0
0
0
0
0
-8
-8
-8
-8
-8
-8
-8
-8
-8
-8
-8
-8
-16
-16
-24
-16
-16
-16
-16
-16
-16
-16
-16
-24
-16
-16
-8
-8
-8
-8
-8
-8
-16
-8
-16
-8
-8
0
0
0
0
0
-8
0
0
0
0
0
0
0
0
0
0
0
8
8
8
8
8
8
8
0
0
0
0
0
0
0
0
8
8
8
8
8
8
0
8
8
0
0
0
8
8
8
16
16
8
8
16
16
16
16
24
16
16
16
16
16
8
8
8
16
8
8
8
8
8
8
16
16
8
8
8
8
8
0
0
0
0
0
0
0
0
0
0
0
-8
-8
-8
-16
-16
-16
-24
-24
-24
-24
-24
-24
-24
-24
-24
-24
-24
-32
-32
-32
-32
-24
-32
-24
-24
-24
-24
-24
-16
-16
-8
-8
-16
-8
-8
-8
-8
-8
-8
-8
-8
-8
-8
0
0
0
-8
-8
0
0
0
0
8
8
8
8
8
8
8
8
8
16
16
16
8
8
16
16
24
24
24
24
32
32
40
40
40
40
40
40
40
40
40
40
40
48
48
48
40
40
40
48
40
40
40
40
40
32
32
32
24
24
16
16
16
8
0
0
0
-8
-16
-16
-16
-24
-32
-32
-40
-48
-48
-48
-48
-48
-48
-56
-56
-64
-64
-72
-72
-72
-72
-72
-72
-72
-64
-72
-72
-64
-64
-56
-56
-56
-56
-56
-56
-56
-56
-56
-48
-40
-40
-32
-24
-16
-16
-8
-8
0
0
0
0
8
16
16
24
32
32
40
40
48
48
56
56
56
56
64
72
72
80
88
88
88
88
88
88
80
80
80
80
80
80
80
64
56
56
48
40
40
32
24
16
16
8
0
0
0
-8
-16
-24
-40
-40
-56
-56
-64
-72
-72
-80
-80
-88
-88
-88
-96
-96
-96
-104
-104
-96
-96
-88
-88
-96
-88
-88
-88
-80
-72
-72
-56
-48
-48
-48
-48
-40
-32
-32
-32
-16
-16
-16
-8
0
8
16
24
32
32
40
48
56
56
72
88
104
112
120
132
132
132
148
148
148
148
148
148
148
148
148
148
148
164
164
164
164
164
164
164
164
164
164
164
148
132
132
132
120
112
96
80
80
64
64
64
48
32
16
0
0
-16
-40
-56
-80
-88
-96
-112
-132
-148
-148
-164
-180
-196
-212
-228
-260
-276
-292
-308
-324
-340
-356
-372
-396
-396
-428
-460
-460
-492
-492
-492
-492
-524
-492
-492
-492
-492
-460
-460
-428
-428
-396
-372
-340
-308
-260
-228
-196
-164
-120
-64
-8
48
104
164
212
244
292
356
396
428
460
524
556
588
652
684
716
716
748
780
780
780
780
780
780
780
780
780
780
748
716
684
652
620
588
588
556
492
460
428
372
340
308
260
244
212
228
228
228
260
276
276
292
276
292
292
308
340
340
308
308
292
260
212
148
72
-16
-88
-164
-260
-396
-492
-620
-748
-844
-924
-1052
-1180
-1308
-1372
-1436
-1564
-1628
-1756
-1820
-1884
-1980
-1884
-1980
-1980
-2108
-2108
-2108
-2108
-2108
-1980
-1980
-1820
-1692
-1564
-1436
-1372
-1244
-1116
-924
-716
-556
-396
-180
16
180
340
492
652
844
988
1180
1372
1436
1564
1692
1820
1980
2108
2108
2236
2364
2364
2364
2364
2364
2364
2364
2364
2236
2236
2108
1980
1820
1692
1564
1436
1308
1116
988
844
716
556
428
324
244
132
120
148
180
260
324
460
620
780
1052
1180
1244
1308
1372
1500
1692
1820
1980
1820
1884
1820
1692
1564
1308
1052
812
556
372
32
-292
-684
-1052
-1244
-1564
-1756
-2108
-2364
-2748
-3004
-3132
-3388
-3516
-3772
-3900
-4092
-4092
-3900
-3900
-3900
-4092
-4092
-4092
-4092
-4092
-3644
-3388
-3132
-3004
-2748
-2492
-2236
-1980
-1692
-1436
-988
-620
-276
-16
164
428
716
1052
1308
1564
1756
1980
2108
2236
2364
2364
2492
2620
2748
2876
2876
2748
2748
2620
2620
2492
2492
2364
2364
2364
2236
2108
1884
1756
1500
1436
1308
1116
988
780
620
492
372
260
148
96
132
180
196
164
112
96
88
180
356
524
748
988
1180
1308
1564
1820
2108
2364
2492
2492
2620
2620
2876
2876
2876
2876
2748
2748
2620
2364
1980
1564
1180
748
428
80
-396
-924
-1436
-1820
-2236
-2492
-2876
-3260
-3644
-4092
-4348
-4604
-4860
-5116
-5372
-5372
-5628
-5628
-5372
-5372
-5116
-5116
-5116
-5116
-5116
-4860
-4348
-3900
-3516
-3260
-2876
-2492
-2108
-1756
-1308
-1052
-684
-228
244
716
988
1244
1436
1628
2108
2492
2748
3004
3004
3132
3132
3260
3388
3388
3388
3388
3516
3644
3644
3516
3260
3132
3004
3004
3004
2876
2620
2492
2364
2108
1980
1756
1500
1308
1180
1052
924
748
620
524
396
372
372
372
396
396
396
428
428
524
652
844
1116
1308
1500
1692
1980
2364
2620
2748
2748
2748
2748
3004
3132
3260
3132
3004
2748
2620
2364
1980
1500
924
556
244
-72
-556
-1116
-1628
-2108
-2492
-2748
-3004
-3388
-3900
-4348
-4604
-4860
-5116
-5372
-5372
-5628
-5628
-5628
-5628
-5628
-5628
-5628
-5372
-5372
-5116
-5116
-4860
-4348
-4092
-3516
-3260
-2876
-2620
-2236
-1820
-1436
-1180
-780
-372
120
620
988
1116
1244
1436
1756
2236
2492
2748
2876
2876
3004
3132
3260
3260
3260
3260
3388
3516
3644
3388
3132
3004
2876
2748
2620
2492
2364
2236
2108
2108
1820
1500
1180
988
988
1052
924
780
588
396
276
292
340
396
492
556
620
684
716
716
748
844
1116
1436
1692
1884
1980
2236
2492
3004
3260
3260
3132
3004
3260
3516
3772
3644
3388
3132
3132
3004
2748
2236
1628
1116
716
492
-8
-556
-1244
-1820
-2108
-2364
-2620
-3004
-3644
-4092
-4604
-4860
-4860
-5116
-5372
-5628
-5628
-5628
-5628
-5628
-5628
-5628
-5628
-5628
-5372
-5116
-4860
-4860
-4348
-3900
-3644
-3260
-2876
-2492
-2236
-1756
-1436
-1052
-620
-164
244
588
844
988
1180
1500
1884
2236
2492
2620
2876
3004
3132
3132
3004
3132
3132
3260
3388
3388
3260
3004
2876
2748
2620
2492
2364
2236
1980
1980
1756
1564
1308
988
876
780
748
684
492
324
164
96
120
80
104
180
308
492
620
684
684
684
780
988
1308
1692
1980
2236
2364
2492
2876
3260
3388
3388
3388
3260
3388
3772
3772
3644
3260
3004
3004
2876
2620
2108
1500
924
460
212
-212
-748
-1372
-1980
-2364
-2620
-2876
-3260
-3772
-4348
-4604
-4860
-5116
-5372
-5372
-5628
-5628
-5628
-5628
-5628
-5628
-5628
-5372
-5372
-5116
-5116
-4860
-4604
-4092
-3516
-3004
-2748
-2364
-1980
-1628
-1180
-812
-428
-64
428
924
1436
1692
1820
1980
2236
2620
3004
3260
3388
3516
3644
3644
3644
3516
3516
3516
3644
3644
3644
3388
3132
2876
2620
2492
2236
1980
1820
1628
1436
1308
988
588
260
80
-8
-16
-132
-276
-396
-492
-428
-428
-460
-460
-428
-244
-48
120
228
212
244
372
652
1052
1372
1692
1884
1980
2364
2620
3004
3132
3132
3004
2876
3260
3516
3772
3516
3132
2876
2620
2492
2236
1820
1116
588
212
-56
-492
-1052
-1756
-2364
-2748
-3004
-3260
-3644
-4092
-4604
-5116
-5116
-5372
-5628
-5628
-5884
-6140
-5884
-5884
-5884
-5884
-5628
-5628
-5372
-5116
-5116
-4604
-4092
-3644
-3004
-2748
-2492
-2108
-1628
-988
-524
-132
356
812
1372
1884
2236
2364
2492
2748
3132
3516
3900
4092
4092
4092
4348
4348
4348
4348
4092
4092
4092
4092
3772
3516
3260
3004
2876
2748
2492
2108
1756
1500
1244
1052
748
460
244
32
-72
-196
-340
-588
-780
-780
-780
-748
-748
-684
-588
-428
-212
-88
0
132
212
372
620
924
1180
1500
1820
2108
2364
2620
3004
3260
3516
3388
3132
3132
3388
3644
3900
3644
3260
3004
2876
2748
2364
1756
988
428
-56
-356
-780
-1372
-2108
-2748
-3132
-3388
-3516
-3900
-4604
-5116
-5628
-5628
-5628
-5884
-6140
-6396
-6396
-6396
-6140
-6140
-5884
-5884
-5884
-5884
-5628
-5116
-4860
-4348
-3772
-3388
-2748
-2364
-1980
-1564
-1116
-652
-164
324
812
1244
1756
2108
2492
2876
3132
3260
3516
3772
3900
4092
4348
4348
4348
4348
4092
4092
3900
3772
3644
3516
3260
3004
2748
2620
2236
1980
1692
1436
1180
988
780
588
228
-8
-228
-428
-428
-524
-588
-652
-716
-716
-620
-460
-340
-196
-64
16
228
372
524
780
924
1116
1372
1564
1884
2236
2492
2748
2876
3260
3516
3900
4092
3772
3516
3516
3644
3900
4092
3772
3388
3004
2748
2620
2236
1628
924
356
-72
-396
-924
-1564
-2236
-2876
-3132
-3388
-3516
-4092
-4604
-5116
-5628
-5628
-5884
-5884
-6140
-6396
-6140
-6140
-5884
-5884
-5884
-5884
-5628
-5372
-4860
-4604
-4348
-4092
-3516
-3132
-2620
-1980
-1628
-1180
-684
-196
276
684
1052
1500
1980
2620
3004
3260
3260
3260
3388
3516
3900
4092
4348
4092
4092
4092
3772
3644
3260
3004
2748
2620
2492
2364
2108
1756
1500
1180
812
492
196
-64
-212
-356
-492
-748
-1052
-1244
-1308
-1244
-1244
-1244
-1244
-1180
-988
-716
-492
-340
-292
-64
228
492
748
924
1052
1180
1436
1756
1980
2364
2620
3004
3260
3516
3900
4092
4092
4092
3900
3772
3772
4092
4092
4092
3644
3260
3004
2876
2492
1980
1244
684
180
-228
-652
-1308
-1980
-2620
-3004
-3260
-3388
-3644
-4092
-4860
-5116
-5372
-5628
-5628
-5884
-6140
-5884
-5884
-5628
-5628
-5628
-5628
-5372
-5372
-4860
-4348
-3900
-3516
-3132
-2876
-2364
-1980
-1372
-876
-492
-40
396
844
1116
1500
1980
2364
3004
3388
3516
3516
3388
3388
3388
3516
3644
3516
3516
3388
3388
3260
3004
2620
2236
2108
1980
1820
1692
1372
1116
876
620
324
-24
-276
-428
-396
-372
-524
-684
-924
-1052
-924
-716
-556
-556
-588
-556
-356
-104
132
292
428
620
844
1116
1308
1436
1500
1692
1884
2108
2364
2492
2748
3004
3260
3388
3644
3772
3900
3644
3260
3004
3132
3388
3516
3388
2876
2620
2364
2108
1756
1180
428
-132
-556
-844
-1308
-1980
-2620
-3132
-3516
-3516
-3644
-4092
-4604
-5116
-5372
-5628
-5628
-5884
-5884
-5884
-5884
-5628
-5372
-5372
-5116
-5116
-4860
-4860
-4348
-4092
-3772
-3260
-2876
-2364
-1884
-1436
-1052
-620
-148
324
684
988
1372
1692
2108
2748
3004
3260
3260
3260
3260
3388
3388
3388
3260
3260
3260
3260
3132
3004
2748
2492
2364
2236
2108
1756
1500
1244
1116
1116
924
716
460
212
148
148
32
-164
-396
-556
-556
-324
-164
-148
-196
-276
-212
-24
244
428
492
620
844
1116
1436
1564
1564
1564
1692
1980
2108
2236
2364
2364
2492
2620
2748
3004
3260
3516
3644
3516
3132
2748
2492
2748
2876
3004
2620
2364
2108
1692
1372
748
132
-460
-876
-1116
-1436
-1980
-2492
-3132
-3644
-3900
-4092
-4092
-4604
-4860
-5372
-5372
-5372
-5628
-5628
-5628
-5628
-5628
-5372
-5116
-4860
-4860
-4860
-4860
-4604
-4092
-3516
-2876
-2492
-2492
-2236
-1980
-1436
-780
-292
96
276
556
988
1372
1692
1884
2108
2364
2620
2876
3004
2876
2748
2492
2620
2748
2876
3004
2748
2620
2492
2364
2236
1980
1820
1564
1564
1692
1756
1692
1500
1244
924
716
652
620
588
492
340
308
356
356
356
396
460
556
684
780
924
988
988
1116
1372
1628
1756
1884
1884
1884
1820
1756
1820
1756
1980
2236
2620
3004
2492
1980
3260
4348
4604
3644
3260
3132
2620
2492
2236
2236
2620
2620
2236
1692
1180
-104
-1628
-2108
-2236
-2492
-2620
-2492
-2492
-3260
-3516
-3388
-4092
-5116
-5628
-5884
-6140
-6396
-5884
-5628
-5628
-5628
-5884
-5884
-6140
-6396
-6140
-5628
-5116
-4860
-4092
-1980
-588
-460
-748
-1116
-1308
-1756
-1500
-164
844
1564
1820
2108
2492
2236
1884
1692
2108
2876
2876
3004
3260
3132
2620
1820
1980
2364
2108
1980
2108
2236
1628
844
588
588
428
276
716
1308
1372
1052
716
196
-620
-1308
-1116
-684
-396
-276
-16
244
244
244
460
812
844
924
1308
1756
2236
2236
2236
2620
2748
2876
3004
3004
2876
2620
2364
2492
2748
3004
3644
4860
5884
6396
6396
6652
6908
6652
5116
3132
1628
1116
1052
988
812
588
228
-748
-1980
-3260
-4092
-4604
-4604
-4348
-4092
-3644
-3388
-3260
-3644
-4348
-5372
-5884
-6652
-6908
-7164
-7164
-6908
-6652
-6652
-6140
-5628
-5116
-4604
-4348
-3900
-3388
-2620
-2236
-1980
-1756
-1180
-196
1244
3004
4092
4348
3772
2492
1628
684
244
492
1180
2108
2748
3004
2876
2236
1116
588
988
1884
2364
2492
2492
2108
1308
396
-16
-556
-1116
-1244
-1052
-844
-1372
-1884
-2108
-1884
-1372
-924
-228
228
120
-244
-620
-988
-1244
-1308
-812
-72
780
1436
1980
2236
2236
2364
2620
3260
3900
4604
4604
4604
4348
3900
3260
3004
3004
3004
3260
3388
3388
3644
3388
3260
2876
2620
2620
3132
4348
5372
5884
5884
6140
5884
5372
3004
-32
-2364
-3260
-2876
-2620
-2108
-1820
-1820
-2492
-3772
-4860
-5628
-5884
-5628
-4860
-3772
-2748
-1980
-1756
-2108
-3004
-4092
-5116
-5884
-6396
-6652
-6652
-6140
-5884
-5628
-5116
-4604
-3644
-2876
-2492
-2236
-1756
-1116
-684
-684
-556
-112
620
2236
3260
3132
1692
56
-684
-1372
-1628
-988
396
1500
1436
844
652
372
-164
-212
652
2108
2620
2364
2236
1884
1116
-244
-620
-396
-356
-260
8
556
212
-588
-812
0
924
1308
1628
2108
2108
1628
988
492
164
-8
292
988
1756
1980
1884
1884
2364
3004
3516
3900
4348
4604
4092
3388
2876
2492
2108
2108
2492
2748
2492
1980
1820
1820
1980
1820
1820
1756
1372
1180
1628
2876
4348
4860
5116
5372
5628
5116
3260
356
-2236
-3516
-3004
-2236
-1692
-1372
-1180
-1500
-2748
-4348
-5116
-5372
-4860
-3772
-2492
-1244
-556
-460
-1052
-2108
-3516
-4860
-5884
-6396
-6908
-6908
-6908
-6396
-6140
-5884
-5372
-4092
-3260
-2876
-2620
-1980
-1116
-588
-492
-652
-524
-324
-64
112
748
2108
2364
1500
32
-684
-748
-988
-716
292
1820
2620
2492
2108
2108
1820
1436
1628
2364
2876
2236
1372
1116
1244
780
212
428
780
684
292
-64
-244
-428
-260
556
1756
2236
1884
1244
780
372
-48
-556
-780
-492
180
844
1372
1756
1820
1884
2108
2876
3516
3772
3644
3388
3004
2108
1436
1244
1372
1436
1628
1884
2108
1628
1372
1628
2108
2236
1884
1564
1500
1628
2492
3900
5372
6140
5884
5884
5884
4348
844
-2620
-3900
-3004
-2236
-1820
-1180
-460
-620
-2108
-3772
-4860
-5116
-4860
-3516
-1692
-148
396
324
-276
-1436
-3388
-5372
-6652
-7164
-7420
-7164
-6652
-6140
-6140
-6140
-5628
-4604
-3388
-2748
-2364
-1692
-652
148
88
-556
-1116
-924
-372
32
-32
-460
-812
-1180
-1180
-876
-292
308
556
588
844
1436
1980
2108
2364
3004
3132
2876
2492
2108
1628
1052
1052
1500
1980
1820
1564
1436
1180
988
748
876
1372
1980
2492
2620
2492
1980
1372
716
276
56
40
120
260
292
556
924
1436
1980
2492
2748
2492
2108
1820
1756
1564
1436
1372
1372
1308
1052
812
716
652
684
988
1628
1980
1980
1756
1308
924
556
492
1116
2748
4604
5628
5628
5628
5628
5372
3772
780
-1756
-2748
-1980
-1052
-748
-684
-524
-780
-2108
-3772
-4860
-4604
-3388
-1980
-684
292
684
292
-556
-1980
-3772
-5628
-6908
-7420
-7420
-6908
-6652
-6396
-6396
-6140
-5628
-4604
-3644
-3004
-2492
-1884
-1052
-652
-1180
-2364
-3132
-3260
-2236
-588
212
120
-460
-1116
-1628
-1980
-1756
-876
428
1756
2620
3132
3388
2876
2108
1820
2236
2876
2748
2748
2876
2748
2492
2236
2108
1756
1372
1244
1564
1884
1980
2108
2492
3132
3260
2748
2108
1564
1116
716
104
-292
-588
-748
-748
-556
-80
460
1052
1692
2620
3132
3004
2620
2364
2108
1692
1436
1116
1052
1052
988
924
988
1052
1180
1244
1308
1692
2108
2364
2236
2236
2492
2364
2364
2748
3772
4860
5116
5116
5372
5884
5116
2492
-620
-2364
-2492
-2108
-1756
-1180
-428
-340
-1500
-3004
-4348
-4348
-3772
-2748
-1564
-780
-396
-588
-1116
-2364
-4092
-6140
-7420
-7676
-7420
-7420
-7164
-7164
-6908
-6652
-6140
-5116
-4348
-3644
-3132
-2492
-1500
-988
-1308
-2236
-2876
-3004
-2364
-244
1116
748
-812
-1980
-1628
-1244
-1052
-244
1500
3132
3388
2620
2620
2620
2236
1884
2492
4092
4348
3388
2748
2748
2876
1884
1372
1244
1372
1500
1500
2108
2492
2364
2108
2236
2492
2364
1628
988
1052
1372
988
-64
-748
-812
-876
-876
-228
876
1884
2364
2876
3388
3388
2620
1884
1884
2236
2108
1756
1628
1628
1308
924
716
924
1180
1500
2108
2620
3004
3132
2748
2620
2492
2108
1628
1180
1692
2748
3772
4348
4348
4348
4604
4092
2492
-324
-2364
-3004
-2748
-2108
-1628
-1052
-1116
-1980
-3388
-4604
-4860
-4348
-3516
-2364
-1628
-1308
-1436
-2236
-3388
-4604
-5884
-6908
-7164
-7164
-7164
-6908
-6652
-6396
-5884
-5628
-5116
-4092
-3132
-2236
-1820
-1308
-988
-1116
-1820
-2748
-2108
-180
684
132
-1052
-1180
-460
-164
-16
844
2236
2876
2108
1436
1980
2620
2620
2492
3388
4348
3516
2364
1980
2492
2364
1564
1308
1500
1820
1500
1244
1756
2364
2748
2620
2620
2492
2108
1756
1692
2108
2236
1372
120
-588
-460
-292
-228
276
1244
2108
2364
2620
2876
2748
2364
2236
2492
2748
2492
1884
1436
1244
1052
844
556
588
780
1180
1628
1980
2108
1884
1692
1500
1372
1244
988
748
652
1052
1820
2236
2492
2364
2236
2876
3004
2236
620
-988
-1500
-1692
-2108
-2492
-2364
-1756
-1820
-2492
-3260
-3772
-3644
-3516
-3132
-2748
-2364
-2492
-2876
-3132
-3516
-4092
-5116
-5884
-6140
-5884
-5884
-5628
-5372
-5372
-5628
-5116
-4604
-3772
-3516
-3260
-2748
-1980
-1820
-1820
-1116
-684
-780
-1564
-1756
-1244
-876
-684
-196
1116
2236
1884
588
88
556
1116
1372
1884
3004
3260
2748
2492
2748
3132
2492
1820
1692
2364
2748
2492
2364
2492
3004
3260
3388
3260
3004
2876
3004
3644
4092
3644
2236
988
356
372
492
812
1308
1820
2108
2236
2492
2492
2236
2364
3004
3388
3260
2620
1884
1436
924
428
308
460
588
620
460
428
212
88
148
588
1116
1244
988
492
460
428
260
-56
-228
396
988
1436
1628
1436
1308
1372
1436
1244
372
-684
-1052
-988
-684
-988
-1500
-1692
-1820
-1980
-2620
-3132
-3132
-3004
-2876
-3004
-2876
-2748
-3260
-3772
-4092
-4348
-4348
-4860
-5372
-5628
-5628
-5884
-6140
-5884
-5628
-5372
-4860
-4348
-4092
-3644
-3260
-3004
-2876
-2876
-2748
-2492
-1980
-1436
-1052
-716
-396
96
460
620
652
812
1116
1436
1756
2236
2492
2748
2876
3132
3388
3644
3772
3900
4092
4348
4348
4348
4348
4348
4348
4348
4348
4348
4092
4092
3900
3644
3516
3260
2748
2364
2108
1980
1756
1628
1628
1564
1564
1500
1372
1308
1244
1308
1180
988
652
428
260
56
-196
0
148
24
-196
-324
-276
-228
-180
-340
-324
-212
8
308
492
716
716
620
492
308
396
988
1756
2236
2108
1436
1180
1116
1244
1244
988
588
-48
-260
-292
-460
-876
-1372
-1436
-1756
-2364
-2876
-3132
-3004
-3132
-3388
-3644
-4092
-4348
-4604
-4604
-4604
-4860
-5116
-5628
-5884
-5884
-5884
-5884
-5884
-5628
-5372
-4860
-4860
-4604
-4092
-3644
-3260
-2620
-2236
-2108
-1980
-1692
-1116
-588
-276
32
492
924
1180
1436
1628
1980
2364
2748
3260
3644
3900
4092
4348
4348
4604
4604
4604
4604
4604
4860
4860
4860
4860
4604
4604
4348
4348
4092
3772
3388
3388
3260
3132
2876
2748
2492
2236
1980
1564
1244
876
652
620
652
588
492
324
48
-260
-340
-148
-88
-180
-260
-148
-120
-260
-396
-460
-524
-812
-1052
-844
-396
-132
-180
-180
80
164
-64
-308
-276
212
748
924
924
780
716
428
-64
-372
-428
-148
-164
-492
-924
-1372
-1564
-1692
-1756
-1628
-1820
-2236
-2748
-2876
-2748
-2876
-3132
-3644
-3900
-3900
-3900
-3772
-3900
-4092
-4348
-4348
-4092
-4348
-4604
-4860
-4348
-3772
-3260
-3132
-3388
-3516
-3388
-3004
-2620
-2108
-1692
-1372
-1180
-988
-844
-748
-556
-276
324
876
1180
1244
1308
1500
1820
2108
2364
2620
2876
3004
3260
3516
3644
3772
3772
3772
3900
3900
3900
3900
3900
3900
3900
4092
4092
3900
3900
3772
3644
3516
3516
3388
3004
2620
2492
2236
1980
1756
1756
1692
1500
1372
1244
1180
1052
812
556
524
492
588
588
324
228
96
-24
-324
-492
-588
-748
-780
-812
-684
-556
-396
-396
-244
-308
-492
-716
-684
-260
-164
-180
-396
-340
-180
-460
-748
-924
-748
-588
-748
-1116
-1372
-1500
-1564
-1692
-1628
-1500
-1692
-2108
-2620
-2620
-2492
-2620
-3004
-3388
-3388
-3260
-3260
-3260
-3388
-3644
-3900
-4092
-4092
-4092
-4348
-4348
-4092
-3772
-3516
-3516
-3516
-3388
-3132
-2748
-2492
-1980
-1628
-1500
-1436
-1244
-988
-716
-356
-40
308
652
780
924
1308
1628
1884
1980
2108
2364
2620
2876
3004
3388
3516
3644
3772
3900
3900
4092
4092
4092
4092
4092
4092
3772
3772
3772
3772
3644
3388
3388
3260
3132
2876
2620
2492
2364
2236
2108
1884
1756
1500
1308
1180
988
780
620
460
492
396
260
56
-56
80
0
-228
-460
-652
-684
-748
-844
-844
-716
-492
-492
-556
-652
-844
-1052
-988
-460
32
-8
-396
-780
-876
-812
-924
-844
-748
-620
-620
-924
-1116
-1372
-1372
-1372
-1500
-1500
-1756
-2108
-2492
-2492
-2364
-2492
-2876
-3260
-3388
-3260
-3132
-3132
-3004
-3132
-3260
-3388
-3388
-3388
-3388
-3260
-2876
-2492
-2364
-2620
-2748
-2748
-2492
-2108
-1820
-1628
-1564
-1436
-1244
-988
-748
-492
-180
96
428
684
924
1180
1436
1692
1820
1820
1756
1756
1820
1980
2364
2492
2748
2876
2876
3004
3260
3388
3516
3516
3516
3388
3260
3260
3260
3260
3260
3260
3004
2748
2620
2492
2492
2492
2364
2364
2236
2108
1820
1692
1628
1500
1180
1052
988
876
812
844
988
748
396
292
276
356
180
-8
8
-120
-372
-924
-1116
-988
-924
-924
-924
-812
-876
-1244
-1436
-1180
-844
-748
-988
-1180
-924
-748
-588
-716
-620
-460
-716
-1244
-1756
-1628
-1436
-1308
-1308
-1500
-1692
-2108
-2364
-2236
-1980
-2108
-2364
-2620
-2748
-2620
-2748
-2748
-2620
-2620
-2620
-2748
-2876
-3004
-3132
-2876
-2492
-2236
-2108
-2236
-2364
-2236
-1980
-1820
-1692
-1692
-1564
-1436
-1244
-988
-652
-356
-120
132
356
588
780
988
1372
1564
1692
1692
1628
1628
1628
1692
1820
1820
1980
2108
2236
2364
2620
3004
3132
3260
3132
3004
3004
3004
3004
3132
3132
3132
2876
2748
2620
2620
2492
2364
2236
2236
2108
2108
1980
1756
1628
1436
1180
1052
924
844
876
924
924
684
492
428
340
292
324
356
396
260
0
-292
-556
-684
-620
-588
-588
-876
-988
-924
-1052
-1308
-1500
-1180
-812
-748
-876
-924
-748
-652
-716
-716
-652
-780
-1052
-1372
-1372
-1180
-1116
-1372
-1628
-1884
-2108
-2236
-2108
-1980
-1756
-1820
-1980
-2108
-2108
-2108
-2236
-2236
-2236
-2364
-2492
-2748
-3004
-2876
-2876
-2620
-2236
-1980
-1980
-2236
-2236
-2236
-2236
-2236
-2108
-1980
-1820
-1628
-1244
-924
-684
-492
-396
-276
-212
-16
260
652
988
1244
1308
1244
1180
1244
1436
1628
1756
1884
1980
2108
2236
2492
2620
2748
2748
2748
2876
3004
3004
3132
3260
3260
3260
3132
3132
3004
3004
3004
2876
2748
2620
2492
2364
2108
1980
1820
1628
1436
1436
1436
1436
1500
1372
1436
1372
988
748
556
620
620
620
524
372
196
-24
-460
-748
-716
-876
-1052
-1372
-1564
-1564
-1564
-1436
-1180
-988
-988
-1244
-1308
-988
-620
-524
-588
-556
-492
-588
-988
-1116
-876
-780
-1052
-1436
-1628
-1692
-1756
-1756
-1564
-1308
-1372
-1564
-1692
-1692
-1692
-1820
-1980
-1980
-2108
-2492
-2748
-2876
-3004
-3004
-3004
-2876
-2620
-2748
-2748
-2748
-2620
-2492
-2620
-2620
-2620
-2492
-2364
-2108
-1820
-1436
-1180
-1116
-988
-876
-684
-428
-132
260
652
876
1116
1308
1372
1436
1628
1820
1980
2108
2108
2236
2492
2748
2748
2620
2492
2620
2748
3004
3132
3260
3260
3260
3388
3388
3388
3132
3132
3132
3004
2876
2748
2364
1980
1692
1500
1372
1308
1180
1052
1116
1308
1308
1308
1244
1116
844
716
780
748
652
428
324
396
228
-148
-428
-492
-620
-620
-716
-780
-748
-876
-812
-716
-652
-556
-356
-196
-372
-524
-492
-196
-32
-64
-196
-260
-308
-556
-812
-924
-988
-1180
-1308
-1372
-1308
-1308
-1372
-1372
-1372
-1500
-1692
-1884
-2108
-2236
-2364
-2492
-2620
-2748
-2876
-3132
-3260
-3260
-3132
-3132
-3004
-2876
-2876
-2876
-2748
-2748
-2620
-2620
-2620
-2620
-2620
-2492
-2236
-1884
-1564
-1372
-1180
-988
-780
-556
-212
244
684
988
1244
1436
1500
1628
1820
1980
2236
2364
2364
2620
2748
2876
2748
2748
2748
2748
2748
2876
3132
3260
3388
3516
3644
3644
3388
3260
3004
2876
2748
2620
2364
2108
1756
1500
1372
1308
1244
1052
924
876
812
780
812
748
652
620
460
340
212
16
-32
-40
-72
-276
-428
-524
-556
-588
-716
-652
-620
-652
-748
-684
-620
-588
-492
-396
-276
-356
-556
-652
-460
-104
64
24
-24
-80
-228
-340
-492
-556
-588
-620
-620
-684
-780
-924
-988
-988
-1116
-1372
-1692
-1980
-2236
-2364
-2492
-2620
-2748
-2876
-3004
-3132
-3260
-3260
-3260
-3132
-3132
-3132
-3132
-3132
-3004
-2876
-2876
-2748
-2748
-2748
-2620
-2364
-2108
-1820
-1564
-1308
-988
-716
-428
-8
492
924
1244
1436
1628
1756
1980
2108
2236
2364
2620
2748
2876
3004
2876
2876
2876
3004
3132
3004
3004
3132
3260
3388
3516
3388
3260
3132
2876
2748
2620
2364
1980
1692
1500
1308
1244
1116
1052
924
780
748
620
356
260
228
180
228
196
120
120
0
-32
-96
-112
-88
-148
-164
-228
-180
-260
-244
-212
-8
56
-96
-132
-212
-88
-180
-212
-148
-132
-164
-372
-396
-428
-356
-292
-292
-276
-340
-292
-308
-244
-276
-460
-556
-556
-620
-876
-1116
-1372
-1564
-1756
-1980
-2236
-2364
-2492
-2492
-2620
-2492
-2492
-2492
-2620
-2620
-2620
-2748
-2748
-2748
-2748
-2748
-2748
-2620
-2620
-2620
-2492
-2364
-2236
-2108
-1980
-1692
-1436
-1180
-812
-556
-356
-104
196
428
652
780
924
1116
1308
1500
1628
1820
1980
2108
2236
2364
2364
2236
2236
2364
2492
2620
2620
2748
2748
2748
2876
2748
2748
2620
2492
2364
2108
1980
1692
1500
1372
1372
1308
1244
1180
1116
1052
988
924
812
652
620
620
684
684
652
556
460
428
308
260
180
132
148
148
292
356
324
260
196
228
212
120
24
-32
-32
-72
-80
-104
-80
-112
-276
-356
-340
-460
-620
-780
-924
-876
-780
-588
-492
-492
-524
-620
-716
-876
-1052
-1244
-1308
-1500
-1692
-1756
-1820
-1884
-1980
-2108
-2108
-2236
-2236
-2236
-2108
-2236
-2236
-2236
-2364
-2364
-2364
-2364
-2364
-2364
-2364
-2364
-2364
-2364
-2364
-2236
-1980
-1820
-1628
-1436
-1180
-924
-684
-556
-428
-372
-308
-196
24
324
524
716
924
1052
1244
1372
1436
1500
1564
1692
1884
1980
2108
2236
2364
2492
2620
2748
2748
2748
2620
2620
2492
2492
2364
2108
1980
1980
1884
1884
1884
1820
1820
1820
1884
1884
1820
1692
1628
1564
1436
1372
1180
1052
988
844
684
588
492
324
212
120
112
180
196
164
112
56
40
80
-8
-148
-260
-308
-308
-340
-396
-524
-652
-684
-748
-812
-876
-1052
-1180
-1244
-1180
-1052
-876
-652
-428
-356
-292
-428
-588
-748
-924
-924
-1052
-988
-1052
-1052
-1116
-1180
-1244
-1372
-1372
-1308
-1244
-1244
-1308
-1436
-1436
-1500
-1628
-1756
-1884
-1980
-2108
-2108
-2236
-2364
-2492
-2492
-2364
-2236
-1980
-1884
-1756
-1628
-1564
-1436
-1436
-1500
-1628
-1564
-1436
-1244
-1052
-988
-924
-748
-620
-460
-276
-132
64
308
524
748
988
1180
1500
1692
1884
2108
2236
2364
2364
2492
2364
2492
2492
2492
2620
2620
2748
2748
2748
2748
2748
2876
2876
2876
2748
2748
2620
2492
2492
2364
2236
2108
1980
1820
1628
1436
1244
1052
924
844
812
780
748
684
652
524
356
228
80
8
-164
-324
-428
-556
-684
-748
-844
-924
-1052
-1052
-1052
-1052
-1116
-1180
-1180
-1180
-988
-844
-684
-556
-556
-556
-588
-652
-716
-812
-844
-812
-780
-684
-460
-396
-460
-524
-524
-492
-396
-396
-428
-460
-556
-620
-716
-924
-1180
-1436
-1692
-1980
-2108
-2364
-2492
-2620
-2748
-2620
-2620
-2748
-2748
-2748
-2748
-2748
-2876
-2876
-2876
-2748
-2748
-2620
-2492
-2364
-2364
-2236
-1980
-1756
-1564
-1436
-1180
-988
-684
-308
40
372
684
1052
1436
1692
1884
2108
2236
2364
2620
2748
3004
3260
3388
3644
3772
3772
3772
3772
3772
3772
3772
3772
3772
3516
3388
3260
3260
3132
3004
2748
2620
2492
2236
1980
1692
1436
1116
924
844
716
460
228
48
-72
-196
-356
-524
-748
-844
-924
-924
-988
-1052
-1116
-1180
-1180
-1180
-1116
-1180
-1244
-1244
-1180
-1052
-812
-652
-524
-396
-212
-120
-132
-148
-228
-244
-212
-196
-132
-64
32
120
164
196
164
112
88
48
56
64
80
8
-64
-228
-428
-652
-924
-1116
-1436
-1820
-2236
-2492
-2748
-3004
-3260
-3260
-3388
-3260
-3260
-3260
-3260
-3388
-3516
-3516
-3388
-3388
-3260
-3260
-3132
-3004
-2876
-2876
-2748
-2620
-2492
-2236
-1884
-1500
-1116
-716
-276
180
588
988
1372
1692
1980
2236
2492
2620
2876
3004
3132
3388
3644
3900
4092
4092
4348
4348
4348
4348
4348
4348
4348
4092
4092
3772
3644
3516
3260
3004
2748
2492
2364
2108
1884
1692
1436
1116
924
748
524
276
56
-104
-308
-460
-652
-780
-988
-1116
-1180
-1180
-1180
-1244
-1372
-1436
-1372
-1308
-1244
-1244
-1244
-1244
-1180
-1052
-876
-716
-652
-620
-556
-588
-588
-588
-588
-588
-556
-460
-324
-212
-180
-276
-292
-276
-196
-148
-132
-88
-148
-148
-196
-276
-428
-716
-876
-1052
-1244
-1436
-1692
-1980
-2236
-2492
-2620
-2748
-2876
-2876
-2876
-2876
-3004
-3004
-3004
-3132
-3260
-3260
-3132
-3004
-2876
-2748
-2748
-2620
-2620
-2492
-2364
-2236
-2108
-1820
-1436
-988
-652
-292
40
356
652
988
1244
1564
1820
2108
2364
2620
2748
3004
3132
3388
3516
3772
3900
4092
4092
4092
4092
4092
4092
4092
4092
4092
3772
3644
3516
3260
3004
2876
2748
2620
2492
2364
2236
1980
1820
1564
1308
1116
988
780
524
308
120
-40
-228
-372
-492
-588
-652
-716
-748
-812
-924
-988
-1052
-924
-812
-780
-748
-812
-812
-780
-652
-588
-620
-620
-716
-684
-684
-748
-780
-780
-748
-652
-588
-588
-652
-716
-748
-716
-652
-684
-684
-652
-684
-780
-876
-988
-1116
-1244
-1308
-1436
-1564
-1756
-1884
-1980
-2108
-2236
-2364
-2492
-2620
-2748
-2748
-2876
-2876
-3004
-3004
-3004
-3004
-3004
-3004
-2876
-2876
-2876
-2748
-2748
-2620
-2492
-2492
-2236
-1980
-1756
-1564
-1244
-988
-748
-492
-244
24
356
684
988
1244
1500
1628
1756
1980
2108
2364
2620
2876
3132
3260
3388
3516
3644
3772
3772
3900
4092
4092
4092
4092
4092
3900
3900
3772
3644
3516
3388
3260
3132
2876
2748
2492
2364
2236
2108
1884
1564
1308
1180
1052
876
716
524
292
104
-72
-292
-492
-684
-876
-988
-1052
-1052
-1116
-1244
-1308
-1372
-1372
-1308
-1308
-1244
-1308
-1308
-1308
-1372
-1372
-1372
-1436
-1436
-1436
-1308
-1244
-1180
-1116
-1116
-1052
-924
-748
-748
-684
-620
-620
-620
-684
-716
-716
-684
-684
-684
-716
-684
-716
-748
-844
-988
-1116
-1244
-1372
-1564
-1628
-1756
-1820
-1884
-1884
-1980
-2108
-2236
-2364
-2364
-2492
-2492
-2620
-2620
-2620
-2620
-2492
-2492
-2364
-2236
-2108
-1980
-1884
-1756
-1628
-1436
-1244
-924
-652
-428
-276
-96
80
308
524
844
1116
1436
1756
1980
2236
2492
2620
2876
3132
3260
3516
3644
3772
3772
3772
3900
3900
3900
3900
3900
3900
3772
3772
3772
3644
3388
3260
3132
3004
2748
2492
2364
2108
1980
1756
1564
1308
1116
844
652
396
196
-24
-244
-460
-652
-812
-988
-1180
-1308
-1372
-1436
-1500
-1564
-1564
-1564
-1628
-1628
-1628
-1628
-1564
-1628
-1564
-1564
-1628
-1564
-1500
-1308
-1244
-1116
-988
-876
-812
-780
-780
-716
-716
-684
-652
-620
-588
-524
-428
-340
-276
-244
-276
-308
-324
-340
-460
-588
-716
-876
-988
-1116
-1244
-1436
-1628
-1756
-1756
-1820
-1980
-2108
-2236
-2364
-2492
-2492
-2492
-2492
-2492
-2492
-2364
-2364
-2236
-2236
-2236
-2236
-2108
-1980
-1756
-1500
-1308
-1116
-924
-780
-588
-396
-180
72
396
684
988
1308
1564
1820
2108
2364
2620
2876
3004
3132
3388
3388
3516
3644
3772
3772
3900
3900
3900
3900
3900
3772
3772
3644
3644
3516
3260
3132
3004
2748
2492
2236
1980
1820
1692
1500
1308
1116
876
652
372
64
-244
-556
-812
-988
-1116
-1244
-1372
-1436
-1500
-1500
-1564
-1628
-1692
-1692
-1692
-1628
-1628
-1628
-1628
-1628
-1628
-1564
-1500
-1436
-1372
-1244
-1180
-1052
-924
-988
-988
-924
-780
-684
-556
-396
-308
-164
-8
104
180
148
148
196
180
64
-64
-196
-356
-492
-588
-716
-876
-988
-1180
-1244
-1308
-1372
-1500
-1564
-1692
-1820
-1980
-2108
-2236
-2236
-2364
-2492
-2620
-2748
-2748
-2748
-2620
-2620
-2364
-2236
-2108
-1980
-1884
-1756
-1692
-1500
-1244
-1052
-780
-588
-308
-8
228
460
780
1052
1308
1564
1820
2108
2364
2620
2876
3004
3132
3388
3516
3644
3772
3772
3772
3900
3900
3900
3900
3900
3772
3644
3644
3516
3388
3132
3004
2748
2620
2364
2236
1980
1820
1628
1372
1116
780
460
88
-196
-428
-652
-924
-1116
-1244
-1372
-1500
-1500
-1564
-1628
-1692
-1756
-1820
-1884
-1884
-1884
-1884
-1820
-1756
-1628
-1564
-1564
-1500
-1436
-1372
-1308
-1180
-1116
-988
-924
-812
-684
-588
-524
-460
-372
-228
-120
-72
-56
-64
-64
-80
-88
-104
-180
-260
-308
-324
-396
-524
-620
-716
-748
-748
-780
-924
-1052
-1180
-1308
-1372
-1500
-1628
-1756
-1884
-1980
-1980
-1980
-2108
-2108
-2108
-1980
-1980
-1820
-1820
-1756
-1628
-1564
-1436
-1308
-1180
-1052
-924
-812
-652
-492
-260
0
212
428
684
924
1180
1436
1628
1820
1980
2236
2492
2620
2748
2876
3004
3132
3260
3260
3260
3260
3260
3388
3388
3388
3388
3388
3388
3260
3132
3004
2876
2748
2620
2492
2236
1980
1692
1436
1180
924
652
372
80
-196
-372
-556
-716
-844
-924
-988
-1116
-1244
-1372
-1500
-1564
-1628
-1692
-1756
-1756
-1820
-1820
-1884
-1980
-1980
-1980
-1980
-1884
-1756
-1692
-1628
-1500
-1436
-1308
-1244
-1180
-1052
-988
-844
-716
-620
-588
-556
-588
-588
-556
-556
-556
-524
-556
-492
-428
-396
-356
-396
-396
-356
-340
-340
-396
-460
-556
-652
-716
-748
-844
-988
-1052
-1180
-1244
-1244
-1308
-1372
-1372
-1308
-1244
-1244
-1244
-1180
-1180
-1116
-1052
-988
-876
-812
-748
-652
-588
-460
-324
-180
-48
32
132
276
428
620
812
1052
1244
1436
1628
1756
1980
2108
2236
2364
2364
2492
2492
2620
2748
2876
2876
3004
2876
2876
2876
2876
2876
2876
2876
2876
2876
2748
2620
2364
2108
1884
1692
1436
1180
924
748
524
356
196
16
-164
-292
-428
-556
-684
-780
-876
-988
-1116
-1244
-1308
-1436
-1628
-1756
-1884
-1980
-1980
-1980
-1980
-1980
-1884
-1884
-1820
-1756
-1628
-1500
-1436
-1308
-1180
-1116
-1052
-988
-988
-988
-988
-924
-924
-812
-748
-716
-652
-588
-556
-460
-356
-276
-244
-244
-196
-164
-148
-164
-244
-396
-492
-588
-684
-748
-780
-876
-924
-924
-924
-924
-924
-924
-988
-988
-988
-988
-988
-1052
-1052
-1116
-1116
-1052
-988
-988
-988
-924
-924
-844
-716
-588
-428
-260
-96
64
244
396
588
716
924
1052
1244
1372
1500
1628
1756
1820
1980
1980
2108
2236
2364
2492
2620
2620
2620
2748
2748
2748
2748
2748
2748
2620
2492
2492
2236
2108
1980
1884
1756
1628
1436
1244
1052
924
748
620
460
276
164
24
-80
-228
-372
-524
-684
-844
-924
-1052
-1180
-1308
-1372
-1436
-1500
-1500
-1564
-1564
-1564
-1564
-1564
-1564
-1500
-1436
-1372
-1372
-1244
-1180
-1116
-1116
-1180
-1180
-1180
-1116
-1052
-924
-876
-716
-620
-588
-556
-492
-428
-372
-308
-308
-292
-244
-276
-292
-324
-372
-428
-492
-524
-524
-524
-524
-556
-556
-556
-556
-620
-684
-748
-780
-812
-812
-812
-876
-988
-988
-988
-988
-988
-988
-988
-924
-844
-780
-684
-620
-492
-372
-292
-180
-64
32
148
260
372
460
556
652
716
780
924
1052
1244
1372
1436
1628
1756
1820
1884
1980
2108
2236
2236
2236
2236
2236
2236
2108
2108
2108
1980
1884
1820
1756
1628
1500
1436
1372
1308
1180
1052
924
780
652
556
428
308
112
-56
-180
-356
-460
-556
-652
-716
-812
-812
-924
-988
-1052
-1180
-1244
-1372
-1436
-1436
-1436
-1372
-1372
-1308
-1244
-1180
-1116
-1116
-1116
-1116
-1052
-988
-844
-748
-652
-556
-460
-428
-396
-396
-340
-276
-212
-164
-112
-96
-132
-164
-180
-196
-196
-164
-148
-132
-120
-96
-88
-164
-196
-228
-276
-292
-340
-372
-428
-492
-556
-620
-684
-716
-716
-652
-652
-652
-652
-684
-652
-620
-556
-460
-460
-396
-324
-260
-196
-148
-120
-80
-48
24
112
148
180
228
308
396
524
620
716
780
876
988
1052
1180
1244
1372
1372
1436
1436
1436
1436
1372
1372
1308
1308
1308
1308
1244
1244
1116
1052
1052
988
924
876
780
748
716
652
556
460
396
308
196
112
0
-112
-212
-260
-324
-428
-460
-556
-652
-780
-924
-988
-1052
-1052
-1052
-988
-924
-876
-844
-844
-876
-876
-876
-924
-876
-844
-780
-748
-716
-652
-588
-588
-556
-524
-460
-396
-356
-292
-244
-196
-180
-164
-180
-132
-96
-88
-64
-72
-72
-72
-40
-16
-48
-80
-96
-120
-148
-120
-112
-112
-148
-196
-180
-212
-228
-228
-260
-292
-308
-324
-292
-244
-180
-164
-132
-96
-40
-24
0
0
16
16
16
48
104
132
132
148
196
228
276
308
372
428
492
556
620
716
780
844
876
876
876
844
844
876
924
988
988
988
988
1052
1052
1052
988
924
844
748
684
652
620
620
588
524
460
396
340
260
148
72
-8
-32
-56
-148
-212
-244
-292
-356
-428
-524
-620
-748
-780
-780
-812
-844
-876
-876
-844
-924
-988
-1052
-1116
-1116
-1116
-1116
-1052
-988
-876
-876
-844
-780
-716
-684
-620
-556
-492
-428
-396
-396
-372
-372
-372
-292
-196
-96
0
72
96
120
112
72
64
64
88
104
132
148
132
148
120
96
88
40
0
-32
-72
-96
-104
-132
-120
-48
16
72
112
148
112
96
104
80
72
48
64
56
56
56
48
96
132
120
164
244
308
396
460
492
492
524
556
588
620
652
652
716
748
844
924
988
1052
1116
1180
1244
1180
1180
1116
1052
988
988
988
988
924
924
844
780
652
556
460
340
260
196
148
132
72
0
-88
-212
-340
-428
-492
-556
-652
-748
-876
-924
-1052
-1116
-1180
-1244
-1244
-1308
-1308
-1308
-1308
-1372
-1372
-1308
-1244
-1180
-1116
-988
-924
-876
-844
-844
-844
-812
-780
-780
-748
-716
-684
-652
-588
-492
-372
-276
-148
-56
0
8
24
104
148
180
212
212
212
228
244
228
196
180
196
164
164
148
164
196
164
196
212
228
260
260
228
212
180
164
148
132
120
104
64
40
24
16
56
88
104
164
244
324
396
460
556
556
588
588
588
620
620
652
716
812
924
924
988
1052
1052
1116
1180
1244
1180
1052
1052
1052
1052
988
988
924
876
844
748
652
524
396
308
276
244
228
212
132
64
0
-80
-180
-276
-396
-492
-588
-684
-812
-924
-1052
-1116
-1180
-1244
-1244
-1244
-1244
-1180
-1180
-1180
-1244
-1244
-1180
-1116
-1052
-988
-876
-844
-812
-780
-748
-780
-748
-748
-780
-684
-684
-620
-556
-460
-372
-260
-148
-104
-88
-72
-24
32
88
148
164
164
180
196
180
120
64
16
8
16
24
112
164
212
212
196
164
148
164
164
148
132
104
72
64
88
88
88
72
56
56
72
88
120
180
212
324
428
492
556
588
588
588
588
588
556
588
620
620
652
652
684
716
780
844
924
924
924
924
876
876
812
780
780
748
716
684
620
524
428
324
212
148
80
40
88
80
48
24
-40
-120
-180
-276
-372
-460
-524
-620
-684
-780
-844
-924
-988
-988
-1052
-1052
-1052
-1052
-988
-988
-988
-924
-844
-780
-716
-684
-652
-620
-588
-524
-492
-492
-492
-524
-524
-492
-492
-460
-428
-372
-276
-180
-80
-24
8
72
148
212
260
292
308
340
372
396
396
356
292
260
260
292
308
308
324
340
324
292
276
244
228
260
308
308
276
244
212
180
180
180
148
120
80
64
88
88
80
80
96
148
196
228
228
212
196
164
148
164
164
148
164
196
228
276
260
276
340
356
396
428
428
428
428
396
396
356
292
244
196
132
104
88
88
56
40
32
16
0
0
-8
-8
-40
-104
-132
-228
-292
-340
-428
-492
-620
-652
-652
-652
-716
-716
-780
-780
-780
-748
-684
-684
-684
-652
-588
-556
-492
-492
-492
-492
-460
-428
-428
-372
-356
-308
-228
-196
-112
-16
8
80
132
180
228
244
276
308
324
356
372
428
460
492
524
556
556
588
588
588
556
588
588
524
556
524
524
460
372
324
260
244
228
212
164
148
164
164
180
148
112
64
0
-40
-64
-72
-88
-48
-8
-16
-32
-64
-120
-180
-196
-180
-164
-148
-132
-104
-88
-104
-96
-80
-40
0
32
24
24
8
-8
-16
-24
-40
-48
-64
-72
-64
-80
-96
-148
-212
-196
-164
-132
-80
-72
-80
-96
-132
-120
-164
-180
-196
-212
-244
-276
-292
-324
-356
-356
-340
-340
-308
-324
-292
-276
-308
-324
-292
-260
-196
-148
-148
-132
-148
-148
-112
-72
-40
-16
0
32
80
132
196
228
260
276
260
260
292
276
260
276
260
292
292
308
356
372
396
460
492
492
492
492
460
460
428
428
428
396
356
292
228
164
88
32
8
16
16
24
32
8
16
-8
-24
-24
-32
-48
-72
-96
-104
-132
-196
-228
-212
-196
-180
-212
-244
-292
-308
-308
-292
-260
-244
-212
-164
-132
-132
-148
-148
-132
-120
-120
-120
-132
-164
-196
-196
-212
-228
-228
-212
-212
-180
-164
-148
-132
-120
-80
-56
-40
-8
-32
0
32
40
48
24
0
-16
-40
-64
-96
-104
-96
-88
-72
-64
-64
-72
-24
0
16
48
80
80
120
104
120
120
80
48
32
32
56
96
132
148
164
180
228
244
228
276
276
276
260
212
196
164
148
112
96
80
64
64
104
148
148
148
148
164
196
228
212
212
164
112
56
16
-16
-64
-96
-104
-112
-104
-112
-120
-132
-180
-196
-180
-148
-112
-96
-120
-132
-148
-132
-132
-164
-196
-212
-260
-292
-308
-340
-356
-356
-340
-324
-308
-260
-196
-132
-56
0
32
56
112
132
88
72
16
-24
-48
-40
0
16
24
56
80
112
96
132
148
148
212
260
292
292
292
324
356
396
396
396
372
308
276
244
212
180
164
196
196
228
228
228
244
260
244
196
132
80
56
32
8
-16
-56
-80
-112
-132
-132
-164
-180
-196
-180
-180
-196
-180
-164
-180
-212
-228
-276
-324
-356
-372
-372
-396
-396
-372
-396
-356
-356
-340
-308
-276
-244
-228
-212
-180
-180
-148
-104
-56
-64
-72
-48
-80
-104
-96
-80
-72
-48
-32
0
16
64
72
80
104
112
112
104
96
56
32
0
-72
-120
-164
-180
-164
-132
-148
-148
-132
-132
-112
-132
-104
-96
-56
-16
0
32
40
24
16
40
72
56
56
48
32
64
64
80
120
164
196
244
292
308
340
372
396
428
460
492
492
524
524
524
492
460
460
460
428
428
396
396
428
428
492
492
460
428
396
356
292
292
244
180
96
56
24
-8
-32
-64
-96
-148
-132
-120
-132
-148
-164
-148
-132
-196
-244
-276
-324
-356
-396
-396
-396
-396
-428
-396
-372
-372
-308
-308
-276
-260
-260
-228
-228
-212
-196
-212
-244
-260
-276
-292
-324
-340
-324
-340
-340
-340
-308
-292
-276
-228
-212
-196
-180
-164
-148
-132
-148
-212
-260
-292
-324
-324
-308
-324
-324
-324
-324
-292
-276
-260
-212
-148
-120
-64
-24
-16
8
40
80
96
120
132
120
148
164
180
148
132
148
180
196
228
308
324
340
396
428
428
428
460
492
492
492
524
492
460
428
396
396
396
396
396
428
428
396
356
356
340
324
324
260
196
164
164
180
164
180
148
104
96
56
40
32
0
-24
-40
-80
-132
-180
-196
-196
-164
-164
-132
-112
-96
-112
-148
-164
-196
-228
-228
-244
-260
-260
-260
-228
-228
-196
-196
-180
-164
-132
-132
-112
-132
-148
-180
-228
-228
-212
-196
-180
-164
-164
-148
-148
-120
-104
-96
-80
-56
-40
-48
-56
-64
-104
-104
-104
-148
-148
-132
-164
-164
-164
-180
-164
-148
-132
-112
-72
-56
-16
-8
8
32
40
32
32
32
32
32
8
0
24
0
16
32
24
40
64
72
88
104
96
104
120
132
164
180
148
148
112
80
64
48
56
72
120
148
212
228
244
260
260
276
244
228
180
148
132
148
196
212
212
180
148
132
96
96
112
112
132
112
80
64
0
-56
-88
-96
-132
-148
-148
-148
-164
-164
-180
-164
-164
-180
-196
-196
-180
-180
-180
-164
-148
-180
-196
-196
-228
-244
-228
-228
-212
-212
-196
-180
-132
-96
-80
-72
-80
-72
-32
-16
-8
32
96
120
120
148
164
148
120
120
148
164
196
212
212
228
228
180
180
164
112
96
132
164
180
212
260
260
260
260
228
196
164
148
148
120
96
72
72
48
48
64
80
48
40
64
48
56
40
24
16
0
-8
-32
-80
-148
-196
-228
-244
-244
-228
-228
-196
-148
-120
-132
-112
-132
-132
-148
-180
-196
-244
-244
-228
-212
-196
-212
-244
-260
-308
-308
-308
-308
-308
-308
-260
-228
-196
-196
-180
-196
-180
-180
-148
-164
-148
-164
-180
-148
-180
-180
-180
-164
-164
-132
-88
-56
-40
-8
0
8
40
48
56
72
40
32
40
64
104
112
148
196
196
212
212
212
212
244
244
292
340
340
372
356
356
356
340
308
324
340
324
308
292
260
228
212
228
244
260
260
292
292
276
308
292
260
260
228
180
180
132
104
80
40
24
24
0
8
32
40
72
64
48
40
24
8
-8
0
-8
-48
-96
-148
-196
-244
-260
-292
-292
-260
-260
-244
-196
-164
-112
-88
-96
-80
-72
-88
-104
-112
-132
-148
-148
-148
-164
-212
-244
-276
-276
-244
-196
-196
-164
-132
-132
-104
-88
-88
-148
-196
-228
-244
-244
