SAMPLES:	8120
BITSPERSAMPLE:	16
CHANNELS:	1
SAMPLERATE:	16000
NORMALIZED:	FALSE
0
0
0
0
0
0
0
0
0
0
0
0
0
0
0
0
0
0
0
0
-8
-8
0
-8
0
-8
-8
-8
-8
0
0
0
-8
-8
-8
-8
-8
-8
-8
-8
-16
-8
-16
-8
-8
-8
-16
-16
-8
-16
-16
-8
-8
-8
-8
-8
-8
0
-8
0
-8
-8
0
0
0
0
0
0
0
0
0
0
0
0
8
8
8
0
0
0
8
8
8
8
8
8
8
8
8
8
8
8
8
8
8
8
8
8
8
8
8
8
8
8
8
8
8
8
8
8
8
8
8
8
8
8
8
8
8
8
8
8
8
8
8
8
8
8
8
8
8
8
0
0
8
0
0
0
0
0
0
0
8
8
0
0
0
0
0
0
0
0
0
0
0
0
0
0
0
-8
-8
-8
-8
-8
-8
-8
-8
-8
-8
-8
-8
-8
-16
-16
-16
-8
-8
-16
-8
-8
-8
-16
-8
-8
-8
-8
-8
-8
-16
-16
-16
-16
-16
-16
-16
-16
-16
-16
-16
-16
-16
-8
-8
-8
0
-8
-8
-8
-8
-8
-8
0
0
0
0
0
0
0
0
0
0
0
8
8
8
8
8
8
8
16
16
16
16
8
8
8
8
8
8
16
16
16
16
16
16
16
16
24
24
16
16
16
16
16
16
16
16
16
16
16
16
16
16
16
8
8
8
0
0
0
0
0
8
0
8
8
0
0
0
0
0
0
0
0
0
0
0
0
0
0
0
0
0
0
0
0
0
0
0
0
0
0
0
0
0
0
0
-8
-8
-8
-8
-8
-8
-8
-8
-8
-8
-8
-8
-8
-16
-8
-8
-8
-16
-16
-16
-16
-16
-16
-16
-24
-24
-24
-24
-24
-24
-24
-24
-16
-24
-16
-16
-16
-16
-16
-16
-16
-16
-16
-16
-16
-16
-16
-16
-16
-16
-16
-16
-16
-16
-8
-8
-8
-8
-8
-8
-8
0
0
0
0
0
0
0
8
8
8
8
8
16
16
16
24
24
24
32
32
32
32
32
40
40
40
40
40
40
40
40
40
40
40
40
40
40
40
40
32
32
32
24
24
16
16
16
16
16
16
8
8
0
0
0
0
0
0
0
0
-8
-8
-8
-8
-8
-8
-8
-16
-16
-16
-16
-16
-16
-16
-16
-16
-16
-16
-16
-16
-16
-16
-16
-16
-16
-16
-8
-8
-8
-8
-8
-8
-8
-8
0
0
-8
0
0
0
0
0
0
0
0
0
0
-8
-8
-8
-8
-8
-8
-8
0
-8
-8
-8
-8
-16
-8
-8
-8
-8
-16
-16
-16
-16
-16
-16
-16
-16
-16
-16
-16
-16
-16
-16
-8
-8
-8
-8
-8
-8
0
0
0
0
0
0
0
0
0
0
0
8
0
8
0
0
0
0
8
8
8
8
8
8
8
8
8
8
16
8
8
8
8
8
8
8
8
8
8
8
8
0
0
0
0
8
8
8
8
0
0
0
0
8
0
0
0
0
0
0
0
0
0
0
0
0
0
0
0
0
8
8
8
8
8
8
8
8
8
16
8
8
8
8
8
8
8
8
8
8
8
8
8
0
0
0
0
0
0
0
8
8
8
8
8
8
8
0
8
8
8
8
8
8
8
8
0
0
8
0
0
0
0
0
0
0
0
0
0
0
0
-8
-8
-8
-8
-8
-8
-16
-16
-16
-24
-24
-24
-24
-24
-32
-32
-32
-32
-32
-32
-32
-32
-32
-40
-40
-40
-40
-40
-32
-32
-32
-32
-32
-24
-24
-24
-24
-16
-16
-16
-16
-8
-8
-8
-8
-8
0
0
0
0
0
8
8
8
8
8
16
8
8
16
8
16
16
16
16
24
24
16
24
16
16
16
16
16
16
16
16
16
16
16
16
16
24
24
24
24
24
24
16
24
24
16
24
24
16
16
16
16
16
16
16
16
16
16
8
8
0
0
8
8
0
0
0
0
0
0
0
0
0
0
0
0
0
0
0
0
0
0
0
0
0
-8
-8
-8
-8
-8
0
-8
-8
-8
-8
-8
-8
-8
-8
-8
-8
-8
-8
-8
-8
-8
-8
-8
-8
-8
-8
-8
-8
-8
-8
-8
-8
-8
-8
-8
-8
-8
-16
-16
-16
-16
-16
-16
-16
-16
-16
-8
-16
-16
-8
-8
-8
-8
-8
-8
-8
-8
-8
-8
0
0
0
0
0
0
0
0
0
0
0
0
8
8
0
0
0
0
0
0
8
8
8
16
16
16
16
16
16
16
16
8
8
8
8
8
8
8
16
16
8
8
8
0
0
0
0
0
8
8
8
8
0
0
0
0
0
0
0
0
0
0
0
0
0
0
0
0
0
0
0
0
0
0
0
0
0
0
0
0
0
0
0
0
0
0
0
0
0
0
0
0
0
0
0
0
0
0
0
0
0
0
0
0
0
0
0
0
0
0
0
0
8
8
0
0
0
0
0
0
0
0
0
0
0
0
0
0
0
0
0
0
0
0
-8
-8
-8
-8
-8
-16
-8
-8
-8
-8
-8
-8
-8
-16
-16
-16
-8
-8
-8
-8
-8
-8
-8
-8
-8
-8
-8
-8
-8
0
-8
-8
0
0
0
0
0
0
0
0
8
0
0
0
0
0
8
8
8
8
8
8
8
8
8
8
8
8
8
8
8
8
8
16
16
8
8
8
8
8
8
8
8
8
8
8
16
8
8
8
8
8
8
8
8
0
0
0
0
0
0
0
0
0
0
0
8
8
8
8
8
8
8
8
16
8
16
8
8
8
8
8
8
8
8
8
8
8
0
0
0
0
-8
-8
-8
-8
-16
-16
-16
-16
-24
-24
-24
-32
-32
-40
-40
-48
-48
-56
-56
-64
-72
-72
-64
-72
-64
-64
-64
-64
-64
-64
-64
-64
-64
-56
-56
-56
-48
-40
-40
-40
-32
-32
-24
-24
-16
-8
-8
0
0
0
0
8
16
24
32
32
40
48
56
64
64
72
72
80
88
88
96
104
104
112
112
112
112
112
112
112
112
112
104
96
96
88
88
88
88
80
72
72
56
48
40
32
32
24
24
16
8
0
0
0
-8
-16
-16
-24
-32
-32
-40
-48
-56
-56
-64
-72
-72
-80
-80
-88
-88
-88
-88
-96
-96
-96
-96
-96
-96
-96
-96
-96
-104
-96
-96
-96
-88
-88
-88
-88
-96
-96
-96
-88
-96
-88
-88
-88
-88
-88
-96
-96
-96
-88
-88
-80
-72
-64
-48
-40
-32
-16
-8
0
8
24
40
48
64
80
96
112
132
148
148
164
180
196
196
212
228
228
244
244
260
260
276
276
276
276
260
260
244
228
212
212
196
180
180
164
164
148
132
104
88
64
40
24
8
0
-8
-24
-32
-56
-64
-72
-80
-88
-96
-104
-120
-132
-132
-148
-164
-164
-180
-196
-212
-228
-244
-260
-276
-308
-324
-340
-372
-396
-428
-460
-492
-492
-524
-524
-524
-556
-556
-588
-588
-588
-588
-556
-556
-556
-524
-492
-460
-428
-396
-356
-308
-260
-196
-148
-88
-24
24
80
148
212
276
324
396
460
556
620
716
780
812
876
924
988
988
1052
1052
1052
1116
1116
1116
1052
1052
988
988
924
924
844
780
748
684
652
588
524
460
396
340
276
212
164
96
56
16
0
-8
-8
-16
16
48
96
132
148
164
180
212
260
276
292
308
308
308
292
276
212
148
80
-8
-80
-196
-308
-428
-556
-684
-812
-924
-1116
-1244
-1372
-1500
-1692
-1820
-1980
-2108
-2108
-2108
-2108
-2236
-2236
-2236
-2364
-2364
-2364
-2236
-2236
-2108
-2108
-1980
-1884
-1756
-1628
-1500
-1372
-1244
-988
-812
-652
-492
-356
-180
24
244
428
588
748
924
1052
1180
1308
1436
1500
1628
1756
1884
1980
1980
2108
2108
2108
2108
2108
2108
2108
2108
2108
2108
1980
1980
1884
1820
1756
1692
1628
1500
1372
1308
1244
1116
988
924
844
812
780
780
716
684
652
684
748
812
924
1052
1180
1372
1500
1692
1820
1980
1980
2108
2236
2236
2364
2364
2364
2236
2236
2108
1980
1756
1500
1244
924
620
276
-64
-428
-812
-1180
-1564
-1884
-2236
-2620
-2876
-3260
-3516
-3900
-4092
-4348
-4604
-4604
-4860
-4860
-4860
-4860
-4860
-4604
-4604
-4348
-4348
-4092
-3900
-3644
-3260
-3004
-2620
-2236
-1980
-1628
-1244
-924
-524
-196
148
492
812
1116
1372
1564
1756
1980
2108
2236
2364
2492
2492
2492
2492
2492
2492
2492
2364
2364
2364
2236
2108
1980
1820
1692
1564
1372
1244
1116
988
812
684
556
396
308
228
180
132
120
88
56
24
16
64
120
212
340
460
556
716
780
924
1052
1180
1308
1500
1756
1980
2108
2236
2492
2620
2748
2876
3004
3132
3132
3132
3132
3004
2876
2748
2620
2492
2236
1980
1692
1308
924
492
96
-340
-780
-1244
-1692
-2108
-2492
-2876
-3260
-3644
-4092
-4348
-4604
-4860
-5116
-5116
-5372
-5372
-5372
-5372
-5116
-5116
-5116
-4860
-4604
-4348
-4092
-3772
-3516
-3132
-2748
-2364
-1980
-1564
-1180
-748
-356
8
372
684
988
1308
1628
1980
2236
2364
2492
2620
2748
2876
3004
3004
3004
3004
3004
2876
2876
2748
2620
2492
2492
2236
2108
1980
1820
1692
1500
1308
1116
988
844
716
588
428
276
148
80
0
-40
-80
-132
-148
-164
-120
-72
-8
48
180
276
396
524
620
780
924
1116
1308
1436
1628
1820
1980
2108
2364
2620
2748
2876
3004
3004
3004
3004
3132
3004
2876
2748
2620
2364
2108
1820
1436
1052
620
228
-212
-620
-1116
-1628
-2108
-2492
-2876
-3260
-3644
-4092
-4348
-4604
-4860
-5116
-5372
-5372
-5372
-5628
-5372
-5372
-5372
-5372
-5116
-5116
-4860
-4604
-4348
-4092
-3644
-3260
-2876
-2492
-2108
-1628
-1180
-780
-340
88
524
924
1244
1628
1980
2364
2620
2748
2876
3004
3132
3260
3388
3388
3516
3388
3388
3388
3260
3132
3004
2876
2620
2492
2364
2236
1980
1820
1628
1436
1244
1052
812
652
460
324
148
-16
-148
-228
-244
-260
-260
-260
-260
-212
-148
-80
16
132
244
396
556
684
844
988
1116
1244
1436
1628
1820
1980
2236
2364
2620
2748
3004
3132
3132
3260
3132
3132
3132
3004
3004
2876
2620
2492
2236
1884
1500
1052
652
228
-164
-652
-1116
-1692
-2236
-2748
-3132
-3516
-3900
-4348
-4604
-4860
-5116
-5372
-5628
-5628
-5884
-5884
-5884
-5628
-5628
-5628
-5372
-5116
-5116
-4860
-4604
-4092
-3644
-3260
-2876
-2492
-1980
-1628
-1116
-652
-212
212
620
1052
1436
1820
2108
2492
2748
3004
3132
3260
3388
3388
3388
3516
3516
3516
3516
3388
3260
3004
2876
2748
2492
2236
2108
1884
1692
1500
1308
1052
844
620
428
228
56
-72
-196
-292
-396
-428
-460
-428
-372
-308
-244
-148
-16
132
324
524
684
924
1052
1308
1564
1692
1980
2108
2236
2364
2364
2620
2748
2876
3004
3260
3388
3516
3644
3644
3516
3388
3260
3260
3132
3004
2876
2620
2364
1980
1628
1180
684
212
-260
-684
-1180
-1692
-2236
-2748
-3260
-3644
-3900
-4348
-4860
-5116
-5372
-5628
-5884
-6140
-6140
-6140
-6140
-6140
-5884
-5884
-5628
-5372
-5372
-5116
-4860
-4604
-4092
-3644
-3132
-2620
-2236
-1820
-1372
-988
-396
120
556
988
1372
1820
2236
2492
2748
3004
3260
3516
3644
3772
3644
3644
3388
3388
3388
3388
3260
3132
2876
2748
2492
2236
1980
1692
1372
1244
1116
988
780
524
292
56
-132
-292
-428
-556
-620
-620
-620
-652
-620
-588
-524
-428
-276
-120
48
260
492
748
988
1180
1372
1564
1820
1980
2108
2236
2364
2492
2620
2748
2876
3004
3132
3260
3388
3644
3644
3644
3516
3388
3260
3132
3132
3004
2748
2492
2236
1884
1564
1116
556
96
-428
-844
-1244
-1820
-2236
-2876
-3260
-3644
-4092
-4348
-4604
-5116
-5372
-5628
-5628
-5884
-5884
-5884
-5884
-5628
-5372
-5116
-5116
-4860
-4860
-4604
-4348
-4092
-3644
-3004
-2492
-1980
-1564
-1244
-876
-492
8
492
924
1308
1628
1980
2364
2620
2876
2876
3004
3132
3260
3260
3132
3004
2748
2748
2620
2620
2492
2236
2108
1820
1628
1372
1116
876
652
524
492
460
356
132
-88
-276
-428
-588
-652
-716
-716
-620
-524
-396
-276
-228
-112
64
228
428
588
780
988
1244
1500
1692
1820
1980
2108
2364
2492
2492
2492
2492
2620
2748
2876
2876
3004
3132
3260
3388
3516
3388
3132
2748
2620
2492
2492
2492
2236
1884
1564
1244
924
396
-228
-748
-1180
-1500
-1820
-2236
-2748
-3388
-3772
-4092
-4348
-4348
-4860
-5116
-5372
-5628
-5628
-5628
-5628
-5628
-5372
-5116
-4860
-4604
-4348
-4348
-4092
-4092
-3644
-3388
-2748
-1980
-1436
-988
-716
-492
-88
244
844
1308
1628
1980
2236
2492
2876
3004
3004
3004
3004
3260
3132
3132
2876
2748
2364
2236
2364
2236
2108
1692
1500
1308
1180
924
716
588
308
276
276
340
260
8
-164
-276
-340
-396
-460
-372
-324
-292
-292
-148
48
112
212
428
748
924
1052
1244
1500
1692
1820
1980
2236
2236
2364
2364
2492
2620
2364
2236
2108
2108
2236
2364
2620
2876
3004
3260
3516
3644
3260
2492
1980
1564
1308
1052
1052
1180
924
460
16
-524
-1116
-1820
-2364
-2620
-2748
-2876
-3004
-3132
-3516
-3772
-4092
-4348
-4604
-4860
-5372
-5372
-5372
-5372
-5116
-4860
-4604
-4348
-4092
-4092
-3772
-3644
-3516
-3388
-3132
-2876
-2364
-1436
-684
-356
-356
-396
-196
-148
164
716
1244
1692
1692
1884
2108
2108
1980
1628
1692
1980
1884
1756
1756
1884
1628
1308
1564
1756
1692
1308
1244
1244
1116
876
780
1052
1116
1116
1116
1308
1436
1116
620
428
492
428
396
748
1116
1116
924
988
1564
1628
1436
1692
1884
2108
1884
1820
2108
2236
2236
2236
2364
2492
2108
1884
2108
2108
1756
1436
1628
1884
2236
2748
3516
4092
4092
4348
4860
4860
3644
2236
1116
588
104
-396
-260
56
-260
-1180
-1980
-2620
-3388
-4348
-4348
-3900
-3644
-3388
-3388
-3132
-3260
-3772
-4348
-4860
-5116
-5372
-5628
-5628
-5628
-5628
-5628
-5116
-4604
-4092
-3900
-3516
-3004
-2620
-2364
-1980
-1628
-1244
-876
340
1980
2620
2236
1628
1564
1116
372
260
780
1436
1372
1180
1308
1244
684
-8
196
1116
1500
1372
1436
1756
1500
428
132
324
164
-372
-460
-56
-308
-876
-1180
-716
-324
-340
-112
460
924
748
340
196
180
120
228
748
1372
1436
1308
1372
1692
1884
1980
2492
3260
3900
4092
4092
4348
4092
3516
3132
3132
3260
3132
2876
2748
2876
2620
2364
2492
2492
2236
2108
2748
3900
4604
4860
5372
5884
5628
3644
988
-988
-2108
-2364
-2364
-1756
-1116
-1180
-1884
-3132
-4348
-5116
-5628
-5372
-4604
-3644
-2876
-2236
-1980
-2364
-3132
-3900
-4604
-5116
-5628
-5884
-5628
-5372
-5372
-5116
-4604
-4092
-3516
-3004
-2492
-2108
-1756
-1308
-1116
-1116
-876
-276
460
924
1180
1884
2492
1980
988
260
8
-428
-716
-396
276
844
780
244
-16
196
324
396
1052
1820
1628
844
588
684
396
-132
-80
196
180
-32
-324
-652
-1116
-1244
-844
164
1052
1308
1372
1372
1244
988
716
684
780
924
1308
1628
1980
1980
1884
1980
2492
3132
3644
3772
4092
4092
3644
3132
2748
2492
2492
2492
2364
2236
1980
1692
1500
1372
1308
1244
1436
1980
2748
3644
4348
4860
5372
5628
5116
3004
24
-1980
-2492
-2364
-2108
-1564
-812
-716
-1628
-3132
-4348
-4604
-4860
-4348
-3260
-2108
-1308
-988
-1052
-1564
-2492
-3772
-4860
-5372
-5628
-5884
-5628
-5116
-4860
-5116
-4860
-4348
-3644
-3260
-3004
-2236
-1372
-812
-716
-748
-524
-324
-180
-148
396
1756
2236
1692
556
-32
-428
-988
-684
228
1308
1692
1308
844
716
780
620
748
1564
2108
1436
812
924
1052
556
132
396
492
164
-340
-556
-716
-876
-620
88
1116
1628
1308
876
652
492
260
164
356
684
1052
1372
1500
1564
1372
1180
1564
2364
3132
3516
3516
3516
3388
2876
2620
2620
2492
2236
2236
2364
2236
1884
1820
1980
2108
1884
1436
1436
1692
2236
3132
4348
5116
5372
5628
5628
4860
2364
-428
-2108
-2236
-1884
-1756
-1180
-620
-748
-2108
-3772
-4604
-4860
-4860
-3900
-2620
-1436
-876
-924
-1308
-2108
-3260
-4604
-5628
-5884
-6140
-6140
-5884
-5628
-5884
-5884
-5628
-4860
-4092
-3388
-2876
-1884
-988
-460
-460
-812
-1052
-924
-196
716
1116
428
-524
-748
-524
-372
-292
196
988
1180
716
556
924
1180
1116
1436
2108
2236
1500
844
1116
1628
1500
1308
1308
1372
988
556
396
428
396
428
988
1692
1884
1436
924
844
988
780
460
396
652
924
1052
1116
1116
1244
1308
1692
2492
3004
3004
2620
2620
2620
2620
2492
2236
2236
2108
1980
1884
1756
1564
1564
2108
2620
2748
2364
1692
1180
924
1180
2236
3644
4604
4860
5372
6140
5628
3772
748
-1436
-1980
-1756
-1436
-988
-196
-88
-1116
-2876
-4348
-4860
-4860
-4092
-2748
-1628
-924
-780
-1116
-1756
-2876
-4092
-5372
-5884
-5884
-6140
-5884
-5884
-6140
-6396
-6396
-5628
-4860
-3900
-3388
-2620
-1500
-684
-588
-1052
-1564
-1308
-588
-396
-812
-1372
-1372
-988
-684
-588
-324
88
164
-40
16
556
988
1116
1308
1980
2364
1884
1180
1180
1692
1756
1628
1820
1884
1692
1180
1052
1244
1436
1308
1372
1884
2108
1820
1436
1436
1692
1692
1436
1244
1244
1116
924
812
988
1244
1372
1564
1980
2364
2108
1980
2236
2620
2748
2748
2748
2620
2236
1820
1500
1564
1756
1884
2236
2620
2876
2492
1884
1308
924
924
1372
2364
3388
4348
4604
5116
5628
5884
4604
2108
-356
-1436
-1244
-988
-812
-492
-292
-844
-2364
-4092
-5116
-4860
-4092
-3004
-1980
-1180
-924
-1308
-1980
-2876
-3900
-5116
-5884
-5884
-5884
-5628
-5884
-6140
-6652
-6908
-6396
-5628
-4604
-3772
-3132
-1980
-1052
-876
-1436
-2108
-2364
-2108
-924
244
356
-524
-1116
-844
-716
-924
-876
-120
780
1052
652
556
1180
1628
1628
1756
2492
2364
1564
1244
1980
2748
2236
1820
1564
1372
1052
780
876
1052
1052
1052
1372
1820
1628
1052
812
1308
1884
1692
1116
716
620
524
372
524
988
1308
1244
1372
1980
2364
2236
2236
2748
3260
3388
3004
2620
2364
1980
1884
1980
1980
2236
2236
2492
2620
2492
1980
1436
1372
1628
2364
3516
4348
4348
4860
5628
6140
5372
2748
340
-924
-988
-1116
-1116
-684
-244
-620
-2108
-3772
-4860
-4860
-4092
-2876
-1756
-1180
-1180
-1564
-1820
-2364
-3388
-4604
-5372
-5372
-5116
-5116
-5372
-5884
-6396
-6908
-6652
-5628
-4604
-4092
-3516
-2492
-1436
-1052
-1500
-2108
-2236
-1980
-1628
-844
588
1308
780
-308
-924
-1180
-1692
-1980
-1244
396
1756
1980
1372
1116
1116
988
924
1500
2364
2364
2108
2364
2876
2492
1436
716
556
812
876
716
684
876
1052
1116
1308
1372
988
588
844
1628
1980
1628
1116
780
652
460
292
492
988
1628
2236
2748
3132
3004
2620
2620
2876
3004
2748
2492
2492
2620
2492
2108
1884
1756
1820
1980
2236
2108
1820
1372
1500
2364
3388
3900
3644
3644
4604
5372
5116
3260
1052
-372
-988
-1308
-1308
-1180
-812
-1052
-1980
-3260
-4348
-4860
-4604
-3516
-2492
-2108
-1980
-2108
-2108
-2364
-3004
-3772
-4604
-4860
-5116
-5116
-5116
-5372
-6140
-6396
-6140
-5628
-4860
-4348
-3772
-2876
-1884
-1244
-1244
-1628
-1884
-1756
-1244
-588
812
2620
2492
924
-1052
-1820
-1980
-1884
-1308
244
2236
2876
1500
72
132
780
1180
1628
2748
3388
2748
2236
2492
2876
1980
748
324
460
684
396
308
588
1116
1308
1180
1116
780
492
684
1820
3132
3132
2108
812
492
524
372
524
1244
2364
2748
2876
3004
2876
2492
2364
3004
3772
3772
3132
2492
2364
2364
2108
1820
1756
1692
1756
1756
1884
1980
1820
1756
2364
3132
3132
2748
2876
4092
5116
4860
2876
460
-1116
-1756
-1980
-1980
-1692
-1372
-1372
-2364
-3644
-4860
-5116
-4604
-3772
-2876
-2748
-2748
-3004
-2876
-2876
-3388
-4092
-4604
-5116
-5116
-5116
-5116
-5372
-5884
-6140
-6140
-5628
-5116
-4860
-4092
-3004
-1884
-1308
-1308
-1564
-1692
-748
924
1564
876
-276
-428
16
112
-324
-556
0
524
292
-244
40
748
1308
1628
2236
2620
2236
1884
2364
3388
3644
2876
1980
1436
1372
1244
1244
1308
1372
1244
1180
1308
1244
1116
1180
1756
2620
3004
2236
1436
1052
1244
1564
1692
1756
1628
1372
1180
1372
1756
1884
2108
2620
3004
2876
2620
2492
2620
2876
2620
2236
1980
1692
1692
1628
1756
1980
1980
1628
1244
1116
1244
1692
2236
2620
2492
2236
2748
3644
3772
2748
1052
-196
-876
-1372
-1692
-1756
-1372
-1116
-1980
-3260
-4348
-4604
-4092
-3644
-3004
-2876
-3004
-3260
-3132
-2876
-3004
-3516
-4092
-4348
-4348
-4348
-4604
-5116
-5372
-5628
-5628
-5116
-4604
-4604
-4348
-3644
-2364
-1436
-1372
-1756
-1884
-1500
-1052
-684
-396
-48
164
196
96
-180
-428
-556
-340
80
492
652
492
460
876
1436
1820
1980
2108
2108
2236
2492
2364
2108
1980
1756
1628
1756
1820
1628
1244
1116
1372
1564
1436
1244
1180
1372
1756
1980
2108
2108
1980
1820
1692
1564
1500
1436
1372
1500
1564
1692
1884
2108
2492
2620
2748
2876
2748
2620
2492
2492
2492
2364
2236
2108
1820
1628
1500
1308
1244
1308
1564
1980
2236
2108
1628
1884
3260
4348
3900
2364
844
-40
-556
-924
-1244
-1052
-844
-1244
-2364
-3516
-4092
-4348
-3772
-3132
-2876
-3132
-3516
-3516
-3132
-2876
-3132
-3772
-4348
-4604
-4604
-4604
-4604
-4860
-5116
-5116
-5116
-4860
-4860
-4860
-4348
-3516
-2492
-1980
-2108
-1980
-1500
-396
40
-228
-556
-396
340
812
924
684
524
396
244
244
588
1116
1180
1308
1372
1628
1628
1820
2108
2364
2620
2108
1820
1628
1628
1564
1692
1692
1308
988
588
460
588
844
1052
1116
1052
876
556
356
556
924
1116
1052
924
844
924
924
988
1116
1308
1564
1820
1884
1980
2108
2364
2492
2620
2492
2364
2364
2364
2492
2620
2620
2492
2236
2108
1980
2108
2236
2620
3004
2876
2364
2876
4092
4604
3900
2364
1436
1180
924
308
8
148
-72
-1244
-2620
-3516
-3644
-3388
-3132
-2876
-3132
-3516
-3900
-3644
-3132
-3132
-3516
-4092
-4348
-4604
-4860
-4860
-4860
-4860
-5116
-5116
-5116
-5116
-5372
-5116
-4348
-3004
-2236
-2492
-3132
-3004
-2236
-1180
-684
-396
40
308
308
104
104
244
340
460
748
1052
924
620
684
1180
1436
1372
1244
1180
1308
1564
1756
1980
2364
2364
1980
1628
1436
1372
1500
1628
1500
1180
748
460
372
492
524
492
524
620
780
844
924
924
924
1180
1372
1500
1372
1180
1244
1628
2108
2236
2236
2236
2108
2236
2364
2620
2876
2876
2748
2620
2492
2492
2492
2364
2364
2364
2364
2492
2620
2620
2492
2492
3004
4092
4348
3644
2620
1820
1500
1052
428
132
260
40
-988
-2364
-3132
-3260
-3132
-3132
-3260
-3388
-3772
-4092
-3772
-3388
-3388
-3772
-4092
-4604
-4604
-4860
-5116
-4860
-4860
-4860
-5116
-5116
-5372
-5372
-5372
-4604
-3388
-2620
-2748
-3132
-3004
-2364
-1500
-1052
-876
-492
104
460
276
132
292
652
924
988
988
924
844
924
1180
1500
1372
1052
1052
1308
1756
1980
2236
2364
2364
2108
1756
1692
1692
1692
1692
1692
1564
1052
556
340
492
620
620
492
396
524
684
716
812
924
988
1052
1180
1308
1244
1244
1500
1884
2108
2108
2108
2236
2364
2492
2876
3004
2876
2748
2620
2748
2748
2492
2492
2620
2748
3004
2876
2748
2492
2492
2876
3516
3900
3388
2492
1980
1820
1500
812
244
228
212
-556
-1820
-2748
-3004
-2876
-3004
-3388
-3644
-4092
-4348
-4092
-3900
-3644
-3900
-4348
-4604
-4604
-4860
-4860
-5116
-4860
-4604
-4604
-4604
-4860
-5116
-4860
-4348
-3644
-3004
-2748
-3004
-3004
-2492
-1564
-924
-748
-524
-72
460
652
556
684
988
1244
1372
1372
1180
924
652
844
1308
1500
1180
844
988
1308
1500
1500
1628
1756
1820
1628
1372
1308
1244
1244
1372
1372
988
428
-56
-120
228
524
492
292
212
356
556
716
924
1116
1244
1308
1500
1564
1564
1564
1820
2108
2364
2364
2492
2620
2748
2876
2876
3132
3132
3004
2876
3004
3004
3004
3004
3260
3388
3132
2876
2620
2748
3260
3644
3644
3132
2364
1820
1692
1244
556
260
212
-32
-1116
-2364
-3004
-2876
-2748
-3260
-3900
-4348
-4348
-4348
-4348
-4092
-4092
-4348
-4604
-4604
-4604
-4860
-4860
-4860
-4604
-4092
-4092
-4348
-4348
-4348
-4092
-3772
-3132
-2876
-3004
-3132
-2876
-2108
-1436
-1052
-684
-276
72
260
396
684
988
1308
1372
1180
844
492
324
492
876
924
812
588
460
428
524
988
1372
1564
1436
1180
1052
988
988
1052
1244
1180
924
556
324
260
356
428
492
372
212
132
292
684
988
1180
1308
1436
1436
1372
1436
1628
1980
2364
2620
2620
2620
2620
2748
2876
3132
3260
3260
3260
3260
3132
3004
3004
3132
3388
3260
3004
2876
2748
3132
3388
3516
3132
2620
2108
1820
1436
1052
748
620
428
-244
-1180
-1980
-2236
-2364
-2748
-3260
-3772
-4092
-4092
-3900
-4092
-4092
-4348
-4348
-4604
-4604
-4604
-4604
-4860
-4604
-4092
-3900
-3772
-3900
-3900
-3772
-3260
-2876
-2876
-3004
-3004
-2748
-2364
-1980
-1628
-1308
-812
-428
-132
132
340
620
1116
1436
1436
1180
988
924
1052
1052
988
844
652
428
260
396
524
652
876
1052
1116
1052
988
1052
1180
1244
1116
924
748
620
492
556
748
844
684
396
244
228
292
428
588
748
844
924
988
1052
1180
1500
1820
2108
2236
2236
2236
2364
2620
2620
2748
2748
2748
2620
2620
2748
2876
3132
3260
3388
3004
2748
2620
2748
3132
3260
3132
2620
1980
1628
1372
1180
844
588
276
-180
-812
-1308
-1500
-1628
-1820
-2364
-3004
-3516
-4092
-4348
-4348
-4092
-4348
-4348
-4604
-4604
-4604
-4604
-4348
-4348
-4092
-4092
-3900
-3772
-3644
-3388
-3260
-3004
-2748
-2748
-2748
-2748
-2364
-1980
-1756
-1564
-1308
-988
-748
-460
-56
396
716
924
1116
1180
1180
1180
1308
1500
1500
1372
1180
1116
988
924
844
876
924
988
1052
1180
1372
1500
1628
1692
1692
1500
1308
1180
1116
1180
1244
1116
988
876
844
748
716
620
556
556
492
556
716
924
1116
1372
1564
1756
1884
1884
1980
1980
2108
2236
2236
2236
2236
2364
2620
2748
2876
2876
2876
2748
2876
3004
3004
2876
2364
2108
1980
1884
1564
1180
844
620
260
-276
-748
-1180
-1436
-1692
-1980
-2108
-2492
-2876
-2876
-3004
-3260
-3644
-4092
-4348
-4604
-4604
-4604
-4604
-4604
-4604
-4348
-4092
-4092
-4092
-3772
-3516
-3132
-2876
-2620
-2492
-2236
-1980
-1692
-1500
-1372
-1116
-876
-716
-556
-396
-340
-180
0
212
460
780
1052
1244
1372
1500
1628
1692
1692
1692
1692
1692
1564
1436
1372
1244
1116
988
924
844
812
876
1052
1244
1244
1180
1116
1180
1180
1116
1052
988
988
924
876
844
876
876
876
988
1052
988
1116
1244
1372
1500
1628
1756
1884
1980
1980
2236
2492
2620
2620
2620
2620
2748
2748
2876
3004
2876
2748
2492
2364
2236
2108
1980
1692
1500
1116
716
340
-80
-428
-780
-1116
-1436
-1884
-2364
-2620
-2876
-3004
-3388
-3644
-3900
-4092
-4092
-4348
-4348
-4348
-4092
-4092
-4092
-4092
-4348
-4348
-4092
-3900
-3772
-3644
-3388
-3260
-2876
-2492
-2108
-1628
-1308
-988
-780
-556
-308
-8
340
556
652
620
652
780
844
924
924
876
812
876
1052
1180
1372
1500
1500
1564
1628
1564
1436
1372
1372
1436
1372
1180
988
748
556
492
460
460
292
244
356
524
588
588
652
812
1052
1180
1244
1308
1372
1500
1628
1628
1628
1564
1564
1692
1820
1980
2236
2364
2364
2492
2492
2492
2492
2620
2748
2876
2876
2876
2748
2364
2108
1980
1692
1500
1244
1052
780
396
16
-196
-340
-556
-876
-1244
-1628
-1884
-2236
-2492
-2748
-3132
-3388
-3644
-3772
-4092
-4092
-4348
-4092
-4092
-4092
-4092
-4092
-3900
-3644
-3516
-3260
-3004
-2748
-2620
-2492
-2236
-2108
-1980
-1884
-1692
-1500
-1308
-1052
-780
-428
-80
228
460
716
924
1116
1308
1436
1500
1500
1500
1436
1372
1372
1372
1436
1372
1244
1052
924
844
844
844
876
988
1052
1052
1116
1052
876
780
652
556
460
396
260
244
260
276
292
308
292
260
428
620
780
988
1180
1436
1628
1820
1884
1980
2108
2108
2364
2364
2236
2108
2108
2108
2236
2364
2364
2364
2236
2108
1980
1820
1692
1564
1436
1372
1244
988
652
340
148
-32
-340
-684
-1052
-1308
-1564
-1820
-1980
-2108
-2236
-2492
-2748
-2748
-2876
-3004
-3132
-3260
-3388
-3516
-3516
-3644
-3516
-3516
-3388
-3132
-3004
-3004
-3004
-2876
-2620
-2364
-2108
-1884
-1628
-1372
-1116
-780
-556
-428
-428
-372
-260
-148
-48
96
228
460
684
924
1052
1116
1244
1436
1628
1756
1820
1756
1692
1628
1564
1500
1436
1372
1308
1244
1180
1052
844
652
588
588
620
652
652
684
716
748
748
748
780
780
780
780
748
748
748
780
844
844
780
812
812
988
1180
1308
1564
1628
1692
1820
1820
1884
1884
1820
1884
1884
1820
1692
1500
1372
1308
1244
1180
1052
924
748
588
524
396
260
64
-164
-324
-556
-780
-988
-1244
-1436
-1756
-2108
-2364
-2492
-2620
-2748
-2748
-2748
-2876
-3004
-3004
-3004
-3004
-3132
-3132
-3132
-3132
-3260
-3388
-3260
-3132
-2876
-2748
-2620
-2492
-2492
-2364
-2108
-1884
-1628
-1436
-1116
-780
-428
-112
148
356
588
716
780
844
924
988
1116
1244
1372
1564
1692
1820
1980
2108
2236
2364
2364
2364
2364
2364
2236
2108
1980
1884
1756
1564
1436
1180
1052
876
716
588
588
620
620
652
652
684
780
812
812
812
748
716
748
812
812
780
748
716
716
652
620
748
924
1116
1372
1500
1500
1500
1500
1500
1628
1628
1692
1628
1564
1372
1116
812
524
340
196
32
-228
-460
-652
-780
-876
-1052
-1244
-1564
-1756
-1980
-2108
-2108
-2364
-2620
-2748
-2876
-3132
-3132
-3260
-3260
-3260
-3260
-3132
-3132
-3004
-3004
-2876
-2748
-2492
-2364
-2236
-2108
-1980
-1820
-1564
-1308
-1116
-924
-812
-684
-492
-260
-16
180
372
620
844
1052
1244
1436
1628
1756
1820
1756
1692
1628
1564
1564
1500
1436
1372
1308
1372
1436
1436
1500
1500
1500
1436
1308
1180
1052
988
844
716
556
428
276
164
112
88
104
56
56
104
196
292
396
556
652
748
876
988
1052
1116
1180
1308
1308
1372
1372
1436
1500
1436
1372
1372
1372
1500
1564
1628
1628
1500
1436
1308
1180
1052
988
876
588
308
8
-308
-620
-924
-1308
-1628
-1884
-2108
-2364
-2492
-2620
-2620
-2748
-2876
-3004
-3004
-3004
-3004
-3004
-3004
-3004
-2876
-2876
-2876
-2876
-2748
-2620
-2364
-2236
-1980
-1820
-1564
-1308
-1052
-780
-524
-340
-180
8
276
492
684
812
924
1052
1180
1308
1372
1436
1500
1564
1628
1756
1820
1820
1820
1884
1884
1884
1820
1692
1564
1372
1308
1180
988
716
524
460
428
396
356
324
260
244
196
212
180
120
104
148
120
32
0
8
32
64
80
120
196
212
308
492
716
844
924
1052
1180
1372
1500
1500
1564
1564
1500
1564
1500
1372
1180
1052
988
988
876
652
492
396
308
196
32
-132
-372
-588
-684
-684
-812
-1052
-1372
-1628
-1884
-2108
-2364
-2620
-2748
-2876
-2876
-2876
-2876
-2876
-2876
-2748
-2620
-2620
-2492
-2492
-2364
-2236
-2108
-1980
-1820
-1628
-1500
-1308
-1116
-924
-748
-556
-372
-180
64
356
620
812
924
1052
1180
1180
1308
1500
1564
1564
1564
1564
1564
1564
1564
1500
1436
1372
1436
1436
1436
1436
1372
1308
1244
1180
1052
876
748
684
620
556
428
212
40
-16
-24
-16
-40
-40
40
148
212
244
308
356
396
428
460
524
588
588
588
652
620
620
620
684
780
876
988
1052
1116
1180
1372
1500
1564
1564
1436
1372
1372
1308
1116
876
684
492
292
80
-132
-372
-524
-620
-716
-844
-1116
-1308
-1500
-1628
-1692
-1692
-1820
-1980
-1980
-2108
-2236
-2492
-2620
-2748
-2748
-2620
-2620
-2620
-2620
-2492
-2364
-2236
-2108
-1980
-1820
-1692
-1500
-1244
-1052
-924
-780
-588
-396
-228
-72
24
164
292
428
588
684
812
924
1052
1116
1244
1244
1372
1436
1436
1436
1436
1308
1308
1308
1244
1180
1116
1052
1052
988
924
924
924
844
716
652
556
492
460
396
396
292
212
120
24
-80
-164
-148
-96
0
80
228
396
492
556
588
652
652
620
620
620
716
748
748
780
812
844
844
876
924
924
988
1052
1052
1052
1052
988
924
924
812
684
556
428
244
-16
-212
-396
-588
-780
-924
-1052
-1180
-1308
-1436
-1564
-1628
-1692
-1756
-1820
-1980
-1980
-1884
-1884
-1884
-1980
-1980
-2108
-2108
-2108
-2108
-1980
-1980
-1884
-1756
-1564
-1372
-1308
-1180
-1052
-812
-620
-396
-164
-8
196
356
556
748
844
844
924
988
1052
1180
1244
1308
1308
1372
1372
1308
1244
1308
1372
1436
1372
1308
1244
1244
1180
1180
1052
876
684
588
556
556
492
428
396
340
276
212
104
56
32
48
96
132
96
0
-72
-64
-24
16
8
48
132
212
308
356
428
396
372
372
356
372
356
396
428
428
396
396
396
428
396
396
460
460
460
428
396
308
212
104
24
-40
-164
-308
-428
-524
-684
-844
-988
-1116
-1180
-1308
-1372
-1436
-1500
-1564
-1628
-1628
-1628
-1756
-1820
-1820
-1756
-1692
-1692
-1628
-1628
-1564
-1564
-1436
-1308
-1244
-1180
-1052
-924
-812
-684
-588
-492
-372
-180
24
244
460
620
812
924
1052
1180
1308
1372
1436
1500
1500
1564
1628
1628
1564
1564
1500
1436
1372
1308
1308
1308
1308
1308
1180
1116
1052
988
924
748
588
396
324
292
276
228
148
104
40
-8
-48
-120
-164
-180
-164
-132
-148
-212
-244
-276
-308
-260
-164
-104
-72
-16
24
56
56
72
72
88
88
104
132
164
180
180
164
132
132
104
120
132
180
196
180
164
112
48
-24
-104
-164
-260
-340
-428
-524
-620
-780
-988
-1052
-1116
-1180
-1308
-1308
-1436
-1500
-1500
-1500
-1500
-1500
-1564
-1564
-1564
-1564
-1436
-1372
-1308
-1180
-1116
-988
-780
-620
-524
-460
-308
-196
-72
-24
0
104
228
372
524
684
844
988
1052
1180
1244
1308
1372
1436
1500
1564
1564
1500
1436
1372
1372
1308
1180
1116
1052
988
924
876
780
716
716
716
684
652
588
524
460
396
324
212
132
72
80
56
16
-16
-80
-148
-196
-244
-244
-228
-180
-132
-104
-80
-64
-40
16
48
88
112
96
96
120
132
132
40
-72
-164
-180
-196
-132
-80
-132
-164
-212
-228
-276
-308
-396
-428
-492
-492
-524
-588
-684
-748
-844
-876
-924
-988
-1052
-1052
-1116
-1116
-1116
-1180
-1180
-1244
-1244
-1244
-1180
-1116
-1052
-988
-988
-924
-876
-844
-844
-780
-716
-588
-492
-372
-244
-120
64
164
260
356
396
460
524
556
588
652
684
780
876
988
1052
1180
1180
1244
1308
1308
1308
1308
1308
1308
1308
1308
1372
1308
1244
1116
1052
988
924
924
876
812
716
652
620
588
588
588
588
556
492
460
428
372
292
228
196
164
120
104
24
-72
-148
-228
-244
-260
-292
-292
-324
-396
-460
-460
-492
-492
-524
-556
-524
-556
-588
-620
-684
-780
-844
-924
-924
-876
-844
-844
-812
-844
-876
-924
-924
-924
-924
-844
-780
-780
-780
-812
-844
-844
-812
-748
-748
-748
-684
-652
-620
-620
-588
-588
-588
-524
-492
-396
-340
-276
-196
-120
-88
-32
0
0
32
56
80
112
164
228
244
292
396
460
524
556
556
588
620
620
588
492
492
492
460
492
524
556
524
524
524
588
620
652
684
748
780
780
812
844
844
812
812
844
876
844
780
716
684
684
716
780
812
924
988
988
924
844
780
780
716
684
588
556
524
460
372
276
180
88
48
-8
-80
-88
-196
-292
-324
-356
-396
-492
-524
-620
-684
-748
-812
-924
-988
-1052
-1180
-1180
-1180
-1244
-1180
-1180
-1116
-1180
-1180
-1244
-1244
-1180
-1180
-1116
-1052
-1052
-988
-924
-844
-780
-748
-716
-684
-588
-492
-428
-372
-340
-356
-356
-356
-324
-276
-212
-132
-48
-8
8
48
80
148
148
104
132
164
212
276
340
372
356
396
428
428
428
460
460
428
396
356
340
340
324
308
324
356
396
396
428
428
460
524
588
620
620
652
716
716
716
780
812
812
812
812
812
780
716
716
684
652
652
684
716
716
652
620
588
556
556
524
492
428
324
244
164
80
-40
-148
-228
-260
-324
-428
-460
-460
-460
-524
-588
-652
-652
-684
-684
-684
-684
-748
-748
-684
-684
-716
-748
-780
-780
-748
-716
-716
-748
-780
-780
-716
-652
-588
-556
-460
-356
-292
-276
-244
-228
-196
-148
-148
-88
-40
-8
-32
-56
-72
-132
-164
-132
-48
0
32
48
56
80
112
148
148
132
104
88
104
112
148
180
196
180
212
276
276
276
260
196
196
212
196
180
180
148
164
196
196
196
212
260
260
276
372
428
492
492
524
524
492
460
492
460
460
460
428
396
372
324
292
260
212
164
164
148
132
132
120
64
8
0
0
32
40
24
0
-64
-132
-164
-212
-308
-428
-556
-620
-620
-588
-556
-556
-556
-556
-524
-460
-356
-292
-276
-260
-228
-228
-260
-276
-324
-372
-372
-356
-340
-340
-340
-308
-292
-196
-120
-56
48
132
180
180
164
180
196
228
244
228
212
212
228
244
180
132
80
48
80
148
196
212
228
276
308
324
324
292
212
180
196
212
228
244
244
212
196
196
228
292
308
292
260
212
120
40
8
0
-24
-56
-72
-72
-112
-112
-80
-72
-32
0
8
24
64
120
120
64
24
-24
-48
-88
-80
-64
-64
-80
-132
-228
-276
-308
-356
-292
-244
-228
-196
-196
-212
-212
-180
-132
-112
-164
-244
-276
-308
-356
-396
-460
-524
-588
-556
-556
-556
-524
-492
-492
-492
-460
-372
-276
-164
-40
-16
-8
0
24
56
80
48
24
8
-8
-16
-16
8
64
104
164
212
292
372
396
460
492
492
492
492
460
428
372
356
324
292
244
228
196
132
120
148
212
244
244
276
324
340
324
308
276
292
260
260
260
244
260
260
212
180
164
164
212
212
196
164
164
120
104
120
104
64
16
0
-8
8
0
-24
-32
-8
24
64
96
88
32
0
-24
-48
-104
-132
-132
-120
-132
-164
-196
-244
-292
-340
-396
-428
-428
-396
-372
-340
-308
-308
-324
-308
-260
-260
-260
-244
-260
-260
-292
-324
-372
-428
-460
-460
-492
-492
-460
-428
-372
-276
-196
-120
-32
32
104
164
164
164
180
164
132
80
48
40
40
72
104
164
228
244
244
260
276
308
396
460
492
492
428
340
324
276
212
196
164
132
96
80
56
48
72
56
80
120
132
112
104
104
96
64
40
32
24
-8
-16
-8
-40
-72
-80
-120
-148
-112
-80
-40
-48
-64
-72
-96
-64
-64
-96
-132
-164
-212
-244
-228
-244
-228
-228
-196
-164
-132
-180
-180
-148
-132
-132
-180
-196
-196
-212
-196
-132
-164
-180
-196
-228
-244
-244
-244
-228
-180
-132
-80
-56
-40
-40
-8
48
112
164
180
164
132
132
120
104
64
56
48
80
120
148
196
244
244
260
324
396
428
460
460
428
396
372
340
324
292
228
196
180
244
244
244
228
196
180
212
212
196
180
180
180
164
148
104
56
16
-16
0
0
0
8
-32
-88
-120
-148
-164
-132
-72
-16
16
24
0
-8
8
40
80
96
64
24
16
8
-8
-80
-120
-80
-48
-40
-56
-48
-64
-72
-96
-120
-180
-244
-292
-308
-340
-324
-356
-428
-428
-428
-428
-428
-460
-460
-460
-460
-460
-492
-524
-556
-524
-524
-524
-492
-492
-492
-524
-460
-428
-356
-308
-292
-260
-196
-120
-56
-16
-16
0
40
88
120
148
164
196
196
212
244
228
212
212
260
324
396
428
460
492
524
524
556
556
524
524
524
524
524
492
460
460
460
428
428
396
396
428
396
372
356
324
276
276
308
324
308
292
244
212
148
132
96
48
0
-48
-48
-56
-64
-80
-132
-164
-132
-96
-88
-56
-56
-64
-56
-32
-48
-64
-72
-96
-104
-112
-112
-112
-112
-164
-164
-164
-196
-244
-276
-276
-276
-308
-372
-396
-396
-396
-396
-428
-396
-428
-460
-492
-460
-460
-428
-428
-428
-428
-460
-492
-492
-428
-396
-356
-308
-244
-212
-180
-132
-96
-88
-88
-88
-72
-48
-16
48
104
148
180
180
180
196
228
276
292
308
324
308
340
340
308
308
308
356
372
356
356
340
340
340
324
324
340
340
324
324
324
308
324
340
324
308
260
228
180
180
196
196
148
120
80
48
32
40
48
40
40
0
0
8
0
0
-8
-40
-48
-96
-148
-148
-120
-104
-88
-40
0
-16
-32
-40
-40
-48
-56
-64
-72
-80
-88
-88
-104
-96
-104
-104
-132
-180
-212
-212
-196
-196
-244
-292
-324
-372
-396
-396
-428
-428
-428
-428
-428
-428
-428
-428
-396
-396
-372
-356
-340
-292
-260
-228
-228
-228
-180
-132
-88
-64
-32
16
32
80
148
196
180
212
276
324
356
356
396
428
428
460
460
460
428
428
460
428
396
356
356
340
340
324
324
324
308
324
292
276
212
164
132
88
96
104
72
64
80
72
48
-8
-80
-120
-148
-148
-112
-104
-96
-88
-72
-80
-80
-96
-96
-88
-80
-88
-132
-164
-180
-164
-120
-88
-80
-80
-104
-80
-72
-56
-16
-8
8
24
8
8
-8
-48
-64
-56
-64
-80
-88
-96
-64
-48
-64
-80
-120
-180
-228
-260
-276
-292
-324
-356
-372
-372
-372
-372
-396
-396
-428
-396
-396
-396
-356
-324
-244
-196
-148
-112
-80
-64
-16
-40
-32
-16
8
88
132
196
228
292
340
396
460
460
460
492
492
492
556
524
524
492
460
460
460
460
428
372
340
356
324
276
212
180
180
164
164
164
148
132
132
112
48
8
0
-40
-72
-120
-164
-180
-180
-148
-148
-196
-244
-244
-228
-228
-196
-148
-148
-148
-120
-104
-132
-180
-196
-164
-132
-120
-120
-112
-104
-104
-48
-8
-8
8
16
16
48
32
24
64
104
96
96
24
-40
-48
-96
-112
-148
-180
-180
-164
-148
-96
-88
-112
-164
-228
-244
-260
-276
-260
-276
-292
-324
-372
-396
-396
-428
-396
-356
-324
-308
-324
-276
-244
-180
-120
-64
-16
8
16
16
0
-24
-32
16
80
132
180
244
244
292
372
428
460
428
428
428
428
460
492
492
492
460
492
492
460
428
396
396
356
324
276
244
212
180
164
148
132
104
112
132
80
32
16
16
-8
-72
-132
-196
-180
-180
-196
-212
-228
-228
-260
-260
-244
-244
-260
-228
-180
-180
-180
-196
-196
-180
-148
-132
-148
-164
-180
-180
-132
-96
-48
-8
24
40
48
56
24
48
64
88
104
64
48
8
-16
-16
-8
-8
0
8
16
48
8
-8
0
-8
-16
-16
8
8
0
-24
-88
-148
-148
-180
-180
-164
-212
-212
-196
-196
-180
-148
-120
-80
-40
-16
0
40
48
48
0
-24
-32
-32
0
8
16
48
72
88
132
180
212
196
196
212
244
276
244
244
244
212
212
164
132
88
48
8
-8
0
-32
-48
-72
-80
-96
-104
-104
-104
-88
-104
-120
-148
-148
-148
-180
-228
-292
-324
-324
-324
-308
-260
-228
-228
-212
-196
-180
-180
-148
-112
-72
-64
-24
40
64
104
148
164
180
164
132
120
132
148
196
228
244
276
276
292
308
308
324
356
372
372
356
308
276
244
228
228
196
180
180
180
148
132
96
40
40
40
24
24
16
-56
-88
-88
-164
-196
-196
-228
-228
-196
-180
-212
-228
-228
-228
-228
-164
-88
-64
-24
-8
0
-48
-64
-80
-64
-64
-40
8
24
40
40
80
112
148
164
148
132
148
164
148
132
164
164
96
64
24
-24
-88
-132
-148
-180
-228
-276
-292
-292
-308
-276
-244
-276
-276
-292
-324
-324
-340
-356
-372
-396
-428
-460
-428
-428
-372
-324
-276
-228
-212
-196
-180
-132
-64
-24
8
32
72
104
132
212
228
212
212
228
228
228
276
324
356
396
396
428
428
428
396
396
428
428
428
396
340
308
276
260
244
228
212
196
180
164
132
88
64
48
32
32
16
8
0
0
-32
-80
-104
-132
-132
-148
-164
-148
-148
-148
-164
-164
-132
-104
-80
-24
0
24
32
24
48
64
40
32
40
32
56
32
16
0
32
48
32
32
0
0
8
0
0
24
-8
-24
-24
-64
-112
-148
-180
-228
-260
-276
-324
-324
-340
-356
-340
-324
-292
-260
-228
-228
-212
-212
-196
-180
-164
-164
-164
-148
-132
-96
-56
-24
-8
0
8
16
48
40
88
148
212
276
324
372
372
372
372
308
260
228
212
180
180
196
212
228
228
228
228
180
164
164
196
196
164
112
56
0
-48
-80
-88
-104
-120
-148
-164
-196
-196
-180
-180
-164
-164
-164
-164
-132
-104
-132
-148
-196
-228
-228
-228
-212
-180
-148
-120
-112
-132
-104
-72
-32
16
80
104
132
148
132
132
88
80
88
72
88
88
56
48
24
48
64
56
48
16
0
-16
0
16
24
0
-8
-16
-24
-72
-132
-148
-196
-228
-244
-244
-260
-292
-292
-276
-228
-180
-132
-112
-96
-56
-64
-40
-32
-16
0
16
40
32
40
64
96
104
112
112
112
132
196
212
244
308
372
396
460
492
492
460
428
428
396
372
324
324
324
324
308
276
244
228
244
228
244
228
212
212
196
148
80
16
-32
-56
-80
-64
-96
-132
-148
-180
-228
-260
-308
-340
-340
