SAMPLES:	7471
BITSPERSAMPLE:	16
CHANNELS:	1
SAMPLERATE:	16000
NORMALIZED:	FALSE
8
8
8
8
0
0
0
0
0
0
0
0
0
0
8
0
0
8
8
0
0
0
0
0
0
0
0
0
0
0
0
0
-8
-8
-8
-8
-16
-8
-16
-16
-16
-8
-8
-8
-8
-8
-16
-8
-8
-8
-8
-8
-8
-16
-16
-16
-8
-8
-8
-8
-8
-8
-8
-8
-8
-8
-8
-8
-8
-8
-8
-8
-8
-8
0
0
0
0
0
0
0
0
0
0
0
0
8
8
8
16
16
16
16
8
8
16
16
16
16
16
16
16
16
16
24
24
16
16
16
16
16
16
16
16
16
16
8
8
16
16
16
8
8
8
8
0
0
0
0
0
0
0
0
0
0
0
0
0
-8
-8
-8
-8
-8
-8
-8
-8
-16
-16
-16
-16
-16
-16
-16
-16
-16
-16
-16
-16
-16
-16
-16
-16
-16
-16
-16
-16
-16
-16
-8
-8
-16
-8
-8
-8
-8
-8
-8
-8
-8
-8
0
0
0
0
0
0
0
0
0
0
0
8
8
8
8
0
8
8
8
8
8
8
8
8
0
8
8
8
8
8
8
8
8
8
8
8
8
8
8
8
0
0
0
0
0
0
0
0
0
0
0
0
0
0
0
0
0
0
0
0
0
0
0
0
0
0
0
0
0
0
0
0
0
-8
0
0
0
0
0
0
0
0
0
0
0
0
0
0
0
0
0
0
0
0
0
0
0
0
0
0
-8
-8
-8
-8
0
0
0
0
0
0
0
0
0
0
0
0
0
0
8
8
0
8
0
0
8
8
8
16
8
8
8
16
16
16
16
8
8
8
8
8
8
8
8
8
8
8
8
8
8
0
0
0
0
0
0
0
0
0
0
0
0
0
0
0
0
0
-8
-8
-8
-8
-8
-16
-16
-16
-16
-16
-16
-16
-16
-16
-16
-16
-16
-16
-16
-16
-24
-16
-16
-16
-16
-16
-16
-16
-16
-16
-16
-16
-16
-24
-24
-24
-16
-16
-16
-8
-8
-8
-8
-8
-8
-8
-8
-8
-8
0
0
0
0
0
0
0
8
8
8
8
8
16
16
8
8
16
16
16
16
16
16
16
16
24
24
24
32
32
32
24
24
24
24
24
24
32
32
32
32
32
24
24
24
24
24
24
24
16
16
16
16
16
8
8
8
8
0
0
0
0
0
0
0
0
0
-8
0
-8
-8
-8
-8
-8
-16
-16
-16
-16
-16
-16
-16
-16
-16
-16
-16
-24
-16
-24
-24
-24
-24
-32
-24
-24
-24
-24
-24
-24
-16
-16
-16
-16
-24
-24
-16
-16
-16
-16
-16
-16
-16
-16
-16
-16
-8
-8
-8
0
-8
-8
0
0
0
0
0
0
0
0
0
0
8
8
8
8
8
8
8
16
16
16
16
16
24
24
24
24
24
24
24
24
24
24
24
24
24
24
24
24
24
24
24
24
24
24
24
24
16
16
16
16
8
8
8
8
8
8
8
8
8
8
0
0
0
0
0
0
-8
-8
-8
-16
-16
-16
-16
-16
-16
-16
-16
-16
-24
-16
-24
-24
-24
-24
-16
-24
-24
-24
-24
-32
-32
-24
-24
-24
-24
-24
-24
-24
-24
-16
-16
-24
-24
-16
-16
-16
-8
-8
0
0
-8
-8
0
0
0
-8
-8
0
0
0
0
0
0
0
0
0
8
8
8
8
8
8
8
8
16
16
16
16
16
8
16
16
16
16
16
16
16
16
16
16
16
16
16
16
16
16
16
16
8
8
16
8
8
16
16
8
8
8
8
8
8
8
8
0
0
0
0
0
0
0
0
0
-8
0
0
0
0
0
0
0
0
-8
0
-8
-8
-8
-8
-8
-8
-8
-8
-8
-8
-8
-16
-16
-16
-16
-16
-16
-16
-16
-16
-16
-16
-16
-16
-16
-8
-16
-8
-8
-8
-8
-8
-8
-8
0
0
0
0
0
0
0
0
0
0
0
0
0
0
0
8
8
8
8
8
8
8
8
8
16
16
16
16
16
16
16
16
16
24
24
24
24
24
24
24
24
16
24
24
24
24
24
24
16
16
16
8
16
16
8
8
0
0
0
0
0
0
0
-8
-8
-8
-16
-16
-16
-16
-16
-16
-24
-24
-24
-24
-24
-24
-24
-24
-24
-32
-32
-32
-24
-24
-24
-24
-24
-24
-32
-32
-32
-32
-32
-24
-24
-16
-16
-8
-8
-8
-8
-8
-8
-8
-8
-8
-8
-8
-8
0
0
0
0
0
0
0
0
0
8
8
8
8
8
16
16
24
24
24
24
24
24
24
24
24
24
24
24
32
32
32
32
32
24
24
24
24
24
32
24
24
24
24
24
24
24
16
16
16
8
8
8
8
0
0
0
0
0
0
0
0
0
0
0
0
0
-8
-8
-8
-16
-16
-8
-8
-8
-8
-16
-16
-16
-16
-16
-16
-16
-16
-16
-16
-16
-16
-24
-24
-24
-24
-24
-24
-24
-24
-24
-24
-16
-16
-16
-8
-8
-8
-8
-8
-8
-8
-8
-8
-8
-8
-8
-8
-16
-8
-8
-8
0
0
8
0
0
0
0
0
0
0
0
-8
-8
0
8
8
8
8
8
8
16
24
24
24
24
24
16
16
24
24
24
32
24
16
16
8
16
16
24
24
16
16
24
16
16
24
16
8
0
0
8
8
8
16
16
8
8
8
0
0
0
0
0
0
0
0
0
-8
-8
-16
-16
-16
-16
-24
-16
-8
-16
-24
-24
-16
-8
-8
-16
-16
-16
-24
-24
-16
-16
-16
-16
-16
-24
-24
-16
-16
-24
-16
0
0
0
0
0
0
-8
-8
-8
-8
-8
0
0
8
8
0
0
0
8
16
16
16
8
16
16
8
8
16
16
16
8
8
0
8
8
8
16
16
8
8
0
0
8
16
16
8
0
0
0
0
0
0
8
8
0
0
0
-8
-8
0
0
0
0
0
-8
0
0
0
0
0
0
0
0
0
-8
-8
0
0
0
0
-8
0
0
-8
-8
-16
-8
-16
-8
-8
-8
-8
-8
-8
-8
-8
0
-8
-8
-8
-16
-16
-16
-16
-16
-8
-16
-8
-8
-8
-8
-8
-8
0
0
0
0
0
0
0
8
8
8
8
8
8
8
8
16
16
24
24
24
24
16
16
16
16
24
16
16
16
8
8
8
0
0
8
24
16
8
16
8
0
8
8
8
8
8
16
16
0
0
0
0
0
0
-8
-8
-16
-16
-8
0
0
0
-8
-16
-16
-16
-16
-8
-8
-16
-16
-16
-16
-16
-16
-24
-32
-32
-32
-32
-32
-24
-16
-16
-16
-8
-16
-16
-24
-24
-16
-16
-16
0
8
40
56
72
132
164
88
-72
-228
-308
-276
-196
-104
8
164
260
196
32
-132
-244
-212
-104
24
164
228
228
196
112
16
-112
-148
-16
196
340
244
40
-72
-132
-148
-132
-80
24
260
340
180
-32
-104
-96
-148
-148
-132
-80
0
112
40
-24
16
40
0
-40
-16
-32
-56
-80
-72
32
180
228
180
164
180
148
64
8
56
164
212
244
276
276
228
164
104
72
88
96
48
56
120
96
-16
-80
-80
-96
-132
-132
-148
-180
-180
-196
-212
-164
-164
-196
-212
-244
-292
-324
-308
-324
-308
-260
-228
-244
-244
-276
-308
-276
-260
-228
-120
-32
-40
-64
-104
-212
-292
-276
-212
-112
16
104
120
64
-16
-148
-196
-112
-24
16
64
120
112
48
-16
-8
80
196
308
396
428
396
308
260
276
308
324
324
396
460
460
428
460
460
372
308
244
180
148
112
120
148
196
228
212
164
132
32
-64
-112
-148
-164
-180
-164
-112
-112
-164
-196
-196
-180
-212
-212
-180
-196
-244
-324
-372
-340
-244
-180
-148
-164
-212
-244
-276
-276
-260
-276
-244
-180
-132
-120
-80
-72
-96
-88
-56
0
32
-8
-112
-212
-308
-372
-356
-260
-104
-8
48
80
80
40
-40
-72
-48
0
56
64
88
148
212
292
396
492
524
492
460
460
460
524
588
684
748
812
812
812
844
812
844
876
924
988
988
924
780
652
492
396
308
260
180
120
56
-24
-212
-428
-588
-748
-924
-1116
-1180
-1308
-1436
-1500
-1564
-1564
-1500
-1436
-1436
-1436
-1436
-1564
-1692
-1692
-1564
-1372
-1244
-1116
-924
-652
-460
-308
-260
-276
-292
-356
-324
-228
-80
112
340
556
684
620
428
292
180
32
-64
8
148
276
396
460
460
396
212
32
-24
0
48
80
132
356
620
716
812
876
876
812
844
924
988
1180
1372
1756
2236
2620
2876
3004
3132
3132
3004
2620
2364
2364
2236
2108
2236
2236
2108
1820
1372
876
244
-396
-1116
-1692
-2236
-2620
-3004
-3132
-3260
-3260
-3388
-3516
-3900
-4348
-4604
-4860
-4860
-5116
-4860
-4348
-3900
-3260
-2620
-1980
-1436
-1116
-876
-780
-588
-324
56
620
1116
1756
2236
2748
3004
3260
3388
3388
3132
2748
2492
2108
1980
1628
1436
1244
1116
876
524
164
-276
-780
-1372
-1756
-2108
-2364
-2364
-2236
-1980
-1884
-1756
-1692
-1500
-1372
-1436
-1500
-1500
-1436
-1244
-1052
-684
-324
-48
308
684
988
1180
1372
1564
1980
2620
3132
3644
4092
4604
4860
4860
4860
4860
4604
4604
4348
4092
3772
3516
3388
3132
2748
2236
1820
1244
460
-244
-1052
-1756
-2364
-2876
-3260
-3644
-3900
-4348
-4348
-4604
-4860
-5116
-5372
-5372
-5628
-5372
-5372
-5116
-4604
-4092
-3644
-3132
-2620
-1980
-1628
-1244
-748
-460
64
428
1116
1820
2620
3260
3644
4092
4092
4092
3772
3644
3388
3132
2748
2492
2236
2108
1820
1500
1180
716
276
-308
-748
-1244
-1820
-2364
-2748
-3004
-3260
-3260
-3132
-3004
-2876
-2620
-2620
-2492
-2620
-2748
-2748
-2620
-2364
-2108
-1692
-1244
-780
-396
-56
340
652
876
988
1372
1756
2236
3004
3772
4604
5372
5884
5884
5884
5628
5628
5372
5116
4860
4860
4604
4604
4348
4092
3900
3388
2748
1980
1116
260
-556
-1308
-1980
-2364
-2876
-3132
-3516
-3772
-4092
-4348
-4860
-5116
-5372
-5884
-6140
-6140
-5884
-5628
-5372
-4860
-4092
-3644
-3260
-2748
-2236
-1980
-1628
-1116
-524
120
844
1564
2364
3004
3516
3900
4092
4092
4092
3772
3516
3260
3004
2748
2492
2236
1980
1436
1052
524
80
-492
-1116
-1692
-2364
-2876
-3260
-3516
-3644
-3772
-3900
-3772
-3644
-3516
-3388
-3388
-3260
-3260
-3132
-2876
-2620
-2236
-1884
-1436
-924
-460
24
460
844
1116
1436
1820
2364
2876
3644
4348
5116
5884
6652
6908
7164
6908
6652
6396
6140
6140
5884
5628
5372
5116
4860
4348
4092
3516
2876
1980
924
-88
-988
-1884
-2620
-3132
-3644
-4092
-4604
-4860
-5372
-5628
-6140
-6396
-6652
-6908
-7164
-7164
-6908
-6652
-6396
-5884
-5372
-4604
-4092
-3644
-3132
-2620
-1980
-1308
-716
32
684
1564
2364
3132
3772
4348
4604
4860
4604
4604
4604
4348
4092
3772
3388
3004
2492
1980
1564
1244
620
16
-620
-1116
-1692
-2364
-2748
-3132
-3388
-3772
-3900
-3900
-3772
-3644
-3516
-3260
-3004
-2876
-2620
-2364
-2108
-1756
-1436
-1052
-620
-180
120
556
1052
1436
1884
2236
2748
3260
3516
4092
4604
5116
5628
6140
6652
6652
6652
6396
6140
5884
5372
5116
4860
4604
4348
3900
3516
3132
2620
2108
1308
556
-292
-1180
-1980
-2748
-3388
-4092
-4348
-4860
-5116
-5372
-5628
-5884
-6140
-6140
-6396
-6396
-6396
-6396
-6396
-5884
-5628
-4860
-4348
-3900
-3260
-2620
-2108
-1628
-1052
-556
132
780
1436
2236
2876
3516
3900
4348
4604
4604
4604
4348
3900
3516
3132
2748
2108
1820
1436
988
620
260
-56
-524
-988
-1564
-2108
-2620
-3004
-3388
-3516
-3644
-3644
-3516
-3260
-3004
-2748
-2492
-2492
-2236
-1980
-1628
-1372
-1052
-748
-460
-132
196
620
988
1436
1820
2236
2492
2876
3260
3644
4092
4604
5116
5628
5884
5884
5884
5628
5372
5116
4860
4604
4092
4092
3644
3260
2876
2364
1884
1436
876
212
-556
-1372
-2108
-2748
-3388
-3900
-4348
-4604
-4860
-5116
-5372
-5628
-5884
-6140
-6140
-6140
-6140
-5884
-5628
-5116
-4860
-4348
-3772
-3260
-2748
-2108
-1564
-876
-180
396
1116
1820
2492
3132
3772
4092
4604
4860
4860
4860
4860
4604
4348
4092
3644
3260
2748
2236
1756
1308
716
104
-372
-924
-1372
-1884
-2364
-2748
-3132
-3516
-3772
-3900
-4092
-4092
-4092
-4092
-3772
-3388
-3004
-2620
-2236
-1980
-1628
-1308
-988
-748
-428
-112
196
556
924
1372
1884
2236
2620
3004
3260
3644
4092
4348
4860
5116
5372
5628
5628
5628
5372
5116
5116
4604
4348
3900
3644
3260
2876
2364
1980
1564
1116
556
8
-652
-1372
-2108
-2748
-3260
-3900
-4348
-4604
-5116
-5372
-5372
-5628
-5628
-5628
-5628
-5628
-5628
-5372
-5116
-4860
-4604
-4092
-3772
-3260
-2748
-2108
-1436
-812
-148
460
1180
1692
2364
2876
3260
3644
3900
4092
4348
4092
4092
3900
3644
3260
2876
2620
2108
1628
1116
588
72
-428
-812
-1308
-1628
-1980
-2364
-2748
-3004
-3132
-3516
-3644
-3644
-3644
-3516
-3388
-3132
-2876
-2492
-2236
-1884
-1500
-1244
-988
-716
-460
-212
64
460
924
1372
1756
2108
2492
2876
3260
3516
3644
3900
4092
4604
4860
5116
5372
5628
5628
5372
5372
5116
4860
4604
4092
3644
3388
3004
2748
2364
1980
1692
1308
812
260
-396
-1116
-1820
-2492
-3004
-3516
-3900
-4348
-4604
-4860
-4860
-5116
-5372
-5372
-5372
-5372
-5372
-5372
-5116
-5116
-4860
-4348
-4092
-3516
-2876
-2364
-1820
-1308
-876
-292
196
716
1308
1756
2236
2492
2748
3004
3004
3132
3004
2876
2620
2236
1980
1756
1500
1116
812
524
196
-164
-620
-924
-1180
-1564
-1884
-2108
-2236
-2364
-2492
-2492
-2492
-2492
-2364
-2108
-1884
-1628
-1372
-1180
-844
-588
-324
-72
132
396
684
924
1244
1692
1980
2236
2620
2876
3132
3388
3644
3772
4092
4348
4604
4860
5116
5116
4860
4604
4348
4348
4092
3772
3388
3004
2748
2364
2108
1628
1244
844
396
-88
-652
-1244
-1820
-2364
-2876
-3388
-3900
-4348
-4604
-4860
-5116
-5116
-5372
-5372
-5372
-5372
-5372
-5116
-4860
-4604
-4348
-3900
-3644
-3132
-2620
-2108
-1692
-1180
-588
-72
556
1116
1628
2108
2620
3004
3260
3388
3516
3388
3388
3260
3004
2876
2620
2236
1980
1692
1308
924
492
88
-276
-652
-1052
-1500
-1820
-2236
-2492
-2748
-2876
-3132
-3132
-3132
-3004
-2876
-2748
-2492
-2236
-1884
-1628
-1308
-988
-620
-324
-80
164
396
748
1052
1372
1756
2108
2364
2748
3004
3132
3260
3388
3644
3900
4092
4348
4348
4604
4604
4604
4604
4348
4348
4092
3900
3516
3260
2876
2492
2108
1820
1436
1052
684
260
-212
-780
-1244
-1756
-2236
-2748
-3260
-3644
-4092
-4348
-4604
-4860
-4860
-4860
-4860
-4860
-4860
-4860
-4604
-4604
-4348
-4092
-3900
-3516
-3132
-2620
-2108
-1628
-1052
-492
16
492
988
1500
1980
2364
2620
2748
2876
3004
2876
2876
2748
2620
2364
1980
1756
1436
1052
716
356
32
-308
-684
-1052
-1372
-1628
-1980
-2236
-2492
-2748
-2876
-2876
-2748
-2748
-2620
-2364
-2108
-1884
-1564
-1244
-924
-652
-428
-196
32
276
492
716
1052
1436
1820
2236
2492
2748
3004
3132
3260
3260
3388
3516
3644
3900
4092
4092
4348
4604
4604
4604
4604
4348
4092
3900
3644
3260
3004
2748
2492
2108
1756
1372
924
428
-80
-620
-1116
-1692
-2236
-2748
-3260
-3772
-4092
-4604
-4860
-5116
-5372
-5372
-5372
-5372
-5372
-5372
-5116
-5116
-4860
-4604
-4348
-4092
-3516
-3004
-2620
-2236
-1628
-1116
-620
-64
460
1052
1628
2108
2364
2492
2748
2748
2620
2620
2492
2492
2236
1980
1820
1564
1308
924
620
372
88
-276
-588
-876
-1180
-1500
-1692
-1756
-1884
-1980
-2108
-2108
-2108
-1980
-1756
-1436
-1116
-876
-684
-428
-180
32
308
588
844
1116
1372
1628
1884
2108
2364
2748
3004
3132
3388
3516
3388
3516
3388
3388
3516
3516
3644
3644
3772
3900
4092
4092
4092
3900
3772
3516
3132
2748
2492
2108
1756
1308
924
588
212
-104
-492
-924
-1308
-1820
-2364
-2876
-3388
-3900
-4348
-4604
-4860
-4860
-5116
-5116
-5116
-5116
-5116
-4860
-4604
-4604
-4348
-3900
-3644
-3260
-2876
-2492
-2108
-1756
-1308
-780
-292
228
652
1052
1308
1564
1820
1980
2108
2108
2108
1980
1820
1628
1436
1244
988
748
524
244
48
-180
-396
-684
-924
-1244
-1500
-1692
-1820
-1884
-1884
-1820
-1756
-1628
-1500
-1372
-1116
-924
-684
-396
-88
180
460
684
924
1052
1180
1436
1628
1820
1980
2108
2364
2620
2748
2748
2876
2876
2876
3004
3132
3260
3260
3388
3644
3772
3900
4092
4092
4092
3900
3644
3388
3004
2748
2364
1980
1628
1244
924
556
228
-164
-620
-1052
-1564
-1980
-2492
-3004
-3516
-3900
-4348
-4604
-4860
-5116
-5116
-5116
-5116
-4860
-4860
-4604
-4348
-4348
-4092
-3772
-3388
-3004
-2620
-2108
-1756
-1244
-780
-372
120
620
1180
1628
2108
2364
2620
2748
2876
2748
2748
2492
2364
2108
1980
1692
1372
1116
780
460
112
-228
-460
-748
-1052
-1308
-1564
-1756
-1884
-1980
-1980
-1884
-1884
-1820
-1628
-1436
-1180
-988
-716
-492
-244
-16
132
396
652
844
1052
1244
1500
1692
1884
2108
2364
2492
2620
2748
2748
2748
2748
2748
2876
3004
3132
3260
3516
3772
4092
4092
4092
4092
4092
3772
3516
3004
2620
2236
1884
1500
1052
684
324
-8
-340
-748
-1180
-1692
-2108
-2620
-3132
-3644
-4092
-4348
-4860
-5116
-5372
-5372
-5628
-5628
-5372
-5372
-5116
-4860
-4604
-4348
-4092
-3772
-3388
-3004
-2620
-2236
-1884
-1372
-924
-396
196
684
1308
1820
2236
2620
3004
3132
3260
3260
3004
2748
2492
2236
1980
1692
1436
1180
924
716
428
196
-24
-260
-556
-876
-1180
-1436
-1628
-1820
-1884
-1820
-1756
-1564
-1244
-1052
-748
-460
-212
8
212
428
620
812
924
988
1116
1308
1564
1756
2108
2364
2620
2748
3004
3004
3132
3004
3004
3004
3004
3004
3004
3004
2876
3004
3132
3260
3260
3132
3004
2748
2620
2364
1980
1756
1500
1308
924
556
148
-228
-556
-876
-1180
-1500
-1884
-2108
-2492
-3004
-3388
-3644
-3900
-4092
-4348
-4604
-4604
-4604
-4604
-4604
-4348
-4092
-3900
-3644
-3388
-3132
-2748
-2492
-2108
-1884
-1628
-1308
-876
-492
-148
244
652
988
1244
1500
1628
1756
1820
1692
1628
1500
1308
988
748
524
308
72
-80
-180
-324
-460
-588
-716
-844
-988
-1116
-1116
-1052
-988
-924
-844
-684
-524
-396
-164
132
356
556
748
988
1180
1244
1436
1564
1692
1756
1820
1980
1980
1980
1980
2108
2108
2108
2108
2108
2236
2236
2364
2364
2492
2492
2492
2620
2620
2620
2620
2492
2492
2236
2108
1820
1628
1436
1052
748
492
244
56
-212
-460
-748
-1052
-1436
-1756
-2108
-2364
-2876
-3260
-3516
-3772
-4092
-4092
-4092
-3900
-3900
-3644
-3516
-3388
-3260
-3132
-3004
-2748
-2492
-2236
-1980
-1564
-1180
-780
-428
-40
228
556
876
1052
1308
1564
1756
1820
1820
1820
1692
1500
1180
988
844
620
428
212
-32
-276
-524
-716
-780
-812
-876
-988
-1116
-1180
-1244
-1308
-1308
-1244
-1244
-1116
-876
-556
-276
40
308
556
844
988
1116
1244
1372
1436
1500
1564
1692
1820
1884
2108
2236
2236
2364
2492
2492
2492
2492
2364
2364
2364
2364
2364
2364
2364
2492
2620
2620
2492
2492
2364
2108
1980
1756
1628
1436
1116
780
460
148
-120
-396
-716
-1052
-1372
-1756
-2108
-2492
-2748
-3132
-3388
-3644
-3900
-4092
-4348
-4348
-4348
-4348
-4604
-4348
-4348
-4092
-3772
-3516
-3260
-3004
-2748
-2364
-2108
-1692
-1308
-924
-556
-148
228
620
924
1244
1500
1756
1980
2108
2108
2108
1884
1692
1500
1308
1116
876
748
588
428
228
104
32
-104
-260
-396
-524
-652
-780
-876
-924
-924
-812
-684
-492
-276
-48
148
372
620
844
1052
1180
1308
1308
1372
1436
1436
1564
1564
1692
1884
1980
2108
2236
2236
2108
1980
1884
1756
1692
1692
1692
1820
1884
1980
2108
2364
2492
2492
2492
2492
2492
2364
2108
1884
1692
1564
1308
1052
780
492
260
16
-292
-620
-924
-1308
-1692
-1980
-2364
-2748
-3004
-3388
-3644
-3900
-4092
-4348
-4348
-4604
-4604
-4348
-4348
-4092
-3900
-3644
-3388
-3132
-2876
-2620
-2364
-2108
-1692
-1436
-1052
-652
-260
132
460
812
1116
1372
1564
1628
1692
1564
1436
1308
1116
924
780
620
460
396
340
292
260
212
196
132
80
64
0
0
-8
16
64
104
228
308
460
620
748
924
1116
1244
1372
1500
1564
1564
1564
1500
1436
1372
1308
1244
1244
1244
1244
1244
1308
1372
1436
1500
1436
1372
1372
1372
1372
1372
1372
1436
1564
1692
1820
1884
1980
2108
2236
2108
1980
1756
1564
1308
1052
844
556
292
40
-244
-556
-780
-1052
-1372
-1692
-1980
-2364
-2620
-2876
-3132
-3388
-3516
-3772
-3900
-4092
-4092
-4092
-3900
-3772
-3644
-3388
-3260
-3004
-2748
-2492
-2236
-2108
-1820
-1564
-1436
-1180
-988
-812
-556
-276
-8
228
460
620
748
844
812
716
716
684
620
492
396
396
396
428
460
588
748
812
876
924
924
924
988
1052
1052
1116
1180
1244
1244
1308
1436
1564
1628
1692
1692
1692
1692
1692
1628
1564
1500
1436
1372
1244
1180
1180
1052
1052
1052
1052
988
1116
1116
1180
1372
1436
1564
1692
1820
1980
1980
1980
2108
1980
1884
1756
1564
1308
1180
924
652
396
120
-164
-492
-812
-1116
-1436
-1692
-1980
-2236
-2620
-2876
-3132
-3388
-3644
-3772
-3900
-4092
-4092
-4092
-3900
-3900
-3644
-3516
-3388
-3132
-3004
-2748
-2364
-2108
-1884
-1628
-1372
-1180
-876
-620
-372
-80
164
428
620
844
988
1180
1244
1244
1244
1180
1180
1116
1052
1116
1116
1052
924
876
876
844
876
876
844
844
812
780
812
812
812
924
988
1116
1180
1180
1244
1308
1244
1244
1244
1244
1180
1116
1052
988
924
924
924
924
924
876
876
924
988
1052
1116
1244
1436
1564
1692
1820
1884
1980
1980
1980
1980
1884
1820
1628
1372
1180
988
748
524
276
56
-180
-396
-684
-924
-1244
-1564
-1820
-2236
-2492
-2748
-3004
-3260
-3388
-3516
-3644
-3772
-3772
-3772
-3644
-3644
-3516
-3388
-3260
-3132
-3004
-2876
-2620
-2492
-2236
-1980
-1628
-1308
-988
-684
-372
0
260
460
652
748
844
876
924
1052
1116
1180
1180
1244
1180
1180
1180
1180
1116
1116
1052
1116
1116
1052
1052
988
988
924
876
812
844
924
988
988
1116
1244
1372
1436
1436
1500
1500
1436
1372
1308
1116
1052
924
844
876
844
844
924
988
1052
1116
1180
1308
1372
1372
1436
1436
1564
1628
1564
1500
1500
1436
1308
1116
988
812
652
492
292
132
-56
-244
-460
-716
-988
-1244
-1500
-1820
-2108
-2364
-2620
-2748
-2876
-3004
-3132
-3260
-3260
-3388
-3388
-3388
-3260
-3260
-3004
-2876
-2748
-2492
-2236
-2108
-1820
-1628
-1436
-1180
-924
-652
-428
-228
16
260
428
620
812
924
988
1052
1052
1052
988
988
988
924
876
812
684
620
620
588
556
588
556
556
556
556
620
716
812
924
1052
1116
1244
1308
1372
1436
1500
1564
1628
1628
1628
1564
1564
1500
1436
1436
1436
1436
1500
1564
1564
1564
1500
1436
1436
1436
1436
1308
1244
1116
1052
924
844
780
684
588
428
276
148
-8
-148
-372
-652
-924
-1116
-1436
-1628
-1884
-2108
-2364
-2620
-2748
-3004
-3132
-3260
-3388
-3388
-3388
-3388
-3388
-3260
-3260
-3132
-3132
-2876
-2748
-2364
-2108
-1820
-1500
-1180
-924
-684
-492
-260
8
260
524
780
988
1180
1308
1500
1628
1692
1756
1756
1756
1692
1628
1500
1436
1244
1052
924
748
620
556
460
372
292
228
196
164
132
180
244
324
428
556
620
716
812
924
1052
1180
1244
1308
1372
1372
1372
1436
1500
1628
1692
1756
1820
1756
1692
1692
1692
1628
1628
1628
1628
1628
1564
1564
1564
1500
1436
1308
1180
924
748
492
244
32
-196
-428
-684
-924
-1180
-1372
-1628
-1980
-2236
-2364
-2620
-3004
-3260
-3388
-3516
-3644
-3772
-3772
-3772
-3772
-3772
-3644
-3644
-3516
-3260
-3132
-2876
-2620
-2364
-1980
-1628
-1244
-988
-652
-340
-8
276
460
684
924
1180
1308
1564
1692
1884
1980
1980
2108
2108
1980
1884
1820
1692
1564
1436
1244
988
844
620
396
212
80
-8
-64
-72
-40
-104
-104
-64
-32
64
180
260
308
396
492
588
684
812
924
1052
1244
1372
1500
1564
1692
1820
1884
1980
1980
1980
1980
1980
1980
1980
1820
1820
1756
1628
1564
1436
1244
1180
1116
988
844
652
460
228
16
-196
-492
-812
-1052
-1244
-1436
-1628
-1820
-2108
-2364
-2492
-2748
-2876
-3004
-3132
-3260
-3388
-3388
-3388
-3260
-3132
-3004
-2876
-2748
-2620
-2364
-2236
-1980
-1692
-1436
-1116
-812
-524
-260
-48
132
356
588
748
924
1116
1180
1244
1372
1436
1500
1564
1564
1564
1500
1436
1308
1180
988
780
588
396
228
88
-72
-260
-372
-428
-492
-492
-492
-492
-460
-428
-396
-308
-228
-112
56
244
428
588
748
924
1180
1308
1436
1628
1756
1980
1980
2108
2236
2364
2364
2364
2364
2492
2492
2364
2364
2236
2108
1980
1820
1628
1500
1308
1116
876
652
372
164
-80
-324
-588
-844
-1116
-1372
-1564
-1820
-1980
-2108
-2364
-2492
-2620
-2748
-2876
-3004
-3132
-3132
-3132
-3132
-3132
-3132
-3004
-2876
-2748
-2620
-2492
-2236
-2108
-1820
-1564
-1372
-1116
-876
-620
-396
-120
164
396
652
812
924
1052
1180
1244
1308
1436
1436
1436
1436
1436
1372
1244
1180
1052
876
748
652
556
396
244
180
88
-16
-40
-104
-228
-260
-276
-276
-244
-148
-120
-88
32
180
324
428
556
684
844
988
1180
1436
1564
1756
1820
1980
2108
2108
2236
2364
2364
2364
2364
2236
2236
2108
2108
2108
2108
1980
1820
1628
1436
1180
924
716
460
212
-48
-340
-620
-924
-1180
-1436
-1692
-1884
-2108
-2364
-2492
-2620
-2876
-2876
-3004
-3132
-3260
-3260
-3260
-3260
-3260
-3132
-3004
-2876
-2748
-2492
-2364
-2108
-1980
-1692
-1436
-1180
-988
-748
-524
-308
-112
40
212
396
524
684
812
924
1052
1116
1180
1180
1180
1116
1052
988
924
924
844
812
716
620
492
396
292
196
96
64
56
40
16
48
72
148
244
228
260
308
372
460
556
652
716
812
924
1052
1244
1372
1564
1628
1820
1980
2108
2108
2108
2108
2108
2108
2108
2108
1980
1980
1820
1692
1564
1436
1308
1180
1052
876
716
492
228
0
-292
-556
-844
-1052
-1308
-1500
-1692
-1884
-1980
-2108
-2108
-2236
-2364
-2364
-2364
-2364
-2364
-2364
-2364
-2364
-2364
-2236
-2108
-2108
-1980
-1820
-1628
-1500
-1308
-1180
-988
-844
-684
-556
-460
-324
-244
-180
-96
-24
48
132
228
292
396
460
492
556
620
556
524
492
396
260
196
120
88
64
-8
-72
-96
-40
-8
56
148
180
180
228
276
292
340
428
492
588
652
780
844
924
1052
1116
1244
1436
1564
1692
1756
1820
1884
1980
1980
1980
1980
1980
1980
1820
1820
1756
1628
1564
1436
1308
1244
1116
924
780
620
460
228
40
-164
-396
-620
-812
-988
-1180
-1308
-1436
-1564
-1692
-1820
-1820
-1884
-1884
-1884
-1884
-1884
-1980
-1980
-1884
-1980
-1884
-1884
-1820
-1820
-1756
-1692
-1564
-1372
-1244
-1116
-988
-812
-716
-620
-524
-492
-428
-396
-324
-308
-292
-228
-212
-148
-64
8
72
132
180
196
196
196
196
196
180
164
148
104
96
96
148
180
228
276
308
356
428
524
620
716
844
876
924
1052
1052
1116
1180
1180
1244
1308
1372
1436
1500
1564
1564
1628
1628
1628
1692
1692
1692
1692
1628
1500
1500
1436
1308
1244
1180
1052
988
876
748
652
556
492
372
196
24
-132
-324
-460
-556
-748
-876
-988
-1116
-1244
-1244
-1308
-1308
-1372
-1436
-1500
-1564
-1628
-1692
-1756
-1820
-1756
-1820
-1820
-1820
-1756
-1692
-1628
-1564
-1500
-1436
-1372
-1244
-1180
-1116
-1052
-988
-988
-924
-924
-876
-844
-748
-652
-588
-524
-396
-356
-260
-164
-120
-88
-56
0
40
64
104
180
228
260
260
292
308
324
324
340
428
524
588
716
812
924
988
1052
1180
1244
1244
1308
1308
1308
1308
1372
1372
1436
1500
1628
1692
1756
1820
1820
1820
1756
1692
1628
1564
1500
1436
1372
1308
1244
1180
1116
1052
988
876
780
652
524
396
244
96
-24
-120
-244
-356
-524
-620
-684
-780
-876
-924
-1052
-1180
-1244
-1308
-1372
-1372
-1436
-1436
-1500
-1500
-1564
-1628
-1692
-1692
-1628
-1628
-1628
-1628
-1628
-1628
-1564
-1564
-1564
-1500
-1436
-1372
-1308
-1308
-1244
-1244
-1180
-1116
-1052
-988
-924
-812
-748
-652
-556
-460
-396
-292
-164
-88
16
120
180
244
308
396
460
524
588
620
652
684
780
844
924
988
1116
1180
1308
1372
1436
1500
1564
1564
1564
1564
1564
1564
1500
1500
1500
1500
1564
1628
1628
1628
1628
1564
1500
1436
1436
1308
1244
1116
1052
924
812
684
556
460
356
276
196
112
32
-56
-148
-212
-340
-460
-588
-684
-780
-844
-844
-876
-924
-924
-988
-988
-988
-988
-1052
-1052
-1052
-1116
-1180
-1244
-1308
-1308
-1372
-1372
-1372
-1372
-1372
-1372
-1436
-1372
-1372
-1308
-1308
-1308
-1372
-1372
-1372
-1372
-1372
-1372
-1308
-1244
-1180
-1116
-1052
-924
-844
-748
-652
-556
-460
-372
-292
-196
-72
16
112
228
340
428
556
716
812
924
1116
1180
1244
1308
1308
1372
1500
1564
1628
1628
1692
1692
1692
1756
1820
1820
1820
1820
1820
1820
1756
1756
1628
1564
1500
1436
1372
1308
1180
1116
988
924
844
748
684
588
524
460
356
292
228
148
48
-64
-164
-276
-372
-460
-556
-652
-748
-780
-812
-812
-812
-844
-844
-876
-924
-1052
-1116
-1180
-1180
-1180
-1180
-1244
-1244
-1244
-1308
-1244
-1308
-1244
-1308
-1308
-1308
-1308
-1308
-1308
-1308
-1308
-1308
-1308
-1308
-1308
-1308
-1372
-1308
-1308
-1308
-1244
-1244
-1180
-1116
-1052
-988
-924
-876
-780
-652
-556
-428
-292
-180
-88
8
132
228
356
492
684
812
924
1052
1116
1244
1308
1436
1500
1564
1628
1692
1756
1820
1980
1980
1980
2108
2108
2108
2108
2108
2108
2108
2108
1980
1884
1756
1692
1564
1500
1436
1308
1244
1180
1052
988
876
780
684
588
460
340
244
72
-64
-180
-324
-460
-556
-620
-684
-748
-812
-812
-876
-924
-988
-1052
-1052
-1116
-1180
-1244
-1244
-1244
-1308
-1372
-1308
-1308
-1308
-1308
-1308
-1244
-1244
-1244
-1180
-1116
-1116
-1116
-1116
-1180
-1180
-1180
-1180
-1180
-1180
-1244
-1244
-1244
-1308
-1372
-1372
-1308
-1308
-1244
-1244
-1180
-1116
-1052
-988
-924
-876
-780
-716
-588
-492
-396
-308
-164
-56
88
228
356
524
652
716
812
924
988
1116
1180
1308
1436
1500
1628
1628
1692
1756
1820
1884
1980
1980
1980
1884
1884
1884
1820
1756
1756
1692
1628
1564
1436
1436
1372
1244
1180
1116
1052
924
844
748
652
524
428
340
228
96
-40
-132
-196
-260
-340
-396
-428
-460
-492
-556
-588
-652
-716
-748
-780
-780
-780
-844
-844
-844
-844
-844
-812
-780
-716
-652
-620
-556
-492
-492
-492
-492
-492
-556
-588
-588
-684
-684
-716
-748
-780
-812
-876
-924
-988
-988
-988
-1052
-1116
-1116
-1244
-1244
-1244
-1308
-1308
-1244
-1180
-1180
-1116
-1052
-988
-876
-812
-716
-588
-524
-396
-260
-148
-56
48
132
212
292
460
588
716
812
924
1052
1180
1372
1436
1500
1564
1564
1564
1628
1692
1692
1692
1692
1692
1692
1692
1692
1628
1564
1436
1308
1244
1180
1116
1052
924
876
780
716
620
524
428
324
212
48
-72
-196
-308
-396
-524
-588
-588
-652
-716
-716
-780
-812
-876
-924
-924
-988
-988
-924
-924
-876
-812
-780
-716
-684
-652
-620
-620
-588
-556
-524
-492
-492
-492
-524
-556
-556
-556
-556
-588
-556
-556
-556
-524
-556
-588
-620
-684
-748
-780
-812
-812
-812
-812
-716
-684
-620
-492
-428
-340
-244
-180
-88
-24
24
56
40
48
112
120
180
276
372
492
620
748
876
988
1052
1180
1244
1308
1308
1372
1372
1436
1436
1436
1372
1372
1372
1436
1436
1436
1372
1308
1244
1116
1052
988
924
924
780
684
588
524
396
276
180
112
56
-64
-180
-308
-460
-588
-684
-748
-844
-876
-924
-924
-924
-924
-988
-988
-988
-988
-988
-988
-988
-988
-988
-924
-876
-812
-748
-684
-620
-620
-588
-524
-492
-492
-428
-428
-460
-428
-460
-460
-492
-492
-460
-460
-460
-460
-460
-492
-556
-556
-588
-620
-620
-652
-652
-684
-684
-652
-620
-556
-492
-460
-372
-308
-244
-196
-164
-164
-148
-56
0
72
180
244
308
396
460
588
652
812
924
1052
1116
1180
1244
1244
1244
1308
1372
1372
1436
1436
1436
1436
1436
1372
1308
1244
1180
1116
1052
924
876
780
716
652
556
460
428
324
260
212
132
24
-40
-112
-196
-260
-356
-428
-460
-492
-556
-588
-620
-620
-620
-620
-620
-620
-620
-588
-524
-492
-460
-428
-340
-244
-196
-132
-64
-16
0
16
24
0
0
-16
-48
-56
-40
-72
-104
-148
-196
-228
-324
-396
-460
-556
-620
-684
-780
-812
-844
-924
-924
-988
-988
-988
-1052
-988
-988
-988
-924
-924
-780
-716
-620
-556
-460
-396
-292
-228
-148
-56
0
80
164
260
372
460
556
652
780
876
988
988
1052
1052
1116
1116
1116
1180
1180
1116
1116
1052
1052
988
924
876
812
748
684
588
492
372
244
132
64
0
-48
-132
-196
-244
-308
-396
-460
-524
-588
-652
-716
-748
-780
-812
-844
-844
-844
-812
-716
-652
-588
-524
-492
-428
-396
-308
-260
-212
-180
-180
-104
-32
32
132
164
244
308
324
324
324
324
292
260
228
196
180
132
96
80
88
96
96
88
48
-16
-56
-80
-104
-148
-164
-196
-196
-180
-164
-112
-48
8
16
40
72
112
148
196
244
276
292
340
396
428
492
524
556
588
652
684
652
652
684
684
684
684
684
684
652
588
556
524
492
460
396
324
244
164
104
56
-16
-104
-164
-228
-324
-396
-460
-492
-524
-556
-588
-620
-652
-684
-748
-780
-780
-812
-844
-844
-924
-876
-924
-924
-876
-812
-812
-748
-684
-620
-556
-524
-460
-428
-396
-428
-428
-396
-372
-324
-260
-212
-180
-112
-96
-88
-88
-120
-104
-80
-96
-96
-88
-88
-80
-80
-112
-104
-112
-112
-80
-72
-56
0
8
0
40
88
104
164
212
260
308
356
396
428
460
492
556
620
652
748
780
812
876
924
876
876
876
844
876
876
924
924
924
924
988
988
924
924
924
876
876
812
748
716
652
556
460
372
292
196
88
24
-48
-120
-180
-244
-308
-356
-396
-460
-524
-556
-588
-652
-684
-748
-780
-844
-876
-924
-924
-924
-876
-812
-748
-716
-684
-652
-620
-556
-492
-460
-396
-396
-372
-396
-396
-356
-324
-292
-260
-228
-196
-164
-164
-148
-120
-120
-132
-148
-180
-212
-244
-276
-308
-340
-356
-396
-372
-356
-324
-276
-228
-228
-180
-132
-164
-148
-112
-80
-72
-40
0
8
40
72
120
212
260
324
396
428
460
492
524
556
620
620
620
620
620
652
684
684
748
748
780
780
780
748
748
684
652
620
524
428
356
324
260
180
132
72
24
-8
-56
-112
-164
-212
-260
-292
-308
-324
-372
-396
-428
-428
-460
-460
-460
-428
-460
-428
-460
-460
-428
-428
-428
-428
-396
-356
-356
-324
-292
-260
-228
-196
-164
-132
-112
-96
-96
-132
-132
-72
-64
-16
8
24
32
0
0
0
0
16
40
16
0
-32
-32
-16
-16
0
32
56
56
64
88
56
64
48
24
48
56
48
64
72
64
104
132
164
196
180
212
260
276
292
292
292
292
308
324
340
396
396
396
372
372
372
372
356
372
356
340
340
308
292
244
228
212
180
132
72
8
-24
-16
-40
-32
-16
-56
-72
-96
-132
-164
-212
-244
-276
-292
-308
-340
-372
-396
-460
-460
-492
-524
-556
-588
-620
-652
-652
-652
-652
-588
-556
-556
-524
-492
-460
-460
-396
-396
-372
-340
-308
-276
-260
-244
-228
-180
-164
-132
-88
-32
16
56
112
148
180
212
228
276
308
308
292
292
276
244
244
244
244
276
260
276
308
324
308
292
324
340
372
372
396
428
396
396
396
428
428
460
492
492
492
492
492
460
428
428
428
428
396
396
396
396
372
340
308
292
260
196
148
104
56
32
8
8
8
16
-16
-16
-32
-72
-72
-132
-180
-212
-260
-324
-356
-396
-428
-460
-492
-524
-524
-524
-524
-524
-524
-524
-556
-524
-524
-524
-492
-492
-492
-460
-460
-460
-460
-396
-356
-292
-244
-196
-132
-132
-112
-80
-88
-80
-64
-56
-40
-24
-16
0
32
48
64
88
80
112
132
148
164
148
132
96
72
48
0
-32
-32
-48
-72
-80
-72
-80
-96
-80
-88
-112
-120
-132
-104
-64
-16
8
72
96
104
132
112
104
120
112
112
132
164
196
196
212
244
276
308
324
356
340
308
324
324
340
356
356
372
372
428
428
396
428
396
396
324
276
260
212
180
164
104
72
64
16
-16
-32
-64
-96
-104
-132
-148
-196
-212
-180
-196
-228
-196
-212
-276
-228
-228
-260
-244
-244
-228
-196
-164
-148
-120
-112
-120
-96
-112
-112
-96
-88
-56
-24
8
64
96
132
132
132
104
80
64
56
32
48
64
40
8
8
-16
-64
-72
-104
-112
-104
-120
-148
-148
-164
-164
-148
-148
-132
-132
-148
-180
-180
-148
-132
-112
-104
-88
-88
-80
-88
-88
-64
-80
-88
-56
-40
-48
-32
-8
16
48
96
132
164
164
164
164
132
96
72
96
96
104
132
112
80
72
72
80
48
40
40
16
0
-32
-56
-88
-132
-132
-132
-132
-132
-164
-212
-212
-228
-212
-180
-164
-148
-148
-132
-148
-132
-120
-120
-120
-96
-112
-80
-64
0
56
64
96
132
180
180
228
244
260
276
308
324
340
340
340
356
308
308
292
276
260
228
196
180
196
164
164
120
96
80
48
16
0
-32
-48
-48
-32
-16
-32
-24
-40
-40
-40
-24
-32
-72
-88
-112
-148
-180
-164
-164
-180
-164
-132
-96
-48
-16
24
56
80
88
96
112
132
132
148
180
164
196
180
148
148
132
104
88
104
88
72
56
40
40
48
48
24
0
-48
-56
-104
-132
-164
-212
-228
-244
-276
-308
-340
-356
-372
-356
-356
-340
-340
-356
-340
-340
-324
-308
-260
-228
-212
-212
-212
-196
-196
-180
-148
-132
-80
-64
-40
-8
0
16
40
40
32
32
24
24
32
48
72
88
88
80
64
56
48
40
32
8
24
24
24
32
16
24
24
24
24
24
32
8
16
0
-8
-16
-16
0
8
40
40
56
96
132
164
196
212
244
244
228
260
244
260
292
324
340
396
428
428
428
428
396
396
396
356
308
292
260
244
244
212
180
148
104
48
24
8
-24
-56
-88
-112
-132
-164
-180
-148
-148
-196
-228
-260
-260
-292
-308
-308
-292
-244
-212
-164
-132
-120
-104
-56
-32
-32
-24
-16
-40
-32
-24
-32
-24
-32
-40
-48
-24
-16
-8
0
-24
-16
-24
-40
-32
-16
-40
-64
-72
-96
-120
-132
-132
-148
-148
-132
-120
-104
-96
-112
-132
-104
-96
-132
-112
-88
-132
-132
-164
-196
-212
-180
-180
-164
-164
-164
-132
-120
-88
-64
-40
-64
-72
-56
-48
-40
-24
0
16
40
64
80
104
112
112
112
80
80
64
16
0
-8
0
8
56
64
56
56
40
40
48
32
48
56
24
8
0
8
0
-8
0
16
24
48
88
88
104
132
164
196
212
228
260
244
244
228
212
244
260
276
276
244
244
228
196
196
196
180
164
164
120
112
96
64
32
24
24
16
32
16
0
-32
-48
-64
-72
-80
-112
-112
-148
-148
-164
-180
-164
-148
-132
-148
-120
-96
-104
-120
-104
-104
-104
-96
-96
-64
-48
-40
-24
0
8
8
0
0
0
16
40
64
96
112
96
72
56
56
56
80
104
72
72
40
8
0
-16
-32
-64
-104
-112
-120
-164
-180
-228
-228
-228
-276
-292
-292
-292
-292
-292
-292
-308
-340
-356
-356
-356
-340
-340
-324
-276
-228
-196
-148
-112
-96
-88
-40
0
16
40
56
64
64
96
148
180
212
260
260
276
276
244
260
244
228
228
244
276
260
244
244
212
212
244
228
244
212
164
164
148
112
112
104
104
120
112
112
132
132
148
148
180
180
180
164
132
132
112
112
120
104
96
80
80
104
112
104
96
96
88
80
48
8
-24
-40
-32
-24
-32
-48
-88
-88
-104
-132
-120
-112
-148
-180
-180
-228
-244
-260
-292
-324
-340
-356
-356
-324
-308
-324
-324
-340
-340
-308
-276
-276
-244
-228
-196
-164
-112
-64
-64
-40
-32
-40
-8
24
40
56
88
80
96
120
132
148
180
164
164
180
180
164
164
164
132
64
24
8
-8
-16
0
24
24
40
56
40
40
40
32
16
8
0
-16
-32
-64
-80
-72
-72
-96
-112
-112
-104
-104
-88
-88
-64
-56
-48
-32
-16
8
32
24
40
24
8
32
24
24
32
40
40
48
72
88
104
132
132
112
104
112
96
88
80
56
48
40
64
64
48
72
40
0
16
-8
-16
-40
-64
-80
-96
-96
-112
-96
-80
-48
-16
0
24
24
24
24
32
40
64
88
120
148
180
212
244
260
244
244
260
260
244
228
212
180
196
196
180
196
180
164
132
104
56
8
-24
-32
-64
-56
-32
-48
-64
-80
-88
-112
-148
-148
-112
-112
-80
-96
-112
-132
-180
-196
-196
-212
-212
-228
-244
-228
-212
-228
-196
-164
-148
-104
-88
-96
-112
-132
-132
-132
-112
-72
-96
-88
-72
-64
-72
-56
-48
-32
-40
-48
-48
-56
-48
-32
-16
-8
-32
-8
-24
-32
-32
-24
-24
-32
-40
-64
-88
-88
-96
-88
-96
-104
-96
-104
-120
-120
-80
-48
-40
-16
8
8
16
32
72
80
72
88
96
112
112
120
148
148
148
148
164
180
196
196
228
244
244
244
212
212
196
196
196
212
244
212
164
132
96
80
56
72
56
40
24
40
56
48
56
