SAMPLES:	8526
BITSPERSAMPLE:	16
CHANNELS:	1
SAMPLERATE:	16000
NORMALIZED:	FALSE
16
16
24
16
24
16
16
24
24
24
24
24
16
16
16
8
8
8
8
8
8
8
8
8
0
0
0
0
0
0
0
0
-8
-8
-8
-8
-8
-8
-16
-8
-16
-16
-16
-16
-24
-24
-24
-24
-24
-24
-32
-24
-24
-24
-24
-24
-24
-24
-24
-24
-24
-32
-32
-32
-32
-40
-32
-32
-24
-24
-24
-16
-16
-16
-16
-16
-16
-16
-16
-16
-16
-16
-8
0
0
0
0
0
0
0
0
0
8
8
16
16
8
8
16
16
16
24
24
32
32
32
32
40
40
48
48
48
48
48
48
48
48
48
48
48
48
40
40
40
40
40
32
32
32
24
24
24
24
24
24
16
16
16
8
8
0
0
0
0
0
-8
-8
-8
-8
-8
-16
-8
-16
-16
-16
-16
-16
-24
-24
-24
-32
-32
-32
-32
-32
-40
-32
-32
-32
-32
-32
-32
-24
-24
-24
-24
-32
-32
-24
-24
-24
-32
-32
-32
-32
-32
-24
-24
-24
-24
-24
-24
-24
-24
-16
-16
-16
-16
-16
-16
-8
-8
-8
-8
-8
-8
-8
0
0
0
0
0
0
0
8
8
8
8
0
8
8
8
8
16
16
16
24
24
24
24
24
24
24
24
24
24
24
24
24
24
24
24
24
24
24
24
24
24
24
24
24
24
24
24
24
24
24
24
16
16
16
16
16
16
8
8
8
0
8
0
0
0
0
0
0
0
0
0
0
0
0
-8
-8
-16
-16
-8
-8
-8
-8
-8
-16
-16
-16
-16
-16
-16
-24
-24
-24
-24
-24
-32
-32
-24
-24
-24
-16
-16
-16
-24
-24
-32
-24
-24
-24
-24
-16
-16
-16
-16
-8
-8
-16
-8
-8
-8
-8
0
0
0
0
0
0
0
0
0
0
0
0
8
0
0
8
0
0
8
8
8
8
16
16
16
16
16
16
16
16
16
16
16
16
16
16
16
16
16
16
16
16
16
8
8
8
0
0
0
0
0
0
0
0
0
0
0
0
0
-8
0
-8
0
0
-8
-8
-8
-8
-8
-8
-8
-8
-8
-8
-16
-16
-8
-8
-8
-8
-8
0
0
0
-8
-8
-8
-8
-8
0
0
0
0
0
0
0
0
0
8
8
8
8
8
8
8
8
8
8
16
16
16
16
16
8
8
8
8
8
16
8
8
16
16
16
16
16
16
8
8
8
8
8
8
8
8
0
8
0
0
0
0
0
0
0
0
0
0
0
0
0
0
0
0
-8
-8
-8
-8
-8
-8
-8
-8
-8
-8
-8
-8
-8
-8
-8
-16
-16
-24
-24
-16
-16
-16
-16
-16
-16
-8
-8
-8
-8
0
-8
-8
-8
-16
-16
-16
-8
-8
-8
-8
-8
-8
-8
-8
-8
-8
-8
-8
-8
-8
0
-8
0
-8
-8
-16
-8
-8
-8
-8
-8
-8
-8
-8
-8
-8
-8
-8
0
0
0
0
0
0
0
0
0
0
0
0
8
8
8
8
8
8
16
16
16
16
16
16
16
16
16
16
16
24
24
24
32
24
24
24
24
24
24
24
16
16
16
16
8
16
16
16
16
8
16
16
8
16
16
16
8
8
8
8
0
0
0
0
0
8
8
8
0
0
0
0
0
-8
0
-8
-8
-8
-8
-8
-8
-8
-8
-8
-8
-8
-8
-8
-8
-8
-8
-8
-8
-8
-16
-16
-16
-8
-8
0
0
0
0
-8
-8
-8
0
0
0
0
0
0
0
0
0
0
0
0
0
0
8
8
8
0
0
0
0
0
0
0
0
0
0
0
0
0
0
0
0
0
0
0
0
-8
-8
-8
-8
-8
-8
-8
-8
-8
-8
-8
-8
-8
-8
-8
-8
-8
-8
-8
-8
-8
0
-8
-8
-8
-8
-16
-8
-8
-8
-8
-8
-8
-8
-8
0
-8
-8
-8
-8
-8
-8
-8
-8
0
0
0
0
0
0
-8
-8
-8
-8
0
0
0
0
0
0
0
0
0
0
0
0
0
0
0
0
0
0
0
8
16
16
24
24
24
24
24
24
24
24
24
24
24
24
24
24
24
24
24
24
24
24
32
32
32
32
24
24
16
16
16
16
16
16
16
16
16
16
8
8
8
8
8
8
8
8
8
8
0
0
0
-8
-8
-8
-8
-8
-8
-8
-8
-16
-8
-16
-16
-16
-16
-16
-16
-24
-24
-24
-24
-24
-24
-24
-24
-24
-24
-32
-32
-32
-32
-32
-32
-32
-24
-24
-24
-24
-24
-24
-24
-24
-24
-24
-24
-24
-16
-16
-16
-8
-8
-8
-8
-8
-8
0
0
0
0
0
0
0
0
0
0
0
0
0
0
0
0
0
0
8
8
8
16
16
8
8
16
16
16
16
16
8
8
8
16
16
16
24
16
16
16
16
16
16
24
16
16
16
16
16
16
16
16
16
16
8
8
8
8
8
16
16
16
16
16
16
16
16
16
8
0
0
0
0
0
0
0
0
0
0
0
0
0
-8
-8
-8
-8
-8
-8
-8
-8
-16
-16
-8
-8
-8
-16
-16
-16
-24
-24
-24
-16
-16
-16
-24
-24
-16
-24
-16
-16
-16
-16
-16
-8
-8
-16
-8
-8
-16
-16
-16
-16
-16
-16
-16
-8
-8
-8
0
-8
-8
0
0
0
0
0
0
0
0
0
8
8
8
8
8
8
8
16
16
16
24
24
24
24
24
24
32
24
24
24
24
24
24
24
24
24
24
24
24
24
24
16
16
16
16
16
16
16
8
8
0
8
0
0
8
0
0
0
0
0
0
0
0
-8
-8
-16
-16
-24
-24
-24
-24
-16
-16
-16
-24
-24
-24
-24
-24
-24
-32
-32
-32
-40
-32
-32
-32
-24
-24
-24
-24
-24
-24
-24
-16
-16
-24
-16
-16
-16
-16
-16
-16
-8
-8
-8
0
-8
-8
-8
-8
0
0
0
0
0
0
0
0
0
0
8
8
8
8
8
16
16
16
16
16
16
24
24
16
16
16
16
16
24
24
32
32
24
24
24
16
16
16
16
8
8
8
8
16
16
16
16
24
24
16
16
16
8
0
8
8
0
0
0
0
8
8
0
0
0
0
0
0
0
0
0
0
0
0
0
0
0
0
0
0
0
-8
-8
0
0
0
0
0
-8
-8
-8
0
0
0
-8
-8
-8
-8
-16
-8
-16
-16
-16
-16
-16
-16
-16
-16
-16
-16
-16
-16
-16
-8
-16
-16
-16
-16
-16
-8
-8
-8
-8
-8
0
0
-8
-8
0
-8
-8
0
0
0
8
0
0
8
0
8
8
8
8
8
8
8
8
8
8
8
16
16
16
16
16
16
16
16
16
16
8
8
0
0
8
0
0
0
0
0
0
0
0
0
0
0
0
0
0
-8
-8
-8
-8
-8
-8
-8
-8
-8
-8
-16
-8
-8
-16
-8
-8
-8
-8
-8
-8
-8
-16
-16
-8
-8
-8
-16
-8
-8
-8
0
0
0
0
0
0
0
0
0
-8
0
0
0
0
0
0
0
0
8
0
0
0
0
0
0
8
8
8
16
16
8
16
16
8
8
8
8
16
24
16
24
24
24
16
16
16
24
16
16
16
8
16
16
16
16
16
16
16
16
8
0
8
8
8
8
8
8
8
8
0
0
0
8
0
0
0
-8
-8
-8
-8
-8
-8
-8
-8
-8
-8
-8
-8
-16
-8
-16
-16
-16
-16
-16
-24
-16
-24
-32
-24
-24
-24
-24
-24
-24
-24
-24
-16
-24
-24
-16
-16
-16
-8
-8
-16
-8
-16
-16
-16
-16
-8
-8
-8
0
-8
0
0
0
0
0
0
0
0
0
8
8
0
8
8
0
0
0
8
16
16
16
16
16
8
8
16
32
48
32
16
0
-8
-16
-24
-8
8
32
32
8
0
0
0
-8
0
8
24
24
8
8
16
8
0
0
8
8
16
16
8
8
8
16
24
24
32
24
16
8
8
16
16
8
8
0
0
0
0
0
0
0
0
0
0
-8
-16
-16
-24
-16
-16
-16
-16
-16
-16
-16
-24
-16
-16
-24
-24
-24
-24
-32
-32
-32
-24
-16
-16
-8
0
0
0
0
0
-8
0
0
0
-8
-8
-8
-8
0
8
8
16
16
16
8
8
8
0
0
16
16
8
48
104
56
-8
16
16
-32
-48
-24
0
0
-16
-56
-72
-48
-40
-40
-16
8
24
0
-16
0
0
-24
-40
-16
0
-8
0
32
40
0
8
40
24
8
24
40
32
40
48
40
40
32
16
40
16
-16
0
16
-16
-8
16
8
16
32
16
8
0
-32
-32
-24
-32
-40
-16
-32
-40
-8
-16
-24
0
-8
-8
8
0
0
0
-8
-8
0
0
-8
-8
-40
-56
-40
-56
-56
-40
-48
-32
-24
-48
-48
-16
-24
-24
0
0
-8
-8
0
0
8
0
8
48
48
40
56
64
56
56
72
80
72
64
64
80
72
72
80
80
88
88
80
72
56
40
32
40
48
40
48
40
16
0
-8
-40
-64
-72
-64
-56
-40
-32
-32
-32
-40
-40
-40
-48
-48
-40
-56
-48
-40
-72
-72
-56
-64
-64
-64
-56
-56
-48
-56
-48
-40
-48
-48
-48
-48
-56
-56
-48
-48
-32
-24
-24
-8
0
0
-8
0
0
0
0
0
-8
-16
-32
-24
-32
-40
-24
-16
-16
-8
-8
-8
-16
-24
-8
8
8
16
56
48
40
72
80
88
112
132
148
196
196
212
212
212
180
180
196
180
196
196
180
180
180
164
148
112
88
72
56
40
24
24
8
-16
-40
-72
-120
-164
-180
-180
-196
-180
-180
-196
-212
-212
-228
-244
-244
-244
-212
-196
-180
-180
-180
-180
-180
-164
-164
-148
-132
-112
-88
-80
-88
-72
-64
-88
-80
-64
-64
-72
-72
-80
-104
-104
-120
-120
-132
-104
-64
-40
-8
0
8
16
0
-8
0
24
40
80
120
164
212
212
244
260
276
308
340
356
396
396
428
460
460
492
492
460
428
428
396
372
396
396
396
428
428
428
396
340
292
244
196
120
40
-32
-132
-196
-244
-308
-356
-396
-460
-524
-588
-652
-684
-716
-780
-780
-812
-876
-924
-924
-924
-876
-876
-844
-780
-748
-684
-620
-524
-460
-396
-324
-260
-196
-148
-120
-56
-16
0
24
80
112
148
196
212
212
228
228
212
228
260
260
276
276
292
292
260
260
276
276
340
396
460
524
556
620
652
684
716
748
780
812
812
812
844
924
924
988
1116
1244
1372
1372
1308
1308
1308
1308
1244
1116
1052
876
812
652
524
356
164
-24
-260
-556
-876
-1180
-1436
-1628
-1884
-2108
-2236
-2364
-2492
-2492
-2620
-2620
-2620
-2748
-2620
-2492
-2364
-2236
-1980
-1692
-1436
-1116
-844
-620
-396
-96
96
308
428
588
748
748
988
1116
1244
1372
1372
1308
1180
1052
812
652
524
356
164
72
-8
-32
-212
-396
-460
-684
-844
-1052
-1052
-1052
-988
-924
-844
-652
-684
-652
-556
-460
-340
-244
-132
40
72
120
260
428
620
716
876
988
1180
1308
1436
1692
1980
2108
2620
3004
3260
3516
3516
3772
3900
3900
3900
3516
3260
3004
2748
2620
2364
2108
1692
1180
748
132
-396
-924
-1436
-1884
-2492
-2876
-3260
-3516
-3772
-4092
-4092
-4348
-4348
-4348
-4348
-4092
-4092
-3772
-3388
-3004
-2492
-2108
-1756
-1372
-1116
-780
-428
-96
244
652
988
1372
1692
1980
2236
2236
2236
2108
2108
2108
1884
1628
1372
1116
844
524
276
180
0
-148
-356
-460
-652
-924
-1116
-1308
-1372
-1500
-1564
-1628
-1628
-1564
-1436
-1372
-1372
-1244
-1116
-924
-780
-556
-492
-396
-396
-324
-180
-64
132
308
556
844
1244
1436
1756
2108
2364
3004
3516
4092
4348
4860
5116
5116
5116
4604
4348
4092
3900
3644
3388
3004
2748
2236
1628
1116
372
-180
-924
-1628
-2364
-3004
-3388
-3772
-4092
-4604
-4860
-5116
-5116
-5116
-5372
-5116
-5116
-4860
-4604
-4092
-3644
-3132
-2748
-2236
-1692
-1372
-924
-716
-340
-88
292
716
1116
1500
1756
2108
2364
2620
2748
2620
2364
2108
1756
1564
1244
1116
924
620
428
180
40
-212
-460
-716
-988
-1180
-1436
-1500
-1628
-1756
-1756
-1628
-1500
-1436
-1308
-1180
-1244
-1308
-1308
-1180
-988
-924
-652
-524
-308
-40
40
372
524
684
876
988
1244
1628
1980
2492
2876
3388
4092
4604
5116
5628
5884
5884
5884
5884
5372
5116
4604
4604
4092
3772
3388
3004
2364
1820
1116
260
-556
-1500
-2236
-3004
-3644
-4092
-4604
-4860
-5372
-5372
-5628
-5884
-5884
-5884
-5884
-5884
-5628
-5372
-5116
-4604
-4092
-3388
-2748
-2108
-1564
-1116
-716
-396
-32
276
748
1244
1628
1980
2364
2620
2748
2876
2748
2620
2236
1980
1628
1372
1116
924
748
556
356
148
-196
-556
-812
-1116
-1308
-1564
-1692
-1884
-1884
-1756
-1628
-1436
-1180
-1052
-1052
-1052
-1052
-1052
-1116
-988
-748
-460
-228
0
340
492
620
748
876
1052
1244
1436
1564
1884
2236
2620
3004
3516
4092
4604
5116
5628
5884
6140
5884
5884
5372
5116
4604
4348
4092
3644
3132
2748
2236
1500
844
-48
-844
-1756
-2492
-3260
-4092
-4604
-5116
-5372
-5884
-6140
-6396
-6396
-6396
-6396
-6396
-6140
-5884
-5628
-5116
-4604
-4092
-3516
-2748
-1980
-1436
-780
-340
104
492
812
1180
1500
1980
2492
2748
3004
3132
3260
3260
3132
2876
2620
2108
1628
1308
1116
812
492
324
88
-64
-356
-620
-876
-1116
-1372
-1692
-1756
-1756
-1756
-1692
-1564
-1308
-1052
-876
-684
-556
-460
-428
-428
-396
-212
-64
180
492
684
924
924
1052
1180
1244
1372
1372
1564
1692
1980
2364
2620
3132
3388
4092
4604
4860
5116
5372
5628
5628
5372
5116
4604
4348
3900
3388
3004
2492
1980
1500
812
104
-780
-1436
-2236
-2876
-3644
-4604
-5116
-5628
-5884
-6396
-6652
-6652
-6908
-6908
-6652
-6652
-6140
-5884
-5372
-4860
-4348
-3516
-2876
-2108
-1436
-716
-88
460
924
1372
1692
1980
2364
2748
3132
3388
3644
3644
3644
3644
3388
3132
2748
2364
1756
1180
748
372
24
-396
-652
-844
-1116
-1372
-1628
-1756
-1980
-1980
-2108
-2108
-1980
-1756
-1628
-1372
-988
-716
-556
-324
-148
-48
-64
0
64
72
180
276
524
716
876
924
1052
1116
1180
1308
1436
1564
1692
1820
2108
2492
2876
3260
3644
4092
4604
4860
5116
5372
5628
5628
5628
5372
4860
4348
4092
3516
3004
2492
1980
1308
652
-104
-924
-1756
-2492
-3260
-4092
-4860
-5372
-5884
-6140
-6652
-6652
-6908
-6908
-6652
-6396
-6140
-5884
-5372
-4860
-4348
-3772
-3004
-2364
-1692
-988
-260
372
924
1436
1756
1980
2236
2492
2620
2748
2876
2876
2876
2876
2620
2364
1980
1564
1052
492
-56
-556
-924
-1244
-1500
-1628
-1820
-1820
-1820
-1820
-1756
-1692
-1564
-1628
-1436
-1180
-1052
-876
-588
-356
-148
-32
196
492
716
924
812
924
748
556
428
396
556
524
556
556
812
924
1052
1116
1308
1500
1628
1820
1884
2236
2236
2620
2876
3260
3900
4348
4860
5372
5884
5884
5884
5884
5372
4860
4348
3900
3388
2748
2108
1692
1052
588
-228
-924
-1756
-2620
-3388
-4348
-4860
-5628
-6140
-6396
-6652
-6652
-6652
-6396
-6140
-6140
-5628
-5372
-5116
-4604
-4092
-3516
-2876
-2108
-1308
-652
132
620
1116
1436
1564
1628
1692
1756
1820
1884
2108
2108
2108
2108
1980
1756
1308
924
428
-112
-556
-988
-1244
-1436
-1436
-1372
-1180
-988
-844
-780
-748
-684
-620
-556
-556
-396
-244
-32
132
428
684
924
988
1052
1052
924
844
620
492
396
228
164
196
276
276
340
428
652
780
988
1308
1756
2108
2364
2492
2364
2236
2108
1980
2236
2364
2748
3132
3644
4092
4348
4604
4860
4860
5116
4348
4092
3260
2748
2108
1500
1116
556
244
-180
-684
-1180
-1884
-2492
-3132
-3900
-4348
-4860
-5372
-5628
-5884
-5884
-5884
-5628
-5628
-5372
-5116
-4860
-4348
-4092
-3644
-3132
-2620
-1884
-1244
-588
-40
396
780
876
988
924
844
844
780
844
924
988
1116
1180
1244
1116
876
556
120
-260
-716
-988
-1180
-1308
-1308
-1244
-988
-716
-524
-308
-132
40
164
132
164
212
260
372
588
924
1244
1500
1692
1820
1980
1884
1756
1564
1372
1116
812
652
492
460
460
492
684
684
748
780
876
924
988
988
1052
1244
1372
1564
1884
2236
2620
2876
3388
4092
4604
5116
5372
5628
5884
5884
5628
4860
4348
3772
3132
2492
1756
1180
588
-24
-652
-1436
-2108
-2748
-3516
-4092
-4860
-5372
-6140
-6396
-6652
-6908
-6908
-6908
-6652
-6396
-6140
-5628
-5372
-4604
-4348
-3644
-3004
-2492
-1820
-1244
-748
-132
292
716
988
1116
1244
1180
1244
1244
1308
1372
1244
1180
988
924
652
276
-40
-356
-620
-876
-1052
-1116
-1116
-988
-844
-588
-228
-104
32
180
460
620
780
1052
1244
1500
1628
1820
1980
2236
2236
2236
2108
1980
1692
1372
1052
716
372
16
-148
-428
-588
-556
-396
-112
148
372
556
716
844
988
1180
1372
1564
1820
2108
2620
3004
3260
3388
3644
3772
3900
4092
4348
4860
4860
5116
5116
5372
5372
5116
4604
3900
3260
2492
1692
716
-104
-844
-1436
-2108
-2748
-3260
-3772
-4092
-4348
-4860
-5372
-5884
-6396
-6652
-6908
-6908
-7164
-6908
-6652
-6140
-5628
-5116
-4348
-3900
-3260
-2876
-2492
-1884
-1628
-1180
-924
-396
-32
260
556
812
1180
1308
1372
1372
1436
1372
1244
988
988
844
716
588
524
556
396
372
292
492
588
556
588
716
844
844
988
1180
1436
1500
1628
1756
1884
1884
1884
1820
1692
1564
1244
1052
684
396
16
-212
-356
-492
-652
-780
-780
-812
-716
-620
-460
-228
-48
260
588
988
1308
1692
2108
2364
2748
3004
3260
3516
3644
3772
3900
3900
3900
3516
3388
3388
3516
4092
4092
4348
4348
4348
4348
4092
3644
2876
2108
1436
684
-88
-716
-1180
-1500
-1980
-2236
-2620
-3004
-3132
-3644
-4092
-4604
-5116
-5628
-6140
-6396
-6652
-6652
-6652
-6396
-5884
-5628
-5116
-4860
-4348
-3900
-3772
-3388
-3132
-2748
-2492
-2108
-1436
-988
-340
148
492
924
1180
1372
1564
1628
1692
1628
1500
1500
1500
1500
1372
1436
1372
1308
1244
1180
1116
1116
1052
1052
1052
1180
1244
1308
1372
1372
1436
1436
1500
1500
1372
1244
1116
1052
924
812
684
556
460
340
276
196
32
-132
-260
-292
-292
-324
-260
-148
64
292
556
924
1180
1564
1820
2108
2364
2620
2748
2876
3004
3132
3260
3260
3260
3132
3004
2748
2492
2492
2492
2748
2876
3004
3132
3132
3260
3132
2876
2492
1884
1308
716
104
-492
-988
-1308
-1628
-1980
-2364
-2876
-3132
-3388
-3772
-4092
-4860
-5116
-5628
-5884
-6140
-6140
-6396
-6396
-6140
-5884
-5628
-5116
-4860
-4348
-4092
-3388
-2876
-2364
-1820
-1436
-748
-276
324
684
1116
1500
1564
1692
1820
2108
2236
2108
2108
2108
2108
2108
1884
1820
1692
1500
1244
1052
1052
924
812
620
588
620
588
588
588
684
716
748
844
924
924
812
684
716
620
620
492
396
356
164
112
32
64
64
64
148
148
104
64
72
112
244
428
652
988
1436
1756
2236
2492
2748
3132
3132
3388
3260
3132
3132
3004
2876
2876
2748
2748
2492
2364
2236
2108
2364
2364
2364
2364
2108
2236
1980
1884
1564
1116
844
260
-212
-780
-1244
-1628
-2108
-2492
-2876
-3132
-3260
-3516
-3772
-4092
-4348
-4604
-5116
-5116
-5372
-5628
-5628
-5628
-5372
-5116
-4860
-4348
-3772
-3004
-2620
-1980
-1628
-1244
-684
-524
16
308
716
1116
1308
1500
1628
1820
1980
2108
2108
2108
1980
1884
1692
1628
1372
1116
924
620
396
88
-56
-324
-460
-652
-748
-780
-876
-844
-876
-844
-844
-716
-684
-652
-620
-620
-524
-324
-180
-72
80
180
308
308
524
556
588
684
812
1052
1116
1372
1500
1628
1692
1884
2108
2364
2620
2876
3132
3260
3388
3516
3516
3516
3388
3260
3132
3004
2876
2620
2364
2108
1820
1564
1372
1180
1244
1308
1436
1436
1500
1436
1436
1500
1244
1116
748
460
40
-460
-924
-1244
-1436
-1756
-1980
-2236
-2364
-2620
-2748
-3004
-3260
-3644
-3900
-4092
-4348
-4348
-4604
-4604
-4604
-4348
-4092
-3900
-3388
-3004
-2748
-2492
-2236
-1756
-1500
-1116
-924
-588
-96
180
492
556
716
780
748
748
684
684
620
492
460
292
164
-48
-212
-260
-396
-556
-844
-1052
-1244
-1500
-1564
-1500
-1372
-1180
-1052
-748
-460
-244
16
196
396
556
844
1052
1308
1436
1564
1756
1884
1980
2108
2108
2236
2236
2236
2364
2364
2236
2236
2108
1884
1820
1756
1756
1820
1820
1884
1980
1980
1980
1884
1820
1820
1692
1692
1628
1500
1308
1180
1116
988
924
812
716
780
780
844
876
988
1052
1116
1180
1372
1436
1372
1308
1116
1052
780
620
308
8
-292
-620
-988
-1308
-1436
-1692
-1884
-2108
-2364
-2620
-2876
-3004
-3260
-3388
-3644
-3772
-3900
-3900
-3772
-3772
-3516
-3260
-2876
-2620
-2236
-1980
-1756
-1564
-1308
-988
-812
-588
-620
-556
-556
-588
-620
-620
-492
-428
-428
-492
-556
-620
-716
-812
-924
-1052
-1180
-1308
-1436
-1308
-1308
-1244
-1116
-924
-684
-460
-120
132
372
652
876
1116
1372
1628
1756
1980
2108
2236
2364
2364
2364
2364
2236
2236
2108
2108
2108
2108
1980
1820
1564
1372
1180
1052
876
844
876
924
1052
1180
1436
1628
1692
1820
1820
1756
1756
1692
1628
1628
1628
1628
1628
1628
1628
1692
1692
1692
1756
1692
1692
1692
1692
1628
1628
1692
1564
1372
1180
924
684
428
120
-180
-556
-876
-1308
-1692
-1980
-2364
-2492
-2748
-3004
-3260
-3516
-3644
-3772
-3900
-4092
-4092
-4092
-4092
-3900
-3900
-3644
-3516
-3388
-3132
-2876
-2492
-2236
-1980
-1756
-1500
-1308
-1116
-924
-924
-876
-876
-812
-748
-716
-716
-620
-620
-588
-492
-428
-396
-396
-356
-292
-112
-16
56
228
396
588
748
924
1116
1372
1564
1692
1884
1980
2108
2108
2236
2236
2236
2108
1980
1980
1820
1692
1500
1372
1308
1180
1052
988
924
924
812
748
716
652
588
652
652
716
876
1116
1308
1500
1756
1980
2236
2364
2492
2620
2620
2492
2364
2364
2108
2108
1980
1756
1692
1628
1500
1372
1180
1052
924
716
620
492
524
324
244
72
-88
-164
-428
-524
-780
-924
-1180
-1372
-1564
-1756
-1884
-2108
-2364
-2492
-2748
-2876
-3004
-3132
-3388
-3644
-3772
-3900
-3900
-3900
-3900
-3772
-3772
-3644
-3388
-3260
-3132
-2876
-2748
-2620
-2364
-2236
-2108
-1820
-1692
-1436
-1180
-924
-748
-588
-460
-356
-180
-96
16
132
228
356
396
460
588
652
620
716
716
716
716
748
844
988
1052
1180
1372
1436
1564
1628
1756
1820
1980
1980
1980
1980
1980
1980
1980
2108
2108
2108
2108
2108
2108
1980
1884
1820
1756
1756
1692
1564
1564
1564
1628
1756
1884
1980
1980
2108
2108
1980
1980
1980
1884
1820
1692
1692
1564
1436
1372
1244
1116
988
988
876
780
652
556
492
428
396
372
396
340
276
112
24
-148
-396
-620
-924
-1180
-1500
-1820
-2108
-2364
-2492
-2748
-2876
-3004
-3132
-3388
-3516
-3644
-3772
-3900
-4092
-4092
-4092
-4092
-4092
-3900
-3772
-3388
-3260
-3004
-2748
-2620
-2364
-2236
-2108
-1884
-1692
-1564
-1372
-1180
-988
-780
-492
-308
-96
40
196
324
396
492
524
556
556
620
652
748
876
924
1052
1180
1308
1436
1564
1692
1884
1980
2108
2108
2236
2364
2236
2236
2108
2108
1884
1820
1756
1692
1628
1564
1564
1564
1628
1500
1500
1500
1372
1372
1244
1116
988
876
844
876
924
1052
1308
1500
1628
1820
1980
2108
1980
1980
1884
1884
1692
1628
1564
1372
1244
1052
988
844
748
652
524
396
260
196
72
8
-96
-180
-372
-524
-652
-812
-988
-1244
-1372
-1628
-1820
-1980
-2108
-2236
-2492
-2492
-2620
-2748
-2748
-2876
-3004
-3004
-3132
-3260
-3388
-3388
-3388
-3388
-3260
-3132
-3004
-2876
-2748
-2620
-2364
-2236
-1980
-1820
-1564
-1372
-1116
-844
-556
-308
-48
212
396
556
716
844
812
844
876
812
780
780
812
876
924
988
988
1052
1116
1244
1308
1308
1308
1308
1244
1308
1308
1308
1308
1372
1436
1500
1500
1500
1564
1500
1436
1372
1372
1244
1180
1116
1052
1052
1052
1116
1180
1180
1244
1244
1244
1180
1180
1180
1116
1116
1116
1052
1116
1116
1244
1308
1372
1308
1308
1116
988
812
684
588
396
324
148
40
-72
-132
-180
-260
-308
-372
-324
-356
-372
-428
-492
-492
-556
-684
-812
-924
-1116
-1308
-1436
-1628
-1756
-1980
-2108
-2108
-2236
-2364
-2364
-2364
-2236
-2236
-2236
-2236
-2364
-2364
-2492
-2492
-2492
-2492
-2364
-2236
-2108
-1980
-1692
-1500
-1244
-988
-684
-460
-244
-88
8
96
148
196
212
260
308
356
460
556
652
748
844
924
988
988
1052
988
988
924
876
844
780
780
812
844
924
1052
1116
1244
1244
1244
1244
1116
1052
1052
988
924
924
876
844
780
844
876
924
988
988
1052
988
924
844
812
844
876
924
924
988
988
988
1116
1180
1244
1244
1244
1308
1244
1180
1180
1116
1052
988
924
780
620
460
356
260
148
32
-88
-196
-308
-396
-492
-524
-588
-620
-620
-588
-588
-652
-748
-780
-844
-924
-988
-1052
-1180
-1180
-1308
-1372
-1436
-1564
-1628
-1692
-1692
-1756
-1820
-1884
-1884
-1980
-1980
-1980
-1980
-2108
-2108
-2108
-1980
-1884
-1820
-1628
-1436
-1244
-1180
-988
-780
-652
-556
-428
-372
-340
-324
-396
-356
-372
-308
-228
-164
-56
40
164
308
428
524
556
588
556
588
588
588
652
652
716
748
780
844
876
924
924
988
1052
1052
1052
1116
1052
1052
1052
1052
988
1052
1052
1116
1244
1244
1308
1372
1436
1372
1308
1308
1308
1308
1372
1436
1564
1628
1692
1820
1820
1820
1756
1692
1628
1564
1436
1308
1244
1116
988
844
748
620
428
292
148
0
-148
-276
-372
-492
-524
-588
-556
-588
-652
-684
-780
-876
-924
-1052
-1116
-1180
-1244
-1244
-1308
-1372
-1372
-1372
-1436
-1500
-1500
-1628
-1692
-1756
-1820
-1884
-1980
-1980
-2108
-2108
-2108
-2108
-2108
-2108
-1980
-1980
-1980
-1820
-1756
-1692
-1628
-1564
-1564
-1500
-1372
-1244
-1116
-988
-876
-748
-588
-428
-244
-56
72
164
244
292
324
356
428
492
556
588
620
684
748
780
812
844
924
988
1052
1116
1180
1244
1308
1436
1500
1564
1628
1756
1756
1756
1820
1884
1884
1980
1980
1980
1980
1980
2108
2108
2108
2108
1980
1980
1820
1756
1628
1500
1436
1372
1308
1244
1180
1116
988
924
780
620
492
308
132
-8
-164
-260
-396
-492
-588
-620
-684
-716
-684
-716
-780
-844
-924
-988
-988
-1052
-1052
-1052
-1052
-1052
-1052
-1052
-1116
-1180
-1244
-1308
-1372
-1372
-1436
-1500
-1500
-1500
-1500
-1500
-1500
-1564
-1564
-1628
-1628
-1564
-1564
-1500
-1500
-1436
-1436
-1436
-1436
-1436
-1372
-1308
-1244
-1244
-1180
-1116
-1116
-988
-844
-780
-684
-588
-524
-460
-428
-372
-308
-244
-212
-148
-56
48
164
244
372
492
556
716
780
844
924
988
1052
1116
1244
1308
1372
1500
1628
1692
1756
1756
1820
1820
1756
1820
1756
1756
1692
1628
1628
1628
1628
1564
1564
1500
1500
1500
1436
1500
1500
1436
1372
1372
1308
1308
1308
1244
1244
1180
1116
1052
924
812
716
620
460
356
212
40
-56
-196
-324
-460
-588
-716
-844
-924
-1052
-1116
-1180
-1244
-1308
-1308
-1372
-1308
-1372
-1308
-1308
-1372
-1308
-1372
-1372
-1372
-1308
-1308
-1308
-1308
-1244
-1308
-1308
-1244
-1244
-1180
-1180
-1180
-1180
-1180
-1308
-1308
-1372
-1436
-1500
-1564
-1564
-1564
-1500
-1372
-1308
-1180
-1116
-988
-924
-844
-748
-652
-620
-588
-492
-460
-356
-244
-120
-24
56
164
276
372
396
460
524
556
588
620
684
716
812
924
988
1052
1180
1180
1244
1308
1372
1436
1436
1436
1436
1436
1372
1372
1436
1436
1564
1628
1692
1692
1692
1756
1756
1692
1628
1628
1564
1500
1500
1500
1436
1436
1372
1308
1308
1244
1244
1180
1116
924
780
588
396
260
88
-88
-260
-372
-524
-620
-748
-876
-988
-1052
-1116
-1180
-1180
-1180
-1244
-1244
-1244
-1244
-1244
-1244
-1244
-1244
-1244
-1180
-1180
-1052
-988
-988
-924
-812
-780
-780
-716
-684
-652
-652
-684
-748
-812
-844
-924
-988
-1052
-1116
-1180
-1244
-1244
-1244
-1308
-1308
-1308
-1372
-1372
-1308
-1308
-1308
-1244
-1180
-1116
-1052
-988
-844
-716
-588
-428
-340
-244
-132
-32
56
148
212
292
340
372
460
492
524
588
684
748
780
876
988
1052
1180
1244
1372
1436
1500
1628
1628
1628
1628
1564
1564
1628
1628
1756
1756
1756
1820
1884
1884
1884
1820
1756
1692
1564
1500
1436
1308
1180
1052
988
876
780
716
588
460
396
276
180
32
-88
-212
-324
-396
-556
-652
-748
-812
-844
-844
-812
-812
-812
-780
-716
-684
-652
-652
-652
-684
-652
-716
-716
-684
-652
-652
-588
-588
-588
-620
-620
-620
-684
-748
-876
-988
-1116
-1244
-1308
-1308
-1308
-1372
-1500
-1564
-1628
-1692
-1692
-1756
-1756
-1756
-1756
-1628
-1500
-1436
-1244
-1052
-924
-780
-684
-588
-492
-428
-356
-212
-120
0
132
260
428
524
620
684
652
652
684
652
652
684
716
780
844
988
1052
1180
1244
1372
1436
1500
1500
1500
1436
1372
1372
1308
1308
1244
1308
1244
1244
1244
1180
1116
1052
988
924
876
812
748
684
620
556
460
396
396
428
428
460
492
460
492
492
460
428
396
396
324
292
212
148
104
72
56
32
32
-24
-112
-228
-340
-428
-460
-524
-620
-748
-844
-988
-1052
-1116
-1180
-1244
-1308
-1372
-1372
-1436
-1436
-1436
-1436
-1436
-1372
-1372
-1308
-1308
-1244
-1244
-1244
-1244
-1244
-1180
-1116
-1116
-1052
-924
-924
-876
-780
-684
-588
-492
-396
-292
-228
-164
-64
24
104
164
212
244
340
396
460
460
492
524
556
620
620
652
588
588
620
620
588
620
620
652
652
684
716
716
748
780
780
780
780
748
748
716
716
652
652
652
588
620
652
684
716
716
716
748
716
716
716
748
780
812
812
812
812
844
876
876
924
924
876
844
844
812
780
684
588
492
324
196
72
-32
-148
-276
-372
-492
-588
-684
-812
-924
-988
-1052
-1180
-1244
-1308
-1372
-1436
-1436
-1436
-1436
-1436
-1372
-1372
-1372
-1308
-1308
-1244
-1180
-1116
-1052
-988
-876
-844
-748
-684
-652
-588
-588
-556
-556
-524
-524
-524
-492
-460
-396
-340
-308
-292
-244
-228
-180
-96
-24
0
32
24
48
48
80
80
32
40
32
32
24
0
-8
8
72
112
180
276
340
396
492
492
524
556
524
556
620
652
716
780
844
876
988
1116
1180
1180
1244
1244
1180
1180
1180
1180
1116
1116
1052
988
988
988
924
924
924
876
748
684
620
524
460
396
372
324
308
276
260
260
212
164
120
80
8
-56
-148
-292
-396
-460
-556
-620
-684
-748
-780
-812
-812
-748
-716
-684
-684
-684
-748
-812
-812
-844
-844
-876
-812
-780
-748
-652
-556
-492
-460
-428
-460
-460
-460
-428
-396
-460
-428
-428
-428
-428
-492
-460
-492
-524
-524
-556
-620
-652
-620
-588
-556
-492
-460
-428
-428
-396
-356
-356
-324
-276
-244
-196
-96
-64
0
72
132
164
228
292
340
396
428
460
524
588
652
716
748
748
748
748
748
748
780
780
780
780
748
716
652
620
620
588
556
524
492
428
372
324
292
260
260
196
112
56
0
-40
-80
-64
-64
-72
-40
0
0
40
104
148
180
196
212
196
180
164
120
112
132
148
180
196
180
120
0
-64
-120
-164
-196
-244
-260
-276
-308
-308
-276
-244
-228
-180
-148
-180
-212
-276
-308
-340
-308
-292
-244
-164
-132
-164
-148
-132
-132
-148
-164
-228
-340
-428
-556
-620
-716
-780
-780
-748
-716
-652
-588
-556
-556
-556
-524
-492
-460
-428
-356
-260
-228
-164
-72
-16
80
132
228
276
340
324
292
356
396
396
492
524
556
588
588
620
588
588
556
588
556
524
460
396
396
372
372
396
372
372
324
260
196
112
40
0
0
-32
-72
-104
-132
-148
-148
-88
-24
16
32
48
72
104
132
164
180
164
196
180
180
196
244
228
196
228
196
164
132
148
164
148
88
48
-8
-64
-72
-64
-64
-80
-80
-112
-132
-112
-112
-88
-56
-40
-40
-32
-32
-40
-88
-164
-212
-276
-308
-396
-396
-460
-524
-524
-556
-588
-620
-684
-716
-748
-748
-716
-716
-748
-716
-716
-652
-588
-524
-460
-396
-372
-292
-244
-164
-80
48
132
148
212
260
308
396
428
428
460
428
428
372
340
324
324
340
356
396
428
460
428
396
372
308
260
212
196
164
132
112
132
132
164
196
196
180
180
132
96
64
32
24
8
24
56
72
132
180
196
196
196
164
148
148
132
132
148
196
228
308
340
372
428
460
492
460
428
372
308
260
228
212
164
120
104
80
72
40
-8
-32
-64
-56
-64
-104
-148
-228
-244
-276
-276
-244
-276
-324
-372
-396
-460
-524
-556
-652
-684
-684
-684
-684
-652
-588
-588
-556
-492
-492
-524
-556
-556
-556
-588
-556
-492
-428
-356
-292
-196
-112
-32
8
56
56
64
88
48
80
120
180
244
276
340
356
340
372
396
372
372
356
324
260
228
180
180
196
212
244
228
196
164
132
96
104
80
56
48
56
56
48
56
72
72
72
112
112
120
148
148
120
132
120
104
88
112
164
196
244
292
308
292
340
340
308
292
292
276
260
260
260
276
244
228
212
180
132
80
48
-16
-64
-132
-164
-164
-196
-196
-212
-196
-228
-260
-276
-260
-292
-324
-340
-356
-372
-428
-460
-460
-460
-428
-396
-372
-356
-356
-356
-396
-372
-308
-340
-308
-276
-276
-276
-260
-244
-228
-196
-132
-80
-8
64
120
180
228
228
228
260
260
244
244
260
276
260
244
212
180
196
164
148
132
120
104
104
80
88
56
0
-32
-64
-132
-148
-148
-164
-148
-132
-88
-32
8
72
132
196
244
292
276
308
292
260
228
244
244
244
276
308
340
340
372
396
396
396
356
308
244
196
164
180
180
196
212
244
276
292
308
292
276
260
196
148
72
32
16
-40
-88
-132
-212
-244
-308
-324
-356
-396
-428
-492
-556
-588
-620
-684
-684
-652
-652
-652
-620
-620
-620
-652
-620
-620
-652
-588
-524
-460
-396
-340
-260
-244
-260
-228
-228
-180
-132
-96
-64
-72
-64
-56
-72
-48
0
48
96
120
148
180
212
228
212
212
212
196
180
196
196
212
260
276
292
324
308
324
324
308
308
308
308
308
292
292
260
228
228
212
244
276
292
340
356
396
396
396
396
340
308
292
324
308
276
276
292
292
276
292
308
308
260
260
228
196
196
196
228
244
228
180
148
148
112
80
56
24
0
0
-16
-48
-104
-164
-164
-164
-164
-180
-212
-244
-308
-396
-460
-556
-620
-652
-684
-652
-620
-620
-588
-588
-524
-524
-524
-556
-588
-588
-620
-652
-652
-652
-588
-524
-460
-460
-428
-340
-324
-244
-180
-132
-112
-104
-96
-104
-56
8
72
96
196
244
244
308
340
356
372
396
396
356
356
356
292
276
260
244
260
276
276
276
260
228
164
148
148
132
120
96
56
40
56
88
132
164
180
180
148
148
180
164
196
212
196
228
260
260
244
244
212
180
196
180
212
180
164
148
132
120
112
132
80
72
40
32
16
32
48
32
32
16
40
48
56
80
80
88
96
48
0
-32
-88
-164
-212
-244
-292
-308
-372
-428
-428
-428
-460
-460
-492
-524
-556
-556
-524
-492
-492
-428
-356
-340
-308
-228
-212
-132
-96
-72
-16
48
80
148
180
196
244
260
260
308
308
276
260
276
260
276
260
260
244
212
196
212
212
212
228
244
260
260
276
276
276
276
228
244
228
180
196
180
148
132
112
72
64
32
-8
-56
-88
-112
-132
-148
-132
-132
-132
-112
-96
-120
-120
-104
-88
-64
-88
-88
-64
-64
-72
-64
-48
-72
-48
-16
8
-8
-24
0
-56
-96
-112
-148
-180
-212
-228
-228
-260
-276
-292
-324
-324
-308
-292
-276
-228
-212
-212
-228
-228
-244
-276
-260
-212
-212
-180
-164
-180
-164
-164
-132
-96
-88
-104
-88
-80
-88
-56
-32
0
24
48
56
80
80
88
112
148
244
276
292
324
308
276
260
244
276
308
308
324
308
276
244
228
212
196
180
132
88
96
88
72
96
112
120
96
88
48
48
48
56
64
72
96
104
96
88
132
132
148
164
180
164
104
96
72
40
40
48
40
56
64
72
104
96
72
64
32
0
-8
-32
-40
-48
-24
-8
24
40
40
32
0
-16
-24
-24
-48
-64
-120
-164
-196
-212
-228
-244
-244
-260
-260
-244
-212
-164
-132
-96
-72
-80
-88
-88
-132
-112
-120
-148
-148
-132
-132
-120
-72
-64
-48
-40
-40
-64
-80
-88
-112
-104
-72
-8
32
88
96
112
120
112
132
72
16
0
-56
-96
-148
-164
-164
-132
-80
-40
-16
-32
-40
-80
-96
-132
-148
-148
-148
-148
-120
-112
-104
-80
-48
0
24
48
64
40
24
32
24
48
72
80
88
88
88
40
40
48
32
48
56
32
32
48
80
80
104
120
104
80
80
80
80
112
132
180
180
180
196
212
212
228
244
244
260
244
260
244
244
228
212
212
212
180
148
112
40
32
-8
-48
-56
-72
-56
-72
-80
-72
-80
-88
-80
-72
-96
-148
-164
-180
-180
-164
-132
-112
-96
-80
-80
-56
-56
-56
-32
-16
-16
-24
-24
-32
-24
-16
-8
8
32
24
-8
-16
-32
-48
-48
-24
-40
-24
-32
-48
-40
-40
-16
-8
-8
16
16
32
16
0
-8
-40
-48
-64
-72
-80
-104
-112
-120
-148
-132
-148
-164
-164
-212
-228
-260
-276
-228
-196
-180
-164
-148
-132
-132
-104
-72
-64
-64
-96
-88
-80
-56
0
32
72
112
148
180
196
244
228
196
196
164
164
180
164
148
196
196
212
260
260
276
292
260
260
260
244
228
212
180
132
112
64
24
0
8
-32
-72
-96
-132
-148
-164
-164
-148
-148
-148
-132
-148
-148
-148
-120
-104
-104
-132
-96
-80
-64
-40
-8
8
24
32
48
96
104
112
132
148
148
120
112
96
72
56
32
8
0
-16
-40
-40
-40
-32
-40
-48
-40
-88
-120
-148
-212
-244
-276
-308
-308
-308
-308
-340
-308
-292
-292
-292
-292
-260
-260
-260
-212
-196
-196
-180
-148
-120
-64
-24
-16
0
0
16
24
32
80
132
180
228
292
292
292
308
308
308
292
292
276
308
356
396
428
460
460
492
492
460
428
396
372
340
324
308
324
340
340
324
292
244
228
180
132
56
0
-40
-88
-132
-164
-196
-196
-212
-228
-212
-228
-244
-244
-260
-276
-260
-292
-308
-260
-244
-212
-164
-132
-64
0
56
64
72
56
32
32
-8
-40
-64
-96
-132
-132
-148
-148
-148
-148
-148
-196
-244
-292
-324
-340
-356
-340
-340
-340
-324
-324
-308
-308
-292
-260
-244
-228
-228
-228
-260
-292
-292
-292
-276
-244
-180
-180
-148
-132
-112
-104
-64
-72
-88
-80
-96
-96
-72
0
64
112
180
244
276
276
276
292
292
324
340
340
372
372
396
428
460
492
492
524
492
492
460
428
372
324
308
292
260
212
228
212
196
212
180
148
120
80
72
72
56
56
40
24
-16
0
0
0
8
0
-24
-48
-48
-64
-96
-104
-112
-112
-112
-88
-80
-64
-48
-64
-32
0
8
8
16
32
0
0
-8
-64
-88
-120
-148
-148
-148
-148
-148
-148
-148
-132
-148
-148
-180
-212
-228
-260
-244
-228
-260
-244
-244
-276
-292
-308
-292
-292
-308
-308
-324
-308
-308
-308
-276
-228
-180
-132
-88
-72
-48
-40
-24
-8
-8
-24
-8
0
0
56
72
96
148
180
212
228
260
244
244
276
276
260
212
180
148
132
148
148
180
164
148
164
148
104
120
104
88
112
132
148
180
212
228
228
244
260
244
244
244
228
212
212
212
228
228
244
228
228
228
164
132
80
24
0
-16
-56
-112
-132
-164
-180
-164
-148
-164
-212
-244
-276
-292
-292
-276
-276
-260
-212
-196
-196
-180
-164
-196
-196
-196
-212
-212
-196
-228
-244
-276
-292
-292
-308
-292
-308
-276
-276
-276
-260
-244
-196
-180
-148
-132
-112
-88
-80
-80
-104
-96
-56
-32
0
64
104
148
180
180
228
276
308
372
396
356
356
340
324
308
276
260
228
164
148
148
132
148
164
212
228
228
276
276
260
244
212
164
148
132
112
96
104
96
132
164
196
244
244
244
228
228
180
148
132
72
72
48
48
48
56
40
16
24
0
8
-8
0
-24
-80
-72
-104
-148
-164
-196
-228
-260
-276
-292
-324
-372
-396
-396
-396
-372
-356
-324
-324
-324
-308
-340
-340
-356
-372
-396
-372
-340
-324
-308
-292
-276
-276
-276
-276
-276
-244
-244
-228
-244
-228
-212
-196
-180
-180
-180
-148
-120
-112
-88
-80
-104
-120
-112
-104
-104
-72
-40
0
8
24
80
132
164
228
260
244
260
260
244
244
276
276
292
324
324
324
324
356
428
428
428
460
428
396
396
396
372
372
396
396
396
396
396
372
340
324
308
308
292
260
260
260
260
244
260
276
260
244
228
212
180
164
148
132
120
120
104
112
132
120
132
132
88
96
56
0
-40
-72
-132
-148
-180
-212
-244
-260
-292
-292
-292
-308
-324
-356
-356
-372
-396
-428
-428
-428
-428
-460
-460
-396
-396
-340
-324
-308
-308
-308
-308
-324
-340
-340
-356
-356
-356
-372
-372
-356
-372
-372
-356
-356
-356
-324
-324
-324
-324
-308
-292
-292
-292
-244
-228
-212
-196
-132
-88
-88
-56
-32
-16
8
48
96
132
148
180
228
244
276
308
340
340
356
372
372
396
396
396
396
396
396
396
396
356
340
324
292
276
276
244
228
212
196
196
228
244
276
244
228
228
196
212
180
164
164
164
196
212
244
260
260
244
228
228
228
212
196
196
180
164
112
88
40
0
-16
-16
-56
-120
-132
-164
-180
-196
-180
-180
-196
-212
-212
-212
-228
-244
-244
-244
-244
-228
-228
-212
-180
-180
-148
-120
-112
-120
-148
-148
-164
-212
-180
-180
-196
-180
-180
-196
-228
-212
-212
-180
-148
-132
-120
-132
-132
-148
-120
-132
-120
-112
-132
-112
-56
0
48
112
112
148
148
180
212
212
244
228
212
228
228
212
180
148
120
80
56
16
0
-24
-80
-88
-72
-88
-80
-80
-64
-88
-120
-132
-148
-164
-180
-180
-164
-132
-88
-72
-32
-16
32
40
56
80
88
88
96
88
56
72
72
72
72
88
112
96
72
80
56
40
8
-8
0
-16
-48
-40
-48
-48
-64
-64
-72
-88
-120
-132
-132
-112
-96
-64
-48
-32
-8
0
0
-8
-32
-56
-72
-104
-132
-148
-120
-120
-80
-40
-8
24
40
40
32
48
32
40
72
96
132
132
164
212
244
276
292
324
324
308
292
260
244
228
196
196
212
228
244
244
212
196
180
148
132
132
132
96
72
64
40
56
56
32
16
8
16
0
0
0
-16
-24
0
-8
-8
0
0
-32
-40
-16
-16
-32
-32
-40
-80
-88
-88
-96
-72
-48
-56
-64
-56
-64
-96
-120
-112
-120
-112
-104
-88
-112
-112
-132
-164
-148
-148
-164
-180
-180
-212
-228
-212
-228
-276
-276
-276
-260
-244
-228
-228
-228
-260
-292
-292
-324
-308
-292
-292
-276
-276
-260
-244
-228
-196
-164
-148
-132
-112
-112
-96
-96
-64
-48
-32
8
48
80
132
164
196
196
196
228
244
244
244
244
212
180
180
180
164
164
148
164
148
148
148
148
132
104
112
72
56
48
56
72
96
112
120
120
120
132
120
148
148
148
164
196
196
196
180
180
180
180
180
196
196
196
180
196
196
212
196
196
180
148
132
112
96
88
132
132
112
112
80
32
16
16
16
48
40
24
32
24
24
24
8
-8
-16
-32
-72
-104
-132
-164
-196
-212
-180
-164
-148
-164
-164
-180
-228
-244
-260
-308
-324
-324
-340
-356
-356
-340
-324
-340
-308
-292
-260
-244
-212
-180
-180
-180
-180
-164
-132
-104
-56
-16
0
0
0
16
16
32
48
72
88
120
120
120
132
148
132
132
132
112
72
48
24
8
0
-16
0
16
16
40
56
48
48
48
56
72
104
112
120
112
88
80
72
56
56
72
80
80
88
88
80
96
104
104
112
104
64
48
16
8
8
0
8
16
24
40
40
40
56
64
72
56
48
40
16
24
40
40
48
48
48
56
64
48
16
-16
-56
-64
-96
-120
-148
-164
-132
-132
-104
-96
-104
-132
-164
-148
-180
-196
-212
-228
-244
-228
-212
-196
-164
-132
-96
-88
-88
-56
-40
-24
0
8
8
0
8
24
48
80
112
132
132
164
164
148
148
148
132
148
164
196
228
212
212
196
212
196
180
180
180
120
96
80
48
48
72
96
80
64
24
16
-16
-40
-40
-32
-16
-8
-8
-8
-8
-24
-16
-24
-32
-48
-56
-80
-104
-112
-112
-132
-112
-96
-96
-64
-48
-24
-16
-32
-56
-72
-72
-80
-56
-48
-40
-32
-32
-40
-16
-16
-24
-48
-80
-72
-80
-72
-56
-40
-32
-8
-8
-8
-24
-56
-72
-104
-104
-112
-132
-132
-148
-132
-120
-80
-64
-56
-40
-40
-56
-56
-72
-64
-80
-120
-112
-88
-96
-72
-48
-40
-40
-16
0
0
0
16
40
40
56
64
72
96
112
148
180
212
244
244
244
244
244
260
244
228
228
196
164
180
196
196
212
212
212
228
164
164
148
120
88
48
24
0
0
8
16
0
-8
-16
-24
-48
-48
-72
-88
-104
-112
-112
-132
-148
-148
-148
-148
-148
-148
-164
-164
-180
-164
-164
-164
-148
-132
-120
-96
-64
-64
-64
-48
-56
-80
-56
-64
-56
-64
-32
0
8
32
64
40
32
56
48
24
32
24
16
8
-16
-32
-24
-40
-48
-40
-32
-48
-72
-72
-96
-104
-96
-88
-80
-72
-64
-72
-72
-64
-80
-88
-56
-48
-32
0
0
16
40
64
72
72
96
104
96
112
96
112
148
180
196
212
212
212
196
164
164
148
132
148
180
196
196
212
228
260
276
276
276
244
196
164
120
80
88
64
40
8
-24
-56
-72
-88
-96
-96
-120
-132
-164
-196
-212
-212
-196
-180
-180
-180
-180
-180
-196
-212
-212
-196
-196
-148
-148
-132
-112
-132
-120
-132
-112
-96
-88
-88
-96
-120
-132
-148
-148
-112
-112
-104
-96
-96
-88
-72
-88
-80
-56
-48
-56
-40
-40
-40
-32
-40
-32
-16
8
8
0
16
48
48
64
56
64
88
80
96
88
96
104
96
88
72
40
48
48
32
72
80
80
96
120
112
148
148
120
132
120
96
88
104
96
112
132
148
164
164
180
164
148
132
132
80
72
48
40
56
48
64
80
48
40
24
8
-32
-64
-80
-96
-112
-132
-120
-132
-112
-88
-96
-96
-96
-112
-112
-72
