SAMPLES:	9488
BITSPERSAMPLE:	16
CHANNELS:	1
SAMPLERATE:	16000
NORMALIZED:	FALSE
16
24
24
24
24
16
16
16
8
8
8
8
8
16
16
8
8
8
8
8
8
8
8
8
0
0
0
0
0
0
0
0
0
0
-8
-8
-8
-8
0
0
-8
-8
-8
-8
-8
-8
-8
-8
-8
-16
-16
-16
-16
-16
-16
-16
-16
-16
-16
-8
-8
-16
-8
-16
-8
-8
-8
-8
-8
-8
0
0
0
0
0
-8
-8
0
0
0
0
0
0
0
0
0
0
0
0
0
0
0
0
0
0
0
0
0
0
0
0
0
0
0
0
0
0
0
0
0
0
0
0
0
0
0
0
0
0
0
8
8
8
8
0
0
0
0
0
0
0
0
0
0
8
0
0
8
0
8
8
8
0
0
0
0
0
0
0
0
0
0
0
0
0
0
0
0
0
0
0
0
-8
-8
-8
-8
0
0
0
0
0
0
0
0
0
0
0
0
0
0
0
0
0
0
0
0
0
0
0
0
0
0
0
0
0
0
8
8
8
8
8
8
8
8
8
8
8
8
8
8
8
8
8
8
8
0
8
0
0
8
8
8
0
0
0
0
0
0
0
0
0
0
0
0
0
0
0
0
0
0
0
-8
-8
-8
-8
-8
0
0
-8
-8
-8
-8
-16
-8
-16
-16
-16
-8
-8
-8
-8
-8
-16
-16
-16
-16
-16
-16
-16
-16
-16
-16
-16
-16
-16
-16
-24
-16
-16
-16
-16
-16
-8
-8
-8
-8
-8
-8
-8
-8
-8
-8
-8
-8
0
0
0
0
0
0
0
0
0
0
0
0
0
0
0
0
0
8
8
8
8
8
16
16
16
16
16
24
24
24
24
24
32
32
32
32
32
32
32
32
32
32
32
24
32
32
32
32
32
32
24
24
24
24
24
16
16
16
16
16
8
8
8
8
0
0
0
0
0
0
0
0
-8
-8
-8
-16
-8
-8
-8
-8
-16
-16
-16
-16
-16
-16
-24
-24
-24
-24
-24
-16
-16
-16
-16
-24
-16
-24
-24
-24
-24
-24
-24
-24
-24
-16
-16
-16
-16
-16
-16
-16
-16
-8
-8
-8
-8
-8
-8
0
0
0
0
0
0
0
0
0
0
0
0
0
0
0
0
0
0
8
0
8
0
0
0
0
0
0
0
0
8
8
8
8
8
8
8
8
8
8
8
8
16
8
8
8
8
8
8
8
8
8
8
0
0
8
8
8
8
8
8
8
8
8
8
0
0
0
0
0
0
0
0
0
0
0
0
0
0
0
0
0
0
-8
-8
-8
-8
-8
-8
-8
-8
-8
-8
0
-8
-8
-8
-8
0
0
0
-8
-8
0
-8
0
0
0
0
0
0
0
0
0
0
0
0
0
0
0
0
0
0
0
0
0
0
0
0
0
0
0
0
0
0
0
0
0
0
0
0
0
0
0
0
0
0
0
0
0
0
0
0
0
0
0
0
0
8
8
8
8
8
0
0
0
0
0
0
0
0
0
0
0
0
0
0
0
0
0
0
0
0
0
0
0
0
0
0
-8
-8
-8
-8
-8
-8
-8
-8
-8
-8
-8
-8
-8
-8
-8
-8
-8
-8
-8
-8
-8
-8
-8
0
0
0
0
0
0
0
0
0
0
0
0
0
0
8
8
8
8
8
8
8
8
8
8
8
8
8
0
8
8
8
8
16
16
16
8
8
8
8
8
8
8
8
8
8
8
8
8
16
16
8
8
8
8
8
8
0
0
0
0
0
0
0
0
0
0
0
0
0
0
0
0
0
0
0
0
0
0
0
0
0
0
0
0
0
0
0
0
0
-8
-8
-8
-8
-8
-8
-8
-8
0
0
-8
-8
-8
-8
-8
-8
-8
-8
-8
-8
-8
-8
-8
-8
-8
-8
-16
-16
-16
-16
-8
-8
-8
-16
-16
-16
-8
-8
-8
-8
-8
-8
-8
-8
-8
-8
-8
0
0
0
0
0
0
0
0
0
0
0
0
0
0
0
0
0
0
0
0
0
8
8
8
8
16
8
8
8
8
8
8
8
8
16
8
16
16
8
8
16
8
8
8
16
8
16
16
16
16
16
16
16
16
16
8
8
8
8
8
8
8
8
8
8
8
0
0
0
0
0
0
0
0
0
0
0
0
0
0
0
0
0
0
0
0
0
0
0
0
0
0
0
0
0
0
0
0
0
0
0
-8
0
0
0
0
-8
-8
-16
-8
-8
-8
-8
-8
-8
-8
-8
-8
-8
-8
-8
0
0
-8
-8
-8
-8
-8
-8
0
-8
-8
-8
-8
-8
0
0
0
0
0
0
0
0
0
0
0
0
0
0
0
0
0
0
0
0
0
0
0
0
0
0
0
0
0
0
0
0
0
0
0
0
0
0
0
0
0
0
0
0
0
0
0
0
0
0
0
0
0
0
0
0
0
0
0
0
0
0
0
0
0
0
0
0
0
0
0
0
0
0
0
0
0
0
0
0
0
0
0
0
0
0
0
0
8
8
8
8
8
8
8
8
8
8
8
8
8
8
8
8
8
16
16
16
16
16
16
16
16
16
16
16
16
16
16
16
16
24
24
24
16
16
16
8
8
8
8
8
8
0
0
0
0
0
0
0
0
0
0
0
0
-8
-8
-8
-8
-16
-16
-24
-24
-24
-24
-24
-24
-24
-24
-24
-24
-24
-24
-24
-24
-24
-24
-24
-32
-32
-32
-32
-24
-24
-24
-24
-24
-24
-16
-16
-24
-16
-16
-16
-8
-8
-8
-8
-8
-8
-8
-8
-8
-8
0
0
0
0
0
0
0
0
8
0
0
0
8
8
16
8
16
16
16
16
16
24
24
24
16
24
16
16
16
16
24
24
24
24
24
24
24
24
16
24
16
16
8
8
8
16
16
16
16
16
8
8
8
0
8
8
8
0
0
8
0
0
0
0
0
0
0
0
0
0
0
0
0
0
0
0
0
-8
-8
-8
-8
-8
-8
-8
-8
-8
-8
-16
-8
-8
-8
-8
-8
-8
-8
-8
-8
-8
0
0
0
0
0
0
0
0
0
0
0
8
8
8
8
8
8
0
0
8
8
0
0
0
0
0
8
0
0
0
0
0
0
0
0
0
0
0
0
-8
-8
-8
-8
-8
-8
-16
-16
-16
-16
-16
-16
-16
-16
-16
-16
-16
-16
-16
-16
-16
-16
-8
-8
-8
-8
0
0
-8
-8
0
0
0
0
0
0
0
0
0
0
0
0
0
0
0
0
0
0
0
0
0
0
0
-8
0
0
0
0
0
0
0
0
0
0
8
8
8
0
8
8
8
8
8
16
16
16
16
24
24
32
32
40
32
32
32
32
24
24
24
24
24
24
24
16
16
16
16
16
8
8
8
0
0
0
0
-8
-8
-8
-16
-16
-16
-16
-24
-24
-24
-24
-32
-32
-32
-32
-32
-32
-32
-32
-32
-32
-32
-32
-24
-24
-24
-16
-16
-16
-8
-8
-8
-8
-8
0
0
0
-8
-8
0
0
0
0
0
0
0
0
0
0
0
0
0
0
0
0
0
0
0
0
8
8
16
16
16
16
16
16
16
16
24
24
24
32
32
40
32
40
40
40
40
40
40
40
40
40
40
40
40
40
32
32
32
24
24
24
16
16
8
8
8
0
0
0
0
-8
-16
-16
-24
-24
-24
-24
-24
-32
-32
-32
-32
-32
-40
-40
-40
-40
-40
-40
-40
-40
-40
-48
-48
-48
-48
-48
-48
-40
-40
-48
-48
-48
-56
-56
-48
-56
-56
-56
-56
-48
-48
-40
-40
-48
-40
-40
-40
-40
-32
-32
-24
-16
-16
-8
0
0
0
0
8
16
24
32
40
48
56
64
72
80
88
88
96
104
104
112
112
120
120
120
120
120
120
120
112
112
112
104
104
96
96
88
80
80
72
56
48
32
32
16
16
8
0
0
-8
-16
-16
-16
-24
-32
-32
-40
-48
-56
-56
-64
-56
-56
-56
-56
-56
-64
-64
-56
-64
-64
-64
-64
-56
-56
-56
-56
-64
-72
-80
-80
-88
-96
-104
-112
-120
-120
-132
-132
-132
-148
-148
-148
-164
-164
-164
-164
-164
-164
-148
-148
-148
-148
-132
-120
-112
-96
-80
-64
-48
-32
-16
0
24
48
72
88
112
132
164
180
196
212
244
260
276
308
324
340
340
356
356
372
372
356
356
356
340
324
308
292
276
244
228
196
180
164
132
104
80
56
24
0
-24
-56
-80
-104
-132
-148
-180
-180
-196
-196
-212
-212
-228
-228
-228
-228
-212
-196
-196
-180
-164
-164
-148
-132
-132
-120
-112
-104
-96
-96
-104
-96
-96
-96
-104
-104
-104
-112
-112
-120
-132
-148
-148
-164
-196
-212
-228
-244
-260
-276
-276
-292
-292
-292
-292
-292
-292
-292
-292
-276
-276
-260
-260
-244
-212
-196
-164
-132
-104
-72
-32
8
48
88
132
164
196
244
276
324
356
396
428
492
524
556
588
620
620
620
620
652
652
652
652
620
588
588
556
556
492
460
428
396
340
292
260
212
180
132
104
72
32
0
-24
-56
-80
-104
-132
-164
-164
-196
-196
-212
-228
-212
-196
-164
-164
-148
-148
-132
-120
-104
-88
-80
-72
-56
-48
-48
-48
-56
-64
-72
-88
-112
-132
-164
-180
-196
-228
-276
-308
-340
-372
-428
-460
-492
-524
-556
-588
-620
-620
-652
-652
-652
-652
-652
-684
-652
-620
-620
-588
-556
-524
-492
-428
-396
-356
-308
-276
-212
-148
-104
-32
16
64
120
180
244
292
340
396
428
460
492
524
556
588
620
652
684
684
684
684
716
716
716
716
716
684
684
652
620
620
588
556
524
524
492
460
428
396
396
372
340
324
292
260
244
212
196
196
180
164
132
112
104
96
96
104
112
112
120
132
132
164
180
196
196
180
180
132
112
88
48
24
0
-32
-80
-112
-164
-228
-276
-324
-356
-428
-460
-556
-620
-716
-780
-844
-924
-988
-1052
-1116
-1180
-1180
-1244
-1244
-1244
-1244
-1244
-1180
-1180
-1180
-1116
-1116
-1052
-988
-924
-812
-748
-652
-588
-492
-372
-276
-164
-64
24
80
164
276
356
428
524
588
684
716
748
812
812
844
844
876
924
924
924
924
924
876
844
812
780
748
716
684
620
588
556
492
428
396
356
324
276
244
212
164
148
132
112
112
96
96
96
96
104
104
132
148
132
148
164
164
196
212
260
292
324
396
428
460
492
492
524
524
556
588
588
588
588
588
556
556
492
460
396
340
276
212
120
40
-48
-132
-228
-340
-460
-556
-684
-780
-876
-988
-1052
-1180
-1244
-1372
-1436
-1500
-1628
-1628
-1692
-1756
-1756
-1756
-1756
-1756
-1692
-1692
-1564
-1500
-1372
-1308
-1180
-1116
-988
-876
-748
-620
-460
-324
-180
-32
112
260
396
556
684
812
924
988
1052
1116
1180
1244
1308
1308
1372
1372
1372
1372
1372
1308
1308
1308
1244
1180
1116
1052
988
844
780
716
620
556
460
372
308
244
196
148
96
56
8
-40
-80
-96
-104
-104
-88
-96
-88
-80
-64
-40
0
24
64
96
148
228
292
356
428
492
524
556
588
652
684
748
812
812
812
844
812
812
780
716
620
556
492
396
324
228
112
-8
-132
-260
-396
-524
-652
-812
-924
-1052
-1180
-1308
-1436
-1564
-1692
-1820
-1980
-1980
-2108
-2108
-2236
-2236
-2236
-2236
-2108
-2108
-2108
-1980
-1884
-1820
-1692
-1564
-1436
-1308
-1180
-988
-844
-652
-460
-276
-96
80
276
460
620
780
924
1052
1180
1308
1372
1436
1564
1628
1628
1692
1756
1756
1756
1692
1692
1692
1628
1628
1500
1436
1372
1308
1180
1116
988
924
812
716
620
556
492
460
396
340
292
228
148
112
72
40
8
0
0
16
40
48
64
96
120
148
196
228
260
292
324
396
460
524
556
620
652
716
780
812
812
844
844
844
844
780
716
620
524
428
340
244
132
8
-112
-244
-372
-524
-652
-812
-988
-1116
-1308
-1436
-1628
-1756
-1884
-1980
-2108
-2236
-2364
-2364
-2492
-2492
-2492
-2492
-2492
-2492
-2492
-2364
-2364
-2236
-2108
-2108
-1980
-1820
-1628
-1500
-1308
-1116
-924
-716
-524
-356
-148
40
212
396
588
780
924
1052
1180
1308
1372
1436
1564
1628
1628
1692
1692
1756
1756
1756
1692
1692
1692
1628
1564
1500
1372
1308
1180
1116
988
876
812
780
716
652
588
524
492
460
460
396
340
276
244
228
228
260
260
292
324
356
396
460
492
556
620
652
684
748
812
876
924
988
1052
1116
1116
1180
1180
1180
1180
1244
1244
1244
1180
1116
988
924
812
716
588
492
340
164
0
-164
-340
-524
-716
-876
-1052
-1244
-1436
-1564
-1692
-1820
-1980
-2108
-2236
-2236
-2364
-2492
-2620
-2620
-2620
-2620
-2620
-2620
-2620
-2620
-2492
-2364
-2236
-2236
-2108
-1980
-1756
-1628
-1436
-1244
-1052
-876
-684
-492
-340
-164
0
148
292
396
524
684
812
924
1052
1180
1244
1372
1372
1372
1436
1372
1372
1308
1308
1244
1244
1180
1116
1052
988
924
812
748
684
620
524
492
428
372
340
340
308
276
228
212
180
196
244
260
292
340
396
460
524
588
652
684
748
812
876
924
924
988
1052
1116
1180
1180
1244
1308
1308
1372
1372
1372
1372
1372
1372
1372
1308
1244
1180
1052
988
844
716
588
428
292
132
-24
-180
-396
-556
-716
-876
-1052
-1180
-1372
-1500
-1628
-1756
-1820
-1980
-2108
-2108
-2236
-2364
-2364
-2492
-2492
-2364
-2364
-2364
-2364
-2236
-2108
-1980
-1884
-1756
-1628
-1500
-1372
-1244
-1052
-924
-748
-556
-356
-164
-16
104
260
428
524
652
748
844
876
924
988
1052
1116
1116
1180
1180
1180
1116
1116
1052
1052
988
924
876
812
716
652
588
524
460
396
340
308
260
228
228
228
196
212
228
244
276
292
292
308
372
428
492
556
588
652
716
748
780
844
876
876
924
988
1052
1116
1116
1116
1180
1180
1244
1244
1244
1244
1180
1180
1180
1116
1116
1052
924
812
684
556
396
276
148
0
-164
-324
-460
-652
-812
-988
-1116
-1244
-1372
-1500
-1628
-1756
-1980
-2108
-2236
-2236
-2364
-2364
-2492
-2492
-2492
-2492
-2492
-2492
-2492
-2364
-2364
-2236
-2236
-2108
-1980
-1820
-1692
-1500
-1372
-1180
-988
-812
-620
-428
-260
-56
120
260
396
556
684
812
924
1052
1116
1180
1308
1372
1436
1500
1564
1564
1564
1628
1564
1500
1500
1436
1436
1372
1308
1244
1180
1180
1116
1052
988
924
924
876
844
812
780
716
684
652
620
620
652
652
652
684
716
748
812
876
924
924
924
988
988
988
1052
1052
1052
988
988
988
1052
1052
1116
1116
1052
1052
988
924
924
876
844
812
748
652
492
356
196
88
-8
-148
-276
-492
-684
-812
-988
-1116
-1308
-1436
-1628
-1820
-1980
-2108
-2236
-2364
-2492
-2492
-2620
-2748
-2748
-2876
-2876
-2876
-3004
-3004
-3004
-3004
-3004
-2876
-2748
-2748
-2620
-2492
-2364
-2236
-1980
-1884
-1692
-1564
-1372
-1180
-924
-716
-492
-308
-104
88
260
460
652
780
924
1052
1180
1308
1436
1564
1628
1692
1756
1820
1884
1980
1980
1980
1980
1980
1980
1980
1980
1884
1820
1756
1756
1692
1628
1564
1500
1436
1436
1372
1372
1372
1308
1308
1308
1244
1180
1180
1180
1116
1116
1116
1116
1180
1180
1180
1180
1180
1180
1180
1116
1116
1116
1116
1052
1052
988
988
924
924
876
812
780
716
716
684
620
588
492
428
340
228
88
-40
-164
-292
-428
-556
-748
-924
-1052
-1180
-1308
-1436
-1564
-1756
-1820
-1980
-1980
-2108
-2236
-2364
-2492
-2620
-2620
-2748
-2748
-2876
-2876
-2876
-2876
-2876
-2748
-2748
-2748
-2620
-2620
-2492
-2492
-2364
-2236
-2108
-1884
-1756
-1564
-1436
-1244
-1116
-876
-684
-492
-308
-148
0
164
324
492
620
748
876
988
1116
1180
1308
1372
1436
1500
1628
1692
1756
1756
1756
1756
1756
1756
1756
1756
1692
1692
1628
1628
1628
1564
1500
1372
1308
1308
1308
1244
1180
1180
1116
1116
1052
988
924
924
924
924
988
924
988
924
924
924
924
924
876
876
876
876
876
844
812
748
780
748
716
748
716
652
652
652
620
620
620
588
556
492
428
356
276
148
40
-56
-132
-228
-308
-396
-524
-620
-748
-924
-1052
-1180
-1308
-1436
-1500
-1628
-1756
-1884
-1980
-2108
-2236
-2236
-2364
-2364
-2364
-2492
-2364
-2364
-2364
-2364
-2364
-2364
-2364
-2364
-2236
-2108
-1980
-1884
-1756
-1628
-1436
-1308
-1180
-988
-844
-652
-492
-324
-164
0
112
276
396
524
684
844
924
1052
1244
1308
1372
1500
1564
1628
1692
1692
1756
1756
1756
1756
1756
1756
1692
1692
1692
1628
1564
1500
1436
1372
1308
1244
1180
1116
1052
988
924
812
748
684
652
588
524
492
460
372
324
292
244
212
164
132
132
112
88
88
104
104
96
112
132
148
132
132
132
88
96
120
112
104
96
104
96
80
88
88
64
40
24
0
-24
-96
-148
-228
-308
-356
-428
-492
-556
-652
-716
-780
-876
-924
-988
-1116
-1180
-1244
-1308
-1372
-1436
-1500
-1564
-1564
-1628
-1692
-1692
-1692
-1692
-1692
-1692
-1628
-1564
-1564
-1500
-1436
-1372
-1244
-1116
-1052
-876
-780
-652
-524
-396
-260
-132
0
132
244
396
492
556
684
780
876
924
1052
1116
1180
1244
1372
1436
1436
1436
1500
1500
1500
1564
1564
1500
1500
1500
1436
1372
1308
1308
1180
1116
1052
1052
988
924
876
812
780
716
684
620
588
524
460
396
324
276
244
228
212
196
164
148
80
48
64
48
8
16
16
40
8
8
16
-24
-64
-64
-32
0
0
-16
-48
-40
-80
-88
-80
-88
-104
-112
-148
-196
-244
-324
-396
-460
-524
-492
-556
-620
-620
-684
-780
-844
-924
-1052
-1116
-1180
-1244
-1308
-1436
-1500
-1564
-1628
-1692
-1692
-1692
-1692
-1692
-1628
-1692
-1756
-1756
-1756
-1692
-1692
-1564
-1500
-1436
-1372
-1244
-1116
-988
-876
-716
-588
-460
-340
-260
-164
-48
88
244
396
556
684
812
924
1052
1180
1308
1372
1436
1500
1564
1692
1756
1756
1820
1884
1884
1884
1884
1884
1884
1884
1884
1980
1884
1820
1756
1692
1628
1564
1436
1436
1372
1308
1244
1180
1052
988
876
748
652
620
524
492
460
372
292
196
148
120
72
40
-8
-132
-228
-324
-396
-428
-460
-492
-524
-524
-588
-620
-620
-588
-588
-556
-588
-588
-588
-620
-652
-652
-652
-620
-620
-620
-588
-588
-620
-684
-652
-652
-684
-684
-716
-780
-876
-924
-988
-988
-988
-1052
-1052
-1052
-1116
-1180
-1244
-1308
-1308
-1436
-1436
-1500
-1564
-1564
-1564
-1564
-1564
-1500
-1500
-1436
-1436
-1436
-1436
-1372
-1308
-1244
-1180
-1116
-988
-876
-780
-652
-556
-460
-372
-244
-104
16
164
308
428
556
716
876
988
1116
1244
1308
1436
1564
1628
1756
1820
1884
1884
1980
1980
2108
2108
2108
2236
2108
2108
2108
2108
2108
1980
1980
1980
1820
1756
1756
1628
1500
1372
1308
1980
2236
1436
748
620
524
56
-276
-132
460
780
132
-716
-492
-244
-652
-716
-356
32
-228
-748
-780
-356
-372
-924
-988
-620
-620
-876
-812
-652
-524
-620
-684
-396
-228
-372
-492
-340
-260
-356
-372
-428
-652
-748
-748
-684
-620
-684
-716
-588
-652
-748
-748
-684
-748
-924
-924
-1052
-1244
-1308
-1372
-1308
-1308
-1372
-1308
-1308
-716
-460
-1180
-1116
-716
-1244
-1980
-2236
-1980
-1980
-1980
-2236
-2492
-1980
-2108
-2364
-1980
-1436
-1052
-988
-924
-492
-148
-112
-228
-8
524
396
356
620
844
1116
1180
1500
1820
1820
1884
1980
1980
2108
2364
2620
2492
2364
2492
2236
2108
1980
1980
2108
1980
1756
1884
1756
1372
1372
1820
1820
1500
1756
1628
1116
812
556
524
492
244
244
748
780
340
492
780
428
196
428
428
356
212
180
428
620
652
876
1244
1180
780
716
684
340
-56
-324
-340
-340
-356
-460
-460
-372
-620
-1052
-1308
-1692
-1980
-2108
-2492
-2748
-2748
-2876
-3004
-2876
-2876
-3004
-3260
-3260
-3260
-3260
-3260
-3132
-2748
-2492
-2236
-1980
-1564
-1116
-924
-748
-460
-120
132
244
396
556
620
876
1116
1244
1308
1500
1436
1180
1052
1116
988
716
556
652
652
460
356
428
372
164
-24
0
-56
-244
-324
-340
-180
-72
24
228
556
652
620
748
812
812
780
780
988
1116
1116
1116
1244
1308
1244
1372
1692
1756
1692
1628
1628
1756
1884
1980
2108
2364
2236
2108
1980
1980
1980
1820
1980
2364
2620
2620
2364
2364
2748
2748
2620
2236
1820
1436
1180
924
556
308
88
-180
-492
-988
-1500
-1820
-2108
-2492
-3132
-3644
-4092
-4092
-4348
-4604
-5116
-5116
-5116
-4860
-4860
-4860
-4860
-4860
-4604
-4092
-3772
-3388
-3004
-2364
-1980
-1564
-1052
-460
-120
-104
16
428
924
1436
1820
2236
2748
3004
3388
3388
3388
3260
2748
2108
1628
1628
1372
876
556
492
620
396
-48
-164
-324
-844
-1500
-1436
-1308
-1564
-1980
-1980
-1372
-924
-924
-988
-812
-748
-812
-748
-428
-148
-56
-48
228
812
1180
1180
1180
1436
1628
1692
1500
1372
1372
1372
1564
2108
2620
2876
2748
2876
3132
3388
3260
3004
3004
3132
3388
3772
4092
4348
4604
4860
5372
5372
5116
4092
3516
3388
3004
2492
1820
1564
1244
748
112
-620
-988
-1756
-2748
-3772
-4604
-5116
-5628
-5884
-6396
-6652
-6908
-6908
-6652
-6396
-6652
-6652
-6652
-6140
-5628
-5372
-4860
-4348
-3516
-2748
-2108
-1244
-556
-180
-64
64
428
876
1436
1564
1820
2108
2492
3132
3516
3516
3132
2748
2236
1980
1436
748
244
-64
-292
-292
-56
16
-164
-428
-620
-652
-748
-1052
-1308
-1372
-1180
-924
-620
-260
0
72
164
308
460
428
164
-88
-24
212
324
292
396
652
924
924
1052
1052
924
556
340
556
876
1052
1244
1500
1980
2492
2876
3132
3260
3260
3260
3516
3772
4348
4604
4860
5372
5884
6140
6140
5628
4860
4604
4348
3644
2876
2492
2108
1500
780
88
-460
-988
-1980
-2876
-3772
-4604
-5116
-5628
-6140
-6652
-6908
-6908
-6652
-6396
-6396
-6140
-5884
-5628
-5116
-4604
-4348
-3772
-3132
-2364
-1884
-1180
-396
112
396
492
812
1180
1564
1628
1500
1692
1980
2236
2620
2620
2364
1884
1436
876
308
-244
-876
-1372
-1692
-1756
-1564
-1436
-1436
-1500
-1308
-1180
-1052
-1052
-1180
-1308
-1180
-988
-716
-260
64
148
244
556
748
716
460
148
88
112
72
96
276
428
428
492
684
876
876
588
428
556
876
1116
1308
1756
2236
2620
3004
3388
3644
3772
3900
4092
4604
5116
5372
5628
6140
6652
6396
6140
5372
5116
4604
3900
3004
2492
2108
1436
620
-196
-844
-1244
-1980
-2876
-3772
-4604
-5372
-5884
-6140
-6652
-6908
-6908
-6908
-6396
-5884
-5884
-5628
-5116
-4604
-4092
-3644
-3004
-2364
-1756
-1244
-684
212
844
1180
1244
1372
1692
1980
2108
1980
1884
1884
2108
2364
2364
2108
1500
1052
556
72
-524
-1116
-1564
-2108
-2364
-2236
-2108
-1884
-1884
-1820
-1628
-1372
-1308
-1244
-1308
-1308
-1244
-1052
-748
-372
-148
-80
32
228
396
324
132
-64
-148
-324
-556
-524
-356
-148
-120
0
292
460
460
340
492
780
1116
1372
1692
2236
2620
3132
3388
3644
3900
4092
4348
4604
5372
5628
5884
6140
6652
6652
6652
5884
5116
4860
4092
3388
2364
1884
1372
620
-244
-1180
-1692
-2236
-3004
-4092
-4860
-5372
-6140
-6396
-6908
-7164
-7164
-7164
-6908
-6140
-5884
-5628
-5116
-4604
-3900
-3516
-2876
-2236
-1436
-844
-372
308
988
1628
1756
1756
1980
2364
2748
2492
2364
2364
2620
2620
2620
2492
2236
1756
1116
588
212
-276
-844
-1436
-1692
-1628
-1564
-1564
-1564
-1308
-1116
-1052
-924
-780
-748
-876
-1052
-988
-748
-492
-428
-396
-260
-132
-180
-396
-588
-716
-924
-1244
-1372
-1436
-1436
-1372
-1372
-1116
-780
-524
-372
-260
-132
64
428
716
1180
1628
2108
2620
3004
3516
3900
4092
4604
4860
5372
5884
6140
6396
6652
6908
6908
6652
5884
5372
4860
4092
3260
2364
1820
1116
372
-556
-1436
-1884
-2364
-3260
-4092
-5116
-5628
-6140
-6652
-6908
-7164
-7420
-7164
-6652
-6140
-5884
-5372
-5116
-4348
-3644
-3132
-2620
-2108
-1500
-1052
-620
24
620
1052
1180
1244
1564
1980
2236
2108
1980
2108
2364
2492
2364
2236
1980
1564
1052
588
324
-96
-556
-924
-1116
-988
-876
-812
-652
-396
-164
-32
96
148
132
16
-64
56
228
372
428
340
356
460
340
72
-276
-556
-876
-1180
-1372
-1628
-1692
-1756
-1692
-1564
-1244
-1052
-876
-716
-492
-148
260
620
924
1308
1692
2236
2748
3260
3516
3772
4092
4604
5116
5628
5884
5884
6396
6652
6652
6396
5884
5116
4860
4092
3388
2364
1628
988
196
-620
-1436
-1980
-2492
-3260
-4092
-4860
-5372
-5884
-6140
-6652
-6908
-7164
-6908
-6652
-6140
-5884
-5628
-5116
-4348
-3644
-3132
-2620
-2108
-1564
-1180
-844
-340
132
524
652
780
1116
1372
1628
1628
1692
1820
1884
1980
1884
1884
1564
1244
844
556
292
-164
-588
-924
-988
-876
-780
-684
-492
-372
-260
16
308
460
396
292
324
460
588
652
620
556
524
428
372
164
-88
-396
-620
-876
-1116
-1180
-1372
-1564
-1564
-1436
-1244
-1052
-988
-924
-588
-104
308
652
1052
1436
1820
2364
2876
3260
3516
3644
4092
4348
4860
5372
5372
5628
6140
6652
6652
6396
5884
5116
4860
4348
3516
2492
1820
1116
372
-324
-1180
-1820
-2364
-3132
-3900
-4604
-5116
-5628
-5884
-6396
-6652
-6652
-6652
-6396
-6140
-5884
-5372
-4860
-4348
-3644
-3132
-2620
-2108
-1564
-1052
-716
-196
244
620
812
876
1052
1244
1500
1564
1564
1692
1884
1980
2108
1980
1692
1308
924
556
196
-148
-524
-812
-988
-988
-876
-716
-588
-460
-228
16
244
340
244
96
72
148
196
228
228
164
104
72
72
-104
-460
-780
-1116
-1244
-1436
-1564
-1692
-1820
-1884
-1756
-1500
-1308
-1244
-1180
-844
-372
120
524
924
1308
1756
2236
2620
3004
3260
3388
3772
4348
4604
5116
5372
5628
5884
6140
6396
6396
6140
5372
4860
4348
3772
2876
1884
1308
716
72
-748
-1756
-2364
-2876
-3516
-4092
-4860
-5372
-5628
-6140
-6396
-6396
-6396
-6396
-6140
-5628
-5116
-4860
-4348
-3772
-3260
-2748
-2108
-1564
-988
-524
-196
228
652
1052
1180
1372
1500
1756
2108
2236
2364
2236
2364
2492
2364
2108
1628
1180
924
588
148
-228
-492
-652
-748
-684
-492
-324
-324
-396
-244
8
120
-96
-324
-324
-228
-196
-260
-132
-88
-196
-308
-292
-308
-524
-924
-1308
-1372
-1500
-1756
-1980
-2108
-2108
-1980
-1820
-1628
-1372
-1052
-876
-524
0
556
924
1180
1692
2108
2620
3004
3132
3388
3644
4092
4348
4860
5372
5628
5884
5884
6396
6396
6140
5884
5116
4604
3900
3132
2364
1436
812
196
-396
-1116
-1980
-2620
-3260
-3900
-4348
-5116
-5628
-6140
-6396
-6396
-6652
-6652
-6396
-6140
-5884
-5372
-5116
-4604
-4092
-3644
-3004
-2492
-1980
-1372
-844
-356
148
684
1052
1308
1500
1628
1980
2108
2236
2236
2236
2492
2492
2492
2236
1980
1692
1372
1052
780
492
180
-48
-180
-80
72
164
80
120
308
556
652
524
460
428
324
228
228
260
104
-72
-276
-372
-524
-844
-1180
-1436
-1564
-1756
-1980
-2108
-2236
-2236
-2236
-2108
-1884
-1628
-1436
-1180
-716
-148
260
652
1116
1628
2108
2492
2876
3132
3388
3644
3900
4348
4860
5372
5372
5628
5884
6140
6140
5884
5628
5116
4348
3900
3132
2492
1436
620
64
-428
-1116
-1980
-2748
-3260
-3644
-4092
-4860
-5372
-5628
-5884
-5884
-5884
-5884
-5884
-5628
-5372
-5116
-4604
-4348
-4092
-3516
-3004
-2492
-1884
-1244
-620
-112
308
684
1052
1372
1500
1436
1564
1756
1884
1884
1820
1820
1980
1884
1692
1500
1244
988
716
428
96
-132
-324
-524
-460
-396
-356
-356
-308
-104
228
428
356
212
228
244
180
64
-24
-132
-324
-556
-620
-620
-780
-1180
-1372
-1436
-1500
-1628
-1820
-1884
-1884
-1884
-1820
-1628
-1436
-1244
-924
-588
-96
428
924
1308
1692
2108
2492
2876
3132
3388
3772
3900
4092
4604
4860
5372
5628
5628
5628
5628
5628
5372
4860
4348
3644
3004
2236
1372
524
-40
-620
-1308
-1980
-2748
-3260
-3644
-4092
-4604
-5116
-5372
-5628
-5372
-5372
-5372
-5372
-5372
-5116
-4604
-4348
-3900
-3644
-3132
-2748
-2236
-1628
-1052
-492
8
428
812
1116
1436
1436
1500
1500
1564
1756
1756
1692
1628
1692
1692
1564
1372
1052
876
620
244
-40
-212
-324
-524
-460
-324
-164
-80
-56
132
460
556
428
372
460
492
428
324
212
96
-120
-356
-460
-428
-620
-988
-1244
-1308
-1308
-1500
-1692
-1756
-1692
-1628
-1564
-1436
-1180
-988
-924
-748
-292
260
684
1052
1500
1884
2364
2748
3004
3388
3644
3772
3900
4092
4604
4860
4860
4860
4860
4860
4860
4604
4348
3772
3132
2492
1980
1372
524
-324
-924
-1436
-1980
-2748
-3516
-3900
-4092
-4348
-4604
-5116
-5116
-5116
-5116
-4860
-5116
-4860
-4604
-4348
-4092
-3772
-3388
-3004
-2620
-2108
-1500
-988
-524
64
524
812
1052
1436
1692
1756
1756
1692
1820
1980
1884
1756
1756
1884
1756
1500
1308
1116
1052
780
524
308
180
-120
-324
-356
-324
-260
-324
-212
0
212
244
228
292
292
180
96
-72
-244
-372
-556
-716
-876
-988
-1180
-1308
-1500
-1500
-1500
-1628
-1756
-1628
-1500
-1372
-1244
-1052
-812
-556
-292
48
588
1052
1372
1628
2108
2492
2748
3004
3260
3644
3772
4092
4348
4348
4348
4604
4604
4604
4348
4092
3900
3772
3516
3004
2492
1980
1564
988
228
-492
-924
-1372
-1980
-2748
-3388
-3772
-3900
-4092
-4348
-4604
-4860
-4604
-4604
-4348
-4348
-4348
-4348
-4092
-3900
-3644
-3388
-3132
-2620
-2236
-1756
-1180
-588
-104
276
524
748
1180
1564
1564
1500
1564
1692
1692
1628
1500
1628
1628
1372
1308
1308
1308
1116
924
684
620
492
120
-88
-148
-180
-308
-428
-492
-356
-164
-164
-212
-40
8
-164
-324
-428
-428
-524
-812
-1052
-1180
-1244
-1436
-1500
-1500
-1436
-1500
-1692
-1628
-1436
-1244
-1116
-988
-652
-324
-24
260
492
844
1180
1564
1884
2364
2748
2876
3132
3388
3644
3900
4092
4092
4092
4348
4348
4348
4092
3900
3516
3132
3004
3004
2876
2364
1756
1372
1052
492
-292
-876
-1244
-1692
-2364
-2876
-3260
-3516
-3644
-3900
-4092
-4092
-4092
-4092
-4092
-4092
-4092
-4092
-4092
-3900
-3516
-3260
-3004
-2748
-2236
-1820
-1372
-844
-340
80
372
652
924
1244
1308
1308
1372
1436
1500
1436
1436
1500
1436
1372
1436
1500
1436
1372
1308
1052
924
716
460
260
104
32
-148
-212
-276
-212
-8
-72
-104
-80
-164
-276
-428
-524
-684
-780
-988
-1180
-1308
-1372
-1436
-1564
-1628
-1564
-1564
-1500
-1500
-1436
-1372
-1244
-988
-716
-372
-32
228
460
748
1116
1436
1756
1980
2236
2620
2748
3004
3260
3388
3516
3516
3644
3644
3516
3516
3388
3260
3004
2748
2492
2492
2364
1980
1692
1244
924
524
80
-492
-988
-1180
-1628
-2108
-2492
-2876
-3132
-3132
-3388
-3516
-3644
-3644
-3772
-3644
-3644
-3644
-3516
-3516
-3388
-3132
-2876
-2748
-2492
-2108
-1756
-1372
-876
-524
-148
148
492
780
1116
1244
1180
1244
1308
1372
1372
1372
1436
1436
1436
1500
1500
1500
1436
1308
1244
988
748
492
292
112
0
-88
-148
-80
-112
-132
-164
-164
-120
-132
-292
-428
-460
-588
-684
-780
-924
-1052
-1116
-1180
-1116
-1116
-1052
-1052
-1052
-988
-812
-652
-460
-308
-88
196
460
684
876
1116
1308
1564
1820
1980
2236
2364
2620
2876
3004
3132
3260
3260
3132
3132
3004
2876
2748
2492
2236
1980
1820
1692
1692
1436
1180
844
620
324
-40
-460
-924
-1244
-1564
-1980
-2364
-2620
-2876
-3004
-3132
-3260
-3388
-3388
-3260
-3388
-3260
-3260
-3260
-3260
-3260
-3132
-3004
-2876
-2620
-2364
-1980
-1756
-1372
-988
-652
-212
24
324
620
780
876
876
924
924
1052
1180
1244
1372
1308
1244
1180
1180
1180
1052
924
748
620
492
308
164
0
-112
-164
-180
-180
-148
-120
-196
-212
-228
-292
-340
-324
-340
-428
-524
-620
-716
-684
-748
-780
-812
-748
-588
-428
-372
-228
0
260
492
748
988
1180
1244
1372
1500
1692
1884
1980
2236
2492
2620
2620
2748
2876
3004
3004
2876
2876
2748
2620
2492
2364
2236
1980
1820
1628
1372
1308
1180
988
812
556
260
-24
-340
-684
-988
-1244
-1628
-1980
-2236
-2620
-2748
-2876
-3004
-3132
-3260
-3388
-3260
-3260
-3260
-3388
-3516
-3516
-3388
-3260
-3132
-2876
-2620
-2364
-2108
-1692
-1244
-988
-716
-524
-244
132
356
524
588
684
812
1052
1244
1308
1372
1244
1244
1244
1244
1180
988
844
716
588
492
356
212
120
0
-104
-196
-276
-396
-428
-460
-460
-396
-428
-460
-428
-428
-428
-428
-460
-492
-492
-492
-460
-396
-292
-228
-72
104
292
556
748
924
1116
1308
1436
1564
1692
1756
1884
1980
2108
2236
2364
2364
2492
2492
2492
2620
2620
2492
2492
2364
2236
2108
1980
1820
1564
1436
1244
1116
924
844
748
556
524
340
132
-112
-396
-588
-876
-1180
-1436
-1692
-1980
-2364
-2492
-2620
-2748
-3004
-3132
-3260
-3260
-3388
-3388
-3388
-3388
-3388
-3260
-3132
-3004
-2748
-2620
-2364
-2108
-1820
-1500
-1180
-844
-620
-340
64
372
620
812
924
988
1180
1308
1308
1244
1116
1052
988
988
924
780
716
524
396
308
212
112
-56
-244
-396
-460
-460
-460
-460
-492
-556
-556
-492
-396
-340
-372
-372
-308
-228
-196
-132
-64
32
148
324
524
652
748
924
1052
1244
1500
1564
1692
1756
1884
1980
1980
1980
2108
2108
2236
2236
2364
2364
2364
2364
2364
2364
2364
2364
2236
2108
2108
1980
1756
1500
1308
1116
988
812
684
652
492
372
276
148
-24
-212
-372
-652
-924
-1180
-1564
-1884
-2236
-2620
-2748
-3004
-3260
-3388
-3388
-3388
-3388
-3388
-3388
-3388
-3388
-3388
-3260
-3260
-3132
-3004
-2748
-2492
-2236
-1884
-1564
-1180
-780
-396
-64
196
460
588
748
812
844
924
988
924
876
844
780
684
620
524
460
428
356
260
148
16
-32
-148
-196
-292
-428
-524
-524
-492
-524
-492
-372
-228
-132
-32
104
120
228
308
356
492
588
684
780
876
924
988
1116
1244
1436
1564
1692
1692
1756
1820
1820
1820
1884
1884
1980
1980
1980
1980
1980
1980
1980
1980
2108
2108
2108
1980
1980
1884
1692
1564
1436
1244
1052
924
748
620
556
556
556
492
428
244
32
-196
-428
-716
-1052
-1372
-1692
-1980
-2364
-2620
-2748
-2876
-3004
-3004
-3132
-3132
-3132
-3132
-3132
-3132
-3132
-3132
-3004
-2876
-2748
-2620
-2364
-2236
-1980
-1628
-1372
-988
-620
-356
-112
132
356
460
524
524
524
588
524
460
492
460
428
428
428
396
356
292
244
212
180
80
-24
-112
-196
-260
-324
-292
-244
-148
-40
72
196
260
340
492
652
716
780
844
876
876
924
924
1052
1116
1180
1180
1244
1308
1372
1500
1628
1628
1628
1628
1628
1628
1564
1628
1628
1692
1692
1756
1756
1820
1756
1756
1756
1756
1756
1628
1564
1500
1372
1180
988
844
716
556
396
324
260
180
104
-32
-132
-340
-524
-748
-924
-1180
-1436
-1692
-1980
-2236
-2492
-2620
-2748
-2748
-2876
-2876
-2876
-2876
-2876
-2748
-2748
-2748
-2620
-2492
-2492
-2364
-2236
-2108
-1980
-1820
-1564
-1244
-924
-620
-372
-104
80
260
396
396
396
396
340
260
228
180
148
164
164
164
164
180
164
132
88
112
120
48
48
16
-32
-40
-64
-16
48
164
212
260
372
492
620
716
812
924
988
988
988
988
988
988
1052
1116
1244
1308
1372
1372
1436
1500
1628
1692
1756
1820
1820
1820
1820
1820
1820
1820
1820
1820
1820
1820
1820
1756
1692
1692
1628
1500
1308
1180
988
812
652
492
324
132
-80
-244
-396
-492
-524
-620
-684
-748
-812
-988
-1180
-1372
-1564
-1692
-1820
-1980
-2108
-2108
-2236
-2236
-2364
-2364
-2364
-2236
-2108
-1980
-1980
-1980
-1980
-1980
-1980
-1884
-1756
-1692
-1564
-1372
-1180
-988
-812
-620
-492
-396
-308
-228
-148
-112
-112
-72
-56
-96
-48
-88
-180
-196
-180
-148
-96
-64
-56
-56
0
8
-16
-24
-40
-8
0
-24
0
40
24
8
80
132
212
324
460
556
652
748
844
924
1052
1052
1052
1180
1244
1308
1308
1308
1436
1500
1564
1564
1628
1692
1756
1820
1884
1884
1884
1756
1692
1628
1564
1564
1500
1436
1436
1372
1372
1308
1244
1052
876
780
620
356
132
-80
-260
-372
-492
-556
-588
-620
-652
-684
-684
-716
-748
-812
-924
-988
-1116
-1180
-1308
-1372
-1436
-1500
-1500
-1500
-1500
-1500
-1500
-1564
-1500
-1500
-1500
-1500
-1500
-1436
-1436
-1372
-1372
-1308
-1244
-1180
-1052
-1052
-924
-844
-716
-620
-492
-356
-228
-112
-56
-80
-32
-24
-56
-56
-96
-148
-96
-24
-16
40
132
180
196
260
260
228
180
104
48
48
0
-32
-56
-40
8
64
180
324
460
492
588
716
812
812
844
924
988
1052
1116
1180
1180
1244
1244
1308
1372
1372
1372
1372
1372
1372
1372
1308
1308
1244
1180
1116
1052
1052
1052
988
924
844
812
780
652
460
276
132
24
-40
-132
-228
-340
-340
-340
-324
-308
-276
-276
-292
-292
-276
-260
-292
-292
-340
-396
-460
-556
-620
-716
-812
-924
-988
-1116
-1180
-1308
-1372
-1372
-1372
-1372
-1436
-1500
-1564
-1628
-1628
-1692
-1692
-1692
-1628
-1500
-1436
-1372
-1244
-1116
-1052
-924
-812
-684
-620
-556
-524
-460
-396
-292
-228
-164
-88
-48
8
72
104
120
196
308
340
356
340
324
356
372
356
396
460
492
492
556
620
684
780
844
924
1052
1116
1244
1308
1308
1308
1308
1308
1308
1308
1308
1308
1308
1244
1308
1244
1244
1244
1116
1116
1052
1052
988
988
924
844
748
716
652
556
524
460
372
308
228
180
104
0
-48
-80
-148
-164
-148
-164
-180
-196
-196
-164
-148
-132
-148
-132
-96
-80
-80
-112
-164
-228
-276
-396
-492
-588
-652
-716
-812
-844
-924
-988
-1116
-1180
-1244
-1372
-1372
-1500
-1564
-1628
-1564
-1564
-1564
-1500
-1500
-1500
-1500
-1436
-1308
-1180
-1116
-1052
-924
-780
-716
-684
-652
-588
-460
-396
-340
-308
-228
-164
-96
-8
88
148
180
228
212
228
212
164
180
228
276
372
460
460
524
588
620
716
812
876
924
988
1052
1052
1116
1116
1116
1116
1116
1116
1116
1052
988
924
876
876
924
924
924
876
780
780
780
780
748
652
556
492
428
356
324
308
276
276
340
356
356
308
276
228
212
212
196
148
56
48
32
32
56
56
64
48
32
64
72
32
0
-56
-132
-196
-292
-396
-524
-652
-716
-780
-844
-988
-1052
-1180
-1180
-1244
-1180
-1244
-1244
-1308
-1308
-1308
-1308
-1308
-1308
-1244
-1180
-1052
-988
-924
-844
-844
-780
-652
-588
-524
-460
-428
-340
-260
-180
-132
-80
8
56
120
180
196
196
228
244
324
372
372
428
428
428
460
460
460
492
492
524
588
652
684
684
716
716
780
844
844
844
844
844
844
812
812
812
748
716
716
684
652
620
620
556
556
588
556
460
396
340
244
228
228
212
164
104
104
112
80
96
88
80
96
72
40
24
-16
-56
-80
-80
-48
-8
8
-16
-48
-16
-16
-32
-56
-132
-212
-292
-428
-492
-524
-620
-748
-844
-924
-988
-988
-1052
-1116
-1116
-1116
-1116
-1116
-1052
-1052
-1052
-988
-924
-844
-812
-748
-716
-716
-620
-556
-492
-428
-340
-260
-164
-32
0
56
72
40
132
196
180
180
196
196
196
228
244
244
244
292
308
292
324
356
372
356
324
324
308
292
324
324
372
396
460
524
556
556
620
652
716
748
684
652
588
588
620
620
620
588
556
588
588
588
588
588
588
588
588
556
524
460
428
396
372
356
356
356
324
308
292
308
324
292
276
212
180
132
88
24
-56
-80
-132
-132
-148
-180
-260
-324
-372
-428
-460
-524
-588
-652
-748
-844
-924
-1052
-1116
-1116
-1244
-1244
-1180
-1116
-1116
-1116
-1052
-924
-844
-812
-780
-748
-716
-684
-620
-588
-556
-524
-428
-372
-292
-212
-148
-112
-48
8
64
104
132
104
96
96
88
112
120
96
88
104
132
120
112
104
64
72
72
32
0
0
-16
-32
-16
16
88
132
164
148
196
244
292
372
396
492
556
556
588
556
524
524
588
588
556
492
492
492
556
620
652
684
716
716
780
844
844
812
812
748
716
716
716
716
684
684
716
748
748
748
684
588
524
492
428
356
292
196
88
-8
-96
-164
-228
-308
-396
-492
-588
-684
-780
-876
-988
-988
-988
-988
-988
-988
-988
-988
-988
-924
-876
-844
-844
-844
-812
-748
-652
-588
-524
-460
-428
-396
-396
-428
-428
-396
-372
-324
-276
-244
-212
-196
-180
-148
-56
16
16
16
0
-16
-64
-96
-120
-164
-180
-196
-196
-196
-212
-180
-180
-148
-112
-88
-72
-40
0
0
-56
-120
-148
-148
-112
-80
-40
8
72
120
164
196
260
292
308
308
308
356
356
396
428
460
524
588
620
684
780
844
924
924
988
988
988
988
988
988
924
988
924
876
812
812
844
844
812
716
652
620
556
524
460
308
196
96
8
-96
-212
-340
-428
-460
-492
-492
-492
-524
-556
-556
-556
-588
-620
-652
-652
-652
-716
-684
-652
-652
-620
-588
-556
-524
-492
-428
-396
-396
-428
-460
-492
-460
-460
-428
-460
-492
-460
-460
-428
-396
-340
-324
-340
-292
-276
-276
-276
-308
-356
-396
-396
-428
-460
-492
-460
-460
-396
-340
-324
-244
-164
-148
-132
-132
-104
-112
-104
-112
-132
-112
-120
-120
-120
-88
-24
24
64
120
164
196
244
292
356
372
396
460
524
556
588
588
588
588
620
716
844
924
988
1052
1116
1116
1052
1052
1052
988
988
924
780
716
652
588
556
556
492
428
340
260
180
72
8
-88
-196
-228
-260
-308
-324
-340
-356
-356
-356
-308
-308
-308
-308
-324
-324
-308
-276
-276
-276
-292
-292
-292
-292
-276
-244
-244
-244
-228
-244
-228
-244
-260
-260
-260
-244
-244
-228
-260
-292
-292
-292
-276
-244
-260
-292
-340
-428
-428
-428
-428
-428
-492
-460
-460
-428
-428
-396
-340
-356
-340
-324
-292
-276
-260
-244
-196
-180
-132
-112
-96
-148
-180
-164
-164
-132
-120
-96
-56
-16
0
64
180
244
308
372
428
396
396
428
396
396
460
492
524
588
652
748
780
812
876
924
876
812
780
716
652
588
588
556
524
492
460
372
324
276
212
96
8
-32
-132
-196
-196
-196
-228
-212
-228
-260
-276
-276
-276
-260
-244
-228
-260
-244
-196
-196
-180
-148
-120
-132
-148
-148
-132
-132
-132
-112
-132
-164
-164
-148
-148
-148
-164
-164
-180
-180
-228
-260
-244
-276
-340
-396
-428
-460
-460
-460
-492
-460
-428
-396
-356
-324
-292
-292
-260
-196
-196
-180
-132
-112
-104
-96
-72
-64
-80
-88
-72
-64
-64
-64
-80
-88
-96
-104
-104
-80
-48
0
32
32
56
96
112
132
148
164
164
132
132
164
212
260
340
396
460
524
556
556
588
620
556
524
492
460
428
396
340
292
244
196
132
112
112
88
80
8
-16
-16
-56
-56
-40
-16
0
16
40
56
96
104
112
148
164
196
212
196
212
212
228
228
228
244
228
244
228
196
180
164
148
148
112
56
40
24
-8
-16
-24
-72
-104
-132
-212
-292
-356
-428
-492
-556
-588
-620
-588
-588
-620
-588
-556
-524
-492
-460
-428
-460
-492
-460
-396
-396
-372
-340
-324
-308
-260
-212
-180
-180
-228
-212
-212
-212
-196
-196
-212
-228
-196
-164
-148
-120
-88
-40
16
56
72
88
88
104
132
132
164
180
228
356
428
492
524
524
524
524
556
556
524
524
460
428
372
308
276
244
212
196
164
112
56
0
-40
-72
-80
-64
-80
-88
-72
-40
-16
16
48
64
48
72
80
80
96
104
148
180
196
196
244
244
276
276
260
260
228
212
196
164
164
180
212
212
196
132
80
40
0
-56
-104
-164
-180
-164
-148
-132
-132
-148
-164
-180
-164
-164
-148
-164
-132
-112
-120
-112
-80
-64
-72
-48
-56
-56
-40
-64
-72
-104
-164
-196
-196
-244
-276
-276
-292
-292
-324
-324
-356
-340
-324
-308
-340
-372
-396
-460
-460
-428
-428
-372
-372
-372
-308
-244
-148
-80
-40
0
8
8
48
56
16
0
-8
-40
-32
-32
-72
-88
-72
-104
-112
-104
-132
-132
-132
-148
-164
-180
-164
-72
-32
0
56
120
148
180
228
292
340
396
396
396
428
460
524
588
652
716
748
748
748
748
716
716
652
620
588
588
556
524
524
492
428
428
356
292
276
212
164
96
32
-8
-32
-56
-56
-56
-80
-88
-104
-120
-148
-180
-180
-196
-212
-228
-244
-260
-276
-276
-276
-308
-308
-292
-308
-308
-324
-340
-356
-396
-396
-396
-396
-428
-396
-396
-372
-356
-372
-372
-396
-396
-396
-396
-356
-340
-340
-340
-276
-212
-132
-64
-8
0
-16
-40
-32
-32
-48
-32
-32
-32
-40
-56
-56
-56
-48
-56
-64
-72
-104
-132
-148
-180
-212
-228
-228
-180
-180
-196
-132
-104
-64
-32
8
64
72
104
132
132
180
228
308
372
396
428
460
460
460
492
524
556
556
556
524
460
428
428
396
396
396
372
324
292
228
212
212
180
148
132
112
88
96
112
132
80
56
104
96
64
32
32
16
0
16
8
-8
-24
-80
-112
-96
-88
-64
-56
-24
-40
-96
-132
-132
-132
-148
-112
-104
-96
-112
-132
-132
-132
-148
-180
-196
-244
-276
-260
-244
-228
-180
-164
-132
-148
-132
-120
-88
-80
-112
-80
-132
-180
-180
-196
-212
-212
-212
-228
-212
-244
-292
-292
-324
-324
-340
-356
-356
-356
-324
-308
-276
-260
-228
-212
-164
-148
-148
-112
-80
-48
-24
-16
8
48
88
148
244
324
356
396
428
492
492
492
492
492
492
460
460
460
428
396
340
308
276
260
228
196
164
148
132
72
32
32
-8
-40
-40
-80
-112
-120
-104
-72
-32
-16
-16
-40
-80
-104
-148
-148
-164
-132
-132
-132
-132
-148
-132
-120
-112
-88
-40
-48
-48
-56
-80
-88
-112
-132
-132
-132
-164
-148
-112
-132
-148
-132
-164
-132
-72
-64
0
32
56
72
72
88
88
72
72
64
40
32
32
32
16
32
24
16
8
-16
-64
-112
-164
-196
-196
-212
-196
-180
-164
-132
-96
-64
-40
0
16
32
72
88
120
148
132
180
228
212
276
308
340
372
428
428
460
460
460
460
428
460
428
396
356
324
276
212
164
96
48
24
16
-48
-56
-64
-96
-72
-80
-96
-88
-88
-104
-112
-132
-120
-164
-212
-228
-260
-308
-292
-260
-244
-228
-196
-164
-164
-180
-196
-196
-196
-164
-132
-132
-132
-132
-112
-88
-56
-40
-40
-48
-40
-56
-56
-56
-104
-104
-64
-64
-56
-48
-48
-56
-88
-80
-64
-40
-56
-80
-72
-72
-120
-164
-164
-180
-148
-132
-132
-164
-228
-292
-276
-276
-276
-276
-308
-340
-372
-340
-340
-324
-276
-228
-196
-180
-148
-96
-48
0
64
88
132
148
164
164
212
276
356
428
524
588
652
652
620
588
588
620
620
652
620
588
556
460
396
372
292
228
212
180
112
96
64
40
48
40
56
48
16
16
-8
-32
-72
-96
-132
-180
-212
-212
-228
-212
-212
-196
-180
-148
-88
-104
-104
-80
-64
-40
-40
-24
-24
-48
-64
-48
-24
0
24
56
80
48
48
40
0
-16
0
16
56
72
72
88
56
32
48
64
64
0
-16
-48
-96
-120
-132
-148
-164
-196
-228
-244
-260
-276
-324
-372
-396
-428
-460
-492
-524
-524
-524
-492
-460
-396
-396
-396
-396
-396
-372
-340
-308
-260
-180
-132
-80
-24
32
96
148
212
244
308
340
308
308
340
340
396
428
396
428
428
428
372
396
356
292
260
260
244
196
164
148
148
164
164
148
148
148
132
72
64
64
48
48
40
16
-24
-64
-64
-56
-48
-24
-8
16
32
32
56
56
64
56
64
88
88
104
96
132
132
148
164
196
196
180
180
164
148
148
112
72
56
32
56
72
104
132
104
72
56
24
-24
-48
-80
-96
-112
-112
-120
-164
-180
-228
-260
-308
-340
-356
-396
-428
-460
-460
-492
-492
-460
-460
-460
-460
-460
-428
-396
-396
-372
-372
-372
-340
-308
-244
-180
-132
-48
0
64
96
132
164
164
196
228
260
260
260
276
276
292
244
244
244
196
212
212
180
164
164
132
132
104
104
132
132
132
120
88
64
40
24
24
0
-40
-56
-72
-72
-72
-56
-40
-24
-8
-24
16
40
24
40
48
104
120
120
112
88
72
104
148
180
196
228
244
244
260
244
228
196
180
180
180
180
180
196
196
164
180
148
120
88
48
48
32
0
-48
-64
-88
-80
-88
-80
-104
-148
-180
-244
-276
-308
-340
-396
-396
-396
-372
-340
-340
-356
-396
-396
-396
-428
-428
-428
-428
-396
-308
-228
-148
-88
-32
-24
8
56
64
96
132
132
164
196
212
260
260
260
292
276
276
292
244
228
164
120
96
56
56
64
80
88
96
112
88
32
-8
-8
-32
-48
-48
-72
-48
-32
-48
-32
-16
-16
24
56
96
112
96
80
64
24
80
112
96
104
112
88
80
120
112
132
148
120
112
132
132
112
148
164
164
164
196
196
148
132
120
112
96
80
48
8
0
-24
-48
-88
-72
-64
-72
-104
-132
-148
-228
-292
-340
-372
-396
-396
-428
-428
-460
-460
-460
-460
-492
-492
-492
-524
-492
-460
-428
-396
-340
-292
-260
-212
-180
-120
-80
-32
24
48
72
132
180
244
292
324
356
372
372
372
396
396
396
372
340
324
308
292
276
260
212
196
164
148
180
180
164
148
148
120
72
32
16
0
-24
-32
-24
-40
-40
-48
-24
8
32
80
80
48
48
48
24
40
40
40
40
48
48
48
72
96
132
164
180
196
196
180
196
164
164
180
164
164
180
164
180
212
180
148
132
64
32
8
-24
-64
-80
-72
-88
-104
-148
-180
-196
-244
-308
-356
-396
-428
-460
-492
-524
-524
-524
-524
-556
-556
-556
-524
-524
-524
-492
-460
-460
-396
-372
-324
-276
-244
-180
-120
-24
32
48
56
80
112
148
228
276
324
372
372
396
396
396
396
396
356
372
372
324
308
308
292
276
276
260
244
212
164
120
72
56
24
0
24
16
0
0
-8
-8
-8
0
0
16
0
-40
-48
-88
-96
-120
-132
-132
-148
-132
-104
-96
-88
-40
-8
0
48
72
88
72
88
120
132
164
196
196
244
228
212
228
244
212
212
228
228
228
180
164
132
132
120
104
64
8
-16
-48
-80
-120
-164
-212
-260
-308
-324
-340
-356
-396
-396
-428
-428
-396
-396
-428
-396
-372
-356
-308
-276
-260
-244
-196
-180
-180
-132
-80
-48
-8
40
72
96
132
132
148
164
180
212
228
244
244
260
276
292
324
340
340
308
308
276
260
228
212
212
196
180
212
212
180
148
112
104
112
88
72
56
16
-8
0
-24
-32
-32
-32
-32
-40
-64
-104
-164
-228
-244
-260
-292
-260
-244
-260
-228
-196
-180
-132
-96
-56
-40
-48
-32
-48
-48
-32
-24
-16
8
0
0
16
16
0
0
24
32
16
16
56
48
32
24
8
16
-8
-48
-88
-132
-164
-212
-228
-228
-228
-196
-212
-196
-180
-180
-196
-212
-196
-164
-148
-148
-132
-112
-88
-64
0
0
0
0
32
56
64
80
96
112
120
104
148
148
132
164
180
164
148
164
148
132
148
164
148
164
164
148
132
120
112
104
104
80
96
80
64
72
80
104
96
96
88
88
64
32
0
8
8
0
24
40
32
16
24
16
24
16
0
-8
-32
-40
-32
-32
0
32
56
80
120
148
164
196
212
228
244
244
244
212
148
120
96
88
64
80
88
96
88
56
32
0
0
-8
-8
-24
-48
-56
-132
-164
-196
-244
-276
-324
-356
-396
-396
-396
-396
-396
-356
-324
-308
-308
-308
-276
-260
-276
-260
-228
-228
-212
-196
-180
-164
-120
-64
-40
-16
0
0
16
8
16
8
8
16
16
40
80
88
104
104
104
120
132
132
120
112
112
112
88
80
80
64
80
88
72
48
40
48
56
56
56
48
32
32
32
40
24
0
-32
-56
-72
-64
-80
-88
-88
-88
-32
-16
-8
-16
-8
0
0
48
64
80
104
120
164
244
292
308
340
340
324
340
340
308
308
324
308
276
260
260
228
196
