SAMPLES:	7367
BITSPERSAMPLE:	16
CHANNELS:	1
SAMPLERATE:	16000
NORMALIZED:	FALSE
24
24
24
24
24
24
24
24
24
24
24
24
24
24
24
24
24
24
24
24
24
24
24
24
24
16
16
8
8
8
8
8
8
8
8
0
0
0
0
0
0
0
0
-8
0
0
0
-8
-8
-8
-8
-8
-8
-8
-8
-8
-8
-16
-16
-16
-16
-24
-16
-16
-16
-16
-16
-16
-24
-24
-24
-24
-16
-16
-24
-16
-24
-24
-16
-16
-16
-16
-16
-16
-16
-8
-16
-8
-8
-8
0
0
0
0
0
0
0
0
0
0
0
0
0
0
0
0
0
0
0
0
0
0
8
8
0
0
0
0
0
8
0
0
8
0
8
8
8
0
0
0
0
0
0
0
0
0
0
0
0
0
0
0
0
0
0
0
0
0
0
0
0
0
0
0
0
0
0
0
0
0
0
0
0
0
0
0
0
0
0
0
0
0
0
0
0
0
0
0
0
0
0
0
0
8
8
8
8
8
8
16
8
8
16
8
8
8
8
8
8
8
16
16
8
8
8
8
8
8
8
8
8
8
8
8
8
0
8
8
0
0
0
0
0
0
0
0
0
0
0
0
-8
-8
-8
-8
-8
-8
-8
-8
-8
-8
-8
-8
-8
-8
-16
-16
-16
-16
-8
-16
-8
-8
-16
-16
-16
-16
-16
-16
-16
-16
-16
-16
-16
-16
-16
-16
-16
-24
-16
-24
-16
-16
-16
-8
-8
-16
-16
-16
-16
-16
-16
-16
-16
-16
-16
-16
-16
-16
-16
-8
-8
0
0
0
0
-8
-8
-8
-8
-8
-8
0
0
0
0
8
0
8
8
8
8
8
16
16
16
24
24
32
32
24
32
32
32
40
40
40
40
40
40
48
48
48
48
48
48
48
48
48
48
48
48
48
48
48
48
48
48
40
40
40
32
32
32
24
24
24
16
16
8
8
0
0
0
0
0
-8
-8
-16
-16
-24
-24
-32
-32
-40
-40
-48
-48
-56
-56
-56
-64
-64
-64
-64
-64
-64
-64
-72
-72
-72
-72
-72
-72
-64
-64
-64
-64
-64
-64
-64
-56
-56
-56
-48
-48
-48
-48
-40
-32
-32
-24
-24
-16
-16
-16
-16
-16
-8
-8
-8
0
0
0
0
8
16
16
16
16
16
16
24
24
24
32
32
32
32
32
32
40
40
40
40
40
40
40
40
40
40
48
40
40
40
40
40
40
40
40
40
40
48
48
48
40
40
40
32
32
32
32
32
32
32
32
24
24
24
24
24
16
16
16
8
8
8
0
0
0
0
0
0
0
0
-8
-8
-8
-8
-8
-8
-8
-8
-8
-8
-16
-16
-16
-16
-16
-24
-24
-24
-24
-32
-24
-24
-24
-24
-16
-16
-16
-16
-16
-8
-16
-16
-16
-16
-8
-8
-8
-8
-8
-8
-8
-8
-8
0
0
0
0
0
-8
-8
-8
-8
-8
-8
0
0
0
0
0
0
0
0
0
0
0
0
0
0
0
0
0
0
0
0
0
0
0
0
0
0
0
0
0
0
0
0
0
0
0
0
0
0
-8
-8
-8
-8
-8
-8
-8
-8
-8
-8
-8
0
-8
-8
-8
-8
-8
-8
-8
-8
-8
-8
-16
-16
-8
-8
-8
-8
-8
-8
-8
-8
-8
-8
-8
-8
-8
-8
-8
-8
-8
0
0
0
0
0
0
0
0
0
0
8
8
8
8
16
16
16
16
24
24
24
32
32
24
24
24
32
32
40
32
32
32
32
40
40
40
40
40
40
40
40
40
40
32
32
32
32
24
24
32
32
32
32
24
24
24
16
16
16
8
8
0
0
0
0
0
0
0
0
0
0
0
-8
0
-8
-8
-8
-8
-8
-8
-16
-16
-16
-24
-24
-24
-32
-32
-32
-32
-32
-32
-32
-32
-40
-40
-40
-40
-40
-40
-48
-48
-56
-56
-48
-48
-48
-48
-48
-48
-48
-40
-40
-40
-48
-48
-48
-48
-48
-48
-48
-48
-40
-32
-32
-32
-32
-32
-24
-24
-16
-16
-16
-16
-16
-8
0
0
0
0
0
0
0
8
16
24
24
32
32
24
32
32
32
32
40
40
40
48
56
56
56
56
56
56
56
56
56
56
64
64
72
64
64
64
56
56
56
64
56
56
48
48
48
40
40
32
32
32
32
24
24
16
16
16
16
16
16
8
8
8
0
0
0
0
0
-8
-8
-8
-8
-8
-16
-24
-24
-24
-32
-32
-32
-32
-32
-32
-32
-32
-32
-40
-40
-48
-48
-40
-48
-48
-48
-48
-48
-40
-40
-40
-40
-40
-32
-32
-32
-32
-32
-40
-32
-32
-32
-32
-32
-32
-32
-32
-24
-24
-24
-24
-24
-16
-16
-16
-16
-16
-16
-16
-8
-8
-16
-8
-8
-8
-8
-8
-8
0
0
0
0
0
0
0
0
0
0
0
0
0
0
8
8
8
8
8
8
8
16
16
16
16
24
16
16
24
24
24
24
24
24
32
32
32
32
32
32
32
32
32
32
32
32
40
40
40
32
32
32
32
32
32
32
32
32
32
24
24
24
24
16
24
24
24
16
16
16
16
16
8
8
8
8
0
8
0
0
0
0
0
-8
0
-8
-8
0
-8
-8
-8
-8
-8
0
0
-8
-8
-8
-16
-16
-16
-16
-16
-8
-8
-8
-8
-16
-16
-8
-8
-8
-8
-8
-8
0
0
-8
-8
-8
-8
-8
-8
-8
-8
-16
-16
-16
-16
-16
-8
-16
-16
-24
-16
-24
-16
-16
-8
-16
-24
-24
-24
-24
-16
-24
-24
-24
-24
-24
-24
-24
-24
-16
-24
-16
-16
-24
-24
-24
-24
-24
-24
-24
-16
-16
-16
-16
-16
-16
-24
-24
-24
-24
-16
-16
-8
-8
-8
-8
-8
-8
-8
0
0
0
0
0
0
0
0
0
0
0
0
8
8
16
16
16
16
24
24
32
40
32
40
40
40
40
48
40
40
48
48
48
48
48
48
48
48
56
56
56
56
56
48
48
40
40
40
40
32
32
40
32
32
32
32
32
24
16
16
16
8
8
8
0
0
0
0
0
-8
-8
-8
-16
-16
-16
-16
-16
-24
-16
-24
-24
-32
-32
-40
-40
-40
-40
-40
-40
-40
-40
-40
-32
-40
-40
-32
-32
-32
-32
-32
-32
-32
-32
-24
-24
-24
-24
-24
-24
-24
-24
-24
-24
-24
-24
-24
-24
-16
-16
-24
-16
-16
-16
-16
-16
-16
-16
-16
-16
-24
-24
-16
-16
-16
-8
-16
-8
-8
-8
-16
-8
-8
-8
0
-8
0
0
0
0
0
0
0
0
0
8
8
8
16
16
16
24
24
24
24
24
32
32
32
32
24
32
32
32
40
32
40
40
40
40
40
48
40
40
40
40
40
40
48
40
48
40
40
40
40
40
40
40
32
32
32
24
24
24
16
16
8
8
0
8
8
8
0
0
0
0
0
0
0
0
0
-8
0
0
0
0
0
-8
-16
-8
-8
-16
-8
-8
-16
-16
-16
-16
-16
-16
-16
-16
-16
-16
-16
-16
-24
-24
-16
-16
-16
-16
-24
-24
-16
-16
-8
-8
-8
-16
-16
-8
-8
-8
-16
-8
-16
-16
-16
-16
-16
-24
-24
-24
-24
-24
-24
-16
-24
-24
-24
-24
-24
-16
-16
-16
-16
-16
-24
-24
-24
-24
-24
-24
-32
-24
-24
-24
-24
-24
-24
-24
-24
-24
-24
-32
-32
-32
-24
-24
-24
-16
-16
-16
-16
-8
-8
-8
-8
0
0
0
0
0
0
8
8
8
8
8
16
16
16
24
24
24
24
24
32
24
32
32
32
32
40
40
40
48
48
48
48
48
48
48
48
56
56
56
56
56
56
56
56
48
48
48
56
48
56
48
48
48
40
40
48
40
40
40
40
24
24
24
24
24
24
16
16
16
8
8
8
8
0
0
0
-8
-16
-16
-16
-24
-24
-24
-32
-32
-32
-32
-32
-24
-32
-24
-24
-32
-24
-32
-40
-40
-40
-48
-56
-64
-64
-64
-56
-48
-48
-40
-32
-24
-32
-40
-40
-48
-48
-56
-48
-48
-48
-48
-48
-48
-48
-40
-48
-48
-40
-48
-48
-40
-40
-32
-24
-24
-24
-32
-32
-32
-40
-40
-40
-32
-32
-24
-24
-16
-16
-8
0
0
8
0
0
0
0
0
0
0
8
16
24
32
32
40
40
40
56
48
56
72
64
64
64
64
56
64
64
64
64
80
80
72
80
80
64
64
72
64
64
72
80
80
72
56
40
32
32
40
40
40
40
32
40
32
32
32
16
0
0
0
-8
-8
-8
-8
-16
-8
-8
-8
-16
-24
-16
-24
-40
-32
-24
-32
-32
-32
-32
-40
-40
-40
-32
-40
-32
-32
-40
-40
-40
-40
-32
-32
-40
-40
-40
-40
-40
-32
-40
-40
-40
-48
-56
-64
-56
-56
-56
-40
-40
-40
-32
-32
-32
-32
-32
-24
-24
-24
-24
-16
-24
-24
-16
-16
-24
-24
-16
-16
-8
0
0
0
0
-8
0
0
0
0
0
8
0
0
16
16
16
24
16
0
0
8
0
8
16
24
40
48
56
48
48
40
40
40
48
48
40
48
48
48
56
56
56
56
56
48
48
56
64
64
48
40
32
32
32
32
40
40
32
32
32
32
40
40
40
40
40
24
24
16
8
0
0
-16
-24
-8
0
0
0
-8
-24
-24
-24
-16
-16
-24
-32
-16
0
16
32
40
32
56
40
-40
-180
-308
-356
-356
-276
-148
0
164
260
196
32
-164
-308
-356
-308
-212
-80
32
132
180
88
-80
-244
-276
-196
-48
104
244
276
196
132
40
-80
-120
-56
40
212
308
260
180
96
-24
-64
-16
-48
0
132
196
196
88
-8
-64
-88
-228
-396
-356
-308
-292
-212
-72
120
212
132
24
-24
-80
-164
-228
-112
64
132
120
132
196
180
148
132
212
244
196
148
164
260
292
260
212
260
276
212
148
104
48
-16
-56
-40
40
120
80
48
48
8
-64
-164
-228
-260
-308
-372
-356
-276
-180
-104
-24
8
-24
-88
-212
-324
-356
-340
-308
-212
-80
0
48
48
-8
-96
-196
-276
-308
-276
-196
-96
24
112
164
120
24
-56
-112
-132
-120
-64
-8
32
48
64
88
132
180
228
324
340
324
260
148
96
96
180
292
428
620
684
652
588
460
276
112
32
80
148
244
324
356
340
260
112
8
-40
-96
-132
-212
-340
-460
-524
-492
-396
-260
-148
-180
-308
-396
-460
-492
-492
-460
-428
-396
-372
-356
-324
-260
-180
-88
-32
-64
-132
-196
-260
-260
-244
-132
-24
16
32
48
8
8
-8
-80
-104
-132
-180
-180
-180
-196
-196
-164
-88
-64
-148
-164
-148
-164
-164
-104
-40
-32
16
80
132
212
308
356
428
460
460
492
524
556
620
684
748
844
924
1052
1116
1180
1244
1308
1372
1372
1372
1180
1052
1052
988
924
876
812
684
492
292
96
-56
-244
-460
-652
-876
-1116
-1372
-1628
-1756
-1884
-1980
-1980
-2108
-2108
-2108
-2236
-2236
-2364
-2236
-2236
-2108
-1820
-1500
-1180
-924
-780
-556
-396
-276
-196
-80
96
260
460
620
812
988
1052
1116
1116
1180
1180
1052
988
780
460
260
120
80
64
56
-48
-132
-132
-164
-260
-356
-428
-556
-652
-652
-524
-396
-324
-196
-40
120
292
460
620
716
812
876
988
1436
1980
2620
3132
3388
3644
3644
3644
3388
3260
3260
3132
2876
2620
2492
2364
2236
1980
1564
1052
428
-276
-924
-1564
-2108
-2620
-3132
-3388
-3772
-3900
-4092
-4092
-4348
-4604
-4604
-4860
-4860
-4604
-4604
-4092
-3900
-3516
-3004
-2492
-1980
-1564
-1244
-780
-460
-164
180
620
1116
1564
1980
2492
2876
3132
3260
3260
3132
2876
2620
2364
2108
1884
1756
1628
1564
1436
1244
1052
812
492
8
-460
-876
-1180
-1372
-1436
-1308
-1052
-988
-844
-716
-684
-716
-876
-924
-924
-876
-844
-684
-460
-292
0
212
428
716
1116
1628
2236
2748
3260
3644
3772
3900
3772
3772
3772
4092
4092
3900
3644
3516
3260
3004
2620
2108
1564
812
148
-492
-1116
-1756
-2108
-2620
-3004
-3388
-3772
-4092
-4348
-4604
-4860
-5116
-5116
-5116
-5116
-5116
-4860
-4348
-4092
-3644
-3132
-2492
-1884
-1180
-652
-276
16
276
716
1116
1564
2236
2876
3260
3388
3516
3644
3516
3388
3132
2748
2364
1884
1500
1180
988
620
212
-120
-372
-780
-1244
-1564
-1980
-2236
-2748
-3004
-3132
-3004
-3132
-3004
-2748
-2364
-2108
-1884
-1628
-1500
-1564
-1628
-1500
-1372
-1244
-1116
-812
-396
-24
460
924
1500
2108
2620
3388
4092
4860
5372
5628
5628
5372
5372
5372
5372
5372
5628
5372
5116
4860
4604
4092
3900
3132
2492
1372
524
-132
-780
-1244
-1980
-2492
-3004
-3516
-3900
-4348
-4604
-5116
-5372
-5884
-6140
-6140
-6140
-5884
-5628
-5372
-5116
-4860
-4348
-3772
-3388
-3004
-2620
-2108
-1692
-1052
-356
748
1628
2492
3388
4092
4604
4860
4860
4604
4348
4092
3900
3644
3644
3260
3132
2876
2620
2364
1820
1244
620
-56
-924
-1628
-2236
-2620
-3132
-3516
-3644
-3900
-4092
-4092
-4092
-4092
-4092
-4092
-4092
-3900
-3772
-3644
-3260
-2876
-2620
-2236
-1692
-1244
-876
-588
-308
32
324
716
1116
1628
2236
2748
3772
4604
5628
6396
6908
7164
7164
7164
6908
6396
6396
6140
5884
5628
5116
5116
4860
4604
4348
3772
3004
1980
1052
96
-876
-1756
-2620
-3388
-4092
-4604
-5116
-5628
-5884
-6140
-6652
-6908
-7164
-7420
-7420
-7420
-7420
-7164
-6908
-6396
-5884
-5372
-4604
-3900
-3260
-2620
-1980
-1180
-428
260
1052
1884
3004
3772
4604
5372
5628
5884
5628
5628
5372
5116
4604
4092
3644
3260
2748
2492
2108
1756
1244
492
-32
-620
-1180
-1820
-2492
-3004
-3388
-3900
-4092
-4092
-4092
-4092
-3900
-3644
-3260
-3004
-2748
-2620
-2364
-2236
-2108
-1692
-1244
-780
-324
120
652
1052
1436
1884
2236
2492
2748
3132
3644
4348
4860
5628
6396
6652
6908
6908
6908
6652
6396
6140
5628
5372
4860
4348
3772
3388
3132
2876
2364
1820
1052
276
-492
-1372
-2236
-3260
-4092
-4860
-5372
-5884
-6396
-6652
-6908
-6908
-7164
-7164
-7164
-7164
-6908
-6908
-6908
-6652
-6396
-5884
-5372
-4604
-4092
-3388
-2620
-1884
-988
-180
652
1372
2108
2748
3388
4348
4860
5372
5628
5628
5628
5372
4860
4604
4348
3772
3132
2620
1980
1564
1052
620
292
-180
-716
-1308
-1756
-2236
-2748
-3260
-3772
-3900
-4092
-4092
-3900
-3772
-3516
-3388
-3004
-2492
-2108
-1820
-1628
-1372
-1180
-988
-524
-24
460
780
1180
1628
1980
2364
2748
3004
3260
3388
3516
3900
4348
5116
5628
6140
6396
6652
6396
6396
5884
5628
5372
4860
4604
4092
3516
3132
2876
2748
2364
1980
1436
652
16
-748
-1564
-2492
-3388
-4348
-5116
-5628
-6140
-6396
-6652
-6652
-6652
-6908
-6908
-6652
-6652
-6652
-6652
-6396
-6140
-5628
-5116
-4604
-3900
-3388
-2748
-1980
-1180
-260
652
1564
2236
2876
3260
3900
4604
5116
5628
5628
5628
5628
5372
4604
4348
3772
3260
2748
2108
1692
1180
748
324
-88
-428
-812
-1436
-1884
-2492
-2876
-3388
-3900
-4092
-4092
-4092
-4348
-4092
-3900
-3644
-3388
-2876
-2492
-2236
-1980
-1692
-1372
-1116
-876
-460
-72
196
524
924
1308
1692
1884
2108
2236
2364
2492
2620
3132
3644
4348
5116
5628
5884
6140
5884
5628
5372
5116
4860
4604
4348
3900
3516
3260
3260
3260
3004
2748
2108
1628
924
164
-588
-1564
-2492
-3516
-4092
-4860
-5372
-5372
-5628
-5628
-5884
-5884
-5884
-5884
-5884
-5628
-5628
-5628
-5628
-5372
-4860
-4604
-4092
-3644
-3004
-2236
-1564
-812
0
684
1244
1756
2236
2748
3260
3900
4092
4348
4348
4348
4348
3772
3516
3132
2876
2620
2108
1756
1308
924
492
196
-56
-460
-988
-1436
-1884
-2236
-2748
-3004
-3132
-3132
-3132
-3132
-3004
-2876
-2620
-2620
-2236
-1884
-1692
-1564
-1308
-924
-588
-324
80
428
652
812
1116
1372
1500
1692
1820
1980
2108
2236
2364
2748
3388
4092
4860
5372
5628
5884
5628
5628
5628
5116
5116
4604
4604
4092
3772
3516
3388
3388
3132
2876
2492
1820
1116
372
-356
-1244
-2236
-3132
-4092
-4604
-5372
-5628
-5884
-6140
-6396
-6652
-6652
-6652
-6652
-6652
-6652
-6396
-6396
-6140
-5884
-5628
-5116
-4860
-4348
-3644
-3004
-2108
-1308
-524
148
844
1500
2236
3004
3516
4092
4092
4348
4348
4348
4092
3772
3644
3260
3004
2748
2492
2108
1756
1372
1052
652
196
-244
-684
-1116
-1692
-1980
-2236
-2236
-2492
-2492
-2492
-2364
-2236
-2236
-1820
-1500
-1372
-1244
-988
-716
-492
-260
132
460
748
924
1244
1564
1756
1820
1884
1980
1884
1884
1884
2236
2364
2620
3132
3644
4348
4860
5372
5628
5372
5372
5116
4860
4860
4604
4348
4092
3516
3260
3004
3004
2876
2620
2108
1436
812
196
-492
-1180
-1980
-2748
-3644
-4092
-4860
-5116
-5372
-5884
-6140
-6396
-6396
-6396
-6396
-6140
-6140
-6140
-5884
-5628
-5372
-5116
-4604
-4348
-4092
-3516
-2876
-2236
-1500
-748
40
844
1692
2492
3132
3644
3900
4092
4092
4348
4092
3900
3516
3132
2876
2492
2236
2236
1980
1756
1372
988
588
80
-340
-812
-1308
-1692
-2108
-2364
-2364
-2492
-2492
-2492
-2492
-2364
-2236
-2108
-1980
-1884
-1820
-1756
-1564
-1244
-1052
-844
-588
-324
-72
180
492
844
1116
1244
1372
1564
1756
1884
1980
2108
2236
2364
2748
3260
4092
4604
5116
5372
5628
5628
5628
5628
5628
5372
5372
5116
4860
4348
4092
3772
3388
3004
2492
1980
1372
924
356
-308
-1052
-1884
-2620
-3388
-4092
-4860
-5372
-5884
-6396
-6652
-6908
-6908
-6908
-6652
-6396
-6140
-6140
-5884
-5628
-5372
-5116
-4860
-4604
-4348
-3900
-3388
-2748
-1820
-1052
-80
924
1756
2748
3260
3772
3900
4092
4092
3772
3772
3388
3004
2748
2620
2492
2364
2236
2236
1980
1820
1500
1244
876
492
-24
-524
-844
-1244
-1500
-1756
-1756
-1884
-1820
-1628
-1436
-1244
-1116
-1052
-924
-876
-780
-716
-716
-716
-748
-620
-428
-212
24
372
652
988
1308
1564
1884
2108
2236
2236
2236
2364
2364
2492
2748
3260
3772
4348
4860
5116
5116
5372
5372
5372
5116
5116
4860
4092
3644
3004
2620
2236
1980
1436
988
428
72
-324
-716
-1308
-1980
-2748
-3516
-4348
-5116
-5628
-6140
-6652
-6908
-7164
-7164
-6908
-6908
-6652
-6396
-5884
-5628
-5372
-4860
-4860
-4604
-4348
-3900
-3644
-3132
-2492
-1756
-924
48
924
1884
2748
3388
3900
4092
4348
4348
4348
4092
3772
3388
3132
2876
2748
2620
2620
2620
2492
2364
2236
1980
1692
1436
1052
556
96
-292
-620
-924
-1180
-1308
-1372
-1436
-1436
-1372
-1116
-988
-876
-780
-684
-652
-620
-588
-524
-492
-524
-428
-276
-104
112
340
620
876
1116
1308
1500
1628
1692
1756
1820
1980
2236
2748
3132
3772
4092
4348
4604
4860
5116
5116
5116
4860
4604
4348
3900
3388
3004
2620
2236
1756
1308
716
260
-228
-812
-1308
-1980
-2620
-3388
-4092
-4860
-5372
-5884
-6396
-6908
-6908
-7164
-7164
-6908
-6652
-6396
-5884
-5628
-5372
-4860
-4604
-4348
-4092
-3900
-3516
-3004
-2364
-1692
-924
-148
716
1564
2364
3004
3644
4092
4348
4348
4348
4092
3900
3644
3260
3004
2748
2620
2364
2236
2108
2108
1884
1820
1628
1372
1116
716
276
-104
-524
-924
-1308
-1500
-1692
-1756
-1692
-1564
-1308
-1052
-748
-492
-260
-120
-132
-148
-244
-340
-372
-340
-244
-112
80
324
620
988
1308
1564
1756
1884
1884
1980
1980
2108
2236
2364
2748
3132
3644
4092
4604
4860
4860
5116
4860
5116
4860
4604
4348
3644
3132
2748
2236
1980
1436
988
428
-148
-620
-1180
-1628
-2236
-2748
-3388
-4092
-4604
-5372
-5884
-6396
-6652
-7164
-7164
-7164
-7164
-6908
-6652
-6396
-5884
-5628
-5116
-4860
-4604
-4348
-4092
-3644
-3260
-2620
-2108
-1244
-492
396
1308
2236
3004
3644
4092
4604
4860
4860
4604
4348
4348
3900
3644
3388
3132
3004
2876
2876
2876
2748
2620
2492
2236
1980
1436
876
372
-88
-620
-1116
-1372
-1628
-1756
-1756
-1564
-1436
-1244
-1116
-1052
-988
-988
-988
-988
-924
-988
-1052
-1052
-988
-844
-588
-340
-8
340
652
924
1244
1500
1628
1756
1820
1884
1884
2108
2236
2748
3132
3772
4092
4604
5116
5116
5628
5628
5884
5628
5372
5116
4604
3900
3260
2748
2236
1628
1052
556
8
-428
-988
-1500
-2108
-2876
-3644
-4348
-4860
-5628
-6396
-6908
-7420
-7676
-7932
-7932
-7932
-7676
-7420
-7164
-6652
-6396
-5884
-5372
-5116
-4604
-4092
-3772
-3132
-2492
-1628
-748
104
988
1980
2876
3772
4604
5116
5628
5884
5884
5884
5628
5372
5116
4604
4348
4092
4092
3772
3516
3388
3132
2748
2492
2108
1692
1180
524
-132
-748
-1436
-1980
-2492
-2876
-3260
-3388
-3260
-3132
-2876
-2620
-2492
-2364
-2236
-2108
-2108
-1980
-1980
-1980
-1820
-1628
-1372
-988
-620
-148
340
812
1308
1756
2108
2364
2492
2620
2748
2876
3004
3132
3388
3772
4348
4860
5116
5628
5628
5884
5884
5884
5884
5628
5116
4604
3900
3132
2492
1980
1372
812
292
-324
-844
-1372
-1820
-2364
-3004
-3772
-4348
-5116
-5884
-6396
-6908
-7420
-7676
-7932
-7932
-7676
-7420
-6908
-6652
-6140
-5628
-5116
-4604
-4092
-3772
-3260
-2876
-2236
-1628
-924
-72
780
1564
2364
3132
3900
4604
5116
5628
5628
5628
5628
5372
5116
4604
4348
3900
3516
3260
3132
2876
2748
2492
2236
1980
1564
1180
620
40
-684
-1308
-1884
-2492
-2876
-3260
-3388
-3516
-3388
-3260
-2876
-2492
-2236
-1980
-1820
-1756
-1692
-1564
-1564
-1436
-1308
-1116
-812
-492
-88
356
924
1372
1820
2236
2620
2876
3004
3132
3260
3388
3516
3644
3772
4092
4348
4604
4860
4860
4860
5116
5116
5116
4860
4604
4348
3772
3132
2492
1820
1180
492
-180
-812
-1436
-1980
-2364
-2748
-3132
-3644
-4092
-4860
-5372
-5884
-6396
-6652
-7164
-7164
-7420
-7420
-7164
-6908
-6396
-5884
-5372
-4860
-4348
-3772
-3260
-2748
-2364
-1884
-1436
-844
-228
460
1308
1980
2748
3388
4092
4604
4860
5372
5372
5372
5116
4860
4604
4348
4092
3644
3260
3004
2748
2492
2236
1980
1756
1308
1052
652
196
-324
-924
-1500
-1980
-2364
-2748
-2876
-3004
-3132
-3132
-3004
-2748
-2492
-2364
-2108
-1884
-1628
-1436
-1308
-1116
-924
-812
-588
-324
-24
396
780
1180
1628
2108
2364
2876
3132
3260
3516
3516
3644
3644
3772
3900
4092
4348
4604
4860
5116
5116
5116
5116
4860
4860
4348
4092
3516
2748
1980
1180
460
-80
-716
-1244
-1756
-2236
-2748
-3132
-3516
-4092
-4348
-5116
-5372
-5884
-6396
-6652
-6908
-6908
-6908
-6908
-6652
-6396
-5884
-5372
-4860
-4092
-3644
-3132
-2492
-1980
-1500
-1052
-620
-164
244
748
1244
1756
2364
2876
3388
3900
4348
4604
4604
4604
4348
4348
4092
3644
3388
2876
2492
2108
1756
1436
1244
1052
876
588
292
-24
-324
-684
-1116
-1564
-1980
-2364
-2748
-3004
-3260
-3260
-3388
-3260
-3004
-2748
-2492
-2108
-1884
-1564
-1372
-1116
-844
-556
-292
-72
260
620
1052
1372
1820
2236
2620
2876
3260
3516
3772
3900
4092
4092
4092
4092
4092
4348
4348
4604
4604
4860
4860
4604
4604
4604
4348
3900
3516
3132
2492
1884
1244
620
8
-588
-1180
-1628
-2108
-2492
-2876
-3132
-3516
-3900
-4348
-4604
-4860
-5372
-5628
-5884
-6140
-6140
-6396
-6140
-5884
-5372
-4860
-4604
-4092
-3516
-3260
-2748
-2364
-1980
-1628
-1180
-748
-308
180
684
1244
1692
2108
2620
3132
3644
3900
4092
4348
4348
4092
4092
3772
3516
3260
2876
2620
2236
1820
1436
1116
812
524
212
-72
-460
-876
-1308
-1756
-2108
-2492
-2876
-3260
-3388
-3644
-3772
-3772
-3644
-3516
-3388
-3004
-2620
-2236
-1884
-1564
-1244
-988
-748
-492
-212
48
324
652
988
1436
1884
2236
2748
3132
3516
3772
4092
4092
4348
4348
4348
4348
4348
4348
4604
4604
4604
4860
4860
4860
4604
4604
4348
3644
3260
2748
2108
1564
924
324
-276
-876
-1372
-1884
-2236
-2748
-3004
-3388
-3772
-4092
-4348
-4604
-4860
-5116
-5372
-5628
-5628
-5628
-5628
-5372
-5116
-4860
-4604
-4092
-3644
-3132
-2620
-2108
-1564
-1116
-812
-396
-56
324
684
1052
1436
1820
2236
2620
3004
3388
3516
3644
3772
3516
3388
3132
2876
2620
2108
1756
1436
1052
748
460
212
-24
-340
-620
-876
-1116
-1372
-1692
-2108
-2492
-2748
-3132
-3260
-3388
-3388
-3388
-3260
-3004
-2748
-2492
-2108
-1756
-1372
-1052
-716
-356
-40
244
460
716
988
1308
1628
1980
2364
2748
3132
3516
3772
4092
4348
4348
4348
4348
4348
4348
4348
4348
4348
4348
4348
4348
4092
4092
3900
3644
3388
3004
2492
2108
1564
988
396
-96
-620
-1116
-1628
-2108
-2492
-3004
-3260
-3516
-3900
-4092
-4348
-4604
-4860
-5116
-5372
-5372
-5628
-5628
-5628
-5372
-4860
-4604
-4092
-3772
-3260
-2876
-2492
-1980
-1628
-1244
-924
-556
-180
196
620
1052
1500
1820
2108
2492
2748
3004
3004
3132
3132
2876
2748
2492
2364
2108
1884
1564
1308
1052
748
460
148
-132
-324
-588
-844
-1052
-1308
-1564
-1884
-2108
-2364
-2620
-2748
-2876
-2876
-2876
-2748
-2492
-2236
-1980
-1628
-1180
-780
-396
0
372
716
924
1180
1372
1628
1884
2236
2492
2876
3132
3388
3644
3772
4092
4092
4092
4092
4092
4092
4092
4092
4092
3900
3772
3772
3644
3516
3388
3260
3132
2876
2492
2108
1756
1372
812
228
-356
-844
-1372
-1820
-2236
-2492
-2876
-3132
-3388
-3516
-3772
-3900
-4092
-4348
-4604
-4860
-4860
-4860
-4860
-4860
-4860
-4604
-4348
-4092
-3900
-3516
-3132
-2748
-2364
-1884
-1500
-1116
-844
-556
-260
24
212
492
780
1052
1244
1564
1820
2108
2108
2236
2236
2236
2108
1980
1884
1692
1372
1116
844
652
396
132
-72
-292
-556
-844
-1052
-1244
-1436
-1628
-1820
-1884
-1980
-2108
-2108
-2108
-1980
-1980
-1884
-1628
-1372
-1052
-748
-356
48
372
684
1052
1372
1628
1820
2108
2364
2492
2748
2876
3132
3260
3516
3772
4092
4348
4348
4348
4348
4348
4092
4092
4092
3900
3644
3516
3516
3516
3260
3132
2876
2492
2108
1756
1308
924
492
-40
-556
-1052
-1436
-1820
-2236
-2492
-2876
-3132
-3516
-3772
-4092
-4348
-4348
-4604
-4604
-4604
-4604
-4604
-4604
-4348
-4348
-4348
-4092
-4092
-3772
-3516
-3260
-2876
-2492
-2108
-1692
-1244
-876
-492
-196
72
324
620
876
1116
1308
1500
1628
1756
1820
1884
1980
1980
1980
1980
1820
1692
1436
1180
924
684
396
148
-96
-372
-556
-748
-812
-876
-924
-1052
-1180
-1308
-1436
-1500
-1692
-1756
-1756
-1756
-1692
-1500
-1308
-1052
-716
-396
-64
244
556
924
1244
1500
1756
1980
2108
2236
2364
2492
2620
2876
3004
3260
3388
3516
3644
3644
3644
3644
3516
3516
3388
3132
2876
2620
2492
2236
2108
1980
1756
1628
1500
1372
1116
876
652
460
148
-244
-684
-1116
-1628
-1980
-2236
-2492
-2748
-3004
-3132
-3260
-3388
-3388
-3516
-3516
-3516
-3644
-3644
-3772
-3900
-3900
-4092
-3900
-3772
-3516
-3260
-3004
-2492
-2108
-1628
-1180
-780
-372
-80
196
428
652
812
924
1116
1308
1500
1628
1820
1980
2108
2236
2236
2236
2236
2108
1980
1756
1436
1180
812
492
180
-120
-396
-684
-924
-1180
-1244
-1436
-1500
-1564
-1628
-1692
-1756
-1756
-1756
-1756
-1756
-1628
-1564
-1372
-1244
-988
-620
-324
24
396
748
1052
1372
1628
1884
2108
2364
2492
2620
2748
2876
2876
3004
3004
3132
3132
3132
3132
3004
2876
2748
2492
2236
2108
1980
1756
1628
1500
1436
1372
1372
1308
1180
988
716
428
132
-196
-492
-748
-1116
-1500
-1756
-1980
-2108
-2236
-2364
-2492
-2620
-2620
-2748
-2876
-2876
-3004
-3132
-3260
-3260
-3260
-3260
-3260
-3260
-3132
-2876
-2620
-2364
-1980
-1692
-1308
-988
-652
-396
-132
72
260
428
588
748
844
924
1052
1180
1308
1436
1564
1628
1692
1756
1628
1628
1500
1244
1052
780
524
180
-164
-428
-684
-876
-1116
-1180
-1180
-1180
-1180
-1180
-1116
-1116
-1244
-1244
-1244
-1244
-1180
-1052
-844
-684
-460
-196
80
428
684
988
1308
1564
1756
1980
2108
2236
2364
2364
2364
2492
2620
2620
2620
2748
2876
2748
2748
2748
2620
2492
2364
2236
2108
1980
1756
1564
1372
1180
1052
988
924
876
780
684
492
308
80
-164
-428
-652
-924
-1180
-1436
-1628
-1884
-2108
-2236
-2236
-2492
-2620
-2748
-2876
-3004
-3132
-3132
-3260
-3260
-3260
-3260
-3260
-3132
-3004
-2876
-2620
-2364
-2108
-1820
-1564
-1308
-1052
-812
-588
-356
-164
0
132
228
372
524
652
812
988
1052
1180
1308
1372
1436
1436
1372
1244
1052
812
556
292
72
-120
-292
-460
-588
-684
-780
-844
-844
-844
-812
-780
-780
-812
-812
-812
-780
-684
-524
-324
-132
164
460
748
1052
1244
1500
1756
1980
1980
2236
2236
2364
2364
2364
2492
2492
2492
2620
2620
2620
2620
2620
2620
2620
2492
2364
2364
2236
1980
1820
1628
1436
1308
1116
924
844
780
684
588
492
356
244
80
-112
-372
-620
-876
-1180
-1500
-1692
-1884
-2108
-2236
-2364
-2492
-2620
-2620
-2748
-2876
-2876
-3004
-3004
-3132
-3132
-3132
-3132
-3004
-2876
-2748
-2492
-2364
-2236
-1980
-1756
-1564
-1372
-1180
-1052
-924
-780
-652
-524
-396
-228
-56
88
228
396
524
652
684
812
876
876
876
812
748
684
556
492
428
356
308
276
244
228
196
120
132
148
112
112
120
104
80
132
164
260
356
460
652
780
924
1052
1244
1308
1372
1436
1564
1692
1756
1820
1820
1884
1980
1980
2108
2236
2236
2364
2364
2492
2492
2492
2364
2236
2108
1980
1820
1628
1500
1372
1180
1052
876
684
492
324
112
-112
-340
-588
-844
-1116
-1436
-1692
-1980
-2236
-2364
-2492
-2492
-2620
-2620
-2620
-2748
-2748
-2876
-2876
-2876
-2876
-2876
-2748
-2748
-2620
-2620
-2364
-2236
-1980
-1756
-1564
-1308
-1116
-844
-620
-396
-228
-72
40
164
308
460
556
684
780
812
876
924
924
924
924
924
924
812
684
588
492
372
276
228
80
-8
-80
-148
-228
-340
-428
-492
-588
-620
-652
-652
-652
-588
-460
-340
-196
-32
148
292
492
652
812
988
1116
1308
1436
1628
1756
1884
1980
2236
2236
2364
2492
2620
2748
2748
2876
2876
2876
2748
2620
2492
2364
2108
1820
1564
1372
1116
812
620
396
164
-16
-212
-396
-620
-780
-1052
-1308
-1628
-1980
-2236
-2492
-2748
-2748
-2876
-2876
-2876
-2748
-2620
-2492
-2364
-2364
-2236
-2236
-2108
-2108
-2108
-2108
-1980
-1820
-1628
-1436
-1308
-1052
-812
-524
-276
-64
132
324
460
556
652
716
748
780
812
748
716
652
588
524
492
460
428
396
356
356
340
260
212
148
24
-96
-260
-428
-524
-620
-748
-748
-748
-748
-652
-524
-396
-292
-148
-40
40
132
212
276
340
428
556
716
924
1116
1244
1436
1692
1884
1980
2108
2236
2236
2236
2108
2108
2108
2108
2108
2108
2108
1980
1980
1884
1756
1564
1372
1116
876
652
396
164
-40
-244
-460
-652
-812
-988
-1116
-1244
-1372
-1564
-1628
-1756
-1884
-1980
-2108
-2108
-2108
-2108
-2108
-1980
-1820
-1756
-1628
-1500
-1436
-1372
-1308
-1244
-1116
-1052
-988
-924
-812
-684
-524
-396
-308
-212
-132
-48
40
180
324
396
396
356
324
244
88
-48
-88
-164
-164
-180
-196
-212
-260
-260
-260
-228
-260
-276
-276
-308
-308
-324
-428
-492
-492
-492
-428
-324
-228
-120
-32
104
276
396
492
620
684
780
876
924
988
1052
1116
1180
1244
1372
1500
1628
1756
1884
1980
1980
1980
1980
1820
1756
1692
1564
1436
1308
1244
1180
1116
1052
988
924
812
684
524
428
324
228
80
-96
-244
-460
-620
-748
-924
-1052
-1180
-1244
-1308
-1308
-1308
-1372
-1436
-1500
-1500
-1500
-1436
-1372
-1372
-1372
-1372
-1308
-1308
-1244
-1116
-988
-924
-780
-684
-556
-428
-356
-308
-308
-276
-276
-228
-180
-180
-164
-164
-196
-228
-276
-340
-372
-372
-340
-372
-396
-460
-492
-492
-524
-492
-524
-588
-652
-684
-684
-716
-716
-684
-620
-556
-460
-324
-164
-64
8
104
180
308
396
524
620
748
844
924
1052
1180
1308
1372
1500
1564
1628
1692
1756
1756
1756
1756
1692
1692
1628
1692
1692
1628
1564
1500
1436
1308
1244
1116
988
876
716
556
460
308
244
196
132
96
64
-8
-96
-212
-324
-428
-524
-588
-684
-748
-844
-876
-924
-988
-924
-988
-1052
-1052
-1116
-1116
-1116
-1052
-1116
-1052
-1052
-988
-876
-844
-780
-684
-620
-556
-492
-428
-356
-308
-244
-212
-148
-80
-32
56
112
72
24
-48
-148
-260
-356
-460
-524
-524
-524
-524
-556
-524
-524
-556
-652
-780
-876
-988
-1116
-1180
-1244
-1244
-1244
-1180
-1116
-1052
-988
-924
-844
-748
-588
-492
-356
-228
-96
56
212
372
556
716
876
988
1052
1180
1244
1308
1436
1500
1564
1628
1628
1692
1692
1692
1692
1692
1628
1628
1564
1500
1436
1372
1244
1116
1116
1052
1052
988
924
876
780
684
588
492
428
340
228
112
0
-32
-96
-164
-228
-324
-356
-428
-492
-524
-524
-588
-652
-684
-716
-748
-780
-780
-780
-780
-780
-716
-652
-620
-588
-556
-524
-492
-428
-356
-276
-244
-180
-112
-96
-88
-120
-164
-164
-196
-212
-212
-228
-228
-260
-276
-292
-324
-356
-372
-396
-460
-524
-588
-652
-684
-748
-812
-844
-924
-988
-988
-988
-988
-988
-988
-988
-924
-988
-876
-812
-748
-684
-588
-492
-396
-260
-120
8
120
228
340
428
524
588
684
780
844
876
924
988
988
1052
1116
1180
1180
1180
1244
1180
1244
1180
1116
1116
1052
1052
988
988
924
924
876
812
748
684
620
556
524
460
396
356
308
212
132
48
-80
-148
-212
-276
-324
-356
-340
-308
-292
-228
-228
-244
-228
-292
-372
-428
-524
-556
-556
-556
-524
-460
-460
-396
-324
-276
-260
-228
-212
-180
-180
-228
-260
-308
-340
-356
-356
-356
-340
-340
-324
-276
-260
-260
-260
-276
-324
-340
-372
-396
-396
-396
-372
-396
-428
-460
-460
-428
-396
-356
-260
-196
-148
-132
-132
-132
-148
-196
-180
-132
-132
-132
-148
-148
-132
-48
8
80
180
244
276
292
292
276
196
104
48
-40
-88
-64
0
104
260
340
428
524
588
652
684
716
684
620
556
492
428
428
428
428
428
428
460
524
556
556
524
460
396
324
276
180
80
16
-56
-72
-88
-96
-88
-80
-56
-16
0
0
0
-8
-40
-88
-96
-96
-104
-112
-112
-132
-180
-180
-148
-104
-48
-32
0
32
56
40
0
-32
-80
-164
-212
-244
-276
-292
-324
-308
-340
-372
-372
-356
-372
-372
-372
-340
-372
-428
-460
-492
-492
-492
-460
-396
-356
-292
-244
-228
-196
-164
-104
-56
-24
8
40
64
96
132
148
164
180
196
212
228
212
212
196
164
104
64
-8
-24
-16
-40
-64
-40
-16
16
8
32
88
104
148
196
244
292
308
324
340
340
356
356
356
324
276
260
244
244
260
324
340
356
340
340
308
244
196
148
104
24
0
-40
-80
-104
-96
-104
-120
-112
-132
-148
-164
-180
-180
-180
-164
-132
-104
-96
-64
-64
-64
-56
-32
16
32
40
0
-8
-24
-56
-56
-64
-112
-148
-148
-148
-164
-180
-180
-180
-212
-228
-244
-260
-292
-308
-340
-324
-308
-308
-276
-276
-212
-148
-112
-56
-16
0
24
64
88
88
104
120
112
132
180
196
212
228
228
212
180
132
104
48
-8
-48
-80
-104
-104
-112
-120
-88
-120
-120
-112
-112
-80
-48
-24
16
40
56
112
132
148
148
164
148
148
212
228
212
212
180
132
132
132
112
104
104
96
24
-8
-24
-48
-72
-112
-148
-164
-164
-132
-96
-72
-40
0
16
24
64
64
72
80
72
64
48
48
24
16
16
24
64
132
212
244
260
260
244
212
196
148
132
132
132
132
132
112
32
-16
-72
-104
-112
-48
-40
-40
-16
-56
-104
-180
-212
-180
-180
-196
-228
-276
-324
-308
-356
-324
-260
-212
-164
-132
-64
-40
16
48
40
8
-24
-88
-132
-164
-196
-196
-196
-112
-64
-24
0
32
72
104
132
164
196
196
180
120
80
56
0
-8
64
148
244
276
276
292
228
180
148
96
64
48
-16
-16
-56
-88
-112
-132
-164
-196
-244
-276
-292
-324
-324
-340
-356
-340
-356
-356
-340
-356
-372
-356
-292
-244
-212
-164
-104
-64
-16
24
72
112
112
212
244
244
212
196
228
228
292
308
372
460
492
524
556
556
524
492
460
396
340
260
196
180
164
148
96
56
64
48
64
88
88
104
104
72
72
40
16
-32
-48
-48
-48
-24
8
8
24
48
96
104
112
104
80
48
8
-32
-96
-164
-244
-308
-340
-372
-396
-396
-396
-340
-340
-276
-276
-292
-292
-340
-340
-308
-276
-228
-196
-180
-148
-148
-148
-80
-64
-64
-48
-32
-8
8
64
96
104
88
48
8
-24
-40
-72
-132
-164
-164
-180
-196
-148
-88
-96
-88
-56
-72
-56
-88
-104
-80
-88
-96
-96
-112
-96
-64
-56
-8
16
24
32
48
72
88
132
132
120
148
132
112
148
148
164
212
244
244
244
228
148
104
56
48
72
104
148
196
228
228
260
260
276
260
292
308
340
372
396
396
396
396
396
396
396
428
396
396
396
356
340
308
292
244
180
112
56
0
-64
-132
-196
-260
-292
-308
-340
-340
-356
-396
-396
-396
-396
-396
-396
-428
-460
-524
-524
-556
-556
-556
-492
-428
-396
-340
-292
-244
-244
-244
-180
-148
-132
-112
-96
-96
-72
-88
-96
-88
-64
-64
-64
-72
-48
-40
-32
0
0
8
8
0
0
0
0
-16
-8
0
0
16
24
72
80
96
148
120
88
56
40
48
48
40
72
132
132
120
148
148
132
120
96
64
56
40
40
48
64
96
104
148
180
196
228
276
324
372
396
428
396
396
396
460
492
524
524
524
524
492
460
428
396
308
244
180
104
40
8
-48
-104
-148
-212
-244
-276
-308
-356
-396
-428
-428
-460
-428
-396
-396
-396
-396
-356
-340
-340
-340
-340
-324
-324
-324
-292
-228
-212
-164
-80
-40
-8
8
24
32
32
8
0
-8
0
-56
-88
-88
-96
-132
-164
-148
-148
-148
-164
-164
-164
-180
-196
-164
-148
-132
-120
-96
-120
-148
-132
-96
-104
-96
-40
-40
0
24
56
80
88
132
180
196
212
244
276
292
244
228
196
148
96
48
8
0
16
56
112
148
164
196
196
196
196
180
148
180
180
180
164
164
148
196
228
244
244
260
260
244
228
212
212
180
112
48
24
-16
-48
-48
-32
-16
0
8
16
0
8
0
-8
-32
-48
-48
-96
-72
-80
-112
-112
-112
-112
-104
-104
-120
-104
-132
-164
-164
-148
-132
-104
-56
-24
-40
-48
-48
-88
-132
-196
-228
-276
-276
-244
-260
-228
-212
-180
-180
-148
-112
-132
-112
-120
-104
-104
-104
-120
-132
-120
-88
-48
-16
8
32
56
88
104
88
96
64
40
64
48
64
96
96
104
112
104
64
32
40
0
-24
-8
0
-8
8
16
16
40
72
88
96
120
120
96
104
148
180
212
228
260
276
260
276
276
260
244
228
228
244
228
212
212
196
132
120
132
88
64
48
24
0
-16
-40
-72
-112
-180
-228
-244
-292
-292
-292
-292
-324
-324
-356
-356
-340
-324
-276
-260
-228
-180
-148
-112
-80
-32
-8
8
24
24
24
32
40
48
72
80
72
56
32
24
40
40
40
56
48
32
56
80
80
64
32
16
16
16
32
40
40
24
8
8
0
0
-8
-24
-24
-56
-72
-96
-112
-132
-164
-164
-196
-212
-164
-164
-148
-112
-112
-104
-96
-104
-132
-132
-148
-148
-132
-132
-148
-112
-56
8
64
120
196
228
276
292
324
340
340
340
340
340
340
396
460
460
492
460
492
460
396
356
292
244
212
164
112
56
-16
-64
-148
-196
-212
-244
-276
-308
-324
-340
-396
-372
-356
-340
-292
-276
-260
-260
-244
-260
-244
-212
-196
-180
-148
-120
-96
-32
32
64
112
132
96
96
104
72
56
32
8
0
-24
0
40
32
48
72
72
72
88
96
88
72
24
-8
-40
-64
-88
-80
-72
-56
-88
-120
-132
-164
-180
-212
-212
-212
-228
-228
-212
-196
-212
-212
-212
-212
-212
-196
-196
-196
-196
-180
-164
-120
-80
-16
16
72
132
164
196
228
244
244
276
276
276
308
308
292
356
396
428
492
492
492
492
492
492
428
396
356
276
244
212
196
132
80
40
0
-64
-120
-148
-164
-196
-196
-244
-260
-276
-292
-260
-260
-244
-276
-292
-292
-276
-276
-260
-196
-164
-132
-88
-40
24
88
120
164
196
196
196
196
196
180
164
132
120
104
64
72
104
132
164
196
212
212
196
196
164
132
112
56
24
-16
-64
-88
-132
-164
-228
-260
-292
-308
-340
-372
-396
-428
-460
-460
-492
-524
-524
-556
-556
-588
-556
-524
-492
-460
-428
-396
-340
-308
-228
-148
-96
-48
32
40
48
112
132
196
276
356
428
460
492
556
620
652
684
684
652
620
620
588
556
524
492
460
428
396
340
276
196
132
96
48
-16
-56
-132
-196
-212
-260
-244
-276
-340
-372
-396
-428
-428
-428
-428
-372
-324
-292
-228
-212
-196
-132
-64
-8
0
16
56
64
80
88
120
132
164
196
228
244
228
212
228
228
228
244
228
212
180
148
148
132
112
104
96
80
16
-48
-88
-120
-180
-180
-196
-196
-228
-276
-292
-340
-372
-396
-396
-396
-396
-428
-428
-428
-396
-396
-356
-324
-340
-276
-276
-244
-196
-132
-96
-64
-16
0
24
56
72
96
164
244
260
276
308
340
372
428
460
492
524
492
492
