SAMPLES:	6537
BITSPERSAMPLE:	16
CHANNELS:	1
SAMPLERATE:	16000
NORMALIZED:	FALSE
8
8
8
8
8
8
0
8
0
0
8
8
8
8
8
0
0
0
0
0
0
0
0
0
0
0
0
0
0
0
0
0
0
0
0
0
0
0
0
0
0
0
0
0
0
0
0
0
0
0
0
0
0
0
0
0
0
0
0
0
0
0
0
-8
-8
-8
-8
0
0
-8
-8
-8
-8
-8
-8
-8
0
0
-8
-8
-8
0
0
0
0
0
0
0
0
0
0
0
0
0
0
0
0
0
0
0
0
0
0
0
0
0
0
0
0
0
0
0
0
0
0
8
0
8
0
0
0
0
0
0
0
0
0
0
0
0
0
0
0
0
0
0
0
0
0
0
0
0
0
0
0
0
0
0
0
0
0
0
0
0
0
0
0
0
0
0
0
0
0
0
0
0
0
0
0
0
0
0
0
0
0
0
0
0
0
0
0
0
0
0
0
0
0
0
0
0
0
0
0
0
0
0
0
8
0
0
8
8
8
0
0
0
0
0
0
0
0
0
0
8
8
0
0
0
0
0
0
0
0
0
0
8
0
0
0
0
0
0
0
0
0
0
0
0
0
0
0
0
0
0
0
0
0
0
0
0
0
0
0
-8
0
0
0
0
0
0
0
0
0
-8
-8
-8
-8
-8
-8
-16
-16
-8
-8
-8
0
0
0
0
0
0
0
0
0
-8
-8
0
0
0
0
0
0
0
0
0
0
0
0
0
0
0
0
0
0
0
0
0
0
0
0
0
0
0
0
8
8
8
8
8
0
0
0
0
0
0
0
0
0
0
0
0
0
0
0
0
0
0
0
0
0
0
0
0
0
0
0
0
0
0
0
0
0
0
0
0
0
0
0
0
0
0
0
0
0
0
0
0
0
0
0
0
0
0
0
0
0
0
0
8
8
0
0
0
0
0
0
0
0
0
0
0
0
0
0
0
0
0
0
0
0
0
0
0
0
0
0
0
-8
-8
-8
-8
-8
-8
-8
-8
-8
-8
-8
-8
-8
-8
-8
-8
-8
-8
-8
-8
-8
-8
-8
-8
0
0
0
0
0
0
0
0
0
0
0
0
0
0
0
0
0
0
8
8
8
8
8
8
8
8
8
8
8
8
8
8
8
8
8
8
8
0
0
0
0
0
0
0
0
0
0
0
0
0
0
-8
-8
-8
-8
-8
-8
-8
-16
-16
-16
-8
-8
-8
-8
-8
-8
-8
-8
-8
-8
-8
-8
-8
-8
-8
-8
-8
0
0
0
0
0
0
0
0
0
0
0
0
0
0
0
0
8
8
8
8
8
8
8
8
8
8
8
8
16
8
8
8
8
8
8
8
8
8
8
8
8
8
8
8
8
8
8
8
8
8
8
8
8
0
0
0
0
0
0
0
0
0
0
0
0
0
0
0
0
0
0
0
0
0
0
0
0
0
0
0
0
0
0
0
0
0
-8
-8
0
0
-8
-8
-8
-8
-8
0
0
-8
0
0
0
0
0
0
0
0
0
0
-8
-8
0
-8
0
0
0
0
0
0
0
0
0
0
0
0
-8
0
0
-8
-8
-8
-8
-8
0
0
0
0
0
0
0
0
0
0
0
0
0
0
0
0
0
0
0
0
0
0
0
0
8
8
8
8
8
8
8
8
8
8
8
16
16
16
16
16
8
8
16
8
8
8
8
8
0
8
8
8
8
0
0
0
0
0
0
0
0
0
-8
-8
-8
-8
-8
-8
-16
-16
-8
-8
-8
-8
-8
-8
-8
-8
-8
-8
-8
-8
-8
-8
-8
-8
-8
-8
-8
-8
-8
-8
0
0
0
0
0
0
0
0
0
0
0
0
0
0
0
0
0
0
0
0
0
0
0
0
0
8
0
8
8
8
8
8
8
8
8
8
8
8
8
8
8
0
0
8
8
8
8
8
8
8
8
8
8
0
0
0
0
0
0
0
0
0
0
0
0
0
0
0
0
0
0
0
0
0
0
0
0
0
0
0
0
0
0
0
0
0
0
0
0
0
0
0
0
0
-8
-8
-8
-8
-8
-8
-8
-8
-8
-8
-8
-8
-8
-8
-8
-16
-16
-16
-8
-16
-16
-16
-16
-16
-16
-8
-8
-8
-8
-8
-8
-8
-8
-8
0
0
0
0
0
0
0
0
0
0
0
0
0
0
0
8
8
8
8
8
8
8
8
8
8
8
8
16
16
8
8
8
8
16
8
16
16
16
16
16
16
16
8
16
16
16
16
16
16
16
16
16
16
8
8
8
8
0
0
0
0
0
0
0
0
0
0
0
0
0
0
0
0
0
0
0
0
0
0
0
-8
-8
0
0
0
-8
-8
0
0
0
0
0
0
0
0
0
0
-8
-8
-8
-8
-8
0
0
0
0
0
0
0
0
0
0
-8
0
0
0
0
-8
-8
0
0
0
0
0
0
0
0
0
0
0
0
0
-8
0
0
0
0
0
0
0
0
0
0
0
0
0
0
0
-8
-16
-16
-16
-8
-8
0
0
0
-8
-8
-8
-8
0
0
0
0
0
-8
-8
-8
-8
-8
0
0
-8
-8
-8
0
0
0
0
0
0
0
0
-8
0
0
0
0
0
0
0
0
0
0
0
8
0
0
0
0
0
0
0
0
0
8
8
8
8
8
0
0
0
0
0
0
8
0
8
8
8
8
0
0
8
8
16
16
16
16
16
16
8
16
16
8
8
8
8
8
16
16
16
16
24
24
16
16
16
8
8
8
8
8
0
8
8
8
16
16
16
16
16
16
8
8
8
0
0
0
0
0
0
0
0
0
0
0
0
0
0
0
-16
-16
-16
-16
-8
-8
0
-8
-8
-8
-8
-16
-16
-32
-24
-24
-24
-24
-24
-32
-32
-32
-32
-24
-16
-24
-16
-16
-24
-24
-24
-16
-16
-24
-24
-32
-32
-24
-24
-16
-24
-16
-16
-24
-16
-16
-16
-16
-16
-16
-8
-8
-8
-8
-16
-16
-16
-16
-8
-8
-8
-8
0
0
0
8
8
8
8
8
8
16
8
16
16
16
16
16
24
32
32
32
40
32
24
32
32
32
40
48
56
56
56
56
56
48
48
40
32
32
32
32
32
32
32
24
24
24
32
32
24
24
24
16
16
8
8
8
8
16
16
16
32
40
56
56
48
8
-24
-40
-56
-72
-112
-132
-104
-56
-32
-8
24
56
56
16
-8
-8
-24
-56
-112
-132
-132
-112
-88
-40
24
8
-104
-212
-276
-228
-112
0
88
148
148
112
48
-32
-112
-120
-96
8
148
148
96
72
72
80
64
0
-64
0
0
-56
-32
-40
-16
-32
-56
-56
-72
-104
-148
-112
-56
-24
40
96
120
112
72
32
8
-16
-48
-16
32
96
148
196
228
228
180
112
72
72
88
96
132
132
148
120
80
72
64
32
-8
-48
-80
-120
-164
-148
-132
-104
-112
-104
-120
-148
-148
-148
-132
-164
-164
-164
-180
-148
-132
-56
24
32
0
-48
-80
-132
-164
-112
-48
0
0
-24
-32
-64
-112
-132
-132
-132
-148
-132
-72
8
80
72
40
0
-40
-72
-72
-24
72
164
228
244
244
228
164
132
164
228
244
260
324
396
428
428
492
524
492
396
292
212
180
164
164
212
260
244
244
228
180
72
-48
-164
-244
-308
-356
-372
-324
-244
-196
-196
-260
-340
-428
-492
-524
-524
-492
-460
-428
-324
-276
-244
-212
-212
-212
-244
-292
-324
-340
-340
-324
-244
-120
-24
16
24
16
-56
-180
-260
-292
-276
-212
-112
16
112
164
148
148
96
0
-64
-104
-80
-40
8
88
180
260
308
372
428
428
396
356
340
324
308
356
428
556
684
812
988
1116
1180
1116
1116
1180
1116
1052
924
924
988
924
924
876
844
716
428
148
-88
-340
-620
-876
-1052
-1244
-1436
-1628
-1692
-1756
-1980
-2236
-2364
-2492
-2620
-2748
-2748
-2748
-2620
-2620
-2364
-2108
-1884
-1628
-1436
-1180
-924
-780
-588
-308
-40
180
524
924
1308
1692
1884
1980
2108
2108
1980
1980
1980
1884
1756
1692
1628
1564
1436
1308
1180
988
684
292
-32
-276
-460
-588
-620
-556
-556
-652
-716
-716
-716
-716
-652
-556
-428
-396
-340
-228
-120
0
120
276
428
620
844
1244
1980
2620
3004
3516
3772
3900
3772
3644
3516
3644
3644
3516
3260
3132
3132
3004
2620
2236
1628
924
104
-684
-1308
-1980
-2492
-2876
-3260
-3388
-3644
-3900
-4092
-4348
-4604
-5116
-5372
-5372
-5628
-5372
-5116
-4860
-4348
-3772
-3004
-2364
-1820
-1564
-1308
-1116
-924
-716
-292
460
1244
1820
2236
2748
3388
3772
3900
4092
3772
3388
2748
2364
2236
2236
2108
1692
1692
1628
1436
1116
780
324
-396
-1308
-1820
-1980
-2108
-2236
-2364
-2108
-1884
-1628
-1500
-1372
-1244
-1500
-1756
-1884
-1756
-1628
-1500
-1308
-1052
-652
-276
180
620
1116
1436
1756
2236
3004
3644
4092
4604
4604
4604
4604
4604
4860
5116
5116
4860
4604
4092
3772
3260
3004
2620
1884
988
72
-588
-1180
-1628
-2108
-2620
-3132
-3900
-4348
-4604
-4860
-5116
-5628
-5884
-6140
-6140
-6140
-5884
-5372
-4860
-4604
-4348
-3900
-3388
-2876
-2492
-2108
-1756
-1180
-492
372
1308
2236
3132
3900
4348
4604
4860
5116
5116
4860
4604
4348
4348
4092
3900
3644
3516
2876
2364
1884
1500
812
-180
-988
-1628
-1980
-2620
-3004
-3132
-3260
-3644
-4092
-3900
-3900
-4092
-4092
-4092
-4092
-4092
-4092
-3772
-3388
-2876
-2620
-2108
-1628
-1244
-924
-652
-292
-16
276
684
1244
1980
2748
3516
4604
5628
6396
6908
6908
6908
6652
6652
6396
6396
6140
6140
5628
5628
5372
5116
4604
4348
3644
2748
1500
492
-276
-1116
-1884
-2620
-3260
-3900
-4348
-4860
-5116
-5372
-5884
-6396
-6908
-7164
-7420
-7676
-7420
-7164
-6908
-6396
-6140
-5628
-4860
-4348
-3900
-3388
-2748
-2108
-1500
-748
196
1308
2236
3132
3900
4604
5116
5372
5372
5372
5372
5372
4860
4604
4348
3900
3644
3260
3004
2620
1980
1308
684
104
-684
-1500
-2236
-2748
-3260
-3644
-3900
-4092
-4092
-4092
-4092
-3900
-3900
-3900
-3772
-3516
-3260
-3132
-2876
-2492
-1980
-1564
-1180
-556
0
396
812
1308
1756
2236
2620
3004
3516
4092
4604
5372
6396
6908
7164
7164
7164
6908
6652
6396
6140
5884
5884
5116
4604
4092
3900
3644
3132
2492
1628
428
-524
-1244
-1980
-2748
-3644
-4348
-5116
-5628
-6140
-6396
-6396
-6652
-7164
-7420
-7676
-7676
-7420
-7420
-7164
-6908
-6652
-6140
-5372
-4604
-3900
-3388
-2748
-2108
-1500
-748
72
1116
1980
2492
3388
4092
4860
5628
5884
6140
5884
5884
5372
5372
5116
4348
3900
3388
2876
2620
2108
1756
1308
748
0
-684
-1116
-1820
-2492
-3260
-3644
-4092
-4348
-4092
-4092
-3900
-3900
-3772
-3516
-3388
-3132
-2876
-2620
-2364
-2364
-1980
-1628
-988
-340
132
652
1116
1628
1980
2492
2748
3004
3132
3260
3644
4092
4604
5372
5884
6396
6652
6396
6396
6140
5884
5372
5116
4604
4348
3900
3388
3132
2876
2620
2236
1628
924
-24
-812
-1564
-2364
-3132
-4092
-4860
-5372
-5884
-6140
-6396
-6396
-6396
-6652
-6908
-6908
-6908
-6908
-6652
-6652
-6396
-6140
-5884
-5116
-4348
-3644
-2876
-2236
-1564
-876
-132
748
1564
2236
2748
3388
4092
4860
5372
5628
5884
5628
5628
5116
4860
4604
4092
3644
3132
2620
2236
1820
1372
924
460
-96
-716
-1116
-1628
-2236
-2876
-3388
-3772
-4092
-4092
-4092
-4092
-3900
-3772
-3516
-3132
-2748
-2492
-2492
-2236
-2108
-1884
-1500
-988
-396
0
396
780
1308
1756
2108
2364
2620
2620
2620
2876
3260
3772
4348
4860
5372
5884
6140
6140
5884
5628
5372
4860
4604
4348
4092
3644
3260
3004
2876
2620
2364
1884
1244
396
-396
-1180
-1884
-2748
-3516
-4092
-4604
-5116
-5372
-5628
-5628
-5884
-5884
-6140
-6140
-6140
-6140
-6140
-5884
-5884
-5372
-5116
-4604
-3900
-3260
-2620
-1980
-1500
-924
-276
372
988
1564
1980
2748
3260
3900
4348
4604
4860
4604
4604
4348
4092
3900
3388
2876
2364
1980
1756
1308
1052
780
340
-180
-652
-924
-1436
-1980
-2620
-2876
-3260
-3388
-3516
-3516
-3388
-3388
-3388
-3132
-2748
-2492
-2364
-2236
-1980
-1884
-1564
-1116
-684
-228
88
428
876
1244
1628
1756
1980
1980
1980
1980
2108
2364
2620
3004
3516
4348
4860
5628
5884
5884
5628
5372
5116
4860
4604
4604
4348
3900
3644
3260
3260
3132
3004
2492
1692
876
196
-556
-1180
-1980
-2748
-3516
-4092
-4348
-4860
-5116
-5116
-5372
-5884
-6140
-6396
-6396
-6396
-6140
-6140
-6140
-5884
-5628
-5116
-4604
-4092
-3516
-3132
-2620
-1980
-1436
-748
-88
556
1180
1884
2620
3260
3900
4348
4604
4348
4348
4348
4092
3900
3516
3260
2876
2620
2364
2108
1884
1564
1052
556
88
-260
-780
-1308
-1756
-2108
-2236
-2492
-2492
-2492
-2492
-2492
-2492
-2236
-2108
-1980
-1756
-1692
-1564
-1372
-1116
-716
-356
24
292
588
876
1180
1436
1628
1692
1692
1756
1820
2108
2364
2492
2748
3132
3644
4092
4860
5116
5116
5116
4860
4604
4604
4348
4348
4092
3900
3516
3004
2748
2620
2364
1980
1244
588
-196
-876
-1564
-2108
-2748
-3516
-4092
-4348
-4860
-5116
-5628
-5628
-5884
-6140
-6396
-6652
-6652
-6396
-6396
-6140
-6140
-5628
-5372
-4860
-4348
-3900
-3388
-2876
-2364
-1756
-1116
-428
324
1116
1884
2620
3260
3772
4348
4604
4604
4604
4604
4604
4092
3900
3516
3260
3004
2748
2492
2236
1884
1564
1052
748
396
-64
-524
-876
-1116
-1372
-1564
-1692
-1692
-1820
-1980
-1980
-1884
-1756
-1692
-1564
-1436
-1436
-1308
-1116
-812
-524
-356
-196
32
340
556
780
988
1116
1180
1308
1436
1692
1884
1980
2236
2364
2748
2876
3388
3900
4348
4604
4604
4860
4860
4860
4860
4604
4604
4604
4092
3900
3516
3132
2748
2492
2108
1628
924
244
-324
-924
-1564
-2364
-3004
-3644
-4092
-4604
-5116
-5628
-5884
-6140
-6396
-6652
-6652
-6652
-6396
-6140
-6140
-5884
-5884
-5372
-5116
-4604
-4348
-3900
-3388
-2876
-2364
-1564
-748
40
780
1436
2108
2876
3388
3772
4092
4348
4348
4092
3900
3900
3644
3388
3132
3004
2748
2492
2364
2108
1692
1308
876
460
8
-428
-812
-1116
-1436
-1692
-1820
-1980
-1980
-1980
-2108
-1980
-1884
-1756
-1692
-1628
-1500
-1436
-1308
-1116
-924
-620
-428
-292
0
276
652
988
1308
1628
1884
1980
2236
2364
2492
2748
2748
3004
3260
3644
4092
4604
5116
5372
5372
5372
5372
5116
5116
4860
4604
4348
3772
3260
2876
2492
2236
1756
1308
716
24
-556
-1116
-1692
-2492
-3132
-3900
-4604
-5116
-5628
-5884
-6140
-6652
-6652
-6908
-6908
-6908
-6652
-6652
-6396
-6140
-5884
-5372
-5116
-4604
-4348
-3900
-3388
-2748
-2108
-1436
-620
196
1052
1820
2492
3132
3772
4092
4348
4604
4348
4348
4348
4092
4092
4092
3772
3644
3516
3388
3132
2876
2620
2236
1884
1436
1116
620
148
-276
-620
-844
-1180
-1436
-1500
-1628
-1756
-1820
-1820
-1756
-1884
-1820
-1756
-1692
-1500
-1436
-1244
-1052
-876
-716
-524
-260
-56
96
244
492
780
988
1116
1308
1436
1564
1692
1980
2364
2748
3004
3516
4092
4348
4604
4348
4604
4604
4604
4348
4092
4092
3644
3132
2748
2492
2236
1980
1564
1116
492
-96
-748
-1244
-1884
-2748
-3516
-4092
-4604
-5372
-5628
-5884
-6140
-6140
-6396
-6652
-6396
-6396
-6140
-6140
-5884
-5628
-5372
-5116
-4604
-4348
-3772
-3388
-2748
-2236
-1500
-620
292
1180
1884
2620
3260
3772
4348
4348
4604
4860
4604
4348
4348
4348
4092
3900
3772
3644
3516
3388
3132
3004
2492
1980
1500
1052
620
132
-340
-748
-1052
-1372
-1628
-1692
-1756
-1884
-1980
-1980
-1884
-1884
-1980
-1884
-1884
-1820
-1756
-1628
-1436
-1180
-1052
-844
-588
-324
-16
244
524
812
988
1052
1308
1500
1692
1820
1980
2364
2620
3132
3516
4092
4604
4860
4860
5116
5116
4860
4604
4348
4348
4092
3644
3132
2876
2364
2108
1692
1244
620
-40
-620
-1244
-1820
-2492
-3260
-3900
-4348
-4860
-5372
-5884
-6140
-6396
-6652
-6652
-6652
-6652
-6652
-6396
-6140
-5884
-5628
-5372
-5116
-4604
-4348
-3772
-3132
-2620
-1884
-1116
-180
652
1500
2236
2876
3516
3900
4348
4348
4604
4604
4348
4348
4348
4092
3900
3772
3644
3388
3260
3004
2876
2620
2236
1756
1372
876
372
-148
-588
-924
-1244
-1500
-1692
-1756
-1756
-1820
-1756
-1692
-1692
-1756
-1820
-1884
-1820
-1756
-1692
-1500
-1308
-1180
-988
-748
-492
-228
40
324
652
924
1180
1372
1564
1756
1884
2108
2364
2620
3004
3260
3772
4348
4604
5116
5116
5372
5372
5116
4860
4860
4604
4092
3644
3132
2748
2364
1884
1500
988
276
-292
-876
-1372
-1980
-2748
-3388
-4092
-4604
-5116
-5628
-6140
-6396
-6652
-6908
-7164
-6908
-6908
-6652
-6396
-6140
-5884
-5628
-5116
-4860
-4348
-3900
-3516
-2876
-2108
-1308
-460
492
1436
2236
2876
3516
4092
4604
4604
4860
4860
4860
4860
4604
4604
4604
4092
4092
3772
3644
3260
3004
2748
2364
1884
1436
988
588
132
-396
-876
-1244
-1628
-1980
-2236
-2492
-2620
-2620
-2748
-2620
-2492
-2492
-2492
-2492
-2364
-2364
-2236
-2108
-1980
-1756
-1564
-1244
-876
-492
-180
132
524
876
1116
1436
1692
1980
2108
2364
2620
3004
3388
3772
4348
4860
5372
5372
5628
5884
5628
5628
5116
4860
4604
4092
3516
3004
2620
2236
1692
1244
620
88
-620
-1244
-1820
-2620
-3516
-4092
-4860
-5372
-5884
-6140
-6396
-6652
-6908
-6908
-6908
-6652
-6396
-6140
-5884
-5372
-5116
-4860
-4348
-3900
-3388
-2876
-2108
-1308
-524
260
1116
1980
2748
3516
4092
4604
4860
5116
5372
5372
5116
4860
4604
4348
4092
3772
3516
3132
2748
2492
2108
1884
1564
1116
652
196
-276
-812
-1372
-1820
-2236
-2620
-2876
-3132
-3260
-3260
-3260
-3260
-3004
-2876
-2748
-2620
-2492
-2492
-2364
-2364
-2108
-1980
-1628
-1436
-1052
-620
-196
260
716
1116
1500
1820
2108
2364
2492
2748
2876
3132
3388
3772
4092
4348
4860
5116
5372
5372
5628
5628
5372
5372
4860
4604
4092
3644
3132
2620
2108
1628
1180
716
48
-620
-1244
-1884
-2492
-3132
-3772
-4348
-4860
-5372
-5884
-6140
-6652
-6908
-6908
-7164
-6908
-6908
-6652
-6140
-5884
-5372
-4860
-4348
-3772
-3260
-2748
-2236
-1628
-988
-396
308
1052
1820
2492
3260
3900
4348
4860
4860
5116
5116
4860
4604
4348
4092
3644
3388
3132
2748
2620
2364
2108
1820
1564
1180
780
396
16
-356
-812
-1308
-1628
-1980
-2236
-2364
-2492
-2492
-2492
-2492
-2364
-2236
-2108
-2108
-1980
-1820
-1692
-1628
-1500
-1308
-1180
-988
-780
-524
-196
72
356
684
1052
1372
1628
1884
2108
2236
2492
2748
3004
3260
3516
3900
4092
4604
4604
4860
4860
5116
4860
4860
4348
4092
3900
3388
2876
2236
1628
1116
684
212
-308
-924
-1564
-2108
-2620
-3132
-3772
-4348
-4860
-5372
-5884
-6140
-6396
-6652
-6652
-6652
-6396
-6396
-6140
-5628
-5116
-4604
-4092
-3644
-3132
-2492
-1980
-1372
-748
-164
428
1116
1756
2492
3132
3516
4092
4348
4604
4604
4604
4604
4604
4348
3900
3644
3260
3004
2620
2236
1980
1692
1500
1308
988
716
356
0
-340
-716
-1052
-1500
-1884
-2236
-2492
-2620
-2620
-2620
-2492
-2364
-2364
-2236
-2108
-1980
-1820
-1692
-1628
-1500
-1372
-1244
-1052
-876
-620
-292
48
460
876
1244
1564
1884
2108
2236
2364
2620
2748
3004
3260
3516
3644
3900
4348
4604
4860
5116
5116
5116
4860
4604
4348
3900
3516
3004
2492
1980
1308
684
228
-196
-684
-1244
-1820
-2364
-2876
-3388
-3772
-4348
-4860
-5116
-5628
-5884
-6140
-6140
-6140
-6140
-6140
-5884
-5628
-5116
-4604
-4092
-3644
-3132
-2748
-2364
-1820
-1308
-812
-356
120
620
1052
1564
2108
2620
3004
3388
3644
3772
3900
3772
3772
3516
3260
2876
2620
2364
2108
1692
1564
1372
1180
988
812
652
396
48
-212
-556
-844
-1116
-1372
-1628
-1884
-1980
-2108
-2108
-1980
-1884
-1756
-1692
-1564
-1436
-1372
-1244
-1116
-988
-844
-684
-428
-164
40
212
492
748
924
1180
1436
1692
1884
2108
2236
2364
2620
2748
3004
3260
3388
3516
3644
3900
4092
4348
4348
4348
4348
4092
3900
3516
3260
2876
2492
1980
1500
924
356
-120
-652
-1116
-1692
-2108
-2492
-3004
-3388
-3772
-4348
-4604
-5116
-5372
-5628
-5884
-5884
-5884
-5884
-5628
-5372
-5116
-4604
-3900
-3516
-3004
-2492
-2108
-1692
-1308
-924
-492
-64
396
812
1308
1820
2236
2620
2876
3132
3260
3388
3388
3388
3260
3004
2748
2492
2236
1980
1628
1500
1244
1052
876
716
556
308
72
-120
-324
-556
-812
-1052
-1308
-1564
-1756
-1820
-1756
-1756
-1692
-1692
-1628
-1500
-1436
-1308
-1180
-988
-924
-876
-716
-556
-396
-244
-112
96
324
524
780
1116
1500
1756
1980
2236
2492
2748
3132
3260
3516
3644
3772
3900
4092
4092
4348
4348
4348
4092
3900
3516
3388
3004
2620
1980
1500
988
428
-96
-588
-1052
-1628
-2108
-2492
-3004
-3388
-3772
-4092
-4348
-4860
-5116
-5372
-5372
-5628
-5628
-5628
-5372
-5116
-4860
-4348
-3900
-3516
-3132
-2620
-2236
-1692
-1308
-988
-588
-164
308
780
1244
1692
2108
2492
2748
3004
3132
3132
3132
3004
3004
2876
2620
2364
2108
1820
1564
1308
1180
1052
924
780
652
524
340
132
-24
-244
-524
-812
-1116
-1372
-1564
-1692
-1756
-1756
-1628
-1500
-1372
-1244
-1052
-988
-924
-844
-780
-780
-748
-652
-620
-460
-292
-64
228
620
988
1308
1692
2108
2364
2620
2876
3132
3388
3516
3644
3772
3772
3900
3900
3900
4092
3900
3900
3644
3388
3260
2876
2620
2236
1692
1180
588
48
-492
-1052
-1500
-1980
-2364
-2748
-3132
-3516
-3772
-4092
-4604
-4860
-5116
-5372
-5372
-5628
-5372
-5372
-5116
-4860
-4604
-4092
-3772
-3260
-2876
-2364
-1884
-1436
-1052
-684
-292
32
356
748
1116
1436
1756
1980
2236
2492
2620
2620
2620
2620
2492
2364
2108
1980
1692
1436
1244
1052
924
780
716
684
620
492
396
244
104
-32
-196
-324
-428
-524
-588
-652
-652
-620
-620
-588
-556
-588
-588
-524
-460
-308
-196
-132
-48
48
164
324
460
652
844
988
1116
1244
1436
1564
1756
1980
2108
2364
2492
2620
2876
3004
3004
3004
3132
3004
3004
2876
2748
2620
2492
2236
1980
1692
1308
844
428
64
-356
-748
-1052
-1372
-1756
-2108
-2364
-2748
-3132
-3388
-3772
-4092
-4348
-4604
-4860
-4860
-4860
-4604
-4604
-4348
-4092
-3644
-3388
-3132
-2748
-2492
-2108
-1820
-1436
-1052
-780
-428
-56
308
652
988
1244
1500
1628
1756
1820
1820
1820
1820
1756
1628
1564
1500
1436
1308
1308
1180
1052
876
780
716
652
588
492
396
340
260
228
212
148
72
48
16
-32
-32
-56
-64
-72
-164
-212
-212
-148
-96
-8
88
180
196
260
340
428
460
524
620
748
876
1052
1244
1436
1628
1820
1980
2108
2236
2236
2364
2492
2492
2492
2492
2492
2364
2236
2108
1980
1756
1500
1244
988
716
428
120
-244
-652
-988
-1308
-1692
-1980
-2236
-2620
-2876
-3260
-3516
-3644
-3900
-4092
-4092
-4092
-3900
-3900
-3644
-3388
-3260
-3004
-2748
-2492
-2236
-1980
-1692
-1372
-988
-716
-396
-48
276
524
748
988
1180
1308
1372
1436
1500
1500
1436
1372
1372
1372
1308
1308
1244
1116
1052
988
924
812
716
620
556
492
556
524
492
492
492
492
460
460
428
396
324
340
372
372
340
324
276
196
164
148
132
104
96
80
80
104
88
112
148
260
356
428
524
620
684
748
844
924
988
1116
1180
1308
1372
1436
1436
1436
1500
1436
1372
1308
1244
1180
1052
876
684
396
196
-48
-292
-524
-780
-1116
-1436
-1692
-1980
-2364
-2620
-2876
-3004
-3132
-3260
-3260
-3260
-3388
-3260
-3260
-3132
-3004
-2748
-2620
-2364
-2108
-1980
-1820
-1564
-1308
-1116
-812
-556
-228
16
292
588
812
1052
1244
1372
1500
1500
1564
1628
1628
1628
1628
1564
1564
1564
1564
1564
1564
1564
1500
1436
1436
1372
1308
1244
1180
1116
1052
1052
988
924
876
844
844
812
748
748
716
652
556
492
396
308
228
164
120
48
32
16
0
-16
-40
-56
-32
-16
40
80
132
228
292
396
492
588
652
780
876
924
988
988
1052
1052
1052
1052
988
876
748
620
460
308
132
-48
-228
-460
-716
-924
-1180
-1436
-1756
-1980
-2108
-2364
-2492
-2620
-2876
-3004
-3132
-3132
-3132
-3132
-3132
-3004
-3004
-2876
-2748
-2492
-2364
-2108
-1980
-1756
-1628
-1372
-1116
-844
-588
-356
-88
180
460
684
924
1052
1116
1244
1244
1308
1372
1436
1436
1436
1372
1308
1308
1308
1372
1372
1372
1372
1372
1372
1308
1244
1180
1116
1052
1052
1052
988
988
924
844
812
844
812
844
844
780
748
716
652
652
588
492
460
396
372
356
292
276
276
324
340
372
396
396
396
428
492
524
556
652
716
748
844
876
924
924
924
924
924
876
812
748
652
556
460
372
260
148
56
-80
-244
-460
-652
-876
-1116
-1372
-1564
-1756
-1980
-2108
-2236
-2364
-2364
-2492
-2492
-2492
-2492
-2492
-2364
-2364
-2236
-2108
-2108
-1980
-1756
-1628
-1500
-1372
-1180
-1052
-876
-684
-524
-356
-164
-16
120
276
356
372
396
460
460
460
524
524
556
524
588
620
652
684
684
684
716
748
748
812
844
876
876
876
924
924
924
988
988
988
988
1052
988
988
988
988
924
924
876
812
780
716
620
588
556
556
556
524
460
460
428
396
428
428
428
460
428
460
492
556
588
620
652
652
652
620
652
684
652
620
556
492
492
396
292
180
56
-80
-180
-324
-428
-556
-684
-780
-924
-1052
-1116
-1308
-1436
-1500
-1628
-1692
-1820
-1820
-1756
-1756
-1756
-1756
-1692
-1692
-1628
-1564
-1500
-1500
-1436
-1436
-1372
-1372
-1244
-1180
-1116
-1052
-924
-844
-748
-620
-524
-428
-356
-324
-292
-276
-244
-164
-72
32
196
340
460
588
748
812
924
988
1052
1116
1180
1244
1308
1436
1436
1500
1628
1692
1692
1756
1756
1756
1692
1692
1692
1692
1628
1564
1564
1500
1436
1308
1180
1052
924
780
652
524
396
308
212
132
80
48
16
0
-16
-64
-96
-112
-104
-120
-180
-212
-212
-244
-228
-212
-196
-180
-132
-180
-212
-196
-212
-180
-228
-260
-276
-356
-372
-396
-396
-460
-460
-524
-588
-652
-684
-748
-812
-876
-924
-988
-1116
-1116
-1116
-1116
-1180
-1180
-1180
-1244
-1308
-1372
-1436
-1500
-1628
-1628
-1692
-1692
-1628
-1628
-1628
-1564
-1564
-1564
-1564
-1500
-1436
-1308
-1180
-1052
-844
-716
-556
-372
-180
-40
104
244
356
492
652
812
988
1180
1372
1564
1692
1884
1980
2108
2236
2364
2364
2492
2492
2364
2364
2236
2236
2108
2108
1980
1980
1756
1628
1500
1372
1180
1052
844
652
460
276
148
0
-104
-196
-292
-340
-396
-396
-428
-492
-524
-492
-460
-428
-372
-308
-292
-244
-148
-72
-24
16
64
96
164
260
324
340
372
396
372
356
340
308
212
120
48
-24
-112
-228
-340
-428
-556
-620
-684
-716
-748
-844
-924
-988
-1052
-1116
-1308
-1372
-1500
-1628
-1692
-1756
-1820
-1756
-1756
-1756
-1756
-1692
-1692
-1692
-1692
-1692
-1628
-1628
-1564
-1436
-1372
-1308
-1180
-1052
-844
-684
-524
-324
-180
-40
72
212
372
556
716
924
1052
1180
1308
1436
1564
1692
1820
1884
1980
1980
1980
1980
2108
1980
1884
1820
1756
1628
1500
1372
1244
1116
924
844
748
652
556
428
292
148
56
-40
-88
-120
-180
-292
-324
-372
-356
-308
-260
-180
-120
-56
40
132
212
308
396
396
460
460
460
460
428
428
460
492
588
620
620
620
524
460
356
260
132
0
-112
-276
-396
-524
-652
-812
-876
-988
-1116
-1116
-1180
-1180
-1244
-1308
-1372
-1372
-1372
-1372
-1436
-1436
-1500
-1564
-1564
-1564
-1500
-1436
-1372
-1372
-1308
-1180
-1052
-924
-924
-876
-876
-812
-780
-716
-620
-492
-356
-212
-96
40
180
260
372
492
588
684
780
924
988
1052
1052
1052
1052
1116
1180
1180
1244
1308
1308
1180
1116
1052
924
812
748
716
620
556
524
524
492
428
372
244
148
64
0
-16
-56
-48
-32
0
72
132
180
244
324
396
460
524
524
556
556
588
620
652
748
812
844
924
988
988
988
988
988
924
924
812
716
588
460
372
276
196
96
-72
-212
-372
-492
-620
-716
-780
-876
-924
-1052
-1116
-1180
-1180
-1244
-1180
-1308
-1372
-1372
-1436
-1436
-1436
-1372
-1308
-1308
-1244
-1180
-1116
-1116
-1052
-988
-988
-924
-844
-780
-684
-620
-524
-396
-292
-212
-148
-64
-8
0
64
148
196
276
356
396
396
460
492
524
556
556
556
524
492
492
396
356
292
212
148
56
-24
-72
-72
-96
-120
-88
-104
-148
-132
-164
-228
-228
-228
-228
-180
-148
-132
-48
-8
48
132
228
308
396
428
524
620
716
780
876
924
988
1052
1116
1180
1116
1180
1180
1180
1180
1180
1180
1116
1052
1052
924
844
748
620
460
356
228
104
24
-64
-180
-228
-212
-244
-308
-324
-396
-492
-556
-652
-716
-780
-812
-844
-876
-924
-924
-876
-876
-876
-876
-924
-924
-924
-924
-924
-924
-924
-876
-844
-780
-684
-588
-492
-396
-276
-180
-88
0
80
132
164
244
308
396
460
524
556
524
524
492
460
460
492
460
428
428
428
340
260
196
120
56
0
-88
-148
-196
-292
-372
-428
-428
-460
-460
-428
-396
-372
-372
-372
-372
-396
-428
-396
-356
-308
-196
-104
16
132
212
292
396
460
524
588
652
684
716
684
684
684
684
716
716
716
748
748
716
652
588
524
396
308
196
132
48
24
0
-40
-32
-64
-88
-120
-164
-164
-196
-244
-276
-340
-356
-396
-428
-460
-524
-556
-556
-556
-556
-556
-556
-588
-588
-556
-524
-460
-396
-396
-356
-340
-292
-276
-260
-228
-212
-212
-180
-120
-80
-24
32
132
164
196
260
324
356
340
340
324
276
260
228
180
164
148
132
148
132
120
72
24
-48
-80
-120
-148
-164
-180
-180
-196
-212
-260
-276
-276
-260
-260
-260
-212
-148
-148
-64
0
40
104
180
276
308
324
356
396
396
460
524
588
620
684
716
780
812
812
812
780
716
652
588
492
396
308
260
212
148
120
120
112
80
40
0
-40
-96
-148
-212
-244
-260
-292
-308
-308
-324
-372
-396
-428
-460
-492
-524
-556
-556
-588
-588
-620
-620
-620
-620
-620
-588
-524
-492
-460
-428
-396
-428
-428
-428
-396
-396
-356
-292
-212
-148
-56
8
88
148
164
164
148
132
132
120
132
164
164
196
180
164
180
164
132
64
-8
-64
-120
-164
-164
-148
-164
-196
-196
-212
-212
-196
-212
-228
-260
-276
-260
-228
-196
-164
-104
-32
0
40
104
148
196
292
372
460
492
524
556
620
684
716
748
780
780
748
748
716
684
620
588
556
428
372
324
276
244
244
228
164
148
112
48
-16
-56
-112
-164
-180
-180
-180
-180
-164
-164
-180
-196
-212
-212
-228
-244
-228
-244
-212
-164
-132
-132
-104
-104
-104
-72
-24
0
24
24
24
40
40
72
88
132
180
212
260
276
276
276
292
276
276
292
276
260
212
212
212
228
212
180
132
24
-40
-132
-228
-308
-356
-428
-524
-588
-684
-684
-716
-780
-812
-844
-876
-844
-844
-844
-844
-844
-844
-844
-780
-716
-652
-588
-460
-356
-260
-180
-120
-56
-32
16
64
104
148
148
212
260
308
396
428
460
524
524
492
492
428
396
372
308
308
292
244
196
148
112
112
96
72
64
24
0
16
8
0
16
0
-8
-8
0
16
16
32
8
-48
-48
-32
-40
-56
-32
-24
-16
8
32
72
96
132
148
132
120
72
40
40
80
148
228
292
340
340
396
428
460
492
524
524
524
524
492
492
492
428
396
340
276
228
196
196
212
228
260
292
276
244
180
112
32
-32
-112
-180
-212
-244
-260
-276
-260
-228
-212
-196
-180
-180
-164
-148
-148
-164
-164
-148
-164
-180
-212
-228
-212
-212
-196
-180
-120
-112
-96
-80
-40
-40
-40
-40
-56
-48
-120
-180
-244
-308
-372
-428
-428
-460
-492
-524
-492
-460
-428
-396
-356
-324
-308
-292
-324
-324
-340
-372
-372
-372
-356
-292
-228
-180
-180
-164
-164
-132
-132
-132
-132
-132
-148
-148
-120
-80
-72
-8
8
16
56
80
104
148
164
196
212
212
244
276
308
340
396
428
492
524
524
556
524
524
492
460
492
428
396
372
340
324
324
292
292
276
244
228
148
96
32
0
-48
-104
-148
-164
-164
-164
-164
-196
-244
-260
-276
-276
-260
-276
-244
-196
-148
-80
0
80
112
132
196
228
228
276
276
292
324
340
428
492
556
588
556
524
524
460
396
308
212
132
96
56
24
8
-8
-8
-32
-56
-72
-120
-148
-196
-244
-244
-292
-308
-324
-356
-372
-340
-356
-396
-396
-428
-460
-428
-396
-396
-396
-396
-356
-340
-356
-356
-396
-396
-372
-340
-292
-228
-180
-164
-132
-96
-56
0
0
8
40
24
32
48
72
72
96
112
148
148
148
164
148
104
64
32
0
-24
-88
-148
-180
-196
-244
-292
-292
-292
-292
-276
-308
-308
-292
-260
-260
-260
-260
-244
-244
-228
-180
-148
-96
-56
24
132
164
244
324
372
428
492
556
620
652
652
684
684
748
748
748
780
748
748
748
684
588
524
492
396
340
308
260
212
132
96
48
40
40
24
-8
-24
-64
-120
-148
-196
-260
-308
-324
-396
-428
-428
-460
-460
-460
-460
-428
-396
-340
-324
-324
-340
-340
-324
-292
-260
-212
-196
-164
-132
-80
-32
16
32
48
112
132
180
212
212
212
196
180
212
196
212
212
196
164
148
104
80
32
16
0
-16
-48
-80
-112
-148
-132
-148
-180
-212
-260
-292
-340
-372
-396
-356
-340
-340
-308
-308
-292
-324
-308
-308
-308
-308
-292
-260
-196
-148
-56
-8
72
148
164
164
164
196
212
244
308
356
372
372
396
396
428
428
428
396
356
292
228
164
88
64
48
32
16
0
-16
-64
-96
-148
-164
-164
-180
-180
-212
-244
-244
-244
-244
-212
-260
-260
-244
-228
-196
-164
-104
-104
-64
-80
-40
-8
8
56
72
120
112
164
196
212
228
260
244
260
260
228
244
244
228
212
228
228
196
228
196
164
132
88
80
56
32
40
32
8
-24
-32
-48
-56
-88
-112
-112
-164
-180
-180
-196
-148
-164
-132
-104
-120
-112
-80
-88
-96
-96
-96
-80
-56
-32
-40
-16
0
32
80
104
180
260
308
340
356
372
372
372
372
340
308
308
260
244
260
244
196
132
80
48
-16
-72
-132
-212
-228
-276
-292
-292
-292
-276
-292
-276
-276
-260
-276
-308
-276
-276
-292
-276
-292
-292
-308
-356
-396
-428
-460
-428
-428
-396
-396
-428
-396
-396
-356
-308
-276
-212
-164
-132
-112
-104
-72
-72
-72
-64
-48
0
48
96
148
196
196
212
244
276
308
324
340
356
372
356
324
340
324
308
324
324
308
324
308
292
260
244
228
180
148
120
88
80
80
72
56
32
8
0
-40
-64
-64
-80
-88
-88
-72
-64
-64
-24
0
8
24
64
104
132
180
196
180
196
244
308
340
372
372
340
292
260
260
244
244
212
196
196
164
148
96
72
40
-8
-24
-16
-16
-8
-40
-96
-148
-180
-196
-196
-212
-212
-244
-324
-340
-396
-396
-428
-460
-460
-460
-428
-428
-396
-372
-372
-396
-356
-340
-324
-292
-260
-260
-276
-244
-228
-212
-164
-112
-112
-80
-56
8
48
80
120
132
120
120
148
148
148
112
112
112
104
80
112
148
132
148
132
112
120
132
88
88
48
24
16
-24
-64
-80
-80
-104
-104
-112
-112
-148
-180
-196
-180
-196
-180
-164
-132
-132
-112
-56
-32
16
72
120
148
180
244
308
340
372
372
396
428
492
460
428
428
396
428
428
428
460
428
396
356
324
276
244
180
132
112
72
64
48
0
-32
-64
-112
-164
-212
-244
-260
-292
-292
-292
-340
-372
-396
-428
-396
-372
-340
-324
-308
-276
-212
-244
-228
-212
-148
-132
-120
-104
-80
-56
-64
-16
32
56
64
88
120
132
180
212
244
260
308
324
308
292
276
212
196
164
148
132
132
120
80
96
88
72
32
0
-56
-120
-180
-228
-260
-308
-324
-340
-356
-324
-308
-308
-292
-308
-324
-340
-372
-428
-428
-396
-396
-356
-340
-276
-212
-148
-64
0
16
72
132
148
148
164
180
180
196
212
228
276
308
324
340
340
340
308
308
260
212
180
148
104
112
96
