SAMPLES:	9296
BITSPERSAMPLE:	16
CHANNELS:	1
SAMPLERATE:	16000
NORMALIZED:	FALSE
-16
-16
-16
-16
-16
-16
-16
-16
-16
-16
-8
0
0
0
0
0
0
0
0
0
0
0
0
0
0
8
8
8
0
0
0
8
8
8
0
0
0
8
8
8
16
16
16
16
24
24
24
24
24
24
16
24
24
24
24
24
24
24
24
24
24
24
24
24
24
24
16
16
16
16
16
16
24
24
24
16
16
16
16
8
8
16
16
8
8
8
8
8
8
8
8
8
0
0
0
0
0
0
0
0
0
0
0
-8
-8
-8
-8
-8
-8
-8
-8
-8
-8
-8
-16
-16
-16
-16
-16
-16
-16
-16
-16
-16
-16
-16
-16
-16
-24
-24
-24
-24
-24
-24
-16
-16
-16
-16
-24
-24
-24
-24
-16
-16
-16
-16
-16
-16
-16
-16
-16
-16
-16
-16
-16
-16
-16
-16
-8
-8
-8
-8
-8
-8
-8
0
0
0
0
0
0
0
0
0
8
8
8
8
8
8
8
8
8
8
8
8
8
8
8
8
8
8
8
8
8
8
8
8
8
8
8
8
8
8
8
0
0
0
0
0
0
8
8
8
8
8
8
8
8
8
8
0
0
8
0
8
8
8
8
8
8
8
16
8
8
8
8
8
8
8
8
8
8
16
8
8
8
8
0
0
8
8
0
0
0
0
0
0
0
0
0
0
0
0
0
-8
-8
-8
0
-8
0
0
0
0
0
0
0
0
0
0
-8
-8
-16
-8
-8
-8
-8
-8
-8
-16
-16
-16
-8
-8
-8
0
-8
0
-8
-8
-8
-8
-8
-8
-16
-8
-8
-8
-8
-8
0
0
0
0
0
0
0
0
-8
-8
-8
-8
-8
-8
-16
-8
-8
0
-8
0
-8
-8
0
0
0
0
0
0
0
0
0
0
0
0
0
0
0
0
0
0
0
0
0
0
8
0
0
0
0
8
8
8
8
8
8
8
16
16
16
16
16
16
16
16
16
16
16
16
24
24
24
24
24
16
16
16
16
16
16
16
16
16
16
16
16
16
8
8
8
8
8
8
8
0
0
0
0
0
0
0
0
-8
-8
-8
-16
-8
-16
-16
-16
-16
-16
-16
-16
-24
-16
-24
-24
-16
-16
-16
-16
-24
-24
-24
-24
-24
-24
-24
-16
-16
-16
-16
-8
-8
-8
-8
-16
-8
0
-8
-8
-8
-8
0
0
0
0
0
0
0
0
0
0
0
0
0
0
0
0
0
0
0
0
0
0
0
0
0
0
0
0
0
0
0
0
8
8
0
8
8
8
8
8
8
0
0
0
0
0
0
0
0
0
0
0
8
0
0
0
0
0
0
0
0
0
0
0
0
0
0
8
8
0
0
0
0
0
0
0
0
8
8
0
0
0
0
0
0
0
0
0
0
0
0
0
0
0
0
8
8
0
0
8
8
0
0
0
0
0
0
0
0
0
0
0
0
0
0
0
0
0
0
0
0
0
0
0
0
0
0
0
0
0
0
0
0
-8
-8
-8
0
0
0
0
0
0
0
0
0
0
0
0
0
0
0
0
0
-8
-8
-8
-8
0
0
-8
-8
-8
0
0
0
-8
-8
-8
-8
-8
-8
-8
-8
-16
-16
-8
-8
-8
-8
-8
-8
-8
0
-8
-8
-8
-8
-8
-8
0
0
0
0
0
0
8
8
0
0
0
0
0
8
8
8
16
8
8
16
16
16
16
16
16
16
16
16
16
16
16
16
16
8
8
8
16
16
16
16
16
16
8
8
8
8
8
8
0
0
0
0
0
0
0
0
0
0
0
0
0
-8
0
0
0
-8
-8
-8
-8
-8
-16
-16
-8
-8
-16
-8
-16
-16
-16
-8
-8
-8
-8
-16
-8
-16
-16
-16
-16
-16
-16
-8
-8
-8
-8
0
-8
-8
-8
-8
-8
-8
-8
0
0
0
0
0
0
0
0
0
0
0
0
0
0
0
0
8
8
8
8
8
8
8
8
8
8
8
8
8
8
8
8
8
8
8
8
8
8
8
8
8
8
8
8
8
0
8
0
0
0
0
0
0
0
0
0
0
0
0
0
0
0
-8
-8
-8
0
0
0
0
0
0
0
-8
0
0
0
0
0
0
0
0
0
0
0
0
0
0
0
-8
-8
0
0
0
0
0
0
0
0
0
0
0
0
0
0
0
0
8
8
8
16
16
24
24
24
16
16
24
24
24
24
24
32
32
32
32
32
32
24
24
32
32
32
24
24
32
24
24
24
16
16
8
8
8
0
0
0
0
-8
-8
-16
-16
-16
-16
-16
-16
-24
-32
-32
-32
-40
-48
-48
-48
-48
-48
-56
-56
-56
-48
-48
-48
-48
-56
-56
-56
-56
-56
-56
-48
-40
-40
-32
-32
-32
-32
-32
-32
-32
-32
-24
-16
-16
-16
-8
-16
-8
-8
-8
-8
-8
0
0
0
0
0
8
8
8
16
16
24
24
24
32
32
32
32
40
40
40
48
48
48
56
56
64
64
64
64
72
72
72
72
72
80
72
72
72
72
72
72
64
64
64
64
56
56
56
56
48
40
32
32
24
24
16
0
0
0
-8
-16
-16
-24
-32
-32
-40
-48
-56
-56
-64
-72
-80
-96
-104
-112
-120
-132
-132
-132
-132
-148
-148
-148
-148
-148
-148
-148
-148
-148
-132
-132
-132
-120
-112
-104
-96
-88
-72
-64
-48
-32
-16
0
8
24
48
64
80
88
104
120
132
148
164
164
180
180
196
196
196
196
212
212
212
212
212
196
196
180
180
180
164
148
132
132
120
112
104
96
80
72
56
40
32
32
24
16
8
0
0
-16
-24
-32
-40
-40
-48
-56
-64
-80
-88
-96
-104
-112
-120
-132
-148
-148
-164
-164
-180
-180
-196
-196
-212
-228
-228
-244
-260
-276
-276
-292
-292
-308
-308
-308
-308
-308
-308
-292
-276
-276
-276
-260
-244
-228
-212
-196
-164
-132
-112
-96
-56
-24
0
16
40
80
96
132
164
196
228
260
292
308
340
356
396
396
428
460
492
492
492
492
524
524
524
524
524
524
492
492
460
460
428
428
396
396
372
340
308
276
260
244
228
212
180
164
132
112
104
96
80
56
40
16
-8
-24
-32
-40
-48
-72
-96
-132
-164
-180
-212
-244
-276
-308
-340
-396
-428
-460
-492
-524
-556
-588
-620
-652
-684
-748
-748
-780
-812
-812
-844
-844
-844
-844
-844
-812
-780
-780
-748
-684
-652
-620
-588
-556
-492
-428
-372
-308
-260
-196
-132
-80
-24
24
80
132
180
228
292
356
396
460
492
556
556
588
620
684
684
716
716
716
716
716
716
716
716
716
716
684
684
684
652
620
588
556
524
492
460
460
460
460
428
428
428
428
428
428
428
428
460
460
492
492
492
492
492
524
492
492
460
428
396
396
356
324
276
212
148
96
32
-32
-132
-228
-308
-396
-460
-556
-652
-748
-876
-988
-1052
-1180
-1244
-1372
-1500
-1564
-1628
-1692
-1692
-1756
-1756
-1756
-1692
-1628
-1628
-1564
-1500
-1436
-1308
-1244
-1116
-988
-924
-812
-684
-524
-396
-244
-120
0
120
212
340
492
588
716
812
924
988
1116
1116
1180
1244
1244
1308
1308
1308
1372
1372
1372
1372
1308
1308
1244
1180
1116
1052
988
924
924
844
780
716
684
652
620
620
588
556
492
492
492
492
492
524
524
556
588
620
652
684
716
748
748
716
684
652
620
588
556
460
396
324
212
120
8
-120
-292
-460
-620
-780
-924
-1116
-1244
-1436
-1628
-1820
-1980
-2108
-2236
-2492
-2620
-2748
-2748
-2876
-2876
-2876
-2876
-2876
-2748
-2748
-2620
-2492
-2364
-2236
-2108
-1980
-1756
-1500
-1308
-1052
-812
-588
-340
-104
104
356
588
780
988
1180
1372
1564
1692
1820
1980
2108
2108
2236
2236
2364
2364
2364
2364
2364
2364
2236
2236
2108
2108
1980
1820
1692
1564
1436
1308
1180
1052
924
812
748
652
588
524
460
428
340
308
308
292
324
356
428
460
524
588
652
716
780
812
876
924
988
988
988
988
924
924
876
812
652
556
396
260
112
-48
-244
-428
-620
-812
-988
-1180
-1372
-1564
-1756
-1980
-2236
-2364
-2620
-2748
-3004
-3132
-3132
-3260
-3260
-3260
-3260
-3260
-3260
-3132
-3004
-2876
-2748
-2620
-2364
-2108
-1980
-1692
-1436
-1180
-924
-684
-428
-196
40
276
524
748
988
1180
1372
1564
1756
1884
1980
2108
2108
2236
2236
2236
2236
2108
2108
2108
1980
1884
1820
1692
1564
1436
1308
1180
1052
924
812
716
620
524
396
308
212
148
112
112
96
132
180
228
324
396
492
556
684
780
876
1052
1180
1244
1372
1436
1500
1564
1628
1628
1628
1564
1500
1372
1308
1180
1052
988
812
620
396
164
-64
-324
-556
-812
-1052
-1308
-1564
-1820
-1980
-2364
-2492
-2748
-2876
-3004
-3132
-3260
-3388
-3388
-3388
-3260
-3260
-3132
-3132
-3004
-2876
-2620
-2492
-2236
-2108
-1820
-1564
-1308
-988
-716
-428
-164
132
396
652
924
1180
1308
1564
1692
1884
1980
2108
2108
2236
2236
2236
2364
2236
2236
2236
2108
1980
1980
1820
1628
1500
1372
1244
1052
924
748
588
460
340
244
164
64
-32
-88
-96
-104
-96
-32
-16
32
132
260
340
428
556
684
812
988
1116
1308
1372
1436
1500
1628
1628
1692
1692
1692
1628
1564
1500
1372
1244
1052
924
716
524
276
0
-260
-556
-844
-1116
-1308
-1628
-1884
-2108
-2364
-2620
-2876
-3004
-3260
-3388
-3516
-3644
-3644
-3772
-3772
-3644
-3516
-3388
-3260
-3132
-3004
-2748
-2620
-2364
-2108
-1820
-1500
-1116
-844
-556
-260
0
260
492
748
988
1244
1500
1692
1980
2108
2236
2364
2364
2492
2492
2620
2620
2492
2492
2364
2364
2236
2108
1980
1884
1756
1564
1436
1308
1116
988
844
716
524
372
228
88
-16
-64
-88
-56
-40
-16
24
112
212
260
396
524
620
716
844
988
1116
1308
1436
1564
1692
1756
1756
1756
1756
1692
1628
1564
1500
1436
1308
1180
988
748
492
228
-64
-340
-620
-876
-1180
-1436
-1692
-1980
-2236
-2492
-2748
-3004
-3132
-3388
-3516
-3644
-3772
-3772
-3900
-3900
-3772
-3772
-3644
-3516
-3388
-3260
-3132
-2876
-2620
-2364
-2108
-1820
-1500
-1180
-844
-524
-212
88
372
652
924
1244
1500
1756
1980
2108
2364
2492
2620
2620
2748
2748
2748
2748
2748
2620
2620
2492
2492
2364
2236
1980
1884
1692
1500
1308
1116
988
812
652
524
428
340
260
180
80
0
-48
-80
-64
-24
40
132
228
324
396
524
652
780
924
1116
1244
1372
1500
1628
1692
1756
1756
1820
1820
1756
1756
1692
1564
1436
1244
1052
876
652
428
180
-104
-396
-684
-988
-1244
-1500
-1820
-2108
-2364
-2620
-2876
-3132
-3260
-3516
-3644
-3772
-3900
-3900
-4092
-4092
-3900
-3900
-3772
-3772
-3644
-3388
-3132
-3004
-2620
-2364
-2108
-1820
-1500
-1180
-924
-588
-292
0
292
588
924
1180
1500
1756
1980
2108
2364
2492
2620
2748
2748
2748
2876
2748
2748
2748
2620
2492
2364
2236
2108
1884
1756
1628
1436
1308
1116
988
876
716
588
492
340
196
104
24
-40
-112
-164
-164
-148
-96
-32
40
132
180
276
428
524
652
780
876
1116
1244
1372
1500
1628
1628
1692
1756
1756
1756
1692
1628
1500
1436
1308
1180
1052
780
588
372
120
-96
-308
-588
-844
-1116
-1372
-1628
-1980
-2108
-2492
-2748
-3004
-3132
-3260
-3516
-3644
-3644
-3644
-3772
-3772
-3772
-3644
-3644
-3516
-3260
-3132
-2876
-2620
-2492
-2236
-1980
-1820
-1564
-1244
-924
-652
-324
-40
228
524
812
1052
1308
1564
1756
1980
2108
2236
2364
2364
2492
2492
2620
2620
2620
2620
2492
2492
2364
2364
2236
2108
1980
1820
1692
1500
1436
1244
1180
1052
876
716
588
460
396
340
276
228
132
56
72
64
80
120
132
180
180
228
292
356
460
524
588
716
748
812
924
1052
1180
1244
1244
1308
1308
1308
1308
1180
1052
988
924
780
652
460
260
48
-120
-340
-556
-812
-1052
-1372
-1564
-1820
-1980
-2236
-2492
-2620
-2748
-3004
-3132
-3260
-3388
-3516
-3516
-3516
-3644
-3644
-3516
-3388
-3260
-3132
-2876
-2876
-2748
-2492
-2236
-1980
-1692
-1436
-1180
-924
-684
-396
-96
212
492
748
1052
1308
1436
1628
1820
1980
2108
2364
2492
2620
2748
2748
2748
2748
2748
2748
2748
2620
2620
2492
2492
2364
2236
2108
1980
1756
1628
1500
1308
1116
1052
988
876
748
588
428
324
260
164
132
64
8
-48
-112
-120
-148
-132
-132
-132
-148
-104
-72
-56
0
40
80
104
228
308
372
428
460
460
524
556
588
588
588
588
588
524
460
428
324
244
132
0
-164
-324
-492
-588
-716
-924
-1116
-1308
-1500
-1628
-1756
-1980
-1980
-2236
-2236
-2364
-2364
-2492
-2620
-2620
-2748
-2748
-2620
-2620
-2620
-1980
-780
-620
-1628
-2236
-2108
-2364
-3004
-2876
-2236
-1372
-1180
-1756
-2108
-1980
-1820
-1628
-988
-132
428
372
292
652
1308
1372
1116
1436
1692
1692
1980
2364
2748
2876
3132
3388
3260
3260
3132
3132
3260
3260
3388
3388
3004
2620
2492
2492
2236
1756
1628
1628
1564
1244
1308
1436
1244
780
620
652
260
-180
-196
-164
-308
-324
-244
-164
-212
-212
-24
292
588
652
556
620
556
524
492
396
396
428
372
244
132
0
-260
-492
-652
-812
-1052
-1308
-1564
-1692
-1980
-2236
-2492
-2620
-2748
-3004
-3004
-3004
-3132
-3260
-3260
-3132
-3004
-3004
-2876
-2748
-2748
-2748
-2492
-2364
-2108
-2108
-1820
-1500
-1308
-1180
-1052
-812
-652
-524
-228
40
228
524
684
748
844
988
1116
1116
1180
1244
1244
1116
988
1180
1308
1180
1116
1308
1500
1436
1692
2108
1980
1692
1436
1436
1436
1500
1500
1564
2108
2108
1628
1372
1244
988
844
988
1180
1372
1372
1180
1180
1372
1116
924
988
924
924
1116
1116
1052
924
812
748
812
1116
1436
1692
1980
2108
2364
2364
2364
2364
2236
1980
1820
1820
1820
1628
1500
1308
1116
748
228
-132
-524
-988
-1436
-1820
-2236
-2620
-3004
-3516
-3772
-4092
-4348
-4604
-4604
-4860
-4860
-4860
-4860
-4860
-4604
-4604
-4348
-4092
-3900
-3516
-3132
-2748
-2364
-2108
-1692
-1244
-924
-716
-428
24
324
524
812
1116
1308
1436
1564
1564
1628
1692
1628
1628
1564
1564
1500
1308
1244
1180
1052
924
844
876
844
748
716
716
748
652
652
748
780
812
876
1052
1116
1116
1308
1372
1308
1244
1116
1116
1180
1308
1308
1372
1436
1436
1308
1180
1116
1180
1244
1308
1500
1692
1756
1628
1564
1628
1756
1820
1884
2108
2364
2492
2876
3132
3516
3644
3644
3644
3388
3132
2748
2492
2236
1884
1628
1436
1116
652
88
-428
-1052
-1756
-2364
-2876
-3388
-3900
-4348
-4604
-4860
-5116
-5372
-5628
-5884
-5884
-5884
-5884
-5884
-5628
-5372
-5116
-4604
-4092
-3516
-3004
-2364
-1884
-1500
-1244
-1116
-780
-460
-80
396
924
1372
1756
1980
2236
2236
2108
1884
1692
1436
1244
1116
988
924
924
844
716
556
396
212
64
-64
-132
-132
-72
-16
180
396
652
876
988
1116
1116
1116
1180
1308
1500
1628
1756
1884
1884
1884
1820
1692
1692
1692
1564
1436
1372
1372
1308
1180
1244
1308
1372
1308
1372
1372
1308
1308
1180
1308
1436
1372
1500
1820
2108
2620
3132
3516
4092
4348
4348
3900
3516
3004
2492
2236
1884
1692
1436
1052
684
164
-460
-1116
-1756
-2492
-3132
-3900
-4348
-4860
-5116
-5372
-5628
-5884
-5884
-5884
-5884
-6140
-5884
-5884
-5628
-5116
-4604
-4092
-3260
-2620
-2108
-1564
-988
-460
-228
-112
8
308
620
988
1372
1820
2236
2364
2364
2364
2108
1884
1308
748
308
-16
-324
-620
-620
-556
-492
-428
-460
-524
-556
-716
-748
-684
-556
-308
-16
372
812
1372
1628
1820
1980
1980
2108
2108
2108
2236
2236
2236
2236
2364
2236
2108
1980
1692
1500
1308
1116
1052
988
924
876
844
924
1052
1180
1244
1244
1308
1372
1500
1692
1692
1980
2236
2492
3004
3644
4348
5116
5372
5116
4604
4092
3388
2876
2492
1980
1692
1372
924
396
-164
-844
-1628
-2492
-3260
-4092
-4860
-5628
-6140
-6140
-6652
-6652
-6652
-6652
-6652
-6396
-6396
-6140
-6140
-5628
-5116
-4604
-3772
-3132
-2236
-1500
-652
148
652
1180
1436
1436
1436
1500
1756
1980
2236
2492
2876
3004
2876
2620
2108
1628
924
196
-372
-652
-988
-1180
-1180
-1052
-844
-748
-748
-812
-812
-924
-988
-844
-620
-356
-32
396
924
1372
1692
1820
1884
1820
1756
1500
1308
1116
924
844
684
748
716
684
524
428
428
340
276
196
212
132
228
356
620
988
1308
1692
1884
2108
2364
2492
2620
2620
2876
3388
3772
4348
5116
5884
6396
6652
6140
5372
4860
4092
3388
2620
2108
1564
1052
356
-212
-652
-1244
-1980
-2876
-3772
-4604
-5372
-6140
-6652
-6908
-7164
-7420
-7164
-6908
-6652
-6396
-6140
-5884
-5372
-5116
-4604
-3772
-3132
-2492
-1820
-1116
-120
556
1180
1500
1884
2236
2108
2108
1884
1980
2236
2364
2620
2748
2748
2364
1820
1436
924
196
-396
-988
-1052
-1244
-1308
-1116
-924
-524
-428
-212
-64
16
32
-164
-132
72
372
684
844
1180
1500
1628
1628
1564
1436
1180
748
428
120
-16
-340
-620
-684
-748
-588
-588
-524
-428
-396
-292
-372
-132
48
244
492
844
1500
1980
2492
2748
3004
3388
3644
3644
4092
4348
4604
5116
5628
6396
6652
6908
6140
5628
4860
4092
3388
2492
1756
1052
324
-396
-1052
-1564
-2108
-2876
-3516
-4348
-5116
-5628
-6396
-6908
-7164
-7420
-7420
-7420
-7164
-6652
-6140
-5884
-5372
-4860
-4348
-3900
-3260
-2748
-2108
-1500
-988
-80
492
1052
1436
1756
2108
2108
2108
1884
1980
2108
1980
1980
1980
1980
1756
1436
1180
924
428
-164
-684
-716
-876
-1052
-1052
-924
-428
-180
88
428
620
844
716
780
876
988
988
716
780
924
1052
1116
988
876
716
292
-88
-356
-524
-812
-1180
-1500
-1564
-1436
-1372
-1308
-924
-588
-196
56
212
492
748
1052
1436
1884
2492
3004
3260
3516
3900
4348
4348
4348
4604
4860
5116
5372
5884
6396
6652
6396
5628
5116
4604
3772
2748
1756
1052
324
-460
-1180
-1692
-2108
-2620
-3260
-3772
-4348
-4860
-5628
-6140
-6396
-6652
-6908
-7164
-6908
-6652
-6140
-5884
-5372
-4860
-4092
-3772
-3388
-2876
-2108
-1692
-1308
-924
-308
356
812
1180
1308
1628
1564
1500
1500
1372
1436
1180
1052
988
1052
924
684
492
196
-72
-428
-748
-1052
-1052
-1116
-1052
-876
-620
-228
-64
148
372
620
652
620
652
652
652
556
556
556
588
524
396
324
164
32
-96
-324
-524
-652
-876
-988
-924
-924
-748
-588
-356
-56
428
812
1116
1564
1884
2236
2620
3132
3516
3900
4092
4348
4604
4604
4604
4860
4860
4860
5116
5116
5628
5884
5884
5628
4860
4348
3772
3004
1980
876
228
-460
-1116
-1820
-2364
-2748
-3132
-3516
-3900
-4348
-4860
-5372
-5884
-6140
-6396
-6396
-6652
-6652
-6140
-5884
-5372
-4860
-4348
-3644
-3132
-2748
-2236
-1756
-1372
-1180
-844
-396
228
748
988
1372
1564
1692
1756
1756
1628
1500
1308
1116
924
924
748
588
396
164
132
-88
-260
-556
-812
-876
-876
-748
-684
-460
-260
-148
96
356
524
556
428
324
276
212
64
-88
-180
-308
-372
-396
-460
-428
-524
-556
-652
-748
-780
-876
-924
-924
-652
-396
-88
356
780
1244
1564
1884
2364
2748
3132
3516
3900
4348
4348
4604
4604
4860
4860
4860
4604
4860
4604
4604
4604
4604
4860
4860
4604
4092
3644
3004
2236
1244
276
-340
-1052
-1628
-2108
-2620
-3004
-3132
-3516
-3772
-4092
-4348
-4860
-5116
-5372
-5628
-5884
-6140
-6140
-5884
-5628
-5116
-4604
-3900
-3388
-3004
-2620
-2236
-1820
-1500
-1436
-1052
-588
-148
244
428
684
988
1244
1308
1308
1244
1180
988
780
684
652
556
276
196
180
132
-48
-292
-396
-308
-356
-492
-556
-524
-428
-308
-164
88
324
372
308
260
260
260
112
-88
-104
-96
-196
-292
-340
-260
-180
-180
-80
48
164
196
180
308
460
684
780
1052
1436
1820
2236
2492
3004
3388
3644
4092
4348
4604
4604
4860
4860
4604
4604
4348
4092
3644
3644
3388
3260
3132
2876
2876
3004
3004
2876
2492
1980
1308
748
48
-652
-1180
-1756
-2108
-2620
-3004
-3260
-3516
-3644
-3772
-4092
-4348
-4604
-4860
-5116
-5372
-5628
-5628
-5884
-5628
-5372
-5116
-4604
-4092
-3900
-3388
-3004
-2620
-2108
-1820
-1436
-1116
-492
-96
180
396
652
988
1116
1180
1180
1372
1436
1308
1180
1180
1244
1116
924
924
924
684
356
96
56
0
-228
-428
-492
-372
-340
-260
-132
16
72
-24
-64
-56
0
-72
-260
-372
-324
-260
-244
-228
-112
-32
0
24
180
428
620
748
924
1244
1500
1692
1756
1980
2108
2364
2492
2748
3132
3388
3644
3772
4092
4348
4348
4348
4092
4092
3772
3516
3132
2876
2492
2236
2108
1980
1884
1628
1692
1628
1884
1820
1564
1180
748
460
-132
-716
-1180
-1564
-1820
-2236
-2620
-2748
-3004
-3132
-3260
-3516
-3772
-4092
-4348
-4348
-4604
-4604
-4860
-5116
-5116
-4860
-4604
-4604
-4348
-4092
-3516
-3004
-2620
-1980
-1564
-1052
-684
-244
80
340
524
524
620
812
988
1180
1308
1308
1372
1372
1436
1436
1308
1180
924
748
396
196
-40
-340
-428
-556
-524
-556
-524
-460
-524
-492
-492
-492
-428
-428
-340
-260
-132
24
72
148
148
228
372
460
652
812
1052
1244
1372
1628
1756
1884
1980
1980
2108
2108
2108
2108
2236
2364
2492
2620
2876
3004
3132
3132
3260
3132
3004
2748
2364
2108
1756
1500
1244
1052
988
844
924
876
844
876
924
988
1244
1244
1180
988
652
460
8
-292
-652
-924
-1180
-1692
-1980
-2236
-2492
-2620
-2748
-3004
-3132
-3388
-3516
-3644
-3900
-4092
-4348
-4604
-4860
-4604
-4604
-4348
-3900
-3644
-3132
-2620
-2108
-1500
-988
-588
-372
-80
148
308
428
492
588
812
924
1052
1180
1180
1244
1180
1180
1180
1116
924
684
428
228
64
-64
-276
-428
-524
-588
-620
-652
-620
-556
-492
-396
-148
48
212
292
428
556
652
748
780
924
1052
1116
1244
1500
1692
1820
1884
1980
1980
1980
1980
1980
1980
1820
1756
1756
1692
1692
1756
1820
1884
1980
1980
1980
1980
1884
1756
1692
1436
1308
1052
876
684
524
556
620
652
716
684
684
748
812
1116
1308
1308
1244
988
876
556
228
-196
-524
-812
-1244
-1500
-1820
-1980
-2108
-2364
-2620
-2876
-3132
-3260
-3516
-3772
-3900
-4092
-4092
-4348
-4092
-4092
-3772
-3388
-3132
-2748
-2364
-1980
-1500
-1116
-812
-556
-308
-16
196
396
428
524
684
684
684
684
684
620
524
524
556
588
492
292
164
-24
-212
-396
-556
-780
-924
-924
-924
-780
-588
-428
-212
0
228
588
748
924
924
1116
1244
1308
1436
1500
1628
1692
1692
1820
1980
2108
2108
1980
1980
1980
1884
1820
1692
1692
1564
1500
1436
1436
1372
1372
1372
1372
1436
1372
1308
1308
1244
1308
1372
1372
1372
1308
1116
1052
1052
988
1052
988
988
1052
1116
1244
1372
1564
1564
1372
1116
876
524
212
-164
-460
-684
-988
-1372
-1756
-1980
-2236
-2492
-2620
-2876
-3132
-3388
-3516
-3644
-3772
-3772
-3900
-3900
-3772
-3644
-3388
-3260
-3004
-2748
-2492
-2108
-1756
-1436
-1180
-924
-716
-524
-356
-260
-292
-292
-212
-180
-164
-120
-80
-80
-96
-80
-8
-8
-120
-292
-460
-556
-684
-780
-924
-924
-876
-844
-684
-460
-164
-8
180
428
684
876
1052
1244
1372
1500
1628
1692
1820
1884
1884
1884
1980
1980
1980
1884
1820
1820
1820
1884
1820
1820
1756
1692
1628
1500
1436
1372
1308
1308
1372
1436
1500
1564
1628
1692
1692
1756
1820
1756
1628
1564
1436
1308
1244
1180
1180
1180
1180
1180
1180
1180
1244
1308
1244
1180
924
716
428
212
-132
-524
-812
-1116
-1372
-1628
-1884
-1980
-2236
-2492
-2748
-2876
-2876
-3004
-3132
-3132
-3132
-3132
-3260
-3260
-3132
-3132
-3004
-2876
-2620
-2492
-2108
-1756
-1500
-1244
-1116
-988
-876
-844
-748
-652
-684
-652
-556
-524
-428
-324
-308
-292
-276
-244
-244
-292
-340
-460
-556
-588
-556
-588
-620
-556
-492
-356
-212
-16
148
324
460
588
748
924
1052
1116
1116
1244
1244
1244
1308
1244
1244
1244
1308
1372
1436
1500
1564
1564
1628
1692
1628
1500
1436
1308
1180
1116
1052
1116
1244
1308
1564
1756
1980
2108
2108
2108
1980
1884
1756
1564
1500
1372
1372
1372
1436
1500
1564
1500
1500
1564
1564
1500
1436
1244
1052
812
556
308
40
-276
-588
-876
-1180
-1500
-1756
-2108
-2236
-2364
-2492
-2620
-2748
-2748
-2876
-2876
-3004
-3004
-3132
-3260
-3388
-3260
-3260
-3132
-3004
-2748
-2364
-1980
-1692
-1436
-1180
-1052
-924
-780
-684
-652
-492
-396
-260
-120
-80
8
80
104
164
196
212
164
112
56
0
-40
-88
-96
-148
-148
-164
-180
-196
-212
-148
-40
16
132
260
396
460
524
588
556
556
524
556
524
524
556
652
812
988
1116
1308
1436
1436
1436
1308
1244
1180
1116
1180
1244
1308
1500
1692
1820
1980
2108
2108
2236
2108
2108
2108
1980
1884
1820
1692
1692
1628
1628
1564
1564
1500
1436
1436
1372
1372
1244
1244
1244
1116
924
748
588
308
16
-324
-588
-876
-1244
-1500
-1692
-1884
-1980
-2108
-2108
-2236
-2236
-2492
-2620
-2748
-2876
-3004
-3132
-3132
-3132
-3004
-2876
-2748
-2620
-2364
-2108
-1980
-1756
-1500
-1308
-1116
-924
-716
-556
-428
-292
-196
-132
-80
-72
-32
0
-24
-64
-56
-40
-24
-64
-40
-40
-148
-180
-228
-308
-396
-428
-396
-396
-356
-260
-148
-56
32
164
260
372
372
340
324
308
396
460
588
748
876
988
1116
1244
1308
1308
1308
1308
1308
1308
1308
1372
1372
1436
1564
1564
1628
1628
1564
1564
1500
1436
1436
1436
1436
1436
1436
1436
1372
1308
1308
1308
1308
1244
1244
1180
1116
1052
1052
1116
1116
1116
1116
988
844
684
524
276
-24
-292
-556
-748
-924
-1116
-1308
-1500
-1628
-1756
-1980
-1980
-2108
-2236
-2364
-2364
-2364
-2492
-2492
-2620
-2620
-2492
-2492
-2364
-2364
-2236
-2108
-1884
-1628
-1372
-1180
-924
-652
-492
-356
-276
-260
-260
-260
-260
-260
-260
-260
-212
-180
-96
-40
32
56
0
8
-48
-112
-228
-308
-372
-428
-356
-324
-244
-120
-32
104
276
356
460
524
556
620
684
780
924
988
1052
1116
1244
1244
1308
1308
1372
1372
1500
1564
1628
1628
1628
1564
1564
1564
1500
1436
1372
1308
1244
1180
1116
1116
988
924
924
988
988
1052
1052
1116
1052
1052
1052
1116
1052
988
924
844
812
780
748
748
684
588
524
428
292
164
0
-180
-492
-780
-988
-1244
-1436
-1692
-1884
-2108
-2236
-2236
-2364
-2364
-2364
-2364
-2364
-2492
-2492
-2492
-2492
-2492
-2492
-2364
-2364
-2236
-1980
-1884
-1628
-1308
-1116
-876
-652
-492
-460
-396
-372
-356
-356
-372
-356
-356
-276
-180
-132
-80
0
56
8
24
64
72
40
24
32
0
32
88
112
164
196
276
356
460
556
748
924
1052
1180
1244
1308
1308
1244
1244
1244
1180
1180
1244
1244
1308
1372
1436
1436
1500
1628
1628
1564
1500
1436
1308
1180
1052
924
812
748
716
748
812
812
844
988
1052
1116
1180
1180
1180
1116
1052
988
924
812
716
716
652
588
620
556
524
524
428
396
244
16
-164
-428
-684
-924
-1180
-1500
-1756
-1980
-2108
-2236
-2236
-2236
-2108
-2108
-2236
-2236
-2236
-2236
-2364
-2364
-2364
-2492
-2364
-2364
-2108
-1980
-1756
-1564
-1372
-1116
-924
-748
-620
-556
-492
-492
-524
-524
-524
-492
-428
-396
-308
-212
-80
56
180
276
340
396
428
460
428
372
292
228
228
276
372
492
556
652
780
988
1116
1180
1308
1244
1180
1052
1052
988
924
844
812
812
924
988
1116
1180
1244
1244
1244
1180
1116
988
924
844
780
780
780
780
812
812
812
844
924
924
988
988
1052
1052
988
988
924
876
812
748
684
588
460
356
228
180
132
112
120
88
24
-88
-196
-396
-588
-812
-988
-1116
-1308
-1436
-1564
-1628
-1628
-1564
-1500
-1436
-1372
-1372
-1372
-1436
-1500
-1628
-1692
-1692
-1756
-1692
-1628
-1500
-1500
-1372
-1244
-1116
-988
-924
-844
-748
-684
-588
-524
-492
-492
-428
-396
-396
-324
-244
-164
-48
104
228
308
396
524
556
556
556
524
524
492
492
524
588
652
748
812
876
924
924
924
876
812
716
620
524
460
460
460
524
588
620
684
780
812
812
780
748
716
748
780
780
812
812
876
924
988
1052
1052
988
876
780
748
716
684
684
652
588
524
460
428
340
228
120
40
-88
-180
-228
-356
-492
-556
-556
-588
-588
-652
-716
-780
-876
-924
-988
-988
-1052
-1052
-1052
-988
-988
-988
-1052
-988
-924
-924
-988
-924
-988
-988
-988
-924
-924
-876
-844
-876
-844
-844
-812
-748
-684
-652
-620
-652
-620
-556
-492
-396
-324
-260
-196
-132
-40
96
212
356
460
524
588
620
652
588
556
492
460
428
428
428
460
524
556
588
620
620
556
492
356
260
180
96
40
-8
0
48
132
228
292
428
524
588
652
684
716
684
716
812
876
924
988
988
988
1052
1052
1116
1116
1116
1052
988
924
844
748
652
556
428
308
276
164
120
56
-64
-164
-276
-356
-428
-492
-556
-620
-620
-652
-684
-684
-716
-748
-780
-780
-748
-716
-684
-684
-620
-556
-556
-556
-524
-524
-588
-652
-620
-620
-620
-620
-620
-556
-556
-556
-556
-556
-556
-588
-652
-620
-620
-620
-588
-556
-492
-396
-356
-324
-276
-228
-180
-112
-8
64
132
228
324
356
356
308
244
196
212
196
148
132
148
120
132
132
164
148
88
32
-56
-88
-164
-260
-292
-324
-324
-324
-260
-164
-132
-56
56
148
244
356
460
524
588
652
748
844
924
924
988
988
1052
1052
1052
1116
1116
1052
1052
988
924
812
684
588
492
396
244
104
-32
-148
-244
-276
-308
-396
-396
-396
-428
-396
-396
-428
-460
-460
-492
-492
-524
-524
-524
-556
-524
-460
-396
-308
-244
-180
-180
-148
-104
-132
-164
-164
-212
-228
-228
-276
-292
-324
-308
-260
-180
-132
-64
-48
-96
-104
-148
-120
-132
-164
-148
-148
-148
-112
-64
8
48
64
120
180
212
212
196
180
132
88
64
48
-16
-72
-112
-148
-180
-180
-132
-112
-112
-112
-96
-112
-164
-180
-212
-244
-228
-276
-276
-228
-212
-148
-80
-8
64
120
148
212
276
308
396
428
492
556
588
652
652
684
620
588
556
492
428
340
292
196
148
120
104
24
-96
-148
-260
-340
-396
-492
-524
-524
-524
-492
-492
-396
-340
-308
-196
-120
-96
-64
-56
-64
-56
0
64
164
260
340
372
396
428
460
460
396
356
292
244
180
164
164
164
148
120
88
48
24
16
0
-24
-56
-96
-148
-196
-260
-292
-324
-356
-340
-324
-276
-228
-196
-148
-96
-88
-96
-88
-88
-88
-48
-16
-32
-72
-104
-72
-48
-48
-16
-32
-72
-120
-132
-132
-148
-148
-148
-132
-164
-180
-164
-164
-164
-96
-48
-16
8
0
-8
0
24
64
88
104
148
180
228
276
324
356
396
396
340
308
244
164
88
0
-64
-120
-164
-164
-164
-196
-212
-244
-292
-292
-308
-324
-340
-340
-308
-308
-292
-260
-196
-96
-32
32
96
148
196
228
260
324
356
396
428
460
492
460
460
460
372
372
356
324
308
308
308
260
244
180
164
120
48
56
16
-8
-24
-72
-112
-132
-164
-180
-196
-180
-212
-196
-196
-196
-164
-148
-132
-88
-16
8
0
40
48
64
48
48
56
8
16
0
-16
-16
-72
-112
-196
-276
-324
-356
-372
-396
-396
-372
-340
-340
-340
-340
-340
-340
-372
-396
-396
-372
-356
-324
-244
-196
-148
-104
-48
-32
16
80
96
80
56
40
24
8
16
16
8
8
0
0
-8
-32
-48
-48
-64
-120
-132
-120
-164
-132
-132
-88
-40
-16
64
104
180
244
308
396
460
492
524
524
556
588
620
652
652
620
652
652
620
588
524
492
492
460
396
372
324
292
260
260
244
196
148
132
88
72
56
32
8
-32
-64
-72
-56
-40
-8
8
16
40
56
80
16
-48
-48
-72
-104
-148
-196
-228
-244
-276
-292
-276
-260
-260
-292
-340
-396
-428
-492
-524
-556
-588
-588
-620
-588
-588
-556
-524
-524
-492
-492
-428
-428
-428
-428
-372
-356
-292
-244
-180
-164
-132
-164
-164
-132
-120
-132
-180
-212
-276
-324
-324
-292
-244
-180
-120
-56
-16
-8
0
8
-8
-32
-24
-32
-48
0
32
96
180
260
372
428
460
556
588
652
684
716
716
716
716
716
716
684
684
716
716
652
684
684
620
556
524
460
396
340
276
244
180
112
56
0
-32
-16
-16
-8
-16
-48
-48
-72
-88
-96
-96
-56
-16
16
64
64
40
0
-16
-32
-112
-180
-228
-276
-308
-292
-196
-180
-180
-120
-180
-212
-212
-260
-340
-428
-428
-492
-492
-492
-492
-460
-428
-396
-340
-308
-292
-308
-292
-260
-244
-212
-212
-212
-212
-180
-164
-132
-120
-104
-132
-148
-228
-292
-356
-428
-396
-428
-396
-356
-324
-228
-164
-112
-40
0
32
24
16
40
48
32
32
48
112
196
292
396
492
524
588
588
620
652
684
620
588
556
556
556
556
588
588
524
524
492
460
396
356
308
244
180
132
112
56
-16
-72
-104
-80
-80
-56
-32
-64
-132
-164
-180
-196
-196
-180
-196
-196
-180
-164
-80
-48
-24
24
64
72
48
32
-24
-56
-80
-104
-96
-88
-96
-112
-104
-88
-48
-64
-88
-104
-148
-196
-244
-292
-340
-356
-340
-292
-260
-244
-212
-244
-244
-244
-244
-260
-260
-244
-244
-228
-212
-212
-196
-212
-196
-180
-244
-324
-396
-460
-492
-460
-460
-428
-372
-324
-228
-180
-120
-72
-56
-48
0
80
132
180
260
276
292
340
428
492
556
620
652
716
748
748
748
748
748
748
748
748
716
652
588
556
556
524
524
492
428
372
292
212
180
148
88
56
0
-96
-132
-164
-164
-148
-164
-180
-196
-228
-228
-276
-292
-292
-308
-276
-244
-212
-196
-164
-164
-132
-132
-164
-132
-120
-132
-164
-180
-212
-212
-164
-148
-132
-148
-164
-212
-228
-228
-212
-228
-276
-324
-340
-372
-372
-340
-340
-324
-308
-308
-292
-292
-308
-340
-372
-356
-324
-292
-276
-276
-260
-276
-276
-292
-308
-340
-396
-460
-492
-524
-524
-492
-460
-396
-340
-308
-212
-104
-24
40
104
132
148
164
180
212
276
340
428
524
588
684
780
812
844
924
924
924
876
876
844
844
844
812
748
684
652
652
652
620
556
492
428
356
324
260
196
132
96
40
48
16
-40
-64
-96
-112
-148
-132
-112
-132
-112
-88
-24
8
8
0
0
0
-8
-24
-24
-56
-48
-24
-8
-8
-24
-16
-32
-16
-16
-40
-56
-72
-120
-132
-132
-164
-180
-212
-244
-244
-292
-308
-340
-396
-428
-460
-460
-492
-524
-492
-524
-524
-460
-460
-460
-492
-556
-556
-556
-588
-556
-588
-620
-620
-588
-588
-588
-620
-652
-620
-588
-588
-588
-524
-460
-428
-356
-292
-212
-164
-120
-40
-32
-8
80
148
212
324
396
460
492
524
588
620
652
716
748
748
716
716
652
652
652
652
652
652
620
556
492
428
396
356
356
340
308
308
308
276
276
276
228
164
164
120
88
88
112
112
120
132
120
132
132
148
148
148
164
132
120
88
96
112
88
112
120
132
148
112
96
72
24
0
-8
-32
-72
-72
-96
-120
-120
-96
-112
-132
-148
-164
-180
-212
-228
-244
-276
-276
-292
-324
-324
-324
-340
-396
-372
-356
-372
-396
-428
-460
-492
-492
-524
-524
-460
-460
-460
-460
-428
-460
-492
-460
-396
-372
-340
-276
-276
-276
-244
-196
-112
-32
40
112
180
228
276
324
372
396
428
428
428
396
428
428
460
492
492
492
460
428
396
396
372
324
276
228
164
132
104
56
40
16
24
48
88
112
88
72
48
0
-64
-96
-148
-164
-180
-164
-132
-112
-80
-80
-80
-40
-24
-8
24
16
-16
-24
-72
-72
-64
-64
-48
-24
0
0
40
40
40
48
48
32
48
24
16
88
132
120
132
104
64
48
16
16
48
64
8
0
-32
-56
-64
-80
-80
-132
-180
-212
-260
-292
-324
-372
-396
-460
-428
-460
-428
-428
-428
-396
-372
-340
-340
-340
-324
-340
-340
-292
-260
-212
-132
-64
-8
32
112
164
212
276
340
396
460
492
524
524
492
492
524
492
524
524
460
428
428
428
372
356
324
292
228
228
196
180
180
148
148
120
104
80
80
88
64
72
64
56
48
-8
-24
-64
-104
-112
-112
-88
-132
-132
-96
-88
-80
-56
-40
-16
-16
-8
-16
-24
0
0
0
0
-72
-64
-40
-32
-16
0
32
40
56
88
112
72
32
16
24
16
-16
-64
-72
-120
-164
-164
-164
-164
-164
-164
-180
-212
-244
-292
-340
-356
-372
-396
-428
-428
-492
-524
-524
-524
-492
-428
-428
-396
-396
-372
-340
-308
-292
-292
-260
-212
-196
-112
-32
-32
8
80
120
196
260
308
324
356
340
340
324
292
276
260
244
212
212
196
212
228
244
244
212
196
148
88
56
24
0
-16
-40
-32
-8
16
48
48
8
-16
-32
-64
-40
0
32
48
24
40
64
96
120
112
132
132
132
148
180
212
244
260
292
308
324
340
340
308
292
292
260
276
276
292
276
276
308
292
276
276
260
212
196
164
120
64
48
0
-16
-48
-104
-132
-132
-196
-244
-260
-292
-308
-324
-340
-356
-396
-428
-460
-492
-524
-492
-460
-460
-428
-428
-396
-372
-308
-276
-228
-180
-196
-196
-212
-196
-164
-112
-48
0
16
48
56
96
164
228
260
260
260
244
228
196
196
180
164
148
148
132
132
148
96
56
32
0
-56
-80
-104
-132
-148
-164
-132
-132
-148
-164
-148
-148
-164
-132
-132
-148
-180
-180
-196
-228
-212
-212
-180
-148
-132
-72
-16
-16
8
48
56
88
132
148
180
212
212
228
260
292
340
372
396
396
356
356
396
428
428
460
460
460
460
428
428
396
324
308
292
212
180
120
64
0
-40
-32
-32
-72
-112
-164
-196
-244
-292
-356
-396
-460
-492
-524
-524
-524
-492
-460
-428
-396
-396
-396
-428
-396
-372
-308
-260
-244
-196
-164
-112
-104
-32
0
0
32
72
120
104
96
112
96
96
96
96
104
96
80
88
120
104
104
88
64
80
80
104
88
56
24
8
-8
0
8
8
0
-16
0
0
0
-32
-32
-40
-56
-40
-48
-32
-8
16
80
88
88
96
96
112
132
132
164
164
180
180
196
244
308
324
340
356
356
396
396
396
396
372
356
356
356
324
308
292
276
260
260
244
228
180
148
64
-16
-24
-80
-120
-132
-180
-212
-244
-292
-340
-396
-428
-460
-524
-556
-588
-620
-620
-620
-652
-620
-588
-588
-524
-492
-492
-460
-428
-428
-372
-324
-308
-276
-244
-228
-212
-164
-112
-72
-48
-56
-24
-24
8
56
32
32
16
0
-8
32
80
104
132
132
132
148
164
164
132
96
104
88
96
80
96
132
148
164
212
244
228
228
228
228
228
244
228
212
212
196
180
212
212
228
244
260
276
260
260
276
308
324
308
308
276
260
244
260
308
340
356
324
292
244
212
180
164
164
164
180
212
244
228
228
180
120
112
56
0
-56
-96
-112
-132
-164
-164
-196
-228
-260
-292
-308
-340
-356
-428
-460
-492
-492
-492
-460
-460
-460
-460
-460
-428
-428
-396
-356
-308
-276
-228
-228
-212
-212
-228
-212
-164
-164
-148
-132
-148
-180
-196
-164
-164
-132
-104
-96
-88
-96
-80
-72
-96
-80
-72
-88
-88
-80
-72
-56
-24
0
48
104
132
132
120
132
164
196
228
228
260
244
228
260
292
292
308
340
372
356
356
372
356
356
324
324
340
340
372
372
396
396
396
372
396
396
372
340
324
292
260
260
260
260
244
228
196
164
164
164
148
120
88
80
40
0
-8
-24
-56
-64
-96
-148
-180
-228
-292
-324
-340
-396
-396
-396
-428
-428
-428
-428
-396
-428
-428
-428
-460
-428
-428
-428
-428
-460
-428
-396
-356
-356
-308
-292
-276
-228
-180
-164
-180
-164
-180
-148
-164
-196
-196
-212
-196
-196
-196
-196
-180
-196
-180
-148
-132
-132
-120
-120
-120
-88
-80
-96
-88
-104
-80
-72
-64
-16
0
24
24
64
104
120
164
196
180
196
212
212
212
212
244
276
276
308
324
340
340
356
356
396
428
428
460
524
524
492
492
524
556
524
556
556
556
524
492
492
492
492
492
492
524
524
460
428
396
324
276
260
212
164
148
120
80
80
80
56
32
-8
-32
-48
-96
-148
-196
-260
-340
-356
-372
-372
-356
-356
-372
-372
-372
-396
-396
-428
-428
-428
-428
-460
-492
-492
-460
-492
-492
-460
-460
-460
-460
-460
-460
-428
-396
-396
-372
-356
-396
-396
-396
-428
-460
-428
-396
-396
-372
-324
-276
-276
-244
-228
-244
-244
-260
-244
-228
-228
-212
-148
-132
-96
-40
-24
-16
-8
8
16
24
56
32
40
88
132
164
196
228
260
276
308
324
372
396
428
460
460
492
524
524
524
556
524
524
524
524
524
556
556
524
556
556
556
524
524
524
492
460
428
396
340
308
260
228
212
180
148
132
112
72
64
40
16
24
16
-24
-48
-56
-72
-120
-132
-104
-120
-132
-132
-148
-148
-132
-104
-88
-96
-112
-164
-228
-276
-292
-308
-292
-308
-292
-292
-308
-308
-292
-292
-292
-292
-308
-276
-292
-340
-324
-324
-308
-292
-260
-244
-260
-292
-276
-276
-292
-276
-260
-244
-260
-244
-260
-292
-276
-244
-212
-164
-164
-164
-164
-148
-164
-164
-148
-120
-132
-132
-104
-96
-56
-24
8
40
64
104
132
180
212
276
292
292
308
292
292
244
228
244
260
276
292
324
340
340
372
356
372
396
396
372
356
324
276
260
228
164
148
96
72
56
48
40
32
48
48
40
40
16
8
-8
-32
-16
-24
-40
-40
-16
-8
-32
-64
-64
-64
-56
-16
0
40
40
32
16
-48
-80
-104
-132
-112
-104
-96
-96
-120
-148
-164
-164
-132
-112
-96
-80
-96
-96
-112
-132
-104
-80
-88
-80
-56
-48
-56
-48
-32
-32
-24
-8
-40
-40
-24
-56
-64
-56
-48
-24
0
8
32
32
24
8
0
-16
-24
0
0
0
-8
-40
-72
-48
0
32
80
120
132
132
164
180
180
180
148
164
164
164
164
164
164
164
132
112
120
132
132
120
132
132
120
96
48
16
-8
-48
-64
-96
-132
-132
-148
-164
-148
-148
-148
-164
-164
-164
-164
-164
-180
-180
-180
-180
-164
-164
-132
-120
-112
-96
-112
-148
-180
-212
-212
-196
-180
-180
-148
-148
-132
-132
-148
-164
-196
-260
-292
-308
-308
-308
-276
-244
-212
-180
-148
-112
-48
-8
-32
-24
-24
-40
-24
8
72
120
180
228
244
260
260
212
164
148
132
132
148
148
196
212
244
260
276
276
244
244
212
180
196
244
244
260
276
276
276
292
292
308
324
324
308
324
292
276
276
276
308
356
372
372
372
340
308
260
244
212
196
212
212
196
180
164
112
96
48
0
-40
-96
-120
-148
-164
-164
-164
-196
-212
-244
-260
-276
-292
-292
-308
-340
-356
-372
-396
-372
-372
-356
-356
-356
-356
-396
-396
-396
-396
-396
-372
-356
-340
-308
-276
-244
-244
-276
-324
-372
-428
-460
-460
-460
-428
-396
-340
-276
-244
-196
-164
-148
-132
-132
-96
-48
0
24
40
48
72
104
132
132
132
112
96
80
72
96
112
112
120
164
180
196
228
212
180
148
132
112
112
132
180
228
276
292
340
340
308
308
292
292
276
260
244
292
324
340
356
396
396
396
396
356
324
260
260
228
196
164
148
120
132
132
148
180
180
180
164
148
88
64
56
56
72
72
80
56
32
8
-24
-32
-48
-48
-40
-56
-40
-40
-56
-64
-80
-80
-104
-104
-104
-132
-164
-180
-164
-196
-196
-164
-164
-164
-180
-180
-212
-228
-244
-260
-292
-308
-340
-356
-372
-356
-324
-324
-324
-292
-260
-276
-244
-212
-196
-196
-212
-180
-180
-164
-148
-148
-148
-148
-164
-148
-148
-132
-132
-112
-96
-88
-56
-40
-32
0
-8
-32
-24
-32
-16
16
32
56
72
80
96
112
120
132
148
148
148
132
148
112
104
104
88
96
120
148
164
212
196
180
148
112
72
80
96
88
72
96
96
72
96
88
104
96
88
112
148
164
164
164
148
132
148
112
88
80
56
40
56
40
40
32
8
24
8
32
56
72
80
72
112
104
72
64
64
64
88
96
132
96
88
88
72
48
16
8
-8
-32
-32
-40
-40
-40
-40
-40
-48
-72
-64
-80
-80
-80
-80
-80
-96
-96
-88
-64
-72
-72
-56
-48
-88
-88
-88
-112
-96
-88
-72
-56
-40
-16
-16
-40
-32
-64
-112
-120
-132
-96
-72
-48
-48
-48
-24
0
16
24
24
8
-8
-16
-24
-48
-72
-80
-80
-48
0
40
80
56
40
48
48
32
16
0
-32
-40
-16
-16
-8
0
0
-16
-8
-16
-24
-8
-8
-32
-56
-80
-104
-96
-112
-104
-104
-132
-148
-132
-132
-120
-104
-96
-80
-80
-32
-32
-24
-8
-16
-40
-48
-56
-80
-72
-48
-32
-16
-8
-8
0
8
16
24
32
40
56
48
40
32
32
40
80
88
72
56
40
24
16
32
48
64
96
120
164
196
180
212
260
260
244
228
180
148
164
148
180
196
212
228
228
196
196
180
164
164
164
164
164
164
148
148
112
80
80
72
64
72
32
24
48
16
24
32
48
56
64
64
32
0
0
-8
0
0
-8
-8
-32
-16
0
-8
0
-8
-40
-40
-64
-112
-112
-148
-212
-228
-212
-212
-212
-212
-228
-244
-260
-308
-324
-324
-356
-356
-324
-292
-308
-308
-324
-340
-324
-340
-308
-324
-340
-324
-308
-276
-260
-244
-212
-196
-180
-132
-132
-132
-132
-104
-96
-104
-64
-40
-16
-40
-48
-48
-96
-80
-32
-16
24
56
80
112
104
112
120
132
132
148
164
148
148
164
180
180
196
196
212
228
228
228
244
276
292
292
292
260
244
260
228
228
244
228
212
228
228
196
212
228
244
244
260
244
244
244
244
244
244
212
196
180
180
180
164
164
164
148
148
148
164
164
180
180
148
120
56
16
0
-24
-56
-104
-132
-164
-212
-196
-180
-180
-148
-148
-164
-164
-180
-196
-212
-228
-180
-164
-180
-180
-196
-228
-228
-212
-196
-212
-196
-180
-196
-196
-196
-148
-148
-132
-120
-120
-112
-112
-112
-112
-120
-120
-132
-132
-120
-132
-120
-120
-104
-96
-88
-80
-72
-72
-96
-120
-112
-96
-96
-80
-64
-40
-56
-64
-80
-80
-96
-88
-80
-80
-64
-72
-48
-48
-40
-16
-8
0
-8
-32
-40
-32
-48
-48
-8
0
16
48
64
96
132
112
112
120
120
120
120
120
96
80
56
72
88
132
164
180
180
148
148
148
132
120
132
104
96
96
88
80
48
8
8
16
16
16
-8
-16
-24
-24
0
8
48
56
48
72
72
48
40
40
32
48
72
88
80
72
64
64
112
148
164
164
148
132
112
104
104
96
112
132
120
112
132
120
112
112
112
112
120
88
96
112
104
104
96
72
40
24
-8
-32
-48
-48
-32
-16
-8
0
-32
-56
-72
-80
-40
-40
-56
-72
-80
-96
-88
-104
-120
-148
-180
-180
-196
-164
-148
-132
-120
-88
-88
-56
-48
-64
-64
-64
-72
-88
-104
-148
-164
-164
-148
-164
-148
-112
-104
-104
-120
-120
-120
-132
-148
-132
-148
-164
-164
-196
-180
-196
-212
-228
-228
-228
-228
-212
-212
-212
-212
-212
-196
-164
-180
-180
-164
-132
-120
-88
-88
-88
-56
-64
-56
-40
-24
-16
-8
0
40
32
32
64
64
80
88
96
120
132
148
196
212
212
244
228
244
260
276
292
292
340
340
324
340
324
324
308
292
276
260
244
228
212
196
196
196
196
212
180
164
148
104
88
80
72
64
56
32
8
8
8
16
32
40
64
72
88
88
96
104
120
112
96
96
88
64
56
48
32
56
72
64
40
16
32
32
40
64
48
24
0
-16
-40
-64
-72
-96
-112
-120
-148
-148
-164
-180
-196
-196
-180
-180
-180
-196
-228
-244
-260
-260
-228
-228
-212
-212
-228
-244
-244
-212
-228
-228
-228
-212
-228
-244
-244
-244
-228
-244
-228
-244
-260
-260
-276
-260
-228
-180
-132
-96
-80
-72
-40
-64
-32
-16
-24
-24
-16
8
24
48
72
88
96
132
120
120
132
120
132
132
120
96
72
72
64
72
72
64
40
40
48
48
40
32
48
48
56
72
88
80
80
104
120
148
148
164
164
164
164
180
212
228
228
212
228
212
180
196
196
164
164
180
196
196
164
148
120
120
96
88
88
96
112
88
96
88
72
64
56
56
72
72
72
64
64
64
32
16
24
24
16
24
16
8
0
-32
-24
-40
-56
-48
-64
-80
-88
-96
-112
-132
-164
-164
-180
-180
-196
-228
-228
-228
-244
-228
-212
-196
-196
-164
-148
-164
-132
-132
-112
-104
-112
-104
-112
-132
-104
-96
-88
-64
-64
-80
-64
-40
-40
-48
-64
-80
-80
-56
-48
-64
-64
-96
-132
-148
-132
-132
-132
-132
-132
-112
-96
-80
-64
-48
-40
-56
-24
0
0
16
32
32
32
24
56
56
64
112
120
148
164
180
164
164
164
164
132
148
120
88
112
112
120
132
148
148
132
104
96
72
72
80
88
96
88
96
96
96
96
96
96
96
96
80
72
64
56
32
24
32
32
32
48
32
16
8
-16
-40
-24
-32
-24
-8
-8
0
-8
-16
-16
-16
-24
0
0
-8
-8
-24
-24
-8
16
40
32
48
48
56
56
56
80
80
64
40
32
8
-16
0
32
32
32
24
8
-24
-64
-80
-80
-80
-72
-96
-96
-112
-148
-148
-148
-148
-164
-164
-164
-180
-164
-164
-164
-148
-132
-120
-112
-112
-112
-112
-96
-96
-72
-48
-32
-24
-8
0
-16
-24
-24
-24
0
-8
0
0
0
16
0
8
8
16
24
16
8
32
32
48
88
120
132
112
112
88
72
64
56
56
56
56
48
32
24
24
8
8
-8
-16
-16
0
-16
-48
-64
-80
-96
-112
-112
-112
-80
-56
-48
-24
-16
-8
0
0
-8
-24
-48
-24
-8
0
24
48
48
24
32
48
48
64
72
88
120
112
120
148
132
148
148
132
132
148
132
80
96
88
72
80
88
104
88
88
104
104
88
88
72
48
40
32
24
24
8
-8
-16
-40
-48
-48
-56
-56
-24
0
0
32
32
0
-32
-48
-56
-56
-48
-48
-40
-56
-64
-56
-64
-72
-56
-40
-48
-56
-40
-40
-24
-32
-32
-48
-48
-48
-40
-40
-56
-40
-56
-72
-80
-96
-120
-132
-132
-148
-132
-104
-96
-104
-120
-148
-148
-148
-120
-104
-104
-120
-132
-164
-164
-132
-120
-96
-88
-88
-80
-64
-48
-32
-8
0
16
40
56
64
80
72
