SAMPLES:	6740
BITSPERSAMPLE:	16
CHANNELS:	1
SAMPLERATE:	16000
NORMALIZED:	FALSE
0
0
0
0
0
0
0
0
0
-8
-8
-8
-8
-8
-8
-8
-8
-8
-8
-8
-8
-8
-8
-8
-8
-8
-8
-8
-8
-8
-8
-8
-8
-8
-8
-8
-8
-8
-8
-8
-8
0
0
0
0
0
0
0
0
0
0
0
0
0
0
0
0
0
0
0
0
0
0
0
0
0
0
8
0
0
0
0
0
0
0
0
0
0
0
0
0
0
0
0
0
0
0
0
0
0
0
0
0
0
0
0
0
0
0
0
0
0
-8
-8
-8
0
0
0
0
0
0
0
0
0
0
0
0
0
0
0
0
0
0
0
0
0
0
0
0
0
0
0
0
0
0
0
0
0
0
0
8
0
0
0
0
0
0
0
0
0
0
0
0
0
0
0
0
0
0
0
0
0
0
0
0
0
8
8
8
0
8
8
0
0
0
0
0
0
0
0
0
0
0
0
0
0
0
0
0
0
0
0
0
0
0
0
0
0
0
0
0
0
0
0
0
0
0
0
0
0
0
0
0
0
0
0
0
0
0
0
0
0
0
0
0
-8
-8
0
0
0
0
0
-8
-8
-8
-8
-8
-8
-8
-8
-8
-8
-8
-8
-8
-8
-8
-8
-16
-16
-8
-8
-8
-8
-8
-8
-8
-8
-8
-8
-8
-8
-8
-8
-8
0
0
0
0
0
0
0
0
0
0
0
0
0
0
0
0
0
0
0
8
0
8
8
8
8
8
0
8
8
8
8
16
8
8
16
16
8
8
8
8
8
8
8
8
8
8
8
8
8
8
8
8
8
8
8
8
8
8
8
0
0
8
0
0
0
0
0
0
0
0
0
0
0
0
0
0
0
0
0
0
0
0
0
0
0
0
0
0
0
0
0
0
0
0
0
0
0
0
0
0
0
0
0
0
0
0
0
0
0
0
0
0
0
0
0
0
0
0
0
0
0
0
0
0
0
0
0
0
0
0
0
0
0
0
0
0
0
0
0
0
0
0
0
0
0
0
0
0
0
0
0
0
0
0
0
0
0
0
0
0
0
0
0
0
0
0
-8
-8
-8
-8
0
0
0
0
0
0
0
0
0
0
0
0
0
0
0
0
0
0
0
0
0
0
0
0
0
-8
0
0
0
0
0
0
0
0
0
0
0
0
0
0
0
0
0
0
0
0
0
0
0
0
0
0
0
0
0
0
0
0
0
0
0
0
0
0
0
0
0
0
0
8
8
8
8
8
8
8
8
8
16
8
8
16
16
16
16
16
16
16
16
16
16
16
16
16
16
16
16
16
16
16
16
16
16
16
16
16
16
16
16
16
16
8
8
8
8
8
0
0
0
0
0
0
0
0
0
0
0
0
-8
-8
-8
-8
-16
-16
-16
-16
-16
-16
-16
-16
-24
-24
-24
-24
-24
-24
-24
-24
-32
-32
-32
-32
-32
-24
-24
-24
-24
-24
-24
-24
-24
-24
-16
-24
-16
-16
-16
-16
-16
-16
-8
-8
-8
-8
-8
-8
-8
-8
0
0
0
0
0
0
0
0
0
0
0
0
0
0
0
0
8
8
8
8
8
8
16
16
16
16
16
16
16
16
16
16
16
16
16
16
16
16
16
16
16
16
16
16
16
16
16
16
16
16
16
8
8
16
8
8
16
8
8
8
8
8
0
0
0
0
0
0
0
0
0
0
0
0
0
0
-8
-8
-8
-8
-8
-8
-8
-8
-8
-8
-8
-8
-8
-8
-8
-8
-16
-8
-8
-16
-8
-8
-16
-8
-8
-8
-8
-8
-8
-8
0
0
0
0
0
0
0
0
0
0
0
0
0
0
0
0
0
0
0
8
8
8
8
8
8
8
8
8
16
8
8
16
16
16
16
16
8
8
8
8
8
8
8
8
8
8
8
8
8
8
8
8
0
0
0
0
0
0
0
0
0
0
0
0
0
0
0
0
0
-8
-8
-8
-8
-8
-8
-8
-8
-8
-8
-8
-16
-8
-16
-16
-8
-8
-8
-8
-8
-8
-8
-8
-8
-8
-8
-8
-8
0
0
0
0
0
-8
-8
-8
0
0
0
0
0
0
0
0
0
0
0
0
0
0
0
0
0
0
0
-8
0
0
0
0
0
0
0
0
0
0
0
0
0
0
0
0
0
0
0
0
0
0
0
0
8
0
8
8
8
8
8
8
8
8
8
8
8
8
8
8
16
16
16
16
16
16
16
16
16
8
16
8
8
8
8
8
8
8
8
8
8
8
8
0
0
0
0
0
0
0
0
0
0
0
0
0
0
-8
-8
-8
-8
-8
-8
-8
-8
-8
-8
-16
-16
-8
-16
-8
-16
-16
-8
-8
-8
-8
-8
0
0
-8
-8
-8
-8
0
0
0
0
0
0
0
0
0
0
0
0
0
0
0
0
0
0
8
8
8
8
8
8
8
8
8
8
0
0
0
0
0
8
8
8
8
8
8
0
0
0
0
0
0
0
0
0
0
0
0
-8
-8
-8
-8
-8
-8
-8
0
0
0
-8
-8
-8
-8
-8
-8
-8
-8
-8
-8
-8
-8
-16
-8
-8
-8
-8
-8
-8
-8
-8
-8
-8
-8
-8
-8
-8
-8
-8
0
-8
0
0
0
0
0
0
0
0
0
0
0
0
0
0
0
0
0
0
8
0
8
0
0
8
8
8
16
16
16
16
16
24
24
24
24
24
24
24
24
16
16
24
24
24
16
16
16
16
16
16
24
24
24
24
24
16
16
16
16
8
8
16
16
8
8
8
8
8
8
0
8
0
0
0
0
0
0
0
-8
-8
-8
-8
-16
-16
-16
-16
-16
-24
-16
-16
-16
-24
-24
-24
-24
-32
-32
-32
-32
-32
-32
-32
-32
-32
-24
-24
-24
-24
-16
-16
-16
-16
-16
-16
-16
-16
-16
-16
-16
-16
-16
-16
-16
-16
-16
-8
-8
-8
-8
-8
0
0
-8
-8
0
0
-8
0
0
0
16
16
8
0
0
8
32
32
16
8
8
0
0
-8
0
16
8
-16
-32
-24
-8
0
8
0
-8
-40
-40
0
24
24
8
8
8
0
-16
-8
24
56
48
24
24
32
24
24
56
88
80
48
16
16
40
64
72
88
80
48
16
16
48
64
56
48
32
16
0
0
16
32
24
8
0
0
-16
-24
-16
0
-16
-24
-40
-40
-32
-32
-24
-16
-16
-32
-48
-64
-64
-56
-40
-56
-72
-80
-88
-80
-64
-48
-40
-48
-56
-64
-40
-8
8
16
16
8
0
8
32
80
96
88
64
80
132
164
180
148
148
148
164
180
196
228
228
180
132
112
120
132
120
88
40
-8
-72
-96
-104
-104
-132
-180
-228
-260
-276
-292
-324
-324
-324
-340
-340
-340
-324
-308
-292
-260
-212
-196
-196
-212
-180
-132
-96
-56
-40
-48
-88
-104
-56
-8
16
0
-40
-56
-56
-48
-40
-16
-8
-24
-48
-56
-64
-88
-80
-40
0
8
-8
-16
0
16
56
72
112
132
96
72
88
148
244
356
556
716
716
556
492
652
924
1052
924
812
812
812
684
556
556
652
716
492
112
-148
-212
-164
-120
-212
-396
-652
-780
-780
-812
-844
-924
-924
-924
-924
-876
-844
-844
-812
-620
-396
-228
-180
-228
-228
-196
-132
8
164
228
180
112
164
276
324
292
276
292
276
164
48
32
32
16
24
32
16
-72
-164
-180
-96
-32
-72
-132
-164
-96
-32
0
16
0
-56
-104
-104
-80
-96
-132
-148
-132
-80
-80
-164
-244
-276
-292
-244
-40
308
588
684
556
428
492
748
1116
1244
1116
1052
1180
1308
1116
924
988
1244
1308
876
308
-16
-56
-16
-196
-492
-812
-1052
-1180
-1372
-1436
-1564
-1756
-1980
-2108
-2108
-1980
-1820
-1756
-1692
-1372
-1052
-876
-924
-876
-588
-308
-260
-292
-148
40
132
276
556
876
812
428
276
428
652
620
396
228
132
148
96
164
292
228
8
-228
-196
-56
56
56
32
212
276
292
308
396
524
460
324
196
212
244
148
120
104
80
24
-148
-228
-292
-276
-64
396
1052
1436
1564
1436
1500
1756
1980
1980
1980
2492
3260
3260
2492
1500
1244
1564
1884
1756
1372
988
244
-684
-1436
-1756
-1500
-1180
-1116
-1692
-2876
-3900
-4348
-3772
-3132
-2876
-3004
-3004
-2748
-2748
-3004
-2620
-1436
-196
148
-292
-460
-104
8
-56
396
1980
3132
2364
684
-48
652
1116
988
1308
1628
1116
-780
-1980
-1180
164
652
-32
-492
-748
-1436
-1980
-1628
-48
988
492
-460
-924
-588
-356
0
684
1116
924
-80
-748
-524
16
340
356
396
164
-556
-1372
-1756
-1500
-1116
-988
-1116
-1308
-1436
-1116
228
1980
3004
2748
1980
1244
780
1052
2748
5116
6396
5116
2620
1244
1372
2364
3388
4092
4092
2748
64
-2108
-2748
-1564
148
876
148
-1820
-4092
-5628
-5372
-4092
-2876
-2492
-2876
-3516
-4348
-4860
-4604
-3260
-1244
212
196
-924
-2108
-2620
-1756
-56
1756
2876
3004
2236
812
-32
356
2108
3516
3516
1980
460
-244
-524
-396
428
1500
1628
132
-1436
-1884
-1628
-1244
-876
96
716
-48
-1436
-2108
-988
492
1308
1180
652
-56
-988
-1180
-372
844
1372
588
-460
-1116
-1244
-1052
-844
-292
48
-260
-1180
-1884
-1756
-1244
-812
-524
-244
-228
-684
-812
148
1980
3644
4092
4092
3516
2876
2492
3004
4604
6652
7420
6140
4092
2492
2364
3132
4092
4348
4092
2748
524
-1692
-2748
-2236
-844
244
-120
-2236
-4860
-6652
-6396
-5116
-3900
-3516
-4092
-4860
-5628
-5884
-5372
-4092
-2236
-988
-780
-1500
-2620
-3004
-2364
-780
1436
3132
3260
1564
-396
-844
340
2236
3516
3772
2876
684
-1500
-2108
-524
1884
2620
1500
-524
-2236
-3132
-2876
-1308
428
924
-356
-2236
-2876
-2492
-1372
-212
716
924
-72
-1500
-2364
-1692
-276
876
1244
652
-324
-1500
-2108
-1628
-212
924
716
-396
-1436
-1980
-1692
-844
340
988
524
-308
-812
-396
844
2492
4092
4860
4604
4092
3900
3772
3388
4092
6140
7932
7676
5372
3260
2748
3516
4604
4860
4604
3900
2236
-244
-2364
-2620
-1436
-72
276
-1244
-4092
-6652
-7420
-5884
-4348
-3772
-4604
-5628
-6140
-6140
-5884
-4860
-3260
-1692
-1052
-1500
-2364
-2748
-2236
-1180
340
2108
3388
3004
1308
-396
-276
1500
3260
4092
3516
2108
-56
-1980
-1884
104
2236
2236
260
-1820
-3004
-3388
-2748
-1308
324
428
-1308
-3132
-3516
-2492
-1180
104
876
620
-652
-1980
-2108
-988
684
1980
1884
844
-292
-988
-924
-164
1052
1756
1244
-244
-1244
-1308
-876
16
988
1372
684
-396
-844
-524
356
1500
3004
4092
4092
3388
3004
3772
5116
5628
4860
4348
5116
6140
6140
4348
3132
3516
4348
3900
2620
1564
1308
780
-372
-1820
-2876
-3132
-2876
-2492
-3260
-4860
-6652
-6908
-5884
-5372
-5628
-6396
-6396
-5884
-5116
-4860
-4348
-3388
-2236
-1628
-1692
-1628
-1116
-396
96
844
1820
3004
3516
2876
1980
1628
2876
4092
4092
3132
1884
1180
324
-40
652
1756
1820
-48
-1820
-2236
-1884
-1372
-1308
-876
-588
-1500
-2876
-3260
-1756
-324
-32
-292
-524
-780
-1436
-1180
132
1372
1692
1116
556
324
372
556
748
1116
1244
684
-524
-1308
-844
-8
428
356
244
-48
-652
-812
-260
524
844
1116
1756
2364
2748
3388
4348
4092
3260
2748
4604
6908
6396
3644
1564
3260
5628
5372
3516
2236
3132
2492
-620
-2492
-1500
876
340
-2364
-4348
-5372
-5372
-5372
-3772
-2364
-3644
-6652
-8828
-6908
-4092
-2492
-2876
-3900
-3516
-2748
-1980
-1052
-244
588
428
372
1308
2492
2876
1884
1820
2492
3388
3900
3388
2364
844
-48
276
1436
1692
56
-1628
-2620
-2364
-1820
-1884
-1980
-2620
-3388
-3772
-3132
-2108
-2108
-2236
-2108
-1372
-748
-812
-620
-460
48
716
1244
1692
1372
1052
876
1180
1980
2364
2108
1116
260
148
276
556
780
780
372
-148
-228
196
556
556
716
716
492
244
164
780
1756
2876
3516
3388
3644
4604
5116
4604
3388
3516
5116
6396
5884
4604
4092
4092
3388
1980
1308
2108
2620
1436
-988
-2876
-3644
-3772
-3132
-2492
-2620
-4092
-6140
-7164
-6396
-4860
-4348
-4604
-5116
-5116
-4604
-4348
-3516
-2620
-1692
-1244
-1116
-780
-556
-812
-988
-324
1052
2236
2620
2108
1308
460
324
1244
2236
2364
876
-748
-1628
-1500
-780
-556
-684
-1308
-1884
-2236
-2492
-2236
-2108
-2108
-1980
-1372
-716
-1116
-1692
-1564
-396
924
1372
1308
588
0
260
1244
2492
2748
2236
1244
652
876
1372
1564
1052
428
-48
-324
-396
-212
56
48
-16
244
460
372
72
-48
80
292
780
1180
1628
1980
2364
2876
4092
5628
6140
4860
2364
1884
4092
6908
7676
5884
4092
3260
2620
1980
1980
3260
4092
2492
-716
-3644
-4348
-3772
-2492
-1628
-1980
-3644
-6140
-7676
-7164
-5884
-4604
-4604
-5116
-5628
-5628
-5116
-4604
-3644
-2236
-1244
-780
-876
-1308
-1884
-1884
-876
924
2492
2748
1884
844
428
1244
2748
4092
3644
1500
-556
-1436
-524
524
1308
1244
-120
-1980
-3388
-2876
-1308
96
244
-1116
-2364
-2876
-2492
-1308
308
1564
1308
80
-812
-524
524
1436
2108
2108
1628
924
396
524
1244
2108
2364
1500
260
-844
-1308
-1116
-244
588
492
-428
-1308
-1436
-844
48
748
844
356
-428
-780
-396
620
1980
2876
3388
3260
3516
4604
5116
4604
3260
3004
4860
6652
6652
4860
3644
3772
3644
2876
2108
2620
3132
1756
-780
-3004
-3772
-3516
-2748
-1980
-2364
-4092
-6140
-7164
-6396
-5116
-4604
-4860
-5628
-5884
-5628
-4860
-4092
-2876
-2236
-2108
-1980
-1564
-1308
-1500
-1628
-988
276
1564
1980
1564
844
292
748
1980
3260
3004
1564
-292
-1436
-1244
-212
844
924
-16
-1308
-2364
-2492
-1820
-1052
-492
-356
-716
-1436
-1884
-1500
-396
924
1820
1884
1372
460
164
748
1884
2876
3004
1980
748
48
292
1308
2108
1980
988
-356
-1244
-1116
-524
72
324
88
-492
-924
-924
-428
260
812
1052
876
396
148
588
1500
2492
3260
3772
3772
3644
4348
5628
6140
5116
3516
3900
5628
6908
6140
4604
4092
3900
2876
1500
1372
2364
2364
460
-2236
-3900
-4348
-3644
-2876
-2620
-3388
-5372
-6908
-7164
-6396
-5116
-4860
-5372
-5884
-5884
-5116
-4348
-3644
-3132
-2748
-2364
-1980
-1756
-1980
-2364
-2236
-1180
244
988
780
72
-396
-324
396
1372
1820
1372
164
-652
-876
-684
-260
-64
-8
-276
-684
-1180
-1564
-1564
-1244
-396
244
308
-112
-780
-716
244
1628
2620
2492
1500
556
492
1244
2236
2620
2236
1308
340
40
396
988
1308
876
72
-748
-1244
-1244
-924
-524
-308
-276
-276
-428
-396
-180
260
1052
1756
1980
1564
988
924
1820
3132
4092
4348
4092
3900
4860
5884
5884
4604
3516
4348
5628
6140
5372
4348
3772
2876
1692
1052
1884
2748
1756
-716
-3260
-4092
-3644
-2620
-1884
-2236
-3772
-5884
-6652
-5884
-4860
-4092
-4348
-5116
-5628
-5372
-4604
-3644
-3004
-2748
-2620
-2492
-2236
-2108
-2364
-2620
-2108
-988
88
340
-48
-588
-684
-56
988
1884
1820
1052
132
-244
-24
324
716
844
652
88
-588
-1052
-988
-372
112
292
148
-292
-652
-620
180
1308
1980
1692
812
292
180
524
1052
1372
1372
588
-260
-684
-492
132
492
324
-244
-876
-1436
-1564
-1372
-812
-396
-396
-620
-780
-812
-684
-148
684
1308
1244
716
244
460
1372
2620
3516
3644
3260
3132
3900
5116
5628
4604
3516
3900
5116
5884
5372
4604
4348
3900
2876
1980
2236
3004
2492
716
-1372
-2492
-2620
-2364
-1820
-1820
-2876
-4604
-5884
-5884
-5116
-4348
-4604
-5116
-5628
-5628
-5116
-4092
-3516
-3260
-3260
-3004
-2492
-2236
-2492
-2620
-2108
-1116
-132
276
276
164
132
396
1052
1980
2492
1980
988
196
340
1116
1628
1500
812
132
-276
-492
-356
-56
212
88
-244
-492
-556
-324
56
652
1244
1308
844
196
72
492
988
1372
1436
924
0
-652
-428
292
748
620
-48
-876
-1372
-1244
-652
-164
-96
-428
-988
-1180
-844
-132
428
652
684
524
460
492
924
1564
2236
2748
3132
3004
2748
2876
3772
5116
5628
4604
3260
3132
4092
5116
5116
4604
4604
3644
2108
684
876
1980
2236
748
-1564
-3132
-3644
-3260
-2492
-1980
-2748
-4604
-6140
-6396
-5628
-4604
-4604
-5116
-5372
-5372
-5116
-4604
-4092
-3644
-3388
-3004
-2492
-2236
-2364
-2620
-2236
-1244
-112
460
588
340
164
396
1244
2236
2492
1884
1116
716
876
1308
1692
1756
1372
780
180
-164
32
524
844
924
524
24
-260
-16
780
1564
1980
1692
1052
492
524
1116
1628
1692
1308
556
-40
-196
64
428
428
24
-684
-1244
-1500
-1308
-1052
-1116
-1372
-1500
-1500
-1436
-1244
-876
-324
112
212
180
132
148
524
1308
2236
2748
2748
2492
2364
3004
4092
5372
5628
4860
3644
3260
4348
5372
5628
5116
4348
3772
2492
1500
1372
2108
2492
1436
-524
-2364
-3132
-2876
-2364
-1884
-2364
-3772
-5372
-6140
-5628
-4860
-4348
-4604
-5116
-5372
-5372
-5116
-4348
-3772
-3388
-3260
-3132
-3132
-3004
-2748
-2236
-1244
-524
-48
0
180
492
716
1116
1500
2108
2236
1564
1116
1180
1628
1628
1436
1372
1116
620
-48
16
620
780
588
96
-88
-164
-148
148
684
1116
844
260
-164
-196
212
652
924
716
104
-524
-652
-292
64
96
-340
-924
-1308
-1436
-1244
-988
-876
-988
-1180
-1180
-1052
-716
-492
-324
-164
-24
228
460
748
1116
1436
2108
2748
3132
3260
3260
3644
4348
5116
5628
5628
5116
4348
4348
4860
5372
5628
4860
3900
2620
1500
1052
1372
1884
1372
-396
-2364
-3388
-3260
-2748
-2492
-2748
-3772
-5116
-6140
-6140
-5116
-4348
-4092
-4860
-5372
-5628
-5116
-4348
-3388
-2748
-2748
-3004
-3004
-2620
-2108
-1372
-652
-96
196
244
396
844
1116
1372
1628
2108
2364
1980
1436
1180
1372
1500
1500
1500
1244
748
244
112
276
524
524
340
212
8
-72
196
556
748
780
556
132
-148
-40
308
492
260
-88
-460
-748
-716
-356
-132
-396
-924
-1308
-1436
-1436
-1244
-1052
-1244
-1436
-1308
-924
-524
-372
-260
-80
120
428
812
1180
1308
1372
1628
2236
2876
3260
3388
3132
3260
3644
4348
5116
5116
4348
3516
3388
3900
4348
4604
3900
3132
2108
1116
556
588
1052
748
-428
-1980
-3004
-3132
-2876
-2492
-2492
-3260
-4348
-5628
-5628
-4860
-4092
-3772
-4348
-4860
-5116
-4860
-3772
-3004
-2620
-2876
-3004
-2876
-2492
-1756
-988
-460
-372
-356
32
652
1180
1308
1436
1756
1884
1980
1820
2108
2236
1884
1500
1308
1500
1500
1372
1116
812
620
556
780
1116
1052
492
32
244
684
876
748
372
72
-80
16
260
372
104
-396
-716
-716
-620
-588
-716
-924
-1180
-1308
-1436
-1436
-1308
-1372
-1564
-1564
-1180
-716
-652
-684
-524
-196
148
396
684
988
1116
1244
1564
1980
2492
2876
3132
3004
2876
2876
3260
3772
4348
4092
3644
2876
2364
2492
2876
3260
2748
1980
1052
180
-428
-556
-132
244
-428
-1884
-3260
-3772
-3388
-2748
-2236
-2492
-3388
-4604
-4860
-4348
-3260
-2492
-2620
-3260
-3900
-3900
-3260
-2364
-1500
-1436
-1820
-2108
-1980
-1244
-460
104
244
148
72
64
556
1052
1180
1244
1308
1692
1692
1500
1436
1564
1820
1820
1980
2108
1692
1052
684
1244
1980
2108
1564
780
356
212
492
924
1116
556
-372
-780
-588
-40
132
-164
-748
-1436
-1756
-1564
-1116
-924
-1180
-1500
-1756
-1756
-1500
-1052
-748
-812
-876
-876
-556
-64
276
556
780
1052
1244
1564
1820
1980
2108
2108
1980
1980
2108
2236
2236
2364
2236
2108
1756
1692
1980
2108
2108
1980
1980
1628
1116
844
1052
1308
1180
812
556
276
-132
-396
-356
-132
-228
-780
-1500
-2108
-2108
-1980
-1692
-1692
-2108
-2748
-3516
-3772
-3260
-2748
-2620
-3132
-3772
-4092
-3772
-3132
-2492
-2364
-2492
-2876
-2748
-2236
-1756
-1308
-924
-652
-460
-324
-72
396
876
1052
1052
1308
1628
1820
1820
1756
1820
1820
1820
1980
1980
1980
1500
988
844
988
1052
780
556
396
148
-40
-48
0
-112
-340
-356
-396
-620
-844
-876
-748
-652
-620
-524
-492
-652
-748
-556
-104
180
148
56
72
260
524
716
812
876
924
988
1116
1180
1436
1564
1500
1500
1564
1564
1692
1820
1980
1820
1628
1564
1628
1692
1564
1436
1308
1180
1180
1244
1372
1244
988
876
844
748
588
556
492
276
-8
-180
-164
-164
-372
-652
-812
-844
-876
-1052
-1372
-1628
-1756
-1820
-1820
-1884
-2108
-2364
-2492
-2492
-2236
-2236
-2364
-2492
-2364
-1980
-1628
-1436
-1436
-1500
-1436
-1180
-780
-308
-180
-292
-356
-148
212
428
492
396
292
396
556
652
588
396
212
180
324
396
308
-24
-340
-492
-428
-396
-428
-588
-780
-876
-780
-652
-652
-780
-876
-844
-620
-292
-180
-292
-588
-652
-308
132
372
276
96
0
164
588
924
988
1052
1052
1052
924
1180
1436
1500
1500
1436
1628
1692
1628
1564
1692
1820
1884
1756
1628
1436
1308
1244
1372
1436
1244
924
684
620
684
620
492
292
64
-16
0
56
40
-112
-180
-260
-120
24
16
-88
-324
-460
-460
-428
-372
-428
-492
-524
-620
-620
-620
-556
-492
-620
-844
-876
-780
-716
-748
-924
-1180
-1180
-1052
-924
-844
-924
-1052
-1052
-876
-684
-684
-780
-812
-716
-588
-460
-428
-492
-556
-524
-340
-88
-24
-132
-356
-460
-428
-292
-180
-196
-276
-340
-340
-308
-228
-212
-324
-460
-428
-356
-356
-372
-372
-356
-244
-16
212
308
212
164
340
620
844
1052
1180
1052
924
924
1052
1372
1564
1564
1244
924
924
1116
1308
1308
1116
1052
988
876
876
876
780
684
588
396
148
-64
-32
80
-16
-244
-356
-356
-428
-588
-748
-748
-620
-492
-460
-556
-716
-780
-652
-428
-276
-276
-460
-684
-716
-492
-244
-96
-180
-340
-460
-492
-340
-228
-196
-228
-292
-244
-244
-244
-228
-228
-148
-64
-148
-276
-308
-292
-148
-104
-132
-164
-148
-48
56
112
56
-56
-148
-148
0
148
132
0
-196
-260
-212
-88
16
-24
-180
-340
-460
-428
-308
-292
-396
-556
-588
-556
-524
-460
-428
-396
-292
-148
-32
32
24
112
356
620
748
812
876
924
924
1116
1372
1500
1500
1372
1244
1180
1308
1500
1628
1500
1180
924
924
988
1116
1180
1052
748
556
460
428
396
276
164
0
-244
-460
-556
-620
-588
-588
-556
-588
-812
-924
-988
-924
-652
-524
-524
-716
-924
-988
-924
-716
-524
-492
-620
-812
-780
-588
-460
-428
-492
-524
-492
-460
-460
-556
-620
-556
-460
-340
-324
-396
-524
-556
-460
-260
-164
-196
-244
-292
-228
-8
212
276
164
48
64
196
292
292
260
180
148
180
148
132
40
-72
-212
-324
-308
-324
-428
-588
-716
-620
-492
-492
-620
-716
-748
-620
-460
-372
-396
-396
-308
-196
-24
164
308
396
460
492
620
748
876
924
924
924
988
1052
1052
924
748
716
844
988
924
780
556
492
556
652
652
620
556
396
212
104
112
180
196
180
88
24
0
32
48
64
88
148
164
72
-8
-64
8
96
104
96
80
48
-16
-48
-40
8
8
-56
-164
-276
-308
-260
-308
-356
-308
-228
-148
-132
-228
-308
-212
-32
64
96
8
-88
-64
8
148
308
396
372
228
120
112
196
244
244
80
-24
-88
-132
-72
-96
-164
-260
-372
-492
-556
-588
-620
-684
-780
-780
-812
-876
-876
-844
-748
-652
-684
-748
-780
-748
-620
-460
-260
-164
-196
-308
-340
-228
-24
112
96
64
0
0
88
120
112
104
96
72
96
132
104
64
0
-8
16
16
56
64
112
112
56
32
56
132
180
212
244
292
292
276
324
356
372
460
396
276
212
148
164
244
292
276
244
120
48
24
80
148
212
196
112
88
32
8
164
324
372
292
228
164
228
428
524
556
524
460
428
492
492
524
556
620
588
492
428
396
372
356
372
308
164
-8
-112
-96
-40
-80
-260
-460
-492
-460
-372
-308
-324
-372
-396
-372
-276
-212
-180
-180
-132
-104
-104
-96
-132
-148
-148
-120
-72
-16
-40
-228
-372
-324
-196
-104
-148
-340
-524
-524
-372
-244
-260
-356
-428
-460
-492
-428
-356
-324
-396
-460
-428
-372
-292
-196
-112
-120
-164
-112
-64
16
64
64
-16
-64
-56
-88
-112
-120
-120
-64
-120
-212
-228
-228
-212
-164
-72
-64
-112
-148
-96
-56
24
96
132
164
180
180
104
104
244
396
460
460
428
428
460
588
716
748
652
460
356
340
396
524
588
524
396
228
164
180
164
148
56
-64
-180
-228
-308
-340
-260
-196
-148
-196
-308
-428
-460
-460
-324
-196
-148
-180
-164
-120
-88
-8
120
196
132
104
72
96
164
228
308
356
340
244
180
260
396
428
396
308
212
180
212
292
292
292
292
180
88
16
0
8
-32
-64
-56
-8
24
32
16
0
16
56
48
56
72
48
64
0
-16
-40
-48
-40
-88
-148
-276
-396
-396
-396
-460
-588
-684
-748
-748
-716
-684
-684
-716
-652
-588
-556
-524
-492
-492
-372
-276
-244
-180
-180
-180
-132
-40
120
340
428
340
308
340
396
492
524
492
396
324
260
244
164
132
164
164
132
64
-16
-112
-120
-80
-40
-96
-148
-212
-164
-56
24
112
164
180
148
180
228
292
396
460
460
428
340
244
260
260
228
180
148
56
-32
-56
-40
-16
-32
-148
-228
-244
-244
-276
-324
-292
-260
-276
-276
-244
-148
-80
-24
64
148
180
164
132
132
228
372
460
460
428
372
396
428
460
492
428
292
132
40
24
0
-16
-132
-276
-340
-396
-396
-492
-588
-620
-652
-684
-684
-684
-716
-716
-588
-460
-372
-340
-292
-260
-164
-56
0
24
40
96
148
212
244
308
356
396
460
492
460
396
308
292
396
460
460
396
292
292
324
356
396
396
276
180
180
164
148
88
56
48
64
80
72
0
-80
-112
-32
16
0
-104
-276
-396
-460
-372
-308
-356
-428
-460
-524
-524
-524
-492
-492
-396
-428
-460
-460
-396
-260
-164
-40
56
96
56
24
164
396
556
556
524
460
428
492
588
652
620
556
460
428
372
324
292
292
244
180
96
0
-132
-212
-260
-308
-324
-396
-524
-716
-812
-812
-780
-716
-716
-812
-876
-876
-844
-748
-620
-556
-524
-460
-372
-292
-228
-164
-56
-8
24
0
80
164
260
260
244
324
356
340
340
356
372
396
460
556
556
556
524
524
556
588
620
652
620
556
524
524
524
556
524
396
308
244
228
212
276
260
120
48
88
80
8
-32
-24
-32
-24
-80
-148
-196
-260
-260
-212
-180
-120
-72
-104
-132
-104
-56
0
132
196
244
292
308
292
308
324
372
396
372
292
164
80
120
228
292
228
72
-104
-244
-196
-148
-148
-244
-372
-524
-652
-652
-588
-524
-588
-716
-876
-924
-876
-844
-748
-812
-876
-876
-780
-620
-556
-588
-588
-492
-396
-340
-308
-276
-228
-228
-148
-32
40
64
24
-8
64
212
292
292
228
244
340
396
396
324
292
356
460
524
524
460
396
356
292
340
396
356
212
104
16
56
132
148
80
-64
-132
-132
-120
-180
-228
-196
-148
-96
-80
-96
-148
-148
-88
40
112
96
48
0
24
164
292
324
308
324
340
396
492
492
556
556
492
524
620
620
492
428
428
460
460
396
292
260
244
212
148
132
96
32
-24
-96
-88
-72
-148
-228
-308
-396
-460
-524
-588
-620
-620
-588
-620
-620
-652
-716
-684
-652
-556
-588
-588
-588
-556
-460
-428
-340
-228
-164
-180
-148
-64
32
120
196
308
340
324
340
428
460
492
492
460
460
396
396
356
372
340
292
212
120
48
-24
-80
-112
-112
-132
-148
-180
-260
-292
-228
-164
-64
-80
-180
-276
-324
-228
-104
8
0
-120
-196
-148
-56
32
40
-8
-80
-80
0
64
48
0
-48
-32
56
56
-8
-24
0
8
96
164
196
228
196
180
244
396
460
428
340
244
228
292
340
396
372
308
260
244
244
196
112
80
56
16
-40
-104
-148
-196
-228
-212
-164
-212
-260
-340
-372
-396
-356
-340
-396
-460
-524
-524
-492
-340
-292
-292
-292
-244
-180
-112
-104
-148
-112
-40
32
80
104
148
148
212
308
356
396
356
292
340
372
396
396
340
340
292
260
212
132
72
24
-64
-120
-96
-104
-148
-244
-244
-196
-164
-148
-196
-228
-212
-196
-132
-112
-112
-148
-164
-104
-16
56
48
0
0
72
132
164
112
24
32
120
244
212
88
16
24
80
164
164
80
0
-48
-40
32
120
112
40
-24
-80
0
120
180
164
148
132
132
212
276
244
180
148
132
148
112
32
8
40
16
-8
-48
-112
-180
-244
-324
-396
-460
-492
-524
-524
-460
-460
-460
-492
-460
-396
-308
-292
-276
-180
-132
-88
-56
8
80
132
244
276
292
292
308
356
396
396
428
396
372
340
276
244
212
164
132
120
48
-48
-164
-260
-244
-180
-132
-164
-228
-244
-260
-244
-196
-164
-132
-148
-148
-148
-132
-80
8
96
120
132
120
120
104
112
120
120
164
180
132
80
80
112
120
132
64
-8
0
32
48
32
-24
-96
-104
-32
0
40
24
-64
-180
-212
-120
-24
72
16
-96
-132
-96
8
104
132
132
96
80
96
112
112
104
88
56
32
16
0
0
0
0
-88
-164
-196
-180
-164
-132
-104
-112
-80
-32
-8
32
88
132
120
132
132
180
180
148
148
180
276
324
324
276
228
196
164
196
260
260
148
40
8
32
32
-24
-112
-228
-308
-308
-276
-228
-180
-212
-308
-372
-340
-292
-276
-212
-164
-132
-164
-180
-148
-96
-8
104
180
180
96
16
-8
0
88
148
132
80
8
-8
16
64
148
132
40
-8
-32
-24
40
64
64
24
-16
-40
-48
-8
-8
-64
-88
-132
-88
-16
8
24
16
-8
-32
-40
24
80
48
24
-32
-80
-72
-48
0
-8
-80
-196
-212
-148
-16
0
-80
-132
-132
-112
-88
-64
-56
-24
-56
-56
-8
32
0
-72
-24
40
112
228
276
212
112
64
148
228
292
276
180
88
96
180
308
372
276
148
96
56
0
-24
0
-56
-112
-132
-148
-148
-164
-164
-196
-164
-228
-276
-308
-324
-308
-276
-228
-148
-80
-56
-72
-72
-40
-8
8
0
-32
-88
-104
-64
32
180
244
228
164
96
104
164
260
244
164
96
88
104
120
120
112
88
24
-32
-56
-40
-8
24
24
0
-24
-64
-32
32
48
56
8
-24
-80
-88
-24
32
40
40
24
-8
16
104
148
80
32
40
48
40
32
8
-48
-64
-32
-40
-40
-56
-112
-120
-104
-56
-40
-72
-112
-148
-120
-24
80
48
32
0
88
212
276
308
260
196
196
228
260
324
276
164
72
48
88
64
32
0
-104
-212
-260
-324
-308
-308
-340
-396
-428
-396
-396
-372
-340
-324
-276
-228
-228
-196
-120
-48
0
72
132
148
88
56
88
132
148
132
132
88
24
16
112
164
148
64
-24
-40
-64
-32
-16
-96
-148
-196
-196
-196
-212
-180
-148
-104
-80
-88
-96
-72
24
132
132
132
180
180
180
244
228
276
244
212
180
180
212
212
180
180
228
196
180
148
120
112
112
132
132
88
8
0
0
24
56
24
-32
-64
-40
0
72
104
112
120
88
64
112
88
48
0
-40
-72
-88
-40
0
-64
-164
-260
-292
-244
-164
-132
-132
-196
-244
-244
-180
-132
-132
-196
-292
-340
-324
-244
-196
-196
-196
-164
-148
-64
16
16
24
64
88
88
32
-32
-64
-24
48
112
96
-24
-120
-132
-48
80
212
260
132
32
32
96
212
228
228
164
96
80
24
8
56
80
80
32
-24
-96
-96
0
112
164
80
-48
-164
-132
24
80
88
72
8
-32
8
64
460
748
492
80
-196
-276
-492
-460
-228
88
276
180
-24
32
96
164
212
228
132
-308
-588
-460
0
324
460
460
228
-196
-428
-340
-104
-48
-48
48
48
-32
40
292
460
396
196
56
-120
-340
-372
-148
56
132
120
104
-40
-164
-196
-132
-112
-228
-372
-492
-556
-492
-276
-96
-96
-180
-180
-180
-244
-148
-56
-80
-120
-104
8
72
104
196
308
308
228
196
228
244
228
308
396
396
372
396
428
372
292
212
180
80
-72
-180
-132
-24
0
-16
-56
-148
-180
-148
-104
-56
-132
-180
-196
-132
-80
-16
0
-48
-32
32
96
120
56
-8
-56
-8
88
180
148
40
16
24
32
32
56
16
-112
-8
308
340
80
-148
-244
-428
-588
-428
-260
-164
-228
-308
-104
372
524
356
196
16
-308
-620
-492
-88
244
340
324
276
64
-196
-196
-132
-276
-524
-652
-524
-324
-132
48
228
180
-112
-340
-460
-556
-588
-556
-292
24
196
180
148
196
164
148
164
148
0
-212
-244
32
276
396
428
396
324
260
244
260
308
292
196
96
148
244
292
340
356
308
180
24
-8
96
88
-16
-40
24
0
-56
0
56
32
-24
-40
56
72
0
-24
-16
-16
0
48
104
64
-56
-96
-24
80
164
164
132
72
40
88
148
212
212
80
0
88
180
260
228
120
48
0
16
40
64
16
-48
-104
-8
32
0
-48
-80
-164
-244
-228
-132
-56
-96
-164
-196
-260
-308
-324
-244
-196
-260
-324
-372
-396
-428
-396
-356
-292
-308
-308
-372
-428
-428
-340
-212
-132
-180
-244
-308
-308
-196
-104
-48
-120
-148
-180
-120
16
148
260
276
292
292
324
372
396
372
340
340
396
460
460
428
340
356
340
308
196
96
-16
-96
-112
-48
24
0
-56
-80
-64
-80
-72
-24
8
-16
-24
-8
32
80
88
132
132
132
120
112
148
212
324
324
324
308
324
244
180
196
196
164
120
88
56
40
0
0
24
32
32
56
8
-104
-228
-276
-260
-164
-8
0
-80
-180
-196
-164
-56
56
56
-56
-180
-212
-212
-164
-72
-32
-48
-164
-276
-340
-372
-372
-324
-244
-228
-276
-340
-396
-460
-396
-260
-180
-228
-340
-396
-372
-292
-196
-96
-48
-72
-120
-104
-40
40
148
244
228
180
148
180
244
308
396
428
460
396
324
292
292
276
324
308
212
132
80
80
120
148
148
88
8
-24
-16
8
80
132
164
104
24
-24
0
56
96
120
120
104
8
-56
-24
24
0
-40
-112
-164
-196
-180
-120
-24
32
0
-32
-64
-88
-48
0
40
32
-16
-32
0
48
96
112
88
56
40
56
104
132
148
148
104
104
112
132
104
72
80
16
-56
-88
-80
-120
-148
-164
-132
-132
-196
-228
-228
-276
-260
-180
-148
-180
-276
-308
-324
-276
-212
-196
-228
-260
-212
-196
-132
-120
-120
-72
-132
-180
-132
-148
-148
-132
-40
32
40
24
24
80
180
228
244
244
228
180
164
212
292
276
244
276
324
292
260
244
244
276
276
292
260
244
196
148
132
88
64
16
-40
-48
-32
-32
-56
-80
-80
-72
-56
-56
-56
-72
-56
-64
-56
-72
-48
-24
-16
72
104
96
72
48
-8
0
32
88
72
48
24
-8
16
56
96
72
48
32
-8
-40
-24
48
112
104
56
32
0
0
0
16
48
32
-32
-96
-72
-48
-88
-112
-148
-164
-180
-228
-260
-292
-308
-324
-308
-356
-428
-460
-460
-460
-428
-396
-396
-396
-396
-372
-292
-260
-228
-164
-64
0
8
-16
-32
24
88
196
292
324
340
308
292
308
340
356
324
308
260
244
260
244
244
228
164
80
64
80
96
132
148
148
88
48
24
16
40
64
72
80
56
24
16
0
24
48
48
56
72
80
80
88
120
164
132
48
-8
-8
-8
-8
32
80
72
40
-8
-64
-88
-72
-40
-32
-16
-48
-96
-72
-8
40
88
96
16
-48
-80
-48
48
120
132
96
32
16
72
88
40
0
-40
-88
-96
-104
-148
-196
-244
-260
-228
-228
-228
-276
-356
-356
-260
-228
-228
-212
-244
-276
-244
-164
-104
-64
-72
-88
-64
16
104
164
180
196
212
212
212
244
292
292
292
292
276
244
212
228
228
228
212
196
148
132
104
80
64
40
-16
-80
-112
-148
-80
-24
0
-24
-64
-80
-64
-8
8
0
-88
-164
-228
-212
-164
-120
-112
-132
-164
-164
-132
-96
-104
-120
-96
-88
-120
-104
-96
-132
-132
-132
-132
-132
-64
0
72
56
56
88
132
212
212
212
180
164
180
244
260
276
260
212
196
212
276
244
180
96
32
0
-24
-24
-72
-104
-180
-228
-228
-164
-148
-180
-212
-260
-308
-324
-356
-324
-308
-292
-228
-196
-148
-96
-72
-48
-32
-8
-24
-8
40
80
88
120
164
196
180
196
244
212
148
132
132
148
180
212
212
164
132
148
164
120
80
72
48
0
-16
0
24
32
8
16
16
-16
-32
-8
24
48
48
-32
-120
-148
-132
-132
-96
-56
-96
-120
-132
-104
-96
-64
