SAMPLES:	7506
BITSPERSAMPLE:	16
CHANNELS:	1
SAMPLERATE:	16000
NORMALIZED:	FALSE
-8
-8
-8
0
-8
0
-8
-8
-8
-8
-8
-8
-8
0
0
0
0
0
0
0
0
0
0
0
0
0
0
0
0
0
0
0
0
0
0
0
0
0
0
0
0
0
0
0
0
0
0
0
0
8
8
8
8
8
8
8
8
8
8
8
8
8
8
8
16
16
16
16
16
16
16
16
16
16
8
8
8
8
0
8
8
8
8
8
8
8
0
0
0
0
0
0
0
0
0
0
0
0
0
-8
-8
-8
-8
-8
-8
-16
-8
-8
-8
-8
-8
-8
-16
-16
-8
-16
-16
-8
-8
-8
-8
-8
-8
-8
-8
-8
-8
-8
0
0
0
0
0
0
0
0
0
0
0
0
0
0
0
0
0
0
0
0
0
0
0
0
0
0
0
0
0
0
0
0
0
0
0
0
0
0
8
0
0
0
0
0
0
0
0
0
0
0
0
0
0
0
0
0
0
0
0
0
0
0
-8
-8
-8
-8
-8
-16
-16
-16
-8
-8
-8
-8
-8
-8
-8
-8
-8
-8
-8
-8
-8
-8
0
0
0
0
0
0
0
0
0
0
0
0
0
0
0
0
0
8
8
8
8
8
8
8
8
16
16
16
16
16
16
16
24
24
16
16
16
16
16
16
16
16
16
16
16
16
16
16
16
16
8
16
8
8
8
8
8
8
8
8
8
8
8
8
8
8
8
8
8
8
8
8
8
0
0
0
0
0
0
0
0
0
0
0
0
0
0
0
0
0
0
0
0
-8
-8
-8
-8
-8
-8
-8
-16
-16
-16
-16
-16
-16
-16
-16
-16
-16
-16
-24
-24
-24
-32
-32
-32
-32
-32
-32
-32
-32
-32
-32
-32
-32
-40
-40
-40
-32
-32
-32
-32
-32
-32
-24
-24
-24
-24
-24
-16
-16
-16
-16
-16
-16
-8
-8
0
0
0
0
0
0
8
8
16
16
16
16
16
24
24
24
24
32
32
32
40
40
40
48
48
48
48
48
48
40
40
40
40
40
40
40
40
40
40
32
32
32
32
32
32
24
24
24
24
24
16
16
8
8
8
8
8
0
0
0
0
0
0
0
0
0
-8
-8
-8
-8
-8
-8
-16
-16
-16
-16
-16
-24
-24
-24
-24
-24
-24
-24
-24
-24
-24
-32
-32
-32
-32
-32
-32
-32
-32
-40
-32
-32
-32
-32
-32
-32
-32
-32
-24
-32
-24
-32
-24
-24
-16
-16
-8
-8
-8
-8
0
0
0
0
0
0
0
0
8
8
8
8
16
16
16
16
16
16
24
24
24
24
24
24
24
24
24
24
24
24
24
24
24
24
24
24
24
24
24
24
16
16
16
16
16
16
16
16
8
8
8
8
8
8
8
0
0
0
0
0
0
0
0
0
0
0
0
0
0
0
0
0
-8
0
-8
-8
-8
-8
-8
-16
-16
-16
-8
-8
-8
-16
-16
-16
-16
-16
-16
-16
-16
-16
-24
-24
-24
-24
-24
-16
-24
-24
-24
-24
-24
-24
-16
-16
-16
-16
-16
-16
-16
-16
-16
-8
-8
-8
-8
-8
-8
-8
0
0
0
0
0
0
0
8
8
8
8
8
8
8
16
16
16
24
24
24
24
24
24
24
24
24
24
24
24
24
24
24
24
24
24
24
24
24
24
16
16
16
16
16
16
8
8
8
0
0
0
0
0
0
0
0
0
0
0
0
0
-8
-8
-8
-8
-8
-8
-8
-16
-8
-8
-8
-8
-8
-8
-16
-16
-16
-16
-16
-16
-16
-16
-16
-16
-16
-16
-16
-16
-16
-16
-16
-8
-16
-16
-8
-16
-8
-8
-8
-8
-8
-8
-8
0
0
0
-8
0
-8
-8
0
0
0
0
0
0
0
0
0
0
8
8
8
8
8
8
8
8
8
8
8
8
8
8
8
8
8
8
8
8
0
8
8
8
8
8
0
0
0
0
0
0
0
0
0
0
0
0
0
0
0
0
0
0
0
0
0
0
0
0
0
0
0
0
0
0
0
0
0
0
0
0
0
0
0
0
0
0
0
0
0
0
0
0
0
0
0
0
0
0
0
0
0
0
0
0
0
0
0
0
0
0
0
0
0
0
0
0
0
0
0
0
0
0
0
0
0
0
0
0
0
0
0
0
0
0
0
0
0
0
0
0
8
8
8
8
8
8
8
8
8
8
8
8
0
0
0
0
0
0
0
0
8
0
0
8
0
0
0
0
0
0
0
-8
0
-8
-8
-8
-8
-8
-8
-16
-16
-16
-16
-16
-16
-16
-16
-24
-24
-24
-24
-24
-24
-24
-24
-24
-24
-24
-24
-16
-16
-16
-16
-8
-8
-16
-8
-16
-8
-8
-8
-8
-8
-8
-8
0
0
0
0
0
0
0
0
0
0
0
8
8
8
8
8
8
8
16
16
16
16
24
24
24
24
24
24
24
24
24
24
24
24
24
24
24
24
24
24
24
24
24
24
24
24
24
24
24
16
16
16
16
16
16
8
8
16
16
16
16
8
8
8
8
8
0
0
0
0
0
0
0
0
0
0
-8
-8
-8
-16
-16
-16
-16
-16
-16
-16
-16
-16
-24
-24
-24
-24
-24
-32
-24
-24
-24
-24
-24
-32
-32
-32
-32
-24
-24
-24
-24
-24
-24
-24
-24
-24
-24
-24
-24
-24
-24
-16
-16
-16
-16
-8
0
0
0
0
0
-8
-8
0
0
0
0
0
0
0
0
0
0
0
8
8
8
8
8
8
16
16
16
8
8
16
16
8
16
16
16
16
16
16
24
24
16
24
24
24
24
24
24
24
24
24
24
24
24
16
16
16
16
16
24
24
16
16
24
16
16
16
8
8
8
8
0
0
0
0
8
0
0
0
0
-8
0
-8
-8
-8
-8
-16
-16
-24
-24
-24
-24
-24
-24
-24
-24
-24
-32
-24
-24
-24
-24
-24
-32
-40
-40
-32
-32
-32
-24
-16
-16
-16
-16
-8
-8
-8
-8
0
-8
-8
-8
0
0
0
0
0
0
0
0
0
0
8
8
8
8
8
8
16
16
16
16
16
16
16
16
16
24
24
24
24
24
24
24
24
24
24
24
16
16
16
16
16
16
8
8
8
0
0
8
0
0
0
0
-8
-8
-8
0
-8
-8
0
0
0
0
-8
-8
-8
-8
0
-8
-8
-8
-16
-16
-24
-24
-24
-32
-32
-24
-24
-24
-24
-24
-24
-24
-32
-32
-24
-32
-24
-24
-16
-16
-8
-8
-8
-8
-8
0
0
0
0
0
0
0
0
0
0
0
0
0
0
0
8
8
16
16
24
24
24
24
24
24
16
24
24
32
32
32
32
24
24
24
24
24
24
32
32
32
24
24
16
8
8
8
0
0
8
8
8
8
8
0
0
0
0
8
0
0
0
0
-8
-8
-16
-16
-8
-8
-16
-16
-8
-8
0
0
-8
-8
-8
-16
-24
-24
-32
-32
-24
-16
-16
-16
-8
-8
-8
-8
-16
-16
-16
-16
-16
-24
-24
-24
-24
-16
-24
-24
-24
-8
8
0
-32
-48
8
80
80
0
-56
-32
32
72
64
64
64
32
-40
-72
-24
48
64
56
40
8
-48
-120
-88
32
132
104
-32
-132
-148
-96
-16
48
80
24
-80
-148
-120
-24
24
16
-8
-40
-72
-104
-112
-64
8
48
24
-24
-56
-80
-72
-8
96
148
104
24
0
40
112
180
276
372
372
260
132
180
372
524
492
372
292
276
260
244
244
260
260
196
56
-56
-148
-212
-212
-164
-148
-276
-492
-620
-652
-524
-428
-460
-556
-684
-716
-716
-620
-524
-460
-460
-428
-428
-396
-356
-308
-228
-120
-40
-16
-40
-88
-80
-16
120
244
244
120
24
40
132
212
244
212
148
88
40
32
72
120
132
104
80
32
0
-48
-32
48
132
132
64
0
-8
48
132
212
228
180
104
112
180
276
396
556
748
876
924
780
684
684
924
1180
1308
1244
988
812
780
812
924
988
924
748
428
48
-212
-260
-148
-88
-212
-524
-988
-1308
-1372
-1244
-1052
-1052
-1244
-1564
-1692
-1628
-1436
-1244
-1180
-1116
-876
-748
-844
-924
-812
-556
-340
-228
-212
-244
-276
-308
-228
8
228
244
24
-148
-148
-56
-24
-40
-8
16
-8
-104
-180
-132
-16
24
56
80
56
-40
-120
-24
196
396
340
196
88
80
180
260
356
356
132
-80
-180
-80
0
-8
-64
-180
-244
-324
-396
-356
-260
-164
-16
196
492
716
876
844
844
1116
1628
1980
1980
1820
1628
1820
1980
1980
1692
1564
1564
1628
1308
844
324
-64
-212
-244
-228
-524
-1180
-1884
-2236
-1980
-1564
-1564
-1980
-2492
-2492
-2236
-1980
-1692
-1500
-1436
-1308
-1116
-876
-684
-492
-428
-292
88
396
396
196
120
308
716
1052
1052
748
396
180
228
492
748
652
292
-56
-148
32
196
244
148
-56
-212
-276
-196
-96
-16
-8
-104
-164
-244
-308
-260
-148
0
80
-56
-276
-492
-556
-492
-276
-56
40
132
228
460
780
988
1180
1244
1372
1692
1884
1692
1308
1372
1820
2108
1980
1564
1116
1052
924
652
308
24
-96
-292
-684
-1244
-1692
-1980
-2108
-1980
-1820
-1980
-2492
-3132
-3132
-2620
-1980
-1628
-1628
-1820
-1884
-1628
-1180
-716
-372
-276
-340
-372
-212
0
212
292
372
524
748
748
524
356
340
492
716
748
684
652
524
460
460
588
748
652
524
428
492
556
524
684
780
876
924
844
748
556
396
324
228
244
180
32
-196
-460
-524
-684
-812
-748
-652
-588
-684
-620
-308
276
876
1116
1180
1308
1692
2236
2492
2620
2620
2492
2492
2620
2748
2620
2492
2236
1980
1372
716
372
276
80
-372
-1116
-1884
-2364
-2364
-2108
-2108
-2492
-3004
-3388
-3516
-3132
-2492
-2236
-2492
-2620
-2236
-1692
-1372
-1180
-924
-684
-652
-588
-228
24
0
-80
0
340
620
556
196
0
148
396
428
180
-80
-196
-260
-180
0
112
32
-228
-260
112
428
428
196
80
292
556
716
716
684
620
620
556
588
684
492
212
120
132
212
96
-292
-652
-812
-652
-372
-460
-684
-684
-276
308
748
1180
1372
1372
1628
2108
2620
3004
3004
2876
2876
3132
3132
2876
2748
2876
2876
2364
1564
988
556
244
-164
-684
-1180
-1628
-2236
-2748
-3004
-3004
-3004
-3132
-3132
-3260
-3260
-3388
-3388
-3132
-2620
-2108
-1756
-1692
-1756
-1692
-1372
-844
-112
180
72
-132
-212
0
340
716
924
924
652
356
164
212
428
652
716
556
372
196
164
324
620
780
716
396
244
372
652
844
812
652
492
460
524
588
556
340
64
-80
72
164
-48
-524
-876
-988
-844
-684
-716
-844
-1052
-1116
-1052
-844
-780
-812
-716
-356
228
780
1116
1500
1980
2364
2748
3260
3772
3772
3516
3644
4092
4604
4348
3644
3132
3004
2876
2492
1980
1372
684
24
-524
-988
-1436
-2108
-2620
-2876
-3132
-3388
-3900
-4348
-4604
-4348
-4092
-3900
-3900
-3772
-3516
-3132
-2876
-2492
-2108
-1820
-1692
-1500
-1180
-716
-396
-356
-308
-180
40
372
492
524
428
148
24
120
372
492
324
80
-8
148
428
524
356
88
96
292
340
460
620
748
748
748
876
988
988
812
716
844
988
876
524
340
492
652
588
396
32
-308
-308
-16
244
212
-32
-228
-260
-104
164
460
620
556
492
588
844
1244
1884
2364
3004
3388
3260
3388
3772
4604
5116
4348
2748
1980
3004
4348
4348
3388
2364
1628
876
-96
-492
-244
48
-620
-2236
-3516
-4348
-4604
-4348
-3516
-2492
-2748
-4604
-6396
-6652
-5116
-3516
-2748
-2876
-3388
-4092
-4092
-2748
-988
-48
-324
-1180
-1372
-1116
-556
-212
120
876
1308
1052
396
16
228
492
876
1436
1564
620
-924
-1436
-460
844
1308
988
356
-396
-924
-748
80
924
1116
748
212
96
372
684
1180
1628
1980
1692
812
196
324
924
1500
1756
1692
1052
308
-8
340
1116
1372
924
148
-428
-428
-132
340
812
1244
1564
1180
620
324
428
844
1436
1884
1980
1980
1884
1980
2236
3004
3772
3900
3516
3004
2748
2492
2108
1980
2364
2748
2236
1308
340
-276
-588
-988
-1500
-1820
-2108
-2748
-3644
-4604
-4860
-4604
-4604
-4604
-4348
-4348
-5116
-5628
-5628
-4860
-3900
-3388
-3004
-2748
-2748
-2364
-1564
-652
-48
460
1052
1180
876
588
876
1628
2108
2364
2236
1820
1308
876
812
1244
1692
1308
164
-748
-748
-460
-460
-428
-308
-492
-1116
-1564
-1116
-460
-260
-276
-164
64
308
460
620
924
1436
1820
1820
1692
1756
1692
1564
1436
1756
1980
1628
988
652
748
780
716
588
460
228
-16
48
340
588
524
292
276
428
716
924
876
812
780
924
1308
1884
2620
3132
3388
3772
4604
5372
5116
3260
1628
1980
3772
5116
4604
2876
1308
524
164
-64
-148
-16
-244
-1308
-3004
-4604
-5372
-5628
-4604
-3132
-2492
-3516
-5628
-7420
-7164
-5372
-3388
-2620
-2876
-4092
-4604
-4348
-3004
-1372
-132
104
-396
-1052
-1180
-780
492
1692
1980
1244
460
524
588
324
164
780
1628
1116
-460
-1884
-1980
-1180
-492
-16
292
-260
-1820
-3260
-2492
-212
1116
684
-556
-988
-876
-372
684
1820
2492
1980
988
556
1180
2108
2364
2236
1980
1980
1564
620
148
652
1308
1372
812
196
-324
-684
-556
228
1052
1052
244
-292
-164
460
1052
1372
1564
1564
1436
1180
1180
1564
1980
2364
2748
3260
3644
3644
3516
4092
5372
6140
5372
3260
1980
2492
3900
4860
4348
2748
1500
492
-132
-356
-196
-72
-620
-1820
-3260
-4604
-5372
-5372
-4348
-3260
-3132
-4348
-6396
-7164
-6652
-5116
-3644
-3004
-3516
-4348
-4860
-4348
-2876
-1436
-684
-748
-1180
-1500
-1372
-988
-492
556
1980
2620
1628
148
-260
308
812
1244
1692
1820
924
-924
-2108
-1756
-372
780
988
308
-812
-2108
-3004
-2236
164
1980
1628
-180
-1500
-1308
-80
1500
2620
2748
1628
308
-32
684
1820
2364
2108
1436
924
556
64
-396
-180
620
988
428
-556
-1180
-1436
-1116
-64
1052
1308
396
-588
-620
260
1500
2492
2748
2364
1628
1244
1436
2108
3004
3644
3772
3772
3644
3644
4092
5372
5884
5116
3004
1628
2236
3644
4348
3516
2236
1116
276
-428
-780
-556
-276
-748
-1980
-3388
-4604
-5116
-4860
-3900
-2620
-2620
-4348
-6140
-6908
-5884
-4348
-3260
-2876
-3388
-4092
-4348
-4092
-2876
-1500
-844
-988
-1436
-1628
-1628
-1692
-1372
-396
780
1756
1628
988
260
16
460
924
1500
1564
924
-72
-988
-780
104
844
844
260
-292
-620
-924
-780
-104
652
748
212
16
212
652
988
1180
1372
1116
684
428
460
652
812
780
524
276
148
0
-260
-524
-556
-396
-340
-396
-340
-308
-396
-356
24
524
876
924
988
1244
1436
1820
2236
2492
2492
2364
2364
2236
2364
2620
3004
3388
3388
3516
3644
4348
5116
5372
4092
2108
1564
2876
4348
4348
2876
1500
716
396
244
32
0
-132
-780
-1820
-3004
-4092
-4604
-4604
-3516
-2492
-2876
-4604
-6396
-6908
-5884
-4348
-3388
-3388
-4092
-4860
-5116
-4348
-2876
-1820
-1500
-1628
-1820
-1692
-1436
-1244
-876
-72
844
1372
1628
1500
924
812
1436
2236
2492
1756
876
228
104
460
1052
1436
844
-80
-748
-924
-428
112
228
24
-396
-652
-716
-180
652
1052
716
-24
-324
-80
260
524
588
396
96
-64
-40
48
244
276
104
-212
-356
-340
-308
-228
64
428
428
148
48
276
748
1372
1980
2364
2236
1884
1820
2108
2364
2620
2748
2492
2108
1980
2236
2876
3516
3900
4092
4348
4860
4092
2492
1308
1884
3516
4348
3388
1884
844
492
324
148
64
-32
-652
-1820
-3004
-4092
-4604
-4604
-4092
-3132
-3004
-4092
-5884
-6908
-6396
-5116
-3772
-3388
-4092
-4860
-5116
-4348
-3004
-1692
-1052
-1180
-1564
-1564
-1052
-620
-244
396
1180
1628
1884
1884
1564
1180
1692
3004
3516
2492
924
228
492
988
1628
1980
1820
716
-588
-1116
-556
460
924
396
-356
-924
-1244
-1116
-292
988
1372
556
-492
-988
-652
-180
276
588
396
-228
-924
-1052
-652
132
620
340
-372
-876
-924
-684
-276
292
716
524
-32
-40
588
1244
1884
2492
2876
2620
2236
2108
2364
2748
3260
3388
3132
2620
2492
2620
3132
3644
3900
4348
4348
4092
2748
1372
1052
2364
3644
3644
2236
876
148
-24
-8
-24
-16
-524
-1564
-2748
-3644
-4092
-4092
-4092
-3516
-3260
-3772
-4860
-6140
-6396
-5628
-4604
-3772
-3900
-4604
-4860
-4604
-3772
-2492
-1436
-1244
-1564
-1884
-1628
-988
-356
228
812
1308
1564
1628
1436
1308
1756
2748
3132
2620
1436
780
716
748
988
1628
1980
1244
-244
-1180
-876
-88
260
104
-292
-876
-1692
-2108
-1180
196
844
228
-812
-1372
-1308
-716
-32
428
340
-356
-1052
-1052
-324
652
988
524
-88
-244
-56
212
460
844
1116
924
652
780
1180
1436
1692
2236
2876
2876
2492
1980
1884
2236
2876
3388
3260
2620
2236
2620
3132
3644
4348
4860
4860
3644
1980
1372
2236
3772
4348
3388
1980
1180
812
588
524
684
588
-524
-1980
-3004
-3516
-3772
-3772
-3260
-2876
-3388
-4860
-6140
-6396
-5628
-4604
-3772
-3772
-4348
-5116
-5116
-4348
-3004
-1692
-1436
-1980
-2492
-2236
-1564
-716
164
780
844
588
620
1052
1564
1884
2236
2748
2748
1884
876
652
1180
1372
1308
1372
1244
492
-716
-1372
-748
212
372
-340
-1308
-1980
-2492
-2236
-1116
212
260
-1052
-2236
-2492
-1564
-524
132
96
-492
-1244
-1564
-988
196
1052
924
88
-556
-372
356
1052
1308
1308
1180
924
924
1436
1980
2108
1980
2236
2876
3132
2748
2364
2364
2620
2876
3004
2876
2620
2492
2620
3004
3516
4348
4860
4348
2876
1628
1628
2748
3772
3644
2492
1564
1180
1116
1052
684
260
-228
-988
-1756
-2364
-3004
-3388
-3516
-3004
-2876
-3388
-4604
-5628
-5884
-5116
-4092
-3516
-3516
-4348
-4860
-4604
-3516
-2236
-1564
-1628
-2108
-2236
-1820
-876
-40
556
812
748
716
780
1372
2492
2876
2236
1180
924
1308
1436
1180
844
780
492
48
-72
-112
-356
-812
-1180
-924
-748
-1308
-2364
-3004
-2364
-1180
-620
-1116
-1884
-2364
-2236
-1564
-428
292
-72
-1180
-1692
-924
524
1500
1436
780
132
96
556
1244
1756
1820
1244
652
716
1500
2108
2236
2108
1980
1980
1980
2236
2620
2492
1980
1692
1820
1980
2108
1980
2108
2364
2364
2364
2492
2748
3388
3644
3004
1980
1628
2108
2748
3004
2748
2364
1884
1436
1180
924
524
148
-228
-748
-1436
-2108
-2748
-3004
-2748
-2620
-3004
-3772
-4604
-5116
-5116
-4348
-3644
-3516
-4092
-4860
-4860
-3900
-3004
-2236
-2108
-2364
-2364
-2108
-1436
-428
308
492
228
132
924
2108
2492
1820
1052
1116
1692
1884
1884
1692
1308
716
260
524
1052
988
-24
-1052
-1052
-556
-524
-1180
-1500
-1372
-1500
-1756
-1564
-1116
-1052
-1500
-1564
-924
-308
-460
-844
-716
-228
276
524
588
460
260
292
460
748
988
924
556
324
620
1180
1436
1308
1308
1372
1436
1628
2108
2492
2236
1628
1436
1820
2236
2364
2236
1980
1692
1692
2108
2620
2748
2492
2236
2236
2748
3132
3004
2236
1628
1436
1692
1980
2108
1820
1436
812
212
-96
-212
-228
-556
-1180
-1980
-2620
-2876
-2876
-2620
-2492
-2748
-3644
-4604
-4860
-4604
-3772
-3132
-3260
-3644
-3900
-3900
-3260
-2364
-1756
-1756
-1980
-1980
-1564
-780
-180
-24
64
588
988
748
196
276
988
1372
1372
1372
1500
1244
588
460
1180
1628
988
-80
-524
-308
-324
-652
-684
-396
-620
-1500
-1884
-1372
-876
-924
-1116
-924
-556
-588
-716
-396
212
356
48
24
292
620
844
988
1052
1052
924
716
812
1180
1564
1436
1244
1180
1372
1436
1500
1756
1980
1756
1244
1116
1500
1884
1884
1756
1756
1564
1244
1180
1628
1980
1692
1244
988
988
1052
1180
1436
1628
1436
1180
988
1052
1052
876
652
652
780
684
356
104
8
-32
-180
-428
-716
-1116
-1692
-1980
-1820
-1564
-1756
-2236
-2492
-2620
-2492
-2236
-2236
-2236
-2364
-2620
-2620
-2492
-2236
-2108
-2108
-2108
-1980
-1884
-1884
-1756
-1564
-1436
-1244
-1116
-1052
-988
-988
-748
-396
-228
-212
-244
-132
56
292
428
492
556
396
180
260
556
652
356
24
-8
64
48
16
96
64
-164
-260
0
372
524
428
308
292
292
396
620
876
988
844
748
812
1052
1244
1308
1308
1244
1372
1564
1692
1820
1884
1820
1820
1884
1980
2108
1980
1692
1628
1500
1436
1308
1244
1052
844
620
492
524
324
112
-16
-132
-212
-308
-396
-492
-556
-556
-460
-292
-228
-244
-340
-340
-228
-148
-180
-212
-276
-460
-588
-556
-460
-396
-428
-620
-780
-924
-876
-812
-812
-876
-988
-1052
-1052
-988
-924
-924
-1052
-1116
-1180
-1116
-1052
-1052
-1180
-1180
-1116
-1116
-1116
-1052
-988
-924
-924
-844
-780
-716
-620
-524
-428
-428
-524
-492
-492
-524
-492
-556
-588
-620
-684
-684
-588
-492
-460
-492
-428
-356
-228
-112
48
276
396
524
716
988
1180
1244
1244
1308
1372
1372
1436
1436
1372
1308
1308
1436
1692
1820
1884
1820
1628
1500
1564
1628
1564
1436
1308
1116
1052
1116
1180
1052
812
588
460
340
260
88
-72
-260
-460
-524
-492
-460
-492
-556
-588
-652
-620
-588
-492
-492
-588
-588
-556
-492
-492
-556
-556
-460
-340
-396
-428
-372
-324
-292
-164
-24
48
-32
-180
-212
-112
56
148
96
-88
-260
-372
-340
-244
-148
-212
-524
-844
-924
-844
-652
-684
-812
-924
-988
-876
-716
-620
-652
-780
-780
-620
-428
-396
-428
-492
-460
-372
-308
-292
-308
-396
-460
-492
-460
-372
-260
-276
-396
-460
-396
-212
-56
56
164
120
164
260
372
556
620
620
620
684
780
812
780
876
1052
1180
1308
1244
1180
1052
1116
1308
1436
1372
1180
1116
1052
1180
1116
1052
748
492
372
324
260
196
24
-196
-396
-524
-556
-524
-492
-652
-748
-748
-716
-716
-684
-716
-716
-716
-684
-588
-428
-356
-428
-556
-524
-460
-428
-492
-492
-492
-460
-356
-228
-132
-148
-228
-244
-96
80
244
244
148
48
72
196
340
396
372
260
148
88
148
244
276
260
196
148
164
356
492
492
428
308
292
396
460
324
196
120
148
112
64
-24
-112
-244
-356
-372
-396
-588
-780
-876
-844
-780
-716
-620
-588
-620
-652
-620
-524
-372
-148
-88
-212
-228
-180
-104
16
64
96
64
8
48
112
228
324
324
428
428
492
524
524
588
588
620
588
460
356
212
120
148
196
196
0
-292
-460
-396
-244
-112
-112
-212
-396
-428
-356
-244
-180
-180
-196
-180
-120
-24
112
164
148
164
180
148
164
228
260
292
276
260
276
340
324
324
372
396
396
460
460
356
308
308
324
356
356
292
180
56
-72
-48
0
8
-80
-164
-196
-180
-8
120
120
40
-16
-16
80
180
196
148
132
96
24
48
72
80
8
-96
-196
-292
-356
-428
-492
-460
-428
-396
-396
-492
-556
-556
-524
-460
-396
-372
-492
-588
-652
-588
-492
-460
-460
-460
-492
-524
-460
-292
-180
-228
-308
-324
-292
-196
-24
40
8
0
-48
24
40
-8
-148
-180
-112
-16
8
-64
-244
-372
-396
-196
72
132
8
-148
-132
24
260
428
492
460
460
524
652
780
924
988
924
924
924
988
988
924
876
924
924
924
876
780
716
652
620
684
716
588
396
276
324
428
428
356
244
96
-48
-16
64
80
16
-132
-260
-244
-180
-96
-24
-40
-104
-180
-164
-132
-148
-228
-308
-308
-340
-428
-524
-556
-556
-684
-780
-844
-844
-924
-988
-988
-924
-844
-780
-780
-844
-844
-780
-684
-556
-492
-428
-460
-460
-428
-396
-324
-324
-324
-356
-356
-396
-356
-292
-228
-228
-308
-356
-308
-228
-112
-40
-88
-196
-212
-148
-88
-64
-120
-228
-292
-212
-80
24
-48
-196
-276
-212
48
276
324
228
132
212
428
588
716
748
716
812
924
1116
1116
1052
988
1052
1116
1180
1116
988
844
844
924
1052
1116
1052
924
812
844
924
876
748
588
460
396
396
460
524
372
196
80
16
0
-80
-180
-244
-308
-396
-492
-524
-460
-460
-492
-556
-556
-524
-524
-556
-524
-492
-460
-492
-460
-460
-460
-460
-492
-492
-492
-524
-556
-556
-492
-396
-340
-340
-356
-396
-396
-340
-260
-164
-164
-180
-244
-292
-244
-148
-120
-132
-244
-340
-460
-556
-556
-460
-372
-396
-460
-524
-524
-428
-260
-164
-148
-212
-324
-356
-276
-212
-212
-260
-324
-292
-228
-148
-112
-112
-88
-72
-32
-16
8
8
0
40
148
276
340
396
492
524
492
556
556
620
716
716
652
588
652
780
844
924
844
876
844
812
876
924
812
716
748
780
748
716
748
748
684
588
492
396
324
260
180
80
-56
-196
-260
-292
-308
-324
-396
-524
-652
-588
-556
-588
-620
-588
-524
-524
-524
-524
-524
-524
-492
-396
-260
-244
-228
-244
-196
-8
132
164
88
16
8
72
196
276
292
260
196
112
80
80
72
56
-40
-132
-244
-396
-524
-492
-372
-324
-324
-396
-556
-652
-620
-460
-396
-356
-428
-492
-524
-460
-292
-196
-228
-324
-428
-492
-428
-308
-228
-196
-244
-324
-340
-228
-132
-104
-120
-180
-212
-212
-132
-72
-48
-8
0
48
112
180
180
132
164
260
356
460
460
460
492
556
652
652
620
588
524
524
588
652
684
684
652
588
524
524
524
556
460
308
228
164
148
132
148
148
120
40
-32
-32
40
104
80
40
-16
-48
-16
32
40
56
16
-40
-88
-88
0
88
80
56
88
132
148
228
276
196
72
56
96
132
132
32
-96
-260
-356
-276
-164
-148
-228
-460
-620
-620
-556
-428
-428
-588
-684
-748
-748
-620
-524
-460
-460
-428
-372
-260
-196
-180
-104
-80
-40
24
96
120
80
120
212
260
244
212
180
148
132
120
96
104
88
8
0
8
32
40
32
80
80
80
64
96
120
132
132
180
228
260
228
228
292
292
276
276
292
324
396
396
340
228
112
-32
-88
-40
-48
-132
-292
-428
-524
-492
-428
-396
-372
-428
-524
-556
-492
-372
-276
-244
-260
-340
-372
-324
-228
-96
-56
-88
-120
-112
0
196
324
308
260
196
244
308
396
356
292
212
148
148
112
96
8
-24
-88
-96
-80
-96
-228
-340
-396
-396
-324
-308
-292
-276
-244
-212
-148
-164
-180
-164
-80
16
48
120
88
80
96
212
308
276
292
324
324
292
340
428
460
460
524
588
588
524
492
492
492
524
492
428
356
340
340
372
396
324
228
212
244
244
228
164
132
120
96
56
16
-48
-80
-88
-96
-96
-104
-112
-132
-112
-64
-112
-180
-244
-228
-164
-196
-212
-292
-372
-356
-276
-164
-112
-88
-148
-196
-180
-104
0
0
-80
-196
-228
-212
-164
-88
-104
-180
-244
-244
-196
-88
-56
-88
-148
-164
-104
-148
-228
-292
-340
-308
-244
-228
-308
-396
-524
-556
-556
-492
-428
-524
-684
-780
-716
-652
-588
-556
-556
-524
-524
-460
-372
-324
-340
-260
-104
24
120
164
196
244
340
460
524
460
524
620
748
812
844
812
748
716
780
812
812
812
716
620
556
524
524
460
396
292
212
148
48
8
-8
-64
-64
0
-24
-80
-96
-64
-8
0
-8
-88
-112
-56
24
48
32
-40
-88
-56
-24
0
-24
-104
-164
-112
-40
8
0
-24
-56
-48
0
24
40
-40
-112
-164
-120
-56
-16
-64
-164
-180
-148
-132
-72
8
24
64
80
132
164
212
180
196
260
276
260
164
80
56
72
80
120
132
104
40
-24
-16
-8
-32
-72
-164
-308
-372
-372
-324
-260
-244
-260
-260
-308
-276
-228
-180
-228
-260
-260
-260
-212
-132
-96
-104
-80
-80
-88
-40
-40
-32
-32
-32
24
56
48
8
40
112
88
8
-104
-196
-244
-244
-164
-112
-164
-212
-292
-292
-148
-16
72
88
56
-8
-16
40
104
180
180
148
80
40
112
196
260
244
180
164
112
132
196
196
180
132
120
148
196
164
120
104
64
72
72
32
-56
-132
-148
-112
-80
-56
-32
-48
-96
-120
-48
40
88
120
132
120
148
196
244
276
196
96
120
148
164
148
88
96
88
132
120
72
88
24
0
40
32
0
-64
-112
-88
-56
-16
-16
-40
-120
-148
-112
-40
0
-48
-132
-180
-96
24
104
88
-8
-56
-56
-8
0
-64
-212
-356
-356
-324
-276
-308
-356
-356
-340
-292
-228
-212
-276
-308
-292
-212
-132
-132
-132
-112
-132
-112
-32
48
104
132
120
112
120
96
112
164
180
132
96
80
112
164
180
164
96
56
88
132
180
196
180
164
196
260
276
244
196
196
212
212
196
148
24
-56
0
40
88
80
32
0
0
24
132
228
244
212
148
120
132
196
292
260
180
120
164
244
228
196
196
196
180
196
196
148
96
64
-8
-120
-196
-276
-292
-292
-292
-308
-292
-356
-356
-356
-324
-244
-228
-228
-260
-276
-260
-196
-132
-56
-88
-196
-260
-260
-212
-164
-164
-260
-340
-396
-396
-372
-308
-276
-340
-396
-356
-276
-228
-180
-164
-164
-196
-228
-212
-148
-104
-64
-80
-96
-16
88
180
212
196
180
244
292
324
324
324
276
292
324
372
396
356
308
276
292
308
292
196
148
120
96
72
56
56
56
80
148
180
148
132
88
56
112
148
180
180
132
132
72
56
132
196
260
196
112
56
24
104
104
72
56
64
80
104
148
132
56
24
40
64
56
16
16
32
0
-48
-80
-88
-96
-96
-104
-112
-96
-148
-164
-164
-164
-120
-148
-180
-228
-308
-292
-228
-164
-164
-228
-340
-372
-340
-292
-228
-276
-372
-460
-524
-460
-396
-276
-228
-244
-292
-308
-260
-212
-180
-132
-104
-120
-64
8
16
-8
-8
24
72
148
180
212
212
164
180
276
308
292
276
244
292
356
396
428
356
324
324
276
308
324
212
112
120
132
180
164
96
48
8
-64
-88
-48
-40
-48
-64
-112
-132
-88
-88
-48
-32
0
40
24
72
148
212
244
260
276
340
324
276
292
260
228
292
276
196
96
24
40
80
96
24
-112
-196
-164
-164
-196
-244
-308
-324
-324
-340
-292
-324
-372
-372
-340
-260
-212
-260
-292
-244
-212
-164
-112
-112
-112
-132
-104
-96
-132
-164
-196
-276
-276
-276
-292
-276
-180
292
524
180
-164
-324
-556
-924
-988
-684
-308
164
652
844
780
492
88
-132
-112
8
32
0
96
244
428
588
748
780
588
260
56
-80
-228
-228
-72
212
428
524
588
620
292
-32
-132
-132
-212
-308
-212
-120
-112
0
212
340
260
180
148
-32
-132
-196
-212
-340
-308
-48
228
396
556
652
588
396
196
112
-56
-228
-340
-228
48
292
460
652
620
428
588
620
396
56
-132
-340
-556
-556
-396
-228
-40
56
88
112
-40
-244
-356
-428
-428
-356
-228
308
492
340
180
196
-88
-492
-620
-652
-780
-748
-588
-524
-324
-212
-276
-244
-260
-396
-620
-780
-716
-620
-684
-620
-340
-64
-56
0
112
16
-228
-292
-196
-96
-88
-64
80
244
228
196
292
276
164
104
228
292
260
244
276
292
340
492
620
492
292
244
164
0
-40
40
-8
-120
-56
112
64
-8
16
0
-88
-148
-164
-132
-212
-244
-164
-112
-32
80
196
260
244
228
180
112
212
260
196
148
196
244
260
260
308
372
324
276
340
460
396
324
340
356
340
340
308
340
340
244
228
196
148
88
24
0
-40
-112
-120
-132
-120
-132
-112
-112
-180
-276
-260
-164
-164
-196
-212
-276
-340
-396
-356
-308
-396
-428
-460
-460
-492
-492
-372
-340
-396
-396
-396
-396
-396
-340
-260
-244
-228
-196
-88
-16
-96
-88
-24
0
-32
48
148
228
308
164
16
32
164
148
148
164
164
164
228
212
148
40
-132
-132
0
120
80
0
-32
-32
16
72
104
72
-8
-88
0
132
228
276
212
148
164
148
148
164
112
16
24
132
276
396
460
396
308
276
276
324
276
228
196
180
180
212
212
80
-8
56
112
104
96
96
24
-40
24
80
40
-32
-96
-148
-132
-96
-112
-164
-228
-308
-276
-260
-244
-212
-228
-244
-180
-164
-196
-260
-308
-340
-356
-340
-356
-356
-428
-524
-556
-492
-492
-428
-428
-460
-492
-492
-372
-228
-132
-88
-88
-132
-112
-8
64
72
88
164
244
260
276
356
396
396
396
428
492
556
492
428
428
460
492
396
356
340
292
244
308
340
308
196
132
164
212
164
96
40
-32
-88
-72
-56
-88
-80
-40
-56
-120
-96
-72
-96
-180
-148
-80
-80
-72
-64
-88
-164
-164
-88
-32
-64
-80
-88
-72
-48
48
132
164
72
80
132
212
260
292
244
164
132
180
196
212
228
196
72
-32
-16
0
-8
-88
-196
-260
-292
-276
-212
-212
-244
-276
-228
-276
-372
-396
-492
-588
-588
-492
-428
-428
-428
-460
-492
-428
-396
-396
-396
-428
-428
-396
-308
-244
-180
-148
-148
-96
-8
56
112
96
48
72
164
196
244
324
396
372
372
428
460
396
324
356
428
460
428
460
460
428
372
460
492
492
428
324
276
212
164
132
96
96
132
148
148
164
164
104
88
120
104
16
-32
8
64
80
40
48
72
56
8
-8
-8
16
56
72
56
56
120
148
164
164
132
40
-32
-48
-24
16
24
-40
-80
-132
-148
-72
-8
-40
-120
-180
-212
-244
-212
-180
-196
-212
-196
-196
-164
-164
-180
-212
-276
-276
-292
-308
-396
-524
-524
-492
-460
-428
-460
-460
-460
-492
-460
-428
-428
-396
-396
-356
-308
-292
-244
-196
-164
-164
-80
8
72
148
164
120
112
112
180
260
292
324
292
228
244
244
228
260
292
308
276
276
292
276
260
260
212
148
132
132
180
196
212
260
244
228
308
308
260
244
148
112
120
180
196
180
180
196
212
212
212
164
148
96
96
148
180
196
228
244
180
148
148
132
148
164
132
48
0
16
24
8
24
56
64
32
8
24
32
-16
-48
-48
-88
-180
-244
-196
-212
-228
-276
-292
-324
-372
-396
-428
-396
-396
-428
-492
-556
-556
-524
-492
-460
-396
-396
-460
-428
-396
-340
-308
-276
-244
-244
-244
-244
-196
-148
-148
-132
-72
-40
0
56
88
120
104
148
148
148
132
148
212
260
276
228
180
132
180
228
340
396
340
260
228
228
260
308
340
324
276
228
212
244
244
212
148
96
112
72
72
32
0
0
0
16
16
48
88
104
96
132
132
96
96
104
132
180
212
196
180
132
88
72
104
88
72
64
40
48
32
40
72
88
56
32
-8
-72
-64
-96
-40
-8
-24
-16
-48
-96
-120
-104
-72
-112
-148
-148
-132
-148
-148
-120
-96
-132
-180
-244
-308
-308
-340
-372
-396
-460
-492
-492
-460
-396
-460
-428
-396
-372
-308
-292
-244
-196
-148
-96
-24
64
112
148
164
196
228
260
212
212
212
148
132
148
196
196
196
164
148
148
212
244
180
104
8
-32
-40
-16
8
-16
-64
-112
-132
-96
-88
-132
-80
-88
-88
-48
-24
-8
0
8
48
80
56
48
32
32
40
56
88
120
96
104
132
196
260
260
244
180
180
164
180
244
292
276
260
292
340
396
396
396
396
396
340
324
324
308
292
260
228
180
132
40
0
-16
-32
-56
-112
-132
-196
-228
-260
-260
-308
-356
-396
-428
-460
-492
-492
-524
-492
-428
-428
-396
-396
-396
-340
-340
-340
-276
-212
-212
-164
-112
-64
-8
24
96
104
112
148
180
228
228
228
196
148
132
180
228
260
244
212
164
132
132
164
196
164
56
8
-32
-72
-64
-16
-8
-56
-104
-164
-180
-164
-148
-164
-212
-212
-228
-228
-228
-212
-228
-276
-276
-228
-228
-244
-228
-212
-132
-88
-48
-24
-32
-48
16
148
196
196
148
104
88
132
120
96
96
88
88
80
148
180
164
180
148
164
180
164
148
148
132
112
88
56
8
0
-24
-80
-64
-72
-40
-8
-16
0
-16
-64
-96
-96
-112
-164
-212
-164
-88
-72
-56
-48
-48
-48
-32
-16
-8
0
8
48
96
120
132
80
32
96
196
196
180
180
196
212
276
340
372
356
292
308
324
356
356
276
212
148
132
132
132
132
132
120
132
164
180
148
96
56
16
-16
-40
-72
-64
-80
-104
-148
-228
-260
-276
-276
-308
-372
-396
-396
-372
-324
-244
-180
-180
-180
-180
-180
-196
-212
-212
-164
-112
-80
-40
-72
-72
-32
-8
16
32
32
8
-24
-24
0
32
16
8
40
80
88
64
32
16
-8
-16
-24
0
24
0
-8
0
-8
-72
-80
-88
-132
-120
-148
-120
-80
-56
-80
-96
-96
-96
-112
-112
-132
-132
-112
-120
-132
-196
-180
-148
-112
-88
-64
-80
-96
-96
-24
48
80
104
64
104
120
164
212
244
228
196
180
196
260
260
212
164
132
112
96
88
88
80
32
48
56
64
64
40
24
56
48
32
16
0
0
8
48
56
32
-24
-80
-96
-64
-32
-32
-24
-40
-24
32
112
196
164
120
56
48
64
80
72
72
16
-16
8
40
96
112
120
72
0
-8
32
56
64
64
64
88
88
88
80
56
24
0
24
40
0
-72
-56
-16
0
16
-8
-56
-148
-132
-88
-72
-56
-96
-148
-148
-148
-120
-64
-88
-104
-72
-80
-104
-88
-88
-104
-104
-120
-104
-88
-120
-132
-104
-72
-16
0
-16
-8
-48
-56
-8
32
56
80
80
72
40
32
56
72
88
72
48
40
56
64
40
24
16
-16
-56
-64
-48
-56
-40
-48
-72
-56
-80
-104
-104
-104
-148
-132
-148
-180
-196
-196
-180
-180
-164
-164
-148
-164
-132
-56
24
32
16
-24
-64
-56
-48
-8
0
-24
-40
-24
0
72
164
212
180
148
112
80
96
104
112
132
180
228
228
244
196
196
212
196
196
164
132
72
112
228
276
260
196
112
56
48
80
96
80
16
-32
0
56
56
72
32
16
0
-16
0
0
-16
-32
-16
-40
-56
-64
-72
-40
-8
32
80
88
88
48
32
56
64
64
48
0
8
16
24
40
8
-32
-16
-24
-16
0
-16
-32
-88
-132
-112
-104
-120
-120
-132
-164
-164
-132
-120
-148
-180
-228
-180
-164
-132
-132
-164
-196
-212
-228
-196
-196
-196
-244
-260
-212
-148
-88
-72
-64
-80
-64
-48
-24
16
32
16
32
64
72
72
64
80
132
164
164
148
80
40
72
88
104
104
96
112
132
104
88
72
24
40
40
8
0
-40
-40
-24
-40
-64
-64
-48
-56
-32
-32
-64
-88
-32
32
48
88
80
64
40
40
56
96
104
48
32
32
0
0
16
0
24
56
32
16
8
-8
-16
-40
8
24
0
-8
24
56
80
112
112
120
96
80
64
88
96
112
88
40
16
0
0
-16
-8
-56
-120
-104
-104
-88
-64
-48
-96
-112
-104
-104
-120
-164
-180
-212
-196
-196
-164
-148
-132
-148
-104
-8
0
24
32
40
32
40
48
80
104
120
148
164
148
132
120
96
112
132
132
96
72
88
120
164
164
148
132
112
88
112
120
120
120
104
64
56
88
164
180
180
148
80
32
24
40
16
8
-24
-48
-32
-8
24
32
40
32
-8
-56
-56
-56
-40
-32
-64
-72
-72
-96
-80
-40
-40
-64
-132
-180
-196
-212
-196
-148
-148
-180
-164
-212
-228
-196
-196
-212
-212
-212
-228
-164
-132
-120
-64
-56
-104
-132
-120
-132
-132
-132
-148
-164
-148
-164
-148
-104
-96
-88
-96
-80
-80
-96
-80
-88
-120
-104
-80
-64
-48
-64
-72
-24
0
40
64
48
72
112
132
148
148
180
180
212
292
340
340
276
260
244
228
260
260
244
212
180
180
212
196
180
148
132
148
148
164
196
196
196
180
212
260
260
244
212
132
88
104
120
132
148
164
120
112
148
132
120
96
64
40
40
56
56
16
-24
-32
-64
-72
-104
-164
-180
-196
-180
-164
-148
-132
-132
-132
-132
-132
-148
-132
-180
-212
-212
-212
-212
-196
-228
-228
-228
-276
-292
-244
-244
-244
-260
-260
-292
-292
-292
-308
-276
-276
-276
-292
-308
-260
-212
-180
-164
-148
-132
-96
-64
-72
-72
-48
-8
-16
0
0
-8
-24
0
64
112
120
132
132
120
88
48
40
40
16
16
56
80
88
96
120
132
132
132
148
132
148
196
212
228
244
228
228
228
212
212
196
180
180
164
180
180
148
148
112
72
80
96
64
40
8
0
8
40
48
72
80
112
164
212
180
180
196
164
180
212
212
164
148
120
104
88
80
56
64
48
32
8
-24
-48
-56
-64
-88
-112
-148
-132
-112
-72
-72
-88
-112
-164
-164
-148
-104
-96
-112
-104
-112
-120
-88
-64
-64
-64
-80
-96
-88
-96
-132
-180
-196
-164
-148
-132
-120
-148
-196
-212
-164
-112
-88
-80
-96
-120
-112
-64
-40
