SAMPLES:	7505
BITSPERSAMPLE:	16
CHANNELS:	1
SAMPLERATE:	16000
NORMALIZED:	FALSE
24
24
24
24
16
16
16
8
0
8
0
0
0
0
0
0
-8
-8
-16
-16
-16
-16
-16
-16
-16
-16
-16
-24
-24
-24
-24
-32
-32
-32
-24
-32
-24
-24
-24
-32
-24
-24
-32
-24
-24
-24
-32
-32
-32
-32
-24
-24
-24
-16
-16
-16
-16
-16
-8
-8
-8
-8
-16
-8
-8
-8
-8
0
0
0
0
0
0
0
0
0
0
0
0
0
0
0
0
0
0
0
0
0
0
0
0
0
0
0
0
0
0
0
0
0
0
-8
-8
-8
0
0
0
0
0
0
0
0
0
0
0
0
0
0
0
0
0
0
8
8
8
8
8
8
16
16
16
16
16
16
16
8
16
16
8
16
8
8
8
8
8
8
8
8
8
8
8
8
8
8
8
8
0
0
0
0
0
0
8
8
8
8
8
8
0
0
0
0
0
0
8
8
8
8
8
8
8
8
8
8
8
16
16
8
16
16
16
16
16
16
16
8
8
8
0
0
0
0
0
0
0
0
0
0
0
0
0
0
-8
-8
-8
-16
-16
-16
-16
-16
-16
-16
-24
-24
-24
-24
-24
-24
-24
-24
-32
-32
-32
-32
-32
-32
-32
-32
-32
-24
-24
-24
-32
-24
-24
-16
-16
-16
-16
-16
-16
-16
-8
-8
0
0
0
0
0
0
0
0
0
0
0
0
0
0
0
0
8
8
8
8
8
8
8
0
8
8
8
8
16
16
16
16
16
8
16
8
16
8
8
8
8
0
8
8
8
8
8
8
8
8
8
16
16
16
16
8
8
8
16
16
8
8
8
16
16
16
16
16
8
16
8
16
16
8
16
8
8
8
8
8
8
8
8
8
8
8
0
0
0
0
0
0
-8
-8
-8
-16
-8
-8
-8
-8
-16
-16
-16
-16
-16
-8
-8
-8
-16
-16
-16
-16
-16
-16
-8
-8
-8
-8
-8
-8
-8
-8
-8
-16
-8
-8
-8
-8
-8
-8
-8
-8
-8
-8
-8
-8
-8
0
0
0
0
0
0
-8
-8
-8
0
0
0
0
0
0
0
0
0
0
0
0
0
0
0
0
0
0
0
0
0
0
0
0
0
0
0
0
0
0
0
0
8
0
0
0
0
0
0
0
0
0
0
0
0
8
0
0
0
0
0
0
8
8
8
8
16
8
8
8
8
0
0
0
8
8
16
16
16
16
8
8
8
8
8
8
0
0
8
0
0
0
0
0
0
0
0
0
0
0
0
0
0
0
0
0
0
0
0
0
0
0
0
0
0
0
0
0
0
0
0
0
0
0
0
0
0
0
0
0
0
0
0
0
-8
0
0
0
0
0
0
0
0
0
0
0
0
-8
0
0
-8
-8
-8
-8
-8
-8
0
0
0
0
0
0
0
0
0
0
0
-8
-8
-8
-8
-8
-8
0
0
0
0
0
0
-8
-8
0
0
0
0
0
0
0
0
0
0
0
0
0
0
0
0
0
0
8
8
8
8
8
8
8
8
8
8
0
0
0
0
0
8
8
8
0
8
0
0
0
0
0
0
0
0
0
0
0
0
0
0
0
0
0
0
0
0
0
0
0
0
0
0
0
0
0
0
0
0
0
0
0
8
8
8
0
0
0
0
0
0
0
0
0
0
0
0
0
0
0
0
0
0
0
0
0
0
0
0
0
0
0
0
0
0
0
0
0
0
0
0
0
0
0
0
0
0
0
0
0
0
0
-8
-8
-8
-8
-8
0
-8
-8
-8
-8
-8
-8
-8
-8
-8
-8
-8
0
-8
-8
-8
-8
-8
-8
-8
-8
-8
-8
-8
-8
-8
-8
0
0
0
0
0
0
0
0
0
0
0
0
0
0
0
0
0
0
0
0
0
0
8
8
0
0
0
0
0
0
0
0
0
0
0
0
0
0
0
0
0
0
0
8
8
0
0
8
0
0
0
0
0
0
0
0
8
0
0
0
0
0
8
8
8
8
8
8
16
16
16
16
16
16
16
16
16
16
16
16
16
16
16
16
16
16
16
16
8
8
8
8
0
8
0
0
0
0
0
0
0
0
0
0
0
-8
-8
-8
-8
-8
-8
-16
-16
-16
-16
-16
-16
-16
-16
-16
-8
-16
-16
-16
-16
-16
-16
-16
-16
-16
-24
-16
-16
-24
-16
-16
-24
-16
-16
-24
-24
-24
-16
-16
-16
-16
-16
-16
-8
-16
-16
-16
-8
-8
-8
0
-8
0
0
0
0
0
0
8
8
8
0
0
0
0
0
0
0
8
8
16
16
16
24
16
24
16
8
8
8
8
8
16
16
8
8
16
8
8
8
16
16
16
16
16
16
8
8
8
8
8
8
16
16
16
16
16
8
8
8
8
16
8
16
16
16
16
8
8
8
0
0
0
0
0
0
-8
0
0
0
0
0
0
0
0
0
0
-8
-8
-8
-8
-8
-8
-8
0
0
0
0
0
0
0
0
0
-8
-16
-16
-24
-24
-24
-24
-24
-24
-16
-8
-8
-8
-8
-16
-24
-24
-24
-24
-24
-16
-16
-16
-8
-8
-8
0
0
0
0
0
0
0
0
0
0
0
0
0
8
0
0
8
8
8
16
16
16
16
16
16
16
16
8
8
0
0
0
0
0
0
8
16
8
8
8
0
-8
-8
-8
-8
0
0
0
-8
0
-8
-8
0
-8
-8
-16
-24
-24
-32
-32
-32
-32
-24
-24
-16
-16
-8
-8
0
0
0
0
0
0
0
8
0
8
8
8
0
0
8
8
16
16
16
16
16
16
16
24
24
32
40
40
32
40
32
32
32
40
40
40
40
40
48
48
48
88
148
180
132
56
40
72
64
32
32
88
104
16
-80
-112
-56
-32
-48
-56
-32
-88
-228
-292
-212
-96
-80
-164
-196
-180
-212
-260
-228
-132
-56
-112
-196
-196
-112
-64
-64
-16
48
80
0
-72
-40
48
120
180
276
340
292
180
180
292
396
396
396
492
524
356
132
132
308
396
356
276
212
96
-96
-244
-196
-24
24
-56
-196
-324
-460
-524
-460
-292
-132
-196
-372
-556
-620
-524
-356
-212
-164
-132
-180
-276
-396
-372
-228
-24
112
104
0
-180
-276
-228
-40
164
228
88
-132
-292
-260
-132
0
72
72
-8
-148
-260
-308
-260
-148
-56
-16
-80
-228
-324
-276
-112
80
148
148
64
-24
-40
104
492
924
1180
1244
1052
1052
1052
1116
1308
1628
1820
1756
1500
1244
924
748
812
1116
1244
924
276
-292
-620
-780
-812
-844
-844
-988
-1372
-1756
-1980
-1980
-1980
-1692
-1500
-1372
-1500
-1692
-1756
-1564
-988
-492
-244
-212
-276
-356
-396
-212
164
556
684
620
492
428
588
588
620
684
812
684
180
-132
-132
80
48
-16
-40
-164
-340
-620
-620
-324
-56
-148
-460
-460
-356
-324
-356
-148
96
120
-96
-292
-196
-132
-180
-228
-180
-196
-372
-620
-780
-716
-716
-780
-684
-324
120
428
812
1436
2236
2492
1756
924
924
2236
4092
4860
4348
3004
2108
2108
2492
2620
2620
3004
3260
2364
96
-2236
-3004
-2108
-588
196
-524
-2620
-4604
-5628
-5116
-4092
-3260
-2876
-2876
-3388
-4092
-4604
-4092
-2876
-1308
-148
132
-324
-1244
-1884
-1820
-492
1980
3644
3260
1244
-64
228
1308
2108
2876
3388
2748
924
-1052
-1244
-96
844
1116
876
588
-748
-2620
-3388
-2108
148
988
164
-1052
-1692
-2108
-1980
-876
780
1564
588
-748
-1436
-1372
-1052
-428
428
844
308
-1052
-2108
-2364
-1820
-988
-524
-356
-652
-876
-876
-212
1372
3132
4860
4860
3004
620
40
2748
6396
7932
6140
3772
3004
3260
3004
2236
2748
4348
5116
3644
132
-3260
-4604
-3132
-112
1820
748
-2620
-5628
-6652
-5884
-4348
-3388
-2492
-2236
-3132
-4860
-5884
-5116
-3132
-1180
148
620
56
-1500
-3260
-3516
-1756
1436
3772
3900
1980
-428
-1436
-8
2876
4604
4092
1980
924
556
0
-396
292
1980
2620
1564
-340
-1756
-2236
-1756
-308
1372
2108
244
-2492
-3388
-1692
428
812
308
72
-112
-1308
-2492
-2236
-1308
-524
-492
-492
-1052
-2492
-3772
-3772
-2108
-556
-396
-1692
-3132
-3772
-3516
-2364
-780
620
1052
876
1372
2876
4604
4860
3644
2492
3260
5628
7420
7676
6140
4604
4348
5116
4860
3900
3004
3516
4604
3772
844
-2364
-3644
-2364
-212
684
-716
-3388
-5628
-6396
-5628
-4860
-4348
-4092
-4092
-4092
-4604
-5372
-5116
-3644
-1980
-716
-212
-460
-1436
-2620
-2876
-1308
1500
3772
3772
1980
196
-180
716
2236
3900
4604
3900
1756
-396
-1244
-684
716
1980
2364
1756
-120
-2620
-4092
-3260
-684
1372
1180
-524
-2492
-3644
-3516
-2108
120
1436
844
-988
-2492
-2876
-2748
-1884
-556
588
492
-876
-2620
-3516
-3132
-1756
-164
460
-292
-1980
-3644
-3772
-2492
-428
1052
1564
1564
1980
3260
5116
6140
5116
3260
2748
5116
8316
8828
6908
4860
4860
5628
5372
3900
3004
4092
5372
4860
1692
-2108
-4348
-3772
-1052
924
40
-3260
-6396
-7420
-6652
-5884
-5628
-5372
-4860
-4604
-5628
-6652
-6652
-5372
-3388
-1500
-180
-24
-1244
-3004
-3644
-2108
1180
4092
4604
3260
924
-164
620
2620
4348
4604
4604
4092
3004
876
-1116
-812
1372
3132
2748
844
-1308
-3132
-3772
-2748
-812
396
-460
-2364
-3260
-2620
-2364
-2748
-2492
-844
556
-148
-2108
-3516
-3388
-2492
-988
524
780
-876
-3132
-3900
-2620
-652
276
-148
-988
-1436
-1820
-1980
-1628
-844
-180
132
492
1116
1564
2236
3516
5884
7932
7164
4348
1980
2876
6652
9340
9340
7420
5372
4092
3516
3004
3004
4348
5884
5372
2236
-2492
-5884
-5628
-2620
652
1052
-1980
-6140
-8828
-8828
-7420
-5884
-4604
-4092
-4604
-5884
-7164
-7676
-6396
-3772
-1052
524
460
-1116
-3132
-4092
-2876
620
4348
6140
4604
1372
-780
-164
2620
5116
5884
4860
3132
1980
1244
988
924
1052
1564
2108
1756
24
-2620
-4092
-3260
-492
1436
684
-1980
-4092
-4092
-2620
-748
556
244
-1244
-2364
-2364
-1628
-1116
-652
-16
428
228
-716
-1980
-2620
-1884
-324
716
428
-684
-1980
-2492
-1980
-748
308
460
-276
-1052
-1244
-556
588
1884
3516
5372
7164
6908
4348
1052
372
4092
8828
10876
8316
4092
2236
2492
3004
3004
3388
5116
5884
3900
-780
-5372
-7164
-5116
-812
1820
244
-4604
-9340
-10364
-8828
-6652
-5116
-4348
-4092
-5116
-7420
-8828
-7676
-4860
-1308
876
1308
396
-1564
-3644
-3772
-1116
3516
7164
7420
4348
588
-988
812
4348
6908
6908
5116
2876
1116
56
-308
460
1980
3132
2748
228
-3004
-5628
-5372
-2364
1244
2236
-460
-4348
-6140
-4348
-1180
1180
1628
492
-1052
-2236
-2108
-1116
164
1052
1564
1884
1372
-308
-2236
-2492
-812
1436
2364
844
-1692
-3388
-3388
-1692
428
1372
588
-1052
-2108
-1756
-652
460
1180
1980
3260
5372
7676
7676
4604
1052
588
4860
9852
11388
7932
3644
2364
3388
3772
2748
2492
4092
5372
4092
-588
-5884
-8316
-6396
-1692
1372
-324
-5628
-9852
-10876
-8828
-6396
-5372
-4860
-4604
-5116
-6652
-7420
-6908
-4604
-1756
924
2492
2108
-132
-2876
-3516
-844
3900
7420
7676
4348
588
-1052
308
3260
5372
5116
3900
2492
556
-1820
-3132
-1980
812
2620
1980
-988
-4348
-6652
-5884
-2748
1052
2108
-460
-4092
-5372
-3260
-492
812
1244
1308
924
80
-748
-924
-196
1116
2492
3388
2492
-132
-2748
-3260
-924
1692
2108
-112
-2876
-3900
-3132
-1372
72
492
-104
-988
-1372
-924
-292
148
356
812
1628
2108
2876
4348
7676
9852
8316
3644
-96
1628
7164
11388
10364
6652
4348
3772
3004
1372
716
2876
6140
6908
2620
-4348
-9852
-9852
-4604
1116
2364
-1980
-7932
-11388
-10364
-7932
-6140
-4604
-3388
-2876
-4348
-6908
-8316
-6652
-3132
780
3388
3772
1756
-2236
-5372
-4860
212
6396
9340
7164
1244
-3516
-3900
180
4604
6140
4092
1308
-684
-1980
-2876
-2620
-716
1244
1692
372
-2108
-4860
-6396
-4860
-748
3004
2876
-1052
-4604
-4604
-1756
924
2236
2748
2492
876
-1180
-1628
-212
1628
2620
3132
2876
1052
-1980
-3900
-2876
212
2620
1980
-748
-3260
-3900
-2748
-924
924
1500
524
-876
-1436
-1052
-340
32
308
1116
1980
2108
1692
2108
4604
8316
10876
8316
2364
-1308
1052
7164
11388
10364
6396
3772
2492
1244
-324
120
3644
6908
6396
396
-7420
-11900
-9852
-3388
2108
2236
-3132
-8828
-11388
-10364
-7932
-6140
-3900
-1980
-1756
-4348
-7932
-8828
-6396
-1436
3004
4860
3772
104
-4092
-6140
-4092
1756
7420
8828
5628
-492
-4348
-3644
844
4860
5628
3772
1372
-148
-1628
-3132
-3388
-1180
1980
3388
1884
-1628
-5372
-6908
-4604
492
4604
4092
-460
-4348
-4348
-1116
2108
3388
3772
3388
1820
-120
-684
428
2108
3132
3900
3772
1756
-1628
-3900
-3132
24
2748
2492
-276
-3260
-4604
-4092
-1980
492
1564
524
-1564
-2620
-2108
-924
120
924
1564
1980
1564
748
356
1756
4860
8828
10876
8828
2876
-2236
-988
5628
11388
11900
7420
3260
1244
524
-40
244
2748
5884
6140
1820
-5372
-10876
-11388
-5628
924
3516
-324
-7164
-11900
-11900
-8828
-5628
-3004
-1820
-2236
-4604
-7420
-8316
-6652
-2876
1372
4092
4092
1116
-3772
-6908
-5884
-340
6140
8828
6140
244
-4604
-5116
-1692
2620
4604
4092
1980
8
-1980
-4348
-4860
-2236
2108
4348
2620
-1628
-5628
-6908
-4348
492
4604
4860
812
-3388
-4092
-620
3132
4348
4092
3388
2620
1372
460
748
1820
3004
3900
3900
1980
-1436
-4092
-3772
-260
3132
3132
-356
-4348
-5372
-3772
-684
1308
1372
-212
-1980
-2492
-1244
684
1884
2236
2364
2620
2364
1692
1244
1884
3388
5884
8828
10876
9852
4604
-748
-1372
4092
10876
12412
7676
2236
72
276
372
-164
812
3516
5116
2748
-3388
-9852
-11900
-8316
-1116
3260
1244
-5628
-11388
-12412
-8828
-5372
-3132
-2108
-1980
-3516
-6396
-8316
-7676
-3772
524
3004
2748
292
-3260
-6140
-6396
-3004
2108
5884
6140
2108
-3132
-6140
-4860
56
4348
5628
3516
212
-2492
-4604
-4604
-1500
3132
5372
3260
-988
-4092
-4604
-2876
716
4348
5372
2748
-1500
-3260
-1180
2492
4092
4092
3900
3004
876
-1500
-1500
988
3388
3772
2236
-64
-2620
-4348
-3772
-1244
1500
1756
-924
-4092
-4860
-3644
-1436
428
1436
1116
-492
-1980
-1244
1180
3260
3772
3004
2492
2364
1980
1692
2364
3772
4860
5116
4860
6396
8828
9340
5628
556
-492
4092
9340
10364
5884
1436
588
1980
2108
492
8
1692
3516
2620
-1820
-7420
-10364
-7676
-1564
2620
620
-5628
-10876
-10876
-7676
-5116
-4092
-3900
-3772
-4348
-6140
-7420
-6396
-3900
-1564
-396
-8
-164
-1756
-4348
-6140
-4348
460
5372
6908
3132
-2620
-5884
-3772
1884
6140
6140
3132
716
-556
-1980
-1980
228
3516
4348
2236
-132
-1436
-1980
-2108
-684
2492
4860
3516
-132
-1980
-460
1500
1372
1500
3260
3900
988
-2492
-2748
-228
1692
1756
1180
-48
-2236
-4348
-4348
-1628
1500
1820
-1116
-3772
-4092
-2620
-1180
-524
308
396
-620
-1372
-492
1564
2620
2364
2108
2748
3132
2364
1372
1820
3132
3900
3516
3260
4348
7164
9340
8828
4092
-748
-812
4348
9340
9852
5116
1308
988
1884
748
-1244
-428
2876
5116
2236
-4348
-10364
-10876
-6140
276
2748
-924
-7420
-11388
-10876
-7420
-5116
-4348
-3516
-3004
-3900
-6396
-8316
-7420
-4348
-1116
876
1500
524
-2236
-5628
-6908
-3132
3644
8316
7676
1564
-4604
-5884
-1756
4348
7676
6396
2620
132
-1116
-1628
-1052
1244
3772
4092
2620
988
-748
-2748
-3132
-196
4604
6908
3900
-1180
-3516
-1500
1116
2364
3772
4604
2876
-1052
-2876
-1244
1180
1884
1372
924
-48
-1884
-3900
-3772
-1372
1052
988
-1116
-2876
-3388
-3132
-2364
-924
780
988
-180
-1052
-148
1500
2364
2236
2364
3260
3260
2492
1980
2620
3388
3644
3644
3900
4348
5372
7420
8828
7676
3260
-524
524
4860
8316
6908
3772
2108
1756
524
-1692
-1980
652
3388
2876
-1500
-6908
-9852
-8828
-4860
-988
-396
-3516
-7932
-10364
-10364
-8316
-6396
-4860
-3260
-3260
-5628
-8316
-8828
-6140
-2748
-180
1116
1116
-396
-3388
-5628
-4092
988
6396
7676
4348
-924
-3772
-1980
2876
7164
7420
4092
276
-1628
-988
876
2876
3772
3388
1884
460
-340
-780
-428
924
2876
3772
2364
-308
-2364
-2108
0
2748
4348
3388
148
-3132
-3772
-1308
1628
2492
652
-1980
-3388
-3132
-1980
-1052
-684
-748
-1116
-1756
-2492
-3004
-2620
-1244
356
1308
1052
24
-652
228
2364
4092
4860
4348
3004
2108
2236
3772
5372
5628
4860
3644
2876
2876
3388
4604
6652
8828
8828
5116
8
-1628
1692
6140
7420
4604
1884
396
-556
-1692
-2236
-180
2236
1980
-1980
-6140
-8316
-7932
-6140
-3388
-876
-1564
-5372
-9340
-10364
-8316
-5372
-3516
-2748
-2876
-4604
-6908
-7420
-5116
-1500
588
652
-48
-588
-1692
-2876
-2492
308
3644
4604
2876
-24
-1564
-1244
684
3132
4860
5372
2748
-812
-2492
-988
2108
2876
1980
1116
1308
812
-1244
-2748
-1820
1180
3004
1980
-652
-2748
-3772
-3388
-812
2492
3388
132
-3772
-4604
-2620
-748
-120
-164
-652
-1244
-2236
-2748
-2108
-460
620
428
-88
-492
-620
-1052
-716
988
3004
3772
2748
1820
1564
2236
3516
5116
6140
5116
2876
1436
2364
4092
4860
4092
2748
1756
1244
1628
2492
3900
5372
6140
5628
2748
-556
-1692
1116
5372
7164
5372
1820
-276
-844
-684
-164
1564
3132
2364
-1372
-5628
-7164
-5628
-2364
164
276
-2492
-6652
-9340
-9340
-6140
-3260
-2364
-3260
-4348
-5372
-5884
-5884
-4348
-1756
492
988
-228
-2364
-3900
-3644
-988
2876
5372
4604
924
-2364
-2492
428
3900
5372
4860
3260
1308
-260
-924
-132
1372
2620
3004
2236
260
-2236
-3516
-2748
-96
2364
2236
-924
-4348
-5372
-3516
-620
1244
1308
-428
-2876
-4348
-3516
-1244
556
812
-88
-924
-1308
-1244
-748
0
924
1372
1116
428
132
164
276
812
1884
2876
2748
1692
588
620
1980
3900
4860
3900
2108
812
1244
2876
3900
3516
1980
652
212
524
924
1244
1628
2236
2876
3772
4092
2876
652
-588
812
3772
5372
4604
2236
1244
1628
1980
1500
1308
1884
1980
588
-1820
-3516
-4092
-2876
-1244
-260
-1244
-4092
-7164
-8316
-6396
-4092
-3132
-3772
-4860
-5884
-6140
-5628
-4348
-2876
-1820
-1756
-2236
-2492
-2364
-1884
-1052
356
1564
1628
716
-148
-72
844
2108
3132
3644
3388
2236
780
-40
428
1500
2108
1628
396
-780
-1692
-2108
-1820
-1116
-620
-1116
-2620
-3900
-3900
-2620
-988
-24
-16
-988
-1980
-1980
-748
716
1436
1308
924
924
1436
1980
2364
2364
1980
1692
1692
1756
1628
1308
1244
1756
2236
1884
716
-228
0
1052
1980
1980
1052
56
-324
356
1692
2492
2236
1052
16
-112
620
1308
1628
1628
1244
1116
1500
2364
3516
4860
5372
4348
2364
684
1372
3772
5628
5116
3516
2108
1180
812
988
1628
1756
396
-1884
-3516
-3772
-3388
-3004
-2876
-2492
-3132
-4860
-6652
-7164
-6140
-4604
-3388
-3004
-3772
-5372
-6396
-5372
-2876
-924
-876
-2364
-3644
-3388
-1980
-716
-212
-524
-1052
-1308
-924
-56
428
524
684
1116
1372
988
396
-212
-684
-748
24
988
988
-48
-1244
-1692
-1052
-228
64
-276
-1116
-1692
-1436
-72
1372
1628
308
-876
-620
428
1116
1180
988
716
356
276
812
1692
2108
1756
924
228
228
876
1628
1980
1564
716
212
524
1372
1820
1756
1692
1820
1884
1820
1980
2492
2876
2620
1980
1756
1980
2364
2492
2364
1980
1628
1500
1500
1372
924
780
1244
1980
1980
1436
1564
2492
3004
2108
460
40
1116
2364
2364
1692
1116
812
492
292
716
1116
620
-684
-1628
-1756
-1500
-1436
-1436
-1564
-2108
-3132
-4092
-4348
-3772
-3388
-3516
-4092
-4860
-5372
-5372
-4604
-3900
-3900
-4348
-4348
-4348
-4092
-3644
-3132
-2748
-2492
-2364
-2236
-2108
-1980
-1500
-716
-48
260
40
-308
-276
64
460
556
396
460
620
588
428
324
428
748
1052
924
396
-112
-112
396
876
988
780
396
324
620
988
1180
1116
1180
1436
1820
2236
2236
1820
1436
1436
1980
2364
2364
1884
1116
620
924
1756
2364
2108
1372
748
684
1052
1564
1820
1692
1244
988
1116
1564
1884
1756
1308
988
1180
1628
1884
1756
1436
1372
1500
1500
1180
844
844
1116
1372
988
148
-276
88
924
1500
1180
212
-524
-428
260
716
588
64
-356
-460
-372
-396
-556
-620
-492
-524
-780
-1244
-1500
-1372
-1052
-876
-1116
-1628
-2108
-2364
-2364
-2108
-1884
-1980
-2364
-2748
-3004
-2876
-2748
-2748
-2748
-3132
-3388
-3516
-3260
-2876
-2748
-3132
-3516
-3388
-2748
-2108
-1756
-1820
-2108
-2108
-1692
-924
-356
-372
-588
-524
-8
492
684
524
324
620
1308
1884
1756
1116
748
1116
1980
2492
2364
1628
1244
1564
2108
2492
2492
2364
1980
1756
1564
1628
1756
1756
1692
1436
1180
876
988
1372
1500
1244
748
492
524
684
812
844
812
812
876
1052
1308
1436
1244
748
428
588
924
1052
748
324
48
64
340
588
524
180
-8
64
244
260
48
-132
-112
212
524
492
148
-244
-324
16
492
652
276
-460
-844
-428
372
924
748
-164
-844
-652
120
588
132
-812
-1372
-1180
-556
-356
-924
-1692
-1884
-1372
-876
-844
-1372
-2108
-2492
-2364
-1692
-1180
-1308
-1980
-2620
-2620
-1820
-988
-652
-988
-1500
-1564
-1308
-812
-492
-492
-684
-684
-460
-308
-460
-684
-588
-132
492
812
620
212
64
308
748
1116
1244
988
620
556
684
844
924
924
924
924
924
780
492
260
244
492
844
988
780
276
-72
-104
88
372
556
588
460
196
132
356
684
748
524
396
556
748
716
308
-104
-196
64
396
372
8
-428
-620
-372
48
324
292
132
48
-8
-104
-72
260
716
716
356
-148
-396
-228
112
396
428
132
-88
40
180
228
120
164
524
812
716
340
40
64
428
620
588
428
244
180
260
260
132
-120
-276
-148
8
-132
-524
-844
-780
-460
-244
-308
-428
-556
-748
-924
-1052
-876
-524
-396
-556
-988
-1372
-1436
-1180
-780
-428
-396
-780
-1180
-1436
-1308
-924
-428
0
48
-164
-460
-396
80
556
716
620
524
428
356
292
340
556
748
716
524
356
324
396
460
396
324
372
524
524
244
-56
-40
428
924
988
556
0
-164
80
460
620
460
212
104
276
588
588
324
120
132
260
396
356
196
104
88
212
340
356
196
-120
-396
-524
-428
-428
-556
-716
-780
-748
-652
-460
-396
-556
-588
-324
72
260
112
-180
-276
-8
460
748
620
260
-56
64
524
988
988
396
-244
-308
212
652
556
-8
-460
-396
-40
104
-180
-524
-492
-64
276
132
-524
-1180
-1180
-556
80
132
-492
-1308
-1692
-1372
-684
-212
-428
-988
-1372
-1116
-428
56
8
-396
-428
120
652
556
-104
-684
-652
-24
588
460
-292
-988
-988
-492
-212
-428
-684
-588
-196
-48
-292
-620
-620
-32
684
924
780
460
260
428
924
1500
1756
1692
1436
1180
1308
1692
2108
2236
1980
1564
1244
1244
1308
1308
1116
924
924
1052
924
396
-148
-148
372
716
356
-428
-988
-1116
-844
-652
-588
-780
-1052
-1116
-988
-780
-588
-524
-524
-428
-260
-148
-148
-96
56
292
492
524
260
-132
-292
48
588
748
292
-428
-748
-460
8
228
-40
-588
-844
-780
-716
-716
-748
-684
-588
-620
-716
-812
-748
-588
-460
-556
-620
-460
-164
-148
-356
-620
-556
-132
228
148
-308
-716
-588
-164
80
-80
-460
-652
-588
-428
-460
-812
-1116
-1116
-844
-556
-684
-1052
-1244
-1180
-876
-652
-588
-588
-460
-324
-148
-120
-120
196
748
1180
1180
844
620
716
1180
1692
1820
1564
1244
1244
1500
1756
1628
1308
1052
1244
1564
1564
1180
748
684
988
1308
1308
988
652
588
620
588
396
180
48
8
104
180
180
16
-112
-164
-260
-292
-308
-356
-308
-260
-324
-372
-356
-356
-428
-524
-460
-212
-112
-196
-428
-684
-780
-556
-104
212
244
-96
-492
-652
-428
-72
64
-72
-340
-460
-396
-244
-104
-112
-180
-180
-228
-396
-620
-716
-524
-228
-80
-180
-372
-492
-428
-396
-460
-492
-396
-132
32
-164
-556
-716
-460
32
228
-8
-428
-748
-844
-684
-492
-396
-372
-372
-324
-396
-524
-588
-588
-428
-148
16
-40
-324
-588
-524
-148
228
324
112
-196
-260
-88
132
228
72
24
164
492
780
684
524
492
588
684
780
844
924
876
780
684
876
1244
1564
1436
924
556
524
924
1308
1116
652
428
556
748
652
372
212
276
372
340
0
-460
-684
-556
-244
-64
-212
-492
-748
-716
-460
-196
-72
-96
-308
-620
-684
-428
-104
48
-8
-196
-276
-148
56
104
-24
-72
148
460
524
212
-244
-524
-308
132
428
356
16
-308
-428
-372
-228
-64
-8
-56
-276
-556
-748
-588
-292
-164
-356
-620
-684
-556
-428
-556
-748
-748
-556
-308
-196
-292
-492
-620
-556
-276
40
132
-8
-308
-492
-428
-164
-64
-292
-620
-684
-428
-148
-24
-196
-396
-492
-340
-8
212
212
48
-72
80
524
876
780
460
308
588
1052
1372
1180
684
524
844
1372
1564
1180
556
212
460
924
1052
524
-120
-396
-80
372
372
-164
-748
-716
-244
212
148
-460
-1116
-1116
-396
460
652
112
-620
-812
-120
924
1436
988
80
-356
104
876
1244
988
396
324
684
988
924
460
56
104
492
780
524
-308
-1052
-1244
-780
-228
-80
-492
-1180
-1564
-1436
-924
-684
-844
-1116
-1244
-1052
-748
-684
-924
-988
-620
-8
372
212
-428
-780
-492
180
652
556
148
-148
-112
148
428
524
460
308
180
64
72
80
112
212
292
244
132
112
180
324
396
340
228
104
16
40
164
340
428
460
340
56
-180
-196
16
260
324
164
-148
-460
-556
-460
-260
-148
-228
-460
-652
-812
-812
-716
-556
-524
-588
-652
-684
-588
-556
-620
-620
-396
24
228
104
-32
64
524
924
1116
988
844
844
988
1116
1180
1180
1052
988
924
924
924
988
988
876
588
228
-16
-32
72
48
-212
-524
-748
-876
-988
-1180
-1244
-1244
-1180
-1180
-1308
-1436
-1436
-1244
-924
-716
-684
-780
-812
-620
-212
64
56
-132
-244
-32
396
748
812
588
356
428
652
876
924
780
748
780
844
988
988
876
844
924
988
924
812
716
684
748
812
748
524
276
164
196
308
292
180
0
-260
-428
-460
-428
-356
-428
-492
-492
-492
-620
-748
-844
-812
-588
-396
-396
-684
-924
-812
-428
0
148
-112
-524
-652
-324
196
524
356
-40
-244
-24
460
684
460
56
-72
148
588
780
524
80
-104
132
556
716
460
-72
-340
-196
196
492
372
-96
-428
-428
-164
64
-16
-308
-556
-556
-396
-324
-524
-876
-1052
-988
-748
-524
-748
-1244
-1628
-1500
-988
-556
-588
-876
-1052
-924
-620
-308
-244
-340
-324
-112
180
340
276
276
428
684
924
988
876
684
588
684
924
1052
876
620
460
460
556
524
308
180
244
460
492
212
-132
-196
72
428
492
196
-196
-324
-132
132
276
120
-132
-276
-196
32
132
112
104
196
356
460
308
56
0
292
716
812
556
148
-80
40
396
684
588
180
-212
-244
120
524
588
276
-104
-244
-120
16
132
88
-24
-48
120
324
260
8
-292
-292
-8
244
260
16
-260
-324
-112
148
180
48
-132
-340
-428
-356
-164
-132
-292
-460
-428
-164
96
80
-276
-620
-716
-588
-276
-72
-88
-276
-524
-556
-396
-104
-32
-196
-340
-372
-180
16
40
-88
-212
-72
164
276
148
-180
-396
-396
-180
80
148
-72
-428
-524
-324
-80
-24
-244
-524
-588
-428
-228
-148
-292
-428
-396
-212
-48
-48
-120
-180
-80
88
104
0
-80
32
324
428
324
64
-80
72
372
620
524
164
-120
-48
324
652
684
356
72
64
340
588
524
196
-72
-80
48
164
132
-64
-148
-56
56
-40
-72
0
104
148
96
40
24
24
16
-32
-64
0
180
260
196
72
0
56
196
292
260
96
-72
-132
-40
72
96
40
-32
-48
64
196
340
460
396
308
196
196
308
492
556
588
588
652
620
524
372
276
356
524
588
372
48
-196
-180
48
260
132
-324
-716
-684
-524
-460
-588
-748
-684
-524
-460
-684
-924
-988
-716
-372
-180
-228
-428
-588
-556
-340
-120
-48
-72
-72
-16
72
180
148
24
-8
112
228
260
196
0
-196
-196
0
212
96
-212
-396
-260
88
212
-72
-492
-620
-372
16
120
-148
-428
-396
-8
356
324
-40
-308
-212
88
396
492
372
244
276
372
356
212
148
196
292
324
244
96
-56
-212
-260
-180
-24
72
-56
-396
-652
-620
-276
48
48
-180
-428
-356
-132
8
16
24
180
428
524
308
132
276
780
1180
1116
652
212
64
212
396
428
292
148
56
-32
-132
-244
-260
-276
-244
-212
-276
-428
-524
-524
-492
-396
-276
-148
-212
-396
-524
-524
-324
0
164
32
-148
-112
96
228
228
120
88
196
340
396
308
180
132
260
428
428
196
-112
-164
-16
96
112
64
24
8
-64
-164
-132
0
96
0
-228
-356
-324
-180
-96
-72
-120
-112
-8
88
148
196
244
356
396
372
324
340
428
396
292
212
244
396
460
244
-40
-80
164
396
292
-104
-372
-276
80
276
164
-148
-356
-356
-260
-212
-148
-164
-120
-196
-276
-292
96
652
460
132
-88
-244
-652
-876
-924
-988
-588
8
428
428
524
428
-228
-524
-844
-1052
-1500
-1244
-780
-524
-228
88
244
196
72
-308
-524
-684
-684
-460
-372
-228
-88
228
492
620
652
556
132
-372
-428
-308
16
428
460
428
428
556
396
148
-132
-324
-292
292
684
620
652
652
588
396
372
40
-148
-372
-228
356
1052
1116
428
24
-212
-132
228
260
-260
-556
-396
-120
396
876
988
748
780
748
212
-196
-324
-260
-164
148
524
812
812
844
988
988
812
588
308
-80
-428
-356
196
652
428
32
-148
-132
-132
-40
-32
-428
-924
-1116
-812
-524
-396
-292
-228
-180
-324
-492
-556
-588
-652
-652
-716
-748
-716
-524
-308
-428
-652
-620
-460
-588
-924
-1244
-1308
-1180
-924
-588
-428
-556
-748
-812
-716
-524
-340
-228
-196
-180
-244
-228
-72
244
492
524
428
324
372
396
524
716
812
780
748
684
588
524
492
524
588
652
556
396
308
276
356
492
524
308
132
148
196
112
-72
-148
-64
56
148
56
-88
-276
-180
244
620
556
308
276
292
324
460
652
524
356
308
356
372
372
428
524
588
620
460
228
148
112
228
396
556
460
324
260
276
396
372
324
196
32
-32
16
0
-132
-164
-32
132
276
260
72
-244
-492
-492
-396
-492
-620
-716
-780
-812
-844
-812
-924
-1052
-1116
-1180
-1180
-1180
-1244
-1308
-1116
-876
-812
-812
-812
-684
-652
-684
-620
-460
-356
-212
-80
-148
-244
-260
-164
-72
40
148
148
96
132
228
340
356
244
104
48
132
244
396
340
88
16
308
716
780
524
120
8
292
620
588
292
40
24
196
396
428
324
132
0
56
132
196
180
104
72
196
428
620
524
244
8
0
292
620
588
340
132
132
492
924
924
524
104
40
396
780
876
716
396
260
428
588
556
276
64
148
340
460
492
212
-148
-228
-72
72
-16
-340
-588
-492
-164
112
164
-56
-372
-492
-396
-212
-180
-396
-716
-876
-812
-620
-492
-524
-684
-748
-780
-812
-844
-988
-1116
-924
-780
-748
-876
-988
-1052
-988
-652
-428
-524
-716
-716
-556
-260
96
212
104
64
148
372
556
684
652
620
716
844
812
684
620
556
588
812
1116
1180
812
340
148
260
396
460
356
196
8
-32
40
-32
-180
-164
-96
-80
-40
-16
-48
40
308
428
292
56
-96
0
164
308
276
80
48
120
132
32
-40
-56
-88
-148
-88
-40
-132
-244
-196
-148
-132
-40
-48
-212
-324
-228
0
212
308
120
-164
-180
72
308
356
212
112
120
120
104
-24
-148
-228
-104
64
72
-148
-492
-748
-876
-780
-524
-324
-308
-524
-780
-988
-924
-748
-556
-524
-620
-652
-588
-492
-524
-556
-396
16
324
228
-80
-276
-196
164
524
588
492
396
396
460
556
620
620
588
652
716
588
340
164
180
428
620
620
556
396
276
292
460
684
716
492
212
324
620
812
684
340
104
196
396
460
308
132
48
148
340
356
180
32
0
72
196
120
-132
-212
-120
-8
24
-72
-212
-260
-164
0
16
-72
-148
-148
-80
0
64
132
48
-80
-120
-64
96
196
96
-164
-308
-292
-180
-88
-96
-196
-396
-524
-620
-716
-748
-876
-812
-652
-556
-620
-844
-1052
-1116
-1116
-988
-988
-988
-844
-780
-780
-844
-812
-748
-620
-492
-492
-620
-780
-716
-428
-148
0
0
-112
-196
-48
132
180
120
120
180
228
340
556
684
652
652
748
844
844
780
684
588
556
620
748
748
684
652
588
588
620
524
356
340
428
460
492
556
588
492
340
276
324
372
356
260
120
88
148
212
308
340
276
228
180
212
308
372
324
212
180
260
372
324
276
72
-96
-40
196
428
276
-112
-396
-308
-40
164
112
-120
-340
-396
-244
-72
-32
-72
-212
-308
-324
-276
-244
-260
-212
-132
-96
-112
-180
-308
-372
-324
-196
-104
-308
-620
-780
-684
-396
-148
-212
-524
-748
-780
-620
-396
-340
-460
-492
-492
-428
-308
-276
-292
-308
-228
-132
-72
-104
-132
-88
40
228
324
308
196
40
-32
48
148
164
132
32
-64
0
72
48
24
-40
8
104
120
48
-80
-112
-16
244
428
372
104
-72
8
164
372
428
244
56
88
228
340
260
132
80
120
196
72
-120
-228
-120
112
292
212
-56
-244
-196
8
244
292
148
-40
-104
48
244
372
340
180
40
80
228
356
428
324
132
24
48
180
228
212
120
120
148
148
16
-196
-244
-148
80
196
148
-96
-308
-308
-132
16
0
-164
-372
-396
-324
-212
-196
-276
-340
-372
-340
-340
-372
-324
-228
-164
-196
-228
-244
-212
-104
8
80
-8
-148
-104
120
396
524
372
132
48
164
356
460
372
212
96
180
356
460
396
244
196
260
372
340
228
132
120
196
292
292
196
32
-120
-212
-180
-96
-64
-80
-244
-428
-460
-396
-292
-212
-276
-428
-588
-684
-588
-428
-324
-308
-396
-460
-428
-492
-460
-292
-56
48
-8
-148
-260
-164
16
164
148
80
72
132
104
72
96
180
308
428
372
212
40
72
276
428
492
396
244
132
148
260
372
428
396
324
244
132
40
88
180
180
88
-24
-132
-212
-308
-308
-244
-148
-88
-212
-428
-588
-556
-396
-180
-104
-180
-308
-372
-244
-112
-112
-212
-148
88
276
308
180
56
104
340
524
460
276
148
180
324
460
460
340
276
292
324
324
308
308
324
260
180
64
-24
-56
-40
0
-16
-104
-196
-212
-132
-72
-112
-196
-212
-164
-164
-228
-244
-244
-292
-260
-180
-148
-196
-228
-228
-180
-104
-132
-212
-244
-276
-244
-180
-96
-112
-212
-308
-260
-132
-48
-88
-148
-148
-104
-8
96
228
244
276
292
324
324
324
308
356
492
556
492
260
104
80
148
244
228
8
-292
-324
-72
180
164
-120
-460
-588
-460
-356
-372
-492
-556
-492
-396
-324
-324
-324
-292
-164
-64
-24
-88
-164
-180
-132
-16
120
260
340
308
228
244
372
492
492
396
260
180
196
212
260
308
292
244
196
148
64
16
40
164
276
212
104
48
48
112
196
308
276
132
-16
-80
-40
16
72
72
0
-80
-180
-276
-292
-212
-164
-164
-164
-164
-276
-356
-356
-292
-244
-308
-340
-276
-196
-164
-164
-196
-164
-72
88
148
80
24
-40
-72
0
180
324
356
308
260
276
396
556
620
556
460
324
292
372
372
276
180
244
308
244
48
-164
-276
-292
-212
-104
-56
-180
-356
-492
-428
-292
-180
-196
-324
-396
-428
-356
-292
-180
-164
-180
-180
-164
-180
-228
-244
-148
-32
16
-40
-112
-148
-104
24
180
244
148
-112
-324
-324
-180
32
180
180
48
-104
-244
-228
-64
96
132
16
-120
-196
-180
-148
-24
80
96
32
-24
-104
-228
-276
-196
-32
80
16
-148
-276
-340
-396
-340
-228
-16
164
104
-132
-324
-308
-64
120
132
0
-104
-96
72
228
260
308
428
588
620
492
244
120
244
524
812
812
620
396
308
372
524
588
492
372
308
260
228
196
148
164
228
324
292
104
-120
-228
-96
132
228
104
-132
-276
-196
-56
0
8
-64
-164
-212
-104
-40
-112
-196
-244
-196
-96
-64
-120
-164
-148
-88
-32
32
24
-40
-56
24
148
196
72
-80
-104
0
196
260
88
-48
-80
0
148
228
164
64
16
56
104
24
-132
-340
-396
-308
-276
-276
-340
-428
-524
-556
-524
-460
-396
-396
-492
-652
-716
-716
-652
-524
-340
-356
-492
-556
-492
-428
-324
-276
-212
-132
-56
-104
-228
-324
-212
32
260
356
212
0
-96
32
260
396
340
180
64
32
112
244
244
244
244
276
324
396
396
292
244
212
260
340
356
356
372
396
428
460
492
428
276
120
120
180
292
324
228
64
64
180
292
244
56
-120
-132
8
64
-24
-180
-212
-56
64
80
-8
-132
-164
-48
148
196
164
88
40
88
196
276
260
212
196
228
260
276
276
228
132
132
228
292
260
180
16
-96
-104
-72
-96
-164
-164
-148
-132
-164
-260
-276
-228
-148
-148
-228
-324
-396
-396
-340
-228
-196
-292
-324
-308
-372
-428
-396
-292
-180
-132
-148
-276
-324
-308
-212
-148
-164
-164
-180
-292
-340
-260
-104
56
132
88
0
-32
-24
64
80
72
112
244
308
244
72
-48
56
276
428
308
40
-112
-112
48
180
132
0
-48
16
88
56
-80
-112
-80
80
164
64
-132
-228
-164
-32
120
212
148
-24
-132
-148
-8
104
112
8
-132
-212
-196
-148
-164
-132
-80
0
64
32
-80
-164
-32
180
396
356
180
32
48
180
324
372
292
196
148
148
148
120
72
72
96
132
132
120
48
8
56
80
48
0
-72
-104
-56
0
0
-120
-212
-212
-148
-72
-104
-196
-260
-276
-244
-112
-8
0
-72
-196
-212
-132
-40
0
16
-32
-148
-164
-112
16
64
40
32
64
104
72
32
0
104
228
244
212
196
228
228
244
308
340
276
132
56
48
132
196
120
8
-56
-32
80
196
196
80
-80
-148
-64
8
48
32
0
-8
0
-32
-16
16
32
64
72
48
8
-32
-72
0
56
56
16
-64
-148
-196
-228
-180
-196
-276
-292
-212
-112
-32
-56
-164
-244
-292
-244
-164
-196
-228
-212
-164
-80
16
16
-72
-148
-180
-112
-32
16
24
40
48
32
-24
-40
0
32
24
-48
-212
-372
-356
-228
-64
-16
-164
-340
-396
-324
-180
-88
-80
-120
-120
-40
48
32
48
64
96
196
260
260
196
228
324
492
652
620
460
244
164
324
524
588
428
164
56
148
276
308
132
-40
-96
-72
16
32
-16
-56
-8
8
0
-56
-56
0
72
104
64
32
56
120
148
164
196
196
164
164
196
244
244
212
164
132
164
180
132
8
-112
-148
-132
-96
-132
-276
-396
-372
-324
-276
-356
-460
-460
-396
-292
-228
-244
-308
-340
-260
-148
-72
-104
-148
-196
-148
-96
-80
-112
-180
-228
-228
-164
-80
-120
-228
-356
-372
-276
-164
-72
-104
-228
-308
-260
-148
-48
-96
-180
-164
-64
32
24
8
-48
-8
72
180
196
148
72
64
164
260
356
396
356
324
324
356
428
460
372
244
196
276
372
372
244
132
120
196
260
276
196
72
16
88
112
96
56
-16
0
-24
-104
-112
-40
64
64
40
16
24
24
8
16
32
48
72
40
0
-24
-16
0
80
180
132
120
72
24
16
0
-16
-16
8
-16
-96
-164
-148
-120
-96
-132
-180
-180
-196
-196
-212
-132
-80
0
64
16
-80
-148
-164
-132
-32
0
-48
-88
-120
-148
-148
-132
-64
-48
-48
-148
-244
-308
-308
-212
-72
16
-8
-148
-276
-276
-120
96
148
72
-88
-212
-164
-56
32
64
24
0
8
24
-8
-48
-24
64
196
276
244
104
24
32
104
196
228
180
64
-40
-96
-16
112
164
104
40
24
48
64
0
-72
-80
-8
104
132
8
-164
-228
-56
164
228
132
-16
-96
-32
8
48
16
-32
-32
-8
24
32
8
8
56
64
48
8
0
0
8
32
32
0
-48
-48
-40
-24
-32
-72
-96
-96
-64
-40
-96
-164
-132
-64
-24
8
0
-64
-88
-48
8
72
48
0
-56
-104
-120
-96
-16
16
0
-24
-48
-56
-64
-48
-24
64
148
164
120
72
72
164
276
340
340
276
180
148
212
276
292
260
196
212
260
212
148
148
148
164
164
132
64
24
-8
0
64
72
48
24
8
8
-16
-96
-148
-180
-148
-24
56
88
72
48
32
0
-16
0
-40
-32
-8
-24
-120
-212
-196
-96
-16
-32
-148
-340
-372
-308
-228
-196
-308
-396
-428
-276
-96
-56
-132
-308
-396
-356
-260
-180
-132
-180
-196
-132
-48
-8
-48
-96
-48
48
80
48
-48
-132
-80
0
16
-32
-112
-196
-228
-132
-72
-24
-32
-64
-96
-104
-96
-104
-132
-112
-72
8
88
40
-88
-148
-48
164
308
292
180
72
112
164
212
244
276
356
428
428
340
244
228
292
396
396
340
180
104
104
180
260
292
260
164
48
32
132
180
148
64
24
104
196
244
132
0
-16
96
180
