SAMPLES:	9519
BITSPERSAMPLE:	16
CHANNELS:	1
SAMPLERATE:	16000
NORMALIZED:	FALSE
0
0
0
0
0
0
0
0
0
0
0
0
0
0
0
0
0
0
0
0
0
0
-8
-8
-8
-8
-8
-8
-8
-8
-8
-8
-8
-8
-8
-8
-8
-8
-8
-8
-8
0
0
0
0
0
-8
-8
-8
0
0
-8
0
0
0
0
0
0
0
0
0
0
0
0
0
0
0
0
0
0
0
0
0
0
0
8
8
8
8
8
8
8
8
16
16
8
8
8
8
8
8
8
16
8
8
8
8
16
16
16
16
16
16
16
16
8
8
16
16
16
16
16
16
16
16
16
16
16
16
16
16
8
8
8
8
8
8
0
0
0
0
0
0
0
0
0
0
0
0
-8
-8
-8
-8
-8
-8
-16
-16
-16
-16
-24
-24
-24
-32
-32
-32
-32
-32
-32
-32
-32
-32
-32
-32
-32
-32
-32
-32
-32
-32
-32
-32
-32
-24
-24
-24
-24
-16
-16
-16
-16
-16
-24
-16
-16
-8
-8
-8
-8
0
0
0
0
0
0
0
0
8
8
16
16
16
16
16
16
16
16
24
24
24
24
24
24
24
24
32
32
32
32
24
32
24
24
24
24
24
24
16
16
16
16
16
16
16
24
24
16
16
16
16
16
16
8
8
8
8
8
0
0
0
0
0
0
0
0
0
0
-8
-8
-8
-8
-8
-8
-8
-8
-8
-8
-8
-8
-8
-16
-16
-16
-16
-16
-16
-16
-16
-16
-16
-16
-16
-16
-16
-16
-16
-16
-16
-16
-16
-16
-16
-16
-8
-8
-8
-8
-8
-8
0
0
-8
0
-8
-8
-8
-8
-8
-8
0
0
0
0
0
0
8
8
0
0
0
0
8
8
8
8
16
16
16
16
16
16
16
16
24
24
24
24
24
24
24
24
24
24
24
16
16
16
16
8
8
8
8
8
8
8
8
0
0
0
0
0
0
0
0
0
-8
-8
-8
-16
-16
-16
-16
-16
-24
-24
-24
-24
-24
-24
-24
-24
-24
-24
-24
-24
-24
-16
-24
-24
-24
-24
-24
-24
-24
-24
-16
-16
-16
-16
-16
-16
-16
-16
-16
-16
-8
-8
-8
-8
0
0
0
0
0
0
0
0
0
8
8
8
16
16
16
16
16
8
8
16
16
16
16
16
16
16
16
24
24
24
24
24
24
32
32
32
32
32
32
24
24
24
24
32
32
32
24
24
24
24
24
24
24
32
32
24
24
24
16
16
16
16
8
8
8
8
0
0
0
0
0
0
0
0
0
-8
-8
-8
-8
-8
-16
-16
-16
-16
-16
-24
-24
-24
-32
-32
-32
-32
-40
-40
-40
-40
-40
-40
-40
-40
-40
-40
-40
-40
-40
-32
-40
-32
-32
-32
-32
-32
-24
-32
-32
-24
-24
-24
-24
-24
-24
-16
-8
-8
-8
-8
-8
-8
-8
0
0
0
0
0
0
0
0
0
0
8
8
8
16
16
16
16
16
16
16
16
16
16
16
16
24
24
24
24
24
24
24
24
24
24
24
24
24
24
24
24
24
24
24
24
24
24
24
16
16
24
16
16
16
16
8
8
8
8
8
8
8
8
8
0
0
0
0
0
-8
-8
-8
-8
-8
-8
-8
-8
-8
-8
-8
-16
-16
-16
-16
-16
-16
-16
-16
-16
-8
-8
-8
-8
-8
-8
-8
-8
-8
-8
-8
-16
-8
-8
0
0
0
0
0
0
0
0
0
0
8
8
8
8
8
8
8
8
16
16
16
16
16
16
16
16
16
16
16
16
16
8
16
16
16
16
8
8
8
0
0
0
0
0
0
0
0
0
0
0
0
0
0
0
-8
-16
-16
-16
-16
-24
-24
-24
-24
-24
-24
-24
-24
-24
-24
-24
-24
-24
-24
-24
-32
-32
-32
-32
-32
-32
-32
-32
-24
-24
-24
-24
-24
-24
-24
-24
-24
-24
-16
-16
-16
-8
-8
-8
-8
0
0
0
-8
-8
-8
-8
0
0
0
0
0
8
8
8
8
16
8
16
16
16
16
24
16
16
16
24
24
24
24
32
32
32
32
32
32
32
32
32
32
32
32
32
32
32
32
32
32
32
32
40
32
32
32
24
24
24
24
16
16
16
16
16
16
8
8
8
8
8
8
8
0
0
0
0
0
0
0
0
-8
-8
-8
-8
-8
-8
-8
-8
-16
-16
-16
-16
-24
-16
-24
-24
-24
-24
-24
-32
-24
-32
-32
-32
-32
-32
-32
-24
-24
-24
-24
-24
-24
-24
-24
-24
-24
-24
-24
-24
-24
-24
-16
-16
-8
-8
-8
0
-8
-8
-8
-8
-8
0
0
0
0
0
0
0
0
0
8
8
16
8
16
8
8
8
16
16
16
16
24
24
16
16
16
16
16
16
16
16
16
16
16
16
16
8
8
8
8
8
8
8
8
8
8
8
8
0
0
0
0
0
0
0
0
0
0
0
0
0
-8
-8
-8
-8
-8
-8
-16
-16
-16
-16
-16
-16
-16
-16
-24
-24
-24
-24
-24
-24
-24
-16
-16
-16
-16
-16
-8
-8
-8
-8
-8
-8
-8
-8
-8
0
0
0
0
0
0
0
0
0
0
0
0
0
0
8
8
8
16
16
16
16
16
24
24
24
24
24
24
24
24
24
24
24
24
32
32
32
24
24
24
24
24
24
24
32
32
24
24
24
16
24
24
24
24
24
16
16
16
16
16
16
16
16
8
0
0
0
0
0
0
0
0
-8
-8
-8
-8
-8
-16
-16
-16
-16
-24
-24
-24
-24
-32
-32
-32
-40
-40
-40
-40
-40
-40
-40
-40
-40
-40
-48
-40
-40
-40
-32
-40
-40
-32
-32
-40
-32
-32
-32
-32
-24
-24
-24
-24
-16
-16
-16
-16
-16
-16
-16
-8
-8
-8
-8
-8
-8
-8
0
0
0
0
0
0
0
8
8
8
8
8
16
16
16
16
16
24
24
24
24
24
16
24
24
16
24
24
24
24
24
24
16
16
24
24
24
24
32
32
32
32
32
32
32
32
24
24
24
24
24
24
24
24
24
24
24
24
24
24
24
24
24
24
24
16
8
16
16
16
16
8
8
0
0
0
0
0
-8
-8
-8
-8
-8
-8
-16
-16
-16
-24
-24
-24
-24
-32
-32
-32
-32
-40
-40
-32
-40
-40
-40
-40
-40
-40
-40
-40
-40
-40
-40
-40
-40
-32
-32
-32
-32
-24
-24
-24
-24
-24
-16
-8
0
0
0
0
0
0
8
8
8
8
8
16
8
8
16
16
16
24
24
24
24
24
24
24
24
24
24
24
24
24
24
24
24
24
24
24
24
24
16
16
16
16
16
16
16
16
8
0
0
0
0
0
0
-8
-8
-8
-8
-16
-16
-8
-8
-8
-8
-8
-16
-16
-16
-16
-24
-24
-24
-24
-16
-16
-16
-16
-16
-24
-16
-16
-16
-16
-16
-8
-8
-8
0
0
-8
-8
-8
-8
0
0
0
0
0
0
0
0
0
8
0
8
8
8
8
8
0
0
0
0
0
0
0
0
0
8
8
8
8
8
0
8
8
8
8
8
0
8
8
8
8
16
16
16
16
16
16
16
16
16
16
16
16
8
8
8
8
8
16
16
8
16
32
24
8
0
0
0
0
0
0
16
8
0
-16
-24
-32
-40
-32
-32
-24
-24
-32
-40
-32
-32
-40
-40
-32
-24
-16
-24
-24
-24
-24
-24
-24
-32
-24
-16
-16
-16
-8
0
-8
-16
-16
-8
0
0
0
0
0
0
0
-8
-16
-8
0
0
0
8
16
16
8
8
8
8
8
8
16
24
16
16
16
24
24
24
32
32
32
32
32
32
32
32
32
32
40
48
40
48
40
32
24
24
16
8
8
16
24
24
24
24
24
16
8
0
0
0
0
0
0
8
8
0
0
0
8
0
0
0
0
-16
-16
-16
-16
-16
-16
-16
-24
-16
-24
-32
-32
-24
-32
-40
-32
-32
-32
-32
-32
-40
-40
-48
-48
-48
-48
-56
-56
-56
-56
-64
-56
-48
-48
-40
-32
-32
-32
-24
-24
-16
-16
-16
-8
-16
-8
-8
-8
-8
0
0
0
0
0
8
8
8
16
16
16
24
24
24
32
32
32
32
40
40
40
40
48
48
48
48
48
48
40
40
40
40
32
32
24
16
24
16
16
24
24
24
24
24
16
16
16
8
8
8
8
0
0
0
-8
0
-8
-8
-8
-8
-8
-8
-8
-8
0
-8
-8
-8
-8
-8
0
0
0
8
8
8
0
0
0
0
-8
-8
0
0
0
0
0
0
0
0
0
16
16
16
16
8
0
0
0
0
0
16
16
16
16
8
8
0
0
-8
-8
-16
-24
-32
-32
-40
-40
-32
-32
-24
-24
-32
-40
-48
-40
-48
-56
-40
-40
-32
-32
-24
-16
-16
-24
-24
-24
-32
-40
-40
-40
-40
-40
-32
-24
-24
-8
0
0
8
16
16
8
0
8
8
24
32
40
40
32
32
16
0
0
8
8
16
16
24
24
24
24
16
16
16
16
16
8
16
24
24
32
32
40
40
48
48
48
32
16
0
-8
-8
-8
0
0
8
24
16
16
24
32
48
48
48
48
48
32
24
16
8
8
0
0
0
0
8
8
8
8
8
8
0
0
-8
-8
-8
-8
0
0
0
0
-8
-16
-24
-32
-48
-56
-56
-48
-40
-40
-32
-32
-32
-40
-48
-64
-80
-88
-96
-104
-96
-88
-72
-56
-32
-16
0
16
16
16
8
8
0
0
0
0
0
0
0
8
8
24
40
40
40
24
16
8
0
8
16
24
16
8
16
24
32
40
32
16
8
0
8
16
48
64
80
72
72
72
56
48
48
32
16
8
0
0
16
24
24
32
24
24
8
-8
-32
-48
-64
-72
-72
-64
-56
-48
-48
-48
-48
-56
-64
-72
-88
-112
-120
-132
-148
-132
-112
-88
-64
-56
-40
-32
-40
-48
-48
-64
-80
-88
-88
-80
-64
-56
-40
-16
0
0
0
8
8
8
8
8
16
24
40
72
96
120
148
148
132
112
96
80
72
80
88
112
148
164
180
180
164
132
112
104
96
88
96
112
132
148
148
164
212
276
372
492
652
812
988
1116
1116
1052
812
492
180
-72
-308
-492
-588
-652
-716
-748
-716
-620
-492
-396
-396
-428
-492
-556
-588
-620
-620
-652
-716
-780
-780
-748
-748
-812
-876
-1052
-1180
-1308
-1244
-1180
-1052
-876
-684
-492
-356
-260
-180
-148
-132
-148
-164
-112
-16
132
260
396
524
620
652
556
460
340
164
24
-24
16
120
308
524
716
924
1052
1052
988
844
684
492
356
356
428
524
684
876
988
1052
924
780
556
308
80
-164
-340
-396
-460
-356
-244
-80
48
180
308
460
588
780
1244
1756
2364
3004
3644
3772
3388
2492
1436
460
-372
-1116
-1692
-1980
-1980
-1980
-1884
-1436
-748
-212
32
40
-8
-120
-324
-588
-780
-844
-924
-1052
-1116
-1052
-1180
-1564
-2236
-3004
-3516
-3900
-4092
-3772
-3260
-2620
-1980
-1308
-684
-180
80
24
-132
-308
-556
-716
-716
-492
-24
492
844
1180
1372
1244
812
180
-428
-924
-1116
-1052
-748
-104
652
1308
1884
2236
2364
2108
1436
780
164
-260
-396
-164
308
924
1564
2108
2236
2236
1884
1180
212
-684
-1308
-1692
-1820
-1692
-1180
-620
-132
372
780
1116
1052
876
620
492
524
748
1500
2620
3900
4860
5372
5884
6396
5884
4604
2748
844
-716
-1980
-2748
-2748
-2108
-1372
-748
-228
492
1244
1628
1564
1244
716
8
-780
-1308
-1564
-1628
-1884
-2364
-2748
-3132
-3516
-4092
-4860
-5116
-5372
-5372
-5116
-4348
-3260
-1980
-876
8
556
588
180
-460
-1180
-1628
-1884
-1756
-1436
-1052
-460
196
780
1244
1372
1244
924
428
-132
-460
-340
-24
460
1052
1500
1884
2108
2108
1756
1244
556
-72
-492
-556
-260
340
988
1564
2108
2236
2108
1628
876
0
-876
-1628
-2108
-2236
-2108
-1628
-988
-308
308
876
1244
1372
1244
1052
924
876
988
1180
1308
1436
1436
1564
2108
3004
4348
5372
6140
6652
6908
6396
4860
2876
1244
164
-620
-1244
-1372
-924
-428
-104
72
588
1244
1564
1372
780
88
-780
-1756
-2620
-3260
-3516
-4092
-4604
-5116
-5372
-5372
-5628
-6140
-6140
-5884
-5372
-4604
-3388
-2236
-1244
-524
-48
292
460
244
-396
-1436
-2364
-2876
-3132
-2876
-2108
-876
460
1628
2236
2492
2620
2236
1564
748
120
-88
48
292
844
1564
2108
2236
1980
1692
1180
588
-96
-588
-652
-492
0
620
1372
2108
2492
2364
1980
1180
88
-1180
-2364
-3004
-3260
-3132
-2620
-1628
-620
428
1244
1820
2236
2364
2364
2108
1692
1436
1308
1244
1244
1308
1244
1116
876
652
524
780
1628
2876
4348
5628
6396
7164
8316
8316
6908
4604
2108
132
-1436
-2492
-3004
-2620
-1980
-1436
-1052
-396
492
1116
988
180
-844
-1884
-3004
-3900
-4348
-4348
-4092
-4348
-4348
-4348
-4092
-4348
-4860
-5628
-5884
-5628
-5116
-4348
-3260
-1884
-556
684
1564
1628
1052
356
-396
-1244
-2236
-2620
-2620
-2236
-1564
-428
1244
2492
3004
2748
2108
1564
780
-180
-716
-556
-56
372
988
1980
2748
3004
2364
1436
460
-620
-1564
-2108
-2108
-1500
-556
524
1500
2492
2876
2492
1436
324
-924
-2492
-3772
-4604
-4348
-3516
-2236
-492
1308
2876
3644
3900
3644
3132
2236
1116
0
-812
-1116
-876
-396
372
1244
1980
2236
2236
1980
1980
2492
3516
4604
5372
6140
6908
7420
7420
5884
3388
988
-924
-2364
-3388
-3772
-3388
-2620
-1884
-1180
-260
876
1692
1628
988
32
-1116
-2492
-3644
-4092
-4092
-4348
-4604
-4604
-4348
-4092
-4348
-4860
-5116
-5116
-4604
-3900
-3004
-1820
-748
88
844
1500
1820
1692
876
-196
-1372
-2364
-3004
-3260
-2620
-1436
228
1820
2876
3388
3516
3132
2492
1628
812
276
-112
-196
24
524
1052
1372
1436
1116
620
-40
-716
-1308
-1436
-1244
-524
492
1692
2748
3260
3004
2364
1180
-340
-1980
-3644
-4604
-5116
-4604
-3388
-1756
88
1820
3260
4092
4348
4092
3004
1628
228
-876
-1500
-1500
-988
-212
684
1628
2364
2876
2748
2364
1980
1500
1308
1564
2364
3388
4348
5372
6908
7932
7932
5884
3004
228
-1820
-3260
-4348
-4348
-3644
-2620
-1692
-812
460
1628
1980
1436
324
-876
-2108
-3388
-4348
-4604
-4604
-4348
-4348
-4092
-3772
-3772
-4348
-5116
-5628
-5884
-5628
-5116
-4348
-2876
-1500
-212
1180
2236
2620
1692
180
-1436
-2876
-3900
-4348
-4092
-2748
-1180
340
1692
2876
3388
3260
2620
1756
716
-292
-1052
-1116
-588
308
1180
1980
2748
3004
2876
2108
1052
-24
-812
-1116
-780
132
1372
2492
3132
3388
3004
2108
652
-988
-2492
-3516
-4092
-3900
-2748
-1052
844
2748
4092
5116
5116
4348
3132
1628
112
-924
-1436
-1436
-812
112
1180
2236
3132
3644
3644
3132
2364
1500
1244
1692
2876
4348
5628
6652
7932
8316
7164
4348
1372
-1116
-2748
-3900
-4348
-4092
-2748
-1564
-460
492
1628
2236
1980
844
-684
-2108
-3772
-5116
-5884
-5884
-5372
-4860
-4604
-4348
-4092
-4092
-4860
-5628
-6140
-6140
-5628
-5116
-3772
-2364
-1116
-276
396
876
844
356
-780
-1980
-3132
-3900
-4092
-3644
-2108
-228
1756
3132
3772
3900
3516
2620
1500
372
-372
-716
-684
48
988
2108
2748
3132
3132
2492
1692
396
-652
-1372
-1628
-1180
-396
780
1884
2748
2876
2364
1308
-180
-1820
-3388
-4348
-4860
-4348
-3260
-1564
460
2364
3772
4604
4860
4348
3004
1244
-396
-1820
-2492
-2492
-1820
-556
924
2492
3644
4348
4604
4348
3516
2748
1980
1628
1884
2492
3260
4092
5116
6652
7932
8316
6396
3516
620
-1436
-2620
-3260
-3132
-2364
-1372
-396
340
1116
1756
1756
1116
-132
-1436
-2748
-3900
-4860
-5116
-4860
-4604
-4348
-4348
-4092
-4092
-4348
-5116
-5884
-6140
-5884
-5116
-4092
-2748
-1308
0
1180
2108
2364
1756
324
-1372
-2876
-3900
-4348
-4092
-3004
-1372
340
1884
3004
3644
3644
3132
2236
1180
212
-324
-356
48
716
1500
2108
2492
2620
2236
1372
164
-988
-1756
-2108
-1884
-1180
-88
1052
1884
2108
1884
1116
-72
-1436
-2748
-3772
-4092
-3900
-2748
-1116
684
2236
3388
3900
3644
2876
1564
40
-1308
-2236
-2620
-2236
-1308
148
1756
3260
4348
4860
4604
3900
3004
1980
1308
1308
1884
2876
3900
4860
6140
7676
8316
7164
4604
1308
-1308
-2876
-3644
-3900
-3388
-2236
-924
16
812
1628
2108
1628
212
-1308
-2748
-3900
-5116
-5628
-5372
-4860
-4348
-4348
-4092
-3772
-4092
-4860
-5628
-6140
-5884
-5372
-4604
-3260
-1756
-292
1116
2108
2492
2108
1052
-164
-1564
-2748
-3388
-3260
-2364
-1052
588
2364
3644
4348
4348
3900
3132
2108
812
-104
-260
104
780
1628
2364
3132
3260
2876
2108
1180
180
-924
-1564
-1692
-1116
-88
988
1756
2236
2108
1244
-40
-1500
-2876
-4092
-4860
-4860
-4092
-2620
-924
812
2364
3388
3900
3772
2876
1564
-16
-1500
-2364
-2748
-2236
-1180
196
1756
3260
4348
4860
4860
4348
3516
2492
1564
988
924
1436
2236
3004
3644
4604
5884
6908
7164
5884
3516
620
-1564
-2876
-3388
-3388
-2748
-1692
-780
-292
-72
72
-132
-716
-1692
-2748
-3772
-4604
-5116
-5116
-4604
-3900
-3516
-3388
-3260
-3516
-4092
-4860
-5628
-6140
-5884
-5372
-4348
-2876
-1116
324
1244
1756
2236
2108
988
-844
-2492
-3132
-3388
-3388
-2748
-1308
716
2364
3516
4092
4348
3900
2748
1564
1116
812
556
260
620
1308
1692
1820
1628
1436
748
-180
-1180
-1692
-1564
-1180
-460
308
1308
2108
2236
1628
748
-260
-1500
-2620
-3260
-3260
-2620
-1628
-276
1308
2620
3388
3516
3004
2108
1052
-32
-924
-1436
-1244
-460
684
2108
3644
4860
5372
5372
4604
3772
2620
1500
652
428
876
1692
2876
3900
4860
5884
6908
7676
6908
4604
1436
-1372
-3004
-3644
-3644
-3004
-1980
-876
-164
32
56
0
-556
-1692
-3004
-4092
-4604
-4860
-4860
-4348
-3388
-2748
-2620
-2748
-3004
-3772
-4860
-6140
-6908
-7164
-6396
-5116
-3516
-1628
588
2364
3260
3004
1820
244
-1628
-3132
-4092
-4092
-3004
-1756
-340
1244
2876
4092
4348
3900
3004
1884
492
-812
-1308
-1116
-244
748
1692
2492
2876
2620
1820
716
-460
-1628
-2492
-2876
-2364
-1244
104
1308
2108
2492
1980
924
-524
-1884
-3004
-3772
-4092
-3772
-2620
-924
876
2492
3644
4092
3772
2876
1692
460
-556
-1180
-1244
-652
492
1980
3260
4348
4860
5116
4860
4092
3132
2108
1116
556
588
1372
2492
3388
4092
4604
5116
5884
6652
6652
5116
2620
-228
-2108
-3004
-3132
-2748
-1980
-988
-372
-324
-556
-684
-844
-1436
-2364
-3004
-3388
-3516
-3516
-3388
-3004
-2620
-2492
-2876
-3388
-3900
-4604
-5628
-6140
-6140
-5372
-4348
-2876
-1436
212
1500
2236
2492
2108
1180
-492
-2364
-3516
-3772
-3388
-2620
-1372
308
1884
3004
3388
3516
3132
2108
924
-196
-588
-460
-196
340
924
1500
1692
1436
812
-48
-1116
-2236
-2876
-2876
-2364
-1244
8
1244
2236
2620
2364
1436
180
-1116
-2364
-3260
-3644
-3132
-2108
-652
988
2364
3388
3644
3260
2492
1308
292
-588
-988
-780
-56
988
2236
3260
4092
4604
4604
4092
3388
2492
1692
988
684
748
1244
1980
2876
3644
4092
4348
5116
6140
6396
5116
2748
148
-1820
-2748
-2876
-2492
-1564
-684
-292
-492
-924
-1180
-1372
-1884
-2620
-3132
-3388
-3260
-3004
-2620
-2108
-1820
-1820
-2236
-3004
-3900
-4860
-5884
-6652
-6652
-5884
-4604
-3132
-1564
88
1692
2876
3004
2236
652
-988
-2492
-3516
-3900
-3132
-1756
-492
524
1436
2364
2876
2620
1820
924
196
-556
-924
-492
556
1628
2236
2492
2364
1980
1052
-324
-1628
-2620
-3004
-2876
-2236
-924
780
2236
3132
3388
3004
2108
588
-988
-2108
-2748
-3004
-2748
-1820
-620
748
1884
2620
3004
2748
2236
1308
556
112
64
276
812
1500
2236
3004
3516
3644
3516
3132
2620
1884
1244
716
460
556
876
1692
2748
3772
4604
5116
5884
6652
6652
5116
2364
-340
-2236
-3004
-3132
-2748
-1692
-716
-324
-684
-1308
-1500
-1564
-1980
-2876
-3516
-3644
-3516
-3132
-2492
-1756
-1244
-1436
-2236
-3260
-4092
-5116
-6140
-6908
-6908
-6140
-4604
-3004
-1180
460
1884
2748
2748
1756
180
-1500
-3004
-3772
-3772
-2876
-1308
356
1628
2364
2748
2748
2108
1116
72
-684
-988
-812
48
1308
2620
3132
3004
2492
1500
340
-1052
-2236
-3004
-3132
-2620
-1436
164
1884
3260
3900
3516
2492
1116
-276
-1500
-2364
-2620
-2492
-1980
-1180
-88
924
1692
1980
1884
1564
1052
620
292
276
652
1308
1980
2620
3132
3516
3516
3260
3004
2492
1884
1244
876
844
988
1244
1884
2748
3516
4092
4348
4348
4860
5628
6140
5628
3516
1116
-988
-2108
-2492
-2364
-1692
-988
-844
-1500
-2364
-2748
-2492
-2364
-2492
-2748
-2876
-2748
-2236
-1756
-1180
-1052
-1436
-2364
-3516
-4604
-5372
-6140
-6652
-6396
-5628
-4348
-2876
-1436
-132
924
1244
988
492
-228
-1244
-2492
-3132
-3004
-2236
-1052
32
1244
2108
2108
1244
180
-492
-812
-988
-988
-276
924
1980
2748
3004
2748
1884
492
-1116
-2364
-3004
-3260
-2876
-2108
-652
988
2364
3260
3516
3132
1980
428
-988
-1884
-2364
-2364
-1980
-1308
-292
684
1308
1756
1820
1692
1244
844
620
652
988
1564
2364
3132
3644
3772
3644
3388
3004
2492
1980
1372
844
556
460
780
1564
2748
3900
4604
5372
5628
6140
6396
6396
5372
2876
340
-1564
-2492
-2492
-1980
-812
460
748
-104
-1436
-2364
-2492
-2620
-3004
-3388
-3388
-3132
-2620
-1820
-924
-460
-924
-2108
-3388
-4604
-5372
-6140
-6652
-6140
-5116
-4092
-2748
-1372
80
924
924
148
-876
-1884
-2748
-3260
-2876
-1756
-276
844
1692
2236
2236
1628
324
-812
-1372
-1564
-1564
-1244
-212
1116
2108
2620
2620
2108
1244
-56
-1244
-1884
-2108
-1884
-1564
-924
0
988
1692
1980
1820
1372
460
-588
-1372
-1628
-1372
-988
-684
-276
48
276
372
524
684
748
620
356
292
396
652
988
1564
2108
2748
3004
3132
3260
3388
3132
2620
1980
1116
620
324
340
812
1884
3132
4092
4604
4860
5372
5884
6140
5372
3644
1308
-684
-1884
-2364
-1980
-988
260
924
356
-988
-2364
-3132
-3388
-3516
-3516
-3260
-2748
-2236
-1564
-780
-308
-620
-1756
-3260
-4604
-5372
-6140
-6140
-5372
-3900
-2620
-1436
-524
48
164
-180
-492
-652
-1244
-2108
-2748
-2364
-1308
-228
556
1372
2236
2364
1500
292
-372
-492
-524
-588
-132
812
1564
1884
1980
2236
1980
988
-292
-1180
-1372
-1308
-1116
-924
-308
460
1052
1244
1436
1628
1436
716
-132
-684
-1052
-1500
-1692
-1436
-988
-492
-228
-72
244
620
748
684
524
396
308
356
556
1116
1756
2236
2620
2748
2876
2876
2620
2108
1692
1180
748
460
620
1500
2620
3516
4092
4348
4860
5372
5884
5628
4092
1980
48
-1116
-1692
-1692
-988
196
988
652
-748
-2492
-3772
-4348
-4604
-4348
-3772
-2876
-2108
-1628
-1244
-988
-1244
-2108
-3132
-4092
-4604
-5372
-5372
-4860
-3772
-2492
-1500
-684
-196
-244
-812
-1500
-1980
-2364
-2876
-3004
-2236
-988
164
924
1500
1980
2236
1692
924
524
652
780
844
1116
1436
1564
1436
1244
1244
1308
1116
588
148
-80
-132
-164
-148
96
460
748
988
1244
1564
1628
1244
684
104
-428
-1052
-1500
-1564
-1244
-556
40
588
924
1116
924
524
32
-260
-524
-684
-652
-196
620
1372
2108
2748
3132
3260
3260
2876
2492
1980
1564
1244
1244
1628
1980
2364
2748
3260
4092
4604
5116
4604
3132
1436
80
-556
-716
-460
228
988
1308
620
-924
-2492
-3772
-4604
-5116
-5116
-4604
-3644
-2748
-2364
-2108
-2108
-2364
-2876
-3260
-3388
-3516
-3772
-3772
-3388
-2492
-1820
-1436
-1116
-876
-716
-780
-1244
-1884
-2492
-2748
-2748
-2236
-1308
-196
748
1308
1628
1884
1884
1500
1052
876
988
1052
988
988
1244
1308
1116
924
1052
1052
844
428
132
-32
-120
-212
-196
8
372
652
876
1116
1180
844
180
-372
-716
-988
-1308
-1436
-1180
-812
-324
96
372
588
524
228
-80
-324
-492
-588
-524
-292
132
652
1244
1980
2620
3132
3388
3644
3516
3004
2492
1980
1980
1980
2108
2236
2748
3644
4604
5116
4604
3260
1980
716
0
-180
8
524
988
1180
876
180
-780
-1820
-2620
-3388
-3772
-3900
-3644
-3516
-3260
-3132
-3132
-3260
-3260
-3260
-3004
-2876
-2876
-2748
-2492
-2108
-1564
-924
-684
-684
-812
-812
-924
-1308
-1756
-1884
-1564
-1244
-924
-620
-292
-112
0
164
556
924
924
924
988
1244
1180
876
588
492
748
1052
1308
1628
1756
1628
1372
1116
684
164
-492
-1052
-1180
-1052
-780
-652
-492
-276
-112
-56
-40
-40
-196
-396
-556
-588
-524
-428
-372
-244
-104
40
212
324
260
0
-276
-324
-80
260
588
988
1436
1980
2620
3004
3260
3388
3260
3004
2748
2492
2236
2108
2492
3132
3516
3388
3004
2620
2108
1372
652
292
276
244
64
-276
-684
-1052
-1500
-1980
-2108
-2236
-2492
-2748
-2748
-2876
-3388
-3772
-4092
-4348
-4348
-4092
-3516
-2876
-2108
-1372
-988
-924
-1052
-1116
-1308
-1500
-1372
-876
-276
-148
-132
180
556
588
292
260
428
396
196
260
620
748
524
340
588
812
812
780
924
876
620
524
780
1180
1180
1244
1500
1884
1980
1756
1180
428
-260
-812
-1116
-1308
-1500
-1564
-1308
-844
-428
-164
-56
-32
16
48
-16
-276
-460
-492
-356
0
396
780
924
876
812
684
556
324
148
228
460
844
1372
1820
2236
2364
2620
2748
2620
2236
1756
1500
1372
1308
1180
1116
924
780
716
716
588
260
-104
-428
-620
-844
-924
-748
-620
-556
-524
-396
-460
-652
-988
-1372
-1756
-2236
-2748
-3004
-3004
-2876
-2748
-2620
-2364
-2108
-1884
-1756
-1820
-1980
-1980
-1980
-1692
-1436
-1180
-924
-652
-260
48
260
308
244
148
112
80
112
132
164
324
556
812
924
1052
1116
1244
1052
924
812
684
620
652
924
1244
1564
1884
2108
1980
1756
1500
1052
492
-24
-356
-492
-524
-524
-372
-164
-164
-244
-180
-56
40
96
104
164
212
244
324
524
556
556
620
620
556
428
292
132
132
228
372
588
844
988
1116
1116
988
812
652
492
356
292
292
340
396
340
324
244
56
-228
-492
-684
-748
-812
-876
-844
-684
-524
-356
-196
-276
-460
-620
-748
-812
-844
-876
-924
-988
-924
-876
-812
-748
-716
-684
-716
-876
-924
-988
-988
-1052
-1116
-1052
-924
-844
-652
-396
-212
-164
-96
-32
-32
-132
-228
-276
-276
-180
-32
16
24
8
8
40
104
196
228
244
244
292
372
428
524
652
812
924
988
1116
1180
1052
812
524
212
-132
-428
-652
-716
-716
-556
-276
-24
228
460
684
924
1052
1116
1116
1052
988
924
876
812
716
652
556
428
340
260
164
32
-16
-8
112
308
428
556
588
588
524
428
324
276
212
88
-24
-132
-260
-428
-620
-876
-988
-988
-876
-716
-620
-556
-492
-428
-372
-356
-356
-428
-524
-620
-684
-652
-620
-524
-428
-356
-228
-112
-24
8
-32
-180
-308
-396
-428
-396
-340
-244
-196
-120
-48
48
148
244
308
356
460
588
652
652
588
492
372
228
120
-80
-244
-340
-460
-460
-396
-308
-196
-48
56
104
120
88
88
112
228
372
396
308
228
164
0
-212
-492
-748
-924
-1116
-1116
-1052
-924
-716
-460
-148
180
556
844
988
1052
988
924
780
652
492
396
340
292
244
228
180
148
132
56
88
132
196
260
260
228
180
120
40
40
120
196
260
244
40
-196
-396
-620
-844
-988
-988
-924
-812
-588
-428
-276
-164
-80
-24
-64
-164
-276
-396
-460
-460
-428
-244
0
212
428
620
716
748
588
356
164
16
-64
-132
-64
96
324
492
620
780
876
988
1052
1052
988
924
780
652
556
428
396
276
132
-32
-164
-196
-212
-276
-340
-324
-228
-64
48
104
72
-56
-180
-244
-276
-308
-372
-428
-492
-588
-748
-924
-1116
-1244
-1372
-1436
-1436
-1436
-1308
-1116
-812
-492
-180
120
308
428
460
428
340
180
80
88
80
88
88
64
48
88
164
260
396
460
428
356
308
276
244
180
120
88
16
56
180
308
324
228
80
-40
-164
-228
-244
-228
-196
-148
-104
-88
-24
-48
-48
-72
-112
-132
-148
-148
-164
-104
-40
16
132
292
428
460
428
340
228
132
88
40
-56
-120
-112
-112
-132
-104
-8
80
244
428
556
620
620
652
684
684
652
556
524
524
492
492
372
228
132
72
48
32
16
-32
-56
-48
-32
-8
16
16
80
180
196
180
104
-80
-228
-396
-524
-620
-716
-844
-988
-1052
-988
-812
-620
-492
-356
-244
-120
16
132
164
88
-16
-72
-88
-164
-228
-340
-396
-356
-260
-148
-32
72
80
16
-64
-164
-260
-340
-356
-308
-212
-40
112
276
428
460
428
324
132
-56
-196
-276
-260
-244
-112
48
196
308
428
396
324
196
0
-228
-428
-524
-492
-340
-164
64
356
652
876
1052
1052
988
812
524
228
-24
-324
-556
-620
-588
-428
-260
-72
120
308
460
524
588
620
588
556
524
460
428
460
396
356
260
120
8
-120
-228
-292
-396
-428
-396
-340
-244
-180
-180
-148
-132
-148
-212
-292
-396
-492
-588
-652
-620
-556
-524
-524
-620
-652
-684
-716
-620
-492
-308
-180
-96
0
112
228
276
260
180
16
-88
-88
-48
-8
-16
-24
40
196
356
428
428
324
164
0
-56
-8
0
0
-40
-16
16
56
120
132
180
164
112
132
180
244
340
396
372
428
396
396
356
292
228
120
8
-120
-164
-132
-24
132
276
396
588
748
924
988
924
780
652
460
228
0
-196
-308
-292
-244
-164
-88
-32
80
244
356
428
428
340
244
164
80
40
32
-16
-48
-132
-244
-372
-524
-556
-588
-556
-588
-588
-556
-524
-428
-356
-372
-428
-556
-652
-716
-812
-780
-748
-748
-652
-524
-460
-460
-460
-492
-556
-492
-396
-260
-96
80
180
260
292
292
244
148
-8
-180
-324
-372
-276
-196
-56
132
396
588
716
716
588
396
164
-104
-324
-460
-588
-588
-524
-396
-196
-48
132
276
308
340
292
180
48
-40
-120
-132
-132
-96
-40
24
64
64
0
-104
-228
-356
-460
-460
-396
-148
164
524
924
1244
1500
1564
1500
1308
924
524
104
-196
-428
-492
-340
-96
228
588
988
1180
1244
1308
1244
1116
924
780
556
340
196
180
212
276
324
260
88
-64
-196
-292
-324
-340
-324
-308
-196
-56
40
80
8
-148
-396
-556
-652
-684
-652
-588
-492
-460
-396
-340
-276
-292
-340
-356
-292
-228
-148
-32
-8
0
-32
-104
-196
-308
-428
-556
-652
-588
-356
-148
56
244
340
396
308
244
112
-56
-228
-460
-684
-780
-844
-812
-716
-620
-492
-356
-212
-96
-16
-56
-148
-180
-196
-228
-228
-260
-292
-276
-260
-292
-308
-356
-396
-492
-556
-588
-620
-588
-460
-276
-24
340
652
924
1116
1180
1116
844
524
148
-164
-396
-524
-524
-372
-80
260
556
812
988
988
988
924
844
748
620
492
396
356
324
276
228
212
164
132
40
-88
-180
-212
-164
-64
40
72
80
64
64
16
-72
-196
-308
-356
-308
-196
-64
0
16
-16
-64
-104
-112
-88
-72
32
212
396
556
652
620
524
292
96
-56
-180
-292
-276
-164
16
276
524
684
812
812
684
524
308
56
-132
-308
-396
-396
-324
-276
-212
-148
-48
40
48
40
-8
-56
-56
-88
-164
-260
-340
-428
-460
-492
-492
-428
-428
-396
-396
-396
-492
-620
-716
-780
-748
-684
-556
-260
48
292
428
492
428
244
0
-260
-492
-716
-844
-812
-716
-524
-196
132
396
588
684
684
588
428
308
148
-8
-148
-212
-212
-196
-148
-56
-16
24
0
-40
-132
-196
-120
-64
-24
0
-8
-16
0
-8
-104
-244
-340
-396
-340
-196
-32
24
96
96
112
148
148
148
148
228
324
428
492
524
524
396
276
180
80
0
-24
8
148
292
524
716
812
876
844
812
716
556
396
228
64
0
-48
-48
-16
8
72
112
196
228
260
276
244
196
164
104
64
8
-48
-112
-196
-276
-340
-324
-340
-396
-492
-588
-620
-652
-556
-492
-356
-180
16
180
292
340
260
132
0
-164
-396
-524
-620
-684
-684
-588
-460
-244
-40
148
276
308
244
164
180
212
212
196
148
72
8
-32
-104
-180
-308
-396
-396
-428
-372
-292
-212
-88
56
212
260
180
64
-80
-212
-308
-396
-428
-460
-428
-324
-228
-120
-96
-104
-164
-196
-164
-88
16
164
324
428
524
556
524
492
356
164
8
-104
-148
-120
-40
96
324
524
652
716
684
652
620
524
356
228
132
56
24
32
-8
-48
-16
-8
-8
-8
8
-8
-88
-120
-132
-148
-132
-120
-112
-148
-196
-260
-292
-324
-396
-460
-524
-588
-684
-428
-260
-524
-428
-164
96
24
-64
48
244
180
-148
-460
-340
-212
-428
-460
-212
16
-80
-88
212
460
428
308
396
492
460
356
340
396
396
292
308
260
120
-8
-88
-64
-40
-24
24
132
196
396
556
588
524
428
292
120
16
-88
-132
-228
-372
-324
-244
-212
-148
0
80
72
148
308
428
492
556
652
716
684
652
620
460
212
8
-112
-148
-148
-48
48
120
212
308
372
324
276
120
56
0
-132
-180
-228
-324
-340
-244
-132
-48
0
-16
-196
-340
-492
-684
-844
-988
-988
-924
-844
-684
-556
-460
-460
-524
-556
-524
-620
-812
-876
-924
-924
-988
-844
-556
-324
-228
-180
-148
-164
-276
-396
-396
-428
-428
-396
-308
-196
-32
80
228
396
396
428
460
460
396
396
324
324
396
428
460
588
588
492
372
324
292
276
244
196
228
356
460
620
876
988
924
812
684
524
356
112
-56
-64
-112
-132
-104
80
260
372
460
524
492
460
460
460
492
556
588
620
684
652
652
460
308
104
-72
-148
-180
-132
-24
120
308
524
588
556
492
308
164
-8
-120
-276
-428
-524
-492
-428
-396
-372
-428
-460
-524
-588
-652
-684
-652
-716
-716
-652
-652
-652
-620
-684
-716
-812
-876
-988
-924
-876
-876
-876
-924
-844
-684
-588
-356
-292
-244
-228
-260
-180
-164
-132
-120
-120
-80
-40
8
0
0
48
80
164
324
428
428
372
396
460
428
396
492
556
556
492
460
492
396
308
244
228
180
260
324
340
460
460
492
524
428
244
148
132
0
-56
-56
-56
-96
-104
-16
-64
-48
-96
-132
0
132
244
324
492
524
588
620
652
556
340
132
-56
-112
-196
-228
-112
96
276
324
492
652
652
588
524
396
396
308
148
48
72
-64
-120
-148
-132
-180
-260
-244
-244
-228
-212
-308
-180
-72
-260
-396
-428
-308
-372
-556
-684
-524
-460
-556
-748
-684
-620
-716
-812
-748
-492
-428
-356
-356
-212
-292
-260
-308
-356
-372
-244
-212
-308
-228
-148
-132
-24
56
56
148
228
164
40
-40
148
212
132
396
524
588
684
780
524
356
396
260
8
80
276
292
340
324
428
428
372
228
120
104
-64
-164
-132
-88
0
-8
48
96
72
-48
-132
-180
-196
-292
-196
-164
96
308
372
492
396
460
260
16
-164
-212
-340
-396
-372
-104
56
88
212
244
524
356
228
196
164
148
-132
-148
-80
-132
-212
-260
-148
-80
-24
-56
32
-32
-72
-180
-180
-112
-292
-460
-340
-228
-340
-356
-228
-40
-292
-260
-396
-396
-460
-620
-716
-620
-308
-396
-196
72
356
244
40
196
148
96
16
-228
-260
-120
16
-228
56
308
260
180
396
588
428
428
308
460
460
684
396
556
684
556
492
396
460
292
260
8
56
164
196
132
164
196
104
112
104
-56
-8
96
-96
-88
-8
72
-120
-180
-104
-324
-356
-396
-292
-212
-132
-104
80
228
244
88
120
308
-16
-180
-276
-112
-148
-356
-180
0
112
-16
-88
244
396
356
16
80
308
292
-64
40
212
196
104
-228
-64
-40
-80
-524
-356
-212
-308
-396
-428
-196
-148
-132
-396
-180
132
-40
-276
-88
-148
-356
-684
-844
-780
-812
-924
-1116
-748
-524
-356
-460
-492
-96
-24
-228
-396
-132
-80
-340
-292
-180
-56
88
0
-72
-32
164
80
-8
164
32
40
196
308
460
460
684
748
684
716
652
684
492
556
460
396
276
228
24
16
180
180
260
228
460
428
556
588
524
492
428
460
180
132
16
-32
0
-24
96
112
308
372
396
324
492
556
244
104
164
164
-32
88
-8
164
196
56
-40
88
212
-24
-112
40
244
148
96
164
228
324
180
-8
132
-16
-112
-372
-460
-460
-428
-492
-620
-372
-324
-428
-492
-212
-292
-212
-244
-292
-244
-244
-292
-524
-588
-780
-924
-988
-924
-924
-812
-684
-492
-396
-244
-228
-120
-48
-120
-132
-40
48
-196
-260
-104
-96
-228
-324
-228
-196
-212
16
-24
0
72
132
112
148
324
292
428
428
492
428
524
308
148
96
96
16
-340
-492
-244
-80
-212
-212
-24
396
356
212
48
196
292
40
-164
-148
132
-8
-260
-260
48
292
212
132
356
780
716
492
356
324
524
396
228
260
524
492
524
428
396
492
460
340
164
460
396
396
340
196
308
460
396
260
372
492
492
164
-16
-164
-32
-112
-396
-524
-524
-356
-356
-428
-396
-164
72
-72
-260
-112
-180
-396
-620
-748
-588
-460
-684
-684
-396
-164
-244
-460
-292
-148
-56
-148
-292
-308
-72
-48
72
148
212
308
196
276
56
180
-56
0
72
-8
324
180
164
120
356
396
196
428
244
292
292
132
72
196
0
-396
-244
-244
-428
-292
-276
-428
-8
132
-120
-228
228
292
-276
-196
-340
-492
-372
-492
-684
-588
-244
-372
-340
-72
48
132
196
228
-56
72
164
212
-24
-196
260
228
180
-164
-96
196
164
16
-396
24
228
16
-120
32
428
556
460
196
428
652
372
-244
-196
-164
-396
-396
-716
-324
-8
-180
-196
-180
260
96
-120
8
24
80
-180
-524
-428
-372
-620
-556
-524
-428
-340
-308
-244
-276
40
148
64
180
372
396
460
356
244
428
524
276
-24
148
308
260
56
244
588
748
652
524
556
620
652
556
356
652
812
652
428
460
684
292
244
64
40
112
-104
-164
-180
132
148
56
32
164
356
104
-148
-356
-292
-396
-684
-684
-620
-308
-196
-260
-48
148
180
-56
-8
244
180
72
-64
-180
-88
-276
-492
-356
-372
-460
-428
-428
-308
-260
-228
-16
132
260
164
164
372
308
276
356
112
104
-16
-260
-324
-324
-492
-588
-620
-396
-324
-292
-292
-620
-88
-324
-180
-88
-180
-148
-340
-228
-620
-524
-492
-716
-716
-812
-844
-780
-652
-684
-748
-164
88
-244
-164
-88
164
244
-228
-120
64
396
-64
-276
180
428
556
104
72
684
588
212
16
428
812
396
324
556
988
1180
748
524
748
780
684
104
276
556
356
228
104
588
844
780
492
260
620
620
0
-40
-64
292
48
-308
-228
-32
244
-120
-104
308
524
228
148
244
460
340
64
164
16
132
-196
-524
-164
-104
-96
-260
-104
180
112
-32
164
148
164
180
-80
112
148
132
-164
-104
8
-260
-244
-292
-88
-164
-492
-292
-396
-292
-292
-492
-292
-340
-428
-356
-292
-428
-260
-492
-748
-748
-524
-684
-988
-812
-924
-748
-492
-524
-556
-212
-56
-132
-164
-180
-396
-276
-212
-492
-324
-460
-164
-180
-148
120
180
324
24
164
260
396
324
132
244
324
396
324
164
292
340
324
620
148
148
428
244
228
132
340
308
276
212
228
428
524
-8
-164
180
244
112
-212
-8
-228
16
-96
-132
-104
0
396
180
396
460
556
340
260
556
164
-16
-64
-32
96
212
72
40
460
460
228
460
876
492
228
120
308
428
372
-148
-164
428
460
72
-104
96
132
276
-308
-524
-180
0
-212
-524
-64
24
-24
-340
-556
-88
-104
-460
-844
-748
-524
-492
-556
-556
-748
-276
-372
-620
56
-276
-8
112
-40
-148
-428
-112
-324
-428
-428
-308
48
-88
-164
-196
148
396
104
120
244
292
492
260
340
428
260
396
120
308
428
0
132
244
96
-104
-96
356
-8
-104
16
32
-8
-104
-112
-276
120
104
-228
-196
-212
-308
-340
-340
-180
-556
-396
-148
-308
-148
-8
80
180
308
244
428
340
48
-96
112
-64
-104
-164
180
40
-104
324
-148
292
292
0
372
748
556
0
260
588
292
260
-40
8
460
132
-72
-372
72
308
-80
-292
-260
-24
-8
-260
-244
-48
16
-80
-492
-340
40
-56
-492
-556
-524
-396
-308
-524
-460
-292
64
24
-24
276
460
372
212
-164
48
212
-164
-244
-356
180
148
-80
104
356
924
492
308
588
556
684
212
40
396
428
88
-340
48
96
-340
120
196
40
96
32
56
8
-72
-308
-212
164
-260
-396
8
164
16
-780
-556
-260
-244
-428
-924
-396
-112
-492
-812
-556
148
64
-148
-180
80
492
132
-396
-396
356
324
-308
8
196
260
308
-64
40
276
428
356
48
396
588
396
340
148
340
492
396
196
-64
-132
244
132
-340
-64
556
428
0
96
120
40
-96
-308
-652
-244
-112
-492
-460
-96
-64
-196
-120
-260
-260
-260
-324
-396
-396
-428
-308
-396
-244
-40
-8
32
96
-196
-244
-180
-244
-556
-556
-244
-196
212
180
340
588
620
652
428
492
308
104
132
-112
-8
164
-308
-372
-164
212
308
112
212
104
396
308
-16
24
72
212
-56
24
164
292
276
-132
40
132
-8
-196
-460
-132
-88
-180
-180
-244
8
196
340
492
132
196
396
292
260
80
132
180
244
212
212
212
180
24
164
324
212
164
96
148
428
492
492
396
276
244
164
276
56
16
56
56
164
180
32
-180
-196
-16
-148
-428
-396
-556
-308
-356
-356
-212
-372
-64
-196
-212
-64
-164
-340
-652
-396
-396
-524
-212
-492
-588
-292
-308
-196
-212
-292
-428
-428
-356
-556
-324
-324
-396
-148
-164
80
308
180
-8
-64
356
72
-180
-196
-324
-148
-228
-324
-104
148
164
-180
-80
340
148
-132
-556
-372
180
-120
-180
-132
164
492
260
112
64
396
132
-308
-340
-292
-24
-228
-460
-164
104
396
180
96
324
308
276
56
56
228
428
556
372
340
492
492
356
-16
-16
80
148
148
-24
88
428
556
620
684
924
924
652
460
292
396
276
260
148
292
276
276
276
16
148
-8
-80
-32
-120
-40
8
104
148
104
372
276
228
164
-212
-276
-396
-588
-620
-588
-428
-276
-120
-8
-148
148
164
-24
-40
-292
-212
-524
-620
-428
-356
-164
-228
0
276
180
0
-112
-228
-148
-396
-492
-492
-396
-228
-372
-292
-164
-228
-292
-292
-276
-244
-460
-620
-492
-260
-340
-228
-24
-56
0
40
16
-148
-132
-292
-396
-324
-396
-428
-428
-292
-40
32
88
164
308
308
88
228
324
260
276
276
524
620
524
340
244
428
244
-24
40
212
308
276
120
396
844
812
684
556
620
716
588
112
-228
164
324
-88
-148
64
180
56
-148
-120
16
88
-244
-556
-372
-132
-56
-228
-180
96
180
56
-96
-132
-180
-396
-524
-492
-524
-460
-460
-212
64
48
148
164
228
180
40
-104
-120
-164
-292
-196
-24
88
96
244
372
460
396
292
292
212
40
-196
-96
-24
-148
-32
0
148
228
132
-40
-148
-8
-196
-308
-164
-196
-164
-8
16
0
-8
164
56
0
48
-212
-356
-340
-492
-460
-292
-132
-104
-132
-16
8
64
148
32
164
308
260
228
276
260
212
324
324
180
196
80
-64
-40
-24
-80
-16
148
164
340
620
620
556
524
428
260
164
16
-112
-80
-180
-260
-212
-56
-32
-148
-212
-196
-196
-396
-492
-428
-276
-324
-428
-308
-244
-180
-196
-356
-356
-324
-428
-556
-524
-524
-492
-492
-460
-132
-148
-112
-32
-16
148
8
-56
-132
-292
-212
-244
-292
-72
40
64
24
104
260
212
132
96
80
180
96
8
8
164
396
324
260
396
180
96
-8
-72
0
-96
-16
0
112
276
308
308
396
340
492
308
164
212
-16
0
-8
-16
112
212
148
196
356
492
260
244
356
428
428
276
292
524
716
620
492
556
396
196
56
0
244
120
-32
40
148
372
428
428
308
372
588
276
56
64
-40
-228
-372
-260
-196
-196
-212
-276
-148
-148
-428
-524
-556
-428
-396
-524
-396
-396
-308
-340
-396
-260
-356
-652
-652
-556
-524
-556
-716
-684
-556
-324
-372
-276
0
-24
-260
-228
-180
-276
-396
-588
-588
-324
-32
-24
-164
-148
-132
-104
-112
-132
8
-32
-196
-260
-164
-132
-120
-48
64
228
228
180
40
-88
-132
-260
-164
-72
-104
0
64
244
340
260
180
132
196
212
120
0
32
132
148
132
324
324
324
396
428
372
308
372
292
276
396
492
588
556
524
588
556
428
324
196
196
148
244
244
196
260
324
492
620
524
428
428
308
96
16
-32
-48
-56
-164
-80
148
132
-8
-88
-48
0
-164
-212
-260
-228
-180
-308
-244
-120
0
-40
-120
-120
-88
-196
-324
-428
-428
-324
-308
-340
-308
-72
-16
-40
-112
-132
-132
-260
-356
-492
-372
-196
-308
-308
-164
-48
64
16
-132
-112
88
56
-80
-276
-308
-104
-56
-56
-48
96
180
16
-96
-72
16
-132
-372
-340
-196
0
8
-148
-40
112
180
-16
-120
32
-64
-132
-80
-180
-112
0
-24
-32
48
244
112
32
132
48
40
72
112
164
308
372
308
324
212
132
112
24
0
16
180
212
88
88
180
276
244
212
244
132
72
0
-212
-180
-164
-148
-180
-148
88
32
-56
-96
-96
-80
-196
-292
-372
-308
-164
-104
-148
-148
-104
0
56
48
-32
-48
-56
-72
8
40
104
104
88
120
292
460
292
196
196
132
164
72
0
104
212
292
260
324
460
428
324
396
396
324
212
148
180
164
32
32
40
196
212
64
80
40
-96
-260
-396
-308
-244
-324
-244
-64
8
-164
-260
-120
-148
-112
-196
-260
-228
-276
-244
-308
-228
-164
-324
-260
-148
-180
-132
-148
-96
-164
-164
-88
16
164
120
72
0
0
48
8
-24
8
32
-24
0
80
72
16
-24
-56
-32
-24
-32
-132
-260
-244
-196
-104
-180
-212
-132
-80
40
-72
-260
-260
-260
-308
-340
-276
-180
-180
-244
-292
-180
-16
-32
-112
-72
48
112
-48
-120
-64
0
-16
32
56
96
228
212
212
260
340
260
180
212
260
292
292
260
228
276
396
492
460
340
308
308
228
212
164
180
164
228
244
276
324
244
164
112
104
96
64
40
16
-80
-32
32
16
64
88
132
164
112
40
-40
-56
-80
-164
-120
-112
-72
-48
-104
-72
-64
-48
0
8
-8
-24
24
80
32
32
104
88
24
-40
0
56
16
-16
-32
0
0
-64
-80
-132
-180
-196
-180
-164
-148
-96
-112
-196
-196
-132
-132
-196
-292
-356
-276
-196
-212
-276
-308
-260
-212
-196
-180
-212
-104
-56
-48
-32
0
56
40
-16
-112
-120
-120
-132
-164
-148
-40
64
80
64
104
120
40
-8
-72
-96
-88
-40
16
-24
40
112
180
196
164
212
212
104
0
-32
-8
32
8
16
32
56
120
64
0
-8
-24
-32
-56
-164
-180
-132
-48
-24
-24
88
212
244
148
96
132
40
-24
-112
-120
0
32
56
0
24
72
-32
8
64
48
80
56
72
104
120
164
132
148
148
148
212
196
96
8
0
40
24
48
72
56
96
148
228
180
104
64
16
-16
-48
-72
-48
-24
24
72
88
132
112
48
48
-8
-16
32
-64
-80
-72
-56
32
64
80
80
72
16
-104
-120
-104
-120
-164
-148
-48
40
96
72
96
104
32
-48
-104
-132
-148
-180
-164
-120
-80
-24
-24
-56
-64
-72
-112
-132
-132
-16
-48
-104
-48
-8
24
-56
-56
-48
-48
-72
-148
-180
-180
-164
-180
-132
-40
48
56
64
48
104
148
48
16
-24
-40
-32
-96
-132
-148
-72
-32
32
132
212
228
196
180
164
164
120
96
72
48
40
32
16
0
-8
16
-8
8
16
-24
-48
-48
-64
-132
-56
0
16
24
-56
-72
-64
-120
-212
-212
-228
-212
-180
-164
-120
-8
-24
-64
-112
-80
-24
-40
-56
-80
-16
-24
-32
-72
-56
-64
-72
-132
-132
-64
48
24
16
104
80
120
132
48
24
48
0
0
8
80
96
148
196
196
212
196
148
104
88
48
40
48
40
88
132
120
120
112
80
80
56
24
16
-24
-16
-24
-16
0
0
24
88
148
132
104
112
120
132
120
88
56
32
24
16
0
64
120
148
164
196
212
196
164
148
148
112
104
48
72
132
148
120
96
80
48
32
-8
-16
0
-40
0
72
56
72
72
0
-40
-80
-104
-148
-212
-212
-244
-276
-276
-292
-292
-292
-244
-196
-196
-196
-244
-292
-292
-244
-212
-212
-196
-196
-196
-196
-228
-244
-276
-276
-292
-340
-308
-260
-180
-196
-180
-132
-88
-96
-164
-112
-56
-80
-80
-104
-104
-64
-64
-48
-8
24
32
40
24
0
32
32
-8
40
48
48
132
164
120
120
148
132
180
244
196
148
72
40
88
132
164
164
148
164
180
180
180
164
120
112
148
212
212
260
276
276
308
356
372
324
260
212
196
180
132
196
276
276
276
260
244
212
164
104
80
112
112
80
40
40
88
80
48
48
80
40
24
24
-40
-80
-88
-132
-120
-112
-132
-132
-132
-132
-132
-148
-132
-180
-212
-196
-132
-120
-112
-132
-212
-180
-196
-228
-212
-228
-228
-228
-180
-132
-112
-88
-96
-112
-104
-72
-48
-64
-48
-40
-80
-80
-104
-104
-104
-120
-132
-120
-88
-72
-24
-32
-80
-148
-180
-212
-228
-180
-132
-132
-104
-48
0
32
0
-48
-64
-148
-148
-132
-148
-212
-212
-164
-96
-24
-8
-8
-24
-16
-8
-24
-48
-24
-16
24
72
80
132
112
112
112
112
104
56
16
-8
40
112
180
244
180
196
228
292
292
244
276
276
228
196
244
228
228
228
196
228
260
212
120
56
56
48
32
0
16
40
32
40
80
96
120
96
72
72
96
48
-24
-40
-16
0
-16
-32
-64
-56
-96
-132
-164
-112
-148
-164
-96
-40
-16
0
16
32
72
80
16
-32
-88
-148
-148
-164
-120
-40
0
72
96
64
88
48
0
-48
-56
-56
-64
-32
0
40
88
120
112
48
24
-8
-72
-132
-148
-180
-164
-132
-96
-16
16
0
24
0
-64
-112
-132
-132
-132
-148
-148
-148
-120
-96
-64
-32
-24
-48
-40
-64
-40
-16
-56
-56
-64
-48
-32
-32
-64
-48
-72
-88
-72
-64
-64
-80
-80
-96
-64
-56
-80
-72
-72
-48
-48
-32
-48
-64
-104
-80
-64
-72
-88
-56
-48
-16
0
24
24
-8
16
24
24
56
120
132
148
72
8
32
0
-32
-48
-32
16
104
164
196
276
324
340
372
356
324
244
132
96
48
48
132
148
196
260
308
308
244
180
120
56
8
-40
-24
-8
48
104
132
132
112
132
96
24
-16
0
-32
-56
-24
16
0
0
24
24
0
-24
-64
-88
-80
-40
-16
8
24
0
-24
-40
-8
24
24
40
56
48
56
56
48
40
32
48
64
64
24
-40
-80
-96
-40
-8
-24
-16
-40
-80
-72
-64
-48
-104
-132
-132
-164
-148
-196
-228
-228
-196
-212
-244
-228
-260
-276
-308
-308
-260
-244
-276
-228
-164
-164
-132
-120
-112
-96
-112
-164
-260
-292
-324
-356
-324
-276
-244
-148
-96
-8
88
120
132
148
88
16
0
-48
-72
-48
0
8
48
120
164
164
120
104
64
24
40
16
8
56
96
164
212
228
228
196
164
104
88
88
80
88
104
132
132
132
132
228
228
212
244
228
228
244
244
260
228
244
260
276
260
228
196
196
212
228
244
228
244
228
196
180
180
132
88
64
56
48
16
40
32
40
40
0
-24
-56
-88
-96
-132
-120
-132
-180
-212
-244
-244
-228
-196
-196
-212
-244
-260
-292
-308
-324
-324
-340
-324
-276
-212
-148
-132
-72
-48
-32
-48
-104
-148
-244
-308
-308
-260
-196
-148
-96
-8
40
112
132
96
88
24
-48
-80
-96
-88
-96
-24
48
112
132
88
