SAMPLES:	8935
BITSPERSAMPLE:	16
CHANNELS:	1
SAMPLERATE:	16000
NORMALIZED:	FALSE
-8
-8
-8
-8
-8
0
0
8
8
8
8
8
8
8
16
16
8
8
16
16
16
24
24
24
16
16
8
16
16
24
24
32
32
32
32
32
32
32
24
24
24
16
16
16
16
16
24
24
24
24
24
16
8
16
8
8
0
0
0
0
0
0
0
0
-8
-8
-8
-8
0
-8
-8
-16
-16
-8
-16
-8
-8
-16
-16
-16
-16
-16
-24
-16
-16
-16
-8
-16
-8
-8
-16
-8
-8
-8
-8
-16
-16
-16
-8
-8
-8
-8
0
0
0
0
0
0
-8
-8
-8
-8
-16
-8
-8
-16
0
0
0
0
-8
-8
-16
-16
-16
-16
-16
-16
-8
-8
-8
-8
-8
-8
-8
-8
0
0
0
0
0
0
0
0
0
0
0
0
0
0
0
0
8
0
0
0
8
8
8
16
8
8
8
8
8
8
16
16
16
8
8
16
16
24
24
24
24
16
16
16
16
16
16
16
8
8
8
8
8
8
8
0
0
0
0
0
0
0
0
0
-8
-8
-8
0
0
0
0
0
-8
0
0
0
0
0
0
0
0
0
0
0
0
0
0
0
0
0
-8
0
0
0
0
8
0
0
0
0
8
8
8
0
8
0
0
0
0
8
8
0
0
8
8
8
8
8
0
0
0
-8
-8
0
0
0
0
0
0
-8
-8
-8
-8
0
0
0
0
0
-8
-8
-8
-8
-16
-16
-16
-8
-8
-8
-8
-8
-8
0
0
-8
0
0
0
-8
-8
-8
-16
-16
-16
-8
-8
0
-8
-8
0
0
0
0
0
0
0
0
0
0
0
0
-8
-8
-8
-8
0
0
0
0
0
0
0
0
0
0
0
0
0
0
0
0
0
0
8
0
8
8
8
8
8
8
8
8
8
8
8
16
16
8
8
8
8
8
8
8
16
16
16
16
16
16
16
16
8
16
8
8
16
8
8
16
16
8
16
16
8
8
8
8
8
8
8
0
8
8
0
0
0
0
0
0
0
0
0
0
0
-8
-8
0
0
-8
-8
0
0
-8
-16
-16
-16
-16
-8
-16
-8
-8
-16
-16
-16
-16
-16
-24
-24
-24
-24
-24
-24
-24
-24
-24
-24
-16
-16
-16
-16
-16
-16
-16
-16
-24
-24
-24
-24
-24
-16
-16
-16
-8
0
0
0
0
0
0
0
0
0
0
0
0
0
8
8
8
16
16
16
24
24
24
32
32
24
24
32
32
24
24
24
32
32
32
32
32
24
32
32
24
32
24
24
24
24
24
24
24
24
16
8
16
8
8
8
8
8
8
8
8
8
0
0
0
0
0
0
0
-8
-8
-16
-8
-8
-8
-16
-16
-16
-16
-16
-16
-16
-16
-16
-24
-24
-32
-32
-32
-32
-32
-32
-32
-32
-32
-24
-24
-24
-24
-24
-32
-40
-40
-32
-32
-32
-32
-32
-32
-32
-32
-24
-24
-24
-16
-16
-8
0
0
-8
0
0
0
0
0
0
0
0
0
8
8
8
8
8
16
16
16
16
24
16
16
16
16
16
16
16
16
24
16
16
16
16
16
16
16
16
16
16
16
16
8
8
16
16
16
16
16
8
8
16
16
16
16
16
16
16
16
16
16
24
24
16
8
8
16
16
16
16
8
8
8
8
8
8
8
8
8
0
0
0
0
0
0
0
0
0
-8
-8
-8
-8
-8
-8
-8
-16
-16
-16
-24
-24
-24
-24
-24
-24
-16
-16
-16
-16
-8
-16
-16
-16
-16
-16
-16
-16
-16
-16
-16
-16
-16
-8
-8
-8
-8
-8
-16
-16
-8
-8
-16
-8
-8
-8
-8
-8
-8
-8
-8
-8
0
0
0
0
0
0
8
8
0
0
0
0
0
0
0
8
8
8
16
16
16
16
16
8
8
0
0
8
8
8
8
8
8
8
8
8
8
0
0
0
0
0
0
0
0
-8
-8
-8
-16
-8
-8
-8
0
0
0
0
0
0
0
0
0
0
0
0
0
0
0
0
0
0
0
0
0
0
8
8
16
16
16
16
16
16
16
16
16
16
16
8
8
16
16
24
24
32
24
24
24
16
16
8
8
8
8
8
8
8
8
8
8
8
0
0
0
0
0
0
0
-8
-8
-8
-8
-8
-8
-8
-8
-8
-8
-16
-16
-8
-8
-8
-8
-8
-16
-16
-16
-16
-16
-16
-16
-16
-16
-16
-16
-16
-16
-16
-16
-16
-16
-8
-16
-8
-8
-8
-8
-8
-16
-8
-8
-8
-8
-8
-8
-16
-16
-8
-8
-8
0
0
-8
0
-8
-8
-8
-8
-8
0
-8
-8
-8
-8
-8
-8
-8
0
0
-8
-8
0
0
0
-8
0
0
0
0
0
0
0
0
0
0
0
0
0
8
8
8
16
8
16
16
16
16
16
16
24
24
32
32
32
32
32
32
32
32
32
32
32
32
40
32
32
32
32
32
24
24
24
24
16
16
16
16
16
16
16
16
16
0
8
0
0
0
0
0
0
0
0
-8
-8
-8
-8
-8
-8
-8
-16
-16
-24
-24
-24
-24
-32
-32
-32
-32
-32
-32
-32
-32
-32
-24
-32
-24
-24
-24
-16
-16
-16
-16
-24
-24
-24
-24
-24
-24
-16
-16
-16
-8
-8
-8
-8
-8
0
-8
-8
-8
-8
-8
0
0
0
0
0
0
0
0
0
0
8
8
8
8
8
0
8
8
16
16
24
24
24
24
24
24
24
16
16
16
16
16
16
16
16
16
16
8
8
0
0
0
0
8
0
8
8
0
0
0
0
0
0
-8
-8
-8
-8
-8
-8
0
0
0
0
0
0
0
0
-8
-8
-8
-8
-8
-8
-8
-8
-8
-8
-8
-8
0
-8
-8
0
0
-8
-8
-8
-8
-8
-8
0
0
0
0
0
0
0
0
0
0
-8
0
0
0
0
0
0
0
0
0
0
0
0
0
0
0
0
0
0
8
8
8
8
8
8
0
0
0
8
8
8
8
8
16
16
16
8
8
8
0
0
8
8
8
8
8
8
8
8
16
16
16
8
8
8
16
16
16
16
16
8
8
8
8
8
8
8
0
0
0
0
0
0
0
0
0
0
-8
-8
-8
-16
-16
-16
-24
-24
-24
-32
-32
-32
-32
-32
-32
-32
-32
-32
-32
-32
-32
-40
-48
-40
-48
-48
-48
-56
-48
-40
-40
-32
-24
-24
-24
-24
-24
-24
-24
-24
-16
-16
-8
-8
0
0
0
0
0
0
0
8
16
16
24
24
24
32
32
32
40
40
40
40
40
40
40
48
48
48
48
48
48
40
48
48
48
48
40
40
40
40
40
32
32
32
32
24
24
16
16
16
16
24
16
8
8
0
0
0
0
0
0
-8
-8
-8
-8
-8
-8
-8
-8
-16
-8
-16
-16
-16
-16
-24
-16
-16
-16
-24
-24
-24
-24
-24
-24
-16
-24
-24
-24
-16
-16
-8
-8
-8
-8
-8
-8
-8
-8
-8
-8
-8
-8
0
0
0
0
0
0
0
0
0
0
0
0
0
0
0
0
0
0
0
0
0
0
0
0
0
0
0
0
0
0
0
0
0
0
0
-8
-8
-8
-8
-8
-8
-8
0
0
0
0
0
0
0
0
0
0
0
0
0
0
8
8
16
8
0
-8
0
0
0
0
8
16
16
8
0
0
8
8
8
16
8
8
0
0
8
8
8
8
8
8
8
0
8
8
8
16
16
16
8
8
0
0
0
0
0
0
0
0
0
0
0
0
0
0
0
0
0
0
0
0
0
0
-8
0
0
0
-8
-8
-8
-8
-8
-16
-8
-8
-8
-16
-16
-8
-16
-24
-16
-8
-16
-8
-8
0
0
0
0
0
8
8
8
8
16
16
16
16
16
16
16
16
8
8
16
8
0
0
0
0
0
0
0
8
8
8
8
8
8
0
0
0
0
-8
-8
-8
-8
-8
0
0
0
-8
-8
-8
0
-8
0
0
-8
-8
-8
-8
-8
-8
-8
0
0
0
0
0
0
-8
0
0
0
0
0
0
0
-8
-8
-16
-16
-16
-16
-8
-16
-16
-8
0
0
0
0
0
0
0
-8
-8
-8
-8
-8
-8
0
0
0
0
0
0
0
0
0
0
0
8
8
8
8
8
8
16
16
16
16
16
16
16
24
24
24
24
24
16
16
16
16
16
16
24
16
16
16
24
24
24
16
16
16
16
8
16
8
8
8
8
8
8
0
0
0
0
0
0
0
0
0
0
0
0
8
8
8
8
8
0
0
0
0
0
0
0
0
0
0
0
-8
-8
-8
-16
-16
-16
-16
-24
-24
-24
-32
-24
-24
-16
-16
-16
-24
-24
-24
-24
-32
-32
-32
-40
-40
-40
-40
-32
-32
-32
-40
-40
-40
-48
-40
-40
-32
-32
-32
-32
-24
-16
-16
-8
-8
-8
0
0
8
8
8
16
16
24
32
32
32
32
32
24
32
32
32
32
32
40
40
48
56
48
48
40
32
24
24
16
16
8
8
8
8
16
16
16
16
16
8
16
16
16
8
8
0
0
0
0
0
0
-8
-8
-8
-16
-16
-16
-24
-24
-16
-16
-8
-8
-8
-8
-8
-16
-16
-8
-8
-8
-8
-8
0
0
0
8
8
8
8
0
0
0
0
-8
-8
-8
-8
0
0
8
8
16
16
16
16
16
16
8
8
8
0
0
8
8
16
16
16
16
16
8
0
0
-8
-8
-8
0
16
16
8
8
8
8
8
16
24
16
8
0
0
0
0
0
0
-8
-8
-8
-16
-16
-16
-16
-16
-8
-8
-8
-8
-24
-40
-40
-48
-48
-48
-48
-48
-48
-48
-40
-24
-24
-16
-16
-16
-16
-24
-24
-32
-40
-48
-56
-56
-40
-40
-24
-24
-24
-16
-8
0
0
0
-8
-24
-32
-32
-32
-32
-24
-16
-16
-8
0
8
32
40
40
40
40
32
24
32
24
16
8
8
16
32
40
56
64
72
72
72
72
64
64
56
56
64
72
88
96
96
104
104
96
96
72
48
24
8
8
16
32
48
64
88
88
88
88
88
88
72
56
40
32
32
16
8
8
16
16
0
0
0
-8
-8
-24
-16
-16
0
0
0
-8
-16
-32
-48
-72
-80
-96
-120
-132
-148
-148
-164
-164
-164
-164
-180
-196
-212
-244
-260
-276
-292
-276
-260
-260
-228
-212
-212
-180
-180
-164
-164
-164
-180
-196
-212
-196
-164
-132
-88
-48
-16
8
24
40
64
64
56
40
24
16
24
56
112
164
228
276
292
308
324
292
260
228
196
180
180
180
196
212
260
292
308
292
292
260
228
196
180
180
164
164
148
164
148
148
180
228
324
428
492
556
652
780
924
988
1052
988
876
620
372
132
-64
-260
-396
-524
-556
-524
-460
-340
-180
-24
32
40
-16
-132
-260
-428
-620
-748
-924
-1052
-1180
-1308
-1436
-1500
-1500
-1500
-1436
-1372
-1180
-1052
-924
-716
-588
-460
-396
-340
-324
-372
-460
-556
-620
-652
-652
-588
-428
-228
-16
212
396
556
652
684
652
588
524
428
356
356
308
308
372
428
492
556
652
716
780
812
876
924
876
844
780
652
492
356
196
0
-196
-356
-428
-460
-428
-324
-164
64
260
460
556
556
524
396
260
104
56
-8
-8
148
428
988
1628
2108
2620
3132
3388
3260
2748
2236
1500
748
-48
-748
-1116
-1244
-1180
-1052
-748
-372
40
292
372
396
308
0
-460
-924
-1372
-1692
-2108
-2492
-2876
-3132
-3516
-3900
-4092
-4092
-4092
-4092
-3772
-3260
-2620
-1884
-1116
-180
924
1564
1372
812
492
48
-748
-1628
-1820
-1436
-1244
-1052
-588
428
1372
1820
1820
1980
2236
2236
1500
1052
1052
988
716
428
716
988
812
460
196
180
48
-164
-340
-228
196
652
1052
1436
1884
1884
1244
396
-292
-924
-1756
-2492
-2748
-2620
-2108
-1564
-684
396
1372
1980
2492
2748
2748
2364
1980
1372
844
556
460
524
780
1180
1500
1564
1628
1692
1756
1756
1980
2492
3132
3644
4092
4604
5372
5884
6140
5884
4348
2236
80
-1628
-2748
-3260
-3388
-3260
-3004
-2620
-2108
-1564
-988
-588
-684
-1116
-1756
-2364
-2876
-3388
-3772
-4092
-4092
-4348
-4348
-4348
-4604
-4860
-5116
-5372
-5372
-4860
-4348
-3772
-3004
-2108
-1116
-164
524
844
812
876
1244
1308
716
-292
-924
-1052
-1244
-1244
-652
460
1116
1116
1180
1692
2236
2492
2236
2236
2364
2492
1980
1372
1308
1116
556
-24
-96
96
-48
-276
-196
356
844
1116
1500
1820
1980
1884
1436
844
324
-260
-1116
-1884
-2108
-1628
-1116
-684
180
1372
2364
3004
3516
3900
3772
3260
2620
1980
1372
812
524
524
716
1180
1628
1980
2236
2492
2492
2492
2492
2236
1980
1628
1116
684
524
556
812
1244
1884
2748
3644
4348
4604
3900
2236
148
-1756
-3004
-3772
-4092
-4604
-4604
-4092
-3516
-2876
-1980
-1244
-748
-620
-620
-812
-1116
-1564
-2236
-2620
-3004
-3388
-3772
-4092
-4604
-4860
-5116
-5628
-5628
-5116
-4604
-3772
-2748
-1500
-396
524
1308
1756
1756
1628
1372
780
-396
-1756
-2620
-2748
-2620
-1980
-844
620
1692
2236
2492
2620
2748
2492
1884
1500
1500
1436
1052
780
844
1052
1052
812
780
716
308
-148
-276
-64
292
684
1180
1692
2236
2492
2492
1980
1436
620
-524
-1628
-2108
-2236
-1980
-1500
-556
556
1564
2492
3260
3772
3772
3388
2748
1980
1244
652
308
228
396
748
1116
1500
1820
2236
2364
2492
2492
2236
1884
1372
1052
924
716
748
924
1308
1980
2876
3772
4860
5628
5884
4860
2876
340
-1692
-3004
-3900
-4348
-4604
-4604
-4092
-3388
-2364
-1372
-492
8
48
-96
-460
-1180
-2108
-3132
-3772
-4348
-4604
-4860
-5116
-5372
-5628
-5884
-5884
-5884
-5372
-4860
-3900
-2748
-1564
-556
428
1180
1500
1308
988
684
164
-876
-2108
-2748
-2492
-2108
-1500
-356
1308
2620
3132
3388
3644
3644
2876
1820
1180
988
748
260
16
428
988
1244
1180
1308
1372
1052
492
196
372
684
924
1244
1628
2108
2236
1980
1436
924
180
-924
-1884
-2364
-2236
-1980
-1308
-340
924
2236
3132
3900
4348
4348
3516
2492
1500
684
32
-340
-396
-120
324
924
1692
2364
2876
3132
3004
2876
2492
1980
1308
684
228
-32
-180
-120
356
1052
1884
2748
3644
4348
5116
5372
4604
2620
196
-1980
-3516
-4604
-5116
-5116
-4860
-4348
-3260
-2108
-1116
-164
524
748
652
244
-556
-1628
-2748
-3644
-4348
-4860
-5116
-5372
-5628
-5884
-5884
-5884
-5372
-4604
-3644
-2620
-1500
-492
396
1116
1564
1436
812
-56
-716
-1244
-1980
-2748
-3004
-2748
-2236
-1756
-684
1180
2748
3388
3644
3772
3644
3004
2108
1436
1180
988
748
556
1052
1564
1628
1372
1308
1436
1180
780
620
924
1308
1628
1980
2492
3004
3132
2876
2364
1692
924
-196
-1564
-2364
-2492
-2364
-1884
-924
428
1820
2748
3516
4092
4092
3388
2364
1244
212
-716
-1372
-1628
-1372
-716
132
924
1628
2236
2364
2236
1820
1436
988
396
-80
-324
-292
-148
-24
148
324
652
1052
1692
2492
3260
3772
4348
4348
3900
2364
148
-1980
-3260
-3900
-4092
-4092
-3644
-3004
-2108
-1372
-428
492
1052
924
492
-48
-924
-1884
-3004
-4092
-4604
-5116
-5116
-5372
-5372
-5116
-5116
-5116
-4604
-4092
-3388
-2748
-2108
-1308
-620
-164
0
-104
-396
-684
-988
-1180
-1628
-1980
-2364
-2492
-2236
-1244
180
1628
2620
3388
3772
3772
3516
3004
2364
1756
1308
1180
1180
1372
1628
1692
1820
2108
2236
2236
1980
1820
1756
1884
2108
2492
2876
3260
3388
3260
2876
2236
1308
-8
-1372
-2364
-2876
-2876
-2364
-1436
-104
1244
2492
3644
4348
4348
3644
2492
1116
-340
-1628
-2492
-2748
-2620
-1820
-684
524
1628
2492
2876
2876
2492
1980
1372
684
120
-212
-260
-104
212
524
780
876
876
780
780
1052
1436
1884
2492
3388
4092
4092
3132
1308
-716
-2236
-3004
-3644
-3900
-3772
-3388
-2748
-1980
-988
-196
276
308
-48
-620
-1564
-2748
-4092
-4860
-5372
-5628
-5628
-5372
-5116
-4860
-4604
-4604
-4604
-4348
-4092
-3900
-3516
-3004
-2236
-1628
-988
-556
-24
396
396
-32
-812
-1308
-1564
-1756
-1756
-1116
148
1372
2492
3388
4092
4604
4604
3900
3260
2876
2364
1756
1372
1564
1820
1884
1980
2492
2876
2748
2620
2492
2492
2364
2364
2492
2748
3004
3132
2876
2364
1820
988
-212
-1372
-2108
-2364
-2364
-1980
-988
292
1564
2620
3516
4092
3900
3132
1980
748
-588
-1692
-2364
-2492
-2236
-1372
-228
924
1884
2620
2876
2876
2492
1980
1372
812
356
64
0
96
260
524
684
716
876
1116
1436
1980
2492
3004
3644
4348
4604
3516
1692
-524
-2236
-3388
-3900
-4092
-4092
-3644
-3004
-2364
-1692
-1052
-556
-492
-876
-1372
-2108
-3132
-4092
-4860
-5372
-5628
-5628
-5372
-5372
-5372
-5372
-5628
-5628
-5628
-5372
-4860
-4348
-3388
-2364
-1436
-652
-16
276
396
292
-120
-876
-1628
-1980
-1980
-1820
-1372
-356
1116
2364
3260
3900
4348
4348
3900
3132
2492
2108
1756
1372
1436
1980
2364
2620
2748
3132
3388
3132
2876
2748
2620
2620
2748
2876
3132
3388
3388
3004
2492
1980
1116
40
-844
-1308
-1436
-1244
-684
276
1372
2364
3260
3772
3900
3516
2620
1500
276
-748
-1500
-1820
-1692
-1116
-308
588
1500
2108
2492
2492
2236
1756
1244
780
148
-260
-428
-340
-148
32
260
396
324
228
228
428
620
684
988
1436
2108
3004
3516
3132
1756
-244
-2236
-3516
-4092
-4348
-4348
-3900
-3260
-2364
-1692
-988
-588
-372
-556
-1116
-1756
-2620
-3644
-4604
-5116
-5372
-5116
-5116
-5116
-5116
-5116
-5116
-5116
-5116
-4860
-4348
-3644
-2876
-1980
-1116
-396
72
212
-8
-180
-164
-308
-684
-1180
-1564
-1820
-1756
-1180
-48
1372
2620
3516
4092
4348
4092
3516
3004
2620
2364
2236
2108
2236
2492
2620
2620
2620
2620
2492
2108
1980
1884
1884
2236
2620
3004
3388
3516
3516
3132
2492
1628
524
-652
-1628
-1980
-1884
-1372
-460
780
1980
2876
3516
3900
3644
2876
1692
492
-684
-1564
-2108
-2236
-1820
-1052
-40
1052
1980
2492
2620
2492
2108
1564
1052
684
372
292
396
492
588
588
428
72
-244
-396
-428
-196
340
1116
1884
2748
3772
4860
4860
3900
1884
-556
-2620
-3900
-4860
-5116
-4860
-4348
-3388
-2364
-1372
-588
-212
-276
-716
-1436
-2364
-3388
-4348
-5116
-5372
-5372
-5116
-5116
-4860
-4860
-5116
-5372
-5372
-5372
-5116
-4348
-3644
-2748
-1692
-748
32
492
652
652
292
-492
-1308
-1692
-1820
-1980
-1820
-1052
428
1980
3260
4348
5116
5372
4860
3900
3132
2748
2236
1756
1564
1884
2236
2492
2620
3004
3004
2748
2364
2108
2108
2108
2236
2620
3004
3516
3772
3388
2748
1884
748
-588
-1756
-2620
-3004
-2876
-2492
-1308
196
1564
2620
3260
3516
3132
2236
1052
-228
-1436
-2364
-2876
-2748
-2108
-1052
48
1116
1980
2620
2748
2620
2236
1692
1116
652
324
148
132
164
244
428
524
460
324
228
132
212
460
844
1436
1980
2620
3388
4348
4604
3772
1820
-556
-2748
-4092
-4604
-4860
-4348
-3644
-2748
-1820
-924
-212
88
-196
-844
-1692
-2620
-3516
-4092
-4604
-4604
-4604
-4348
-4092
-4092
-4092
-4348
-4860
-5116
-5372
-5372
-4860
-4092
-3132
-1980
-988
-104
524
1052
1244
924
0
-780
-1052
-1308
-1628
-1564
-684
780
2108
3132
4092
4860
4860
4092
3260
2748
2364
2108
1820
2108
2876
3388
3516
3516
3772
3516
2620
1820
1244
988
876
1180
1756
2620
3516
3900
3772
3132
2492
1244
-428
-1980
-2876
-3388
-3516
-3004
-1692
-148
1180
2108
2620
2620
2364
1500
460
-524
-1372
-1980
-2108
-1756
-1052
-292
492
1116
1500
1692
1500
1052
620
308
96
180
460
780
988
1180
1244
1180
924
620
292
-64
-396
-492
-196
276
876
1564
2108
2748
3644
4092
3772
2620
684
-1436
-3260
-4348
-4604
-4092
-3516
-2620
-1820
-1244
-988
-988
-1372
-1884
-2620
-3260
-3772
-4092
-4092
-3900
-3644
-3388
-3388
-3388
-3644
-4092
-4860
-5628
-5884
-5884
-5372
-4604
-3260
-1980
-716
212
812
1244
1180
1052
1372
1564
924
-228
-844
-652
-276
276
1372
3004
4604
4860
4348
4092
3644
3260
2620
2492
3132
3772
3900
3900
4092
4092
3644
2620
1692
1116
588
228
120
652
1692
2876
3772
4348
4348
3900
2748
1052
-556
-1980
-3388
-4604
-4860
-3900
-2492
-988
492
1756
2620
2748
2492
2108
1308
308
-652
-1244
-1564
-1500
-1052
-492
-48
428
924
1180
1052
876
652
524
460
684
1180
1628
1980
2236
2364
2108
1628
844
-16
-812
-1308
-1564
-1500
-1116
-492
228
844
1436
1884
2236
2492
2620
2364
1372
40
-1372
-2748
-3900
-4604
-4604
-4348
-3644
-3132
-2876
-2748
-2492
-2620
-2748
-3004
-3132
-3260
-3388
-3388
-3388
-3260
-3516
-3772
-4092
-4348
-4604
-5116
-5372
-5372
-5116
-4604
-3516
-2492
-1308
-356
428
988
1564
2364
2876
2748
1980
1116
260
-620
-924
-716
228
1564
2876
3900
4348
4604
4604
4092
4092
4092
4092
4092
4092
4092
3900
3516
2876
2108
1436
924
620
556
684
1244
1980
2876
3644
4348
4604
4092
3132
1884
524
-988
-2236
-3132
-3388
-3132
-2364
-1180
48
1116
1820
2108
2108
1756
1436
876
292
-120
-356
-524
-588
-524
-340
-196
-88
104
308
492
652
748
844
1052
1372
1628
1756
1820
1756
1436
876
212
-396
-988
-1436
-1756
-1756
-1372
-748
-56
780
1628
2364
3004
3388
3388
2748
1308
-492
-2492
-4348
-5372
-5884
-5628
-4604
-3644
-2748
-2236
-1884
-1692
-1884
-2108
-2364
-2748
-3260
-3516
-3644
-3644
-3516
-3516
-3772
-4092
-4604
-5372
-5628
-5884
-5628
-5116
-4092
-2748
-1372
-164
748
1180
1308
1308
1052
1372
2364
2620
1820
620
324
276
56
276
1564
3388
4348
4348
4092
3900
3900
3516
3132
3644
4604
4860
4348
3900
4092
3644
2492
1244
844
588
428
428
716
1564
2492
3004
3132
3260
3260
2492
1116
-88
-812
-1628
-2620
-3260
-3132
-2236
-1436
-844
-48
684
1052
988
924
1052
1052
876
684
524
324
96
-132
-372
-428
-428
-396
-340
-104
396
924
1308
1692
2108
2364
2364
2236
1980
1756
1244
556
-180
-844
-1244
-1500
-1500
-1244
-620
56
684
1308
1756
2108
2492
2620
2236
1244
-244
-1756
-3132
-4092
-4604
-4348
-3772
-3004
-2364
-2108
-2236
-2492
-3004
-3516
-3900
-4092
-3900
-3644
-3260
-2748
-2364
-2236
-2620
-3260
-3772
-4604
-5116
-5628
-5372
-4860
-3900
-2620
-1308
-212
460
716
620
372
180
428
1180
2108
2620
2364
2108
1692
1308
1116
1436
2236
3132
3516
3388
3260
3004
2876
2876
3132
3900
4604
4604
4348
4092
3772
2876
1756
1052
684
356
228
372
748
1244
1692
1980
2108
1980
1436
588
-88
-556
-988
-1372
-1564
-1372
-988
-620
-396
-196
-64
-120
-340
-492
-460
-324
-180
80
620
1116
1308
1308
1180
924
652
428
244
196
396
652
812
1052
1244
1436
1436
1500
1628
1692
1500
988
460
64
-276
-492
-588
-556
-324
-132
104
396
716
1052
1308
1564
1628
1244
212
-1052
-2108
-2876
-3132
-3388
-3260
-2748
-2364
-2364
-2748
-3004
-3388
-3772
-4092
-4092
-3772
-3516
-3260
-3132
-3004
-3004
-3260
-3644
-3772
-3900
-4092
-4092
-3772
-3260
-2492
-1756
-1180
-748
-652
-844
-1052
-1116
-988
-780
0
1436
2748
3516
3900
3900
3260
2364
1884
1820
2236
2748
3004
3260
3388
3132
2620
2108
2108
2364
2748
2876
3004
3004
2492
1820
1244
924
716
524
492
652
876
988
924
924
812
492
24
-324
-396
-396
-396
-460
-396
-372
-460
-716
-988
-1116
-1180
-1116
-812
-244
396
924
1372
1756
2108
1980
1756
1500
1180
844
556
492
428
428
460
652
988
1308
1628
1756
1756
1692
1500
1244
1116
924
716
492
372
308
112
-148
-244
-196
-212
-228
-120
148
524
876
988
684
0
-716
-1308
-1756
-2108
-2364
-2364
-2492
-2492
-2876
-3260
-3772
-4092
-4348
-4348
-4092
-3772
-3388
-3132
-2876
-2876
-3004
-3132
-3260
-3260
-3260
-3132
-3132
-3004
-2748
-2364
-1980
-1564
-1308
-1180
-1052
-588
-48
228
308
460
812
1180
1564
1884
2108
2236
2236
2364
2492
2492
2492
2492
2748
3132
3388
3516
3388
3388
3004
2620
2364
2108
1884
1692
1628
1628
1692
1692
1564
1372
1116
988
876
844
812
716
556
524
556
588
588
524
396
212
-8
-308
-684
-1052
-1180
-1244
-1116
-684
-228
112
396
620
780
780
716
716
748
652
588
684
812
844
780
748
716
652
588
588
588
428
276
132
80
80
120
148
228
292
260
148
40
-16
-180
-324
-428
-428
-460
-460
-396
-356
-292
-324
-652
-988
-1372
-1756
-2108
-2108
-1980
-1980
-1980
-2108
-2108
-2236
-2364
-2492
-2492
-2620
-2620
-2876
-3004
-3004
-3132
-3132
-3132
-3132
-3004
-2876
-2748
-2492
-2236
-1980
-1884
-1628
-1372
-1116
-748
-308
48
276
428
492
556
780
988
1180
1436
1628
1820
2108
2364
2620
2876
3004
3004
3004
3004
3004
3004
3004
2876
2748
2492
2492
2492
2364
2108
1980
1756
1500
1180
1116
1052
1052
1116
1244
1436
1628
1628
1564
1372
1052
684
196
-260
-524
-716
-844
-812
-620
-324
-64
132
372
492
492
372
148
-24
-148
-276
-372
-228
-80
112
292
396
428
396
292
88
56
16
-72
-80
16
180
244
324
340
276
148
-56
-308
-524
-780
-1052
-1180
-1180
-1116
-1052
-1052
-1052
-1180
-1308
-1500
-1692
-1980
-2236
-2364
-2620
-2620
-2620
-2492
-2364
-2364
-2236
-2364
-2492
-2620
-2748
-2748
-2876
-2748
-2620
-2236
-1756
-1180
-716
-396
-196
-148
-212
-396
-556
-716
-812
-684
-340
48
492
924
1372
1756
1980
2108
1980
1980
1884
1820
1820
1980
2108
2364
2492
2620
2620
2620
2364
1980
1756
1500
1372
1372
1436
1500
1628
1628
1628
1500
1436
1244
1116
924
684
460
212
40
-8
-48
-104
8
96
164
196
148
72
-40
-212
-260
-212
-104
132
340
492
556
620
588
428
244
24
-112
-212
-244
-148
24
260
588
876
1052
1180
1052
844
524
196
-112
-428
-588
-652
-652
-620
-524
-428
-428
-396
-492
-716
-924
-1180
-1308
-1500
-1692
-1756
-1756
-1756
-1692
-1564
-1436
-1372
-1436
-1500
-1500
-1628
-1692
-1820
-1980
-1980
-1980
-1980
-1884
-1820
-1820
-1884
-1980
-1980
-1884
-1628
-1372
-1116
-844
-524
-276
-56
96
164
112
48
-72
-148
-180
-132
-32
196
588
924
1180
1436
1628
1692
1756
1820
1980
2108
2236
2364
2492
2492
2620
2620
2364
2236
1980
1756
1564
1372
1308
1308
1372
1500
1756
1884
1820
1756
1628
1436
1180
988
780
556
324
120
-64
-164
-196
-132
-88
-48
-16
0
-48
-120
-244
-372
-428
-524
-556
-620
-684
-748
-844
-924
-988
-1052
-1180
-1244
-1244
-1116
-924
-748
-524
-356
-228
-132
-112
-180
-260
-428
-684
-924
-1052
-1116
-1052
-924
-716
-492
-308
-212
-212
-324
-460
-620
-812
-924
-924
-924
-924
-844
-748
-652
-588
-492
-492
-556
-716
-876
-988
-1052
-1052
-924
-748
-620
-492
-396
-356
-396
-556
-684
-812
-924
-1052
-1052
-844
-652
-356
-56
212
428
588
652
588
460
340
212
180
244
340
556
812
1116
1372
1628
1756
1692
1564
1436
1244
1180
1180
1244
1372
1500
1628
1756
1820
1756
1628
1500
1308
1116
988
844
844
924
1116
1244
1372
1372
1308
1116
780
460
164
-180
-428
-524
-588
-492
-372
-196
24
132
164
180
104
-24
-244
-460
-652
-748
-844
-924
-988
-988
-924
-924
-924
-844
-812
-812
-844
-748
-588
-428
-228
-56
48
96
0
-196
-396
-620
-876
-1052
-1116
-1052
-924
-652
-372
-164
-8
64
80
48
-80
-308
-556
-780
-988
-1052
-1052
-1052
-924
-924
-924
-844
-748
-684
-620
-556
-524
-492
-460
-460
-428
-428
-524
-684
-780
-876
-924
-988
-988
-844
-620
-356
-40
276
428
620
716
716
652
556
460
340
308
396
428
524
652
876
1116
1308
1436
1500
1500
1372
1244
1180
1116
1052
988
988
1052
1116
1116
1180
1180
1052
1052
876
716
620
588
524
556
588
588
620
556
460
308
120
-48
-196
-372
-524
-652
-684
-652
-556
-428
-276
-148
-40
8
0
-56
-112
-244
-396
-556
-684
-748
-844
-844
-748
-652
-492
-292
-88
88
244
396
460
492
428
340
164
16
-148
-260
-356
-428
-460
-460
-396
-308
-212
-132
-72
-24
40
40
24
-40
-148
-276
-428
-588
-716
-876
-988
-988
-988
-876
-844
-780
-716
-652
-588
-460
-372
-308
-292
-324
-372
-492
-652
-780
-876
-924
-876
-780
-588
-356
-196
0
180
308
372
396
340
260
212
228
212
244
276
340
460
524
652
716
780
844
876
924
924
988
1052
1052
1052
1052
988
988
844
748
748
716
684
652
684
652
620
684
716
620
556
556
492
460
428
460
356
212
132
80
0
-56
-132
-196
-244
-292
-324
-340
-308
-324
-372
-356
-356
-396
-460
-524
-588
-620
-588
-556
-524
-492
-460
-396
-356
-324
-292
-276
-276
-292
-276
-324
-428
-460
-460
-428
-428
-324
-228
-148
-148
-112
-32
32
32
-8
-56
-148
-212
-308
-396
-460
-556
-524
-396
-276
-132
-96
-132
-212
-324
-428
-524
-620
-652
-588
-524
-428
-292
-196
-148
-132
-180
-292
-428
-556
-588
-588
-492
-324
-180
0
180
340
460
524
492
460
324
212
164
196
228
308
428
556
652
716
748
716
652
588
620
716
844
988
1052
1180
1180
1180
1116
988
876
716
524
324
180
16
-48
40
196
324
460
556
556
588
588
524
428
276
96
-72
-244
-340
-396
-428
-396
-396
-396
-356
-324
-292
-292
-340
-372
-340
-324
-308
-324
-372
-428
-460
-524
-524
-556
-492
-356
-292
-196
-180
-164
-132
-132
-132
-132
-148
-164
-196
-228
-244
-260
-292
-308
-260
-196
-120
-32
40
112
96
32
-48
-164
-244
-276
-260
-228
-180
-120
-132
-212
-324
-428
-524
-588
-620
-588
-556
-428
-260
-88
72
228
324
340
244
24
-260
-460
-684
-780
-748
-620
-396
-164
56
308
460
556
524
492
428
356
308
276
292
340
396
396
372
356
324
292
244
244
260
292
396
588
716
844
924
924
924
844
652
492
292
104
-16
-72
-96
-80
16
148
292
460
556
588
492
372
180
-48
-228
-356
-460
-524
-492
-428
-372
-228
-80
16
88
132
112
56
-64
-148
-228
-340
-340
-308
-276
-196
-148
-132
-112
-164
-212
-244
-276
-292
-308
-324
-260
-148
0
132
260
324
276
196
96
32
-72
-244
-340
-396
-460
-460
-428
-324
-228
-132
-80
-40
-16
-40
-72
-104
-164
-196
-244
-324
-372
-428
-524
-556
-588
-620
-588
-524
-396
-276
-120
0
80
64
32
-56
-196
-276
-356
-372
-340
-276
-148
-16
72
212
292
340
356
340
324
292
276
308
356
428
524
588
652
684
620
588
524
492
524
524
556
588
620
716
780
748
780
748
684
588
460
356
292
196
132
120
88
96
72
48
32
0
-24
-8
0
-8
8
24
16
0
-56
-112
-180
-276
-396
-524
-588
-716
-716
-684
-620
-492
-372
-212
-16
104
132
88
-24
-180
-356
-492
-620
-684
-684
-588
-396
-212
-16
104
120
148
104
8
-96
-132
-212
-244
-212
-180
-120
-88
-96
-112
-180
-228
-244
-340
-356
-356
-340
-260
-132
-16
96
104
64
-16
-148
-292
-428
-524
-652
-652
-588
-428
-260
-88
64
196
244
260
228
148
40
-132
-276
-396
-356
-276
-132
72
292
460
524
556
524
492
372
228
164
164
164
180
260
428
524
588
652
652
620
524
428
396
428
428
428
524
588
652
748
812
812
780
652
492
308
120
-16
-132
-212
-228
-196
-80
48
196
356
460
524
556
492
396
164
-56
-228
-396
-492
-620
-652
-652
-620
-524
-396
-260
-196
-104
16
96
148
80
8
-48
-228
-324
-396
-524
-620
-684
-716
-684
-620
-524
-460
-308
-164
-96
-64
-80
-132
-212
-276
-308
-308
-396
-428
-428
-460
-460
-428
-396
-396
-324
-244
-148
-56
16
80
56
8
-24
-32
0
-32
-56
-96
-132
-112
-96
-80
-24
112
196
276
340
428
428
460
428
748
1116
524
80
56
228
-24
-428
-396
16
372
164
-196
-180
340
292
56
196
684
684
292
212
356
428
16
-196
-104
132
0
-212
-120
104
180
244
428
652
716
460
372
324
244
132
-104
-228
-212
-132
-132
-112
-80
80
24
-104
-80
40
24
-88
-32
-32
-164
-324
-292
-180
-212
-396
-460
-492
-588
-620
-588
-460
-372
-372
-244
-72
56
48
16
32
-8
-56
-132
-196
-260
-340
-276
-164
-96
-88
-40
40
148
228
180
96
64
40
24
-16
24
88
164
196
132
180
180
96
0
48
96
64
64
212
308
324
340
260
212
72
-56
-196
-212
-308
-396
-308
-180
-40
104
260
428
492
492
460
396
276
96
0
-112
-244
-260
-180
-212
-180
-40
72
164
228
396
524
460
340
324
428
372
308
292
340
340
292
244
164
48
-88
-196
-212
-180
-212
-180
-32
56
164
196
324
292
132
48
-16
-24
-148
-308
-460
-428
-524
-524
-460
-524
-524
-588
-460
-492
-428
-340
-324
-276
-324
-340
-260
-356
-492
-620
-588
-492
-460
-524
-396
-212
-120
-180
-180
40
132
40
-8
132
148
72
0
-88
104
132
196
48
180
324
180
148
64
324
324
212
148
88
292
292
112
164
356
460
340
324
460
524
428
356
324
396
196
104
0
-148
-8
-40
-148
-132
-96
-56
-148
-40
-16
-56
24
56
16
96
180
196
196
112
88
132
8
-64
-64
-228
-196
-196
-244
-276
-260
-56
32
180
396
652
716
716
620
308
396
260
88
-96
-148
-8
-132
-372
-244
-48
8
56
-64
196
340
460
340
-88
228
180
120
-396
-396
-112
-340
-460
-684
-556
-428
-372
-716
-524
-132
-244
-460
-396
16
-80
-32
-132
-228
0
-196
-396
-588
-428
-396
-652
-588
-428
-340
-56
56
212
524
492
556
396
372
276
164
148
-164
0
32
0
148
120
112
260
244
180
164
260
276
72
80
148
132
88
112
132
56
80
48
56
32
-64
96
164
164
164
16
132
164
32
-112
-72
24
-96
-212
-308
-148
-88
-196
-356
-292
40
0
-180
-260
40
180
148
96
228
428
212
32
-228
-96
-180
-292
-356
-180
48
24
32
196
652
780
620
524
652
492
180
16
-96
-148
-212
-340
-308
-276
-212
0
40
260
340
228
180
64
-88
-244
-276
-260
-356
-196
-180
-120
-56
-196
-132
-164
-212
-396
-460
-340
-212
-80
-164
-244
-48
112
72
-56
-132
16
-104
-292
-524
-428
-148
-260
-164
-32
212
492
356
356
356
588
396
40
80
48
196
-32
-64
16
212
396
260
372
652
524
356
324
356
308
120
56
-180
-48
48
-196
-340
-276
-32
80
88
-8
148
276
228
40
0
104
96
-72
-244
-228
-324
-428
-524
-356
-132
-260
-324
-356
-292
-244
-340
-556
-340
-80
0
-32
-164
56
56
112
-132
-340
-292
-212
-308
-524
-428
-164
164
32
120
212
340
556
428
244
244
396
492
-112
-492
-112
-40
-120
-492
-260
260
212
132
40
372
588
340
180
104
212
292
-16
-228
-96
164
356
212
-48
0
148
-104
-460
-620
-104
-32
-292
-308
-120
396
396
228
104
396
716
396
-16
-340
-244
16
-276
-492
-212
120
340
0
72
372
460
428
-132
64
460
228
-56
-88
132
356
396
180
212
428
492
212
-32
-164
-148
-64
-372
-276
48
24
48
-308
48
260
-16
-112
-292
8
24
-340
-428
-372
-164
-196
-372
-260
-292
-148
-32
-308
-276
-244
-428
-396
-428
-396
-716
-428
-260
-620
-588
-308
72
-80
88
80
88
372
212
-212
-372
148
112
-32
-244
-244
132
524
372
56
524
556
460
276
276
196
180
372
164
428
340
292
356
212
524
308
460
228
-56
212
72
492
244
148
340
356
492
372
292
164
64
72
72
-292
-212
-340
-356
-396
-372
148
16
-48
-180
-64
396
-80
-620
-588
-276
-64
-524
-716
-524
-64
0
-524
-396
80
396
-164
-524
-164
56
0
-340
-340
-48
324
308
-88
-228
24
396
228
-96
-212
-72
244
308
-72
-132
260
96
-8
-132
-164
112
-40
-120
-428
-164
308
-96
-96
-56
180
228
56
164
-180
8
80
-148
-96
-180
-372
-56
-132
-244
-340
-492
40
-180
-148
212
-228
0
-120
-244
212
260
120
-276
-32
228
-112
-340
-96
-32
-64
228
180
292
428
340
56
588
876
356
372
196
244
228
64
48
-276
-40
292
244
372
308
244
324
460
120
120
244
-24
40
-48
260
340
-96
-244
-276
-16
180
16
-244
-228
-180
-64
-148
-620
-428
-104
0
196
164
120
-212
-372
-324
-492
-228
-396
-588
-524
-460
-148
-244
16
180
48
56
460
460
8
-228
-524
-260
-104
-64
-396
-324
148
228
340
356
104
96
492
276
356
276
180
-132
-396
244
-104
-148
24
-308
-276
260
372
-396
-112
396
228
196
460
340
112
196
-64
-16
196
88
-460
-324
-80
-40
-148
-492
-56
-96
-8
72
-40
260
324
244
396
96
324
372
-16
148
180
148
-308
-228
-132
-340
48
228
8
292
260
228
132
492
492
-308
164
228
40
-148
-556
-120
-276
-148
-196
-292
80
-72
-244
-308
40
-64
-340
-428
-148
196
72
-164
-132
-80
-340
-308
-620
-396
-228
-588
-460
-180
-80
-164
-372
-148
276
24
148
-164
-340
80
-372
-396
-308
-228
-228
-148
148
212
396
356
80
356
308
196
96
-148
48
-196
-40
-64
-104
228
228
324
460
620
556
396
492
260
96
276
180
104
-164
96
428
48
-56
104
276
324
212
48
112
372
292
40
148
428
428
228
-24
-16
80
8
32
-324
-196
-180
-132
-16
-324
-88
8
0
0
340
308
0
356
396
40
-180
-132
148
56
-492
-588
-292
-8
-324
-876
-212
276
292
56
-148
228
372
372
120
-80
396
356
-48
-40
-340
-148
-40
-372
-588
-228
-120
-196
-196
-372
-80
32
88
-120
56
460
180
-96
-104
-196
-276
-244
-428
-716
-396
-276
-876
-588
-292
-356
-396
-164
0
-72
308
-8
-372
-72
0
-372
-324
-120
-132
-244
-372
-120
-228
-164
-196
-260
32
0
228
132
260
340
180
292
396
524
244
148
148
96
260
244
-32
340
460
324
428
372
396
460
652
492
396
748
428
32
180
276
228
24
16
196
308
460
56
0
396
164
228
104
96
356
32
-164
-120
104
88
-308
-260
-148
-164
40
-96
-276
-164
-104
-292
-228
56
148
-56
-244
-308
-428
-356
-212
-148
-244
-260
-148
40
164
196
132
104
48
8
120
32
64
-96
-340
-324
-276
-72
-260
-492
-276
16
148
164
24
48
324
292
24
-16
24
48
-96
-164
32
32
-32
-276
-276
-164
-212
-112
-164
-276
-120
24
-8
-96
-56
148
64
-8
48
-132
8
-120
-460
-460
-340
-64
-112
-196
-132
-196
-40
72
-96
-24
-8
96
-96
-228
56
0
-24
-120
-16
212
228
292
212
148
196
180
132
212
340
228
228
132
16
196
8
-40
-96
-104
48
-48
148
228
40
132
132
196
340
260
112
-48
-48
-48
-80
-260
-492
-372
-132
-8
-64
-24
180
88
112
120
180
308
40
-292
-340
0
8
-228
-308
-260
-32
56
104
228
164
180
212
324
372
340
396
164
88
276
244
292
308
104
24
148
180
40
-32
-24
-72
8
292
372
228
196
260
104
-96
-64
-16
-148
-276
-260
-260
-112
16
-180
-324
-308
-212
-228
-324
-276
-164
-180
-104
0
64
88
8
-148
-132
-56
-88
-64
-104
-148
-164
-164
-212
-104
40
-96
-164
24
132
132
148
0
-72
0
-32
-32
64
56
-132
-80
40
64
24
-104
-104
-104
-40
16
-96
-260
-228
-164
-24
0
-32
8
-72
-24
120
276
196
0
-24
-48
-8
-72
-276
-228
-212
-324
-164
0
24
24
-40
8
104
132
132
64
8
-48
-132
-180
-96
16
-32
-16
120
132
88
-8
-64
-48
-72
-88
-96
56
228
228
228
292
276
132
0
32
16
-80
-164
-292
-196
-16
56
132
132
180
308
292
212
244
196
112
0
-72
40
-8
-24
32
40
72
80
180
164
148
212
148
120
48
-32
16
96
132
148
212
212
164
132
104
48
8
-40
-132
-56
32
-8
-24
132
164
148
180
48
-40
16
-64
-80
24
-40
-132
-180
-96
-8
-48
-104
-196
-180
-64
-132
-164
-132
-132
-96
-112
-112
-80
-80
-132
-164
-164
0
72
-32
-24
32
104
24
-132
-180
-212
-132
-80
-212
-308
-228
-212
-180
-72
56
104
0
-16
-24
-72
-56
-112
-244
-372
-308
-132
-56
-48
-8
8
-56
-48
40
48
96
80
0
-8
-72
-112
-180
-88
0
-32
-8
32
16
72
32
72
120
148
80
64
180
276
308
244
228
212
228
132
88
24
-56
-64
-104
0
196
228
212
196
244
308
396
308
196
164
96
0
-104
-88
-180
-212
-212
-196
-56
96
212
112
120
244
276
120
40
40
0
-8
-56
-80
8
72
40
-64
-80
0
-64
-32
-72
-196
-148
-104
-40
72
180
104
104
72
0
-56
-120
-80
-120
-292
-308
-196
-88
-132
-196
-104
56
228
180
56
88
120
16
-180
-260
-180
-112
-88
-96
-64
164
148
-48
-120
-48
112
64
-120
-120
-24
80
148
64
-8
0
40
16
8
48
132
80
-24
0
112
80
0
-16
-64
-48
56
40
-132
-244
-180
-180
-164
-180
-112
8
64
0
-48
24
0
-32
-112
-88
-16
-56
-132
-132
-132
-112
-16
-40
-80
0
40
48
64
8
0
0
72
64
48
72
72
-16
-96
-132
-180
-180
-244
-196
-212
-132
24
96
148
228
308
308
228
132
88
32
-48
-132
-104
0
8
-16
-72
-72
-56
-64
-8
16
56
32
24
40
80
96
148
120
120
180
180
228
164
24
-104
-96
-8
48
132
180
228
228
244
276
276
308
228
212
244
260
276
212
132
56
40
104
64
104
132
196
212
180
112
32
0
-56
-64
-112
-112
-112
-72
-132
-180
-120
-120
-148
-244
-276
-260
-228
-244
-292
-292
-228
-180
-148
-260
-276
-292
-324
-340
-340
-308
-260
-228
-276
-324
-276
-164
-148
-196
-212
-196
-164
-112
-72
-104
-164
-164
-112
-56
0
64
80
40
64
64
72
72
0
-48
-32
40
112
132
132
148
104
80
72
48
40
112
148
132
180
212
212
212
212
164
104
104
96
64
8
8
16
40
96
132
104
64
96
132
64
32
0
24
80
104
132
96
64
48
112
180
196
196
112
132
132
180
244
196
180
112
72
112
112
112
104
132
180
228
292
260
164
56
24
24
48
64
32
32
40
-8
-48
-56
-40
-80
-104
-132
-120
-120
-196
-292
-292
-212
-132
-132
-132
-132
-132
-40
-40
-88
-56
-80
-180
-228
-292
-356
-396
-492
-428
-340
-228
-104
0
56
24
32
0
-24
-88
-148
-164
-164
-164
-132
-132
-112
0
0
-64
-40
8
32
16
8
0
32
8
-40
-24
-40
-56
-24
48
88
120
148
120
80
64
56
16
0
8
-16
32
112
132
212
260
164
72
0
-24
-24
-40
-24
0
16
64
132
164
180
96
0
-16
-48
-48
-24
-16
-48
-72
-32
48
96
104
88
48
48
56
16
-16
0
88
148
132
96
40
8
8
16
-40
-32
-16
-80
-40
40
40
48
56
64
112
164
180
104
40
0
-72
-132
-196
-228
-120
-32
-32
24
48
40
56
64
48
0
-32
-112
-132
-164
-148
-104
-72
-88
-112
-40
-40
-56
-104
-96
-104
-132
-112
-96
-8
16
16
24
-24
-56
-80
-148
-96
-40
-48
-24
-56
-24
48
88
120
120
96
72
48
24
48
80
96
120
104
148
180
148
148
164
196
148
132
104
104
132
148
196
212
212
180
132
104
64
8
-80
-132
-132
-112
-80
-64
0
40
80
132
32
-56
-80
-132
-196
-196
-180
-148
-132
-80
-56
-40
-8
-32
-48
-104
-80
-96
-80
-40
-24
16
80
96
132
112
56
56
-16
-96
-132
-132
-80
-64
-48
48
112
148
120
88
80
72
8
-88
-96
-112
-132
-164
-148
-72
-16
-16
0
-8
-56
-96
-196
-212
-196
-212
-212
-148
-16
48
88
132
132
32
-48
-112
-148
-196
-260
-260
-212
-132
0
80
120
164
180
132
16
-96
-180
-212
-164
-120
-64
96
180
196
260
324
324
244
212
148
72
64
8
-8
-16
-16
24
64
148
164
148
132
112
104
132
148
148
196
196
228
212
164
104
64
16
-8
-64
-164
-180
-212
-164
-56
8
96
112
104
148
148
120
48
-16
-64
-132
-148
-132
-132
-148
-164
-148
-104
-104
-104
-112
-104
-32
-16
8
96
104
96
120
88
56
0
-56
-148
-228
-244
-292
-260
-196
-120
-16
40
64
112
148
96
40
0
-72
-148
-228
-276
-276
-244
-212
-148
-132
-64
-80
-64
-80
-104
-72
-24
-8
8
80
132
132
96
56
0
-16
-80
-164
-212
-196
-196
-148
16
120
228
308
324
340
340
276
212
132
72
16
-16
0
56
104
164
228
260
276
324
324
260
212
164
120
56
56
48
24
16
32
48
32
8
0
-16
16
32
8
96
96
80
120
120
64
-56
-132
-180
-228
-292
-308
-292
-260
-212
-148
-48
-24
0
8
0
0
-16
-96
-148
-196
-260
-260
-276
-260
-260
-244
-244
-196
-132
-132
-80
-56
16
64
132
180
132
96
-8
-40
-72
-80
-88
-132
-96
-48
-16
72
132
132
164
164
164
132
88
32
-56
-72
-96
-40
0
8
80
88
112
132
112
64
24
16
-64
-64
-56
-56
-16
-40
-24
24
56
72
32
-8
-48
-96
-88
-56
-32
0
64
104
148
196
212
180
180
132
72
56
8
-24
-72
-80
-24
16
132
228
276
292
340
308
244
212
164
88
24
0
0
0
8
-24
-16
-8
-32
-24
-56
-56
-40
-16
-32
0
48
40
64
56
-8
-88
-164
-228
-244
-260
-260
-228
-228
-180
-164
-164
-96
-88
-96
-148
-148
-212
-212
-164
-180
-164
-180
-148
-148
-112
-132
-196
-180
-196
-212
-148
-132
-96
-56
0
56
88
112
132
120
88
96
32
0
-24
-16
0
32
72
148
212
228
228
228
244
164
112
72
48
48
56
88
148
180
212
228
212
180
164
120
72
0
-32
-40
-48
-96
-120
-64
16
24
48
64
40
48
0
-32
-32
-48
-88
-56
-56
-72
-56
-56
-132
-132
-132
-132
-104
-88
-48
8
88
164
228
260
260
276
180
48
8
-24
-32
-72
-112
-72
-16
40
88
96
112
132
148
120
112
96
48
0
-16
8
32
32
8
16
0
-8
-64
-96
-132
-148
-132
-120
-72
-8
0
0
72
64
72
0
-40
-72
-88
-112
-148
-164
-180
-196
-148
-148
-96
-72
-32
8
-56
16
40
24
16
48
48
16
0
-48
-88
-96
-104
-64
-48
-24
-8
16
96
96
80
64
16
0
-48
-148
-180
-164
-180
-180
-112
-40
24
40
56
96
148
132
56
0
-24
-72
-120
-180
-212
-180
-132
-120
-40
32
72
112
96
112
120
80
72
88
80
72
80
64
0
0
0
-88
-120
-120
-80
-56
-32
32
88
112
212
276
260
276
212
132
64
0
-56
-96
-96
-72
-24
40
80
132
180
132
132
196
148
112
112
112
96
120
64
32
40
24
-24
-88
-88
-64
-64
-56
-88
-56
-8
-56
-56
-64
-40
-40
-88
-112
-132
-196
-244
-212
-212
-196
-164
-64
-40
-32
40
16
32
8
-16
-48
-64
-64
-88
-104
-56
8
32
8
24
64
64
72
80
80
40
72
88
120
148
148
164
132
104
64
16
-40
-72
-88
-64
-24
64
112
112
132
180
180
120
40
-16
-72
-132
-148
-148
-164
-148
-148
-132
-120
-104
-16
24
8
0
16
40
8
8
-32
-72
-32
-32
-40
-72
-120
-164
-196
-164
-104
-88
-40
-16
0
72
164
212
244
196
180
132
112
72
0
-32
-72
-72
-64
-16
0
32
72
80
148
148
120
96
40
32
24
8
16
16
-8
-40
-64
-48
-56
-72
-40
-8
0
-16
0
16
-40
-80
-96
-132
-164
-164
-164
-180
-148
-104
-64
-64
-48
-48
-72
-48
-24
-24
-40
-40
-64
-104
-88
-16
24
40
16
32
32
16
56
32
8
24
32
96
164
196
196
212
196
180
180
148
112
72
40
32
40
40
64
88
132
164
196
228
228
212
212
112
56
8
-24
-8
-32
-16
-16
-8
-32
-32
8
16
0
-16
-32
-80
-64
-32
-24
-8
-24
-8
-24
-88
-72
-132
-180
-164
-180
-132
-80
-64
-32
8
40
72
80
48
16
-16
-32
-64
-104
-132
-148
-148
-88
-24
8
40
56
72
48
16
-32
-56
-112
-164
-180
-148
-96
-56
-56
-40
-16
-32
