SAMPLES:	8760
BITSPERSAMPLE:	16
CHANNELS:	1
SAMPLERATE:	16000
NORMALIZED:	FALSE
16
16
16
16
16
16
16
24
24
16
16
16
16
8
8
0
0
0
-8
-8
-8
-8
-8
-8
-8
-8
-8
-8
-8
-8
-16
-16
-16
-24
-24
-24
-24
-24
-32
-32
-32
-32
-24
-24
-24
-16
-16
-16
-16
-16
-16
-16
-16
-16
-16
-16
-16
-8
-8
-8
-8
0
-8
0
-8
-8
-8
-8
0
0
0
0
0
0
0
0
0
0
0
0
0
0
0
0
0
8
8
8
8
8
8
8
0
8
0
0
0
0
0
0
8
8
8
8
8
0
0
0
0
0
0
0
0
8
8
8
8
8
8
8
0
0
0
8
0
0
8
8
8
0
0
0
0
0
0
0
0
0
0
0
0
0
-8
-8
-8
-8
-8
0
0
-8
-8
0
-8
-8
-8
-8
-8
-8
0
-8
-8
-8
-8
-8
-8
-8
0
-8
-8
-8
-8
0
0
-8
0
0
-8
0
0
0
-8
0
0
0
0
0
0
0
0
0
0
0
8
8
8
8
16
16
16
16
16
16
8
16
16
16
16
8
16
24
16
24
24
24
24
24
24
24
24
16
16
24
16
16
16
8
8
8
8
8
8
8
0
0
0
0
0
0
0
0
-8
-8
-8
-8
-16
-16
-24
-24
-24
-16
-16
-16
-16
-24
-24
-24
-24
-32
-32
-32
-32
-40
-40
-40
-40
-40
-40
-40
-40
-40
-40
-40
-32
-32
-40
-32
-32
-32
-24
-24
-24
-16
-16
-16
-16
-16
-8
-8
0
0
0
0
0
0
8
8
8
8
8
8
16
16
16
24
24
24
24
24
24
24
24
32
32
32
32
32
32
32
32
32
32
32
32
32
24
24
24
24
24
24
24
24
32
24
24
24
24
24
24
24
24
24
24
24
16
16
16
16
16
16
16
8
8
16
8
8
8
8
8
8
8
0
0
0
0
0
0
0
0
0
-8
-8
-8
-8
-16
-16
-16
-16
-16
-16
-24
-24
-24
-32
-32
-32
-32
-32
-40
-32
-32
-32
-40
-40
-40
-40
-40
-40
-40
-40
-40
-40
-40
-40
-32
-32
-32
-32
-24
-24
-24
-24
-24
-16
-16
-16
-16
-16
-8
-8
-8
0
0
0
0
0
0
0
0
8
8
16
16
16
16
16
16
16
16
16
16
16
16
16
16
24
24
24
32
24
24
24
16
16
16
24
16
16
16
24
16
16
16
16
16
16
16
16
16
8
8
8
8
0
0
0
0
0
0
0
0
0
0
0
0
0
0
0
0
-8
-8
-8
-8
0
0
0
0
0
0
0
0
0
0
0
0
0
-8
-8
0
0
0
0
0
0
8
8
0
0
0
0
0
0
0
0
0
0
0
0
0
0
0
0
0
0
0
0
0
0
0
0
0
0
0
0
-8
-8
-8
-8
-8
-16
-16
-8
-16
-16
-8
-8
-8
-8
-8
-16
-16
-16
-16
-16
-16
-24
-24
-16
-16
-8
-8
0
0
0
0
0
0
0
0
0
0
0
0
0
0
0
0
0
8
8
8
16
16
16
16
16
16
16
16
16
16
16
16
16
8
8
8
8
8
8
0
0
0
0
0
0
0
0
0
0
0
0
0
0
0
0
0
-8
0
0
0
-8
-8
0
0
0
0
0
0
0
0
0
0
0
0
0
0
0
0
0
0
8
8
8
8
8
8
0
8
8
8
8
8
8
0
8
8
8
8
0
0
0
0
0
0
0
0
0
0
0
0
0
0
0
-8
-8
-8
-8
-8
-8
-8
-8
-8
-8
-8
-8
-8
-8
-8
-8
-8
-8
0
-8
-8
-8
-8
-8
-8
-8
-8
-16
-8
-8
-8
-8
0
0
0
0
0
0
0
0
-8
0
0
-8
-8
-8
-8
-8
0
-8
-8
0
-8
0
0
0
0
0
0
0
0
0
0
0
0
0
8
0
0
0
0
0
8
8
16
8
16
16
8
16
16
16
16
16
8
8
8
8
8
8
16
8
8
16
16
8
16
16
16
16
8
8
8
8
8
8
8
8
8
8
8
8
8
8
0
0
0
0
0
0
0
0
0
0
0
0
0
0
0
0
0
0
0
0
0
0
-8
0
0
0
0
-8
-8
-8
-8
-8
-8
-8
-8
-8
-8
-8
-8
-8
-8
-16
-16
-16
-16
-16
-16
-16
-16
-16
-16
-16
-16
-16
-16
-16
-16
-16
-16
-16
-24
-16
-16
-16
-16
-16
-16
-16
-24
-24
-24
-16
-16
-16
-16
-16
-8
-8
-8
-8
-8
-8
-8
-8
-8
0
0
0
0
0
0
8
8
8
8
8
8
8
8
8
8
16
16
16
16
24
24
24
24
24
24
24
24
24
24
24
24
24
24
24
24
24
32
32
32
32
24
24
24
24
24
24
32
24
24
16
16
16
16
24
16
16
16
16
8
16
16
8
8
8
0
0
0
0
0
0
0
0
0
0
0
-8
-8
-16
-16
-16
-8
-8
-8
-8
-8
-16
-16
-16
-16
-16
-16
-16
-24
-24
-24
-24
-24
-24
-16
-16
-16
-16
-16
-16
-16
-16
-16
-16
-16
-16
-16
-16
-16
-8
-16
-8
-8
-8
-8
0
0
0
0
0
0
0
0
0
0
0
0
0
0
0
0
0
0
0
0
0
0
0
0
0
0
-8
0
-8
-8
-8
-8
-8
-8
-8
-8
-8
0
0
0
-8
-8
-8
0
0
0
0
0
0
0
0
0
0
0
0
0
0
0
0
0
0
0
0
0
0
0
0
0
0
0
0
0
0
0
0
0
8
0
8
8
8
8
8
8
0
0
0
0
0
0
8
8
8
8
8
8
8
8
8
8
8
8
8
8
8
16
16
16
8
8
8
8
8
8
8
16
16
16
16
16
16
8
16
16
16
16
16
16
16
16
16
8
8
8
8
8
16
16
8
8
8
8
8
8
8
0
0
0
0
0
0
-8
-8
-8
-8
-8
-8
-16
-8
-16
-16
-16
-16
-16
-16
-16
-16
-16
-24
-24
-24
-24
-24
-24
-24
-24
-16
-16
-24
-16
-16
-16
-16
-8
-16
-8
-8
-8
-8
-8
-8
-8
-16
-16
-8
-8
-8
-8
-8
-8
-8
-8
0
0
0
0
0
0
0
0
0
0
0
0
0
0
0
0
0
0
0
0
0
0
0
0
0
0
0
0
0
0
0
0
8
16
16
16
16
16
16
16
16
16
16
8
16
8
8
8
16
16
16
16
16
16
8
8
8
8
8
8
8
8
8
8
8
8
8
8
8
0
0
8
8
0
0
0
0
0
0
0
0
0
0
0
0
0
0
-8
-8
-8
-8
-8
-8
-8
-8
-8
-8
-8
-8
0
-8
-8
0
0
0
0
0
0
0
0
0
0
0
0
0
0
0
0
0
0
0
0
0
0
0
0
0
0
0
0
0
0
0
0
0
0
0
0
0
0
0
0
0
0
0
0
0
0
0
0
0
0
0
0
0
0
0
0
0
0
0
0
0
0
0
0
0
0
0
0
0
0
0
0
0
8
8
8
8
0
0
0
0
0
0
0
0
0
0
0
8
8
8
0
8
8
0
0
0
0
0
0
0
0
0
8
0
0
0
0
-8
0
0
0
0
0
0
-8
-8
-8
-8
-8
-8
-8
-8
-8
0
0
0
0
0
0
-8
-8
-8
-8
-8
-8
0
0
0
-8
-8
-16
-8
-8
-8
0
0
-8
-8
-8
-8
-8
0
0
0
0
0
-8
0
8
0
0
0
0
0
0
0
0
0
0
0
-8
0
0
-8
-16
-8
0
-8
-8
0
8
0
0
0
0
0
0
0
0
0
0
8
8
8
16
16
16
24
32
24
24
16
16
16
16
16
16
16
16
16
16
16
16
8
8
8
8
8
8
8
16
16
16
8
8
8
8
0
0
0
0
0
0
0
8
0
0
0
0
-8
0
-8
-8
0
0
-8
-8
-8
-8
-8
-8
-8
-8
-8
-8
-16
-8
-8
-8
-8
-8
-8
-8
-8
-8
-8
-16
-16
-16
-16
-16
-16
-16
-16
-16
-8
-8
-8
-8
-8
-8
-8
-8
-8
-8
-8
-8
-8
-8
-8
-8
-8
-8
-8
-8
-8
-8
0
0
0
0
0
0
0
0
0
0
0
0
8
8
8
8
16
16
16
16
16
16
16
16
16
24
16
16
16
16
16
16
16
16
24
24
24
16
16
8
8
0
0
0
0
0
0
8
8
16
16
8
0
0
0
0
0
0
0
0
0
0
-8
-8
-8
-16
-16
-16
-16
-8
-16
-16
-16
-16
-16
-24
-24
-24
-24
-24
-32
-32
-24
-24
-16
-8
-8
-8
-8
-8
-8
-8
-8
-8
-8
-16
-8
0
0
0
0
0
0
0
0
0
0
8
0
0
8
16
16
16
16
24
24
24
24
32
32
24
24
24
24
24
32
24
24
24
16
16
16
8
8
8
8
16
16
16
24
16
8
0
0
0
0
0
0
0
0
0
0
-8
-8
-16
-16
-24
-16
-16
-8
-8
0
0
0
0
0
0
-8
-8
-16
-24
-24
-16
-8
0
8
16
16
16
8
0
0
-8
-8
-16
-8
0
8
8
16
16
16
16
16
8
0
0
-8
-16
-16
-8
0
0
0
8
0
-8
-24
-32
-40
-40
-40
-32
-16
0
8
16
32
32
32
24
16
16
8
0
0
-8
-16
-16
-8
0
0
8
0
0
-8
-16
-24
-32
-32
-24
-24
-16
-8
-8
-16
-32
-40
-48
-48
-48
-48
-56
-48
-40
-48
-40
-32
-24
-24
-24
-24
-24
-24
-32
-32
-24
-24
-16
-8
0
16
24
32
32
24
16
0
0
-8
-16
-24
-24
-16
-8
8
40
64
64
64
64
56
40
40
48
40
32
40
40
40
64
72
72
72
64
56
48
56
72
88
104
132
148
164
164
180
196
196
180
180
164
164
180
180
196
212
212
196
180
148
104
48
-8
-48
-72
-88
-104
-112
-104
-104
-112
-120
-148
-164
-196
-244
-276
-292
-324
-372
-396
-396
-428
-460
-460
-460
-428
-428
-428
-396
-372
-356
-308
-292
-276
-244
-228
-228
-212
-180
-180
-148
-132
-96
-48
-8
16
56
88
104
120
120
120
132
132
132
148
180
196
212
260
276
292
292
276
260
244
244
244
276
308
308
324
308
276
260
244
212
148
112
72
40
32
96
180
308
524
748
988
1244
1500
1692
1820
1692
1372
924
556
148
-276
-588
-748
-812
-876
-924
-812
-556
-324
-196
-148
-104
-80
-196
-396
-524
-652
-844
-1116
-1308
-1372
-1436
-1564
-1756
-1884
-1980
-1980
-1980
-1980
-1820
-1564
-1372
-1052
-524
8
460
684
844
812
556
148
-228
-428
-524
-524
-396
-80
324
652
876
1052
1116
1116
988
812
716
588
492
396
492
652
780
876
844
748
524
292
-48
-324
-396
-372
-260
-8
356
684
844
812
588
196
-356
-988
-1500
-1884
-2108
-2108
-1820
-1308
-556
148
844
1436
1756
1756
1500
1244
876
588
340
244
276
460
684
924
1372
1884
2492
3388
4092
4860
5116
5628
6140
6140
5116
3388
1980
988
80
-780
-1372
-1500
-1436
-1564
-1628
-1180
-428
24
8
-356
-684
-1180
-1980
-2876
-3516
-3772
-4348
-4860
-5116
-4860
-4604
-4604
-4860
-4860
-4604
-4348
-4348
-3900
-3388
-2876
-2492
-1980
-1372
-876
-428
164
812
1116
844
620
556
524
308
148
428
716
684
372
428
844
1116
988
924
1308
1884
2108
2108
2364
2748
2620
1820
1052
524
-88
-924
-1628
-1756
-1564
-1308
-1052
-524
244
988
1308
1244
1052
684
-212
-1372
-2364
-2748
-2876
-3004
-2620
-1692
-428
716
1692
2620
3388
3516
3260
2876
2492
2108
1628
1180
988
1052
1372
1628
1884
2236
2492
2492
2492
2364
2364
2492
3004
3772
4604
5372
5372
5372
5884
6140
5884
4348
2492
324
-1436
-2748
-3772
-4092
-3772
-3388
-3132
-2748
-2108
-1244
-780
-812
-1180
-1628
-2364
-3004
-3644
-4092
-4092
-4348
-4604
-4604
-4348
-4348
-4348
-4604
-4860
-4860
-4860
-4604
-4348
-3900
-3260
-2492
-1436
-492
228
524
924
1628
2236
2364
1564
716
-96
-812
-1308
-1244
-524
196
460
556
1052
1884
2492
2492
2492
2620
2492
2108
1692
1564
1436
988
372
132
196
88
-276
-620
-588
-396
-244
-132
196
780
1116
1244
1308
1372
1052
228
-812
-1500
-1756
-1820
-1820
-1564
-812
112
988
1884
2748
3516
3772
3516
3260
2876
2236
1500
844
524
524
620
780
1052
1372
1628
1756
1980
2108
2108
2108
2108
2492
3004
3516
3772
4348
5116
5884
5628
4348
2620
620
-1052
-2492
-3388
-3644
-3516
-3388
-3388
-3132
-2364
-1500
-988
-924
-1052
-1244
-1564
-1980
-2620
-2876
-3260
-3644
-4092
-4092
-4348
-4604
-5116
-5628
-5884
-5884
-5628
-5372
-4604
-3900
-2876
-1756
-652
292
812
844
988
1244
1436
988
0
-812
-1372
-1500
-1436
-988
-180
492
876
1180
1884
2620
2876
2748
2620
2748
2748
2492
2236
1980
1820
1372
748
372
196
-112
-588
-748
-356
180
684
1116
1564
2108
2364
2236
2108
1756
988
-164
-1308
-1980
-2108
-1980
-1884
-1372
-492
620
1692
2620
3388
3772
3644
3132
2748
2492
2108
1628
1180
924
988
1116
1244
1436
1500
1628
1628
1692
1756
1756
1564
1244
1052
1180
1980
2876
3772
4348
4604
5372
6140
6140
4604
1980
-492
-1980
-3132
-4092
-4604
-4348
-4092
-3772
-3260
-2364
-1180
-428
-308
-492
-620
-924
-1756
-2620
-3388
-3772
-4348
-4860
-5116
-5372
-5628
-5884
-6396
-6396
-6140
-5884
-5372
-4348
-3260
-2108
-1180
-308
460
876
684
244
-228
-396
-356
-428
-652
-924
-1052
-988
-492
132
844
1436
1756
1756
1500
1436
1564
1756
1820
1980
2108
2364
2236
2108
1692
1244
748
244
-16
-132
-16
260
588
1116
1564
1980
2236
2236
2236
1980
1436
684
-72
-620
-1180
-1372
-1244
-684
80
924
1756
2620
3388
3900
4092
4092
4092
3644
3004
2364
1628
988
652
524
620
748
988
1308
1820
2364
2620
2748
2748
2364
1820
1180
588
88
-164
-104
492
1500
2492
3388
4348
5372
5884
4860
2620
132
-1820
-3260
-4604
-5372
-5628
-5116
-4348
-3516
-2492
-1116
48
492
492
308
-196
-1052
-2236
-3132
-3772
-4092
-4604
-5116
-5116
-5372
-5884
-6140
-6396
-6140
-5372
-4860
-3772
-2492
-1180
-104
684
1308
1500
988
-8
-1180
-2108
-2748
-2748
-2108
-1372
-988
-620
104
716
1244
1628
1820
1884
1628
1308
1116
1244
1500
1628
1628
2236
2748
2876
2364
1820
1308
524
-164
-556
-396
-164
340
988
1692
2620
3132
3260
3004
2748
2364
1500
428
-372
-988
-1564
-1884
-1628
-924
-24
988
2108
3132
3900
4092
3900
3644
3132
2492
1628
924
460
32
-164
-56
356
780
1308
1692
1980
2236
2236
1884
1436
924
396
-112
-620
-492
244
1564
2876
3900
4604
5884
6908
6396
4348
1500
-924
-2620
-3900
-4860
-5116
-4604
-3772
-2876
-1980
-812
428
1052
988
684
324
-492
-1820
-3132
-3900
-4092
-4348
-4860
-5116
-5372
-5628
-6396
-6908
-6908
-6652
-5884
-5116
-3772
-2364
-1052
-24
684
1052
716
-276
-1628
-2748
-3644
-4348
-4604
-3900
-2236
-460
924
2108
3260
3644
3132
2364
1756
1372
780
372
356
876
1500
2108
2620
3516
4092
3900
3004
2236
1564
684
32
-96
556
1372
2108
2748
3516
3900
3900
3388
2492
1692
716
-460
-1436
-1756
-1564
-1244
-876
-148
876
1820
2364
3004
3260
3132
2748
2364
1980
1820
1436
924
556
492
492
356
196
260
396
652
1116
1628
2108
2236
2108
1820
1500
1116
556
0
-428
-308
308
1372
2364
3132
3644
4092
5116
5628
4860
2620
-148
-2492
-3900
-4604
-4860
-4348
-3516
-2620
-1820
-924
164
924
924
340
-356
-1116
-2108
-3260
-4348
-5116
-5372
-5372
-5628
-5884
-6140
-6396
-6652
-6652
-6140
-5372
-4604
-3772
-2748
-1820
-924
-340
-104
-356
-1116
-2236
-3004
-3132
-2876
-2492
-2108
-1372
-260
684
1564
2364
3132
3132
2876
2492
2108
1980
1820
1564
1884
2748
3260
3516
3516
3772
3516
2748
1980
1500
1244
844
812
1244
1980
2876
3516
3772
3900
3772
3132
2108
876
-148
-1244
-2236
-2620
-2364
-1756
-924
132
1436
2748
3644
4092
4092
3516
2748
1756
684
-148
-684
-1052
-1180
-844
-148
556
1116
1500
1980
2236
2492
2492
2492
2236
1884
1372
924
780
620
396
-32
-212
180
1116
2108
3004
3644
4348
5372
6140
5372
3388
812
-1436
-2876
-3772
-4348
-4348
-4092
-3132
-2364
-1500
-588
180
428
56
-524
-1308
-2364
-3900
-5116
-6140
-6396
-6652
-6652
-6396
-6396
-6396
-6396
-6140
-5628
-4860
-4348
-3772
-3132
-2364
-1820
-1244
-924
-924
-1436
-1980
-2236
-2108
-2108
-2236
-1884
-988
64
988
1980
3132
3900
4092
3644
3388
3132
2876
2364
2108
2236
2492
2748
2748
3004
3260
3132
2492
2236
2108
1820
1564
1372
1692
2236
2876
3388
3644
3772
3516
2876
1820
988
-8
-1244
-2364
-2620
-2236
-1628
-844
88
1180
2108
2876
3388
3516
3132
2364
1372
524
-8
-396
-684
-684
-372
112
620
988
1372
1628
1692
1628
1628
1692
1564
1308
876
556
492
492
460
308
120
-120
-228
180
1052
1820
2236
2364
2620
3260
4092
4348
3260
1436
-780
-2492
-3516
-4092
-4092
-3900
-3260
-2620
-1884
-1372
-1052
-844
-988
-1308
-1692
-2236
-3004
-3772
-4348
-4604
-4860
-4860
-5116
-5116
-5372
-5628
-5884
-6140
-5884
-5372
-4860
-4092
-3132
-2108
-1372
-684
-196
180
556
460
-56
-748
-1052
-1180
-1436
-1372
-924
40
1052
1980
2748
3516
3900
3772
3260
2876
2876
3004
2748
2620
2876
3004
3004
3004
3260
3388
3132
2876
2492
2364
2364
2492
2620
3004
3516
3644
3388
3004
2492
1628
524
-460
-1180
-1500
-1628
-1308
-492
652
1820
2876
3516
3900
3644
2876
1692
524
-588
-1564
-2236
-2364
-2108
-1308
-356
588
1372
1884
2108
1884
1628
1436
1116
684
196
-56
-40
56
196
292
340
212
112
148
556
988
1308
1436
1884
2876
3900
4604
4092
2620
556
-1308
-2748
-3516
-3900
-4092
-3772
-3260
-2620
-1980
-1308
-812
-556
-620
-1116
-1980
-3004
-4092
-5116
-5884
-6140
-6140
-5884
-5884
-6140
-6140
-5884
-5628
-5372
-4860
-4348
-4092
-3388
-2492
-1628
-924
-556
-620
-812
-652
-492
-556
-876
-1244
-1500
-1564
-1244
-372
924
2364
3388
4092
4604
4860
4604
4092
3516
3260
3132
2876
2620
2748
3004
3132
3132
3260
3260
3132
2748
2492
2364
2492
2748
3004
3260
3516
3644
3516
3132
2620
1628
460
-716
-1564
-1884
-1820
-1372
-620
460
1564
2492
3004
3388
3260
2492
1564
460
-588
-1372
-1756
-1756
-1372
-556
492
1564
2364
2876
2876
2620
2236
1692
1116
556
132
-96
32
356
620
684
524
324
228
324
716
1052
1308
1564
1980
2748
3644
4092
3644
2236
356
-1564
-3132
-4092
-4860
-4860
-4348
-3900
-3260
-2492
-1820
-1308
-1052
-1116
-1564
-2364
-3388
-4348
-5372
-5884
-6140
-6140
-5884
-5884
-5884
-5884
-5628
-5628
-5372
-5116
-4604
-4092
-3516
-2876
-2108
-1372
-924
-684
-652
-356
96
212
-356
-1180
-1500
-1372
-1180
-492
924
2620
3900
4604
4604
4604
4348
3900
3260
3004
3004
2876
2492
2492
3004
3260
3260
3132
3132
3132
2876
2364
2236
2364
2748
3132
3516
4092
4092
4092
3132
2108
1052
-196
-1628
-2620
-2748
-2364
-1500
-244
1180
2620
3644
4092
3900
3388
2492
1116
-356
-1500
-2236
-2492
-2108
-1244
0
1244
2236
2876
3132
3004
2620
1884
1244
748
428
196
132
308
524
652
620
396
80
-96
0
292
780
1180
1564
1980
2876
3772
4604
4092
2620
276
-1980
-3772
-4860
-5116
-4860
-4348
-3516
-2748
-1980
-1244
-780
-748
-1180
-1980
-2876
-4092
-4860
-5884
-6140
-6140
-5884
-5372
-5116
-4860
-5116
-5116
-5628
-5628
-5372
-5116
-4604
-3772
-2876
-1980
-1052
-356
-48
260
524
460
-228
-1244
-1756
-1820
-1500
-748
716
2492
4092
5116
5372
5372
5116
4348
3516
2876
2748
2748
2492
2748
3260
3900
4348
4092
4092
3772
3132
2108
1436
1372
1692
2236
2620
3388
4092
4092
3772
2876
1884
460
-1116
-2364
-3132
-3132
-2620
-1756
-684
556
1628
2108
2236
1980
1436
524
-396
-1052
-1372
-1436
-1244
-748
-72
684
1372
1820
1980
1756
1372
988
620
460
556
748
876
1052
1180
1116
844
460
120
-132
-196
164
844
1564
2236
2620
2748
2620
2876
3260
3132
2236
876
-924
-2620
-3772
-4348
-4092
-3516
-2748
-2236
-1884
-1756
-1628
-1884
-2236
-2748
-3260
-3900
-4604
-4604
-4604
-4348
-4348
-4348
-4604
-5116
-5372
-5884
-6140
-6140
-6140
-5628
-4860
-3772
-2620
-1692
-924
-372
-132
-196
-64
120
88
-132
-120
276
428
716
1308
2108
3004
3516
3772
3772
3772
3644
3260
3004
3388
3900
4092
4348
4604
4860
4604
4092
3516
2876
2236
1692
1308
1180
1692
2236
2876
3388
4092
4092
3644
2876
1884
924
-292
-1436
-2108
-2364
-2364
-1980
-1308
-276
684
1372
1500
1500
1372
1180
812
396
-64
-460
-780
-924
-652
-356
-16
148
196
340
428
524
492
460
588
748
924
1052
1308
1372
1308
1052
748
324
-88
-556
-652
-460
-80
308
524
780
1116
1884
2492
2876
2492
1308
-104
-1628
-2876
-3644
-3772
-3516
-3132
-3004
-2876
-2620
-2492
-2492
-2748
-3132
-3516
-3900
-4348
-4348
-4092
-3900
-3772
-3772
-3900
-4348
-4604
-5116
-5372
-5628
-5372
-5116
-4604
-3772
-2748
-1884
-1116
-556
-180
-16
-112
212
1308
2236
2492
2236
2108
1980
1692
1500
1500
1980
2620
2876
2876
3132
3772
4092
4348
4604
5116
5372
5116
4348
4092
3644
3004
2364
1820
1500
1372
1372
1372
1756
2236
2620
2620
2748
2876
2620
2108
1244
524
-308
-1308
-2236
-2876
-2748
-2364
-1884
-1308
-460
396
924
1244
1436
1436
1052
492
-180
-844
-1244
-1500
-1436
-1116
-588
8
340
620
844
988
1052
988
924
844
748
716
780
924
1052
988
812
524
180
-96
-324
-396
-260
-40
228
524
988
1980
2748
3132
2748
1820
556
-844
-2108
-3388
-4092
-4348
-4348
-4092
-4092
-3772
-3260
-2876
-2748
-2748
-2748
-2748
-3004
-3388
-3516
-3516
-3644
-3900
-4348
-4604
-4860
-5116
-5116
-5116
-4860
-4348
-3900
-3004
-2108
-1244
-652
-196
96
524
1564
2364
2620
2364
1980
1500
780
460
684
1500
2620
3388
3900
4092
4348
4092
3644
3644
4092
4348
4348
4092
4348
4348
4092
3516
3004
2364
1692
1244
924
1052
1500
1980
2364
2748
3132
3132
2620
1980
1308
372
-716
-1756
-2492
-2620
-2620
-2364
-1980
-1372
-812
-460
-164
96
292
396
372
276
120
-64
-308
-460
-524
-460
-260
-180
-228
-276
-196
-180
-96
164
620
924
1244
1564
1884
2108
1884
1628
1244
620
8
-524
-780
-748
-492
-212
308
1052
1820
2620
3132
3132
2492
1308
-148
-1500
-2492
-3388
-4092
-4092
-3644
-3388
-3260
-3260
-3132
-3132
-3388
-3644
-3772
-3772
-3772
-3900
-3772
-3516
-3260
-3260
-3516
-3772
-3900
-4348
-4860
-5116
-5116
-4604
-4348
-3644
-2748
-1884
-1180
-652
292
1372
2108
1980
1500
1436
1372
1244
1372
2108
3004
3644
3388
3004
2876
2876
2748
2620
3132
3900
4092
4092
4348
4604
4860
4348
3900
3388
3004
2492
1980
1692
1692
1756
1756
1756
1980
2108
2108
1820
1628
1436
988
212
-492
-924
-1180
-1436
-1628
-1692
-1436
-1180
-844
-396
120
460
524
524
460
340
112
-96
-276
-276
-120
24
120
228
460
620
620
684
844
988
988
988
1116
1244
1308
1308
1308
1180
924
492
-32
-396
-428
-324
-8
460
1052
1500
1820
2236
2364
2108
1052
-8
-1052
-1980
-2876
-3516
-3516
-3388
-3260
-3516
-3772
-4092
-4092
-4348
-4604
-4348
-4092
-3644
-3516
-3388
-3132
-3004
-3388
-3772
-4092
-4348
-4860
-5116
-5116
-4860
-4092
-3516
-3004
-2364
-1884
-1500
-1116
-492
72
276
72
40
372
748
988
1308
1884
2364
2620
2748
2748
3004
3132
3132
3260
3644
3900
3900
3772
3900
3900
3900
3772
3644
3516
3260
3004
2748
2620
2492
2364
2364
2364
2620
2748
2620
2492
2236
1820
1308
780
396
80
-164
-340
-428
-428
-428
-524
-588
-556
-428
-356
-324
-396
-396
-340
-212
32
372
652
844
988
1180
1308
1372
1180
844
492
148
-104
-228
-72
148
372
524
748
988
1116
988
748
620
524
460
492
556
652
716
780
988
1244
1372
988
396
-244
-876
-1500
-2108
-2364
-2492
-2620
-2876
-3132
-3516
-3644
-3900
-4092
-4092
-4092
-4092
-4092
-4092
-4092
-4092
-4348
-4348
-4348
-4092
-4092
-4092
-4092
-4092
-3900
-3644
-3260
-2876
-2620
-2492
-2236
-1884
-1500
-1308
-1052
-748
-292
132
396
684
1116
1500
1884
2364
2876
3516
3900
4092
4092
4348
4092
3644
3388
3132
3132
3004
3260
3516
3644
3644
3644
3644
3516
3260
2876
2620
2492
2364
2236
2108
2108
2108
1980
1884
1756
1436
876
244
-292
-716
-1052
-1244
-1244
-1052
-716
-292
0
212
308
196
40
-180
-428
-556
-556
-428
-228
0
308
588
780
924
924
876
652
460
356
324
228
212
292
588
780
924
1116
1052
988
812
652
372
196
8
-24
72
244
556
812
924
684
372
-16
-524
-1116
-1628
-1980
-2492
-2876
-3388
-3644
-3772
-3772
-3772
-3772
-3644
-3772
-3900
-4092
-4348
-4348
-4348
-4348
-4092
-3900
-3516
-3132
-2876
-2748
-2748
-2876
-2876
-2876
-2748
-2492
-2364
-2108
-1756
-1308
-812
-372
0
372
716
1116
1500
1884
2108
2492
2748
3004
3260
3516
3644
3644
3644
3644
3772
3772
3772
3772
3772
3900
3900
3772
3900
3772
3516
3388
3132
2876
2492
2364
2108
1980
1980
1884
1820
1692
1372
988
620
260
-8
-196
-372
-460
-396
-244
-72
0
0
-180
-460
-748
-924
-1180
-1372
-1372
-1308
-1180
-924
-524
-72
260
524
684
620
428
148
-164
-460
-620
-780
-780
-556
-324
-228
-104
16
180
260
196
164
112
-24
-212
-260
-212
-196
-260
-324
-292
-356
-492
-780
-988
-1180
-1372
-1500
-1756
-1756
-1820
-1980
-2236
-2364
-2492
-2748
-3004
-3132
-3132
-3260
-3260
-3004
-2876
-2620
-2492
-2364
-2364
-2364
-2492
-2620
-2748
-2748
-2876
-2748
-2364
-1980
-1436
-876
-396
40
308
492
620
716
716
716
844
1116
1436
1756
2236
2620
3004
3260
3388
3388
3388
3388
3388
3388
3516
3516
3644
3644
3644
3644
3644
3516
3132
2876
2620
2364
2108
1980
1884
1820
1692
1628
1692
1628
1308
844
460
324
-96
-396
-396
-340
-324
-292
-132
0
-56
-492
-844
-1052
-1308
-1628
-1820
-1884
-1756
-1436
-988
-652
-428
-40
0
-148
-196
-396
-748
-924
-1052
-1180
-1180
-1052
-780
-524
-196
16
148
212
148
8
-164
-340
-460
-556
-716
-684
-556
-492
-492
-428
-492
-684
-876
-1052
-1244
-1436
-1500
-1564
-1500
-1500
-1500
-1564
-1500
-1500
-1564
-1564
-1564
-1564
-1628
-1628
-1564
-1564
-1564
-1564
-1692
-1756
-1820
-1820
-1756
-1692
-1500
-1308
-924
-524
-180
132
460
748
924
876
748
652
620
588
588
620
748
988
1244
1564
1820
2108
2364
2364
2364
2364
2620
2620
2876
2876
3004
3004
3004
2876
2620
2492
2236
1820
1436
1244
988
876
844
924
988
988
1116
1052
988
844
652
428
120
-164
-428
-588
-684
-748
-812
-924
-988
-988
-1052
-1116
-1116
-1116
-1180
-1180
-1052
-924
-780
-588
-428
-356
-356
-492
-684
-876
-1052
-1180
-1244
-1180
-1052
-924
-652
-276
64
292
460
524
460
260
24
-180
-428
-652
-684
-652
-588
-396
-228
-48
80
120
72
-40
-180
-308
-460
-588
-620
-716
-876
-924
-988
-1052
-1116
-1244
-1372
-1500
-1628
-1692
-1628
-1500
-1436
-1244
-1052
-924
-924
-924
-988
-1116
-1180
-1308
-1372
-1372
-1244
-988
-588
-180
196
492
716
876
924
988
924
844
748
780
924
1180
1436
1820
2108
2236
2492
2492
2492
2364
2236
2236
2108
2236
2108
2108
2108
2236
2236
1980
1820
1564
1244
988
844
716
684
716
748
812
844
844
748
492
180
-96
-396
-716
-924
-1116
-1180
-1244
-1180
-1052
-844
-652
-556
-524
-524
-556
-620
-716
-780
-716
-620
-524
-492
-460
-460
-524
-588
-652
-684
-684
-652
-588
-396
-212
24
228
372
524
588
492
276
32
-244
-492
-652
-748
-780
-748
-652
-492
-340
-308
-308
-428
-588
-684
-876
-1052
-1180
-1180
-1180
-1244
-1180
-1116
-1116
-1180
-1244
-1308
-1436
-1564
-1628
-1628
-1500
-1244
-1052
-812
-684
-620
-652
-716
-812
-924
-1052
-1116
-988
-748
-492
-164
212
524
844
988
1052
1052
924
812
780
748
780
924
1180
1436
1692
1980
2108
2236
2108
1980
1884
1756
1628
1564
1500
1628
1692
1820
1884
1884
1884
1692
1500
1308
1116
924
716
588
492
492
460
396
396
460
428
276
180
24
-212
-356
-428
-524
-556
-620
-588
-524
-460
-356
-212
-96
-148
-244
-244
-276
-428
-524
-588
-716
-924
-988
-988
-924
-812
-556
-292
-88
24
112
212
260
260
164
0
-260
-556
-748
-924
-924
-988
-988
-876
-716
-492
-292
-148
-56
-64
-196
-356
-460
-620
-748
-812
-924
-988
-1052
-1116
-1116
-1116
-1116
-1052
-1052
-1052
-924
-812
-684
-556
-460
-324
-292
-324
-372
-492
-716
-924
-1052
-1180
-1116
-1052
-844
-460
-24
260
556
780
924
988
924
844
716
652
588
556
652
716
844
988
1180
1372
1628
1692
1628
1564
1436
1308
1308
1372
1500
1564
1628
1628
1628
1500
1308
1116
844
556
324
164
88
32
56
120
196
292
396
396
276
120
-40
-180
-340
-492
-652
-748
-876
-844
-748
-748
-748
-652
-524
-460
-428
-372
-460
-588
-620
-684
-684
-620
-588
-588
-556
-460
-396
-356
-308
-212
-180
-132
-88
-48
-24
8
8
-72
-164
-244
-324
-396
-356
-324
-276
-180
-80
0
72
164
180
164
72
-56
-228
-428
-492
-588
-588
-652
-620
-556
-492
-396
-356
-340
-372
-396
-428
-428
-396
-396
-324
-244
-212
-196
-196
-244
-276
-340
-340
-276
-276
-244
-180
-80
40
260
460
588
652
684
748
812
844
844
780
780
812
924
1052
1116
1116
1180
1244
1180
1244
1308
1308
1308
1244
1244
1244
1180
1180
1052
924
748
588
428
244
88
0
-40
0
32
64
112
120
96
16
-120
-324
-588
-780
-924
-1052
-1116
-1180
-1180
-1180
-1180
-1116
-1052
-988
-924
-812
-716
-684
-652
-716
-780
-844
-988
-988
-988
-988
-924
-844
-748
-620
-492
-396
-276
-164
-80
-16
-32
-56
-104
-212
-276
-292
-276
-212
-104
24
132
276
372
460
492
428
356
276
80
-112
-228
-260
-212
-148
-132
-120
-120
-132
-104
-88
-132
-164
-260
-308
-260
-164
-24
132
324
428
428
396
292
132
-88
-308
-396
-428
-396
-244
0
276
556
876
1052
1180
1244
1180
1052
988
876
780
780
748
844
924
1052
1116
1180
1180
1180
1116
1116
1116
1116
1116
1116
1052
1052
1052
924
780
620
428
148
-164
-396
-524
-556
-492
-372
-196
0
80
96
24
-132
-428
-716
-1052
-1372
-1564
-1692
-1692
-1564
-1372
-1180
-1052
-924
-780
-684
-652
-652
-716
-812
-924
-988
-988
-924
-812
-684
-652
-556
-524
-492
-460
-492
-492
-492
-460
-460
-324
-212
-64
0
8
88
164
132
40
0
-32
-148
-228
-228
-180
-148
-120
-72
-8
56
96
72
40
56
16
-64
-88
-88
-120
-164
-212
-228
-228
-260
-196
-164
-120
-8
148
260
396
524
588
620
620
556
492
356
244
276
292
292
372
492
588
748
812
924
1052
1116
1180
1244
1372
1436
1436
1372
1244
1052
924
780
652
588
588
588
684
780
876
924
876
844
780
684
492
308
132
-48
-244
-308
-356
-396
-460
-460
-428
-428
-460
-524
-556
-684
-844
-924
-988
-1052
-1116
-988
-876
-748
-652
-556
-524
-460
-620
-780
-844
-924
-1052
-1052
-876
-876
-780
-620
-428
-196
-132
-104
-132
-148
-244
-396
-428
-396
-292
-260
-212
-72
56
180
104
64
32
24
-48
-104
-104
-24
-120
-228
-104
-24
16
-132
-112
-40
-96
-180
-276
-212
-132
-112
-56
64
212
164
-72
-196
-164
-276
-524
-588
-556
-492
-396
-260
48
324
396
460
460
524
356
80
0
-32
-96
-80
32
196
396
652
812
876
988
988
812
812
748
588
428
372
396
492
460
588
780
748
780
620
748
844
652
492
460
652
492
276
460
460
396
396
292
356
212
40
-148
-180
-164
-524
-620
-524
-428
-372
-492
-228
-72
0
-164
-132
8
-56
-212
-492
-396
-556
-652
-844
-748
-652
-652
-684
-588
-276
-32
48
16
276
356
244
16
-112
-212
-396
-524
-588
-588
-492
-684
-524
-180
96
80
148
276
460
428
228
180
180
244
-164
-324
-196
-148
-120
-428
-356
-164
-64
-132
-260
24
196
212
56
96
260
0
-228
-164
-244
-308
-324
-428
-356
-292
-292
-324
-32
64
-148
-132
148
80
-164
-32
-16
32
-88
-260
-120
132
164
-260
-196
16
-120
-260
-148
-8
132
196
112
72
524
748
356
460
716
588
428
164
132
324
308
104
32
652
812
396
460
716
812
556
276
276
340
396
-132
-396
-24
48
-32
-212
112
492
524
228
64
244
212
-64
-340
-228
-148
-148
-492
-620
-148
-132
-428
-620
-428
-396
-524
-588
-524
-164
-148
-212
-164
196
24
-112
-196
-260
-308
-396
-324
-524
-524
-492
-260
-164
104
164
132
460
340
196
148
244
104
24
80
-16
16
148
104
-104
-24
196
164
-120
-32
96
276
260
80
308
396
372
8
24
148
-48
-292
-460
-372
-324
-356
-324
-148
32
164
212
180
396
228
180
8
-228
-212
-308
-460
-524
-340
-40
-212
-212
-48
72
196
16
80
244
340
260
120
356
588
428
340
372
652
652
276
228
276
148
-32
0
104
148
180
340
120
356
620
276
64
212
16
-228
-196
-148
-396
-292
-244
-428
-324
-244
-260
-524
-396
-276
-228
-212
-372
-396
-132
24
-396
-492
-196
-180
-524
-748
-460
-148
-196
-428
-340
196
244
-164
-308
88
112
0
-460
-340
40
8
-80
-212
324
428
212
-132
148
428
180
40
-180
148
308
180
-88
-32
372
396
-32
-164
148
396
80
-64
48
356
396
96
-32
228
460
196
-32
-120
164
56
-276
-308
-244
-24
24
32
148
492
620
396
428
340
524
80
-148
-276
-212
24
-308
-180
16
308
276
148
260
524
460
340
308
556
684
428
308
428
684
492
212
104
80
-48
-244
-260
-340
-40
80
-80
-8
228
104
56
64
80
24
-48
-132
-428
-652
-684
-812
-1052
-876
-876
-876
-652
-588
-652
-620
-260
-244
-340
-292
-88
-180
-308
-260
-396
-356
-492
-780
-812
-684
-620
-620
-460
-396
32
-56
148
428
460
396
340
276
308
228
112
72
292
228
-8
164
148
324
180
132
244
460
292
276
324
460
396
164
396
180
340
-16
16
132
180
276
-16
164
340
-64
-40
132
72
-24
-260
-64
132
-24
-356
-324
0
356
-48
-180
132
356
104
-164
32
104
292
32
-132
104
460
308
-104
132
260
276
132
-48
196
340
180
132
396
716
588
396
748
924
716
260
104
324
396
-64
-396
0
72
8
-372
40
276
276
132
-372
48
80
-492
-716
-524
-308
-396
-652
-524
-340
-292
-372
-428
-228
-324
-324
-340
-324
-308
-308
-460
-556
-428
-340
-292
-428
-276
-372
-308
-96
-460
-620
-356
88
16
-228
-64
260
556
276
-104
112
524
80
-308
-428
0
48
-276
-396
-292
428
292
-64
-80
340
524
372
292
40
260
212
-164
-292
-112
88
-72
-72
-164
40
276
212
-96
-88
244
372
-64
-120
24
64
-48
-492
-428
-8
148
-196
-356
24
260
16
-212
-244
324
588
180
-196
180
588
396
-112
-32
396
492
132
-292
-72
112
196
-228
148
492
652
620
556
780
924
1116
556
556
684
260
24
-292
-276
-428
-164
-80
-276
276
112
428
308
148
308
180
148
-148
-212
-120
-148
-460
-556
-372
8
-396
-716
-428
-396
-340
-460
-684
-396
-164
-80
-396
-308
88
-80
24
-80
-292
-356
-292
-620
-780
-324
-244
-308
-460
-460
-260
104
32
-276
-56
356
308
88
-132
-80
164
292
260
-132
164
460
356
96
308
428
556
428
-56
196
428
228
-292
-276
80
292
292
-48
48
428
372
228
-24
80
196
148
64
-96
56
32
-308
-524
-260
228
104
-324
-524
-228
48
-292
-588
-460
-164
-88
-180
-372
-96
324
228
-132
-148
372
104
-164
-340
-292
120
80
-212
-260
148
276
164
96
428
492
620
492
428
396
-24
48
-72
324
120
-64
96
88
48
-32
196
-40
8
80
212
56
0
-96
-32
196
196
212
32
228
-24
-276
-428
-396
-120
-340
-492
-356
24
120
-308
-148
40
396
396
-132
-180
64
228
-396
-812
-292
-132
-24
0
-196
180
164
8
-88
-180
228
-8
-148
148
112
356
164
112
228
292
428
132
196
0
-148
-324
-16
16
-244
228
8
180
120
132
-8
-260
120
-56
-40
-80
-104
-132
-112
-64
-308
-244
48
-56
196
-148
-308
120
-104
-340
-524
-80
148
-244
-588
-324
40
-32
-260
-556
-88
356
72
-56
-16
132
120
-212
-356
-396
-196
-132
-40
-32
-8
340
460
64
132
524
460
524
428
196
-8
-16
132
-324
-132
40
0
244
80
104
276
428
356
196
340
308
428
228
-40
180
-64
-80
32
48
32
-244
72
64
-148
-16
-104
24
40
-104
56
24
308
112
72
-8
16
132
-104
-8
-460
-16
-148
-196
-64
-292
72
-112
0
-48
-8
228
212
24
32
260
56
132
-180
-308
0
-132
72
-48
-180
104
212
40
80
-120
120
132
-196
-148
-292
-48
-212
-428
-492
-292
-8
-164
-460
-492
196
492
-96
-340
64
244
324
-180
-460
0
308
-276
-524
-244
24
-212
-620
-428
-64
292
-292
-372
64
244
244
24
228
340
460
276
-132
228
356
112
16
-112
32
-112
-72
212
72
196
356
212
132
120
308
148
-132
72
212
340
244
212
-148
-40
308
212
-48
-88
16
56
0
-324
-292
-244
-80
24
-148
132
228
8
-132
-356
-88
-244
-340
-324
-460
-260
-112
-148
-228
-196
-40
180
196
-112
-340
-244
-96
-148
-492
-428
-132
-244
-212
340
372
620
308
40
132
260
244
-212
-164
-196
72
72
132
0
180
492
260
428
460
524
356
244
492
340
340
228
-88
0
-196
132
8
-212
96
0
276
428
372
132
56
460
620
292
56
-72
72
56
-396
-212
-112
16
-180
-428
-164
-112
16
-396
-460
-276
164
428
-16
196
164
276
112
-24
-16
-260
32
-244
-276
-180
-356
-260
-428
-148
-56
-112
228
132
0
180
180
72
-48
-16
212
112
-72
-88
-32
-32
-292
-356
-112
-212
-460
-292
-260
-120
48
-228
-96
356
428
0
-324
-88
-120
-396
-492
-652
-492
-260
-524
-620
-428
-132
-244
-460
-180
96
32
-148
-460
-428
-120
-372
-524
-356
-132
-24
-196
-244
-40
24
-180
-164
-16
276
32
-132
148
324
340
80
132
588
652
372
244
372
524
196
88
276
588
620
260
212
492
588
588
428
340
620
748
588
324
396
492
276
180
276
492
556
428
164
164
292
180
-24
-104
-16
32
212
120
-132
64
148
132
88
64
72
56
-88
-228
-164
-88
-148
-340
-292
-72
64
-16
-276
-356
-112
-112
-212
-212
-164
-88
-164
-104
-112
96
148
-96
-96
0
-88
-260
-620
-652
-260
-228
-340
-356
-228
-64
-48
-40
8
132
48
-292
-212
64
24
-324
-524
-428
-396
-340
-428
-492
-340
-324
-340
-260
-292
-276
-244
-212
-228
-212
-228
-340
-324
-212
-228
-196
-244
-308
-244
-180
-132
-88
-88
-64
-56
0
244
112
80
16
88
228
104
80
64
148
324
228
292
460
492
460
428
460
524
524
276
196
244
428
308
244
308
276
428
372
372
460
460
372
292
292
356
260
148
180
212
276
324
164
72
24
64
16
-88
-180
-228
-196
-96
-56
-32
88
228
260
228
260
72
-120
-212
-292
-228
-228
-292
-356
-340
-180
-24
120
0
-40
40
96
148
24
-104
-64
40
32
80
-16
-112
-112
-148
-180
-324
-356
-340
-292
-292
-260
16
120
48
80
196
260
180
-16
-260
-276
-228
-292
-428
-428
-292
-244
-180
-228
-212
-104
-132
-196
-260
-228
-180
-260
-196
-148
-16
80
0
-132
-132
48
40
-48
-64
-24
88
120
88
24
104
148
72
96
260
340
340
324
308
340
340
260
244
356
428
428
356
244
180
164
164
96
-16
-16
0
0
32
64
88
64
132
132
164
260
180
120
56
120
104
-96
-228
-292
-396
-428
-492
-492
-492
-460
-340
-292
-148
-24
-64
16
80
80
0
-164
-212
-212
-148
-260
-460
-492
-396
-356
-396
-324
-120
-24
-96
-180
-104
40
-8
-88
0
112
148
32
-180
-356
-340
-340
-292
-228
-132
-80
-24
40
64
148
324
292
180
244
292
356
260
80
40
104
212
164
40
96
196
164
80
32
132
196
276
372
524
556
396
356
372
356
308
324
148
148
180
148
148
164
180
164
260
372
396
372
324
196
132
132
244
228
212
244
212
148
72
32
-16
0
-8
-64
-56
-64
-40
16
-24
-16
40
-16
-96
-88
-112
-180
-260
-212
-228
-196
-132
-120
-96
-164
-196
-292
-340
-428
-492
-524
-524
-524
-524
-396
-340
-340
-276
-148
-132
-132
-148
-228
-340
-428
-492
-492
-396
-308
-340
-356
-244
-164
-148
-180
-244
-276
-180
-96
-96
-132
-96
-64
-72
-8
72
80
56
24
-40
-88
-48
-72
-120
-132
-80
104
228
196
180
276
396
356
324
308
340
396
260
180
104
112
120
96
196
292
396
396
396
428
460
524
460
396
356
340
276
228
212
228
228
212
212
244
260
244
148
196
228
148
148
164
228
212
180
148
112
112
56
24
72
0
-48
-164
-260
-180
-164
-164
-132
-16
56
72
16
-80
-88
-120
-212
-292
-324
-292
-260
-260
-244
-196
-120
-180
-164
-104
-96
-80
-164
-212
-308
-260
-260
-228
-132
-104
-96
-80
-132
-180
-212
-228
-196
-180
-180
-120
-112
-196
-148
-80
-40
-48
-64
-148
-180
-180
-164
-164
-148
-88
-80
-80
-56
-48
-24
-96
-196
-164
-180
-148
-88
-48
-48
0
-32
-48
32
40
80
104
104
148
196
180
80
40
16
16
32
8
64
88
64
148
244
340
396
396
396
396
308
228
180
88
24
8
56
80
48
104
180
196
196
228
308
292
244
244
260
260
212
196
212
164
112
32
8
8
-8
-64
-72
-72
-40
-8
-40
32
48
8
-24
24
24
0
-40
-120
-132
-148
-148
-196
-244
-212
-212
-228
-212
-196
-164
-132
-112
-96
0
-56
-64
-16
-32
-64
-148
-244
-212
-196
-244
-180
-132
-120
-148
-132
-8
8
24
16
-24
-56
-120
-112
-112
-120
-104
-72
-40
32
104
64
132
148
120
72
32
24
-32
-32
-8
56
112
148
120
132
148
132
72
16
-8
-48
-80
-72
-16
0
80
104
88
180
212
120
24
-32
-88
-88
-96
-120
-132
-120
-132
-72
-64
-96
-120
-180
-260
-228
-228
-244
-212
-244
-292
-244
-164
-148
-112
-104
-132
-88
-32
24
72
24
24
48
48
24
40
48
0
16
16
16
80
80
104
132
164
228
228
260
308
340
356
324
244
260
212
148
180
148
164
132
72
132
164
212
244
260
292
276
228
212
244
228
196
180
148
132
164
120
120
112
132
120
132
120
96
96
96
120
104
80
72
8
-16
-40
-8
8
8
-16
-88
-80
-104
-132
-196
-180
-148
-132
-132
-72
-8
0
-40
-56
-88
-196
-276
-356
-428
-428
-428
-396
-356
-260
-180
-180
-148
-88
-56
-72
-164
-228
-292
-372
-356
-396
-372
-356
-324
-292
-244
-180
-180
-148
-180
-196
-212
-196
-244
-260
-292
-292
-260
-228
-148
-40
-16
-16
-32
-24
24
8
-48
-80
-132
-112
-48
-32
48
72
80
104
88
164
196
148
80
8
72
64
48
96
180
260
212
180
196
244
244
260
196
164
196
196
196
228
292
244
196
228
260
308
340
324
356
396
356
372
428
428
396
372
276
228
212
212
228
228
292
324
308
356
396
356
324
244
212
164
120
32
-8
-8
-64
-56
0
0
-8
8
0
8
-24
-120
-112
-164
-196
-228
-292
-324
-292
-308
-244
-196
-228
-228
-260
-212
-228
-260
-244
-244
-276
-244
-260
-276
-260
-212
-260
-276
-292
-324
-292
-340
-308
-276
-244
-244
-212
-164
-148
-88
-96
-48
0
-8
-32
-64
-72
-96
-148
-120
-104
-72
-64
-132
-96
-64
-48
-40
-32
-8
8
80
96
132
104
72
0
-40
0
-16
0
-24
-56
-40
-48
-24
-8
-40
-64
-48
16
24
32
48
40
8
32
16
24
-8
-32
-24
-64
-56
-16
0
0
24
80
132
148
132
120
132
96
80
96
64
72
96
132
164
164
164
164
104
104
120
120
132
72
32
48
48
80
56
24
40
56
104
48
32
56
56
32
0
8
48
64
48
96
180
196
180
148
148
164
132
112
104
112
88
112
148
196
212
196
212
180
112
88
72
24
24
88
88
104
180
212
260
260
244
212
180
180
120
88
64
72
48
-24
8
16
24
24
40
88
96
88
96
80
80
48
0
8
16
-24
-48
-80
-164
-228
-276
-356
-356
-324
-356
-308
-260
-260
-276
-244
-244
-276
-276
-260
-308
-396
-372
-396
-372
-396
-396
-428
-460
-460
-492
-460
-460
-428
-396
-356
-308
-276
-228
-180
-180
-180
-244
-276
-324
-356
-396
-428
-396
-396
-340
-276
-212
-112
-8
0
8
40
56
32
0
-24
-80
-80
-8
0
-8
32
72
80
132
164
212
228
244
308
372
460
492
556
556
524
460
396
308
308
308
276
308
324
396
460
556
620
620
684
652
588
524
492
460
396
340
324
324
276
244
244
244
292
276
276
292
276
228
180
180
180
148
132
104
88
64
8
-48
-72
-56
-24
-16
-32
-24
-24
-40
-24
-56
-40
-88
-148
-196
-244
-260
-276
-308
-340
-308
-276
-260
-228
-212
-196
-164
-164
-196
-244
-244
-244
-276
-292
-276
-260
-276
-276
-292
-324
-292
-292
-276
-244
-260
-212
-180
-148
-88
-72
-148
-228
-292
-356
-356
-340
-292
-244
-196
-120
-56
16
64
56
32
0
-24
-88
-180
-228
-276
-260
-212
-164
-64
-16
-24
-48
-40
-16
0
-24
-24
-56
-40
-8
8
88
132
132
164
148
64
24
8
-32
-88
-148
-164
-80
16
120
228
308
340
292
260
228
132
112
48
0
8
0
24
88
148
244
324
340
340
340
340
340
308
292
260
260
212
196
212
164
148
148
132
148
180
196
228
260
244
244
244
228
180
132
88
-16
-88
-164
-244
-212
-196
-180
-80
-64
-72
-48
-40
0
0
-8
-40
-96
-180
-212
-196
-244
-196
-212
-196
-180
-180
-196
-212
-180
-132
-96
-64
-16
0
24
24
48
24
16
0
-24
-24
-72
-40
-8
0
40
112
132
112
132
148
148
148
132
132
88
88
56
56
96
96
88
64
56
56
40
24
-8
-40
-56
-48
-64
-40
-56
-104
-148
-196
-196
-244
-292
-292
-292
-260
-228
-212
-148
-104
-48
-40
-40
-64
-120
-180
-212
-260
-324
-356
-340
-292
-308
-292
-196
-148
-40
56
104
164
164
132
104
64
16
-8
-48
-112
-96
-64
-64
-8
16
88
164
244
292
340
324
308
308
292
324
356
324
276
196
120
64
64
40
0
-16
16
8
32
56
72
132
148
148
180
164
148
148
40
-24
-32
-104
-148
-148
-164
-148
-132
-120
-56
0
24
40
56
96
88
72
0
-56
-72
-148
-164
-132
-132
-112
-40
8
40
80
88
104
96
72
96
32
0
-8
8
-8
-32
-8
-8
8
48
120
180
164
180
196
132
120
132
164
112
32
8
-32
-72
-96
-88
-64
-104
-96
-80
-48
-16
24
8
16
-32
-72
-80
-120
-164
-180
-164
-244
-260
-228
-196
-148
-104
-72
-48
-32
-24
0
-16
-40
-24
-16
-16
-48
-88
-132
-148
-104
-56
-24
0
16
0
8
8
16
88
112
104
132
112
72
80
32
0
-24
