SAMPLES:	8552
BITSPERSAMPLE:	16
CHANNELS:	1
SAMPLERATE:	16000
NORMALIZED:	FALSE
-24
-32
-32
-24
-24
-16
-16
-24
-24
-24
-24
-16
-8
-16
-24
-24
-16
-16
-16
-8
-16
-24
-16
-16
-16
-8
0
0
0
0
0
0
0
0
0
0
0
0
0
0
0
8
0
0
8
8
0
8
8
8
8
8
8
8
8
8
8
8
8
8
8
8
8
8
8
8
8
16
16
16
16
16
16
8
0
0
8
8
8
8
8
8
0
0
0
0
0
0
0
0
0
-8
-16
-8
-16
-16
-16
-16
-16
-16
-16
-16
-24
-24
-24
-24
-24
-24
-24
-24
-24
-24
-24
-32
-32
-32
-32
-32
-32
-24
-24
-24
-24
-16
-16
-16
-16
-16
-16
-16
-8
-16
-8
-8
-8
0
0
-8
0
0
0
0
8
8
8
16
16
16
24
24
24
32
32
32
32
32
32
32
40
40
40
48
48
56
56
56
48
48
56
56
56
56
48
40
40
32
40
40
40
32
32
24
24
32
24
32
24
16
16
8
8
8
8
8
0
0
0
0
0
0
0
-8
-8
-8
-8
-16
-16
-16
-24
-32
-32
-32
-32
-40
-40
-40
-40
-56
-56
-56
-56
-56
-48
-48
-48
-56
-56
-56
-64
-56
-48
-48
-48
-56
-64
-72
-72
-64
-64
-56
-48
-48
-40
-40
-40
-32
-40
-40
-32
-32
-32
-24
-16
-16
-8
-8
0
0
0
0
0
8
8
8
8
24
24
24
40
40
40
56
40
40
48
40
40
56
72
56
56
72
40
32
40
40
56
64
64
48
64
64
40
48
56
40
32
40
40
48
56
64
64
56
40
32
32
32
40
40
32
40
32
16
16
16
8
0
8
8
16
8
8
0
0
0
0
0
0
0
-16
-24
-24
-24
-24
-32
-40
-40
-40
-24
-24
-32
-40
-48
-48
-48
-48
-48
-48
-48
-64
-56
-56
-48
-56
-56
-56
-56
-56
-56
-48
-48
-48
-48
-56
-56
-56
-48
-56
-56
-48
-48
-48
-32
-24
-24
-24
-32
-24
-24
-24
-24
-8
0
0
0
0
0
0
0
0
-8
0
8
8
8
8
8
16
16
16
24
24
32
32
32
24
32
24
24
32
24
24
32
48
48
48
48
48
40
32
24
32
40
40
40
48
56
40
32
32
32
32
40
40
40
40
32
32
32
32
32
24
24
16
8
16
16
16
16
16
8
0
8
8
8
8
0
0
0
0
0
0
0
0
0
-8
-8
-8
-8
-16
-16
-16
-16
-16
-16
-8
-8
-8
-16
-8
-8
-8
-8
-16
-8
-8
-8
-8
-8
0
-8
-8
-8
0
-8
0
-8
0
0
0
0
0
8
8
0
0
0
0
0
0
8
0
0
0
0
0
-8
-8
-8
0
-8
-16
-8
-8
-16
-16
-8
-8
-16
-8
-16
-24
-32
-40
-32
-32
-40
-40
-32
-40
-40
-40
-40
-32
-40
-40
-32
-32
-32
-32
-40
-48
-48
-56
-56
-56
-48
-48
-48
-48
-40
-40
-32
-32
-32
-40
-40
-32
-24
-24
-24
-16
-16
-24
-24
-8
-8
0
0
0
8
16
24
16
16
16
8
8
16
32
32
32
32
40
40
48
64
64
64
64
56
56
64
72
72
72
72
80
80
72
80
88
88
88
80
72
72
80
72
80
88
88
88
88
72
64
72
64
64
64
64
64
64
64
48
48
40
40
48
40
40
32
24
16
8
0
0
0
0
0
-8
-8
-16
-16
-24
-32
-40
-40
-48
-48
-56
-56
-56
-64
-64
-72
-64
-80
-80
-72
-80
-80
-80
-88
-88
-96
-104
-96
-96
-96
-104
-96
-88
-88
-80
-72
-80
-88
-80
-80
-72
-72
-72
-72
-72
-72
-64
-56
-48
-48
-48
-40
-40
-40
-40
-24
-24
-16
-16
0
0
0
0
0
0
0
8
16
24
24
24
32
32
40
48
40
40
32
40
48
48
64
64
56
48
48
48
40
48
56
48
56
56
56
56
56
48
40
40
48
40
40
32
24
24
32
24
32
40
24
16
16
16
16
16
8
8
16
0
0
0
0
0
0
0
0
0
0
0
0
8
0
0
0
0
-8
0
0
0
0
0
-8
0
0
0
0
0
16
16
8
16
16
16
0
0
0
0
0
0
0
0
0
0
8
0
0
8
0
0
0
0
0
0
0
0
0
0
0
0
-8
-16
-16
-8
-8
-8
0
0
0
0
0
0
0
-16
-16
0
0
0
-8
-8
-8
-8
-8
0
8
0
0
0
0
0
0
0
0
0
-8
-8
-8
-16
-16
-8
-16
-8
-16
-16
-24
-24
-24
-32
-24
-16
-24
-24
-16
-24
-32
-24
-24
-24
-24
-24
-32
-40
-40
-48
-40
-40
-48
-48
-48
-48
-40
-40
-32
-24
-32
-32
-32
-32
-24
-32
-32
-24
-24
-24
-16
-16
-8
0
0
0
0
0
0
0
0
8
16
16
24
24
40
40
40
48
40
32
32
40
48
48
56
64
64
64
64
56
56
64
56
64
72
72
80
72
72
72
72
72
80
72
72
56
56
56
48
56
56
56
48
48
48
48
40
40
24
32
16
16
16
8
8
8
8
0
0
0
-8
-16
-16
-24
-24
-16
-24
-16
-24
-32
-40
-40
-40
-48
-56
-48
-48
-56
-56
-48
-56
-48
-56
-56
-56
-48
-56
-56
-56
-64
-64
-64
-64
-56
-48
-48
-40
-48
-48
-48
-48
-56
-56
-64
-64
-56
-56
-48
-48
-40
-40
-40
-40
-40
-32
-32
-32
-32
-24
-24
-24
-24
-16
-16
-8
-8
-8
-8
-16
-8
0
0
8
8
8
0
8
8
16
24
32
48
48
56
64
56
56
56
48
40
40
40
48
56
56
64
64
64
64
64
56
56
48
48
48
40
40
48
56
56
56
48
40
32
32
32
24
32
32
32
24
24
16
8
0
0
-8
-8
-8
-8
0
0
0
0
0
0
-8
-16
-16
-24
-24
-32
-32
-24
-32
-32
-32
-24
-32
-32
-24
-32
-24
-24
-24
-32
-40
-40
-40
-40
-32
-32
-24
-24
-24
-24
-24
-16
-16
-16
-8
-8
-8
-8
-16
-16
-16
-16
-8
0
0
0
0
-8
0
0
0
0
0
0
0
0
0
0
0
0
0
0
8
8
8
8
16
16
16
16
24
24
16
16
16
16
16
16
16
24
24
16
24
24
40
40
40
40
40
32
24
24
16
16
8
8
8
8
8
0
0
0
0
0
0
0
-8
-8
-16
-24
-24
-24
-24
-16
-16
-16
-16
-24
-24
-24
-16
-32
-40
-48
-40
-40
-40
-32
-16
-16
-24
-24
-16
-16
-24
-24
-16
-16
-16
-16
-8
-8
0
0
0
0
0
0
-8
-8
0
0
16
16
24
32
24
24
24
24
24
32
24
32
32
24
24
40
48
48
56
56
40
40
24
16
16
16
16
24
24
24
24
16
16
16
8
8
8
8
8
0
0
0
0
-8
-16
-16
-16
-16
-16
-16
-24
-24
-32
-32
-24
-24
-16
-16
-16
-24
-24
-32
-24
-32
-40
-32
-32
-32
-32
-32
-24
-24
-40
-40
-48
-48
-56
-56
-56
-56
-48
-40
-24
-8
-8
-8
0
-8
-8
-16
-8
0
-8
-16
-16
0
0
8
0
16
16
8
0
16
24
24
32
24
40
40
40
48
64
56
48
56
64
72
80
72
72
56
64
56
48
48
48
40
32
24
24
24
24
16
16
8
16
8
8
16
24
24
16
8
0
0
-8
-16
-32
-32
-32
-32
-32
-8
0
0
-8
-8
0
-16
-24
-32
-40
-48
-56
-64
-56
-40
-24
-24
-16
-8
0
-8
-8
-24
-24
-32
-32
-24
-16
0
0
0
-8
-16
-24
-40
-32
-24
-16
-8
8
16
24
16
8
0
0
0
-24
-16
-16
-40
-40
-32
-32
-32
-24
-24
-24
-32
-40
-40
-40
-40
-32
-24
-24
-16
-8
-8
-16
-24
-48
-64
-64
-64
-48
-40
-32
0
16
24
24
24
16
8
-16
-24
-16
-24
-8
8
24
40
48
40
40
32
24
0
-8
-8
0
16
40
72
96
112
132
132
112
120
120
112
96
72
72
80
80
112
120
132
120
88
64
80
96
104
132
148
148
164
164
132
104
96
72
40
40
40
48
48
56
56
48
16
0
-16
-24
-40
-64
-96
-132
-148
-164
-180
-180
-164
-164
-164
-164
-164
-164
-180
-196
-212
-228
-244
-276
-292
-292
-308
-324
-308
-292
-244
-228
-196
-148
-148
-132
-132
-132
-132
-132
-120
-104
-88
-56
-40
-24
0
8
0
-8
-16
-24
-32
-24
0
24
64
104
120
148
164
148
132
96
72
72
64
148
212
276
340
396
372
292
244
180
180
196
244
308
340
396
460
492
524
588
620
684
780
876
1052
1372
1628
1564
1436
1244
988
524
24
-308
-460
-620
-876
-1116
-1180
-1116
-1116
-1180
-1244
-1244
-1372
-1436
-1436
-1180
-988
-812
-684
-556
-460
-460
-524
-652
-748
-876
-1052
-1244
-1244
-1180
-1052
-924
-812
-748
-716
-716
-684
-652
-652
-652
-588
-396
-96
244
524
780
988
1052
988
812
588
340
148
32
-24
24
120
212
340
428
460
428
396
428
460
492
492
492
556
652
780
924
1052
1116
1116
1052
924
748
556
428
212
-16
-228
-340
-372
-260
244
1180
2364
3388
4348
5116
5628
5372
4604
3260
2108
1180
164
-748
-1180
-1052
-876
-1180
-1820
-2492
-3260
-4092
-4604
-4860
-4604
-4348
-3772
-2748
-1564
-524
196
460
428
48
-652
-1500
-2108
-2236
-2236
-1820
-1180
-556
-104
-56
-324
-924
-1980
-3260
-4348
-4860
-4604
-3772
-2364
-924
652
1884
2620
2748
2492
2108
1500
924
340
-56
-308
-180
80
396
588
460
8
-588
-1180
-1564
-1692
-1692
-1308
-748
-96
524
1052
1500
1756
1692
1372
1052
780
588
588
684
780
844
844
844
748
460
72
-356
-684
-876
-924
-652
-148
324
684
988
1244
1564
1884
2620
3900
5372
6652
7420
7932
7932
7164
5628
3516
1756
396
-684
-1564
-2108
-1980
-1500
-1564
-2236
-3004
-3516
-3772
-4092
-3900
-3260
-2236
-1244
-244
748
1628
1980
1500
652
-340
-1564
-2876
-3772
-4092
-3900
-3516
-3132
-2748
-2236
-1980
-2108
-2620
-3388
-4092
-4348
-4348
-3644
-2364
-684
924
2364
3516
4092
3644
2620
1436
372
-748
-1756
-2236
-2108
-1756
-1564
-1564
-1372
-1436
-1884
-2364
-2620
-2748
-2620
-2236
-1308
0
1116
1884
2236
2492
2236
1628
780
80
-244
-460
-492
-244
180
524
620
324
-72
-556
-1116
-1628
-1756
-1436
-924
-340
340
1180
2108
2620
2748
2876
2748
2748
2620
2876
3772
4860
6140
7420
8316
8828
7932
6140
3644
1244
-588
-1820
-2364
-2108
-1052
72
524
64
-812
-1628
-2364
-3004
-3644
-3516
-2876
-1756
-524
620
1628
1820
1116
-132
-1564
-3004
-4348
-5372
-5372
-4860
-3900
-2876
-1820
-1052
-780
-1116
-1692
-2364
-3132
-3772
-3900
-3132
-1884
-620
556
1820
2748
3132
3004
2492
1692
524
-684
-1564
-2108
-2492
-2620
-2492
-1980
-1884
-2364
-2620
-2492
-2108
-1756
-1180
-340
428
1180
1756
2236
2620
2492
1980
1372
924
588
308
196
396
684
812
716
460
180
-132
-524
-780
-876
-924
-988
-716
-164
556
1052
1500
2108
2876
3260
3132
3132
3132
2748
2236
1820
1980
2620
3004
3516
4604
5884
6908
6652
5116
3004
924
-1116
-2492
-2748
-1884
-356
684
716
-212
-1628
-2748
-3644
-4348
-4860
-4860
-4348
-3388
-1980
-652
180
372
-88
-1052
-2236
-3388
-4092
-4348
-4348
-3516
-2492
-1436
-684
-340
-260
-492
-924
-1500
-2236
-2748
-2620
-2108
-1372
-684
-40
924
1756
2108
2236
2236
1756
988
212
-228
-716
-1500
-2108
-2108
-1628
-1308
-1436
-1564
-1244
-812
-356
396
1244
1820
1980
1884
1884
1980
1756
1372
1116
988
988
812
492
292
260
104
-164
-428
-652
-748
-748
-524
-276
-164
-120
-72
228
716
1180
1628
2236
2748
2876
2748
2620
2364
1756
1308
1052
1244
1756
2364
3516
4860
6652
7932
7676
5884
3004
196
-1756
-2492
-2236
-988
652
1884
1756
276
-1756
-3388
-4604
-5372
-5628
-5372
-4092
-2620
-1052
396
1244
1180
32
-1500
-2876
-3772
-4348
-4348
-3644
-2620
-1564
-780
-372
-372
-812
-1820
-2748
-3132
-3388
-3388
-3132
-2364
-1436
-812
-620
-460
64
620
812
924
1372
1628
1244
308
-396
-988
-1980
-2876
-2876
-1980
-1244
-1052
-1052
-588
72
292
324
556
812
652
340
460
1052
1436
1244
1052
988
988
524
-80
-324
-164
-40
-120
-148
-104
-16
-196
-396
-372
-460
-652
-556
48
1180
2236
2620
2876
3132
3004
2620
2236
1884
1820
1308
844
812
1500
2620
3772
5372
6908
7932
7932
6396
3772
988
-620
-1180
-652
396
1980
3132
3132
1564
-924
-3132
-4604
-5372
-5628
-4860
-3644
-1820
-308
780
1308
988
-132
-1756
-3004
-3644
-3900
-3644
-2748
-1628
-684
-396
-556
-1052
-1692
-2492
-3132
-3260
-3260
-3260
-3260
-3132
-2492
-2108
-2108
-2108
-1692
-844
148
1052
1980
2620
2364
1180
-244
-1436
-2364
-3132
-3132
-2236
-988
-88
104
-32
-212
-652
-1244
-1500
-1180
-684
-244
428
1372
2364
2620
2236
1692
1244
812
276
-48
-16
308
492
524
492
212
-428
-1308
-1820
-1756
-1564
-1180
-716
148
1308
1980
2364
2364
2492
2364
2108
2236
2492
2620
2236
1820
1820
2364
3004
3772
4860
5884
6652
6908
5628
3644
1372
-324
-924
-428
428
1564
2236
2108
924
-1244
-3516
-4860
-5372
-5372
-4604
-3516
-2108
-684
212
524
180
-780
-1980
-3004
-3516
-3388
-3004
-2364
-1436
-652
-324
-652
-1372
-2236
-3004
-3260
-2876
-2236
-2108
-2492
-3004
-3004
-2492
-2108
-1628
-812
112
924
1436
1820
2236
1820
684
-556
-1244
-1628
-1980
-1884
-1180
-180
428
372
-104
-492
-924
-1372
-1372
-748
148
812
1308
1980
2876
3004
2620
1820
1244
748
292
228
460
684
556
164
-228
-652
-1308
-1980
-2236
-1884
-1180
-460
244
716
1116
1372
1692
2108
2492
2748
3004
3260
3388
3388
3004
2236
1628
1116
1308
1980
2876
3644
4348
5372
5884
5116
3260
924
-492
-684
-72
988
2236
2876
2492
780
-1692
-3772
-4604
-4860
-4604
-4092
-2876
-1756
-988
-620
-780
-1628
-2748
-3772
-3900
-3388
-2748
-2236
-1692
-1116
-524
-180
-276
-924
-1884
-2748
-2876
-2236
-1564
-1564
-2236
-3004
-3516
-3772
-3388
-2748
-1756
-748
96
988
1820
2236
1692
812
48
-308
-356
-260
148
620
924
812
324
-276
-844
-1372
-1564
-1052
-228
620
1180
1564
1820
1980
1756
1372
988
812
684
812
1180
1436
1500
1244
652
8
-716
-1436
-1980
-1884
-1436
-716
88
652
988
876
620
748
1116
1756
2492
3132
3644
3772
3388
2620
1884
1308
1116
1628
2492
3644
4348
4860
5628
5628
4860
2748
748
-244
-292
260
1244
2108
2492
1564
-524
-3004
-4604
-4860
-4604
-4092
-3260
-2364
-1628
-1116
-876
-1180
-2108
-3388
-4092
-3900
-3004
-2236
-1820
-1820
-1820
-1692
-1628
-1628
-1884
-2364
-2748
-2364
-1500
-924
-1244
-2236
-3260
-3900
-4092
-3516
-2492
-1308
-396
372
1116
1756
1820
1244
556
0
-292
-324
-8
556
988
924
524
8
-588
-1180
-1436
-1180
-324
652
1628
2236
2364
2236
1884
1692
1692
1756
1692
1500
1372
1244
1052
684
104
-428
-844
-1116
-988
-684
-372
-72
212
652
988
1116
1116
988
1244
1628
2236
2876
3132
3260
3004
2492
1980
1308
748
324
588
1692
2876
4092
4348
4348
4860
4860
4348
2748
1180
492
748
1628
2364
2876
2620
1372
-844
-3260
-4604
-4860
-4604
-4092
-4092
-3772
-3516
-3260
-2876
-2876
-3260
-3900
-4092
-3644
-2620
-1628
-1308
-1436
-1500
-1244
-780
-524
-556
-844
-1308
-1436
-1564
-1884
-2492
-3388
-4092
-4348
-3772
-2620
-1692
-924
-428
96
588
988
988
780
524
292
244
620
1244
1628
1628
1372
988
460
-132
-652
-812
-524
8
652
1180
1436
1244
988
924
1052
1244
1244
1116
1052
1052
924
652
260
-112
-396
-492
-356
-72
-32
-196
-340
-292
-80
-24
196
396
428
780
1308
1980
2236
2108
1980
1884
1756
1628
1436
1692
2236
2876
3644
4092
4604
4860
5116
5116
4604
3260
1980
1436
1564
1820
2108
2236
1820
428
-1820
-3644
-4348
-3900
-3388
-3260
-3388
-3516
-3644
-3260
-2876
-2492
-2492
-3132
-3388
-3004
-2236
-1756
-1820
-1884
-1756
-1372
-924
-716
-780
-1180
-1564
-1564
-1372
-1500
-2236
-3388
-4092
-3772
-3004
-1884
-988
-556
-460
-212
228
652
924
876
748
652
684
844
924
876
588
228
56
56
-48
-260
-324
-132
292
924
1436
1692
1564
1308
1308
1500
1756
1756
1564
1244
924
620
324
0
-492
-924
-1052
-812
-460
-244
-372
-556
-524
-180
260
396
372
620
1052
1628
2108
2364
2620
2364
1980
1500
1244
1180
1052
1244
1820
2748
3260
3260
3644
4092
4348
4092
3004
2492
1980
1820
1820
1980
2236
1692
428
-1244
-2620
-3388
-3516
-3260
-3260
-3644
-4348
-4604
-4348
-3772
-3516
-3388
-3516
-3644
-3516
-3132
-2748
-2492
-2236
-2108
-1500
-684
-112
-96
-372
-428
-324
-292
-460
-924
-1564
-2108
-2236
-1628
-812
-492
-716
-924
-716
-372
-48
244
428
372
196
212
524
924
924
780
844
988
1116
988
812
812
876
1116
1436
1820
1820
1500
1180
1244
1436
1500
1180
652
132
-260
-428
-524
-620
-812
-988
-1116
-924
-684
-684
-780
-620
-104
460
988
1244
1052
1052
1308
1628
1980
1884
1756
1692
1692
1756
1820
2108
2492
2876
3260
3516
3644
3644
3900
4348
4348
3644
2876
2492
2492
2364
2236
2108
1756
812
-748
-2236
-3004
-3004
-2876
-2748
-3132
-3772
-4348
-4604
-4348
-4348
-4092
-4348
-4604
-4348
-4092
-3516
-3132
-2876
-2492
-1980
-1372
-876
-780
-812
-844
-652
-260
-80
-196
-652
-1180
-1436
-1180
-652
-356
-492
-812
-876
-652
-396
-104
16
-148
-396
-396
-48
276
372
308
372
524
652
588
524
492
492
652
1052
1500
1628
1628
1500
1628
1820
1692
1372
988
524
96
-308
-652
-876
-1116
-1308
-1244
-1116
-988
-1052
-1308
-1308
-988
-524
-80
260
524
780
1116
1564
2364
2748
2876
2748
2620
2620
2492
2492
2492
3004
3388
3772
3772
3516
3644
4092
4348
4092
3132
2364
1884
1692
1628
1564
1628
1500
812
-292
-1244
-1564
-1564
-1628
-1884
-2364
-3132
-3900
-4092
-3900
-3644
-3644
-3900
-3900
-3900
-3900
-3900
-3772
-3644
-3260
-2620
-1884
-1244
-876
-716
-588
-308
16
276
212
-112
-324
-260
24
164
8
-324
-492
-492
-460
-492
-492
-716
-988
-924
-652
-340
-340
-588
-748
-620
-356
-148
0
88
396
748
1180
1500
1692
1564
1308
1500
1756
1756
1436
988
588
372
228
0
-460
-1052
-1500
-1692
-1564
-1436
-1436
-1564
-1564
-1308
-844
-492
-260
0
212
492
924
1372
1820
2108
2108
2236
2364
2620
2748
3004
3516
3900
4092
3772
3388
3644
4092
4348
4092
3260
2620
2108
1628
1244
1244
1308
988
96
-1052
-1820
-2108
-1980
-1820
-1980
-2364
-3132
-3772
-3900
-3644
-3388
-3388
-3516
-3516
-3644
-3644
-3644
-3516
-3132
-2620
-1980
-1244
-924
-1116
-1308
-1052
-588
-132
132
56
-260
-524
-556
-148
340
556
460
276
244
244
132
-72
-120
-292
-524
-620
-620
-524
-588
-588
-244
324
684
812
844
844
988
1052
1244
1436
1628
1564
1692
1884
2108
1980
1564
1244
924
556
32
-460
-876
-1180
-1308
-1244
-1052
-1052
-1180
-1372
-1244
-1052
-844
-716
-620
-308
56
428
924
1500
1820
1980
1980
1980
2108
2108
2364
2620
3132
3260
3260
3260
3388
4092
4348
4092
3388
2620
2108
1692
1180
780
812
876
492
-588
-1628
-2108
-1980
-1884
-1884
-2108
-2748
-3516
-3900
-3644
-3132
-2876
-3132
-3388
-3516
-3516
-3388
-3388
-3132
-2748
-2236
-1628
-1308
-1372
-1756
-1980
-1628
-988
-228
24
-80
-356
-396
-64
276
460
396
244
64
-180
-460
-620
-556
-428
-148
104
96
-228
-652
-716
-460
24
396
428
244
96
196
492
924
1244
1372
1244
1180
1308
1436
1436
1436
1500
1436
1180
684
132
-244
-396
-428
-372
-340
-524
-812
-924
-924
-748
-588
-324
-212
-148
-80
-16
228
588
1116
1500
1692
1692
1692
1820
2236
3004
3516
3772
3772
3772
4348
4860
5116
4348
3516
3260
3260
2876
2108
1756
1628
1052
-112
-1180
-1628
-1564
-1692
-1884
-2236
-2748
-3388
-3900
-3900
-3388
-3260
-3516
-3772
-3772
-3644
-3516
-3516
-3132
-2876
-2492
-2236
-1884
-1564
-1756
-1980
-1756
-988
-164
-72
-396
-556
-340
-164
16
244
428
372
48
-148
-164
-260
-524
-620
-372
-148
-396
-876
-1052
-844
-492
-292
-88
-72
-148
-180
148
684
1116
1244
1180
1308
1436
1500
1436
1372
1372
1372
1244
1052
748
292
-32
-72
72
24
-260
-620
-924
-844
-684
-652
-524
-556
-684
-716
-588
-308
-132
-40
196
652
780
812
780
1116
1820
2492
3004
3132
3132
3260
3900
4860
5372
4860
3900
3388
3388
3388
2876
2492
2364
1980
684
-748
-1308
-1180
-1244
-1692
-2236
-2620
-3260
-4092
-4092
-3644
-3132
-3388
-3900
-3900
-3644
-3516
-3516
-3260
-2620
-2236
-1980
-1980
-1820
-1820
-1884
-1628
-1116
-716
-876
-1308
-1500
-1180
-652
-428
-180
-104
-212
-396
-324
0
164
260
244
340
396
276
132
340
748
924
924
652
396
228
196
396
780
988
924
748
812
1116
1436
1628
1756
1820
1564
1308
1116
1116
1116
1052
988
876
748
460
64
-308
-556
-620
-748
-780
-780
-844
-748
-652
-524
-396
-324
-96
40
228
428
780
1308
1628
1884
2236
2876
3772
4092
4092
4092
3900
4092
3772
3516
3260
3004
2492
1692
844
164
-72
-260
-620
-1244
-1980
-2876
-3516
-3772
-3516
-3260
-3516
-3900
-3900
-3644
-3388
-3260
-3132
-3004
-2876
-2748
-2492
-2364
-2108
-1820
-1436
-812
-588
-988
-1628
-1980
-1884
-1500
-1180
-1116
-1116
-1052
-876
-492
-56
228
244
196
212
212
0
-308
-308
-8
308
428
292
56
-180
-104
292
652
844
748
652
748
1116
1564
1820
1820
1884
1884
1820
1756
1628
1628
1692
1692
1692
1564
1180
780
524
428
460
244
-112
-396
-428
-292
-112
32
112
148
64
132
340
556
748
780
1052
1564
2108
2492
2620
2620
2492
2492
2364
2620
2748
2748
2620
2364
1980
1500
1116
844
620
132
-492
-1052
-1500
-1756
-1980
-2236
-2492
-2748
-3004
-3132
-3260
-3132
-3132
-3004
-2876
-2620
-2492
-2492
-2364
-2236
-1980
-1692
-1308
-1052
-988
-924
-780
-588
-460
-556
-812
-988
-988
-812
-460
-212
-32
120
180
276
372
244
48
-96
-228
-324
-460
-652
-588
-372
-112
148
292
260
276
324
492
716
876
876
812
844
924
1116
1308
1500
1628
1500
1308
1180
1052
876
780
716
748
652
460
396
372
340
276
104
-16
104
212
228
164
180
372
620
812
988
1180
1116
876
588
684
1180
1564
1628
1564
1308
1052
812
780
988
1180
924
372
-80
-428
-652
-844
-988
-1116
-1436
-1980
-2236
-2236
-2236
-2364
-2492
-2492
-2364
-2364
-2364
-2236
-2108
-1820
-1436
-1180
-1052
-1052
-1180
-988
-588
-112
180
292
260
212
132
132
164
72
-24
-96
-212
-260
-132
120
460
780
876
844
652
396
228
228
372
460
428
292
196
292
492
588
684
620
588
652
780
1052
1308
1500
1564
1564
1564
1628
1628
1436
1372
1436
1500
1244
1116
924
780
684
588
684
812
684
556
492
492
588
652
812
924
1052
812
588
460
428
620
652
524
292
16
-308
-556
-556
-460
-460
-748
-1116
-1372
-1564
-1756
-1756
-1628
-1500
-1564
-1820
-1980
-2108
-2236
-2236
-2108
-1980
-2108
-2236
-2364
-2236
-1980
-1692
-1500
-1372
-1308
-1308
-1244
-1052
-780
-492
-260
-64
0
0
-56
-48
80
292
428
340
132
-48
-148
-120
8
88
48
-132
-292
-340
-228
-8
196
340
492
556
492
460
492
492
556
556
492
428
428
556
716
844
988
1052
1052
1116
1180
1244
1436
1564
1692
1820
1820
1756
1692
1628
1500
1436
1372
1308
1244
1244
1308
1436
1564
1692
1756
1820
1820
1564
1244
1116
1180
1308
1244
988
844
620
356
180
96
0
-396
-924
-1372
-1628
-1820
-1980
-2108
-1980
-1980
-2108
-2236
-2492
-2620
-2620
-2748
-2620
-2492
-2236
-1980
-1756
-1500
-1180
-844
-748
-748
-812
-844
-844
-684
-396
-132
72
112
72
56
48
40
8
-48
-48
-48
-32
-24
0
48
104
164
148
64
-88
-212
-228
-228
-196
-132
-132
-120
-148
-88
48
148
132
80
32
88
324
492
748
924
1052
1116
1180
1116
988
988
924
924
812
876
988
1116
1180
1244
1308
1372
1308
1052
924
844
924
1052
1116
1244
1308
1564
1756
1820
1692
1500
1308
1116
924
748
556
340
96
-48
-96
-180
-460
-812
-1308
-1692
-1980
-2108
-2236
-2364
-2364
-2620
-2748
-2620
-2620
-2492
-2364
-2364
-2236
-2236
-2108
-2108
-2108
-1884
-1628
-1436
-1180
-924
-652
-556
-396
-112
148
308
372
492
588
748
988
1244
1372
1308
1116
924
812
716
652
524
372
292
308
292
292
340
356
396
396
396
356
324
276
308
428
556
620
652
620
620
652
780
924
924
924
924
988
1052
1180
1244
1180
1052
876
716
588
492
396
396
340
396
492
524
428
276
340
524
684
652
556
492
524
588
652
812
988
988
924
876
748
588
356
96
-56
-180
-372
-652
-876
-1052
-1180
-1308
-1436
-1628
-1980
-2236
-2620
-2620
-2620
-2364
-2236
-2108
-2108
-2108
-2108
-2108
-1980
-1884
-1820
-1756
-1692
-1436
-1180
-988
-812
-556
-244
-40
72
164
276
372
588
844
1052
1052
924
812
780
812
844
748
556
396
260
196
164
164
112
32
-32
-64
48
132
132
120
196
356
492
588
652
780
924
988
1116
1116
1052
924
780
684
684
748
780
876
988
1116
1244
1308
1180
1052
924
812
812
876
844
716
556
524
588
716
716
652
620
620
684
716
780
844
844
812
812
844
844
684
460
308
196
-24
-340
-748
-1116
-1372
-1564
-1628
-1628
-1628
-1692
-1820
-1884
-1884
-1980
-1980
-2108
-2236
-2236
-2108
-1884
-1692
-1500
-1436
-1436
-1372
-1308
-1180
-1180
-1244
-1244
-1052
-812
-684
-588
-428
-196
16
292
460
524
492
460
556
684
780
716
620
492
460
428
396
324
196
104
32
24
64
212
340
492
684
876
988
988
988
988
1052
1180
1308
1372
1436
1500
1500
1564
1564
1436
1244
1052
876
812
748
748
812
924
988
1052
988
924
780
588
396
340
324
244
120
40
16
88
164
148
104
-56
-228
-276
-276
-292
-396
-460
-460
-396
-276
-212
-244
-396
-492
-620
-748
-924
-1116
-1308
-1500
-1564
-1628
-1564
-1564
-1500
-1500
-1500
-1564
-1692
-1756
-1820
-1820
-1692
-1436
-1180
-988
-876
-844
-812
-780
-716
-716
-684
-652
-620
-492
-276
-96
48
212
324
428
556
684
748
812
844
924
988
924
876
748
620
492
340
212
120
96
148
324
588
812
924
988
1052
1052
1052
988
876
812
876
988
1052
1180
1180
1116
1052
1052
924
844
684
492
292
132
112
164
276
396
492
460
396
340
260
148
16
-56
-40
-16
-64
-112
-148
-180
-148
-80
8
16
-8
-16
-32
-16
8
40
56
64
56
-24
-112
-180
-260
-396
-492
-588
-716
-844
-924
-1052
-1052
-1116
-1180
-1180
-1180
-1180
-1180
-1244
-1372
-1308
-1244
-1244
-1180
-1116
-1052
-988
-924
-924
-924
-988
-988
-924
-844
-748
-620
-524
-308
-112
80
276
428
556
684
748
780
780
876
924
924
924
844
780
716
684
652
620
588
588
620
684
780
924
1116
1180
1244
1244
1180
1180
1180
1116
1116
1116
1180
1308
1308
1180
1052
924
684
556
460
324
164
48
-16
-72
-72
-72
-132
-196
-244
-228
-228
-260
-308
-396
-460
-524
-620
-748
-876
-876
-844
-780
-684
-588
-556
-492
-460
-524
-556
-588
-620
-556
-492
-492
-492
-492
-492
-524
-492
-460
-428
-460
-556
-588
-524
-460
-428
-460
-524
-620
-716
-748
-748
-748
-780
-780
-748
-716
-620
-620
-652
-652
-620
-588
-556
-428
-340
-292
-212
-112
32
132
196
212
292
396
460
524
524
588
652
652
620
620
620
556
524
556
652
716
716
716
812
924
1052
1116
1180
1244
1244
1180
1180
1180
1180
1116
1052
1116
1180
1180
1180
1180
1116
1052
924
780
684
556
428
308
244
228
180
96
0
-120
-164
-196
-180
-148
-196
-276
-356
-428
-524
-620
-716
-812
-844
-812
-748
-748
-748
-748
-716
-780
-844
-924
-924
-924
-924
-844
-748
-652
-588
-556
-524
-492
-492
-492
-556
-588
-588
-652
-684
-748
-780
-780
-780
-716
-620
-524
-460
-428
-428
-428
-492
-620
-716
-716
-684
-684
-588
-460
-372
-396
-396
-396
-372
-324
-292
-228
-132
-16
88
228
396
460
524
556
460
396
372
308
340
492
652
780
876
924
924
924
988
1052
1180
1180
1180
1244
1308
1308
1308
1308
1308
1244
1244
1244
1116
1052
988
812
684
620
492
372
292
212
180
212
196
180
196
164
180
180
148
80
0
-88
-180
-228
-324
-428
-524
-620
-716
-780
-924
-988
-1116
-1116
-1116
-1052
-1116
-1180
-1116
-1052
-924
-748
-556
-356
-260
-180
-132
-148
-260
-356
-396
-396
-396
-372
-396
-396
-372
-356
-324
-228
-164
-164
-212
-212
-212
-212
-228
-260
-244
-244
-196
-120
-16
32
48
56
-8
-96
-180
-228
-196
-120
-48
40
196
260
324
396
356
276
260
276
292
292
308
372
396
428
492
524
492
460
428
460
460
524
588
652
652
588
556
556
556
556
556
556
556
556
556
460
340
180
0
-164
-196
-180
-196
-180
-244
-244
-164
-148
-196
-244
-260
-260
-260
-212
-148
-132
-196
-292
-396
-492
-588
-716
-812
-812
-780
-652
-556
-460
-396
-396
-396
-340
-260
-164
-24
56
180
276
324
396
340
244
164
132
148
132
132
148
132
104
104
148
164
148
104
80
104
112
148
148
112
104
120
96
80
80
-56
-260
-428
-556
-652
-620
-556
-428
-244
-80
40
96
120
180
196
148
88
56
0
8
132
260
396
428
460
396
276
228
180
132
148
228
340
460
556
652
620
620
684
748
716
620
524
356
228
164
132
40
-80
-196
-212
-228
-244
-276
-324
-372
-396
-340
-292
-228
-212
-228
-244
-180
-148
-228
-324
-460
-588
-748
-780
-812
-876
-924
-924
-924
-780
-684
-684
-684
-652
-620
-524
-372
-228
-88
32
132
228
260
244
180
164
180
228
308
324
356
372
372
396
396
396
340
292
260
228
260
228
212
228
228
212
164
80
-48
-148
-212
-180
-88
-96
-132
-164
-132
-80
88
228
276
276
228
228
228
244
228
212
196
212
260
292
260
212
180
228
260
308
324
276
276
324
428
524
588
524
428
396
428
460
428
292
148
112
88
88
88
-16
-164
-260
-308
-308
-356
-372
-428
-428
-396
-292
-164
-132
-180
-196
-228
-228
-228
-228
-276
-396
-492
-524
-620
-684
-716
-748
-748
-716
-684
-652
-620
-620
-588
-492
-356
-228
-72
56
104
164
292
396
428
460
428
460
460
460
492
524
524
556
556
556
524
428
396
372
340
308
276
132
24
-80
-148
-164
-180
-180
-196
-228
-212
-260
-324
-372
-356
-340
-244
-88
0
64
64
88
132
120
112
96
8
-32
-8
80
96
88
80
32
-16
-48
-16
-40
-80
-80
-56
24
104
112
96
104
120
148
132
112
24
-16
-24
8
96
132
32
-148
-276
-340
-356
-356
-396
-396
-396
-396
-372
-324
-308
-276
-292
-228
-148
-112
-112
-104
-112
-120
-80
-104
-180
-244
-356
-428
-460
-396
-372
-340
-308
-260
-212
-148
-132
-96
0
164
340
492
620
716
748
748
716
780
780
780
812
844
876
876
780
684
556
396
212
96
8
-48
-132
-180
-196
-132
-56
8
24
48
88
112
112
132
164
132
148
180
212
244
228
164
148
196
180
132
104
48
-16
-32
-24
-32
-96
-148
-148
-104
-64
-24
-16
-72
-120
-164
-132
-104
-104
-148
-196
-164
-132
-96
-64
-72
-48
-24
0
0
-40
-132
-260
-308
-356
-372
-428
-460
-460
-492
-524
-460
-460
-492
-460
-428
-324
-260
-260
-228
-228
-196
-196
-228
-276
-372
-396
-396
-396
-372
-396
-396
-396
-396
-428
-460
-460
-428
-228
-8
180
324
396
396
340
372
428
460
460
460
460
428
460
460
460
460
428
324
212
132
132
196
292
324
340
292
276
276
228
180
148
196
212
180
120
104
96
148
212
276
308
276
180
180
196
180
196
164
148
96
24
0
-40
-96
-148
-180
-164
-164
-196
-180
-196
-196
-180
-196
-148
-120
-72
0
32
72
80
96
112
148
132
132
148
148
88
0
-80
-132
-212
-292
-356
-396
-396
-308
-244
-244
-228
-260
-276
-260
-196
-164
-132
-104
-72
-8
8
-48
-132
-228
-340
-428
-460
-460
-460
-492
-460
-396
-292
-164
-56
56
132
196
244
308
356
372
460
588
684
748
748
716
652
556
460
428
356
308
292
260
276
340
292
196
88
-8
-56
-80
-8
56
24
-8
-16
-16
-40
-56
-120
-180
-244
-308
-340
-372
-340
-292
-228
-164
-132
-164
-228
-324
-428
-460
-460
-428
-372
-340
-372
-428
-428
-356
-340
-308
-292
-292
-244
-148
-24
112
244
260
228
260
308
292
276
244
244
292
324
276
212
112
-24
-120
-180
-196
-180
-164
-120
-80
-64
-80
-80
-24
48
104
148
164
196
180
88
56
56
64
48
-40
-80
-72
-104
-148
-132
-104
-64
-64
-8
64
104
180
276
428
556
620
588
492
460
428
428
396
324
308
308
324
372
396
396
260
164
120
72
32
-16
-24
48
72
120
180
164
132
80
-24
-96
-180
-324
-428
-524
-556
-556
-492
-460
-396
-372
-356
-324
-292
-244
-212
-148
-132
-180
-212
-244
-324
-356
-396
-396
-396
-324
-292
-244
-196
-196
-104
-8
40
80
104
112
132
228
340
396
396
428
396
356
292
164
-8
-180
-260
-292
-308
-260
-228
-180
-212
-228
-228
-196
-164
-104
-64
0
88
132
228
292
308
276
196
56
-56
-132
-148
-148
-96
-132
-180
-180
-212
-196
-96
-16
40
148
196
260
308
308
340
356
428
428
428
460
428
428
396
396
396
292
164
64
0
-40
-40
40
132
180
196
164
132
88
72
32
-16
-80
-104
-196
-260
-276
-276
-276
-228
-276
-292
-308
-324
-308
-228
-164
-132
-132
-196
-228
-244
-308
-308
-308
-324
-260
-212
-180
-180
-148
-104
-88
-120
-104
-104
-112
-64
-40
8
64
72
64
80
72
8
-8
-24
-40
-56
-104
-148
-96
-40
-56
-8
24
72
112
164
212
196
196
212
244
244
308
356
340
372
372
292
180
88
24
24
48
40
24
24
40
48
96
196
244
292
308
324
308
308
324
356
356
308
244
212
148
88
56
8
-24
-80
-88
-104
-112
-132
-148
-148
-164
-132
-120
-164
-260
-324
-340
-292
-244
-196
-244
-308
-340
-356
-372
-356
-340
-340
-324
-292
-260
-276
-276
-292
-308
-276
-260
-276
-276
-308
-308
-228
-96
-16
-8
8
16
32
56
40
24
24
16
72
132
228
276
276
260
260
260
260
260
260
244
212
212
212
148
88
88
88
112
132
164
228
228
196
196
180
164
148
180
212
244
244
212
212
212
164
64
0
-56
-120
-180
-196
-80
-64
-64
-32
0
8
0
56
88
96
112
64
48
72
56
64
80
112
112
56
0
-32
-24
-48
-80
-56
-48
-48
-64
-64
-24
-16
-40
-64
-104
-132
-148
-180
-132
-164
-212
-228
-260
-244
-244
-276
-308
-292
-244
-196
-228
-292
-324
-356
-356
-372
-396
-396
-396
-428
-324
-196
-148
-104
-88
-56
-24
40
132
212
196
164
132
164
196
228
260
292
324
244
228
244
276
244
244
276
324
324
276
244
244
228
164
112
164
212
196
180
244
244
164
112
132
164
164
112
56
80
96
96
104
120
132
56
-24
-40
0
0
-64
-72
-8
0
40
32
-16
-32
-80
-112
-120
-104
-132
-212
-212
-148
-48
16
16
16
-8
0
-40
-80
-64
-80
-112
-148
-148
-148
-96
-88
-80
-96
-148
-196
-228
-276
-372
-460
-460
-428
-308
-212
-148
-72
-16
-32
-56
-132
-180
-228
-244
-228
-212
-244
-196
-132
-120
-80
-8
-8
-64
-104
-88
-24
8
56
112
148
164
244
308
356
396
396
428
396
372
372
340
308
340
340
356
340
340
292
180
148
112
132
196
196
244
276
196
104
48
24
56
112
132
132
120
104
112
132
180
180
148
96
0
-72
-132
-164
-196
-212
-228
-244
-244
-292
-324
-372
-428
-460
-428
-372
-308
-244
-148
-120
-72
-24
-32
-48
-112
-180
-212
-180
-180
-212
-212
-244
-260
-244
-260
-276
-308
-340
-324
-260
-212
-164
-148
-120
-88
-32
16
80
132
148
164
180
212
180
132
64
-16
-80
-120
-104
-80
-64
0
48
64
80
96
104
132
164
244
340
396
428
428
428
428
396
372
340
292
212
148
132
132
164
196
196
196
196
164
148
148
148
132
132
132
132
132
80
8
0
-24
-32
-32
-24
-24
-40
-40
-16
8
8
24
48
72
72
96
88
48
0
-24
-56
-80
-112
-148
-228
-276
-308
-356
-372
-356
-324
-276
-196
-132
-112
-80
-32
24
16
-8
-56
-80
-120
-132
-132
-148
-148
-180
-196
-228
-276
-308
-308
-260
-212
-164
-164
-148
-132
-120
-40
-16
-48
-64
-64
-72
-48
-16
0
-8
-24
-56
-88
-64
-32
16
64
120
132
120
104
56
8
0
0
24
120
180
260
324
340
308
228
132
64
16
48
104
132
212
276
340
356
372
340
276
164
80
24
-24
-40
-24
-8
8
-8
-96
-180
-228
-212
-212
-148
-80
-56
-48
0
56
112
148
196
196
212
196
148
88
8
-56
-112
-132
-196
-196
-148
-148
-196
-196
-212
-212
-212
-180
-96
-8
32
96
164
244
276
260
228
180
148
96
40
-8
-24
-56
-64
-132
-212
-244
-292
-276
-164
-72
-40
0
32
40
56
56
48
72
80
96
104
96
104
80
56
48
64
88
40
32
32
24
8
24
16
16
24
-24
-32
0
0
0
0
8
0
-72
-132
-196
-212
-228
-196
-104
-16
16
48
88
132
148
132
112
88
104
88
72
80
96
104
112
72
-8
-72
-148
-196
-164
-112
-48
8
32
40
72
96
72
64
88
88
88
88
48
-8
-40
-104
-132
-148
-228
-244
-260
-276
-292
-308
-292
-308
-276
-228
-164
-112
-120
-96
-48
-32
-40
-72
-104
-112
-132
-148
-164
-180
-180
-228
-196
-148
-132
-96
-24
48
120
196
228
260
292
340
396
396
428
396
372
324
244
212
196
180
180
212
228
196
196
212
196
196
196
164
148
104
16
-48
-88
-148
-112
-96
-56
-16
-16
-32
-48
-104
-132
-148
-120
-24
56
80
104
164
164
164
120
112
104
64
16
16
-16
-40
-40
-64
-64
-104
-180
-244
-260
-228
-148
-80
-56
-56
-48
-24
-24
-48
-24
-48
-32
-8
-8
-8
-40
-120
-180
-212
-260
-244
-244
-260
-308
-308
-324
-340
-324
-276
-260
-212
-148
-104
-88
-96
-120
-148
-132
-164
-132
-120
-88
-40
-8
24
40
64
72
72
88
132
164
196
228
276
356
428
428
428
428
396
340
308
308
308
292
292
292
308
276
244
244
244
260
228
180
148
132
112
104
88
72
64
48
48
24
0
-48
-112
-180
-228
-276
-228
-212
-148
-104
-56
0
24
48
40
40
0
0
-8
-8
0
24
72
64
40
8
-40
-112
-164
-180
-164
-120
-80
-56
-56
-56
-56
-56
-40
0
16
8
56
96
96
80
0
-48
-96
-132
-164
-180
-164
-212
-244
-260
-292
-308
-292
-276
-244
-228
-212
-180
-148
-132
-72
-56
-48
-56
-104
-148
-164
-132
-132
-132
-148
-132
-96
-16
8
32
72
96
104
148
212
196
164
132
164
180
164
180
164
120
56
16
0
-8
-48
-48
-32
0
48
64
88
72
56
48
-8
-40
-32
-40
-24
0
0
-16
-24
-56
-64
-64
-80
-80
-80
-32
24
80
112
132
148
132
148
148
148
120
104
80
88
120
112
88
48
8
-56
-132
-164
-196
-196
-148
-132
-132
-104
-64
-16
16
64
88
104
96
104
96
64
24
-16
-56
-32
-16
-24
-48
-64
-80
-80
-56
-40
-8
0
48
96
132
164
180
164
148
164
164
180
148
164
196
228
292
308
324
308
292
244
196
180
164
148
196
228
212
212
180
132
80
48
16
-40
-64
-88
-148
-164
-164
-148
-164
-132
-88
-64
-48
-88
-120
-148
-196
-180
-164
-196
-196
-196
-196
-228
-244
-292
-340
-396
-460
-460
-460
-396
-340
-244
-196
-120
-48
-24
8
16
24
48
64
72
72
56
16
-24
-56
-72
-132
-196
-244
-292
-308
-260
-228
-196
-148
-104
-64
-16
0
16
32
0
-40
-48
-72
-88
-104
-88
-48
-24
24
32
0
-48
-80
-88
-80
-64
-56
8
80
132
196
212
212
196
148
148
164
180
196
228
260
324
356
356
340
324
292
276
292
276
276
308
372
428
460
492
460
460
428
428
428
372
340
292
212
132
80
64
64
56
96
96
96
132
120
132
72
8
-24
-56
-88
-104
-148
-196
-260
-276
-308
-356
-372
-428
-460
-460
-460
-428
-340
-292
-244
-212
-196
-164
-148
-132
-112
-120
-132
-164
-212
-244
-260
-276
-260
-260
-276
-308
-292
-260
-276
-260
-260
-260
-260
-260
-212
-180
-132
-104
-80
-64
-48
-48
-56
-40
-48
-64
-56
-40
-32
-32
-16
-16
0
32
40
64
104
120
132
148
132
120
120
104
104
132
164
180
228
260
276
260
212
164
132
148
196
196
228
260
260
276
292
292
308
324
324
276
244
228
180
164
148
132
132
132
164
180
180
180
148
164
132
96
88
48
24
16
40
64
56
48
24
-40
-132
-212
-276
-324
-356
-356
-324
-308
-276
-244
-228
-212
-196
-212
-212
-212
-212
-180
-164
-132
-148
-164
-164
-196
-212
-244
-260
-260
-260
-228
-180
-132
-80
-80
-104
-104
-96
-80
-72
-48
-24
0
0
0
32
80
72
80
64
80
112
132
148
148
132
96
72
72
88
120
120
148
164
180
196
212
244
244
244
228
228
228
196
180
120
96
40
40
56
56
72
96
104
132
148
164
180
196
244
260
260
244
212
148
96
64
24
0
-24
-48
-64
-112
-112
-88
-56
-32
-24
-32
-40
-32
-48
-40
-56
-64
-88
-132
-196
-260
-292
-324
-276
-292
-292
-292
-308
-292
-244
-244
-212
-180
-180
-132
-88
-64
-56
-72
-112
-132
-164
-164
-180
-228
-244
-260
-260
-244
-228
-244
-228
-212
-196
-164
-132
-132
-120
-96
-32
16
32
40
24
32
8
8
8
-8
0
16
24
32
64
64
64
96
132
120
104
132
148
180
212
244
276
308
308
292
260
244
228
180
148
120
88
96
132
180
196
196
228
244
260
292
324
324
324
308
292
276
276
260
244
212
164
148
120
104
112
80
64
24
-8
0
-32
-48
-32
-48
-72
-56
-40
-64
-56
-40
-72
-104
-112
-104
-112
-132
-148
-164
-164
-148
-132
-120
-112
-112
-80
-48
-16
8
40
24
0
-16
-48
-72
-112
-112
-132
-148
-148
-164
-148
-164
-148
-148
-132
-120
-132
-180
-164
-148
-148
-112
-80
-56
-64
-96
-132
-164
-212
-244
-244
-212
-180
-180
-164
-164
-164
-164
-148
-148
-112
-88
-56
-40
-8
16
40
72
72
72
40
-16
-56
-72
-104
-96
-88
-56
-32
-16
0
40
104
96
112
120
148
180
228
260
276
276
292
260
244
228
180
148
120
120
104
72
64
72
72
88
72
56
32
16
0
-8
16
24
8
24
24
16
-16
-40
-64
-112
-132
-132
-112
-80
-56
-32
-40
-32
-16
0
32
72
96
88
64
48
32
0
0
-8
0
24
16
32
56
48
72
104
104
96
88
72
32
24
48
56
80
112
120
112
80
24
8
-8
0
0
8
32
24
48
48
40
16
8
24
32
40
40
72
96
88
104
96
40
0
-32
-80
-132
-148
-148
-148
-132
-112
-104
-88
-72
-80
-56
-48
-32
-32
-8
8
24
48
72
88
104
112
132
112
112
64
24
0
-24
-8
-8
0
-24
-24
-40
-64
-64
-72
-88
-104
-148
-148
-132
-132
-104
-72
-64
-56
-40
-48
-88
-112
-132
-132
-104
-88
-104
-132
-132
-164
-180
-180
-180
-164
-164
-180
-180
-180
-180
-180
-196
-212
-196
-212
-228
-212
-164
-148
-96
-32
-24
0
0
0
-24
-8
8
0
16
24
0
-8
8
16
24
56
96
96
112
132
164
164
180
228
212
212
228
212
244
228
212
196
196
212
196
180
164
112
96
112
96
112
132
104
132
180
212
228
228
180
148
164
196
212
212
212
212
212
228
244
212
180
132
64
64
56
32
8
-8
-16
-40
-64
-120
-180
-228
-244
-228
-196
-132
-96
-48
-24
-24
-16
-32
-32
-24
-40
-56
-72
-80
-80
-80
-72
-96
-112
-132
-148
-164
-196
-180
-180
-148
-120
-96
-104
-112
-112
-104
-88
-72
-64
-56
-16
0
8
16
0
-48
-88
-120
-132
-148
-148
-120
-112
-112
-104
-104
-132
-112
-112
-96
-72
-48
-40
-24
-24
-40
-32
-64
-48
-40
0
40
40
80
96
96
112
112
104
120
112
112
120
112
132
132
112
96
132
148
164
180
196
148
120
96
88
80
72
88
88
88
80
48
16
0
-24
0
0
8
8
0
-40
-56
-88
-132
-164
-196
-228
-196
-164
-148
-132
-104
-104
-120
-104
-64
-32
-24
0
8
0
0
0
16
16
0
0
-16
-16
-16
-16
0
16
72
96
88
72
48
32
16
32
56
48
64
80
80
88
88
88
72
48
32
16
0
0
16
16
32
48
24
32
56
48
40
32
40
16
16
0
-24
-56
-48
0
24
56
96
96
48
24
0
-16
-8
0
-24
-8
-8
0
8
40
16
8
0
-40
-56
-64
-48
-32
-24
-24
-16
-16
0
8
16
8
-16
-16
0
-16
-24
-32
-48
-32
-24
-32
-24
-24
-72
-96
-112
-132
-132
-164
-164
-148
-148
-120
-80
-56
-32
-24
-32
-8
16
24
32
40
32
16
24
16
24
8
16
56
88
104
96
56
32
64
56
80
80
56
64
56
72
104
120
132
120
120
120
96
88
72
80
48
32
40
48
48
32
32
8
0
-16
-24
-48
-80
-72
-80
-96
-72
-64
-48
-24
-16
0
0
0
-24
-24
-40
-72
-72
-72
-48
-8
0
0
-8
0
-16
-48
-56
-80
-104
-120
-120
-88
-88
-104
-104
-120
-132
-132
-148
-148
-148
-132
-132
-120
-96
-88
-80
-72
-72
-72
-72
-56
-32
0
-24
-56
-56
-80
-88
-56
-32
0
48
96
120
148
148
132
88
56
32
24
56
120
148
180
212
212
164
180
180
164
164
196
164
132
132
112
96
104
104
88
56
16
32
24
16
32
24
24
24
