SAMPLES:	9969
BITSPERSAMPLE:	16
CHANNELS:	1
SAMPLERATE:	16000
NORMALIZED:	FALSE
32
32
32
32
32
32
32
32
32
32
32
32
32
24
24
24
24
24
24
24
24
24
24
16
16
16
8
8
8
8
8
8
8
8
8
8
8
8
8
8
8
0
0
0
0
0
0
0
0
0
0
0
0
0
0
0
0
-8
-8
-8
-8
-8
-8
-8
-8
-8
-16
-16
-16
-16
-16
-16
-24
-24
-24
-24
-32
-32
-24
-32
-32
-32
-32
-32
-32
-32
-40
-32
-32
-32
-32
-32
-32
-32
-32
-32
-32
-32
-32
-32
-32
-32
-32
-24
-24
-24
-24
-24
-16
-16
-16
-16
-16
-16
-8
0
0
0
0
8
8
8
8
8
8
8
8
16
16
24
24
24
24
24
24
24
32
24
24
24
24
16
24
24
24
32
32
32
32
32
24
24
24
24
24
24
24
24
24
24
16
16
16
16
16
16
16
16
16
16
8
8
8
8
8
8
8
8
8
8
8
8
16
16
16
16
16
8
8
8
0
0
0
0
0
0
0
0
0
0
0
0
0
0
0
0
0
0
0
0
0
-8
-8
-8
-16
-16
-16
-16
-16
-16
-16
-16
-16
-16
-16
-24
-24
-24
-24
-24
-24
-24
-24
-24
-24
-24
-24
-24
-24
-24
-24
-24
-24
-24
-24
-16
-24
-16
-16
-16
-8
-8
-8
-8
-8
0
0
0
0
-8
0
0
0
0
0
0
0
0
0
0
0
0
0
0
0
0
0
0
0
0
0
0
0
0
0
8
8
0
0
0
0
0
0
0
0
0
0
0
0
0
0
0
0
0
0
0
0
0
0
0
0
0
8
8
0
0
0
0
0
8
8
8
8
8
16
8
8
8
8
8
8
8
8
8
8
16
16
16
16
16
16
16
16
16
16
16
16
16
16
16
16
16
24
16
16
16
16
16
16
16
16
16
16
8
8
8
8
0
8
0
0
0
0
0
0
0
0
-8
-8
-8
-8
-8
-8
-16
-16
-8
-8
-16
-16
-16
-16
-24
-16
-16
-16
-24
-24
-24
-24
-16
-24
-16
-16
-24
-24
-16
-16
-16
-16
-16
-16
-16
-16
-16
-16
-16
-16
-16
-8
-8
-8
-8
-8
-16
-16
-8
-8
-8
-8
0
0
-8
-8
-8
-8
-8
0
0
0
0
0
0
0
0
0
0
0
0
0
0
0
0
0
8
8
8
8
8
8
8
8
8
8
8
8
8
8
8
8
8
16
16
16
16
16
16
16
16
16
16
16
16
16
16
16
16
16
16
16
16
16
8
16
16
16
16
16
16
16
16
16
8
8
8
8
8
8
8
8
8
8
0
0
0
0
0
0
0
0
0
0
0
0
0
0
0
0
0
0
-8
-8
0
-8
-8
-8
0
-8
-8
-8
-8
-8
-8
-16
-16
-16
-24
-16
-24
-24
-24
-24
-24
-24
-24
-24
-24
-24
-24
-16
-16
-16
-16
-16
-16
-16
-16
-16
-16
-16
-8
-8
-8
-8
0
0
0
0
0
0
0
0
0
0
0
0
0
0
0
0
0
8
8
8
8
8
8
8
8
8
8
8
8
8
8
8
8
8
8
8
8
0
0
8
8
8
8
8
8
8
8
8
8
8
0
0
0
0
0
0
0
0
0
0
0
0
0
0
0
0
0
0
0
0
0
0
0
0
0
0
0
0
0
0
0
0
0
8
8
0
8
0
8
0
0
0
0
0
0
8
8
8
8
8
8
8
8
16
8
8
16
16
16
16
8
8
8
8
8
8
8
8
8
8
8
8
8
8
8
8
0
0
0
0
0
0
0
0
0
0
0
-8
-8
-8
-16
-16
-16
-16
-24
-24
-24
-24
-24
-24
-32
-32
-32
-32
-32
-32
-32
-32
-32
-32
-32
-32
-24
-24
-24
-24
-24
-24
-24
-24
-16
-16
-16
-16
-16
-8
-8
-8
-8
-8
-8
0
0
0
0
0
0
0
8
8
8
8
8
8
8
16
16
16
8
16
8
8
8
16
16
16
16
16
16
16
16
16
8
8
16
8
8
8
8
8
8
8
8
0
0
8
0
0
0
0
0
0
0
8
0
0
8
8
8
8
8
8
8
8
8
8
16
16
8
16
16
16
16
16
16
16
16
16
16
8
8
8
8
8
8
8
8
16
8
8
8
0
0
0
0
0
0
-8
-8
-8
-8
-8
-8
-8
-8
-16
-16
-16
-16
-24
-24
-24
-24
-24
-24
-24
-16
-24
-24
-24
-16
-16
-16
-16
-16
-16
-16
-16
-16
-16
-16
-16
-16
-16
-8
-16
-8
-8
-8
-8
-8
-8
-8
0
0
0
0
0
0
0
0
0
0
8
8
8
8
16
16
16
16
16
8
8
8
8
16
16
16
16
16
16
16
16
8
8
16
8
8
8
16
8
8
8
8
8
8
8
8
8
0
0
0
0
8
0
0
0
0
0
0
0
0
0
0
-8
-16
-16
-24
-24
-24
-24
-16
-16
-16
-24
-24
-32
-32
-40
-32
-24
-24
-24
-16
-24
-32
-32
-24
-24
-24
-16
-16
-16
-16
-8
-8
-8
0
0
0
0
0
0
8
8
8
16
16
24
24
24
32
40
40
48
48
48
48
40
40
40
40
40
40
32
40
40
40
48
48
40
40
40
32
24
24
24
24
24
16
16
8
0
0
0
8
0
0
0
0
0
0
0
0
0
0
0
-8
-8
-8
-8
-8
-24
-24
-24
-24
-24
-24
-24
-32
-40
-32
-32
-24
-24
-24
-32
-32
-32
-32
-32
-40
-40
-40
-40
-40
-40
-32
-32
-32
-40
-40
-24
-24
-32
-40
-40
-32
-32
-24
-16
-16
-32
-24
-32
-32
-32
-24
-24
-16
-16
-8
-8
-8
-8
-8
0
0
0
8
8
8
8
0
8
0
0
0
0
0
8
24
32
32
24
16
16
8
16
16
16
24
16
16
16
24
16
24
24
32
40
40
40
40
48
56
56
56
56
56
64
56
56
56
56
64
64
64
56
56
56
56
56
56
48
40
40
40
40
40
40
40
40
32
32
24
16
8
0
0
0
-8
-8
-16
-32
-32
-32
-32
-32
-40
-40
-48
-56
-48
-56
-56
-64
-80
-96
-88
-88
-88
-72
-72
-64
-64
-80
-80
-80
-88
-80
-72
-72
-48
56
164
148
72
-32
-104
-212
-308
-292
-180
-56
-64
-112
-64
32
48
-32
-24
56
24
-72
-64
88
212
196
148
148
132
16
-104
-132
-164
-260
-308
-212
-40
40
120
228
276
212
104
56
48
-40
-164
-148
-48
32
64
104
164
164
48
-48
-56
-56
-80
-72
0
120
244
396
524
588
556
460
340
244
148
148
228
356
396
372
324
260
96
-104
-244
-292
-292
-308
-260
-148
-32
8
24
48
40
-24
-180
-292
-356
-428
-492
-492
-460
-428
-428
-396
-356
-340
-356
-340
-276
-260
-308
-324
-292
-292
-308
-260
-180
-148
-148
-180
-180
-164
-148
-120
-56
56
132
148
212
276
244
132
40
-32
-132
-180
-120
-16
72
132
180
244
308
356
428
492
492
428
308
244
180
196
212
260
340
492
620
748
780
812
988
1372
1692
1756
1500
988
180
-684
-1308
-1500
-1244
-844
-524
-324
-180
-8
88
112
132
112
-16
-196
-276
-148
104
276
132
-260
-716
-1116
-1436
-1692
-1884
-1884
-1628
-1244
-748
-80
620
1116
1244
988
684
324
-104
-620
-1052
-1244
-1308
-1116
-716
-164
292
556
588
428
244
80
16
48
88
48
96
260
396
340
112
-180
-460
-684
-780
-588
-196
196
428
620
812
988
988
748
428
180
-132
-428
-524
-396
-196
-148
-164
-164
80
716
1308
1820
2364
2748
3260
3644
3644
3004
1756
428
-1052
-2364
-2876
-2492
-1756
-1116
-844
-588
-164
212
260
212
324
396
132
-164
40
556
684
340
-460
-1372
-2236
-2748
-3132
-3260
-3132
-2620
-1884
-876
260
1244
1884
1980
1372
428
-276
-716
-1116
-1628
-1884
-1820
-1436
-924
-212
620
1244
1308
924
324
40
72
112
120
228
324
372
324
132
-308
-844
-1244
-1500
-1500
-1116
-244
716
1436
1820
1980
1884
1564
1052
428
-228
-924
-1308
-1180
-988
-716
-492
-196
132
260
748
1756
3260
4348
4604
5116
6140
5884
4348
1820
-64
-1820
-3772
-4860
-4604
-3132
-1756
-1436
-1244
-716
24
120
-80
228
460
492
556
924
1564
1756
1500
556
-1180
-2748
-4092
-4860
-5116
-5116
-4604
-3132
-1180
588
1980
3260
3900
3260
1884
196
-1052
-2108
-2620
-2620
-1884
-684
396
1116
1308
1180
748
-8
-428
-492
-260
356
1116
1692
1820
1884
1820
1244
276
-924
-1820
-2236
-2236
-1884
-1116
120
1308
1980
2364
2620
2492
1980
924
-212
-1052
-1500
-1692
-1628
-1436
-1052
-780
-844
-876
-780
-524
-148
460
1628
3004
4348
5372
6140
7164
6908
5372
2364
-588
-3004
-5116
-6396
-5884
-4348
-2492
-1436
-924
-396
396
684
428
428
652
652
588
924
1884
2620
2620
1628
-164
-2108
-3772
-5116
-6140
-6140
-5628
-4348
-2364
-72
1820
3132
3900
3644
2492
812
-652
-1628
-2236
-2364
-1980
-988
164
924
1180
1052
748
32
-988
-1692
-1628
-780
260
1116
1628
1884
1820
1244
396
-588
-1692
-2492
-2876
-2748
-1980
-812
492
1500
1980
1980
1820
1628
1116
396
-308
-924
-1180
-1436
-1564
-1308
-924
-620
-844
-988
-812
-492
-132
308
1308
2876
4348
5628
6652
7932
8828
7932
5372
1756
-1628
-4348
-6140
-6140
-4860
-2876
-876
24
492
988
1564
1628
1116
588
148
32
460
1372
2620
3516
3516
2108
-148
-2364
-4092
-5628
-6652
-6908
-6396
-4860
-2492
0
1980
3388
3900
3260
1820
-80
-1628
-2492
-3004
-3132
-2748
-1564
-196
844
1244
1180
748
-148
-1244
-1884
-1820
-988
32
844
1436
1884
2108
1628
524
-812
-2236
-3132
-3516
-3132
-2108
-748
556
1564
2108
2364
2364
1980
1116
-104
-1244
-1980
-2108
-1980
-1820
-1692
-1564
-1564
-1500
-1308
-924
-684
-276
132
588
1052
1820
3132
4604
6140
7420
8316
8828
7164
3772
-180
-3388
-5372
-6140
-5628
-3388
-876
620
780
844
1244
1372
556
-588
-1116
-1116
-684
492
2492
4604
5628
4860
3132
684
-1980
-4348
-6396
-7932
-8316
-7676
-5628
-2620
492
2876
4348
4604
3260
1244
-876
-2236
-2876
-3004
-2620
-1500
80
1564
2364
2620
2236
1244
-308
-1820
-2620
-2492
-1884
-988
164
1308
2108
2364
1884
748
-684
-1980
-3004
-3132
-2748
-1980
-684
684
1820
2492
2748
2748
2108
1052
-148
-1116
-1692
-1980
-2236
-2108
-1980
-1692
-1436
-1180
-844
-428
148
684
1180
1756
2108
2236
2108
2236
2876
4092
5884
7420
8316
8316
6652
3516
-64
-2876
-4348
-4860
-4604
-3388
-1980
-492
96
196
340
324
-196
-1052
-1372
-844
212
1628
3132
4348
4604
3644
1628
-988
-3772
-6396
-8316
-9340
-9340
-8316
-6140
-2876
372
2620
3900
4092
3132
1372
-684
-2108
-2748
-2748
-2364
-1372
96
1436
2236
1980
1244
8
-1692
-3388
-4092
-4092
-2876
-1308
556
2364
3644
4092
3900
2876
1180
-748
-2364
-3388
-3644
-2876
-1628
-24
1500
2620
3132
3388
3004
2236
1052
-56
-988
-1756
-1980
-1980
-1436
-924
-428
-148
112
524
844
1116
1372
1564
1756
1756
1756
2108
3004
4348
6140
7676
8828
8828
7676
4860
1052
-2236
-4604
-5628
-5628
-4348
-2364
-652
324
492
396
356
64
-556
-924
-652
132
1180
2364
3644
4092
3388
1564
-1052
-3900
-6652
-8316
-9852
-9340
-8316
-6140
-3132
-32
2364
3772
4092
3388
1692
-428
-2236
-3132
-3260
-3004
-2108
-684
652
1500
1564
924
-132
-1436
-2620
-3388
-3004
-1980
-356
1308
2876
3900
4092
3644
2236
372
-1628
-3132
-3900
-3900
-3004
-1500
276
1884
3004
3516
3644
3260
2492
1244
88
-876
-1564
-1980
-1980
-1756
-1500
-988
-684
-492
-260
72
492
780
1244
1884
2236
2364
2492
3004
4348
5884
7164
7932
8316
7676
5372
1628
-1756
-3900
-5116
-5372
-4348
-2620
-988
-120
-16
-40
24
-180
-716
-924
-492
340
1436
2748
3900
4348
3772
2108
-308
-3004
-5628
-7676
-8828
-9340
-8828
-7164
-4604
-1564
1116
2876
3644
3516
2364
460
-1244
-2236
-2364
-1820
-1052
40
1308
2108
2236
1628
524
-780
-2108
-3260
-3516
-2620
-1052
652
2108
3004
3516
3388
2748
1500
16
-1436
-2620
-3260
-3260
-2492
-1308
-64
924
1756
2108
2364
2492
2236
1500
356
-924
-1980
-3004
-3516
-3644
-3260
-2364
-1308
-340
428
1244
1756
1980
1820
1692
1820
1884
1692
1884
2748
4604
6396
7676
8316
8828
7932
4604
492
-2876
-4860
-5628
-5372
-3900
-1820
56
1052
1116
924
812
324
-460
-924
-684
88
1244
2620
3900
4604
3772
1884
-876
-4092
-6908
-8828
-9852
-9852
-8828
-6908
-3900
-276
3132
5372
5884
4860
2620
-308
-2876
-4348
-3900
-1980
372
1820
2492
2748
2492
876
-1436
-3388
-4348
-4860
-4860
-3388
-340
2876
4860
5372
5116
4092
1980
-652
-2748
-4092
-4860
-5372
-4348
-2492
-244
1628
3132
3900
3644
2364
924
-56
-844
-1756
-2364
-2364
-1980
-1756
-1628
-1116
-372
180
276
292
684
1052
1244
1372
1436
1756
1980
1980
1820
1756
2492
4092
5884
7420
8828
9340
8828
5628
1180
-2748
-4604
-5116
-5116
-3900
-1980
-104
428
-32
-292
-72
-72
-652
-1052
-684
324
1500
2876
4348
5116
4092
1628
-1436
-4604
-7676
-9852
-10364
-10364
-8828
-6908
-3900
-396
2620
4604
5116
4860
3260
988
-620
-620
524
1884
2620
2492
1628
-104
-1884
-3132
-3516
-3900
-4348
-4092
-3260
-1436
812
3388
5628
6652
5628
3388
988
-988
-2620
-3900
-4348
-4348
-4092
-3900
-2876
-1180
428
1500
1820
1980
2108
2108
1980
1980
1628
716
-716
-2236
-3260
-3772
-4092
-3900
-3132
-2364
-1436
-244
1308
2876
3644
4092
4092
3900
3260
2236
1500
1116
1244
1980
3644
5884
7932
9340
9340
7420
3644
-924
-4604
-5884
-5628
-4604
-2492
48
1980
1980
988
164
-164
-716
-1628
-2108
-1564
-308
1116
2748
4092
4604
3132
64
-3644
-6908
-9340
-10876
-10876
-9852
-7420
-4348
-924
2492
5372
6652
6396
4604
2236
-588
-2748
-3388
-2364
-164
1980
3388
4092
3644
1980
-1052
-4092
-5884
-6652
-5884
-3644
-196
3260
5884
6652
5628
3772
1436
-1116
-3004
-3900
-3772
-3260
-2236
-588
748
1180
1052
588
-196
-1244
-1980
-1820
-876
228
1052
1564
1820
1564
556
-1116
-2620
-3772
-4604
-4860
-4092
-2620
-716
1180
2748
3900
4348
4348
4092
3516
2748
1980
1180
308
-308
-212
924
3132
5628
7932
8828
8828
7164
3644
-356
-2876
-3388
-2876
-1756
-148
1500
2236
1180
-620
-1980
-2620
-3260
-3900
-3516
-2108
24
1980
3644
4860
4860
3004
-228
-3644
-6396
-8316
-9340
-8828
-7164
-4860
-2364
244
2620
3900
3900
2748
988
-924
-2876
-3900
-3644
-1820
372
2108
3388
4092
4860
5372
4348
1308
-2492
-5372
-7164
-8316
-6908
-2364
2876
5628
5116
3260
988
-1500
-4092
-5372
-4092
-1692
-428
-104
1564
4092
4860
3260
1564
-228
-3004
-5628
-5884
-4092
-1628
212
1500
2108
1980
1052
-396
-1500
-1884
-2492
-3900
-4604
-3516
-1052
1308
3516
5628
6652
6140
4860
3516
2620
1884
812
-556
-1372
-988
356
2364
5116
8316
10364
9340
6140
1692
-2492
-4860
-4860
-3132
-812
1820
3516
3004
1052
-588
-1628
-2748
-4092
-4604
-4348
-3388
-1116
1980
4860
6396
6140
3772
-244
-4348
-7676
-9852
-9852
-8828
-6908
-4860
-2108
924
3388
4348
4348
3388
1308
-1436
-3516
-4092
-2748
-340
1980
3260
4348
5628
5628
3388
-356
-3644
-6140
-8316
-9340
-6652
-1564
2748
4604
4604
3644
1884
-620
-2492
-2236
-428
780
716
1052
2620
3260
1884
72
-1180
-3004
-5628
-6908
-5884
-2876
-72
1820
2876
3260
2620
1116
-556
-1116
-1052
-1692
-2748
-3004
-1820
-64
1500
2876
3900
4092
3132
1820
924
924
1308
1372
1180
988
780
988
1980
4092
6140
7932
8828
8316
5628
2108
-1180
-2748
-2620
-1436
-88
988
1564
1372
0
-2108
-3516
-3772
-3644
-3772
-3004
-1244
1116
3132
4348
4604
3772
1628
-1308
-4604
-7164
-8316
-7676
-6652
-4860
-3004
-1116
340
1372
1692
1308
276
-988
-2108
-2748
-2620
-1628
0
1692
3004
3644
3132
1756
212
-1180
-2620
-3772
-3644
-2492
-924
48
556
876
924
396
-524
-1308
-1180
-244
588
988
1436
1884
1628
324
-1180
-2236
-2876
-3388
-3132
-2364
-1116
120
1308
2236
2492
1980
1052
132
-588
-1244
-1884
-2364
-2236
-1692
-988
-684
-228
844
1980
2364
2492
2876
3004
2876
2108
1628
1500
1372
1308
1628
2492
3772
5116
6140
7164
7676
6652
4092
924
-1052
-1628
-1564
-1116
-164
1116
1500
32
-2364
-4092
-4604
-4092
-3644
-2620
-844
1116
2364
3004
3260
3132
2108
-32
-2876
-5372
-7164
-7420
-6652
-5372
-3388
-1756
-556
-32
-244
-988
-1692
-1980
-1980
-1820
-1692
-1180
72
1628
3516
5372
6140
5372
2748
-524
-3388
-5628
-6396
-4860
-1980
652
1308
524
-524
-1436
-2492
-3260
-2492
-780
812
1756
2236
3132
3388
2876
1372
-460
-2108
-3388
-3772
-3132
-1628
324
1820
2364
2108
1500
684
-148
-684
-988
-1180
-1500
-1980
-1980
-1628
-844
196
1116
1884
2492
2876
3260
3516
4092
4092
3772
2748
1372
492
524
1628
3388
5116
6652
7420
6908
5372
2620
104
-1372
-1756
-1308
-684
196
1244
1692
876
-988
-2876
-3900
-4092
-4092
-3644
-2364
-460
1372
2492
2620
2108
988
-588
-2748
-4860
-6396
-6396
-5628
-4348
-3132
-1820
-716
-180
-492
-1436
-2236
-2620
-2620
-2364
-2108
-1436
-308
748
2236
4604
6140
5116
1980
-1500
-4092
-6396
-7164
-4860
-492
3004
3132
428
-2876
-5116
-5884
-5116
-1980
2492
5884
6396
4604
2620
780
-844
-1756
-1980
-1756
-1884
-2108
-2108
-1628
-180
1756
2748
2364
1372
588
96
32
652
1564
1980
1180
-556
-2492
-3516
-3132
-1692
164
1980
3388
4092
4092
4092
4092
4092
3900
3132
2236
1692
1980
2876
4092
5628
6652
6908
5628
3132
684
-1116
-1820
-1500
-716
244
1308
1980
1564
-308
-2620
-4092
-4604
-4348
-3900
-2876
-1564
-228
780
924
324
-460
-1116
-1980
-3132
-3900
-4092
-3644
-3004
-2108
-1244
-812
-780
-1372
-2492
-3644
-4092
-3516
-2492
-1692
-780
524
1980
2876
2364
988
-40
-684
-1756
-2876
-2620
-308
2364
3388
2236
40
-2364
-4604
-6140
-5628
-3004
988
4348
5372
4860
3004
780
-1500
-2748
-2492
-1052
228
716
684
620
684
924
1116
1180
1052
876
492
-164
-492
-180
292
492
104
-652
-1628
-2236
-1980
-652
844
2236
3260
3644
3388
2748
1980
1564
1564
1980
2492
3004
3644
4348
4604
4604
4604
4604
4092
3260
2492
1756
1116
620
112
-492
-988
-1052
-988
-1500
-2620
-3772
-4348
-4348
-3900
-3004
-1884
-620
460
780
0
-1372
-2620
-3516
-3772
-3644
-3132
-2108
-1244
-652
-684
-1116
-1436
-1564
-1884
-2364
-2748
-2492
-1980
-1756
-1436
-340
1244
1980
1308
-260
-1692
-2492
-2876
-2492
-684
2236
4860
5372
3260
-148
-3388
-5628
-6140
-4348
-876
2748
5116
5116
3132
-24
-2748
-4092
-3772
-2108
324
2620
3644
3260
1980
988
244
0
244
684
1116
1500
1500
1116
780
876
988
588
-164
-780
-924
-748
-180
716
1692
2364
2364
1884
1116
556
620
1244
2236
3644
4860
5628
5628
5116
4348
3772
3388
3260
3260
3132
2492
1500
80
-1372
-2620
-3388
-3260
-2364
-1436
-988
-988
-1116
-1372
-1884
-2364
-2748
-2876
-2620
-2492
-2748
-3260
-3516
-3516
-3260
-3132
-2620
-1980
-1628
-1820
-2108
-2236
-1980
-1244
-460
428
1116
1308
652
-556
-1980
-3132
-3644
-3388
-2748
-1884
-844
164
924
1116
876
356
-132
-460
-780
-1052
-1180
-1116
-684
-244
-8
112
292
428
308
120
72
244
428
684
988
1308
1436
1308
1052
844
988
1436
1820
1884
1820
1500
844
212
-40
196
748
1500
2108
2108
1564
812
164
-104
96
652
1372
1884
2236
2492
2620
2748
3132
3644
3900
3900
3516
3260
2876
2748
2620
2748
3004
3004
2492
1308
-180
-1436
-2236
-2748
-3132
-3132
-2492
-1820
-1564
-1820
-2236
-2492
-2620
-2876
-3132
-3388
-3388
-3260
-3132
-3004
-2620
-1980
-1308
-780
-492
-588
-924
-1372
-1756
-1980
-1692
-1180
-716
-428
-492
-780
-1052
-1372
-1756
-1884
-1756
-1180
-556
-148
80
132
132
244
196
-48
-460
-780
-988
-1180
-1372
-1372
-1052
-492
276
844
988
988
924
716
492
492
780
1308
1820
2236
2364
2364
1980
1436
844
372
180
112
48
148
428
780
988
1180
1500
1692
1692
1628
1372
1180
988
988
1116
1372
1756
2236
2492
2492
2492
2108
1564
1116
1180
1564
2108
2876
3388
3516
3004
2108
988
-132
-812
-1052
-1180
-1372
-1692
-2108
-2748
-3260
-3388
-3132
-2620
-1820
-1116
-924
-1308
-1980
-2876
-3388
-3516
-3132
-2236
-1180
-132
340
8
-780
-1756
-2748
-3132
-3132
-2364
-1372
-340
460
876
844
492
0
-588
-1052
-1116
-924
-620
-324
-96
96
196
164
0
-196
-372
-340
-212
-212
-244
-276
-292
-212
-96
16
180
356
588
684
716
844
1052
1308
1500
1628
1564
1436
1244
1052
924
988
1180
1244
1180
988
876
716
556
620
844
1052
1244
1436
1436
1372
1180
1116
1052
876
716
620
524
492
588
620
556
492
556
620
684
748
876
924
924
924
924
748
588
492
372
104
-260
-620
-812
-876
-844
-844
-876
-876
-924
-1244
-1756
-2364
-2748
-2748
-2620
-2108
-1372
-748
-396
-428
-748
-1308
-1820
-2108
-1820
-1180
-492
104
356
196
-356
-1116
-1884
-2492
-2748
-2620
-1980
-1116
-492
-56
72
0
-180
-292
-244
-164
-72
-48
-196
-460
-812
-1052
-1116
-1052
-876
-684
-428
-196
88
460
812
1116
1308
1500
1692
1820
1980
1980
1980
1980
1884
1820
1692
1564
1372
1116
924
844
924
988
1244
1436
1564
1756
1884
1980
1820
1692
1628
1436
1116
812
588
492
428
356
340
212
16
-196
-396
-556
-492
-308
-40
244
588
876
988
1052
924
684
276
-132
-556
-876
-988
-988
-1052
-1052
-1116
-1116
-1052
-1116
-988
-924
-780
-524
-292
-32
180
292
308
148
-132
-428
-620
-748
-924
-1052
-1116
-1116
-1180
-1180
-1180
-1116
-1052
-1052
-1116
-1180
-1116
-1116
-1116
-1244
-1436
-1628
-1884
-2108
-2236
-2236
-2108
-1884
-1564
-1244
-988
-924
-924
-876
-812
-748
-620
-428
-56
340
652
812
876
924
876
812
924
1180
1500
1756
1980
2108
2108
1884
1628
1436
1116
876
780
876
1052
1308
1628
1884
1980
1820
1564
1308
988
716
556
492
524
652
924
1244
1436
1372
1180
812
356
-120
-460
-652
-716
-620
-460
-228
-88
0
64
24
-120
-276
-428
-556
-588
-428
-132
132
356
492
524
428
244
80
-132
-428
-684
-812
-924
-924
-780
-524
-260
-32
56
-16
-180
-372
-460
-428
-308
-180
-80
-64
-120
-244
-492
-844
-1180
-1500
-1820
-2108
-2108
-1980
-1628
-1180
-748
-372
-32
164
180
72
-112
-340
-716
-1052
-1244
-1116
-780
-372
56
460
652
716
652
556
620
716
780
812
876
988
1052
1052
988
780
460
132
-104
-164
8
196
460
620
652
588
524
492
556
780
1116
1372
1500
1564
1500
1308
844
396
-164
-684
-988
-988
-924
-716
-492
-260
-72
40
132
164
120
64
40
32
96
148
228
292
276
148
-96
-340
-620
-780
-780
-748
-620
-460
-228
16
228
396
524
588
556
372
132
-32
-148
-340
-588
-780
-924
-988
-1116
-1116
-988
-844
-748
-684
-652
-524
-324
-212
-212
-212
-228
-356
-492
-524
-588
-588
-524
-460
-428
-460
-428
-428
-492
-428
-276
-40
244
524
716
812
988
1180
1116
1052
876
684
396
132
48
180
308
524
780
988
1116
1244
1180
1052
924
716
588
460
308
196
148
132
180
228
244
244
276
276
228
212
228
244
244
308
396
340
72
-196
-428
-652
-876
-988
-876
-748
-684
-652
-588
-620
-716
-684
-652
-620
-524
-428
-308
-132
112
356
460
556
620
492
180
-244
-524
-780
-924
-924
-780
-588
-396
-180
8
112
132
80
-40
-180
-244
-196
-104
-64
-16
40
0
-32
-96
-244
-428
-556
-620
-716
-748
-620
-324
-16
228
460
588
588
492
276
32
-148
-196
-148
-40
164
460
748
844
844
748
524
356
428
556
684
812
988
1052
988
924
924
780
684
556
324
148
-48
-196
-324
-460
-460
-396
-148
180
524
844
988
812
492
120
-148
-260
-228
-88
16
32
-120
-308
-492
-588
-748
-988
-1308
-1628
-1820
-1884
-1820
-1500
-1052
-588
-228
-24
88
80
-88
-324
-524
-652
-524
-308
-48
228
356
276
40
-260
-492
-556
-556
-396
-132
96
276
428
492
492
460
372
228
112
112
132
148
180
244
276
276
356
492
620
716
748
588
308
72
-64
-64
32
148
308
428
396
308
308
396
524
652
716
588
460
372
276
260
396
492
588
620
524
460
396
276
164
104
72
48
32
40
24
-40
-120
-228
-356
-428
-324
-120
56
164
292
396
428
460
524
556
460
260
-8
-340
-780
-1180
-1500
-1756
-1820
-1692
-1436
-1116
-748
-428
-180
-132
-212
-340
-492
-652
-748
-844
-876
-924
-812
-684
-588
-492
-396
-428
-524
-684
-876
-876
-684
-276
276
812
1180
1308
1244
988
588
120
-196
-396
-492
-460
-428
-244
0
260
460
652
748
812
812
876
924
1052
1052
924
620
260
-32
-212
-260
-212
-132
-80
-56
-24
56
276
620
1052
1372
1436
1436
1308
1052
780
460
64
-308
-492
-556
-556
-492
-292
-40
148
260
308
276
228
120
40
40
72
148
228
324
356
292
104
-180
-524
-780
-924
-988
-924
-780
-524
-244
-24
96
196
276
276
212
96
-32
-196
-356
-556
-716
-844
-924
-988
-1116
-1180
-1180
-1052
-876
-684
-396
-80
180
492
684
716
620
356
0
-340
-524
-524
-260
56
260
340
308
180
32
-164
-308
-260
-120
-16
148
324
492
652
620
556
460
276
148
40
-32
-40
-16
24
32
32
72
148
164
104
88
8
-40
-48
-64
-24
80
308
524
716
924
1116
1116
988
748
492
148
-120
-212
-260
-260
-180
-48
132
276
396
428
340
180
16
-132
-292
-356
-308
-212
-96
96
276
340
396
428
396
244
24
-112
-212
-292
-308
-260
-212
-228
-260
-356
-460
-588
-684
-748
-748
-684
-588
-588
-588
-556
-556
-588
-652
-652
-556
-556
-556
-492
-372
-212
-120
-40
-32
-88
-180
-292
-396
-340
-212
-132
-8
112
228
260
260
324
396
356
324
324
292
228
120
48
56
196
428
588
716
812
748
556
340
112
-72
-212
-292
-276
-244
-104
80
292
524
684
716
716
588
460
428
492
492
428
372
212
-16
-228
-372
-396
-356
-244
-72
56
132
260
324
396
372
228
16
-196
-372
-524
-524
-396
-164
164
492
716
780
748
556
276
-56
-292
-396
-396
-308
-180
-104
-164
-340
-524
-652
-748
-844
-812
-588
-356
-148
48
196
260
228
72
-104
-308
-372
-396
-356
-324
-308
-292
-340
-396
-396
-396
-460
-492
-492
-460
-276
72
524
844
1052
1052
812
524
212
-40
-308
-492
-588
-588
-524
-396
-212
-8
164
308
428
460
492
492
396
340
356
340
276
228
148
0
-164
-372
-556
-620
-620
-492
-292
-72
196
524
812
988
1116
1116
924
684
396
164
-40
-120
-196
-292
-428
-460
-428
-428
-428
-340
-180
-96
-8
88
180
260
372
460
492
492
460
324
96
-164
-396
-492
-556
-524
-460
-340
-292
-356
-460
-588
-652
-684
-588
-428
-180
72
396
588
652
556
396
180
-80
-260
-308
-260
-212
-196
-196
-212
-244
-244
-260
-260
-180
-148
-72
0
132
372
524
652
780
748
524
260
-16
-308
-524
-588
-588
-556
-492
-396
-308
-260
-180
-24
112
212
372
524
652
684
556
308
-40
-292
-492
-620
-524
-396
-228
-24
292
588
780
924
988
924
780
652
556
492
460
460
460
428
340
324
292
180
120
64
24
-48
-72
-32
-16
-64
-132
-212
-324
-396
-396
-308
-132
24
244
396
324
212
32
-164
-340
-460
-588
-748
-844
-812
-716
-588
-460
-292
-164
-72
-24
16
56
0
-16
-72
-132
-164
-132
-24
0
-64
-132
-292
-492
-716
-876
-988
-924
-748
-460
-148
164
428
588
652
588
524
372
180
48
-148
-372
-492
-524
-556
-492
-372
-212
-88
-112
-212
-276
-292
-260
-196
-120
-8
196
428
556
652
716
716
620
460
308
164
16
-56
-96
-104
-80
-16
56
104
180
340
524
620
684
748
780
812
844
780
716
620
492
244
-88
-372
-556
-620
-588
-492
-340
-148
8
8
0
40
72
132
164
228
340
356
292
180
148
164
164
132
-24
-164
-260
-308
-292
-228
-132
16
120
104
96
56
-24
-112
-212
-324
-340
-292
-212
-88
40
132
164
112
-16
-180
-308
-396
-396
-308
-244
-148
-8
56
32
0
-16
-32
-72
-132
-148
-148
-164
-164
-112
-88
-56
-64
-148
-308
-460
-556
-588
-492
-276
0
180
340
460
588
620
588
460
228
-32
-228
-308
-244
-16
292
588
684
588
460
180
-56
-196
-244
-180
-40
212
524
812
924
844
588
228
-244
-716
-988
-1116
-1116
-924
-748
-556
-396
-244
-120
-132
-132
-112
-56
-24
-24
132
292
356
324
276
164
112
104
80
-16
-180
-340
-428
-524
-492
-356
-196
-72
-88
-180
-276
-292
-212
-104
40
148
244
276
212
148
40
-80
-292
-524
-716
-780
-684
-460
-212
8
244
396
428
460
460
428
460
428
292
180
104
72
32
-40
-88
-180
-276
-340
-340
-292
-148
104
396
716
876
988
988
988
988
988
988
988
924
844
684
460
260
56
-48
-104
-164
-228
-228
-164
-72
48
196
276
356
372
324
244
112
0
-112
-228
-356
-428
-492
-556
-620
-620
-588
-620
-652
-652
-588
-492
-292
-56
164
308
428
492
524
428
196
-48
-244
-324
-396
-396
-356
-308
-260
-148
-132
-80
0
8
40
8
-72
-196
-276
-276
-260
-276
-260
-196
-180
-212
-356
-492
-620
-748
-780
-780
-652
-492
-244
-16
104
228
292
260
164
64
-40
-88
-40
-32
-72
-120
-212
-308
-428
-492
-396
-292
-180
16
244
428
556
716
844
844
812
716
588
396
340
396
396
396
372
340
212
120
132
88
40
48
8
-112
-276
-340
-308
-196
-32
132
324
428
460
492
428
324
276
164
-8
-132
-276
-428
-492
-492
-460
-428
-356
-292
-260
-244
-104
88
276
460
620
780
876
924
876
780
652
460
228
-24
-212
-260
-324
-356
-356
-324
-340
-340
-308
-292
-292
-292
-148
80
292
460
556
524
340
-8
-428
-844
-1116
-1180
-1180
-988
-684
-356
-228
-132
-80
-16
64
180
356
460
556
588
588
428
180
-112
-396
-652
-812
-844
-716
-492
-244
-16
96
260
428
524
524
524
556
588
652
684
588
460
308
96
-64
-148
-244
-324
-372
-428
-460
-396
-340
-212
-120
-64
32
80
64
112
228
356
356
276
180
8
-196
-428
-684
-924
-1052
-1116
-1116
-988
-748
-524
-324
-228
-32
228
396
556
716
844
748
588
460
260
64
-72
-120
-148
-244
-260
-244
-132
16
120
228
292
356
324
228
212
228
276
340
356
428
372
228
56
-132
-276
-428
-396
-276
-120
8
112
180
212
180
164
164
212
372
524
620
684
716
588
396
196
0
-132
-180
-212
-212
-164
-72
40
148
292
492
620
684
620
524
428
356
292
196
80
16
48
24
0
32
32
-48
-164
-292
-524
-716
-748
-748
-684
-652
-524
-396
-292
-164
-104
-96
-164
-308
-460
-588
-684
-780
-924
-988
-988
-988
-876
-748
-524
-340
-196
-72
40
148
292
356
428
356
180
56
0
-32
-32
56
164
212
228
244
244
396
492
556
524
876
1500
1372
396
-428
-428
-308
-588
-1180
-1116
-24
876
356
-684
-812
-428
-492
-1116
-1180
-460
588
924
652
556
588
428
-56
-396
-244
308
716
652
492
460
356
40
-460
-812
-588
-132
120
180
324
356
148
-32
40
428
684
876
1244
1436
1372
988
396
40
-104
-372
-588
-428
-148
104
324
428
228
-48
-260
-492
-652
-684
-276
132
460
524
396
356
104
-340
-748
-684
-340
-244
-276
-80
24
-260
-524
-588
-684
-748
-684
-460
-96
244
308
308
492
356
-148
-428
-164
72
164
428
748
876
684
260
-112
-260
-372
-620
-620
-396
-276
-308
-308
-180
-104
-212
-276
-244
-164
-120
-24
196
460
588
556
396
276
180
-56
-292
-396
-396
-460
-556
-460
-308
-276
-244
-88
40
228
524
748
844
748
588
324
-80
-460
-524
-372
-196
120
428
684
652
524
324
132
-80
-372
-492
-372
-48
132
228
292
308
132
-164
-308
-244
-112
-16
32
-40
-164
-276
-428
-556
-556
-460
-292
-112
64
148
148
48
-180
-396
-524
-588
-588
-524
-396
-228
-164
-260
-356
-340
-132
72
212
324
460
492
396
340
428
396
260
132
8
-64
-104
-80
-16
132
260
356
276
112
-96
-260
-260
-104
164
524
812
876
780
524
196
-148
-340
-372
-308
-180
-120
-132
-276
-460
-556
-524
-340
-72
164
292
324
372
460
492
524
652
652
460
164
-164
-460
-684
-780
-652
-356
0
396
684
780
876
924
844
812
780
780
716
684
524
244
-72
-372
-588
-684
-716
-588
-460
-428
-356
-212
0
164
292
396
460
428
308
104
-164
-372
-524
-620
-588
-524
-524
-524
-652
-716
-748
-748
-620
-340
-32
244
460
588
588
556
428
228
-8
-292
-524
-652
-588
-492
-308
-132
16
164
196
228
324
324
396
524
588
620
556
372
212
0
-244
-460
-620
-652
-684
-748
-716
-684
-620
-492
-340
-196
-40
32
-8
-32
-80
-212
-308
-396
-396
-356
-340
-292
-292
-260
-196
-132
-96
-88
-56
-72
-120
-132
-56
48
148
228
308
396
428
428
428
372
260
196
212
260
324
428
492
492
460
460
428
396
308
292
340
356
276
132
8
-72
-212
-276
-212
-64
88
228
428
620
684
588
492
372
196
-80
-356
-524
-588
-556
-492
-372
-260
-164
-64
16
120
228
276
212
120
48
-24
-64
32
196
292
356
396
428
324
132
-16
-132
-228
-228
-80
120
308
428
460
460
396
260
72
-132
-340
-524
-684
-652
-588
-460
-212
16
104
120
96
120
72
-16
-72
-112
-72
-8
72
164
148
120
-24
-180
-396
-620
-780
-844
-812
-716
-556
-340
-32
244
372
396
428
372
244
180
196
196
120
8
-164
-372
-524
-588
-588
-588
-524
-396
-292
-196
-48
112
228
308
276
196
120
24
-8
-48
-88
-104
-212
-340
-460
-588
-684
-620
-524
-428
-324
-180
24
164
196
212
260
308
324
340
396
460
524
556
524
524
492
428
260
48
-48
-180
-228
-164
-48
104
260
372
356
292
292
308
308
308
324
340
324
292
180
48
-64
-212
-324
-340
-428
-372
-308
-292
-180
-120
-48
148
292
396
556
588
556
460
324
228
196
148
32
-104
-292
-396
-460
-396
-292
-132
40
180
356
428
460
556
524
428
356
308
276
180
88
64
56
8
-40
-56
-132
-244
-276
-212
-132
-96
-96
-96
-132
-260
-428
-524
-588
-588
-524
-396
-276
-164
-120
-164
-324
-524
-620
-652
-684
-620
-460
-356
-244
-80
48
132
228
260
196
148
112
104
80
96
112
56
-16
-132
-276
-428
-428
-356
-260
-148
32
164
292
356
340
340
324
308
308
276
212
132
8
-88
-180
-260
-292
-292
-324
-324
-244
-212
-132
-8
96
180
276
396
428
492
428
340
308
228
132
-8
-96
-120
-112
-120
-112
-56
0
48
88
120
276
428
556
652
716
716
652
524
396
324
292
292
228
292
372
324
244
132
-16
-132
-196
-292
-292
-196
-32
112
212
260
324
260
80
-56
-164
-244
-324
-340
-356
-340
-340
-356
-396
-428
-460
-492
-460
-356
-196
-40
88
196
196
132
0
-164
-260
-356
-372
-356
-324
-260
-276
-340
-372
-396
-396
-324
-308
-276
-228
-148
-72
40
148
196
212
164
64
-48
-196
-372
-460
-460
-460
-324
-164
24
164
212
164
80
88
32
-8
88
212
244
244
196
164
132
72
16
8
0
0
16
96
212
372
460
396
396
396
372
260
244
308
276
212
120
56
0
-80
-96
-72
-56
-64
-104
-164
-228
-292
-308
-244
-96
48
196
324
396
396
260
96
-104
-324
-524
-524
-396
-244
-72
56
64
0
-56
-132
-180
-180
-104
-88
-96
-8
104
212
292
396
372
212
8
-164
-276
-292
-212
-96
0
104
244
340
356
292
212
112
24
-80
-132
-72
8
96
132
196
260
244
164
120
72
-24
16
80
196
324
460
492
396
244
32
-148
-324
-396
-340
-164
56
228
396
556
684
684
556
356
104
-196
-428
-492
-460
-324
-104
132
276
244
132
0
-112
-292
-460
-524
-492
-356
-212
-96
32
132
104
32
-64
-148
-244
-356
-396
-324
-260
-180
-148
-164
-148
-164
-228
-292
-372
-396
-340
-244
-132
-48
48
132
148
112
0
-120
-244
-396
-492
-556
-588
-556
-524
-428
-244
-48
48
88
64
-32
-104
-132
-72
24
112
148
120
104
112
88
24
0
-64
-180
-244
-244
-196
-104
64
228
308
356
396
460
492
460
372
372
340
260
180
164
112
72
32
40
164
292
460
556
588
620
556
460
396
372
340
276
148
104
96
148
148
132
164
148
16
-148
-196
-212
-228
-196
-32
180
340
428
556
652
620
428
244
56
-132
-340
-460
-492
-460
-428
-396
-356
-276
-228
-164
-88
-24
80
104
96
88
80
112
132
80
0
-132
-260
-356
-492
-588
-652
-684
-684
-588
-428
-196
-8
148
244
228
196
40
-132
-276
-340
-356
-356
-244
-148
-64
0
8
-72
-164
-260
-340
-396
-340
-212
-88
16
104
164
164
56
0
-72
-132
-132
-72
64
212
340
460
492
428
308
120
-80
-244
-340
-324
-180
-16
120
260
276
244
180
64
-16
-56
-80
-72
32
148
180
180
180
96
-48
-228
-396
-492
-460
-396
-212
-40
48
164
244
212
164
112
88
56
0
-48
0
72
132
132
80
40
-24
-64
-88
-56
-32
32
88
96
132
132
196
276
356
460
460
428
356
244
120
-8
0
88
180
260
356
492
524
460
372
196
-48
-260
-372
-396
-308
-148
120
308
396
492
460
356
228
72
-64
-196
-260
-292
-292
-244
-196
-132
-88
-80
-80
-120
-196
-244
-180
-64
0
88
196
228
196
40
-164
-372
-556
-684
-716
-652
-524
-396
-228
-16
104
196
180
164
120
40
0
-32
-104
-132
-164
-228
-276
-340
-428
-524
-556
-620
-620
-556
-372
-148
64
276
460
556
588
524
428
324
164
32
-48
-112
-180
-260
-340
-356
-356
-356
-308
-212
-112
0
88
148
212
244
292
340
428
428
396
356
324
212
96
32
-56
-132
-212
-228
-196
-132
-8
72
120
112
104
64
24
32
64
112
96
112
132
164
164
212
244
228
180
72
-32
-96
-132
-96
-16
32
88
104
132
196
196
196
244
244
180
120
80
24
-24
-40
-40
16
88
164
212
276
260
228
180
104
0
-96
-164
-180
-164
-132
-64
-48
-24
0
-48
-112
-148
-228
-276
-308
-308
-244
-164
-88
-16
32
64
104
88
40
8
-56
-148
-180
-212
-196
-132
-96
-80
-132
-132
-132
-180
-164
-96
-64
-16
8
48
88
132
212
228
164
120
56
-32
-112
-132
-112
-56
0
56
88
132
212
196
164
132
32
-80
-132
-180
-148
-104
-56
0
48
80
32
0
-24
-64
-104
-148
-164
-180
-148
-8
96
196
228
148
40
-88
-260
-396
-428
-340
-180
0
196
308
324
260
164
40
-72
-164
-196
-148
-112
-48
32
48
16
0
-56
-88
-88
-88
-40
16
8
80
180
196
196
228
180
104
8
-56
-80
-88
-112
-148
-164
-180
-164
-112
-48
88
196
276
292
244
212
180
148
80
40
-16
-80
-96
-104
-72
-88
-132
-228
-292
-260
-180
-104
-24
104
148
164
196
212
260
340
308
260
260
196
88
56
16
-16
-16
8
48
8
-8
-72
-104
-132
-120
-80
-32
56
120
196
228
228
228
212
164
56
8
8
-32
-132
-196
-212
-260
-260
-260
-244
-148
-48
0
56
96
148
132
132
132
24
-40
-64
-48
-120
-196
-228
-260
-324
-356
-308
-196
-64
32
148
260
324
340
292
228
164
72
0
-48
-64
-104
-148
-180
-212
-228
-260
-276
-292
-244
-132
-16
64
164
228
228
228
228
244
196
148
56
-56
-164
-292
-372
-356
-324
-308
-276
-196
-132
-96
0
56
72
80
88
96
96
112
72
8
0
-32
-96
-148
-132
-196
-196
-164
-104
-16
8
40
80
120
132
164
244
324
308
276
164
56
-8
-72
-96
-72
0
48
88
148
196
148
112
80
56
72
104
120
180
212
260
292
292
260
132
24
-40
-32
-80
-96
-72
-96
-132
-132
-96
-48
-64
-16
64
120
112
148
212
196
164
164
148
72
56
0
-56
-104
-120
-132
-132
-148
-120
-80
-56
-48
-8
72
88
88
104
164
228
244
244
260
212
164
24
-120
-212
-276
-292
-276
-244
-212
-164
-132
-132
-132
-180
-244
-308
-292
-244
-180
-56
24
72
96
88
72
-40
-148
-260
-308
-372
-460
-460
-372
-292
-212
-96
0
16
-8
-48
-88
-120
-148
-88
-32
0
24
48
80
72
24
8
0
-24
-48
-88
-88
0
16
0
0
0
-8
8
80
212
308
340
324
292
228
132
-16
-148
-212
-276
-276
-196
-48
56
132
180
196
148
56
0
-24
8
40
148
292
428
524
524
460
372
228
88
-24
-148
-228
-228
-112
24
196
356
428
492
460
396
340
292
244
148
64
64
96
80
48
8
-16
-80
-180
-276
-372
-372
-292
-132
8
132
228
276
244
164
88
0
-48
-80
-112
-132
-148
-148
-196
-308
-372
-396
-372
-308
-196
-112
-24
48
56
48
88
104
80
80
88
48
-24
-64
-48
-88
-196
-196
-212
-260
-260
-196
-96
-16
40
80
132
148
164
180
132
80
16
-48
-132
-196
-244
-292
-340
-340
-324
-276
-244
-196
-132
-112
-104
-56
-8
24
72
72
80
96
72
56
40
24
-32
-72
-48
8
-24
-48
-112
-164
-180
-164
-80
8
104
112
164
212
212
120
56
40
0
-8
24
112
148
164
180
132
40
-88
-180
-276
-276
-212
-132
-48
48
148
196
276
340
292
212
180
148
48
-8
-8
-32
-48
-56
-48
-24
-32
-40
-48
-48
-32
32
104
164
260
324
396
396
372
324
228
120
48
16
0
-8
16
88
148
120
72
56
-16
-48
-40
32
104
148
180
212
228
212
120
0
-112
-212
-228
-180
-104
-24
16
48
56
24
-56
-112
-180
-228
-196
-148
-72
-8
32
48
8
8
-32
-132
-212
-260
-292
-324
-292
-228
-96
-8
16
32
64
32
-24
-64
-120
-132
-132
-120
-112
-88
-64
0
8
-32
-96
-180
-244
-276
-244
-180
-88
0
64
132
164
132
132
96
16
-48
-132
-148
-120
-64
0
8
-16
-64
-104
-132
-132
-120
-96
-80
-64
-24
32
48
56
40
56
56
8
-16
32
88
88
80
56
16
-16
-40
-48
-24
16
64
104
132
132
132
148
120
96
48
64
72
72
120
164
196
228
228
260
212
132
88
56
-8
-88
-112
-88
-80
-32
64
88
88
64
32
16
16
24
32
48
16
32
72
80
88
112
88
40
0
-72
-96
-120
-120
-112
-104
-88
-48
8
40
96
164
180
112
40
-8
-72
-104
-80
-8
8
-8
8
16
-8
0
-8
0
40
64
64
88
96
72
48
32
32
24
-32
-56
-96
-148
-180
-196
-196
-164
-104
-72
-24
24
24
-16
-40
-32
-48
-80
-64
-40
-56
-88
-132
-164
-148
-112
-48
8
64
72
80
80
32
24
32
0
-48
-56
-40
-40
-56
-88
-88
-48
8
40
8
-8
-16
-56
-112
-132
-148
-120
-72
-24
64
132
132
88
80
40
-24
-88
-132
-180
-180
-132
-56
32
120
164
132
148
96
0
-48
-64
-32
0
56
132
132
120
88
40
0
-56
-88
-104
-88
-72
-24
32
104
180
180
148
132
148
104
32
24
56
120
196
244
292
260
196
96
-16
-148
-228
-308
-308
-228
-132
0
132
244
260
324
340
308
196
48
-88
-196
-228
-212
-180
-164
-132
-132
-132
-148
-120
-88
-80
-56
16
80
112
120
112
104
72
-16
-148
-228
-308
-372
-372
-356
-292
-244
-148
-48
32
88
64
56
32
32
24
56
104
120
112
104
8
-88
-180
-228
-228
-196
-112
8
112
148
148
148
180
132
104
96
112
132
104
112
112
80
72
32
-16
-40
-40
-48
-64
-40
0
56
120
180
180
196
180
132
96
64
80
80
56
56
88
120
164
164
72
-32
-120
-196
-260
-260
-212
-148
-72
-24
32
96
120
80
72
48
0
-8
-16
-32
-56
-80
-88
-88
-112
-80
-24
0
24
8
16
40
0
-8
0
0
8
32
56
48
8
-8
-48
-96
-132
-148
-180
-196
-180
-120
-24
72
112
132
164
164
164
96
56
0
-40
-80
-64
-64
-32
8
8
16
40
40
-8
0
-8
0
16
64
132
132
120
40
8
-16
-56
-48
0
-8
-48
-56
-72
-96
-120
-132
-104
-96
-88
-16
56
132
180
212
164
72
-32
-120
-196
-228
-228
-196
-132
-80
-16
24
56
64
16
-64
-132
-164
-212
-180
-56
16
48
56
0
-24
-56
-104
-96
-72
-40
-40
-64
-48
-8
24
32
32
48
40
8
0
8
-40
-132
-148
-132
-132
-64
-8
48
48
88
120
88
64
24
-8
-48
-8
8
0
0
32
16
24
40
32
0
16
72
148
212
244
244
196
180
164
164
164
148
132
72
0
-56
-40
-24
0
80
148
164
148
164
164
148
148
148
132
164
132
96
120
132
88
32
-8
-48
-88
-120
-112
-48
40
40
16
40
32
48
48
40
40
88
104
104
96
80
48
-16
-24
-40
-56
-56
-80
-64
-32
-40
-64
-132
-164
-148
-132
-64
-24
-48
-40
-32
-80
-112
-132
-164
-196
-228
-196
-148
-120
-132
-148
-132
-164
-260
-292
-260
-276
-244
-196
-164
-164
-148
-164
-148
-148
-148
-120
-132
-132
-196
-228
-212
-164
-120
-40
0
72
132
180
196
180
148
120
104
132
132
120
132
104
72
56
56
80
120
180
228
276
308
292
260
212
196
180
180
148
132
120
80
16
8
8
0
8
40
64
80
72
56
56
32
-24
-72
-40
-40
-72
-64
-16
24
0
-8
-8
-40
-88
-112
-96
-96
-40
-8
16
56
48
24
-24
-40
-80
-88
-104
-120
-120
-180
-148
-96
-104
-56
-32
-16
0
16
48
132
180
164
164
132
56
-16
-40
0
40
40
0
24
16
0
-24
-24
40
8
-32
-72
-16
16
0
40
112
148
132
96
88
72
32
-32
-64
-80
-64
-32
-8
16
24
0
-48
-56
-24
-32
-32
40
112
120
72
48
-16
-96
-164
-180
-88
-48
-16
32
32
24
-16
-56
-64
-132
-148
-112
-32
8
24
40
64
56
24
-8
-24
-32
-40
-24
-24
-8
8
56
40
24
32
8
-72
-164
-132
-88
-48
-8
56
132
88
40
80
120
96
40
24
24
-16
-88
-112
-80
-64
-96
-132
-96
-24
8
56
120
148
104
-8
-48
-48
-80
-104
-80
-24
-8
-40
-32
32
32
0
-48
-80
-148
-196
-212
-180
-104
-16
40
56
88
104
80
56
40
40
32
0
-8
8
8
0
48
88
32
-8
-48
-64
-56
-64
-16
96
180
212
212
196
132
56
0
-16
-24
-40
-8
48
96
132
164
132
72
56
40
16
0
32
56
32
48
80
48
-8
-48
-48
-64
-120
-132
-88
-32
-24
-32
-16
-8
0
24
56
112
148
148
148
112
104
72
16
-16
-40
-80
-120
-148
-148
-104
-80
-24
8
64
120
112
72
80
80
32
-24
-24
0
0
16
40
64
72
8
-48
-88
-132
-164
-164
-132
-112
-112
-88
-56
-32
-40
-16
0
48
48
16
40
32
16
0
0
56
16
-56
-112
-132
-132
-120
-80
-56
-80
-80
-72
-64
-16
0
0
80
80
48
32
-8
8
0
8
16
16
0
-80
-132
-120
-132
-148
-96
-40
-48
-40
-56
-88
-104
-104
-112
-120
-88
-32
8
56
104
132
88
40
-32
-112
-120
-148
-132
-88
-88
-72
-16
24
32
56
96
120
112
120
112
96
64
0
-24
-48
-80
-96
-56
-16
8
40
104
164
180
196
180
148
104
112
132
180
228
212
196
180
132
56
40
32
0
-56
-32
0
0
40
112
196
196
148
180
196
148
96
80
72
48
8
-8
-24
-80
-132
-180
-180
-196
-196
-164
-72
8
56
120
180
228
196
132
40
-32
-132
-148
-88
-80
-64
-56
-56
-56
-80
-104
-88
-56
-64
-32
0
48
32
16
16
16
-16
-104
-148
-180
-180
-180
-148
-120
-164
-164
-164
-164
-148
-96
-8
32
88
112
148
148
96
64
40
16
-40
-72
-96
-132
-148
-148
-132
-104
-96
-72
-48
-32
-32
0
96
132
120
148
112
80
96
80
0
-40
-24
-64
-96
-88
-80
-104
-104
-104
-104
-96
-104
-112
-72
-40
-16
0
0
40
40
8
32
32
8
32
48
72
56
8
0
-40
-40
-24
-24
0
48
80
80
88
132
164
148
120
104
56
32
72
132
148
132
120
148
148
132
112
180
196
164
148
132
148
72
40
16
8
-32
-56
-32
0
0
8
24
56
80
64
24
0
0
-16
-56
-24
-16
-48
-64
-72
-88
-64
-56
-24
8
8
-16
-48
-64
-80
-80
-64
-64
-80
-104
-112
-120
-132
-104
-72
-56
-56
-72
-32
-56
-72
-32
-8
-16
-16
-32
-48
-56
-56
-48
-48
-88
-132
-164
-164
-164
-148
-88
-56
-40
-24
-8
-8
-8
0
8
32
48
56
8
-32
-48
-56
-88
-88
-80
-64
-64
-56
0
40
56
64
96
132
88
64
112
132
96
40
40
40
0
-24
-8
40
32
0
48
88
72
40
40
40
8
32
72
120
148
164
164
132
96
32
8
-8
-56
-56
-56
-80
-56
16
96
148
180
180
180
132
80
72
104
96
104
148
196
180
132
96
56
-8
-96
-112
-132
-104
-56
24
104
180
164
148
120
88
8
-64
-88
-112
-112
-112
-56
8
8
-32
-32
-32
-80
-132
-132
-132
-164
-148
-132
-80
-64
-56
-48
-56
-80
-104
-120
-132
-148
-148
-164
-196
-228
-228
-212
-180
-120
-64
-32
-48
-56
-56
-56
-48
-40
-32
-16
-16
-48
-56
-40
-32
-24
-24
-24
-32
-56
-48
-16
0
16
48
56
72
56
24
8
24
16
16
32
32
16
0
-8
-16
-24
-8
8
24
48
80
88
104
132
132
120
104
88
96
96
104
112
112
96
72
56
56
40
-8
-16
0
-8
-8
16
72
96
96
120
96
16
-48
-64
-64
-56
-24
32
80
120
148
148
112
64
16
-16
-56
-88
-88
-72
-32
8
64
96
88
64
56
24
8
24
40
48
88
120
104
104
88
64
16
-8
-40
-56
-72
-56
-16
0
0
0
8
8
-32
-56
-56
-56
-32
-16
16
64
64
32
0
-24
-40
-88
-132
-112
-120
-148
-132
-80
-56
-40
-16
0
0
0
8
8
-32
-72
-64
-80
-104
-104
-80
-80
-40
-24
-16
0
-24
-16
-8
0
0
8
0
-40
-16
8
0
0
0
-24
-72
-112
-120
-104
-88
-64
-8
16
32
32
16
0
-16
-24
-32
-24
-16
-16
16
16
0
-16
-32
-48
-48
-48
-56
-48
-8
16
24
56
80
104
88
56
64
40
0
0
8
0
-8
-24
-40
-56
-80
-88
-72
-56
-64
-72
-40
0
24
56
56
40
24
16
8
8
24
48
16
0
0
24
32
24
40
72
80
56
56
48
32
40
72
88
132
132
120
132
132
104
56
48
48
40
56
80
112
148
180
164
148
132
112
80
56
56
48
32
56
96
96
96
104
104
64
48
48
48
48
32
16
8
24
0
-40
-72
-72
-104
-148
-164
-148
-120
-112
-56
-24
-8
-8
-40
-56
-64
-96
-132
-104
-96
-104
-132
-132
-132
-148
-164
-180
-164
-164
-164
-112
-48
-16
-8
-16
-32
-80
-112
-132
-148
-164
-196
-180
-148
-132
-96
-48
-24
-32
-48
-56
-64
-88
-72
-24
8
16
40
40
48
8
-16
0
0
-32
-64
-64
-64
-80
-80
-56
-8
16
24
56
64
80
56
48
32
32
40
40
40
40
40
40
32
40
40
40
48
72
88
88
132
164
180
180
164
132
132
112
88
72
56
64
80
88
96
112
132
132
120
132
148
132
132
132
120
112
96
88
96
96
88
96
88
64
32
0
-8
-16
-32
-16
0
0
0
-16
0
0
0
0
16
24
0
-40
-40
-48
-80
-80
-64
-56
-56
-80
-88
-88
-132
-132
-120
-104
-96
-80
-48
-56
-64
-40
-24
-24
-8
-8
-8
-48
-80
-88
-96
-132
-148
-132
-132
-132
-132
-120
-112
-120
-112
-88
-56
-16
0
0
8
8
8
0
-16
-40
-64
-80
-72
-72
-56
-24
-24
0
0
0
8
16
32
48
56
40
32
40
48
56
64
64
80
80
88
80
56
40
24
16
24
24
24
24
16
0
16
32
32
48
56
40
32
32
40
40
32
16
0
-16
-24
-32
-32
-16
-16
-24
-16
0
0
0
24
40
8
0
-8
-16
-32
-24
-24
-16
0
0
0
0
-8
-24
-24
-8
0
0
8
16
16
32
56
64
32
16
32
8
-8
-8
0
0
0
8
8
0
-16
-48
-48
-56
-72
-40
-8
24
40
56
80
72
48
16
8
8
8
0
16
48
40
8
0
8
24
0
0
24
24
24
40
56
48
16
16
40
32
32
32
32
40
56
64
80
88
72
40
24
0
-8
-8
0
-8
-8
8
8
8
16
24
0
-32
-48
-56
-80
-72
-64
-48
-72
-88
-80
-64
-48
-48
-40
-24
-40
-56
-56
-64
-56
-56
-64
-48
-32
-40
-40
-56
-56
-64
-56
-56
-56
-64
-64
-56
-48
-48
-40
-32
-16
0
0
8
24
32
32
32
24
24
32
8
-16
-32
-64
-88
-96
-80
-56
-24
0
16
48
80
64
56
56
32
16
8
8
0
0
0
8
8
0
0
0
0
0
0
24
64
72
88
104
104
80
56
48
40
32
24
32
40
48
40
48
72
64
40
16
24
24
16
40
72
80
88
104
112
80
24
0
-24
-24
-24
