SAMPLES:	8714
BITSPERSAMPLE:	16
CHANNELS:	1
SAMPLERATE:	16000
NORMALIZED:	FALSE
0
0
0
0
0
0
0
0
0
0
0
0
0
0
0
0
0
0
0
0
-8
0
0
0
0
0
0
0
0
0
0
0
0
0
0
0
0
0
0
0
0
0
0
0
0
0
0
0
0
0
0
0
0
0
0
0
0
0
0
0
0
0
0
0
0
0
0
0
0
0
0
0
0
0
0
0
8
0
8
8
8
8
8
8
8
16
16
16
16
16
16
16
16
16
16
8
8
8
8
8
8
8
8
8
8
8
8
8
8
8
8
8
8
8
8
8
0
0
0
0
0
0
0
0
0
0
0
0
0
-8
-8
-8
-8
-16
-8
-8
-8
-8
-8
-8
-16
-8
-8
-8
-8
-8
-8
-8
-16
-16
-16
-16
-16
-8
-16
-8
-8
-8
-8
0
-8
-8
-8
-8
-8
-8
-8
-8
-8
-8
-8
-8
0
0
0
0
0
0
0
0
0
-8
0
0
0
0
0
0
0
0
0
0
0
0
0
0
0
0
0
0
0
0
0
0
0
0
0
0
0
0
0
0
0
0
0
0
0
0
0
0
0
0
0
0
0
0
0
0
0
0
0
0
0
8
0
8
8
8
8
8
8
8
8
8
8
8
16
8
8
8
8
8
16
16
16
16
16
16
16
16
16
16
8
8
8
8
8
8
8
8
8
8
8
8
8
8
8
0
0
0
0
0
0
0
0
0
0
0
0
0
-8
-8
-8
-8
-8
-8
-8
-16
-16
-16
-16
-8
-8
-8
-16
-16
-16
-16
-16
-16
-16
-16
-16
-16
-16
-16
-24
-16
-16
-16
-16
-8
-8
-8
-8
-8
-8
-8
-8
0
0
0
0
0
0
0
0
0
0
0
0
0
0
0
0
0
8
0
0
0
0
0
0
8
8
0
0
0
0
0
0
0
0
0
0
8
8
0
0
0
0
0
0
0
0
0
0
0
8
8
0
0
8
0
0
8
0
0
0
0
0
0
8
0
8
8
8
8
8
8
8
8
8
8
8
8
8
8
8
16
16
16
8
8
8
8
8
8
8
8
8
8
0
0
0
0
0
0
0
0
0
-8
-8
-8
-8
-8
-8
-8
-8
-8
-8
-8
-8
-8
-8
-8
-8
-8
-16
-16
-8
-16
-8
-8
-8
-16
-16
-16
-16
-16
-16
-8
-8
-8
-8
-8
-8
-8
-8
-8
-8
-8
-8
0
0
0
0
0
-8
0
0
0
0
0
0
0
0
0
0
0
0
0
0
0
0
0
0
0
0
0
0
0
0
0
0
0
0
0
0
0
0
0
0
0
0
0
0
0
0
0
0
0
0
8
8
8
0
0
0
0
0
0
8
0
0
8
8
8
8
8
8
8
8
8
8
8
8
8
8
8
8
8
8
16
8
8
8
8
8
8
16
16
16
16
16
16
8
8
8
8
8
8
8
8
16
8
16
16
16
8
8
8
8
8
0
0
0
0
0
0
0
8
8
0
0
0
0
0
0
0
0
0
0
0
0
0
0
0
-8
-8
-16
-16
-16
-16
-16
-8
-16
-16
-16
-16
-16
-16
-16
-16
-16
-16
-24
-24
-16
-24
-24
-24
-24
-24
-24
-24
-16
-16
-16
-16
-24
-24
-24
-24
-24
-16
-16
-16
-16
-16
-16
-16
-16
-16
-16
-16
-8
-8
-8
-8
-8
-8
-8
-8
-8
-8
0
0
0
0
0
0
0
0
0
0
0
0
0
0
0
8
8
8
8
16
8
16
16
16
16
16
24
24
24
24
24
24
24
24
32
32
24
24
32
32
32
32
32
32
24
24
24
24
24
24
24
24
24
24
16
16
16
16
16
16
8
8
8
8
8
8
8
8
8
8
0
0
0
0
0
0
0
0
0
0
0
0
0
0
0
-8
-8
-8
-8
-8
-16
-16
-16
-16
-8
-8
-8
-8
-8
-8
-8
-16
-16
-16
-16
-16
-16
-16
-16
-16
-16
-16
-16
-16
-16
-16
-8
-16
-16
-8
-8
-8
-8
-8
-8
-8
-8
-8
-8
-8
-8
-8
0
0
0
0
0
0
0
0
0
0
0
0
0
0
0
0
0
0
0
0
0
0
0
0
0
0
0
0
0
0
0
0
0
0
0
0
0
0
0
0
0
0
0
0
0
0
0
0
0
0
0
0
0
0
0
0
0
0
0
0
0
0
0
0
0
0
0
0
0
0
0
0
0
0
0
0
0
0
0
0
0
0
8
8
8
8
8
8
8
8
16
8
16
8
8
8
8
16
16
16
16
16
16
16
8
16
8
16
8
16
16
16
16
16
8
8
8
8
8
8
8
8
8
8
0
8
0
0
0
0
0
0
0
0
0
0
0
0
0
0
0
0
0
0
0
0
-8
-8
-8
-8
-8
-8
-8
-8
-8
-8
-8
-16
-16
-16
-16
-8
-16
-16
-16
-16
-16
-16
-16
-8
-8
-8
-8
-16
-8
-8
-8
-8
0
0
-8
0
0
-8
-8
-8
-8
-8
-8
0
0
0
0
0
0
0
0
0
0
0
0
0
0
0
0
0
0
0
0
0
0
0
0
0
0
0
0
0
0
0
0
0
0
0
0
0
0
0
0
0
0
0
0
0
0
0
0
0
0
0
0
0
0
0
0
0
0
0
0
0
0
8
8
8
8
8
8
8
16
16
16
16
8
16
16
16
16
16
16
16
16
16
16
16
16
16
16
8
16
16
8
8
8
8
0
0
0
0
0
0
0
0
0
0
0
0
0
0
0
0
-8
-8
-8
-8
0
0
0
0
-8
-8
-8
-8
-8
-8
-8
-8
-8
-8
-8
-8
-8
0
0
-8
0
-8
-8
-8
0
0
0
0
0
0
0
0
0
0
0
0
-8
-8
-8
0
0
0
0
0
-8
-8
-8
-8
-8
-8
-8
-8
-8
-8
-8
-8
-8
-8
0
-8
-8
0
-8
-8
0
0
0
-8
-8
0
0
0
0
0
0
0
0
0
0
0
0
0
0
0
0
0
0
0
0
8
8
8
8
8
8
8
8
8
8
8
8
16
16
16
16
16
16
8
16
16
16
16
16
16
16
16
16
16
16
16
16
16
16
8
8
8
0
0
0
0
0
0
0
0
0
0
0
0
0
0
0
0
-8
-8
-8
0
-8
-8
-8
-8
-16
-8
-8
-8
-8
-8
-8
-8
-8
-8
-8
-16
-16
-16
-16
-16
-16
-16
-16
-16
-16
-16
-16
-16
-16
-16
-16
-16
-16
-16
-24
-24
-16
-16
-16
-16
-16
-16
-8
-16
-8
-8
-8
-8
-8
0
0
0
0
0
0
0
0
0
0
0
0
0
0
0
0
8
8
8
8
8
8
8
16
16
16
8
8
16
8
8
16
16
24
16
24
24
16
24
16
8
16
8
8
8
8
16
8
8
8
8
16
8
8
8
8
8
8
8
8
0
0
0
0
8
0
0
0
0
8
8
0
0
0
0
0
0
0
0
0
0
0
0
0
0
0
0
0
0
0
0
0
0
0
0
0
0
0
0
0
0
0
0
0
0
0
0
0
0
0
0
0
0
0
0
0
0
0
0
0
0
0
0
0
0
0
0
-8
-8
-8
-8
-8
-8
-16
-16
-16
-16
-24
-16
-16
-16
-16
-16
-16
-24
-24
-24
-24
-24
-24
-24
-24
-24
-24
-24
-24
-24
-24
-24
-24
-24
-24
-24
-16
-16
-16
-8
-8
-8
-8
-8
-8
-8
-8
0
0
0
0
0
0
0
0
0
0
0
0
8
8
8
8
8
8
8
8
8
8
16
16
16
16
16
24
24
24
24
32
32
24
24
24
16
16
16
16
24
24
24
24
24
24
24
24
24
24
24
24
24
24
16
16
24
24
24
24
24
24
24
24
24
24
24
24
16
16
16
8
8
8
0
0
0
0
0
0
0
-8
-8
-16
-16
-16
-16
-16
-16
-16
-16
-24
-24
-32
-24
-24
-32
-24
-32
-32
-32
-32
-32
-24
-32
-32
-32
-32
-24
-24
-24
-16
-24
-32
-32
-32
-32
-24
-24
-16
-16
-16
-16
-16
-8
-8
-16
-16
-16
-16
-16
-16
-16
-16
-16
-8
-8
0
0
0
0
0
8
8
0
0
0
0
0
0
8
8
16
16
16
16
24
24
24
24
32
24
24
24
16
8
8
8
8
8
8
8
8
8
8
8
0
8
8
8
0
0
0
0
0
0
0
0
0
0
0
0
-8
-8
-8
-8
0
0
0
0
0
0
0
8
0
0
0
0
0
0
0
0
0
0
0
0
0
8
8
8
8
8
8
8
8
8
8
8
8
8
16
8
8
16
16
24
48
40
0
-40
-16
24
48
24
0
8
8
-8
-40
-24
16
32
0
-32
-24
-8
0
0
0
8
0
-8
-8
0
0
-8
-24
-24
0
0
0
0
-16
-16
-8
0
0
-24
-48
-40
-8
0
0
-24
-32
-24
-24
-32
-32
-40
-40
-48
-48
-40
-32
-40
-32
-8
-8
-24
-24
-24
-16
0
0
8
0
-16
-40
-8
24
24
16
16
24
16
0
0
32
40
24
24
40
64
48
32
56
80
56
24
40
80
104
96
72
72
64
32
24
48
80
64
32
8
8
-8
-40
-56
-32
-24
-32
-72
-104
-104
-112
-120
-120
-112
-120
-148
-164
-120
-96
-104
-120
-104
-80
-64
-72
-56
-32
-16
-16
0
8
16
0
0
24
56
48
16
0
24
40
16
0
0
40
56
24
16
72
96
56
0
32
132
148
96
88
148
148
56
56
244
492
556
460
340
260
212
196
340
556
652
492
244
72
0
0
16
64
56
-104
-356
-524
-460
-356
-372
-492
-588
-652
-716
-716
-652
-588
-588
-620
-620
-556
-492
-428
-372
-244
-72
24
8
-40
0
132
244
308
308
292
244
180
180
260
356
308
180
80
56
8
-40
-40
32
104
40
-104
-212
-292
-308
-244
-96
0
-24
-164
-260
-212
-112
-16
40
32
24
-32
-72
-8
96
180
196
132
64
32
32
64
148
228
260
356
588
876
988
924
716
556
460
556
844
1244
1372
1116
652
356
292
324
292
276
228
120
-120
-396
-588
-652
-684
-812
-988
-1052
-1180
-1308
-1372
-1308
-1180
-1052
-1116
-1244
-1436
-1244
-748
-396
-340
-396
-308
-260
-372
-428
-148
356
588
340
0
24
308
524
652
748
716
396
-24
-96
292
620
460
96
-104
-132
-260
-396
-324
-88
0
-180
-340
-356
-292
-308
-276
-104
40
-64
-308
-372
-228
-8
0
-104
-212
-228
-324
-356
-180
8
88
8
-56
-148
-292
-308
-132
276
460
260
64
340
1308
2236
2876
2876
2236
1308
652
1244
2748
3900
4092
3132
2108
1244
684
460
716
1372
1500
588
-876
-1884
-1980
-1628
-1436
-1692
-2364
-3132
-3644
-3644
-3260
-3260
-3388
-3388
-3004
-2620
-2364
-2492
-2492
-2108
-1308
-524
-56
-244
-924
-924
-148
844
1244
876
460
524
924
1308
1500
1436
1116
620
356
292
292
260
524
1244
1500
716
-524
-1180
-924
-212
524
924
716
-56
-844
-924
-428
228
356
148
32
-64
-292
-556
-492
-180
80
-104
-588
-988
-1052
-924
-748
-588
-556
-812
-1180
-1244
-924
-492
-276
-324
-428
-372
-276
-72
588
2108
3900
5372
5372
3388
1116
228
2108
5372
7420
6908
4860
2748
1372
716
844
1820
3004
3004
1244
-1308
-3004
-3004
-1980
-1116
-1372
-2748
-4348
-5116
-4860
-4092
-4092
-4348
-4348
-3772
-3260
-3516
-4092
-3772
-2492
-684
588
228
-1308
-2748
-2364
-56
2364
3004
1756
196
-556
-212
924
2108
2748
1980
460
-748
-988
-524
196
1116
1884
1628
-292
-2620
-3260
-1756
340
1308
716
-588
-1756
-2364
-1980
-652
588
924
212
-620
-988
-876
-716
-180
556
924
492
-556
-1180
-988
-96
620
684
72
-876
-1628
-1372
-324
684
1052
556
-180
-652
-492
120
1052
1756
2364
3516
4860
5884
5116
3132
1244
1500
4348
7164
7932
6140
3900
2364
1500
1436
1820
2620
3004
2108
-96
-2364
-3260
-2620
-1308
-844
-2108
-4604
-6396
-6140
-4348
-3516
-4092
-5372
-5628
-4860
-3644
-3388
-3900
-3772
-2620
-924
132
-292
-1564
-2236
-1116
1052
2748
2876
1884
780
396
1052
2492
4092
3900
2108
132
-276
684
1244
988
988
1500
1116
-1244
-3388
-3260
-1308
196
88
-780
-1692
-2620
-3388
-2876
-876
716
460
-1116
-2236
-1980
-1180
-460
180
748
780
-40
-876
-844
-112
620
988
924
356
-716
-1692
-1436
-72
1180
1308
292
-620
-844
-492
308
1052
1372
1308
988
876
1180
2364
4348
6140
6908
5628
3132
1180
1500
4092
6908
8316
6908
4348
1980
524
396
1244
2620
3004
1628
-988
-3516
-4348
-3772
-2748
-2364
-3260
-5116
-6396
-6652
-6140
-5628
-5628
-5628
-5116
-4348
-4092
-4604
-4860
-3900
-1980
-40
524
-396
-1628
-1884
-460
1692
3132
3004
1980
1180
1308
1980
3004
3772
3644
2748
1308
524
492
356
340
988
1980
1500
-1116
-3644
-3772
-1820
0
340
-340
-1500
-2620
-3132
-2108
-180
1052
780
-356
-1052
-748
-164
396
988
1628
1628
988
80
-260
72
620
1116
1244
652
-588
-1820
-1884
-812
460
748
-80
-988
-1308
-924
-112
716
1436
1500
988
292
132
780
1564
2364
3644
5116
6396
6396
4860
3004
1980
2364
4348
6652
7932
6652
3388
812
56
620
1180
1500
1308
180
-2108
-4348
-4860
-3772
-2492
-2620
-4092
-6140
-6908
-6652
-5372
-4348
-4092
-4860
-5372
-4860
-3516
-2620
-2748
-2620
-1308
492
1308
588
-748
-1180
0
1980
3388
3260
1564
24
-8
1500
3132
3900
2876
716
-1372
-1884
-716
396
340
-396
-588
-684
-1884
-3388
-3644
-1692
164
308
-812
-1884
-2108
-1884
-988
492
1820
1628
164
-844
-620
396
1180
1564
1628
1244
244
-812
-988
48
1116
1116
244
-748
-1564
-1980
-1692
-812
0
56
-716
-1564
-1500
-556
492
1116
1308
1180
988
780
924
1564
2108
2492
2876
3260
4092
4860
5628
6140
5628
4604
3260
2492
3260
5372
7164
6652
4348
1756
260
-80
212
780
1052
244
-1500
-3260
-4092
-4092
-3772
-3644
-3900
-4348
-5116
-5372
-5628
-5372
-5116
-5116
-4604
-3772
-3004
-2876
-3388
-3132
-2108
-620
324
40
-988
-1628
-1116
196
1372
1628
924
0
-132
620
1436
1244
876
1116
1180
260
-1116
-1244
-24
620
340
0
40
-748
-2236
-2492
-460
1692
1244
-924
-1980
-1180
16
396
780
1628
1756
356
-988
-684
844
1820
1436
492
-56
-260
-652
-716
32
812
428
-844
-1628
-1436
-1180
-1244
-988
-324
40
-292
-1052
-1116
-244
924
1500
1500
1500
1564
1628
1564
1980
2492
2748
2492
2492
2876
3900
5116
5628
5884
5372
4860
3772
2620
2492
3772
5628
6140
4860
2236
80
-780
-780
-372
-72
-164
-988
-2492
-4092
-4604
-4604
-4092
-3644
-3516
-4348
-5628
-6396
-6140
-5116
-4348
-4092
-4092
-4092
-3644
-3132
-2876
-2620
-1980
-1180
-492
-324
-652
-1180
-1372
-620
748
1756
1692
812
112
180
844
1756
2492
2236
780
-924
-1116
428
1980
1980
812
112
-16
-620
-1372
-876
924
2108
1180
-492
-1052
-460
212
988
1980
2364
1180
-716
-1372
-80
1500
1628
524
-460
-924
-1308
-1564
-1244
-324
-40
-812
-1884
-2236
-1980
-1692
-1244
-460
180
-112
-1052
-1372
-428
1052
1980
1980
1820
1820
1820
1980
2492
3260
3644
3516
3004
2748
2748
2620
2876
4092
5628
6140
5116
3516
3004
3132
3004
2748
3388
4604
4860
2876
372
-588
-180
212
48
-244
-684
-1692
-3260
-4092
-4092
-3516
-3388
-3900
-4348
-4860
-5628
-6396
-5884
-4604
-3900
-4604
-5372
-5372
-4604
-3644
-3260
-3004
-2876
-2492
-2236
-1820
-1436
-1180
-924
-308
556
988
748
244
492
1500
2364
2748
2620
1980
1052
292
780
2364
3388
2492
1244
1116
1372
844
-24
308
1756
2236
924
-556
-780
-56
492
716
780
556
-492
-1564
-1372
-48
924
460
-812
-1564
-1500
-1116
-844
-524
-56
0
-748
-1308
-1116
-524
-148
112
428
620
372
0
228
924
1820
2364
2364
1980
1756
1756
1980
2492
3132
3388
3004
2364
1980
1820
1884
1980
1980
2108
3004
3900
3900
3004
2364
2876
3516
3132
2108
1756
2492
3260
3260
2236
924
80
-588
-1180
-1308
-1244
-1436
-2108
-2876
-3516
-4348
-5116
-5116
-4604
-4092
-4860
-6140
-6908
-6396
-5372
-4860
-4860
-5116
-4604
-4092
-3388
-3004
-2620
-2236
-1564
-556
180
180
-260
-292
492
1628
2108
1980
1884
1820
1884
2364
3132
3644
3132
1756
1308
2108
2876
2620
1980
1756
1436
428
-588
-428
652
1052
308
-588
-716
-588
-844
-812
-228
148
-308
-1116
-1244
-620
-64
-148
-460
-460
-196
-260
-588
-524
-32
212
32
-64
120
212
96
112
460
780
716
460
524
1052
1564
1756
1756
1980
2364
2620
2748
2876
3004
3004
2748
2748
2876
2748
2492
2108
1564
1372
1436
2108
3004
3516
3004
1692
1308
2236
3388
3260
1820
748
844
1756
2108
1628
748
-164
-812
-1500
-1980
-2236
-2108
-1980
-2236
-3004
-4348
-5372
-5116
-4092
-3516
-4092
-5372
-6140
-5628
-4604
-4348
-4604
-5116
-4604
-3516
-2492
-2236
-2748
-2876
-2108
-780
228
164
-652
-1052
-396
924
1820
2108
1756
1756
2364
3004
3260
2748
1980
1884
2108
2236
2108
1980
1628
1308
748
180
-180
-620
-780
-556
-112
-244
-1180
-1884
-1756
-1052
-844
-1052
-1116
-924
-716
-620
-492
-308
-96
132
396
780
988
988
844
924
1372
1436
1180
812
876
1116
1308
1308
1308
1372
1436
1500
1564
1628
1628
1564
1564
1756
1820
1692
1564
1692
1980
1980
1820
1628
1500
1372
1244
1244
1116
1052
1372
1980
2620
2364
1564
1308
2236
3644
3772
2364
844
492
1372
2236
2492
1980
924
-196
-1116
-1436
-1308
-1180
-1116
-1436
-2108
-3388
-4348
-4604
-3644
-2748
-3132
-4348
-5628
-5372
-4604
-3900
-4092
-4604
-4604
-4092
-2876
-2364
-2748
-3388
-3132
-1820
-396
-24
-924
-1980
-1756
-396
1116
1628
1244
460
588
1756
2492
2108
844
-88
-64
460
1116
1436
1244
276
-924
-1372
-1116
-396
-244
-292
-88
-244
-988
-1436
-844
212
588
244
-48
276
748
1116
1180
1180
1372
1628
1692
1820
2108
2236
1980
1756
1884
1820
1372
988
1052
1372
1436
1180
780
556
652
924
1116
1244
1116
684
340
524
1180
1500
1500
1372
1180
876
780
988
1308
1372
1052
716
620
748
844
876
1372
2108
2492
1756
844
1180
2620
3900
3900
2876
1756
1052
1116
1436
1980
2620
2492
1628
-196
-1820
-2236
-1308
-164
-292
-1692
-3260
-4092
-3772
-3260
-3132
-3644
-4604
-5372
-5372
-4604
-4604
-5116
-5628
-5116
-4092
-3516
-3644
-4348
-4348
-3644
-2492
-1628
-1692
-2364
-2876
-2492
-1244
-8
492
372
104
-148
16
620
1180
1372
1372
1628
1692
1244
524
396
1244
1980
1980
1308
812
684
652
924
1564
2108
1628
524
-32
460
1436
2108
2108
1500
924
556
716
1436
2236
2236
1628
844
652
876
1052
1180
1244
988
372
-40
8
396
812
1116
1116
988
812
684
716
1116
1692
1980
1980
1692
1564
1564
1628
1980
2236
2108
1884
1500
1308
1372
1500
1500
1372
1180
1180
1500
1884
1884
1372
924
1308
2364
3260
3132
2236
1116
428
460
1244
2236
2364
1436
-48
-1244
-1756
-1692
-1308
-1052
-1500
-2620
-3900
-4604
-4348
-4092
-4092
-4860
-5628
-5884
-5884
-5884
-5884
-5884
-5884
-5884
-5372
-4860
-4604
-4604
-4604
-4092
-3388
-2748
-2364
-2236
-1756
-988
-164
356
372
308
652
1372
2108
2492
2876
2748
2236
1564
1628
2364
3004
2876
2364
1980
1628
1564
1628
1884
1980
1628
1116
780
748
844
924
924
988
924
844
780
988
1372
1500
1372
1308
1244
1244
1308
1436
1564
1500
1116
812
812
1052
1244
1244
1244
1116
988
876
988
1244
1500
1436
1180
988
988
988
1052
1244
1244
1052
780
748
924
1244
1308
1116
924
876
844
780
812
924
1244
1500
1436
1244
1116
1372
1980
2876
3388
3004
1820
620
356
1116
2236
2876
2492
1308
-260
-1500
-1756
-1116
-396
-428
-1564
-3132
-4348
-4348
-4092
-3772
-4092
-4604
-5628
-6140
-6396
-6140
-5628
-5628
-5884
-5884
-5628
-5116
-4604
-4348
-4092
-3644
-3132
-2748
-2236
-1820
-1564
-988
-228
524
988
876
588
812
1820
2748
3004
2620
2108
1884
2108
2492
2748
2876
2492
1884
1500
1564
1756
1820
1500
1244
924
684
396
276
588
1052
1244
988
556
356
748
1436
1980
2108
1756
1308
1180
1436
1884
2108
1884
1436
1244
1180
1308
1500
1500
1436
1308
1180
924
812
924
1116
1180
988
684
620
876
1180
1436
1372
988
684
812
1244
1628
1564
1116
748
620
652
748
748
620
684
1052
1244
988
492
212
460
1244
2108
2620
2236
1180
276
-56
396
1308
1980
1820
844
-244
-1052
-1372
-1116
-652
-524
-1308
-2748
-3772
-4092
-3772
-3516
-3772
-4348
-5116
-5628
-5884
-5884
-5628
-5372
-5372
-5372
-5628
-5372
-5116
-4604
-4092
-3388
-3260
-3132
-2748
-2108
-1372
-684
-72
228
196
324
1052
2108
2876
3004
2876
2748
2748
2620
2620
3004
3388
3260
2620
2108
1980
1884
1692
1692
1756
1500
780
196
308
748
988
876
684
620
684
780
1116
1628
1820
1628
1244
1308
1692
1980
1980
1980
1884
1756
1500
1436
1564
1820
1756
1372
988
780
684
748
924
988
684
148
-112
164
524
588
372
48
-180
-212
-32
292
492
460
340
308
492
588
588
588
780
1180
1500
1500
1052
716
652
1180
1980
2492
2364
1820
1180
716
620
748
1052
1372
1244
588
-356
-1052
-1244
-1116
-1052
-1180
-1692
-2620
-3516
-3772
-3644
-3388
-3516
-4092
-4860
-5372
-5372
-5116
-4860
-4604
-4860
-5372
-5372
-5116
-4604
-4092
-3900
-3516
-3388
-3132
-2492
-1980
-1436
-988
-524
-244
-228
-8
780
1820
2364
2236
2108
2236
2364
2492
2748
3260
3388
3260
2876
2876
2876
2620
2236
2364
2620
2492
1756
1244
1372
1756
1884
1628
1372
1116
1116
1180
1628
1980
1756
1244
924
988
1244
1308
1372
1372
1244
924
748
876
1244
1436
1180
780
492
276
260
340
492
460
24
-460
-524
-340
-228
-212
-244
-212
-180
-324
-372
-164
148
308
228
148
180
276
340
492
876
1116
1116
988
988
1052
1116
1180
1564
2108
2364
2236
1692
1244
1180
1180
1244
1308
1372
1180
428
-460
-924
-876
-780
-988
-1500
-2236
-2748
-3260
-3516
-3516
-3644
-4092
-4604
-5116
-5116
-5116
-4860
-5116
-5372
-5372
-5372
-5116
-4604
-4348
-4092
-3772
-3644
-3260
-2620
-1980
-1692
-1436
-1052
-556
-372
-180
460
1244
1756
1980
2236
2492
2620
2620
2748
3388
3772
3516
2876
2748
2876
3132
3132
3004
3004
2748
2364
2236
2492
2492
2236
1884
1692
1756
1692
1500
1564
1756
1884
1628
1180
924
1052
1244
1436
1564
1372
876
340
228
620
1052
988
748
428
64
-80
64
372
556
324
-104
-276
-148
96
324
428
324
180
16
24
340
684
684
428
292
460
684
652
460
372
524
812
988
844
492
180
196
684
1500
1884
1564
716
148
180
460
652
620
556
372
-148
-812
-1116
-924
-924
-1244
-1756
-2108
-2620
-3132
-3388
-3516
-3644
-4092
-4604
-4860
-5116
-5116
-5372
-5372
-5372
-5372
-5628
-5372
-5116
-4860
-4348
-4092
-3772
-3644
-3260
-2620
-1756
-1244
-1116
-1052
-748
-120
652
1500
2236
2620
2492
2364
2748
3388
3900
3900
4092
4092
4092
4092
4092
4348
4348
4092
3644
3516
3516
3260
3004
2748
2620
2492
2236
1980
1820
1820
1820
1756
1564
1244
924
748
812
1116
1180
876
588
524
652
748
684
620
620
524
372
196
48
8
120
292
356
260
-8
-132
72
396
556
372
48
-24
212
460
524
356
148
104
132
164
228
196
96
148
308
308
88
-120
80
780
1308
1308
748
148
-80
164
556
652
684
620
276
-164
-588
-716
-716
-924
-1244
-1692
-2108
-2748
-3132
-3388
-3516
-3772
-4092
-4604
-4860
-5116
-5372
-5372
-5372
-5372
-5628
-5628
-5372
-5116
-4604
-4348
-4092
-3900
-3516
-3132
-2620
-1980
-1180
-748
-780
-812
-372
524
1436
2236
3004
3132
2748
2236
2620
3644
4604
4860
4348
4092
3772
3644
3900
4348
4604
4348
3388
2748
2620
2876
3260
3132
2748
2108
1564
1372
1628
1980
1980
1564
1116
988
1116
1116
1116
1244
1180
924
652
588
684
924
1052
924
748
524
396
428
556
556
324
-8
-96
64
196
228
104
-56
-196
-196
0
212
292
120
-180
-396
-428
-196
88
292
396
276
16
-260
-196
120
324
492
620
620
396
40
-48
148
324
308
164
56
-16
-212
-524
-684
-652
-652
-988
-1628
-2108
-2108
-1980
-2236
-2620
-3132
-3516
-3644
-3772
-3772
-3900
-4092
-4604
-4604
-4860
-4604
-4604
-4604
-4348
-4348
-4348
-4092
-3900
-3516
-2876
-2364
-1980
-1980
-2108
-1820
-1180
-324
460
1180
1628
1692
1436
1564
2236
3260
3772
3772
3644
3388
3132
3260
3772
4348
4348
3644
3004
2748
3004
3260
3260
3004
2620
2108
1820
1756
1980
2108
1980
1564
1180
1052
1052
1116
1244
1372
1308
1116
924
876
1052
1180
1052
876
748
716
652
620
652
620
620
492
372
212
164
196
196
56
-120
-308
-460
-396
-308
-356
-556
-716
-716
-588
-524
-524
-428
-260
-180
-244
-276
-212
-112
212
652
924
780
308
104
372
844
988
876
652
556
460
244
16
-80
-112
-260
-524
-924
-1372
-1756
-1884
-1884
-1980
-2492
-3260
-3772
-3772
-3516
-3388
-3644
-4092
-4604
-4604
-4348
-4092
-4092
-4348
-4348
-4092
-3644
-3132
-2876
-2620
-2364
-2236
-2108
-1820
-1308
-748
-244
276
748
924
924
1052
1436
1980
2492
2620
2492
2492
2492
2620
2876
3132
3260
3132
2748
2492
2748
3004
3004
2748
2492
2492
2492
2620
2620
2492
2492
2364
2236
2108
1884
1756
1756
1820
1884
1820
1628
1372
1180
1180
1308
1372
1180
924
652
460
396
396
396
340
96
-212
-428
-492
-524
-556
-716
-876
-812
-652
-556
-620
-652
-620
-588
-524
-524
-396
-228
-104
-80
-48
-80
-180
-212
-180
-16
180
340
292
164
-40
-292
-428
-324
-88
80
88
-132
-556
-844
-924
-812
-716
-812
-1116
-1436
-1628
-1564
-1564
-1628
-1820
-1980
-2236
-2364
-2620
-2748
-2748
-2620
-2748
-2876
-3132
-3132
-3132
-3004
-2876
-2876
-2876
-2876
-2876
-2620
-2364
-2236
-1980
-1628
-1564
-1564
-1308
-924
-492
-180
-164
-24
228
588
988
1308
1564
1756
1980
2108
2492
2748
2876
3004
3260
3388
3388
3388
3516
3644
3900
3900
3900
3644
3516
3388
3260
3260
3388
3388
3004
2492
2236
2364
2364
2108
1692
1500
1372
1180
780
684
460
212
-132
-556
-460
-396
-460
-876
-1180
-1244
-1244
-1308
-1372
-1372
-1372
-1308
-1244
-1180
-1244
-1372
-1500
-1244
-924
-652
-716
-924
-924
-780
-524
-324
-292
-324
-396
-492
-292
-16
132
132
0
-112
-72
-16
-88
-132
-96
-72
-72
-72
-104
-180
-260
-356
-460
-556
-652
-684
-684
-780
-1052
-1180
-1308
-1436
-1564
-1628
-1756
-1884
-1980
-1980
-2108
-2108
-2108
-2108
-2108
-2108
-2236
-2364
-2236
-1980
-1628
-1500
-1564
-1628
-1436
-988
-812
-812
-748
-524
-276
16
260
460
620
652
748
1052
1372
1436
1436
1628
1980
2108
2236
2108
1980
2108
2236
2364
2364
2492
2364
2236
2236
2108
2108
2236
2236
2108
1884
1820
1884
1884
1820
1692
1564
1436
1180
988
924
988
988
812
556
356
276
148
-16
-132
-228
-460
-684
-812
-812
-844
-988
-1116
-1180
-1052
-988
-1052
-1116
-988
-780
-684
-684
-780
-780
-652
-492
-356
-324
-308
-340
-308
-196
-88
-96
-164
-112
0
24
-24
-56
-120
-148
-260
-492
-620
-620
-556
-556
-588
-716
-924
-1116
-1116
-924
-844
-812
-876
-988
-988
-924
-844
-844
-924
-812
-748
-716
-652
-620
-524
-460
-492
-492
-524
-556
-492
-428
-356
-292
-308
-356
-372
-372
-372
-324
-324
-340
-460
-556
-428
-180
0
56
-40
-148
-56
212
492
556
492
524
620
844
1052
1116
1116
1244
1436
1628
1692
1564
1564
1692
1820
1980
1980
1884
1756
1692
1692
1628
1628
1564
1436
1308
1180
1116
1116
1052
924
748
492
308
196
148
64
-104
-276
-396
-460
-556
-716
-988
-1180
-1244
-1244
-1244
-1308
-1308
-1436
-1372
-1308
-1244
-1180
-1244
-1244
-1116
-988
-844
-780
-716
-652
-524
-396
-228
-104
-24
88
196
260
372
396
372
396
428
460
492
460
372
372
292
148
24
-16
-16
0
-48
-180
-340
-428
-372
-292
-324
-460
-652
-748
-652
-492
-428
-588
-780
-876
-844
-748
-684
-780
-780
-812
-812
-844
-988
-1052
-988
-748
-588
-652
-844
-1052
-1052
-844
-652
-556
-588
-652
-620
-428
-228
-132
-24
88
260
428
556
684
844
1052
1244
1436
1500
1564
1564
1692
1820
1884
1980
2108
2108
1980
1820
1884
1980
1980
1980
1820
1628
1372
1244
1180
1116
988
812
620
428
356
276
148
-32
-244
-396
-492
-652
-716
-748
-876
-1052
-1116
-1116
-1052
-988
-1052
-1116
-1116
-988
-876
-780
-780
-812
-780
-652
-492
-396
-356
-324
-180
-16
56
0
-148
-148
-16
164
196
112
24
-56
-80
-80
-96
-164
-228
-244
-228
-180
-196
-212
-276
-308
-260
-260
-260
-260
-164
-120
-164
-292
-372
-324
-212
-148
-164
-112
-148
-180
-196
-292
-340
-372
-396
-356
-356
-428
-524
-684
-716
-716
-652
-588
-556
-588
-588
-556
-524
-428
-324
-212
-164
-132
-120
-64
-8
80
212
228
244
180
196
276
396
524
588
652
684
748
844
988
1052
1052
1052
1052
988
1052
1116
1180
1244
1308
1244
1180
1116
1052
1116
1116
1052
1052
924
748
620
460
356
212
48
-24
-112
-212
-324
-492
-588
-716
-780
-844
-876
-812
-780
-812
-844
-924
-988
-924
-876
-844
-812
-780
-748
-620
-492
-396
-356
-324
-244
-112
-40
-48
-72
-72
-40
32
132
148
80
132
180
132
56
-40
-72
8
80
120
72
-40
-112
-132
-56
16
48
16
0
0
32
48
72
56
40
0
-16
-64
-180
-212
-212
-180
-196
-276
-396
-460
-460
-372
-340
-340
-428
-556
-556
-556
-524
-588
-652
-620
-524
-492
-492
-524
-588
-620
-524
-396
-244
-212
-196
-180
8
260
460
556
524
588
780
924
1052
1052
988
1052
1244
1372
1500
1436
1372
1436
1436
1436
1372
1308
1244
1244
1180
1116
1052
924
780
716
556
356
276
132
24
-56
-212
-372
-556
-716
-780
-844
-876
-876
-876
-924
-988
-1116
-1116
-988
-924
-924
-876
-812
-716
-620
-556
-524
-460
-396
-292
-196
-148
-104
-96
-40
0
16
40
96
132
104
104
56
-32
-56
-24
24
96
148
112
40
-16
0
56
132
196
196
104
64
56
8
-32
0
40
32
0
-132
-260
-340
-276
-244
-308
-428
-524
-588
-652
-652
-716
-780
-812
-844
-812
-780
-812
-844
-812
-716
-588
-492
-556
-556
-492
-308
-164
-88
-80
-72
48
228
340
372
428
492
652
812
924
924
924
924
1116
1180
1244
1244
1180
1244
1308
1244
1180
1180
1244
1244
1244
1116
988
924
924
988
876
716
524
372
292
164
8
-196
-308
-372
-460
-556
-652
-748
-812
-748
-716
-780
-876
-876
-844
-748
-684
-748
-876
-876
-812
-716
-620
-556
-492
-428
-396
-292
-164
-104
-56
64
132
180
228
196
180
180
212
228
244
228
148
80
132
244
340
308
244
164
88
104
164
196
164
48
-56
-40
-48
-56
-80
-132
-180
-244
-244
-244
-260
-228
-196
-260
-356
-428
-556
-524
-460
-428
-460
-492
-492
-524
-492
-524
-460
-428
-396
-308
-196
-196
-292
-324
-244
-148
-80
-64
-8
56
132
164
180
228
292
372
428
524
556
492
460
524
556
620
588
524
492
556
620
620
620
588
556
524
492
428
340
324
324
292
276
228
120
88
132
180
164
32
-120
-212
-196
-96
-80
-196
-308
-372
-396
-396
-372
-372
-396
-396
-460
-556
-556
-492
-372
-260
-244
-276
-292
-276
-228
-132
-56
16
132
196
196
164
112
132
212
292
292
276
276
340
356
324
212
104
32
48
112
132
112
32
-48
-64
-56
-64
-80
-132
-164
-120
-72
-64
-96
-132
-132
-148
-148
-164
-180
-196
-212
-196
-196
-212
-276
-292
-260
-196
-212
-244
-260
-260
-244
-260
-260
-260
-260
-228
-196
-148
-88
-72
-120
-112
-120
-120
-120
-120
-16
72
148
148
132
148
244
308
356
396
372
396
428
460
460
428
428
428
556
620
620
556
492
492
524
524
492
396
276
212
164
164
164
132
104
8
-88
-148
-132
-112
-120
-212
-340
-372
-340
-244
-196
-292
-396
-460
-460
-340
-212
-164
-164
-148
-88
-72
-56
-64
-72
-24
64
112
148
120
32
8
56
132
180
112
16
-40
-112
-72
0
24
-32
-96
-120
-96
-24
-40
-96
-132
-104
-16
40
-8
-132
-196
-132
-48
8
56
-56
-180
-212
-196
-104
-80
-132
-180
-196
-196
-164
-196
-244
-212
-212
-244
-276
-372
-428
-460
-428
-396
-396
-460
-492
-460
-428
-356
-308
-292
-308
-308
-276
-164
-104
-80
-64
-64
-48
0
40
104
212
324
356
356
324
340
460
556
652
716
716
716
748
780
748
780
844
844
844
812
716
652
716
780
812
684
556
460
428
396
340
180
24
-48
-96
-132
-212
-276
-324
-372
-396
-428
-460
-524
-492
-396
-292
-276
-324
-372
-372
-340
-228
-212
-228
-212
-196
-164
-180
-180
-96
-88
-132
-164
-212
-212
-164
-132
-180
-228
-244
-244
-244
-244
-244
-260
-228
-164
-132
-132
-148
-88
0
64
80
80
72
132
196
212
180
148
180
180
196
112
8
-64
-72
-40
-80
-132
-212
-244
-228
-292
-428
-524
-524
-460
-428
-428
-428
-460
-460
-396
-324
-324
-372
-396
-276
-148
-96
-32
-32
-56
0
32
80
148
244
340
396
460
524
460
428
428
460
524
588
588
620
620
620
652
684
716
780
812
748
812
780
716
748
748
684
620
556
460
396
292
196
120
56
40
-8
-120
-260
-356
-396
-396
-396
-492
-588
-652
-684
-652
-652
-620
-620
-620
-620
-556
-524
-492
-460
-428
-396
-396
-372
-308
-260
-228
-148
-104
-72
-56
-80
-72
-24
104
132
80
0
-24
0
32
24
-40
-112
-88
-80
-80
-56
-64
-120
-132
-80
-72
-88
-80
-40
8
40
32
0
-80
-120
-120
-112
-56
-48
-72
-148
-180
-180
-164
-164
-164
-196
-244
-292
-276
-260
-260
-244
-228
-196
-164
-104
-112
-88
-56
0
72
164
244
244
292
396
460
524
556
556
588
588
684
780
812
844
876
924
924
876
780
716
748
716
652
556
428
396
396
340
244
132
16
-64
-88
-120
-164
-244
-372
-428
-460
-428
-428
-492
-556
-556
-556
-492
-460
-460
-492
-524
-492
-396
-356
-396
-428
-356
-276
-196
-196
-244
-276
-276
-180
-120
-132
-120
-148
-104
-32
0
24
0
0
24
104
132
64
0
-8
0
16
8
-24
-64
-80
-32
-8
0
16
32
24
8
-16
-56
-64
-40
-32
-8
-8
-16
-56
-104
-112
-148
-164
-132
-132
-132
-148
-180
-148
-88
-72
-64
0
-24
-56
-16
-16
-16
-8
-32
-80
-104
-88
-32
32
88
112
96
88
148
212
244
212
212
292
356
396
428
428
428
460
556
588
524
524
492
524
588
652
652
556
460
356
276
260
276
196
96
0
-88
-132
-196
-228
-292
-308
-340
-396
-428
-460
-460
-428
-428
-428
-428
-396
-396
-356
-324
-308
-340
-340
-292
-212
-180
-148
-132
-180
-148
-132
-164
-164
-180
-212
-164
-112
-64
-80
-148
-132
-80
-8
-8
-16
-16
-32
0
24
32
48
48
64
56
148
180
164
148
112
104
132
212
228
212
164
80
24
48
88
96
72
8
-16
-32
-72
-80
-112
-104
-48
-88
-88
-132
-180
-196
-164
-88
-64
-56
-64
-56
-16
0
-24
32
48
80
40
-8
24
104
148
164
164
148
180
180
196
244
244
228
244
244
292
324
324
292
260
260
260
228
164
96
120
196
164
96
16
-80
-148
-148
-132
-104
-112
-164
-196
-212
-228
-244
-228
-228
-196
-196
-244
-260
-276
-212
-132
-88
-112
-244
-276
-212
-196
-244
-196
-32
48
-16
-180
-180
8
96
56
0
0
88
164
196
212
228
228
148
48
0
72
180
120
64
64
148
64
-120
-112
80
244
120
-8
0
148
16
-260
-212
148
308
32
40
308
292
24
-132
-80
112
308
228
8
-8
48
-64
-228
-292
-276
-56
132
88
-40
-164
-260
-308
-292
-132
148
308
212
-40
-276
-396
-324
-88
276
396
228
-16
-228
-260
-164
-56
24
164
148
-104
-180
-48
-104
-276
-276
-16
132
164
-96
-396
-324
-120
-196
-228
0
80
-80
-148
16
88
164
132
48
212
492
396
228
228
212
96
104
324
492
428
212
88
40
88
48
32
24
-48
-24
8
148
228
32
-276
-340
-244
-132
-72
-16
-120
-244
-260
-428
-492
-396
-164
88
80
-72
-308
-428
-460
-396
-196
96
244
-16
-428
-460
-324
-292
-212
16
372
428
64
-244
-228
-16
180
340
492
460
244
8
48
276
292
308
356
428
460
324
148
80
212
396
460
396
180
0
-48
0
64
120
56
-164
-324
-276
-72
40
0
-120
-228
-276
-228
-148
-120
-112
-24
0
-64
-164
-180
-196
-120
32
212
276
88
-164
-228
-88
16
80
112
132
64
-64
-72
0
40
56
112
196
196
180
112
96
196
260
244
196
148
104
104
164
180
132
88
40
72
148
180
88
-24
-120
-180
-212
-260
-212
-196
-164
-196
-308
-396
-428
-396
-356
-292
-244
-276
-356
-396
-396
-372
-292
-212
-88
-24
-48
-132
-148
-104
0
104
164
112
0
-96
-72
24
120
212
148
104
104
104
104
96
120
148
148
80
112
196
148
80
16
0
-56
-80
-48
-16
24
72
132
112
24
-80
-104
-96
-8
48
48
-24
-72
-64
-48
24
24
-16
-40
-8
48
80
32
-32
-48
0
0
-16
-72
-112
-56
56
180
164
88
32
40
132
196
276
244
148
120
164
212
260
292
276
276
260
260
276
276
260
244
196
148
64
72
64
64
96
80
24
-40
-56
-64
-64
-80
-64
-56
-80
-132
-212
-260
-308
-324
-308
-276
-308
-372
-396
-372
-276
-180
-180
-212
-228
-212
-148
-56
-8
8
24
40
72
104
40
-56
-56
24
112
132
80
40
104
104
120
120
80
0
-72
-16
32
64
48
32
0
-64
-56
-40
-56
-32
32
72
64
32
-32
-148
-132
-80
-32
-40
-64
-72
-96
-96
-64
-64
-40
-16
0
-8
-64
-56
-24
-32
-8
-24
-80
-120
-132
-104
-80
-88
-104
-112
-96
-56
0
48
48
8
-8
-24
16
88
96
88
96
112
96
56
48
48
88
148
148
132
64
8
8
24
104
132
88
72
80
72
132
212
260
244
180
96
8
-32
8
96
96
64
40
-32
-72
-72
-40
-8
-48
-112
-180
-212
-196
-132
-104
-104
-164
-180
-164
-72
0
40
56
40
32
48
72
72
104
104
88
72
56
88
120
132
132
104
88
48
16
8
8
8
-8
-48
-64
-72
-56
-16
8
16
-40
-112
-164
-120
-32
16
72
56
-16
-24
-8
40
120
112
104
72
64
56
72
104
80
72
96
56
0
0
24
80
104
16
-112
-164
-180
-132
-40
-40
-64
-112
-132
-164
-164
-132
-88
-40
0
-8
-80
-132
-96
0
56
64
24
-24
-24
24
104
132
104
64
32
8
32
64
72
64
40
32
-8
-32
0
56
104
148
112
24
-16
-24
16
64
80
32
-48
-104
-104
-72
-16
-16
-56
-56
-40
24
40
32
-8
-72
-40
0
64
56
24
-48
-104
-112
-88
-64
-64
-64
-148
-180
-212
-276
-324
-308
-308
-308
-292
-308
-292
-276
-260
-244
-260
-276
-276
-244
-180
-132
-72
-80
-56
-8
16
32
96
180
212
244
228
228
276
292
356
372
324
276
244
260
244
244
244
228
164
148
132
148
148
148
148
148
148
164
212
244
276
244
180
96
96
112
96
120
132
112
72
40
0
0
40
40
16
-8
-16
-8
0
-24
-72
-96
-132
-148
-112
-88
-72
-48
-56
-40
-32
-32
-64
-88
-96
-80
-48
-40
-32
-48
-40
-8
-24
-48
-72
-56
-64
-32
0
8
0
-64
-96
-132
-244
-260
-244
-212
-180
-164
-164
-212
-228
-260
-244
-196
-196
-196
-164
-120
-104
-56
-48
-80
-104
-88
-40
-8
8
16
8
40
24
24
40
8
24
64
88
96
88
120
132
148
132
104
56
40
88
180
212
196
164
132
104
88
104
148
164
164
164
164
132
120
120
112
104
80
56
64
40
24
24
56
64
0
-32
-48
-56
-8
16
16
0
-16
-40
0
8
8
48
32
24
56
104
96
56
32
24
8
16
40
40
48
56
16
24
32
16
16
-32
-80
-112
-88
-56
-32
-72
-104
-80
-72
-56
-48
-64
-132
-196
-228
-228
-228
-244
-276
-292
-340
-356
-292
-276
-244
-244
-260
-228
-180
-180
-164
-132
-148
-148
-112
-72
-40
0
24
16
0
16
56
112
148
132
120
104
112
148
164
148
132
120
132
132
80
64
24
64
120
132
164
132
132
164
148
148
148
164
196
228
276
276
228
196
180
180
148
148
148
88
56
56
48
16
16
24
8
-32
-80
-112
-104
-40
0
-16
-8
-48
-80
-56
-48
-64
-40
-8
8
72
72
96
56
8
16
80
132
148
132
112
104
48
32
0
0
8
-16
-72
-112
-164
-180
-132
-120
-148
-228
-324
-372
-372
-324
-292
-276
-228
-212
-196
-148
-164
-148
-132
-132
-96
-72
-88
-112
-88
-80
-80
-112
-88
-48
-24
-8
0
0
-8
64
88
72
32
-8
56
132
148
148
132
164
212
276
292
276
244
212
244
292
308
276
244
244
228
196
164
132
148
180
180
148
96
80
48
32
0
-24
-80
-104
-112
-104
-64
-80
-120
-132
-132
-132
-148
-164
-164
-132
-104
-104
-80
-72
-80
-56
-40
-24
-24
-40
-96
-112
-96
-32
-8
0
8
-16
-40
0
48
72
80
56
40
16
16
24
24
32
16
0
-48
-32
8
64
112
96
40
-16
-112
-180
-164
-164
-148
-132
-148
-164
-180
-196
-244
-244
-260
-244
-228
-180
-132
-164
-180
-148
-132
-96
-112
-148
-164
-132
-48
16
56
0
-48
-32
0
48
88
56
56
104
120
148
132
104
148
196
244
212
132
120
148
148
196
212
196
164
112
104
132
164
180
212
244
196
180
132
120
120
96
72
96
64
16
-16
-72
-40
-8
0
-32
-88
-80
-32
16
24
56
8
-32
-40
-64
-16
0
8
24
48
64
56
32
64
64
64
88
80
56
16
-8
24
88
132
148
96
56
40
64
88
104
112
56
56
48
0
-40
-32
-16
-16
48
56
40
0
-24
-24
0
-40
-120
-148
-164
-164
-148
-164
-180
-180
-244
-244
-244
-244
-228
-228
-196
-164
-196
-228
-212
-196
-148
-148
-180
-196
-196
-180
-132
-80
-96
-104
-112
-112
-112
-96
-72
-56
-24
-8
-16
-40
-88
-88
-56
0
32
32
48
56
40
56
80
80
64
24
0
24
88
96
104
64
8
-8
16
72
72
64
40
8
32
72
72
104
132
112
72
24
16
16
40
72
72
56
40
48
72
72
112
132
148
132
104
88
96
132
132
120
88
40
72
164
212
228
196
164
132
120
164
180
164
148
132
132
132
148
148
112
56
24
-24
-32
16
48
32
0
-16
-40
-32
-24
0
8
0
-24
-80
-96
-72
-40
-8
-24
-64
-104
-132
-112
-64
-32
-24
-24
-56
-88
-72
-56
-72
-56
-48
-56
-132
-132
-112
-88
-64
-64
-72
-132
-148
-148
-64
-8
-24
-56
-120
-148
-132
-96
-64
-72
-120
-180
-196
-180
-132
-96
-88
-112
-132
-148
-148
-104
-48
-40
-56
-88
-164
-196
-180
-196
-148
-96
-48
-24
-40
-96
-104
-80
-16
0
-32
-40
-72
-56
0
72
64
40
16
-32
-32
0
0
24
56
88
120
96
88
96
164
212
228
244
196
180
180
196
180
212
244
244
244
260
276
276
276
276
292
292
244
196
180
148
132
132
132
132
56
0
-32
0
40
64
56
0
-48
-112
-96
-72
-72
-72
-88
-96
-64
-56
-120
-132
-132
-96
-72
-48
-56
-112
-120
-96
-64
-40
-32
-56
-96
-112
-72
-40
-48
-16
24
40
8
-24
-64
-64
-56
-32
-48
-72
-64
-40
-8
8
-16
-64
-88
-72
-32
0
0
-48
-80
-88
-80
-64
-64
-88
-88
-88
-104
-80
-40
-8
-40
-32
-8
-32
-56
-48
-64
-56
-48
-32
0
-8
-48
-64
-88
-64
-16
8
32
24
16
8
16
32
48
16
0
8
8
48
64
32
0
-24
-40
-32
-24
-24
-16
0
0
0
-24
8
56
88
80
72
96
88
132
132
112
96
72
80
104
112
88
72
64
64
72
80
48
-16
-24
-48
-64
-56
-40
-32
-48
-32
-24
-48
-88
-88
-96
-96
-96
-56
8
56
80
72
48
88
88
88
112
80
32
16
-8
0
56
48
48
48
56
56
72
112
112
72
56
8
24
16
-16
-40
-56
-80
-56
-8
0
-16
-48
-64
-48
-32
-24
0
8
24
8
0
-16
0
40
64
88
80
64
72
104
120
120
72
40
72
88
80
80
48
0
0
-16
-8
-32
-56
-56
-56
-56
-80
-148
-180
-148
-132
-96
-48
-56
-88
-96
-72
-16
-8
-24
-24
0
32
56
80
24
-32
-40
-32
8
32
8
-32
-40
-24
-24
-40
-64
-104
-132
-96
-88
-104
-164
-164
-164
-180
-196
-180
-180
-148
-132
-120
-104
-88
-88
-112
-96
-80
-56
-32
0
24
8
-16
-32
0
16
0
-8
16
24
56
72
88
88
88
88
72
56
0
-8
-16
8
24
0
-8
-8
-8
-8
0
-16
0
24
64
56
32
8
0
72
132
148
148
112
72
104
180
212
244
228
164
164
180
212
244
244
212
180
148
132
132
148
112
80
64
64
64
48
64
88
96
88
56
48
16
8
40
64
64
88
64
24
40
24
32
32
-8
-32
-40
-56
-64
-64
-64
-88
-72
-24
0
0
-8
-40
-80
-80
-80
-88
-132
-164
-164
-180
-148
-148
-180
-164
-180
-164
-148
-212
-228
-212
-212
-196
-196
-196
-196
-180
-180
-196
-212
-196
-164
-112
-88
-132
-132
-132
-148
-164
-164
-148
-120
-104
-72
-56
-48
-40
-48
-32
-16
0
24
8
40
64
64
96
148
164
164
132
80
72
80
80
64
72
72
80
148
180
148
88
64
80
132
164
132
112
88
88
132
180
132
80
88
88
96
148
164
148
132
112
132
132
132
132
112
88
80
72
48
56
48
8
-8
-8
-16
8
48
56
24
-8
-32
-48
-24
-16
-8
-8
0
32
48
56
32
0
-8
0
48
80
64
48
64
88
104
104
64
48
40
56
56
32
48
32
0
-8
-40
-72
-104
-120
-120
-132
-148
-148
-120
-132
-180
-244
-244
-228
-212
-164
-132
-164
-212
-180
-148
-120
-132
-148
-132
-96
-72
-72
-104
-132
-112
-88
-56
-24
-80
-104
-80
-8
32
48
24
-8
-8
-16
8
32
-16
-56
-56
-32
-24
-16
-24
-32
-32
-8
-16
-16
0
16
40
40
72
56
48
64
48
40
16
32
56
72
104
80
56
64
80
64
24
8
32
64
104
96
80
32
8
24
64
80
56
32
32
16
40
72
56
40
0
-16
0
40
40
48
64
56
32
32
0
8
48
48
48
48
48
24
8
32
0
-8
16
72
80
72
72
48
16
8
32
24
16
8
16
