SAMPLES:	9362
BITSPERSAMPLE:	16
CHANNELS:	1
SAMPLERATE:	16000
NORMALIZED:	FALSE
0
0
0
0
0
0
0
0
0
0
0
0
0
0
0
0
0
0
0
0
0
0
0
0
0
0
0
0
0
0
0
0
0
0
0
0
0
0
0
0
0
0
0
-8
-8
-8
-8
-8
-8
-8
0
0
0
0
0
0
0
0
0
0
-8
-8
0
0
0
0
0
0
0
0
0
0
0
0
8
0
0
0
0
0
0
0
0
0
8
8
8
8
8
8
8
8
8
8
8
16
8
8
8
8
8
8
8
8
8
8
8
0
0
0
0
0
0
0
0
0
0
0
0
0
0
0
0
0
0
0
0
0
0
0
0
0
0
0
0
0
0
0
0
0
0
0
0
0
0
0
0
0
0
0
0
0
0
0
0
0
0
0
0
0
0
0
0
0
0
-8
-8
0
0
0
0
0
-8
-8
-8
0
0
0
0
0
0
-8
-8
-8
-8
-8
0
-8
-8
-16
-16
-16
-16
-8
-8
-8
-8
-8
-8
0
0
0
0
0
0
0
0
0
0
0
0
0
0
0
0
8
8
0
0
0
8
8
8
8
8
0
0
0
0
0
0
0
0
0
8
0
8
8
8
8
8
8
8
8
8
8
8
0
8
0
0
0
0
0
0
0
0
8
8
8
8
0
0
0
0
0
0
0
0
0
0
0
0
0
0
0
0
0
0
0
0
0
0
0
0
0
0
0
0
0
0
0
-8
-8
-8
0
0
0
0
0
0
0
0
0
0
0
0
0
0
0
0
0
0
0
0
0
0
0
0
0
0
0
0
0
0
0
0
0
0
0
0
0
0
0
0
0
0
0
0
0
0
0
0
0
0
0
0
0
0
0
0
0
0
0
0
0
0
0
0
0
0
0
0
0
0
0
0
0
0
0
0
0
0
0
0
0
0
0
0
0
0
0
0
0
0
0
0
0
0
0
0
0
0
0
0
0
0
0
0
0
0
0
0
0
0
0
0
0
0
0
0
0
0
0
0
0
0
0
0
0
0
0
0
0
0
0
0
0
0
0
0
0
0
0
0
0
0
0
0
0
0
0
0
0
0
0
0
0
0
0
0
0
0
0
0
0
0
0
0
0
0
0
0
0
0
0
0
0
0
0
0
0
0
0
0
0
0
0
0
0
0
0
0
0
0
0
0
0
0
0
0
0
0
0
0
8
8
8
8
8
8
0
0
0
0
0
0
0
0
0
0
0
0
0
0
0
0
0
0
0
-8
-8
-8
-8
-16
-16
-16
-16
-8
-8
-8
-8
-8
-8
-8
-8
-8
-8
-8
-8
-8
-8
-8
0
0
0
0
0
0
0
0
0
0
0
0
0
0
0
0
0
0
0
0
8
8
0
8
8
0
0
0
0
0
0
8
8
8
8
0
0
0
0
8
8
8
0
0
0
0
0
0
0
0
0
0
8
8
0
8
0
0
0
0
0
0
0
0
0
0
0
0
0
0
-8
-8
-8
0
-8
0
0
0
0
0
0
0
0
-8
0
-8
-8
-8
-8
-8
-8
-8
-8
0
-8
-8
-8
-8
0
0
0
0
0
0
0
-8
-8
0
0
0
0
0
0
0
0
0
0
0
0
0
0
0
0
0
0
0
0
0
0
0
0
0
0
0
0
0
0
0
0
0
0
0
0
-8
0
0
0
0
0
0
0
0
0
0
0
0
0
0
0
0
0
0
0
0
0
0
0
0
8
8
8
8
8
8
8
8
8
8
8
8
8
8
8
8
8
8
8
8
8
8
8
8
8
0
0
8
0
0
0
0
0
0
0
0
0
0
0
0
0
0
0
0
0
0
0
0
0
0
-8
-8
-8
-8
-8
-8
0
0
0
0
0
0
0
0
0
0
0
0
0
0
0
0
0
0
0
0
0
0
0
0
0
0
0
0
0
0
0
0
0
0
0
0
0
0
0
0
0
0
0
0
0
0
0
0
0
0
0
0
0
0
0
0
0
0
0
0
0
0
0
0
0
0
0
0
0
0
0
0
0
0
0
0
0
0
0
0
0
0
0
0
0
0
0
0
0
0
0
0
0
0
0
0
0
0
0
0
0
0
0
0
-8
0
0
0
0
0
0
0
0
0
0
0
0
0
0
0
0
0
0
0
0
0
0
0
0
0
0
0
0
0
0
0
8
8
8
8
0
0
8
0
0
0
0
0
0
0
0
0
0
0
0
0
0
0
0
0
0
0
0
0
0
0
0
0
0
0
0
0
0
0
0
0
0
0
0
0
0
0
0
0
0
0
0
0
0
0
0
0
0
0
0
0
0
0
0
0
0
0
0
0
0
0
0
0
0
0
0
0
0
0
0
0
0
0
0
0
0
0
0
0
0
0
0
0
0
0
0
0
0
0
0
0
0
0
-8
-8
-8
-8
0
0
0
0
0
0
0
0
-8
-8
-8
0
0
0
0
-8
-8
-8
0
0
-8
0
0
0
0
0
0
0
0
0
0
0
0
0
0
0
0
0
0
0
0
0
0
0
0
0
0
0
0
0
0
0
8
8
8
8
8
8
8
0
0
8
8
8
8
8
0
8
0
0
0
0
0
0
0
8
8
0
0
0
0
0
0
0
0
0
0
0
0
0
0
0
0
0
0
0
0
0
0
0
0
0
0
0
0
0
0
0
0
0
0
0
0
0
0
0
0
0
0
0
0
0
0
0
0
0
0
8
8
0
0
0
0
0
0
8
8
0
0
0
0
0
0
0
0
0
0
0
0
0
0
0
0
0
0
0
0
0
0
0
0
0
0
0
0
0
0
0
0
0
0
0
0
0
0
0
0
0
0
0
0
0
0
0
0
0
0
0
0
0
0
0
0
0
0
0
0
0
0
0
0
0
0
0
0
0
0
0
0
0
0
0
0
0
0
0
0
0
0
0
0
0
0
0
0
0
0
0
0
0
0
0
0
0
0
-8
0
0
0
0
0
0
0
0
0
0
0
0
0
0
0
0
0
0
0
0
0
0
0
0
0
0
0
0
0
0
0
0
0
0
0
0
0
0
0
0
0
0
0
0
0
0
0
0
8
0
0
0
0
0
0
0
0
0
0
0
0
0
0
0
0
0
0
0
0
0
0
0
0
0
0
0
0
0
0
0
0
0
0
0
0
0
0
0
0
0
0
0
0
0
0
0
0
0
0
0
0
0
0
0
0
0
0
0
0
0
0
0
0
0
0
0
0
0
0
0
-8
-8
-8
-8
0
0
0
0
0
0
0
0
0
0
0
0
0
0
8
8
8
16
16
16
8
8
8
8
8
8
8
8
8
8
8
8
8
8
8
8
0
0
0
0
0
0
0
0
0
0
0
0
0
0
0
0
0
0
0
0
0
0
0
0
0
0
0
0
0
8
8
8
8
8
0
0
0
0
0
0
0
0
0
0
0
0
0
0
0
0
-8
-8
-8
-8
-8
-8
-8
-8
-8
-8
-16
-16
-16
-8
-8
-8
-8
-8
-8
-8
-8
-8
-8
-8
-8
-8
0
-8
0
0
0
0
0
0
0
0
0
0
0
0
0
0
0
0
0
0
0
0
0
0
0
0
0
0
0
0
0
0
0
0
0
0
0
0
0
0
0
0
0
0
0
0
0
0
0
0
0
8
8
16
16
16
16
16
16
24
24
24
16
16
16
16
16
16
8
8
8
0
0
0
0
0
0
0
0
0
0
0
0
-8
0
-8
-8
-8
-8
-8
-16
-16
-16
-8
-8
-8
-8
-8
-8
-8
-8
0
0
0
0
0
0
0
0
0
0
0
0
8
8
8
8
8
8
0
0
0
0
0
0
0
0
0
0
0
0
0
0
0
0
0
0
0
0
0
-8
-8
-8
-8
-8
-8
-16
-16
-16
-8
-8
-8
-8
-8
-8
0
0
0
0
0
0
0
0
0
0
0
0
0
0
0
0
0
0
0
0
0
0
0
0
0
0
0
0
0
-8
0
-8
-8
-8
-8
-8
-8
-8
-8
-8
-8
0
-8
-8
-8
-8
-8
-8
-8
-8
-8
0
-8
0
0
0
0
8
8
16
16
16
16
24
24
16
16
16
16
16
16
16
24
16
16
16
16
8
8
8
8
0
0
0
0
0
0
0
0
0
0
0
0
0
-8
0
-8
-8
-8
-8
-8
-8
-8
-8
0
0
0
0
0
0
0
0
0
0
0
8
8
8
8
8
8
8
8
16
16
16
8
8
8
8
8
8
8
8
8
0
0
0
0
0
0
-8
-16
-16
-16
-16
-16
-16
-16
-16
-24
-24
-24
-24
-24
-24
-24
-24
-24
-24
-24
-16
-16
-16
-16
-16
-16
-16
-16
-8
-8
-8
-8
0
0
0
0
0
0
0
0
8
16
16
16
16
16
16
8
8
16
16
16
16
8
8
8
8
8
8
8
0
0
0
0
0
0
0
0
0
0
0
-8
-8
0
0
0
0
0
0
0
0
0
0
0
0
0
0
0
0
0
0
8
8
8
0
8
8
8
8
8
8
8
8
8
8
8
8
8
8
8
8
16
16
8
8
8
0
8
0
0
0
0
0
0
0
0
-8
-8
-8
-8
-16
-16
-16
-16
-16
-16
-16
-16
-16
-16
-16
-8
-16
-16
-16
-16
-8
-8
-8
-8
0
0
0
0
0
0
0
0
0
0
0
0
0
0
0
0
0
0
0
0
0
0
0
0
0
8
8
0
8
8
16
8
8
8
8
8
8
8
8
8
8
8
8
0
0
0
0
0
0
0
-8
-8
-8
-8
0
0
-8
-8
-8
-8
-8
-8
-8
-8
-8
-8
0
0
0
0
0
0
0
0
0
0
0
0
0
0
0
0
0
0
0
0
0
0
0
8
0
8
8
8
8
8
0
8
8
8
8
8
8
8
0
0
0
0
0
0
0
0
0
0
0
0
0
0
0
0
0
0
0
0
0
-8
-8
0
0
0
0
0
0
0
0
0
0
0
0
0
0
0
-8
-8
-8
-8
-8
0
-8
-8
-8
0
0
0
0
0
0
0
0
-8
0
0
0
0
0
0
0
-8
0
0
0
0
0
0
0
0
0
0
0
0
0
8
8
8
8
8
8
8
8
8
8
8
8
8
8
8
8
16
16
16
16
16
8
8
0
0
0
0
0
0
0
-8
0
0
0
0
0
0
-8
0
-8
-8
-8
-16
-16
-16
-16
-8
-8
-8
-8
-16
-16
-16
-8
-8
-8
-8
-8
0
0
0
-8
-8
-8
-8
-8
-8
-8
-8
-8
0
0
0
0
0
0
8
8
8
8
8
8
16
8
8
8
16
16
16
8
8
16
16
16
8
0
8
8
0
0
8
8
8
8
8
8
8
16
16
24
24
16
8
8
16
16
16
8
8
8
8
0
0
0
0
-8
-8
-8
-8
-8
-8
-8
-16
-16
-16
-16
-16
-16
-16
-16
-16
-24
-24
-24
-24
-24
-16
-16
-24
-24
-24
-24
-24
-24
-24
-16
-16
-24
-24
-24
-16
-24
-24
-24
-24
-32
-32
-40
-24
-8
-16
-24
-24
-8
8
8
0
0
8
16
24
32
48
64
64
48
56
80
96
96
96
120
120
112
96
96
112
112
96
80
72
56
24
8
0
0
-8
-40
-56
-64
-72
-80
-88
-96
-104
-120
-132
-132
-132
-120
-112
-112
-104
-96
-96
-88
-80
-56
-48
-40
-32
-24
-16
-8
-8
0
8
16
16
16
24
32
32
32
24
24
24
24
24
40
40
40
32
40
40
32
32
32
40
40
40
48
48
40
32
40
56
56
56
56
64
88
88
88
112
148
148
148
148
180
180
164
164
164
164
132
112
88
64
40
0
-40
-64
-88
-132
-164
-196
-212
-228
-260
-276
-276
-292
-308
-308
-308
-292
-276
-276
-244
-212
-196
-180
-164
-120
-88
-88
-80
-48
-16
0
0
0
8
8
0
0
0
8
16
0
0
8
0
-8
-8
8
24
8
8
16
32
32
32
40
48
48
48
56
72
88
104
104
104
112
132
148
164
180
164
148
164
148
148
148
148
164
180
244
292
340
308
260
292
396
428
396
308
324
396
396
308
260
244
228
132
32
-16
-56
-132
-212
-292
-324
-396
-492
-556
-588
-588
-620
-684
-684
-684
-652
-684
-684
-652
-588
-524
-492
-428
-356
-308
-276
-212
-132
-80
-72
-48
16
80
112
132
148
164
180
180
164
148
132
132
120
104
72
40
16
8
8
8
0
0
0
16
24
16
16
0
8
32
56
80
72
64
64
80
96
104
104
80
64
64
80
88
80
88
120
148
120
40
56
132
212
212
196
340
588
748
716
588
684
844
988
1052
1052
988
1052
1052
988
812
748
716
620
492
292
88
-104
-212
-276
-428
-620
-876
-1052
-1180
-1308
-1372
-1500
-1564
-1564
-1628
-1628
-1628
-1500
-1436
-1308
-1180
-1052
-988
-924
-876
-684
-492
-308
-260
-260
-164
-32
72
148
244
292
308
340
396
460
396
356
396
492
492
340
196
180
292
340
308
228
164
88
40
88
164
164
80
0
-40
0
8
0
-8
-32
-32
-80
-120
-148
-132
-120
-120
-148
-212
-228
-228
-228
-164
-72
-48
-56
-72
-64
-24
64
164
340
524
812
1116
1372
1500
1500
1564
1820
2236
2364
2236
2108
2364
2492
2492
2108
1820
1756
1564
1180
780
524
244
-164
-556
-844
-1052
-1500
-2108
-2364
-2492
-2620
-3004
-3260
-3388
-3388
-3388
-3388
-3260
-3004
-2876
-2748
-2492
-2108
-1756
-1628
-1564
-1244
-812
-556
-396
-212
0
196
324
524
716
716
620
620
844
988
924
812
684
652
620
524
372
276
196
56
-16
32
88
72
0
-24
16
-16
-16
0
96
196
244
244
212
260
372
428
460
492
460
356
212
228
292
276
244
244
244
212
276
324
428
428
308
396
460
684
924
1052
1180
1500
2108
2620
2748
2620
2620
3132
3772
3900
3516
3132
3388
3900
3644
3004
2492
2236
1820
1180
588
148
-308
-924
-1500
-1884
-2364
-2876
-3516
-3644
-3644
-3900
-4604
-4860
-4860
-4604
-4604
-4604
-4348
-3900
-3644
-3516
-3132
-2492
-1980
-1820
-1564
-1052
-556
-428
-396
-48
652
1116
988
844
924
1052
1180
1180
1116
988
748
492
428
428
372
64
-212
-228
-120
-164
-460
-652
-556
-428
-292
-180
-80
-16
-8
64
340
684
844
716
620
716
988
1180
1180
1180
1116
1052
924
844
844
780
620
428
276
244
292
260
148
180
396
620
652
492
556
684
780
844
1052
1372
1628
1820
2364
3132
3772
3388
2876
3132
4092
4604
3900
3260
3388
4092
4092
3004
2236
1980
1628
924
80
-492
-988
-1692
-2364
-2748
-3004
-3772
-4604
-4860
-4604
-4348
-5116
-5628
-5372
-4860
-4860
-4860
-4604
-4092
-3516
-3132
-2748
-2236
-1628
-1308
-924
-308
340
524
292
324
844
1436
1692
1564
1308
1116
1180
1116
1116
924
716
428
148
8
-132
-308
-372
-308
-244
-292
-460
-556
-524
-260
96
340
324
324
460
748
1052
1244
1436
1500
1500
1436
1436
1500
1436
1436
1308
1116
924
620
396
292
244
120
-64
-276
-356
-428
-492
-396
-196
-96
-132
-64
132
356
556
716
844
924
844
988
1308
1692
2236
2876
3772
3900
3388
2620
2748
3772
4604
4092
3388
3132
3132
2748
2108
1564
1500
1372
652
-428
-1308
-1980
-2492
-2876
-2876
-3004
-3644
-4604
-5116
-4860
-4604
-5116
-5116
-4860
-4348
-4348
-5116
-5116
-4348
-3132
-2364
-2108
-2108
-1980
-1628
-988
72
924
1116
684
120
8
212
844
1372
1884
1980
1372
492
-396
-620
-56
748
1116
356
-924
-1756
-1692
-876
-64
372
112
-684
-1308
-1244
-308
684
1180
1116
780
652
716
1052
1628
2236
2748
2364
1820
1308
1180
1372
1628
1980
1980
1436
620
40
148
652
1052
924
212
-460
-780
-620
-212
308
748
748
524
308
396
844
1372
1980
2108
1980
1884
1564
1628
1980
2620
3132
3132
3132
3644
4092
4092
3644
3644
3900
3900
3260
2364
2236
2492
2748
2108
1052
276
-620
-1500
-2108
-2236
-2236
-3004
-3644
-4092
-4348
-4860
-5372
-5372
-5116
-4860
-5116
-5884
-6140
-5628
-5116
-4860
-4604
-4092
-3772
-3388
-3132
-2876
-2364
-1884
-1244
-620
-428
-524
-244
684
1564
1436
748
748
1436
1980
1628
1436
1756
1756
780
-120
460
1628
1436
148
-428
212
652
24
-396
244
1052
748
-64
96
924
1372
1052
844
1372
1692
1244
524
876
1980
2236
1564
812
844
1052
812
492
684
988
524
-292
-556
-40
460
324
-32
40
292
428
396
652
1244
1564
1564
1500
1756
2108
2108
2108
2364
2876
3132
2748
2236
2236
2492
2620
2364
2236
2364
2620
2748
2620
2364
2108
2364
2876
3132
3004
2108
1244
988
1180
1436
1436
988
96
-924
-1692
-2108
-2620
-2876
-2876
-2748
-3132
-4092
-5116
-5628
-5628
-4860
-4604
-4860
-5372
-6140
-6396
-6140
-5116
-4348
-3772
-3772
-3772
-3772
-3644
-3132
-2236
-1244
-460
-164
-244
-164
1244
2748
2364
620
-132
1628
3516
3388
2364
2236
3004
2236
428
-48
1628
3132
1756
-244
-212
844
292
-1436
-812
1564
1756
-716
-2492
-1308
396
588
16
0
524
0
-988
-812
1052
2748
1980
292
32
1116
1372
460
716
2108
2492
1116
-180
396
1628
2108
1756
1436
1628
1436
924
988
1884
2876
2620
1692
1308
1820
2236
2236
2492
2748
2620
2108
1308
1052
1372
1884
2236
1820
1500
1628
2492
3132
2620
924
-492
292
2620
3900
3388
2108
1308
524
-748
-1244
-228
1308
1436
-96
-1820
-3132
-3900
-4348
-3644
-2108
-1756
-3260
-5628
-6652
-5884
-5116
-4348
-4092
-3900
-4348
-5628
-6396
-5884
-4092
-2620
-2236
-2364
-2620
-3004
-3260
-2748
-924
844
1564
1436
1628
1980
1052
-276
16
2236
4092
3644
1980
1180
1244
1116
748
1180
2236
2108
244
-1372
-812
428
292
-652
-556
492
132
-1500
-2108
-924
428
652
292
132
104
-260
-556
396
2108
3004
1884
396
524
1756
2364
2108
1980
2236
1884
924
780
1692
2492
2236
1564
1180
1308
1244
844
988
1756
2364
1820
1052
780
988
1308
1372
1756
2364
2236
1244
260
292
1308
1884
1628
844
396
228
56
492
1500
2236
1884
652
196
844
1756
1980
1820
1980
1884
1180
8
-428
340
1180
988
-80
-1180
-1884
-2620
-2748
-2236
-1564
-1692
-3004
-4348
-4604
-4092
-4092
-4348
-4604
-4348
-4348
-4860
-5372
-5116
-4604
-3772
-3260
-2876
-2620
-3004
-3132
-2492
-1116
460
1116
652
-212
-988
-556
652
1980
2748
2492
1884
924
492
684
1244
1820
1628
844
0
-396
-308
-396
-292
40
228
32
-780
-1180
-988
-292
492
780
988
556
0
148
1052
2364
2876
2492
1980
1884
2236
2620
3132
3260
2876
2236
1628
1756
2236
2492
2108
1628
1244
988
844
780
924
1116
924
684
492
460
524
428
460
716
924
924
812
684
652
876
1116
1116
876
428
228
308
492
652
620
716
988
1116
1116
1052
1436
2236
2876
2876
2236
1308
588
556
1308
2236
2492
1628
196
-988
-1564
-1564
-1308
-844
-924
-1884
-3260
-4348
-4348
-3900
-3644
-3644
-4092
-4860
-5628
-6140
-5884
-5116
-4348
-4092
-4092
-4348
-4348
-4348
-4092
-3004
-1820
-1244
-1436
-1980
-2108
-1692
-684
1180
2876
2620
340
-1628
-844
1628
3260
3132
2364
1980
1180
-292
-684
876
2876
2748
988
-48
104
-80
-588
556
2876
3260
1116
-1052
-876
924
2364
2748
2492
2236
1628
684
556
2108
3900
3900
2236
1244
1372
1564
1180
1500
2364
2492
1180
-308
-524
396
1244
1372
924
652
340
-292
-492
372
1628
1980
1244
556
396
524
652
1180
1692
1884
1372
492
-40
276
924
1116
876
780
988
1052
988
1308
1884
2364
2876
3516
3772
2620
844
88
1308
3516
4604
3388
1436
228
-228
-716
-988
-620
-32
-396
-2108
-3772
-4604
-4604
-4092
-3772
-3644
-4348
-5884
-7164
-7420
-6652
-5884
-5372
-5628
-5884
-5628
-6140
-6140
-5372
-4092
-2748
-2364
-2620
-2876
-2876
-2492
-1372
460
1980
2364
1980
1116
988
1756
2876
3900
4348
4092
3132
2236
1980
2364
3004
3516
3516
2492
924
148
556
1500
1980
1820
1372
492
-276
-228
652
1500
1500
1180
876
620
684
924
1372
1980
2364
2236
1564
988
988
1436
1756
1980
2108
1436
428
24
620
1628
1980
1692
924
396
308
588
1052
1436
1564
1116
524
324
524
812
988
1116
1372
1308
780
292
260
748
1180
1180
780
340
164
396
1180
1980
2236
2108
2108
2876
3644
3388
1692
260
780
2748
3900
3388
1692
260
-620
-1308
-1564
-1372
-924
-1244
-2492
-3900
-4860
-5116
-5116
-4860
-4604
-4604
-5372
-6908
-7676
-7420
-6652
-5628
-5116
-4860
-5116
-5884
-6140
-5116
-3388
-1820
-1308
-1756
-2236
-2364
-1756
-620
924
2364
2876
2364
1884
1756
2108
2876
3772
4348
4348
3516
2748
2364
2364
2492
2876
3132
2876
1756
292
-260
396
1308
1628
1308
812
-32
-684
-276
1052
2108
1820
1116
620
556
1180
1980
2492
2620
2492
2108
1756
1884
2236
2492
2108
1756
1692
1372
876
748
1052
1308
1052
588
428
372
428
396
396
620
748
652
148
-80
104
324
524
652
716
524
132
8
228
492
556
492
460
428
620
988
1436
1692
1628
1628
2236
3132
3516
2364
620
32
1244
2748
3132
2236
988
72
-748
-1628
-1980
-1628
-1116
-1372
-2620
-4092
-5116
-5372
-5116
-4348
-3900
-4348
-5628
-6652
-7164
-6908
-5884
-5116
-4860
-5116
-5372
-5884
-5628
-4348
-2876
-1820
-1692
-1884
-2108
-2108
-1436
-132
1308
2236
2620
2620
2492
2108
2108
3004
4092
4604
4092
3516
3260
2876
2364
2236
2876
3516
3004
1500
460
524
1052
1180
1372
1692
1244
112
-524
260
1436
1756
1244
812
844
1052
1244
1500
1980
2620
2620
1980
1628
1884
2108
1884
1884
2108
1980
1308
716
876
1436
1628
1372
1052
748
588
460
460
748
988
652
24
-372
-244
132
340
396
372
212
-64
-324
-356
-104
244
308
196
148
148
292
620
1116
1564
1820
2108
2748
3388
3004
1372
-32
324
2108
3388
3004
1628
324
-492
-1244
-1980
-1756
-924
-652
-1756
-3644
-5116
-5372
-5116
-4604
-4092
-4348
-5372
-6652
-7420
-7420
-6396
-5372
-4860
-5116
-5372
-5884
-6140
-5116
-3644
-2236
-1628
-1884
-2364
-2492
-2108
-924
652
1820
2236
2108
2236
2364
2364
2492
3132
4092
4348
3900
3260
3260
3132
2620
2492
3132
3772
3132
1500
716
1372
1980
1756
1628
1980
1820
876
308
988
1980
2108
1564
1308
1564
1692
1628
1500
1980
2748
2748
2108
1564
1692
1756
1436
1372
1692
1692
844
96
148
716
988
652
276
164
96
-104
-260
88
588
492
0
-356
-148
212
356
524
780
844
492
96
164
652
1052
1052
924
876
812
780
876
1436
1884
1756
1308
1500
2492
3388
3004
1500
260
396
1628
2620
2620
1628
588
-292
-1180
-1692
-1564
-1052
-924
-1692
-3004
-4348
-5116
-5116
-4604
-4092
-4092
-4860
-6396
-7420
-7420
-6396
-5628
-5116
-5372
-6140
-6396
-6396
-5372
-4092
-3004
-2748
-2876
-3132
-3004
-2236
-1116
80
1180
1820
1980
1820
1564
1884
2748
3772
4604
4604
4348
3644
3260
3260
3388
4092
4348
3900
2620
1628
1436
1980
2364
2620
2364
1692
844
524
988
1564
1820
1500
1116
876
876
1116
1372
1628
1820
1820
1500
1180
924
844
924
1180
1436
1244
588
132
148
372
652
748
492
148
-132
-212
-72
120
260
260
244
228
292
260
308
492
780
988
1052
1052
924
748
876
1372
1692
1628
1308
1116
1244
1564
1884
1884
1692
1436
1628
2364
3260
3516
2620
876
0
684
2108
2748
2236
988
-196
-1052
-1564
-1692
-1372
-1116
-1372
-2492
-3900
-5116
-5372
-4860
-4348
-4092
-4604
-6140
-7420
-7676
-6908
-5884
-5116
-5628
-6396
-6908
-6652
-5628
-4348
-3644
-3260
-3260
-3388
-3004
-2236
-1436
-428
620
1436
1820
1884
1628
1692
2364
3772
4860
5116
4604
4092
3516
3516
4092
4860
5116
4604
3388
2236
1980
2620
3388
3388
2876
1980
1116
620
876
1500
1884
1564
988
428
132
244
716
1244
1564
1500
844
308
260
684
1180
1308
1116
780
372
164
308
684
876
748
460
276
212
196
244
324
556
748
748
396
72
16
212
492
652
716
716
556
292
228
556
988
1116
876
492
460
492
556
924
1244
1308
876
492
716
1692
2748
2876
2236
988
132
308
1244
2236
2236
1372
72
-924
-1500
-1692
-1628
-1564
-1628
-2236
-3388
-4604
-5116
-4860
-4604
-4604
-5116
-5628
-6396
-6908
-6908
-6140
-5628
-5628
-6140
-6140
-5884
-5116
-4604
-4092
-3388
-3004
-2620
-2236
-1884
-1244
-428
780
2236
2748
1980
1052
1500
3260
5116
5372
5116
4860
4348
3644
3516
4604
6140
5884
4348
3004
2748
2876
2748
3004
3644
3516
1980
260
132
1244
1980
1692
1052
492
40
-276
-88
876
1756
1564
428
-340
-104
460
684
716
924
988
396
-340
-372
372
988
924
524
212
-48
-276
-244
164
588
588
80
-356
-324
-72
112
64
-32
0
112
180
276
396
372
148
132
244
460
492
308
228
396
588
652
556
396
460
748
1308
1820
2108
1980
1308
620
428
780
1244
1500
1180
588
-88
-620
-1116
-1564
-1756
-1628
-1564
-2108
-3260
-4604
-5116
-4604
-4348
-4348
-5116
-5884
-6140
-6396
-6140
-5884
-5884
-5884
-5884
-5884
-5116
-4860
-4604
-4348
-3644
-2876
-2236
-1980
-1980
-1308
-112
1116
2236
2748
2108
1500
1884
3644
5372
5884
5372
4860
4604
4348
4604
5116
5884
6140
5116
3772
3260
3388
3516
3388
3516
3260
2236
924
524
1308
2108
1884
1116
396
-16
32
372
876
1116
812
80
-588
-588
24
588
556
276
64
-308
-652
-524
32
620
524
-72
-524
-652
-492
-244
80
196
-8
-260
-396
-276
-112
48
180
120
72
80
80
0
88
372
588
588
372
196
244
340
492
716
780
684
556
492
556
588
780
1116
1564
1884
1820
1372
748
260
228
652
1052
1116
556
-428
-1372
-1884
-1820
-1692
-1820
-2236
-2876
-3644
-4348
-4604
-4604
-4604
-4860
-5116
-5372
-5372
-5628
-6140
-6140
-5628
-5116
-4604
-4604
-4604
-4860
-4348
-3644
-2748
-1884
-1500
-1372
-1244
-588
588
1692
1980
1692
1756
2620
3644
4348
4604
4860
5116
4604
4348
4348
4860
5372
5372
4604
4092
3900
3516
3132
3260
3516
3132
2108
1308
1180
1436
1436
1116
716
428
260
132
8
24
64
-32
-396
-684
-716
-684
-780
-924
-844
-588
-588
-876
-1052
-844
-428
-212
-164
-196
-228
-196
-64
276
652
876
988
876
780
924
1244
1500
1500
1436
1308
1244
1244
1372
1564
1692
1500
1180
988
924
748
716
924
988
716
324
80
48
132
356
556
556
492
228
-148
-244
80
372
180
-396
-652
-492
-428
-924
-1564
-1884
-1980
-2108
-2492
-2876
-3132
-3388
-3772
-4092
-4348
-4348
-4604
-4604
-4604
-4860
-5116
-5372
-5372
-5116
-4604
-4348
-4092
-4092
-4092
-3516
-2748
-1980
-1436
-1180
-924
-396
260
844
1116
1564
2364
3004
3132
3132
3516
4092
4604
4348
4348
4348
4604
4348
4348
4348
4092
3772
3388
3260
3388
3132
2620
2108
1884
1820
1692
1308
924
684
492
396
132
-96
-260
-372
-372
-524
-684
-684
-588
-844
-1180
-1180
-844
-556
-460
-492
-492
-228
-8
-80
-148
180
588
588
524
780
1116
988
716
780
1116
1308
1436
1436
1116
876
812
988
1180
1372
1308
988
684
620
428
308
340
524
492
196
-120
-396
-308
-72
-180
-492
-780
-748
-716
-780
-748
-748
-924
-1180
-1436
-1564
-1628
-1692
-1756
-1820
-1820
-1820
-1980
-2236
-2620
-2620
-2492
-2364
-2236
-2364
-2748
-2876
-3004
-2748
-2620
-2492
-2620
-2620
-2620
-2620
-2364
-2108
-1756
-1500
-1436
-1372
-1308
-924
-492
-72
244
428
556
748
1052
1244
1436
1820
2108
2236
2236
2236
2364
2492
2620
2748
2748
2876
2748
2620
2620
2620
2620
2748
2620
2236
1884
1820
1884
1884
1692
1372
1116
1052
988
924
652
372
276
276
164
-8
-164
-260
-276
-372
-492
-492
-396
-324
-428
-524
-372
-196
-132
-148
-164
-104
-48
24
120
212
276
260
180
228
356
340
276
324
396
340
120
0
80
212
180
-16
-196
-324
-428
-428
-340
-292
-492
-716
-780
-652
-556
-588
-652
-780
-844
-748
-652
-748
-924
-1052
-988
-812
-684
-652
-812
-1052
-1116
-1052
-924
-924
-1180
-1308
-1436
-1500
-1500
-1564
-1692
-1884
-2108
-1980
-1884
-1820
-1884
-2108
-2108
-1980
-1692
-1500
-1436
-1436
-1372
-1052
-716
-396
-148
-40
72
228
492
924
1244
1500
1564
1692
1980
2236
2492
2748
2748
2748
2748
2748
2748
2748
2620
2492
2364
2236
2236
1980
1884
1756
1628
1436
1180
988
812
748
716
652
396
88
-164
-340
-396
-324
-276
-428
-684
-844
-844
-652
-428
-356
-460
-652
-684
-556
-396
-180
-24
-40
-148
-196
-132
8
196
356
460
396
260
132
96
228
428
492
396
212
24
-8
112
244
244
72
-164
-308
-324
-276
-244
-292
-396
-428
-428
-524
-588
-620
-588
-524
-524
-492
-556
-684
-844
-844
-748
-620
-556
-652
-924
-1180
-1308
-1244
-1052
-988
-1180
-1436
-1628
-1564
-1436
-1436
-1564
-1628
-1628
-1628
-1692
-1692
-1692
-1564
-1500
-1372
-1244
-1180
-1116
-988
-652
-356
-120
8
64
228
428
748
1052
1308
1500
1692
1820
1884
1980
2108
2236
2492
2620
2748
2620
2492
2364
2492
2492
2492
2236
2108
1980
1884
1820
1692
1436
1180
924
748
652
492
244
-112
-396
-556
-620
-684
-780
-876
-1052
-1116
-1116
-988
-924
-1052
-1180
-1180
-1052
-812
-620
-620
-620
-556
-372
-164
32
148
132
48
72
228
372
428
396
324
292
276
308
228
164
164
196
112
-16
-80
-104
-120
-112
-72
-112
-260
-372
-372
-308
-212
-132
-164
-340
-492
-524
-396
-260
-244
-260
-396
-556
-652
-588
-524
-428
-556
-748
-876
-924
-844
-844
-924
-924
-924
-988
-1052
-988
-924
-812
-812
-844
-876
-876
-748
-620
-556
-588
-620
-588
-492
-356
-164
-96
-24
40
120
212
324
460
588
716
844
988
988
924
988
1180
1308
1372
1372
1308
1244
1244
1308
1436
1500
1436
1244
1116
1052
1116
1180
1116
988
748
620
556
492
372
164
-24
-164
-276
-356
-428
-524
-620
-684
-716
-780
-844
-844
-844
-780
-684
-620
-524
-492
-428
-396
-372
-292
-148
0
72
72
88
104
228
396
492
492
372
324
356
428
460
396
276
164
120
180
292
356
260
88
-24
-40
0
72
32
-80
-180
-164
-104
-32
-48
-132
-212
-260
-260
-244
-260
-356
-492
-492
-460
-428
-428
-556
-652
-652
-588
-492
-460
-556
-716
-844
-812
-716
-620
-652
-844
-1052
-1180
-1116
-1052
-988
-924
-924
-924
-876
-812
-684
-524
-372
-244
-148
-112
-148
-88
104
276
396
460
492
620
748
988
1180
1308
1244
1244
1244
1372
1500
1500
1500
1436
1372
1308
1308
1244
1116
1052
924
812
812
780
556
340
212
148
120
80
8
-132
-324
-492
-524
-460
-396
-396
-460
-524
-524
-460
-396
-292
-228
-148
-112
-104
-56
64
180
244
308
276
340
396
428
460
492
524
524
428
356
372
396
428
428
324
196
164
244
324
292
180
8
-164
-260
-212
-148
-212
-356
-492
-556
-588
-620
-620
-620
-652
-812
-988
-1116
-1180
-1180
-1180
-1180
-1180
-1244
-1372
-1436
-1372
-1308
-1308
-1308
-1308
-1308
-1308
-1244
-1180
-1052
-988
-924
-876
-844
-780
-684
-588
-460
-372
-212
-96
-56
-48
56
228
396
524
588
588
652
780
924
1180
1308
1308
1244
1244
1372
1500
1564
1564
1436
1436
1436
1500
1436
1372
1244
1116
1052
1052
924
844
780
780
748
684
556
396
292
260
276
244
164
96
0
-112
-148
-104
-112
-148
-196
-276
-292
-276
-244
-164
-180
-196
-212
-212
-88
8
80
56
0
-16
16
80
148
196
212
164
132
148
148
112
96
88
64
96
56
32
0
24
96
48
-72
-180
-180
-196
-196
-228
-308
-428
-556
-652
-716
-684
-652
-716
-844
-988
-1116
-1244
-1180
-1116
-988
-1116
-1180
-1308
-1308
-1244
-1180
-988
-924
-988
-1116
-1180
-1052
-924
-812
-684
-588
-652
-716
-716
-588
-340
-112
-48
-72
-80
-32
112
260
396
492
524
588
716
876
924
988
988
1116
1244
1372
1372
1372
1308
1308
1308
1372
1372
1308
1180
1052
1052
1052
1180
1052
924
844
716
684
652
652
620
524
372
244
148
120
120
132
72
-16
-120
-180
-196
-228
-228
-276
-396
-460
-428
-428
-372
-356
-340
-356
-460
-492
-460
-396
-356
-340
-340
-428
-492
-524
-428
-276
-164
-164
-228
-324
-340
-340
-356
-292
-244
-228
-212
-212
-196
-228
-212
-132
-64
-88
-212
-292
-212
-88
8
-40
-212
-324
-356
-276
-132
-88
-164
-324
-460
-428
-308
-196
-196
-244
-324
-292
-276
-308
-308
-308
-356
-372
-372
-356
-340
-372
-276
-148
-148
-196
-260
-276
-212
-96
0
40
64
88
112
196
356
460
460
460
460
556
620
716
780
780
748
780
844
924
988
1052
988
924
876
844
812
812
780
716
588
460
460
492
492
492
396
276
132
64
48
8
-48
-148
-228
-308
-340
-324
-372
-428
-460
-428
-428
-396
-396
-492
-492
-492
-396
-308
-308
-356
-356
-308
-212
-120
-148
-212
-308
-308
-228
-148
-120
-120
-180
-212
-132
-132
-228
-340
-428
-372
-260
-164
-196
-276
-324
-308
-196
-148
-88
-132
-244
-276
-180
-80
-56
-120
-148
-180
-228
-196
-132
-96
-112
-164
-260
-324
-324
-260
-196
-244
-292
-356
-356
-372
-356
-308
-292
-308
-276
-276
-292
-308
-260
-180
-148
-112
-64
-72
-56
8
72
104
148
212
228
228
292
396
428
460
556
588
684
748
844
876
876
924
924
924
924
924
988
1052
1052
988
924
876
844
924
924
812
716
652
620
620
588
460
372
260
180
96
32
-32
-96
-148
-228
-308
-428
-460
-492
-492
-524
-556
-588
-684
-780
-812
-748
-684
-620
-620
-620
-620
-620
-588
-524
-492
-556
-620
-652
-556
-460
-428
-524
-588
-524
-372
-292
-276
-308
-324
-292
-212
-112
-112
-164
-244
-260
-180
-56
-16
0
0
-24
48
132
180
196
180
88
0
0
8
48
72
32
-8
0
32
24
-8
-72
-104
-132
-180
-180
-164
-132
-96
-112
-132
-132
-120
-132
-164
-180
-148
-48
-8
-32
-48
-64
-24
112
276
340
276
164
148
228
340
460
492
492
492
492
524
524
524
556
652
652
588
460
428
492
652
716
716
588
428
396
460
588
620
524
340
212
148
148
180
180
96
8
-56
-164
-196
-260
-324
-308
-292
-324
-428
-556
-620
-556
-428
-340
-428
-556
-652
-588
-428
-308
-260
-324
-396
-428
-324
-212
-180
-212
-228
-244
-228
-180
-120
-40
32
40
16
8
24
64
72
72
32
40
40
32
24
16
40
56
96
104
56
8
-24
16
48
16
-32
-80
-48
8
24
-16
-72
-112
-96
-72
-32
-40
-72
-104
-132
-180
-228
-212
-148
-96
-104
-120
-148
-164
-164
-120
-64
-112
-164
-196
-180
-164
-132
-120
-120
-48
32
32
0
0
48
164
228
276
292
260
260
276
292
324
356
356
340
276
276
324
308
276
228
212
112
56
72
96
164
164
88
8
-72
-88
-56
-56
-88
-164
-212
-260
-260
-228
-212
-228
-228
-180
-132
-96
-96
-104
-148
-112
-16
40
8
24
56
96
132
132
196
180
164
120
96
148
228
260
164
56
40
132
196
212
196
148
120
164
180
132
64
0
24
120
180
164
104
40
72
164
164
164
88
-8
-80
-48
0
8
-16
-104
-132
-148
-148
-120
-112
-80
-120
-164
-212
-276
-244
-180
-132
-132
-132
-212
-292
-276
-196
-132
-112
-120
-132
-148
-112
-72
-8
40
8
0
-8
-8
24
48
32
24
40
72
88
104
132
104
48
32
80
112
104
64
0
-40
-40
-8
24
40
16
-8
-64
-80
-80
-80
-96
-132
-148
-180
-148
-112
-104
-104
-148
-180
-164
-148
-148
-148
-164
-212
-212
-180
-180
-148
-72
-80
-56
-8
-8
-16
24
32
104
132
96
88
88
88
96
96
88
104
148
196
196
196
212
196
196
212
228
196
180
148
164
164
148
148
112
32
-8
16
64
112
132
80
24
0
16
56
64
32
-32
-104
-132
-80
-40
-72
-96
-120
-132
-164
-120
-64
-48
-88
-148
-164
-164
-148
-132
-96
-104
-180
-212
-180
-104
-48
-64
-112
-148
-132
-120
-80
32
72
0
-72
-104
-32
64
96
120
88
64
80
132
196
228
276
292
244
244
228
228
164
120
120
132
164
132
148
132
104
112
148
164
180
132
104
80
64
80
96
132
132
48
-8
-24
-8
0
0
-48
-112
-164
-212
-196
-180
-180
-180
-228
-260
-276
-260
-212
-148
-112
-132
-164
-212
-212
-212
-132
-72
-104
-120
-164
-180
-180
-104
-32
-48
-96
-120
-132
-96
-24
-48
-96
-112
-120
-132
-132
-120
-72
-40
-24
-32
-40
-72
-120
-104
-56
0
24
-8
-88
-112
-96
-8
120
148
88
8
56
104
180
228
196
196
196
212
244
276
292
292
212
164
196
228
260
276
292
228
244
260
228
212
244
244
212
132
56
32
56
120
164
196
164
164
164
212
212
180
180
180
196
228
196
132
104
132
164
196
196
180
104
48
56
64
88
72
56
24
-64
-96
-112
-164
-212
-292
-340
-396
-428
-428
-396
-356
-396
-460
-524
-556
-556
-492
-396
-372
-460
-492
-492
-396
-308
-276
-308
-308
-292
-260
-244
-228
-212
-148
-104
-104
-132
-132
-104
-96
-48
-16
-8
-24
-48
-48
24
80
88
56
56
96
132
148
180
212
164
120
96
120
164
148
132
112
88
64
32
24
8
40
0
-32
-16
-8
0
-48
-48
-24
16
8
0
-40
-88
-112
-96
-72
-56
-72
-112
-112
-40
32
80
88
64
88
96
96
120
148
196
260
244
228
228
244
308
396
492
460
428
396
396
492
588
588
492
428
428
524
620
588
492
396
292
260
260
244
276
228
148
96
48
-32
-104
-88
-96
-96
-148
-260
-340
-396
-396
-356
-324
-372
-460
-492
-492
-428
-324
-260
-292
-324
-308
-276
-228
-212
-212
-244
-212
-212
-196
-228
-244
-196
-148
-80
-40
-88
-196
-228
-212
-164
-104
-112
-148
-148
-132
-72
16
32
32
16
-8
-8
48
88
48
16
-16
-24
32
0
-32
-48
-32
-32
-64
-88
-148
-180
-196
-180
-112
-80
-88
-96
-96
-120
-104
-56
-8
-8
-32
-40
-104
-132
-64
40
80
24
-32
-56
-40
40
120
148
88
32
0
56
132
164
148
96
88
120
120
180
228
228
212
212
260
292
308
308
260
228
292
292
340
356
340
324
244
212
228
244
196
132
56
0
-40
-40
-24
-96
-164
-228
-228
-228
-244
-244
-244
-228
-228
-196
-164
-196
-228
-212
-148
-48
-8
-24
-8
24
56
80
96
88
64
56
64
120
148
96
64
56
56
72
96
104
72
56
8
-48
-40
0
16
16
0
-8
-8
-40
-64
-8
72
120
132
120
104
96
132
180
180
148
88
48
56
120
148
112
40
8
0
-8
-8
-24
-56
-132
-164
-164
-148
-148
-180
-196
-212
-244
-260
-244
-228
-196
-180
-228
-228
-196
-196
-148
-48
0
16
16
16
32
16
40
56
64
80
96
104
96
48
40
48
64
64
88
72
40
80
132
120
96
48
8
-8
-8
0
-8
-48
-132
-164
-180
-196
-196
-180
-228
-244
-276
-340
-372
-356
-308
-260
-292
-340
-340
-292
-260
-228
-212
-196
-212
-244
-244
-196
-148
-120
-88
-88
-72
-48
-40
-24
8
56
72
104
104
96
72
48
72
120
180
180
180
196
228
244
308
340
356
340
340
396
428
460
492
524
556
620
588
556
620
620
556
524
428
372
340
292
244
228
180
120
80
40
0
-16
-24
-8
-32
-104
-212
-292
-292
-308
-244
-196
-260
-292
-324
-372
-356
-260
-212
-180
-180
-260
-308
-308
-276
-180
-148
-148
-148
-164
-196
-164
-104
-56
-24
-40
-48
-64
-40
0
24
16
40
40
72
120
120
112
80
64
96
120
80
72
40
16
40
48
56
16
-32
-56
-48
0
0
-40
-88
-96
-96
-80
-40
-40
-56
-56
-56
-80
-72
-88
-120
-96
-72
-64
-80
-132
-180
-180
-164
-112
-96
-148
-164
-148
-180
-164
-148
-164
-196
-148
-96
-80
-72
-88
-40
16
8
32
64
24
64
132
148
196
196
180
212
228
244
276
292
276
292
292
228
196
228
212
148
104
72
40
24
0
-32
-88
-80
-72
-48
-24
-40
-104
-148
-112
-88
-56
-80
-112
-132
-148
-148
-132
-112
-80
-64
-64
-64
-64
-56
-64
-96
-72
-48
-96
-148
-164
-148
-148
-120
-104
-112
-132
-132
-96
-48
8
24
16
24
88
132
180
180
164
212
244
260
276
276
276
276
276
244
244
212
196
228
260
276
260
260
196
132
112
120
112
96
96
72
40
40
48
56
40
32
8
-40
-104
-120
-64
-24
0
-16
-40
-104
-132
-96
-48
-56
-88
-180
-244
-276
-260
-212
-164
-132
-164
-212
-228
-244
-180
-96
-56
-56
-132
-164
-132
-104
-64
-32
-16
-8
0
32
32
64
96
120
88
56
32
16
40
64
72
64
16
-40
-32
-24
0
8
-16
-56
-104
-96
-56
-64
-24
0
-40
-56
-72
-56
-40
-40
-80
-96
-80
-48
-16
-56
-72
-104
-120
-96
-80
-96
-104
-120
-72
-8
0
0
0
16
40
72
88
72
24
16
56
112
104
120
96
48
8
0
64
104
96
104
112
96
104
88
120
112
104
104
56
40
64
56
56
64
64
56
48
64
48
72
72
40
16
-8
-40
-72
-80
-88
-72
-8
-32
-56
-72
-112
-132
-96
-64
-56
-48
-72
-104
-120
-112
-96
-40
-40
-8
-32
-72
-56
-48
0
72
72
56
0
-24
-8
-16
24
72
56
-8
-24
-48
-8
32
64
88
56
-16
-56
-64
0
64
96
112
24
-56
-48
24
96
148
148
112
64
56
48
104
196
228
180
112
56
16
48
96
148
96
8
-72
-96
-48
8
24
0
-48
-112
-112
-72
-16
0
-8
-56
-112
-96
-56
8
40
32
0
-8
0
32
72
88
48
0
-16
24
48
56
48
88
120
148
148
112
64
48
56
80
104
64
-16
-88
-88
-72
-56
-72
-104
-132
-120
-132
-148
-164
-196
-164
-196
-212
-228
-260
-260
-228
-228
-244
-260
-308
-324
-308
-308
-308
-276
-244
-228
-196
-228
-276
-244
-164
-88
-32
-56
-112
-148
-112
-16
64
112
56
24
24
104
196
244
244
228
212
244
276
308
308
308
292
260
244
244
292
324
324
276
244
244
228
260
292
308
260
212
164
148
180
180
180
148
104
56
40
48
40
48
0
-72
-40
0
0
-8
-24
-40
-32
-8
0
0
-8
-16
8
24
56
40
32
16
0
24
24
16
-24
-32
-16
-24
-24
-24
-40
-24
-24
-32
-32
-24
-56
-72
-24
24
40
8
0
-24
-48
-16
0
-8
-48
-64
-88
-80
-72
-104
-132
-164
-180
-180
-196
-244
-276
-292
-308
-292
-308
-356
-428
-428
-396
-372
-340
-372
-428
-428
-356
-292
-244
-244
-244
-260
-228
-180
-88
-8
-32
-8
0
0
64
132
132
104
96
104
132
164
212
212
180
212
244
212
196
196
228
260
244
228
196
196
228
308
340
308
292
276
308
340
356
308
244
228
260
276
308
276
196
164
164
180
196
180
104
32
16
32
48
64
32
-40
-56
-64
-16
0
-40
-56
-96
-132
-148
-148
-164
-180
-164
-148
-180
-212
-276
-308
-292
-260
-244
-308
-356
-356
-340
-276
-228
-212
-228
-196
-164
-164
-164
-148
-132
-96
-48
-48
-16
-32
-72
-32
32
80
104
80
56
64
88
148
164
112
72
48
88
180
260
244
180
132
80
120
164
180
148
88
48
24
48
80
88
104
120
104
96
56
80
104
164
196
180
164
132
132
148
164
148
148
120
120
148
148
132
96
72
80
96
112
96
48
16
24
88
132
132
80
8
-16
-32
-32
-32
-72
-96
-88
-88
-80
-96
-132
-120
-132
-148
-148
-180
-244
-260
-260
-244
-244
-260
-260
-276
-276
-276
-276
-292
-276
-308
-324
-340
-308
-260
-244
-228
-260
-260
-260
-292
-244
-196
-212
-228
-212
-228
-228
-180
-180
-148
-132
-112
-112
-80
-32
-8
0
24
48
8
32
56
88
80
72
72
64
132
164
180
212
196
196
196
212
244
244
180
148
164
228
276
260
212
164
148
132
112
112
132
148
88
64
72
96
132
196
228
244
228
196
228
276
292
308
308
292
244
228
244
276
292
292
276
244
260
308
372
356
340
308
244
244
260
244
212
164
104
112
112
64
32
-16
-16
-24
-64
-80
-120
-148
-148
-148
-132
-196
-244
-260
-292
-276
-276
-356
-396
-396
-372
-340
-308
-340
-396
-428
-428
-460
-396
-372
-372
-356
-308
-308
-292
-276
-276
-260
-228
-212
-212
-196
-196
-212
-212
-164
-132
-120
-88
-64
-48
-40
-32
-32
-24
-32
-16
8
24
0
-8
-24
0
48
88
132
132
132
148
180
180
180
196
180
180
212
228
212
164
96
96
132
132
132
132
80
72
96
120
132
80
32
0
-24
0
24
24
0
-56
-56
-56
16
72
96
72
24
16
-8
0
24
24
8
-8
16
40
24
32
32
32
48
48
48
56
48
40
8
0
-8
0
16
24
32
24
-8
-56
-16
24
32
40
-8
-56
-48
-48
-40
-24
-24
-8
-8
8
40
48
40
48
40
48
64
80
72
40
64
88
80
96
112
132
164
180
180
148
132
88
64
64
80
120
96
72
48
32
32
56
32
0
-24
-48
-32
-56
-56
-56
-112
-132
-104
-80
-72
-104
-148
-164
-148
-148
-104
-72
-104
-112
-104
-104
-80
-80
-96
-96
-80
-96
-120
-132
-112
-112
-112
-112
-148
-180
-212
-180
-148
-132
-164
-228
-260
-244
-180
-112
-112
-164
-180
-212
-196
-104
-72
-48
-56
-80
-56
-16
40
56
80
104
112
148
180
180
164
164
164
180
196
212
196
180
164
120
104
88
88
80
80
40
16
0
8
24
48
40
32
32
16
56
64
88
88
72
72
96
132
148
180
148
120
112
132
148
148
164
148
132
132
120
120
132
164
164
132
96
64
48
40
32
16
40
16
-8
16
24
16
0
-32
-64
-40
-24
0
0
-24
-32
-24
0
0
32
32
0
32
72
88
80
56
32
16
40
48
72
56
0
-40
-40
-24
-32
-32
-72
-104
-112
-132
-148
-196
-244
-244
-212
-212
-228
-244
-276
-308
-276
-260
-260
-292
-324
-340
-292
-292
-292
-276
-276
-244
-276
-260
-228
-196
-180
-132
-80
-88
-80
-48
-16
0
0
-24
-40
-72
-56
0
8
16
-8
-32
-16
32
88
104
88
56
64
112
148
180
180
180
148
132
164
196
212
212
228
244
276
292
276
260
244
260
260
276
276
260
228
212
228
244
228
212
180
132
132
132
120
104
96
88
80
64
16
8
8
0
-8
-32
-56
-132
-148
-132
-132
-148
-148
-112
-104
-112
-88
-88
-72
-48
-80
-80
-88
-96
-56
-40
-24
8
16
0
8
16
16
16
8
16
8
8
16
32
24
8
-40
-64
-64
-80
-64
-72
-64
-96
-132
-104
-104
-88
-96
-132
-132
-132
-112
-132
-132
-164
-180
-164
-148
-80
-72
-88
-72
-64
-48
-24
-32
-40
-40
-8
32
56
48
48
8
-40
-24
-16
0
0
8
8
0
0
0
0
0
0
0
-24
-56
-40
-32
-40
8
32
40
56
56
64
72
112
120
132
180
180
180
180
180
212
244
244
212
132
104
88
96
132
132
132
104
104
112
96
96
80
56
40
40
24
-16
-48
-64
-72
-64
-48
-64
-56
-80
-120
-88
-80
-64
-88
-112
-148
-132
-96
-80
-48
-48
-56
-96
-96
-48
-32
-32
-56
-88
-104
-112
-80
-56
-80
-72
-72
-88
-104
-132
-132
-120
-104
-104
-80
-72
-104
-112
-80
-48
-8
0
-24
-40
-24
0
32
64
80
40
40
64
88
120
112
80
72
80
104
148
148
120
96
72
72
104
96
120
148
120
112
96
64
40
80
80
72
72
48
24
32
72
96
80
32
16
16
48
72
56
32
0
-8
0
32
32
40
64
40
32
56
40
24
40
48
24
32
8
-16
-32
-64
-56
-48
-64
-64
-80
-132
-148
-164
-164
-120
-120
-132
-148
-164
-164
-196
-196
-164
-164
-164
-132
-132
-148
-164
-148
-132
-88
-64
-64
-88
-132
-88
-56
-40
-16
-40
-40
-16
-8
-8
8
-24
-72
-72
-72
-80
-72
-72
-64
-8
8
-8
-24
-32
-40
-16
0
-16
-8
-16
-16
0
72
96
88
104
112
96
120
164
148
132
132
148
180
180
180
196
164
164
164
196
212
212
164
132
104
120
132
112
104
72
72
80
72
80
72
40
24
48
40
40
32
24
32
-8
-16
-32
-48
-32
-16
-16
-24
-40
-24
-40
-48
-16
-8
-16
-32
-16
0
-8
0
8
8
8
8
0
-8
8
-8
8
16
0
0
-8
-8
0
0
0
0
-48
-80
-80
-72
-64
-80
-104
-112
-132
-148
-148
-132
-148
-112
-112
-104
-88
-72
-48
-64
-64
-40
-56
-56
-48
-56
-48
-32
-40
-40
-16
-24
-16
-24
0
0
0
24
40
40
48
32
-16
-40
-64
-24
0
8
32
8
8
8
40
64
80
96
88
88
96
96
80
72
72
104
132
132
112
88
56
40
32
24
16
8
16
24
0
-32
-56
-64
-88
-80
-80
-104
-120
-148
-148
-132
-132
-112
-132
-132
-132
-132
-96
-88
-96
-104
-104
-112
-88
-64
-40
-8
-8
8
0
0
8
24
56
64
48
24
0
-8
24
40
56
56
48
40
32
40
88
112
88
104
112
88
88
88
64
40
40
32
16
24
0
-8
0
16
48
32
-8
-40
-16
16
24
8
-8
-56
-96
-48
0
48
56
8
16
32
56
88
72
64
72
88
104
148
148
132
112
104
112
120
112
132
132
104
132
132
132
132
132
