SAMPLES:	8139
BITSPERSAMPLE:	16
CHANNELS:	1
SAMPLERATE:	16000
NORMALIZED:	FALSE
0
0
0
0
0
0
0
0
0
0
0
0
0
0
0
0
0
0
0
0
0
0
0
0
0
0
0
0
0
0
0
0
0
0
0
0
0
0
0
0
0
0
0
0
0
0
0
0
0
0
0
0
0
0
0
0
0
0
0
-8
-8
-8
-8
0
0
0
0
0
0
0
0
0
0
0
0
0
0
0
0
0
0
0
0
0
0
0
0
0
0
0
0
8
8
0
0
0
0
8
8
8
8
8
8
0
8
8
0
0
0
0
0
0
0
0
0
0
0
0
0
0
0
0
0
0
0
0
0
0
0
-8
-8
-8
-8
-8
-8
-8
-16
-16
-8
-8
-8
-8
-8
-8
-8
-8
-8
-8
-8
-8
-8
0
-8
0
0
-8
-8
0
0
0
0
0
0
0
0
0
0
0
0
0
0
0
0
0
0
0
0
0
0
0
0
0
0
0
0
8
8
8
8
8
8
8
8
8
8
8
8
8
8
8
8
8
8
8
8
8
8
8
8
8
8
8
8
8
8
8
8
0
0
8
8
8
8
8
8
0
0
8
0
0
0
0
0
0
0
0
0
0
0
0
0
0
0
0
0
0
0
0
0
0
0
0
0
0
0
0
0
0
-8
-8
-8
-8
-8
-8
-8
-16
-8
-8
-8
-8
-8
-8
-8
-16
-16
-16
-16
-16
-16
-16
-16
-16
-24
-24
-24
-16
-16
-16
-16
-16
-16
-16
-16
-16
-16
-16
-16
-16
-8
-8
-8
0
-8
0
0
0
0
0
0
0
0
0
0
0
8
8
8
8
16
16
16
8
8
8
16
16
16
16
16
16
16
16
16
16
16
16
16
16
16
16
24
24
24
24
16
24
16
16
16
16
16
16
16
8
8
8
8
8
0
0
0
0
0
0
0
0
0
0
0
0
0
0
0
0
0
0
-8
-8
-8
-8
-8
-8
-8
-8
-8
-16
-8
-16
-16
-8
-8
-8
-16
-16
-8
-8
-16
-8
-16
-16
-8
-8
-8
-8
-8
-8
-8
0
0
-8
-8
-8
-8
-8
-8
-8
0
0
0
0
0
0
0
0
0
0
0
0
0
0
0
0
0
0
0
0
0
0
0
0
0
0
0
0
0
0
0
0
0
0
0
0
0
0
0
8
8
0
8
8
0
0
0
0
0
0
0
0
0
0
0
0
0
0
0
0
0
0
0
0
0
0
0
0
0
0
0
0
0
0
0
0
0
0
0
0
0
0
0
0
0
0
0
0
0
0
0
0
0
0
0
0
0
0
0
0
0
0
0
0
0
0
0
0
0
0
0
0
0
0
0
0
0
0
0
0
0
0
0
0
0
0
0
0
0
0
0
0
0
8
0
0
0
0
0
0
0
0
0
0
0
0
0
0
0
8
0
0
8
8
0
0
0
0
0
0
0
0
0
0
0
-8
-8
0
-8
-8
-8
-8
-8
-8
-8
-16
-16
-16
-16
-16
-16
-16
-24
-24
-24
-24
-24
-24
-24
-24
-24
-24
-24
-24
-24
-24
-16
-16
-16
-16
-16
-16
-16
-16
-16
-16
-16
-16
-8
-8
0
-8
0
0
0
0
0
0
0
0
0
8
8
8
8
16
16
16
16
24
16
16
24
24
24
32
32
32
32
32
32
32
32
32
32
32
32
32
32
32
32
32
24
24
32
32
32
32
32
32
32
24
24
24
24
16
16
8
8
8
16
8
8
8
0
0
0
0
0
0
0
0
0
0
0
-8
-8
-8
-16
-16
-24
-24
-16
-16
-24
-24
-24
-24
-32
-24
-32
-32
-32
-32
-32
-40
-40
-40
-48
-48
-40
-40
-40
-32
-40
-40
-40
-40
-40
-48
-48
-40
-40
-40
-40
-40
-32
-32
-32
-32
-32
-32
-40
-32
-24
-24
-16
-16
-8
-8
0
0
0
0
0
0
16
40
56
40
8
0
-16
-16
0
24
48
56
48
48
56
64
64
64
64
48
32
32
48
80
88
72
64
56
40
32
40
40
32
24
24
40
56
64
72
64
40
24
8
16
16
24
32
32
16
0
0
-8
-24
-32
-24
0
8
-16
-56
-64
-56
-72
-64
-24
0
0
-32
-40
-8
16
16
0
-8
-16
-72
-112
-64
0
16
0
-8
0
8
-24
-72
-64
-64
-120
-164
-112
0
56
48
40
32
-16
-88
-104
-56
-24
-48
-64
-16
32
40
24
40
40
-40
-96
-80
-32
-8
-8
40
104
132
120
132
164
112
8
-48
-32
-24
-24
24
96
120
104
88
96
104
72
48
56
72
56
32
64
80
64
48
56
64
32
0
0
-16
-40
-64
-56
-16
-16
-24
-40
-32
-40
-72
-88
-88
-104
-132
-148
-148
-132
-112
-96
-88
-80
-88
-96
-112
-132
-132
-132
-148
-148
-132
-104
-80
-64
-48
-40
-24
-24
-40
-40
-56
-56
-64
-64
-48
-24
0
8
16
24
40
24
8
8
8
8
0
16
56
80
96
112
104
64
32
8
0
16
40
80
120
164
180
132
132
148
196
228
244
228
196
132
16
-48
16
180
396
684
988
1244
1308
1180
988
588
80
-396
-748
-812
-748
-620
-428
-244
-180
-196
-276
-356
-396
-396
-356
-212
32
260
460
588
524
276
-148
-620
-1116
-1500
-1756
-1820
-1628
-1244
-716
-112
396
748
812
684
396
40
-292
-524
-588
-524
-340
-104
164
372
428
340
148
-80
-308
-460
-460
-356
-164
56
308
492
620
588
356
48
-260
-556
-684
-620
-428
-180
96
372
556
588
524
340
40
-308
-620
-748
-716
-492
-244
0
324
460
356
132
-56
-132
-324
-244
196
684
1052
1244
1372
1692
2108
2492
2748
3004
3260
2620
1628
748
64
-652
-1244
-1500
-1500
-1500
-1372
-1308
-1052
-716
-684
-844
-780
-340
112
524
1180
1692
1756
1436
748
-148
-1308
-2492
-3388
-4092
-4604
-4348
-3772
-2748
-1628
-492
396
988
1244
1116
812
524
180
-196
-428
-396
-196
24
132
164
132
0
-212
-396
-428
-396
-340
-180
196
588
924
1244
1308
1052
652
228
-180
-524
-684
-716
-620
-428
-228
164
588
924
1116
1180
1180
1116
780
340
-112
-684
-1308
-1820
-1980
-1756
-1372
-844
-212
396
844
1052
1244
1372
1372
1308
1244
1372
1244
1244
1500
2236
3260
4092
4860
5116
5116
4604
3516
2236
988
-524
-1884
-2620
-3004
-2876
-2364
-1692
-1180
-1116
-1180
-1180
-1052
-524
32
588
1052
1244
1308
1244
988
132
-1372
-3004
-4604
-5884
-6396
-6396
-5628
-4604
-3260
-1628
-80
1244
1980
2108
1820
1052
324
-212
-460
-460
-396
-292
-132
-148
-228
-340
-524
-812
-1052
-1052
-716
8
844
1500
1980
2108
1980
1500
780
16
-716
-1372
-1692
-1692
-1244
-492
244
924
1436
1820
1980
1692
1500
1180
620
72
-428
-876
-1180
-1308
-1372
-1564
-1436
-1116
-780
-492
56
716
1052
1308
1500
1820
2236
2364
2108
1980
1756
1308
924
1244
2492
3644
4348
4860
5116
5116
4348
3132
1980
812
-524
-1692
-2364
-2364
-1980
-1820
-1628
-1372
-1244
-1500
-1628
-1244
-556
-64
180
556
924
988
780
112
-988
-2364
-4092
-5372
-6140
-6396
-5884
-5116
-3644
-1980
-428
844
1756
2108
1756
1052
356
-292
-924
-1180
-1116
-812
-652
-588
-524
-556
-620
-812
-924
-844
-556
-196
260
812
1372
1564
1500
1244
588
-196
-924
-1436
-1692
-1564
-1116
-524
196
988
1564
1980
2236
2236
1980
1692
1372
876
324
-32
-292
-588
-988
-1308
-1564
-1692
-1564
-1116
-492
396
1372
2108
2492
2748
3004
2876
2364
1884
1500
1244
876
428
428
924
1820
2748
3772
4860
5628
5628
5116
4348
3004
1564
132
-988
-1884
-2492
-2620
-2492
-2492
-2620
-2492
-2492
-2492
-2236
-1564
-556
164
524
844
1180
1180
428
-780
-2108
-3516
-5116
-6140
-6396
-5884
-5116
-4092
-2492
-876
428
1180
1500
1372
988
428
-132
-588
-812
-844
-716
-524
-428
-460
-652
-876
-1180
-1500
-1564
-1308
-716
180
1052
1820
2236
2108
1628
844
56
-652
-1244
-1500
-1308
-684
132
1052
1820
2236
2236
2108
1628
1372
1180
1180
1116
988
812
492
120
-340
-876
-1372
-1756
-1884
-1884
-1244
-196
988
2108
3132
3772
3772
3516
3004
2364
1500
748
80
-356
-716
-988
-1052
-588
72
988
2364
3900
5116
5372
5628
5884
5628
4604
3004
1628
180
-1692
-3388
-4092
-3772
-3772
-4092
-3900
-3260
-2876
-2620
-1980
-652
132
148
64
372
716
460
-324
-1244
-2236
-3644
-4860
-5628
-5372
-5372
-4860
-3900
-2492
-876
260
1180
1692
1628
1052
212
-308
-748
-1180
-1436
-1372
-988
-684
-556
-260
-72
-228
-716
-988
-876
-492
-112
396
1180
1756
2108
2236
2236
1820
924
-48
-780
-1052
-988
-524
80
620
988
1244
1436
1692
1980
2108
2108
1884
1500
988
588
276
-164
-716
-1244
-1628
-1756
-1628
-1116
-164
812
1692
2364
2876
3004
2876
2492
1980
1564
1116
396
-148
-428
-716
-988
-844
-260
396
924
1980
3516
4604
5116
5372
5884
6140
5372
3900
2492
1308
-428
-2492
-3644
-3516
-3260
-3516
-3516
-3004
-2620
-2492
-2236
-1372
-396
-132
-276
-112
396
780
492
-112
-988
-2492
-3900
-4860
-5372
-5372
-5628
-5116
-3900
-2620
-1308
-40
988
1244
652
-396
-1308
-1820
-2108
-2364
-2108
-1564
-1052
-780
-524
-96
0
-356
-844
-1116
-876
-428
132
812
1308
1564
1564
1372
1052
524
-8
-556
-988
-1052
-652
196
1180
1980
2492
3004
3388
3388
3260
2876
2364
1628
780
8
-460
-780
-1052
-1308
-1500
-1372
-924
-260
524
1372
2236
2876
3260
3388
3772
4092
3516
2492
1116
40
-844
-1436
-1244
-244
684
1052
844
716
780
716
924
1820
3004
3388
3004
3388
4348
4860
4860
4348
3772
2108
-652
-3132
-4348
-4348
-4348
-4092
-3388
-2108
-1372
-1180
-1180
-684
-748
-1628
-2492
-2364
-1756
-1244
-876
-524
-524
-988
-1980
-2876
-3644
-4348
-5116
-5372
-5116
-4348
-3132
-1756
-244
716
844
396
-196
-844
-1692
-2236
-2492
-2236
-1820
-1244
-372
428
780
460
-148
-588
-652
-588
-228
308
812
1116
1244
1372
1308
988
492
-32
-324
-180
276
1052
1884
2620
2876
2876
2876
2748
2364
1884
1436
876
228
-212
-308
-228
-212
-460
-652
-652
-460
8
780
1756
2620
3260
3516
3388
3132
2620
1980
1180
556
48
-244
-340
-132
112
180
292
428
684
1500
2492
3516
4092
5116
6140
6908
7164
7164
5884
3260
-492
-4092
-6396
-6908
-6140
-4860
-3004
-1436
-1180
-1756
-1884
-1244
-620
-988
-1564
-1628
-1372
-876
-56
1052
1436
292
-1884
-3772
-4860
-5884
-6908
-7676
-6908
-5884
-4604
-2364
844
3260
3388
1756
-112
-1564
-2876
-3772
-3516
-2108
-876
-748
-340
1180
2620
2236
588
-780
-1884
-3004
-3388
-2364
-556
748
1116
1308
1820
2492
2492
1628
748
88
-524
-716
276
1980
3260
3516
3260
2876
2492
1820
1372
1180
876
196
-524
-748
-372
-56
-244
-524
-620
-556
-396
260
1500
2876
3900
4348
4604
4604
4348
3388
2236
1180
308
-356
-780
-780
-460
-356
-716
-924
-588
308
1628
3132
4604
5628
6140
6652
7420
7676
7164
5372
1980
-1820
-5116
-7164
-7164
-5628
-3900
-2620
-2364
-2748
-3004
-2876
-2108
-1372
-1244
-1500
-1884
-1756
-988
104
988
812
-812
-3260
-5372
-6396
-6396
-5884
-5372
-5116
-4348
-3260
-1820
-16
1820
2748
1980
-164
-2492
-3772
-3772
-2876
-1500
8
1180
1628
1628
1980
2364
1980
396
-1628
-3132
-3644
-3004
-1692
0
1372
2108
2492
2620
2748
2748
2236
1244
228
-292
-228
556
1884
3004
3260
2876
2236
1308
556
0
-428
-716
-844
-812
-588
-80
556
780
428
-72
-340
-88
524
1500
2620
3132
3132
3004
2620
2364
2236
2108
1628
1052
524
228
180
308
492
620
684
1052
1820
2876
3900
4604
5628
6652
7164
7676
6908
5372
2620
-780
-3900
-5884
-6140
-5116
-3772
-2876
-2492
-2876
-3516
-3516
-2876
-2108
-1628
-1372
-1244
-988
-588
164
812
556
-780
-2748
-4860
-6140
-6908
-6908
-6396
-5116
-3388
-1372
-8
780
1052
588
-924
-3260
-4604
-4092
-2876
-1436
-148
1180
2108
1980
1052
428
524
276
-1116
-2492
-2620
-1884
-1308
-652
460
1436
1692
1372
1244
1500
1692
1628
1308
1180
1436
1564
1628
2108
2748
2748
1884
1180
924
748
396
104
8
-112
-460
-780
-716
-244
244
396
260
324
748
1116
1564
2108
3004
3388
3516
3260
3004
2620
2236
1692
1180
812
588
356
-24
-104
164
588
1244
2492
3772
4860
5628
6396
7164
7676
7420
6140
3772
588
-2620
-5116
-6140
-5628
-4092
-2492
-1980
-2364
-3004
-3772
-3900
-3132
-2236
-1564
-1116
-780
-556
-180
324
396
-556
-2364
-4604
-6652
-7676
-7420
-6396
-4860
-3004
-924
556
1180
1244
988
148
-1756
-3772
-4604
-4092
-2876
-1244
492
2108
2748
2108
844
-48
-340
-748
-1436
-1980
-1756
-1244
-876
-228
716
1372
1372
1052
924
1052
1308
1564
1628
1756
1820
1756
1692
1820
2108
1980
1308
588
-8
-460
-780
-924
-876
-716
-620
-652
-652
-524
-276
8
260
652
1052
1500
1980
2364
2748
3004
2876
2620
2364
2108
1884
1820
1692
1372
780
212
-104
-32
356
1180
2492
3900
4860
5372
5628
6140
6652
6908
6652
5628
3388
524
-2364
-4348
-4860
-4092
-2620
-1500
-1500
-2620
-4092
-4860
-4860
-3772
-2620
-1628
-876
-620
-492
-244
112
88
-812
-2492
-4348
-5884
-6396
-5884
-4860
-3260
-1628
-212
524
396
-196
-988
-1884
-3260
-4604
-5116
-4348
-2492
-428
1308
2620
3388
2876
1372
40
-524
-812
-1244
-1692
-1500
-988
-716
-524
-308
-40
112
-32
-164
196
988
1756
2236
2492
2492
2108
1180
356
148
396
588
324
24
-228
-716
-1372
-1820
-1756
-1308
-780
-356
88
588
1052
1308
1372
1436
1500
1564
1692
1884
2364
2876
3260
3260
2876
2492
2236
1820
1500
1244
1052
812
684
876
1628
2748
3900
5116
5884
6396
6652
6652
6908
6140
4604
2236
-588
-2876
-4348
-4348
-3260
-1756
-988
-1628
-3388
-5116
-6140
-5884
-4604
-2876
-1116
0
292
16
-340
-460
-748
-1628
-3132
-4860
-5884
-6396
-5628
-4348
-2364
-716
64
-148
-748
-988
-1116
-1628
-2236
-2876
-3388
-3900
-3644
-1884
924
3260
4092
3388
1980
340
-1308
-2492
-2492
-1372
-556
-524
-748
-684
-460
-164
180
460
652
556
212
-8
196
924
1564
1756
1628
1244
876
556
460
652
460
-228
-1244
-2108
-2620
-2236
-1244
-164
620
924
748
356
276
556
1180
1820
2236
2364
2236
2492
2876
3516
3772
3772
3388
2748
1884
1180
780
524
492
716
1180
2108
3516
4860
6396
7164
7676
7420
6908
5628
3900
1884
-96
-1500
-2236
-2236
-1692
-1052
-844
-1820
-3772
-5884
-6908
-6652
-5372
-3516
-1372
588
1500
1180
40
-1052
-1820
-2620
-3516
-4348
-5116
-5116
-4860
-4092
-2620
-1244
-276
180
-132
-1180
-2492
-3516
-4092
-4092
-4092
-3388
-1980
-428
876
1372
1436
1372
1116
428
-292
-428
-212
-164
-324
-492
-524
-780
-1116
-1180
-1052
-556
40
524
780
844
812
652
588
748
1180
1628
1756
1820
1628
924
180
-524
-1116
-1564
-1756
-1692
-1500
-1180
-716
-260
64
308
460
492
524
716
1116
1692
2364
3004
3516
3644
3516
3132
2492
1884
1436
1180
876
748
748
988
1628
2620
3644
4604
5116
5628
5884
5884
5884
5884
5372
4348
2620
716
-988
-2108
-2236
-1820
-1436
-1500
-2364
-4092
-5628
-6140
-5628
-4348
-2492
-748
260
324
-620
-1884
-3004
-3516
-3516
-3388
-3260
-3132
-2876
-2492
-1980
-1180
-460
-16
-372
-1372
-2108
-2492
-2620
-2748
-2876
-2620
-2364
-2620
-2620
-1564
340
2236
3132
2748
1820
684
-588
-1628
-1564
-652
556
1244
1116
308
-780
-1436
-1564
-1244
-324
556
1116
1244
988
844
1052
1308
1564
1820
1884
1372
524
-356
-1116
-1436
-1436
-1180
-1116
-1116
-924
-620
-260
72
396
780
1116
1180
1180
1308
1628
2236
2748
2876
2748
2492
1980
1500
1244
1308
1564
1692
1756
1756
1884
2236
2876
3644
4348
5116
5372
5628
5372
5116
4604
3900
2876
1564
244
-876
-1436
-1500
-1244
-1244
-1820
-3004
-4604
-5628
-6140
-5884
-4604
-2876
-1244
-460
-748
-1820
-3260
-4348
-4860
-4604
-3772
-2748
-1884
-1436
-1244
-1180
-1180
-988
-748
-556
-652
-1244
-1980
-2748
-3260
-3132
-2492
-1884
-1436
-1116
-844
-556
-112
396
876
1308
1564
1372
716
-132
-620
-556
-164
324
780
1052
1052
844
588
460
556
812
1052
1308
1436
1372
1180
988
988
988
876
396
-260
-876
-1308
-1436
-1244
-716
-72
428
556
396
148
-48
8
460
1180
1980
2620
2876
2876
2620
2364
2108
1884
1980
1980
2108
1980
1820
1564
1244
1116
1244
1820
2492
3388
4092
4348
4348
4348
4348
4348
4348
3900
3516
2748
1628
260
-876
-1436
-1564
-1692
-1980
-2492
-3004
-3516
-4092
-4348
-4348
-3644
-2748
-2236
-2364
-2876
-3772
-4860
-5628
-5884
-5372
-4092
-2876
-1628
-988
-812
-844
-716
-524
-460
-524
-556
-588
-924
-1500
-1756
-1244
-396
40
-276
-1116
-1756
-2108
-1980
-1628
-876
196
1116
1372
844
-244
-1180
-1436
-748
396
1628
2620
3132
2876
1980
844
8
-308
0
780
1564
1980
1628
716
-556
-1564
-1980
-1884
-1372
-780
-196
164
196
-120
-524
-716
-492
148
924
1500
1756
1980
2236
2492
2620
2492
2492
2492
2492
2364
2236
1980
1820
1884
1980
1980
1820
1692
1692
1756
1980
2364
2748
2876
2876
2748
2748
2620
2492
2364
2236
2236
1980
1244
396
-308
-652
-780
-844
-988
-1116
-1116
-1116
-1308
-1692
-2108
-2492
-2620
-2620
-2748
-3004
-3260
-3644
-4092
-4348
-4604
-4348
-4092
-3388
-2748
-2364
-2236
-2364
-2748
-2876
-2876
-2620
-1980
-1436
-924
-524
-460
-524
-620
-716
-684
-372
148
524
652
588
260
-120
-396
-460
-396
-148
260
716
988
1052
1052
1052
1180
1372
1564
1564
1436
1308
1244
1180
988
780
620
524
356
244
148
64
-24
-56
-48
-80
-88
-16
132
428
716
988
1244
1436
1500
1564
1628
1756
1756
1756
1820
1820
1820
1756
1628
1500
1308
1116
988
924
876
924
1052
1180
1244
1244
1244
1180
1116
1116
1052
844
556
196
-212
-620
-988
-1116
-1180
-1052
-924
-812
-748
-620
-460
-276
-132
8
16
-164
-460
-844
-1180
-1436
-1628
-1692
-1692
-1628
-1628
-1564
-1628
-1692
-1692
-1692
-1628
-1436
-1244
-1180
-1180
-1308
-1436
-1500
-1500
-1500
-1372
-1244
-1180
-1116
-988
-812
-684
-492
-356
-356
-460
-620
-716
-652
-524
-292
-64
112
228
292
292
340
396
340
212
180
164
228
460
844
1244
1500
1500
1244
988
684
356
120
-24
-132
-132
-104
72
356
716
1052
1308
1564
1692
1884
1980
2108
2236
2364
2364
2236
1980
1756
1436
1052
684
356
164
8
-24
32
104
132
180
228
340
492
620
716
684
620
492
260
0
-276
-524
-684
-876
-988
-1052
-988
-924
-844
-748
-652
-620
-588
-524
-620
-716
-812
-988
-1116
-1180
-1244
-1180
-988
-780
-652
-556
-460
-428
-428
-308
-148
-88
-80
-96
-196
-356
-524
-652
-716
-684
-556
-372
-292
-244
-180
-96
8
88
164
196
88
-96
-260
-460
-620
-620
-588
-556
-524
-460
-372
-292
-148
-80
-88
-132
-196
-164
-48
148
340
428
372
164
-16
-244
-492
-620
-588
-652
-620
-428
-196
120
460
780
1052
1308
1436
1564
1692
1692
1756
1692
1564
1564
1436
1308
1116
988
780
684
588
524
492
492
492
396
308
148
0
-16
24
88
212
308
292
244
148
-24
-228
-356
-460
-556
-588
-556
-620
-716
-812
-876
-924
-988
-1116
-1116
-1116
-1180
-1180
-1116
-1116
-988
-748
-492
-228
-72
32
88
132
112
48
-8
-8
-24
-80
-228
-340
-372
-340
-228
-40
148
292
460
620
780
924
1052
1052
988
876
716
428
132
-80
-148
-120
-72
8
32
0
0
-8
-40
-132
-244
-308
-276
-180
-96
-8
0
-56
-148
-308
-492
-652
-812
-924
-988
-1052
-988
-924
-780
-556
-356
-212
-132
-96
32
180
428
748
988
1116
1244
1308
1244
1052
876
684
524
396
260
228
180
212
228
196
148
104
88
148
244
340
460
396
372
396
228
32
-132
-324
-492
-524
-556
-588
-588
-588
-620
-684
-684
-716
-748
-748
-684
-620
-524
-524
-428
-308
-164
-72
-56
-148
-244
-292
-276
-164
-88
-16
40
132
260
324
308
276
276
260
308
356
428
492
588
780
924
1052
1116
1052
988
844
716
556
396
308
324
324
396
396
324
260
112
-80
-324
-524
-652
-652
-492
-324
-120
24
88
112
148
80
-104
-308
-556
-812
-988
-1052
-1052
-924
-876
-924
-924
-876
-844
-780
-684
-460
-212
80
340
588
780
780
716
524
324
132
-32
-164
-244
-260
-260
-212
-132
-148
-132
-8
0
32
64
96
72
88
148
228
276
276
260
212
132
112
96
16
-48
-120
-196
-260
-292
-308
-292
-308
-324
-340
-428
-460
-396
-276
-104
80
308
524
620
748
812
780
652
460
212
-88
-308
-460
-524
-524
-428
-308
-148
-8
72
164
276
428
556
716
844
876
924
924
780
652
556
492
460
340
180
48
-112
-180
-228
-212
-180
-112
32
212
340
396
460
460
396
340
292
212
132
80
0
-96
-260
-428
-588
-684
-780
-780
-748
-588
-460
-372
-180
0
180
372
492
556
460
356
148
-88
-260
-396
-524
-588
-652
-716
-812
-924
-988
-988
-988
-876
-652
-396
-196
24
164
196
132
-24
-180
-324
-460
-524
-556
-492
-460
-460
-396
-396
-428
-428
-340
-372
-324
-260
-196
-112
8
164
324
492
588
684
716
780
812
812
748
716
652
556
492
396
228
104
48
-48
-88
-112
-132
-24
148
372
556
748
924
924
924
812
684
556
396
228
164
48
-72
-148
-148
-112
-132
-164
-212
-244
-260
-196
-72
112
260
372
428
372
292
132
-32
-148
-180
-196
-180
-212
-228
-228
-292
-276
-260
-164
-104
-72
16
32
88
132
196
308
356
396
428
396
428
428
396
324
212
72
-64
-196
-308
-428
-556
-620
-588
-556
-524
-396
-276
-260
-276
-396
-524
-684
-844
-876
-812
-652
-588
-492
-460
-524
-620
-684
-748
-844
-924
-924
-876
-812
-716
-556
-308
-132
32
148
276
340
428
524
556
620
652
652
652
684
620
620
620
588
556
492
492
492
588
716
844
1052
1116
1052
988
924
780
588
396
244
96
64
24
48
132
164
164
164
120
88
48
-16
-104
-120
-96
-132
-164
-196
-212
-276
-356
-396
-396
-396
-356
-244
-164
-120
-132
-164
-196
-180
-132
-112
-112
-112
-148
-228
-228
-196
-112
-88
-120
-64
-48
-24
-8
96
212
180
164
104
32
-8
-56
-148
-212
-340
-428
-460
-460
-428
-396
-396
-460
-460
-524
-588
-556
-492
-396
-292
-212
-148
-148
-228
-308
-460
-652
-716
-748
-748
-652
-556
-524
-396
-340
-212
-72
80
244
396
492
652
780
844
876
812
748
652
556
492
460
460
492
556
620
684
780
876
924
876
812
716
652
588
524
460
428
396
356
324
276
260
260
244
132
120
132
72
0
-32
-56
-112
-212
-324
-428
-492
-460
-356
-196
-56
120
260
356
356
308
164
-40
-212
-324
-340
-292
-228
-196
-244
-372
-460
-524
-524
-460
-428
-356
-228
-56
104
276
396
396
308
164
-64
-372
-684
-924
-1052
-1116
-1116
-924
-716
-556
-428
-428
-428
-428
-460
-492
-428
-340
-228
-88
40
32
-56
-212
-428
-684
-924
-988
-988
-876
-812
-652
-396
-104
148
340
556
684
684
620
588
588
556
556
556
524
460
396
356
372
396
396
396
396
396
396
460
524
588
652
684
652
652
588
524
492
492
492
460
460
492
524
524
460
340
180
72
40
104
180
196
196
148
64
56
72
148
244
356
492
556
588
492
356
228
72
-64
-180
-228
-180
-112
-72
-104
-164
-260
-396
-492
-588
-588
-524
-372
-164
16
164
180
88
-72
-244
-428
-588
-748
-780
-812
-780
-652
-588
-460
-396
-372
-428
-524
-652
-748
-780
-716
-556
-460
-356
-276
-244
-276
-396
-460
-556
-684
-748
-684
-524
-340
-148
0
72
72
24
-16
-32
32
96
180
244
324
428
460
492
460
396
292
104
-24
-88
-148
-148
-88
24
132
308
524
716
748
748
684
492
340
212
132
64
24
-16
-48
-8
96
212
276
340
372
340
372
428
396
428
396
324
228
112
16
-56
-112
-96
-24
80
196
308
356
356
356
372
356
396
428
492
492
396
260
88
-132
-340
-460
-492
-460
-324
-112
112
356
524
620
588
428
276
104
-8
-64
-132
-180
-180
-164
-196
-260
-396
-460
-588
-652
-588
-524
-460
-340
-260
-148
-64
-48
-8
-16
-88
-228
-308
-372
-428
-428
-396
-356
-324
-276
-228
-228
-180
-164
-164
-104
0
72
148
260
292
276
164
56
-40
-212
-340
-372
-372
-396
-372
-340
-228
-48
96
164
196
180
112
56
32
40
16
40
8
-24
-8
-40
-56
-64
-72
-88
-88
-40
40
148
244
308
276
260
212
164
104
24
-56
-180
-228
-228
-196
-164
-96
-96
-64
-32
-24
40
164
276
324
356
292
180
80
-8
-72
-64
-32
64
196
340
492
556
556
492
372
212
112
-24
-96
-104
-164
-112
-132
-148
-180
-292
-396
-492
-492
-428
-260
-24
212
428
620
588
556
492
372
228
48
-148
-292
-396
-372
-292
-292
-180
-96
-72
-16
72
180
260
356
396
396
396
372
340
276
180
32
-132
-260
-324
-396
-356
-260
-180
-88
8
148
228
228
228
180
132
64
24
24
-24
-148
-260
-372
-428
-428
-356
-228
-132
-8
80
132
180
212
276
308
276
244
164
88
56
40
8
-32
-72
-132
-180
-164
-164
-148
-104
-104
-96
-32
32
88
112
120
80
-8
-96
-148
-164
-132
-24
72
196
340
492
588
620
556
428
276
132
24
-112
-228
-356
-460
-524
-524
-588
-652
-652
-588
-524
-460
-356
-228
-132
-48
-48
-120
-228
-372
-492
-556
-652
-716
-716
-684
-652
-492
-396
-308
-244
-228
-148
-56
40
164
260
340
396
372
372
324
212
132
16
-132
-228
-292
-308
-228
-32
164
356
524
652
780
844
876
876
844
748
620
460
324
228
104
16
8
8
0
0
48
148
212
260
324
396
492
556
620
652
620
588
524
372
228
112
-16
-112
-148
-196
-228
-212
-196
-196
-212
-164
-132
-88
-24
0
-16
-48
-56
-112
-148
-132
-112
-112
24
164
244
260
244
228
180
120
112
112
72
8
-64
-132
-228
-260
-340
-428
-492
-588
-652
-588
-428
-260
-180
-32
24
0
-48
-104
-132
-212
-324
-428
-460
-524
-556
-492
-396
-340
-276
-180
-120
-88
-56
-40
8
48
132
180
148
104
40
-104
-228
-372
-460
-492
-460
-396
-308
-212
-104
32
132
164
196
212
212
228
260
292
244
180
56
-104
-244
-308
-356
-340
-244
-132
32
260
492
620
716
684
652
556
492
460
428
372
260
164
72
24
40
64
132
180
180
180
180
164
164
132
164
132
24
-80
-180
-276
-292
-260
-164
-32
80
164
260
428
492
524
492
396
356
276
196
120
32
-96
-244
-396
-524
-620
-684
-716
-652
-556
-460
-292
-80
96
244
308
260
196
64
-48
-96
-120
-164
-196
-260
-276
-276
-244
-180
-88
-48
-24
-16
40
88
80
96
112
164
120
88
88
24
-112
-244
-428
-492
-524
-492
-356
-212
-96
24
132
244
340
460
524
492
372
276
164
8
-132
-228
-292
-372
-372
-340
-276
-120
32
164
244
244
228
244
260
276
276
292
276
228
212
212
180
120
112
24
-24
-32
-24
16
32
48
48
56
0
-64
-132
-180
-196
-244
-260
-132
-32
40
96
104
96
80
96
112
148
132
120
120
80
-8
-104
-212
-292
-356
-428
-460
-428
-396
-324
-212
-32
164
308
396
428
396
244
48
-64
-212
-276
-324
-324
-276
-196
-56
80
148
196
132
16
-32
-32
72
228
356
492
620
620
524
396
260
72
-64
-292
-524
-652
-684
-684
-556
-428
-228
-88
8
112
148
180
308
356
324
340
308
276
132
-40
-244
-96
428
460
-104
-876
-1052
-924
-780
-684
-396
524
1308
1244
460
72
24
-80
-396
-492
-132
340
524
260
0
-228
-492
-924
-1052
-620
64
684
988
988
924
780
356
-72
-260
-88
180
460
684
556
292
0
-340
-780
-924
-620
-196
148
396
844
1308
988
32
-812
-924
-812
-1244
-1564
-780
324
492
-40
-276
-180
-180
-588
-988
-588
308
428
0
120
588
340
-340
-652
-324
80
-56
-40
460
780
652
228
64
180
88
-148
-32
460
652
396
112
64
-56
-492
-876
-748
-308
-32
120
428
652
556
276
96
132
88
-32
-40
148
292
132
-56
-164
-308
-556
-748
-652
-524
-308
-64
212
428
556
524
428
428
428
492
428
308
244
180
64
132
148
32
-96
-196
-276
-276
-164
-64
164
324
356
260
276
260
132
112
228
260
196
308
260
132
-40
-132
-180
-244
-276
-212
-8
164
244
212
96
-48
-196
-460
-684
-716
-652
-620
-588
-428
-244
-104
-80
-64
-40
-88
-96
-120
-132
-112
-148
-196
-228
-196
-96
-8
40
112
148
212
80
-148
-212
-228
-212
-180
-104
0
132
132
32
-40
-32
-72
-180
-340
-396
-372
-372
-324
-276
-180
-180
-228
-244
-120
40
96
180
276
372
308
96
0
-64
-148
-324
-396
-396
-428
-396
-260
16
196
292
324
292
324
428
588
652
620
620
588
524
460
492
492
372
340
260
132
-8
-56
-16
32
120
276
340
396
356
372
340
308
292
228
260
260
308
396
460
396
260
180
132
80
80
88
80
88
120
228
260
212
88
-48
-212
-260
-196
-148
8
88
112
24
-16
-104
-276
-340
-372
-372
-260
-132
-80
8
8
-72
-72
-120
-180
-228
-276
-356
-396
-372
-428
-492
-524
-524
-588
-684
-748
-780
-748
-716
-684
-652
-620
-652
-748
-748
-620
-492
-492
-428
-356
-324
-276
-196
-96
8
56
32
-24
-64
-64
-112
-164
-148
-120
-80
32
212
396
588
588
524
492
524
492
460
524
492
356
196
212
260
292
372
428
324
132
80
72
148
276
396
492
460
396
292
228
180
148
96
48
88
64
32
24
-8
-32
-40
-48
-16
80
180
212
244
180
120
-24
-148
-180
-148
-112
-48
24
64
148
164
196
228
212
64
-8
0
40
96
148
212
212
228
276
396
460
460
428
372
324
260
244
244
276
292
228
228
260
212
32
-104
-164
-228
-276
-308
-308
-308
-324
-372
-324
-244
-244
-292
-308
-324
-228
-164
-120
-64
-48
-148
-244
-356
-460
-428
-428
-396
-372
-324
-396
-396
-324
-244
-148
-96
-72
0
24
64
96
112
132
164
148
112
96
24
-56
-148
-228
-260
-212
-180
-88
-24
16
80
64
56
40
56
48
80
72
0
-104
-164
-180
-196
-244
-324
-292
-324
-308
-244
-80
40
180
260
212
164
80
-8
-56
-40
-112
-120
-164
-148
-104
-104
-64
-56
-64
-132
-148
-120
-72
16
120
212
244
276
308
308
292
308
228
104
56
80
88
16
64
196
260
180
120
96
-64
-228
-260
-244
-308
-308
-324
-324
-276
-292
-276
-196
-132
-56
0
112
212
196
148
148
132
8
-80
-196
-196
-132
-72
-56
-16
88
148
260
396
556
556
556
556
652
652
716
716
620
524
396
260
148
164
164
112
8
-8
0
24
80
244
396
492
492
428
396
260
196
148
112
80
0
-120
-196
-164
-212
-228
-228
-212
-196
-164
-104
-48
-16
0
8
-64
-164
-244
-308
-324
-308
-276
-212
-120
-104
-132
-164
-244
-340
-340
-276
-180
-72
0
-8
-8
0
-48
-104
-104
-64
0
24
64
96
80
32
-48
-96
-164
-260
-396
-428
-524
-524
-524
-524
-524
-460
-460
-492
-492
-460
-428
-428
-324
-164
-148
-164
-148
-96
-104
-132
-212
-276
-308
-428
-460
-396
-228
-164
-96
24
164
228
244
324
460
428
396
356
356
372
292
212
196
132
88
56
40
72
104
148
196
260
276
292
340
340
396
460
492
460
460
460
428
324
148
16
0
-48
-104
-56
24
72
80
88
132
228
308
396
428
492
460
324
228
228
276
276
260
212
228
164
132
96
24
-40
-132
-196
-112
16
112
180
196
228
244
228
260
260
196
164
112
72
48
56
56
24
-64
-164
-244
-356
-396
-460
-492
-492
-460
-460
-524
-524
-524
-620
-620
-556
-492
-460
-460
-428
-340
-292
-292
-244
-228
-212
-308
-396
-372
-372
-356
-324
-244
-244
-260
-308
-228
-164
-72
-8
72
120
132
104
104
212
196
196
164
148
112
32
-56
-96
-88
-132
-164
-80
64
132
228
356
428
460
428
396
340
260
148
0
-96
-180
-292
-308
-276
-228
-132
-40
72
164
260
340
372
428
460
428
356
324
292
276
244
212
180
148
148
164
148
112
72
80
132
180
228
308
428
524
524
524
460
340
212
148
80
48
16
24
48
56
88
80
72
48
56
56
-8
-16
-104
-228
-324
-396
-460
-492
-492
-492
-460
-428
-428
-492
-460
-428
-372
-276
-244
-260
-340
-324
-308
-292
-212
-132
-72
-64
-112
-164
-212
-212
-148
-120
-56
0
24
88
148
180
212
212
112
32
8
-16
-48
-8
-24
-24
40
120
164
212
212
228
244
228
292
292
324
260
96
-56
-180
-276
-396
-396
-356
-260
-212
-148
-72
0
80
104
148
212
196
120
80
16
0
8
8
0
-48
-40
-88
-88
-32
0
-48
-64
0
64
164
276
428
428
396
308
180
64
-72
-104
-132
-132
-104
-64
80
196
356
460
428
324
244
104
-24
-96
-104
-120
-132
-164
-228
-308
-428
-492
-492
-460
-340
-260
-148
0
148
180
164
164
120
-8
-132
-180
-180
-212
-180
-180
-164
-132
-120
-64
8
112
180
228
244
292
292
308
276
244
228
132
40
0
0
-16
-24
0
32
8
48
148
180
228
276
276
276
276
276
244
196
132
40
-40
-120
-180
-260
-308
-292
-244
-196
-96
-24
24
96
64
24
8
8
-16
-8
-16
-56
-96
-164
-196
-180
-120
-112
-120
-96
-48
-32
-24
48
148
180
196
212
180
96
0
-16
-40
-48
-72
-56
-16
24
80
164
212
228
212
180
148
72
80
56
0
-120
-244
-396
-492
-588
-684
-652
-556
-460
-396
-356
-292
-260
-244
-164
-104
-104
-132
-164
-212
-260
-260
-260
-276
-308
-276
-228
-228
-164
-56
24
80
148
244
276
340
340
356
372
292
212
132
80
0
-24
-32
-24
0
56
164
292
428
524
588
588
620
524
460
372
308
244
164
132
88
56
48
80
96
120
148
148
120
104
112
180
180
180
148
132
88
40
56
64
56
32
0
-112
-164
-164
-120
-56
-16
16
32
88
148
132
112
24
-112
-180
-228
-196
-120
-80
-32
8
-24
0
24
24
56
96
72
-24
-56
-80
-120
-104
-112
-164
-276
-356
-428
-524
-492
-460
-396
-356
-244
-180
-112
-56
-40
-40
-40
-32
-56
-72
-32
0
-8
0
-16
-72
-72
-24
0
-8
8
40
64
80
80
148
148
132
88
40
40
-16
-64
-104
-120
-164
-180
-148
-96
-40
0
48
96
132
132
132
96
40
-8
-72
-132
-196
-276
-340
-372
-396
-372
-324
-276
-196
-112
-56
-40
0
16
64
148
148
164
164
148
88
40
48
-16
-32
-72
-80
-56
0
72
164
292
356
428
460
460
460
396
340
308
228
196
164
148
112
104
132
196
260
324
428
460
428
324
244
164
40
-64
-148
-196
-276
-308
-244
-228
-180
-132
-148
-180
-212
-196
-148
-88
0
72
132
132
80
96
96
40
32
24
-8
-40
-48
-56
-72
-32
24
48
64
72
64
48
88
132
148
96
64
16
-24
-88
-164
-164
-164
-180
-148
-104
-48
8
72
96
148
180
148
120
64
-32
-180
-340
-428
-460
-492
-492
-428
-356
-276
-228
-228
-228
-244
-260
-260
-180
-56
32
56
112
132
16
-80
-164
-212
-244
-276
-292
-212
-96
-8
48
180
308
340
260
196
112
-16
-132
-132
-72
8
72
112
148
180
212
196
276
396
460
396
372
340
228
148
96
64
32
-48
-164
-228
-244
-260
-212
-132
-104
-72
-32
72
164
196
212
212
180
148
72
48
16
-24
-40
-112
-132
-148
-80
-24
24
112
148
104
112
148
164
164
212
276
212
164
132
40
-24
-104
-164
-164
-164
-164
-148
-80
48
148
228
260
276
244
196
132
80
16
-88
-212
-308
-308
-324
-308
-260
-244
-196
-212
-196
-148
-148
-164
-132
-72
0
32
24
64
0
-64
-104
-196
-244
-292
-276
-212
-164
-104
-40
16
132
260
340
372
308
244
180
104
64
40
56
40
24
40
64
88
148
292
396
428
396
340
244
104
32
8
-16
-40
-104
-112
-104
-120
-132
-148
-120
-120
-132
-88
-56
-48
-56
-80
-112
-180
-260
-340
-428
-428
-396
-396
-396
-340
-260
-164
-96
-8
32
24
16
-16
-72
-88
-96
-80
-56
-80
-96
-132
-148
-132
-180
-164
-148
-120
-88
-24
64
164
276
292
340
340
260
148
48
-40
-148
-180
-196
-132
-64
-40
8
48
48
16
-56
-96
-96
-64
40
132
244
292
324
340
324
292
180
48
-32
-48
-32
40
148
276
308
324
308
292
292
324
308
324
324
308
340
356
324
292
196
196
244
260
292
308
356
340
260
212
148
32
-32
-96
-132
-112
-104
-88
-48
0
8
24
40
48
-16
-88
-148
-196
-196
-244
-244
-260
-324
-372
-356
-324
-276
-196
-132
-104
-104
-112
-164
-196
-196
-244
-292
-324
-340
-396
-396
-324
-244
-196
-212
-196
-180
-212
-228
-212
-212
-180
-164
-148
-72
-24
0
32
0
-56
-96
-164
-212
-212
-180
-148
-80
-64
-48
-32
-8
16
16
-16
-32
-72
-180
-212
-164
-88
8
104
196
260
260
228
164
112
40
0
-16
0
80
132
164
164
132
96
104
164
228
276
324
324
308
308
308
324
324
308
244
228
260
260
276
276
228
164
96
24
24
32
104
132
104
104
56
0
-24
-8
-32
-16
-8
32
24
48
80
24
-16
-64
-96
-180
-260
-308
-292
-260
-180
-88
-8
48
80
88
104
104
48
0
-40
-80
-132
-132
-112
-96
-80
-56
-48
-80
-120
-180
-164
-132
-132
-120
-32
8
8
48
80
120
120
96
88
56
-40
-104
-132
-120
-132
-148
-164
-148
-196
-228
-228
-260
-260
-244
-180
-40
96
148
212
228
228
180
88
32
-8
-72
-164
-164
-132
-104
-104
-80
-56
-56
-40
-16
64
164
196
196
212
228
228
196
132
148
88
24
0
16
64
56
48
80
112
56
-24
-56
-104
-148
-164
-164
-132
-96
-64
-56
-16
16
-24
-40
-32
-48
-8
40
80
48
-16
-96
-164
-228
-244
-196
-164
-88
-8
32
88
96
88
64
48
64
48
8
-56
-72
-72
-72
-48
-24
-40
-48
-104
-132
-148
-164
-148
-80
0
120
228
308
396
428
372
308
228
132
56
8
-24
-48
-32
-24
-32
-24
-56
-112
-132
-112
-96
-64
-24
40
132
228
292
324
324
292
276
244
244
244
180
104
88
48
48
64
88
72
48
40
24
40
64
112
120
120
112
96
64
48
72
72
80
112
132
148
164
164
112
56
0
-72
-180
-260
-276
-276
-276
-244
-228
-228
-212
-212
-180
-164
-164
-148
-112
-72
-56
-112
-164
-244
-372
-460
-492
-492
-492
-428
-372
-308
-212
-132
-96
-56
-72
-104
-148
-212
-212
-244
-212
-196
-164
-164
-148
-180
-212
-244
-292
-292
-244
-164
-32
80
212
308
260
260
164
80
24
0
24
16
24
96
180
244
308
324
308
244
180
132
64
0
-24
-8
64
132
212
292
308
308
308
324
292
292
276
276
244
244
260
228
212
212
132
72
80
88
104
148
196
244
212
196
212
244
292
292
292
324
324
308
372
396
356
308
228
88
-16
-80
-132
-112
-72
-48
-8
0
-48
-72
-96
-96
-112
-80
-40
-24
-8
-24
-64
-132
-212
-308
-356
-428
-428
-372
-356
-276
-196
-180
-148
-104
-132
-196
-244
-308
-308
-340
-308
-276
-260
-276
-260
-260
-292
-324
-372
-396
-396
-396
-356
-292
-228
-148
-56
-8
-56
-104
-112
-148
-180
-148
-112
-16
8
8
24
32
-24
-80
-80
-164
-196
-228
-196
-132
-32
96
164
228
244
228
212
196
196
180
196
196
212
212
212
212
164
120
64
48
40
32
104
132
164
212
260
276
308
340
340
356
356
372
372
356
356
356
324
244
180
88
48
16
32
32
0
0
-24
-24
-16
32
48
132
148
120
164
196
212
132
104
40
-40
-164
-212
-212
-260
-260
-180
-132
-132
-104
-88
-48
-72
-112
-148
-180
-164
-164
-164
-104
-88
-148
-132
-148
-228
-260
-276
-324
-396
-428
-396
-324
-228
-132
-48
0
8
-24
-64
-96
-148
-112
-64
-24
0
8
64
80
56
96
96
48
0
-80
-88
-88
-64
8
132
228
276
276
244
244
276
324
356
356
396
340
324
292
244
180
104
40
16
48
96
132
196
260
276
276
292
276
260
260
244
228
196
164
164
180
164
148
104
0
-80
-120
-196
-228
-180
-148
-164
-164
-180
-196
-164
-164
-148
-132
-148
-164
-180
-228
-292
-356
-396
-524
-588
-620
-620
-620
-588
-492
-396
-292
-244
-212
-196
-196
-244
-292
-308
-292
-308
-308
-292
-276
-260
-276
-260
-244
-260
-260
-244
-228
-196
-88
0
48
132
180
164
148
132
112
64
32
32
80
148
196
308
340
340
276
260
276
260
244
228
244
212
244
276
324
396
396
396
372
396
372
396
428
492
460
460
396
340
292
260
244
244
244
212
212
228
260
276
292
324
308
308
292
276
276
292
292
276
244
180
132
72
40
-8
-72
-104
-120
-112
-80
-56
-56
-80
-72
-56
-80
-80
-72
-72
-56
-104
-132
-164
-228
-308
-356
-428
-492
-492
-492
-428
-372
-308
-276
-276
-292
-340
-340
-340
-372
-396
-396
-396
-396
-396
-396
-356
-340
-396
-428
-428
-460
-492
-460
-396
-340
-292
-212
-148
-112
-112
-112
-132
-196
-212
-196
-132
-56
8
48
40
64
80
56
32
40
16
40
72
96
132
148
164
180
228
244
244
260
228
244
292
356
428
460
428
396
308
260
260
228
244
212
180
164
164
212
292
340
372
396
356
276
260
276
276
308
356
372
356
324
244
196
148
80
16
-16
0
-8
-16
-24
-48
-56
-40
-32
8
72
72
72
64
32
-8
-80
-148
-180
-212
-244
-260
-260
-260
-276
-260
-196
-148
-112
-120
-132
-148
-180
-196
-180
-132
-104
-80
-96
-80
-120
-196
-212
-244
-324
-356
-276
-228
-196
-148
-56
0
16
8
24
24
16
16
24
40
40
40
56
80
56
16
8
16
24
32
0
0
8
-32
-48
-32
32
48
96
148
132
104
72
56
96
112
132
164
180
164
112
80
32
-8
-40
-72
-72
-48
-24
16
72
104
148
120
96
80
56
72
88
120
120
96
56
0
-16
-32
-72
-104
-132
-132
-148
-164
-148
-132
-148
-164
-164
-132
-112
-112
-80
-48
-48
-56
-56
-80
-112
-164
-196
-228
-292
-308
-276
-244
-180
-112
-48
-32
-32
-40
-56
-56
-64
-24
0
24
56
48
8
-16
-32
-56
-80
-72
-56
-40
0
72
112
164
180
180
148
148
148
112
132
164
180
228
292
308
340
292
228
180
132
96
104
112
148
196
212
244
244
260
244
196
148
132
148
196
244
308
372
372
340
276
196
88
0
-64
-104
-112
-96
-72
-24
56
104
104
88
64
8
-40
-88
-72
-80
-104
-88
-88
-132
-164
-180
-212
-244
-260
-260
-292
-292
-324
-292
-228
-164
-112
-72
-80
-132
-148
-196
-212
-196
-196
-212
-244
-308
-372
-428
-428
-372
-308
-276
-212
-180
-148
-148
-132
-120
-112
-148
-196
-196
-228
-244
-228
-196
-164
-164
-148
-148
-180
-164
-148
-148
-132
-96
-64
-16
40
48
40
16
16
24
8
40
88
132
164
180
228
276
276
276
308
308
276
276
308
324
324
356
372
356
356
324
292
292
292
324
340
356
396
428
460
460
396
324
244
196
132
88
96
112
96
148
196
228
244
228
244
212
212
164
104
48
8
24
48
64
48
16
-40
-72
-80
-56
-72
-72
-64
-96
-88
-96
-96
-64
-80
-104
-120
-132
-180
-244
-244
-244
-292
-340
-372
-396
