SAMPLES:	7419
BITSPERSAMPLE:	16
CHANNELS:	1
SAMPLERATE:	16000
NORMALIZED:	FALSE
0
0
0
0
0
0
0
0
0
0
0
0
0
0
0
0
0
0
8
8
8
8
8
8
8
8
8
8
16
8
8
16
16
16
8
8
8
8
8
8
8
16
16
16
16
16
8
16
16
8
16
8
8
8
0
8
8
8
0
0
0
0
0
0
0
0
0
0
0
0
0
0
0
0
0
0
0
0
0
0
0
0
0
0
0
0
0
0
-8
-8
-8
-8
-8
-8
-8
-8
-8
-8
-8
-8
-8
-8
-8
-8
-8
-8
-8
-8
-8
-8
-8
-8
-8
-8
-8
-16
-8
-8
-8
-8
-8
-8
0
0
0
0
0
0
0
0
-8
-8
0
0
0
0
0
0
0
0
0
0
0
0
0
0
0
0
0
0
0
0
0
0
0
0
0
8
8
8
8
8
8
8
8
8
8
8
8
8
8
8
8
8
8
8
0
0
8
8
8
0
0
0
0
0
0
0
0
0
0
0
0
0
0
-8
0
0
0
0
0
0
0
0
0
0
-8
0
0
0
0
0
-8
-8
-8
0
0
0
0
0
0
0
0
0
0
0
0
0
0
0
0
0
0
0
0
0
0
0
0
8
8
0
0
0
8
8
0
8
8
0
0
0
8
8
8
8
8
8
8
8
8
8
8
8
8
0
8
0
0
0
0
0
0
0
0
0
0
0
0
0
0
0
0
0
0
0
0
0
0
0
0
0
0
0
-8
-8
-8
-8
-8
0
-8
-8
-8
-8
-8
-8
0
0
-8
-8
-8
-8
-8
-8
-8
-8
-8
-8
0
0
0
0
0
0
0
0
0
0
0
0
0
0
-8
-8
0
0
0
0
0
0
0
0
0
0
-8
-8
0
0
0
0
0
0
0
0
0
0
0
-8
0
0
0
0
0
0
0
0
0
0
0
0
0
0
0
0
0
0
0
0
8
8
8
8
16
8
8
16
8
8
16
16
8
16
16
8
8
16
16
8
8
8
8
8
8
8
16
16
16
8
8
8
8
0
0
0
0
0
0
0
0
0
0
0
0
0
0
0
0
0
0
-8
-8
-8
-8
-8
-8
-8
-8
-16
-16
-8
-8
-8
-16
-8
-8
-8
-8
-8
-8
-8
-8
-8
-8
-8
-8
-8
-8
-8
-8
-8
-8
-8
0
0
0
0
0
0
0
0
0
0
0
0
0
0
0
0
0
0
0
8
8
0
0
0
0
8
8
8
8
8
8
8
8
8
8
8
8
8
8
8
8
8
8
8
8
8
0
8
0
0
0
0
0
0
0
0
0
0
0
0
0
0
0
0
0
0
0
0
0
-8
0
0
0
0
-8
0
0
0
0
0
-8
-8
-8
-8
-8
-8
-8
-8
-8
-8
-8
-8
0
0
0
0
-8
0
-8
-8
0
0
0
0
0
0
0
0
0
0
0
0
0
0
0
0
0
0
0
0
0
0
0
0
0
0
0
8
8
0
8
0
8
0
0
8
8
0
8
8
8
8
8
8
8
8
8
8
8
8
8
8
0
8
8
8
0
0
0
8
0
0
8
0
0
0
0
0
8
0
0
0
0
0
0
0
0
0
0
0
0
0
0
0
0
0
-8
-8
-8
-8
-8
-8
-8
-8
-16
-16
-8
-16
-16
-16
-16
-16
-16
-16
-16
-16
-16
-16
-16
-16
-16
-16
-16
-16
-16
-16
-16
-8
0
-8
-8
-8
-8
-8
-8
-8
-8
-8
-8
0
0
0
0
0
0
0
0
0
8
8
8
8
8
16
16
16
16
16
16
16
16
16
16
8
16
16
8
16
16
16
16
24
16
24
16
16
16
16
16
16
16
16
16
8
8
8
16
8
16
16
8
8
8
16
8
8
8
8
0
0
0
0
0
0
0
0
0
0
0
0
0
-8
0
0
0
0
0
0
0
0
-8
0
-8
-8
-16
-16
-16
-16
-16
-16
-16
-16
-8
-8
-8
-8
-8
-16
-16
-8
-24
-16
-16
-16
-16
-8
-8
-16
-16
-8
-16
-16
-16
-24
-24
-24
-32
-24
-24
-24
-16
-16
-24
-24
-24
-32
-32
-24
-24
-24
-16
-16
-16
-8
0
-8
-16
-8
0
0
0
0
0
0
0
8
16
24
24
32
32
32
32
32
40
32
40
48
48
48
48
48
48
48
56
48
48
48
40
40
48
40
40
40
40
32
40
32
24
32
40
24
32
72
72
16
-64
-72
8
80
64
-8
-16
16
8
-72
-112
-40
40
32
-64
-120
-64
-8
-32
-64
-56
-40
-64
-96
-72
-8
0
-24
-32
-8
0
-40
-64
-40
16
40
24
-8
-32
-48
-56
-8
40
40
-8
-48
-40
0
16
-16
-16
-16
-8
-24
-40
-48
-48
-24
-16
-24
-40
-64
-64
-32
8
16
-16
-40
-40
-24
-24
0
32
40
8
-32
-32
0
24
16
16
40
24
0
-16
0
40
80
72
32
8
8
24
56
64
56
48
32
16
16
64
96
80
40
40
48
40
32
32
64
80
40
-8
-8
0
-16
-32
-8
8
-16
-56
-88
-72
-48
-48
-56
-48
-48
-64
-88
-88
-64
-24
-32
-64
-80
-72
-64
-48
-8
0
-8
-32
-48
-24
0
16
0
-8
-8
0
16
8
-8
16
56
56
-8
0
56
64
16
8
104
164
88
-40
24
260
428
372
276
260
244
164
164
308
460
460
276
88
32
72
88
96
80
0
-180
-340
-308
-212
-164
-260
-356
-428
-492
-524
-524
-492
-396
-340
-356
-396
-396
-396
-372
-260
-64
56
8
-120
-180
-112
0
120
148
104
40
8
24
64
132
164
88
8
-16
-40
-64
-16
40
80
40
-24
-88
-80
-24
0
24
40
8
8
0
40
148
228
212
164
132
180
244
196
164
244
396
460
524
748
988
924
524
104
148
556
876
780
524
356
180
-8
-164
-148
24
56
-244
-652
-876
-812
-620
-460
-524
-844
-1180
-1308
-1180
-924
-716
-684
-812
-924
-924
-844
-684
-396
-196
-96
8
104
80
-40
-88
120
460
652
524
292
212
396
684
748
652
492
292
196
228
356
356
180
104
164
164
-24
-196
-228
-48
104
88
-8
-132
-228
-196
-24
132
132
-16
-148
-120
64
244
228
96
8
-120
-164
-96
-48
32
8
-80
-148
-164
-180
-244
-120
88
212
228
340
684
1180
1564
1628
1308
780
524
924
1820
2492
2364
1564
924
684
620
588
684
812
524
-324
-1180
-1500
-1244
-988
-1116
-1628
-2236
-2748
-3004
-2876
-2364
-1884
-1980
-2492
-2748
-2748
-2364
-1820
-1308
-844
-492
-396
-620
-876
-748
-180
492
924
1116
924
460
396
924
1692
1980
1436
716
460
652
684
460
292
396
396
-80
-588
-652
-308
-148
-292
-396
-396
-652
-924
-748
-164
112
-32
-428
-524
-164
64
212
308
324
244
104
32
-40
-96
8
228
308
228
-112
-460
-556
-244
148
212
64
-292
-356
96
1372
3004
4092
4348
3004
1564
748
1564
3772
5884
6140
4604
2748
1564
1372
1628
2108
2492
2108
684
-1244
-2236
-1820
-748
-244
-988
-2748
-4348
-4860
-4604
-3644
-3004
-3004
-3388
-3900
-4092
-4092
-4092
-3260
-1980
-524
0
-716
-1884
-2620
-1628
340
1884
2108
1308
428
24
620
1884
3004
3260
2108
588
-260
196
988
1436
1308
1244
988
-132
-1436
-1756
-844
244
324
-620
-1500
-1884
-1980
-1628
-748
-104
-276
-1180
-1884
-1564
-684
-40
72
-24
-372
-988
-1564
-1308
-372
212
196
-340
-1052
-1372
-1308
-988
-292
244
88
-492
-844
-292
276
428
396
524
876
1692
3260
5116
6140
5628
3388
1564
1756
4092
6396
7420
6652
4604
2748
1692
1628
2236
3004
3132
1884
-524
-2492
-2748
-1564
-620
-1116
-3132
-5372
-6140
-5628
-4348
-3900
-4348
-4860
-5116
-5116
-4860
-4860
-4348
-3260
-1756
-620
-556
-1436
-2236
-1820
-588
1052
2108
2364
1436
104
8
1564
3516
3644
2108
748
812
1116
780
652
1308
1756
1180
-164
-1244
-1308
-1180
-924
-492
88
-276
-1692
-2620
-1884
-460
180
-112
-812
-1180
-1180
-988
-396
524
780
164
-556
-620
-72
276
340
460
652
260
-844
-1628
-1116
-48
524
460
180
-96
-460
-524
-56
780
1052
748
356
716
1692
2492
3772
5372
6652
5884
3388
1308
1628
4348
6908
7676
6396
4348
2364
1116
876
1756
3004
2876
924
-1628
-3516
-3772
-2748
-1628
-1820
-3644
-6140
-7164
-6652
-5116
-4348
-4604
-5116
-5372
-5372
-5372
-4860
-4092
-2620
-1180
-372
-492
-1244
-1980
-1500
292
2364
3132
2236
924
196
812
2492
3772
3644
1692
-40
-164
844
1244
460
-180
-48
48
-652
-1628
-2236
-2108
-1756
-1244
-844
-1116
-1980
-2620
-1884
-356
588
276
-620
-988
-372
524
1372
1820
1500
812
396
780
1500
1884
1692
1180
780
492
212
-244
-260
112
372
340
148
-40
-276
-292
132
620
748
748
780
924
1052
988
1116
1980
3644
5372
6908
6908
4860
1980
652
2620
6140
8316
7420
4604
2108
924
492
556
1244
1884
1116
-1372
-4092
-5372
-4348
-2876
-2236
-3132
-5372
-7676
-8316
-6652
-4604
-3772
-4604
-5372
-5372
-4860
-4348
-4092
-3004
-988
844
1308
356
-1116
-1628
-460
1980
4348
4604
3004
1436
1628
2364
2620
2364
2748
2876
924
-1244
-1116
924
1244
-844
-2236
-1244
-588
-2492
-4604
-3772
-924
196
-1244
-2492
-1980
-1692
-2236
-1820
372
2108
1244
-652
-844
780
1980
1756
1308
1756
1980
1052
196
684
1564
1372
228
-428
-396
-748
-1308
-1372
-396
524
88
-1052
-1436
-620
164
492
924
1244
988
588
684
1500
2108
2108
1980
2620
4604
6396
7420
6652
4348
2748
2236
3516
5628
7676
7420
4860
2108
748
492
460
556
780
244
-1500
-3772
-5116
-4604
-3388
-3004
-4092
-5884
-7164
-7420
-6396
-4860
-4348
-4604
-5372
-5372
-4604
-4092
-3644
-2876
-1052
780
1372
340
-1372
-2236
-1116
1436
3388
3516
1884
-88
-716
588
3132
4604
3132
-492
-3132
-2492
-16
1180
588
-64
0
-844
-3132
-4092
-2492
196
844
-228
-988
-1244
-1692
-1980
-524
1980
2748
780
-1180
-684
1308
2364
2236
1980
1692
924
-48
32
1564
2876
2108
260
-1116
-1436
-1500
-1244
-396
356
8
-1308
-2364
-1980
-340
812
780
276
164
292
556
1244
1980
2620
2620
2364
2108
2108
2492
2748
2876
3516
5116
6396
6396
5372
4604
4092
3772
3516
4092
5372
6140
5116
2620
652
48
-56
-460
-748
-716
-1244
-2876
-4348
-4860
-4092
-3772
-4348
-5628
-6396
-6652
-6652
-5628
-4604
-4604
-5372
-6140
-5628
-4092
-3004
-2876
-2876
-2236
-1564
-1052
-1180
-1500
-1692
-1308
-120
1180
1692
924
-460
-988
104
2620
4092
2620
-748
-3004
-1564
1308
2236
1436
1052
1052
-556
-2620
-2492
196
2236
1692
8
-748
-684
-780
88
2236
3644
2236
-588
-1436
556
3004
3388
2108
652
-16
-148
244
1116
1884
1372
-180
-1116
-1052
-988
-1436
-1372
-556
96
-372
-1564
-2108
-1372
228
1244
1436
1180
748
308
844
2492
3644
3260
2492
2236
2492
2748
2876
3132
2876
2620
3260
4604
5884
5628
4860
3900
3516
3260
2492
2492
4092
5628
4860
2108
-196
-428
16
-180
-556
-716
-1180
-2364
-3644
-4092
-4092
-4092
-4604
-5116
-5116
-5372
-6140
-6396
-5884
-4860
-5116
-5884
-5884
-4860
-4348
-4092
-3772
-3132
-2492
-2236
-2364
-2364
-2236
-1820
-748
652
1372
684
-556
-652
716
2492
3516
3132
2236
988
56
276
1980
3260
3004
1692
988
988
588
-396
-212
1372
2620
1436
-716
-1372
-308
924
1564
1692
1116
-308
-1564
-1244
396
1692
1372
-260
-1180
-988
-428
-196
48
716
780
-292
-1372
-1372
-460
372
716
620
196
-396
-620
112
1564
2748
2620
1692
1180
1436
2108
2748
3132
3516
3388
2876
2492
2364
2236
2108
2236
2236
2364
3260
4348
4604
4092
3772
3388
2492
1180
1052
3004
5372
5628
3260
588
-588
-652
-748
-876
-620
-620
-1820
-3516
-4604
-4860
-4860
-4860
-4860
-4860
-5628
-6908
-7676
-6908
-5628
-5116
-5628
-6396
-5884
-5116
-4604
-3772
-2876
-1980
-1436
-1628
-1980
-1756
-1052
48
1564
2620
2492
1244
460
1180
2620
3772
4604
4604
3004
460
-428
1692
4092
4092
2364
1436
1500
372
-1244
-876
1820
3260
988
-2108
-2492
-588
492
556
988
1436
-148
-2492
-2620
48
2492
2236
428
-588
-372
-80
-16
780
2108
1980
-32
-1436
-924
396
988
876
844
652
-196
-1052
-652
1116
2748
2492
1116
428
780
1500
2236
3132
3644
3004
1692
1372
1980
2620
2876
2364
1372
684
988
1820
3004
4092
4092
3516
3004
2876
1980
556
428
2748
5116
4860
2108
-524
-1372
-1308
-1180
-988
-620
-780
-1980
-3900
-5116
-4860
-4348
-3900
-3900
-4348
-6140
-7420
-7164
-5116
-3644
-4092
-5372
-6140
-5628
-4348
-3388
-2748
-2108
-1692
-1628
-1564
-1436
-1180
-876
-64
1180
1980
1692
780
428
1180
2364
3260
3900
3516
2492
1564
1372
1820
2492
2492
1628
924
812
684
112
-556
-356
104
96
-684
-1500
-1564
-924
-196
-24
-260
-780
-1436
-1564
-684
652
1372
1116
356
-112
-180
244
988
1692
1980
1692
1116
844
1180
1628
1692
1564
1436
1244
1180
1628
2364
2620
2364
1820
1436
1628
2108
2492
2620
2364
1980
1564
1436
1692
1980
1692
1052
556
492
1116
2620
3900
4092
3260
2876
3004
2492
988
428
2236
4860
5372
3260
620
-428
-396
-556
-748
-396
-80
-988
-2748
-4092
-4348
-4348
-4092
-3772
-4092
-5372
-7164
-7164
-5628
-4092
-4348
-5884
-6396
-5628
-4604
-3900
-3772
-3260
-2620
-1980
-1692
-1756
-2108
-1884
-716
1116
2236
1692
356
-96
988
2492
3132
3388
3132
2236
1628
1756
2236
1980
1116
620
780
844
148
-684
-988
-876
-652
-748
-1052
-1628
-2108
-1756
-684
212
80
-748
-1372
-1244
-428
556
1500
1756
1372
748
588
1116
1884
2492
2492
1980
1628
1308
1308
1564
1884
1628
1052
588
556
876
1308
1372
1180
924
812
652
876
1372
1692
1436
1116
1500
1980
1756
1500
1628
1564
1116
620
716
1692
3132
3900
3644
3004
3260
3772
3388
2108
1372
2492
4604
5628
4092
1980
812
428
196
-132
-112
308
148
-988
-2620
-4092
-4604
-3900
-2876
-2876
-4348
-6396
-6908
-5628
-4092
-4092
-5372
-6396
-5884
-4860
-3900
-3516
-3260
-3132
-2748
-2492
-2236
-2236
-2108
-1500
-492
396
428
-72
-292
80
924
1628
1980
1564
1180
1116
1180
1244
988
524
196
8
212
716
716
-276
-1308
-1052
-32
324
-372
-844
-460
16
164
340
492
356
40
48
844
1692
1980
1500
1116
1180
1500
1692
1628
1756
1756
1372
924
924
1052
652
228
292
492
556
428
228
228
324
396
396
620
1052
1116
924
1116
1564
1692
1500
1564
1884
1884
1692
1820
2620
3260
3004
2108
1628
2236
3516
4860
5628
5116
3388
1052
652
2620
4604
4860
3260
1980
716
-684
-1500
-684
988
924
-1628
-4092
-4860
-3772
-3004
-3260
-3900
-4860
-5884
-6396
-5628
-4348
-4604
-5372
-5884
-5372
-4604
-4860
-5116
-4604
-3260
-2236
-2108
-2492
-2620
-2748
-2492
-1372
196
620
-308
-988
-428
524
988
1628
2620
2236
716
-244
716
2236
2364
1564
1500
1820
876
-652
-428
1436
2364
988
-716
-652
-88
-228
-112
1116
1820
396
-1500
-1308
716
2108
1692
684
148
-8
112
748
1980
2620
1372
-164
-228
924
1436
924
652
780
556
132
212
844
1436
1372
876
748
1052
1244
1116
1628
2620
2620
1628
1052
1436
1884
1980
1980
2108
1980
1820
1980
2748
3772
4604
4604
3132
1564
988
2364
4604
5628
4860
3004
1820
1308
652
244
588
1372
1180
-428
-2364
-3388
-3260
-2748
-2492
-3260
-4604
-5884
-6140
-5628
-5116
-5372
-6140
-6652
-6396
-5884
-5628
-5372
-4860
-4604
-4348
-3900
-3516
-3644
-3900
-3388
-2108
-524
88
-356
-1116
-1052
-40
1372
2236
2492
1884
1436
1692
2620
3388
3260
2620
1980
1820
1756
1980
1980
1500
924
244
-396
-428
132
428
112
-396
-716
-652
-524
-460
-324
-96
72
-24
-80
96
244
396
588
844
924
748
556
620
1116
1500
1436
1180
924
780
812
1244
1564
1500
1244
1180
1372
1564
1980
2108
2108
1980
1884
1756
1884
2236
2364
2108
1820
1564
1500
1884
2620
3132
3260
3644
4092
4092
2620
1244
1756
3900
5372
4860
3516
2620
1884
924
212
652
1628
1564
-120
-2108
-3260
-3260
-2620
-2364
-3004
-4604
-6140
-6652
-5884
-4860
-5116
-6140
-6652
-6908
-6396
-5884
-5372
-5116
-4860
-4860
-4348
-3900
-3644
-3644
-3260
-1980
-748
-324
-524
-844
-812
-24
1308
2492
3004
2236
1308
1244
2364
3516
3516
2876
2364
1980
1372
988
1244
1756
1436
524
-372
-684
-652
-556
-104
340
-104
-1180
-1756
-1308
-120
716
716
148
-556
-988
-620
460
1436
1564
988
292
180
492
1052
1692
2108
2108
1180
276
244
1052
1820
2108
1820
1180
716
924
1756
2620
2748
2364
1884
1884
2108
2364
2620
2620
2620
2364
2364
2748
3132
3132
3388
4092
4604
3260
1628
1436
3132
4604
4860
3772
2748
1884
780
-80
132
1052
1244
-8
-1980
-3260
-3388
-2876
-2492
-2620
-3644
-5116
-5884
-5628
-4860
-4860
-5372
-5372
-5628
-5884
-6140
-5628
-4860
-4348
-4092
-4092
-4348
-4348
-4348
-3772
-2620
-1436
-924
-1180
-1628
-1756
-1052
396
1692
2108
1500
844
988
1820
2492
3004
3132
2876
2364
1820
1820
2236
2620
2236
1564
780
228
164
524
780
396
-324
-988
-1244
-988
-588
-340
-396
-716
-1180
-1436
-1116
-524
-120
-88
-244
-396
-492
-324
120
556
716
652
620
748
988
1244
1500
1628
1692
1564
1692
2108
2620
2620
2492
2236
2364
2620
2748
2620
2620
2620
2620
2620
3004
3132
3004
2748
2748
3516
4092
3644
2492
1756
2364
3516
4092
3516
3132
2620
1692
652
120
556
1244
988
-428
-2108
-3004
-3004
-2492
-2236
-2876
-4348
-5372
-5372
-5116
-4860
-5116
-5372
-5628
-5884
-5884
-5372
-4860
-4348
-4348
-4348
-3900
-3644
-3516
-3388
-2748
-1692
-924
-620
-748
-812
-428
428
1436
1820
1500
1308
1628
2364
2876
2748
2364
2108
1884
1692
1692
1980
1980
1244
276
-212
-132
48
40
-148
-620
-1116
-1436
-1308
-1052
-988
-1244
-1500
-1436
-1308
-1116
-924
-716
-652
-844
-876
-524
-8
212
292
356
428
524
620
924
1244
1308
1308
1436
1692
1884
1980
2108
2236
2236
2364
2364
2492
2748
2876
2748
2620
2620
3004
3516
3772
3516
3260
3388
3900
4348
3772
3004
2492
3004
3516
3644
3260
2876
2492
1628
748
356
460
652
340
-684
-1884
-2620
-2876
-2748
-2748
-3132
-3900
-4860
-5116
-5116
-4860
-4860
-4604
-4860
-5372
-5628
-4860
-4092
-3772
-4092
-4092
-3772
-3132
-2748
-2748
-2492
-1884
-924
-308
-228
-460
-492
72
988
1756
1820
1564
1564
1820
1980
1980
1884
2108
2236
1980
1500
1308
1308
1116
924
812
620
164
-324
-372
-228
-356
-844
-1180
-1244
-1244
-1244
-1244
-924
-876
-1116
-1244
-1116
-924
-748
-524
-276
-96
-132
-292
-292
24
340
428
460
716
924
876
812
988
1308
1436
1500
1564
1628
1756
1820
2108
2236
2236
2108
2108
2620
3260
3388
3132
3004
3388
4092
4348
4092
3516
2876
2876
3388
3772
3644
3132
2748
2236
1436
684
588
988
1052
212
-1052
-1884
-1980
-1884
-2108
-2492
-3260
-4092
-4348
-4604
-4348
-4348
-4604
-4860
-4860
-4860
-4604
-4348
-4092
-3644
-3388
-3004
-2620
-2492
-2492
-2492
-1820
-876
16
524
292
-164
-292
492
1756
2492
2364
1692
1308
1244
1180
1244
1628
2108
1756
748
-8
-8
276
292
196
72
-396
-1244
-1884
-1500
-716
-652
-1500
-2492
-2620
-2236
-1756
-1244
-988
-1500
-2364
-2492
-1628
-588
-324
-652
-924
-924
-588
-196
228
492
428
324
524
1052
1436
1628
1564
1692
1980
1980
1980
2364
2748
3004
2748
2364
2364
2492
2876
3516
4092
3900
3516
3132
3388
4348
4860
4604
3900
2876
2364
2492
3388
4348
4092
2748
1244
524
492
524
428
588
428
-684
-2364
-3260
-3004
-2236
-2364
-3260
-4348
-4604
-4604
-4604
-4604
-4348
-4604
-4860
-4860
-4860
-4348
-3900
-3516
-3260
-3132
-3132
-2876
-2236
-1500
-924
-492
-196
56
276
652
1244
1980
2236
1980
1244
1180
1884
2620
2748
2492
1820
1116
556
524
1116
1500
924
-132
-876
-1052
-924
-684
-524
-924
-1820
-2492
-2492
-1980
-1436
-1372
-1820
-2492
-2748
-2492
-1980
-1372
-1116
-1116
-1372
-1692
-1500
-924
-164
324
460
396
308
428
876
1564
2108
2236
1884
1692
1756
1980
2492
2876
2876
2492
2108
1980
2492
3132
3644
3644
3004
2492
2620
3388
4092
3900
3388
3132
3388
3772
3516
2620
2236
2620
3388
3004
1500
492
844
1436
588
-988
-1500
-652
-260
-1756
-3644
-4092
-3132
-2748
-3388
-4348
-4860
-4604
-4604
-4604
-4604
-4348
-4348
-4604
-4604
-4348
-3516
-2748
-2620
-3004
-2876
-1980
-988
-620
-876
-812
428
1980
2108
844
80
988
2620
3132
2620
2364
2620
2364
1436
1180
2236
3004
1980
164
-556
-196
164
-96
-556
-988
-1628
-2492
-2620
-1980
-1372
-1436
-2236
-2876
-3004
-2364
-1628
-1500
-1564
-1628
-1500
-1500
-1372
-684
72
244
-16
-16
492
1052
1180
1308
1628
2108
2364
2364
2108
2236
2620
3004
3260
2876
2492
2364
2364
2620
3004
3260
3132
2492
1820
2108
2876
3516
3260
2492
1756
1756
2108
2364
1980
1692
1884
2108
1692
684
24
212
844
924
292
-556
-1180
-1436
-1372
-1628
-1980
-2364
-2620
-3132
-3644
-3772
-3388
-3132
-3388
-4092
-4348
-4092
-4092
-3900
-3772
-3388
-3004
-2620
-2620
-2748
-2620
-2108
-1436
-684
-260
-212
-292
-104
372
924
1308
1436
1756
1884
1756
1564
1564
1820
2236
2108
1820
1436
988
748
716
876
780
148
-684
-1180
-1244
-988
-924
-1180
-1692
-2108
-2236
-1820
-1244
-1244
-1628
-1756
-1436
-1116
-988
-1052
-988
-620
-244
32
340
396
396
492
844
1308
1500
1500
1500
1884
2492
2620
2364
1980
1820
1884
2236
2620
3004
3004
2492
1884
1692
1820
1980
2108
2364
2492
2108
1500
1180
1180
1308
1372
1244
1116
1052
844
556
260
164
396
492
80
-492
-780
-748
-620
-716
-988
-1308
-1564
-1820
-1980
-2108
-2108
-1980
-2108
-2364
-2620
-2620
-2492
-2236
-2364
-2364
-2236
-2108
-1980
-1980
-1756
-1436
-1308
-1244
-1244
-1116
-876
-620
-356
-164
-64
72
244
308
228
212
372
556
780
812
684
492
396
588
876
988
876
588
244
104
212
276
64
-260
-620
-780
-812
-748
-748
-988
-1116
-1052
-844
-716
-748
-780
-588
-276
-212
-212
-180
16
292
492
684
780
844
876
988
1180
1372
1436
1692
1884
1884
1692
1692
1980
2236
2236
1980
1692
1628
1756
1980
1980
1820
1436
1116
924
988
1180
1116
844
460
212
72
-16
-96
-228
-396
-524
-684
-876
-1116
-1308
-1372
-1244
-1180
-1372
-1628
-1628
-1436
-1180
-988
-1116
-1308
-1372
-1308
-1116
-924
-924
-844
-588
-396
-492
-524
-524
-492
-428
-260
-148
-340
-556
-556
-244
-16
-8
-132
-292
-212
-24
32
40
24
-16
-88
-132
-16
-8
-96
0
96
112
16
-132
-148
0
24
-88
-112
-104
-120
-104
-148
-244
-212
-212
-292
-356
-428
-460
-428
-524
-524
-492
-396
-228
-196
-212
-276
-260
-72
212
396
460
460
428
588
876
1116
1180
1116
1308
1564
1756
1692
1692
1628
1756
1980
1884
1820
1628
1564
1628
1628
1372
1052
780
652
716
684
356
72
-196
-308
-372
-620
-844
-988
-1116
-1180
-1244
-1372
-1500
-1692
-1692
-1564
-1372
-1244
-1244
-1372
-1308
-1052
-812
-684
-716
-780
-652
-356
40
244
96
-72
-16
244
556
652
556
396
292
292
340
356
212
-8
-228
-396
-356
-396
-492
-492
-588
-620
-652
-652
-716
-780
-780
-620
-460
-428
-492
-620
-588
-356
-148
-24
-56
-180
-196
-120
40
96
96
40
56
132
72
-40
-80
0
164
244
88
-132
-260
-164
48
196
244
340
340
372
524
716
844
876
988
1052
1052
1180
1308
1308
1244
1180
1244
1372
1436
1308
1244
1180
1180
1116
988
748
492
372
324
292
148
-112
-396
-556
-524
-524
-684
-924
-1052
-1052
-1052
-1052
-1052
-1052
-1052
-1052
-1052
-1052
-1052
-924
-716
-524
-556
-620
-556
-428
-292
-260
-292
-164
40
196
292
324
308
340
396
460
492
492
460
524
652
620
428
212
104
120
212
244
132
-148
-292
-340
-340
-212
-148
-212
-340
-292
-228
-244
-276
-324
-292
-212
-164
-228
-396
-588
-588
-340
-104
-16
-180
-460
-460
-292
-96
-32
-148
-244
-228
-148
-16
56
72
0
24
80
72
88
24
0
16
120
120
-48
-180
-148
96
372
492
396
96
32
260
556
652
492
244
180
428
652
620
396
324
460
492
428
212
72
164
428
588
428
164
-80
-64
120
260
228
-80
-372
-292
-80
32
0
-132
-292
-324
-228
-180
-180
-244
-244
-228
-196
-148
-148
-88
-64
-40
-40
-64
48
244
340
292
212
164
244
492
588
524
396
372
396
428
428
340
132
32
80
56
-120
-292
-340
-356
-340
-428
-556
-652
-684
-620
-556
-492
-492
-556
-588
-620
-620
-524
-396
-340
-324
-356
-372
-308
-148
-56
-80
-72
-16
40
32
-24
0
32
-48
-132
-112
-64
-120
-292
-244
-96
-132
-212
-324
-356
-228
-132
-56
8
-72
-196
-212
-80
180
356
372
276
308
396
460
460
460
428
356
276
308
428
460
396
260
180
164
196
196
164
120
16
-16
0
-104
-132
-40
40
132
132
16
-104
-120
-64
-16
16
72
96
40
80
132
196
308
292
292
308
372
428
588
716
716
620
460
428
524
684
812
748
524
308
276
340
308
228
148
72
0
-16
-24
-72
-132
-148
-180
-260
-340
-428
-492
-524
-524
-588
-716
-748
-652
-524
-492
-556
-588
-588
-524
-428
-492
-588
-588
-492
-428
-356
-428
-620
-652
-524
-372
-324
-372
-492
-652
-684
-556
-308
-180
-228
-324
-372
-292
-196
-72
-16
16
16
80
104
112
180
308
356
396
428
356
372
396
396
460
492
340
276
356
372
308
276
356
428
396
340
292
260
340
428
428
308
212
212
228
228
276
292
180
132
112
16
-32
24
104
196
180
120
164
292
396
356
260
260
324
356
308
180
64
48
132
180
180
212
164
120
56
-24
-40
-64
-48
-8
0
-56
-180
-276
-244
-228
-212
-260
-340
-396
-492
-588
-588
-396
-292
-356
-460
-524
-588
-556
-428
-356
-428
-396
-356
-428
-492
-460
-492
-460
-372
-292
-276
-372
-428
-292
-164
-120
-132
-196
-308
-292
-164
-32
0
-40
-104
-64
8
32
40
-24
-40
40
112
164
212
260
308
356
396
396
340
372
428
492
492
428
356
276
308
396
492
524
492
460
524
588
524
524
492
428
396
356
324
308
372
428
396
340
324
308
228
228
324
292
244
196
180
164
164
132
112
56
-24
-72
-40
80
180
196
72
-132
-260
-180
-80
8
-72
-228
-324
-308
-340
-324
-308
-308
-308
-308
-324
-372
-428
-556
-588
-524
-460
-460
-620
-748
-716
-556
-372
-324
-396
-588
-748
-716
-460
-260
-276
-428
-588
-556
-396
-292
-324
-396
-356
-244
-132
-132
-148
-120
-64
16
32
32
-40
-104
-132
-56
24
64
8
-16
-56
-104
-72
80
180
196
132
80
148
292
428
396
308
212
212
292
396
524
524
396
356
428
524
524
460
396
492
620
620
524
428
396
428
460
340
164
88
148
228
292
340
340
292
292
260
276
292
340
340
276
196
148
212
244
212
212
212
196
180
148
180
104
-24
-72
8
80
-32
-196
-244
-228
-244
-260
-292
-324
-340
-308
-212
-120
-180
-308
-396
-244
-40
-16
-132
-260
-292
-308
-324
-308
-356
-460
-524
-428
-276
-308
-492
-524
-396
-228
-180
-260
-428
-460
-396
-340
-260
-228
-340
-460
-460
-324
-244
-260
-276
-276
-244
-196
-196
-212
-180
-80
-16
8
-16
-56
-48
16
80
148
120
72
56
104
180
244
260
292
276
260
292
308
260
212
180
260
356
356
308
212
196
244
356
492
460
324
180
148
228
324
308
180
40
24
112
228
244
120
-8
-56
40
180
244
196
180
164
120
64
0
0
64
132
148
72
-24
-24
24
72
148
88
8
56
96
72
72
0
-8
24
56
80
0
-56
-8
96
164
104
48
40
24
16
-24
-56
-24
-72
-196
-308
-340
-292
-196
-148
-196
-308
-396
-396
-324
-308
-308
-260
-276
-308
-340
-308
-228
-212
-244
-276
-308
-396
-396
-340
-228
-180
-164
-228
-324
-260
-96
16
64
48
-132
-212
-40
48
-16
0
112
120
148
148
148
148
148
196
260
244
164
148
180
212
212
244
228
196
132
80
120
212
260
260
112
-8
-32
56
180
196
80
-24
-96
-64
72
132
72
-48
-72
-40
24
96
120
56
0
8
48
80
96
88
132
180
180
164
120
104
80
104
132
164
112
8
-32
-16
72
164
196
164
88
80
180
276
260
148
40
48
112
164
164
132
148
196
164
132
104
-16
-132
-104
-8
8
-96
-260
-340
-260
-228
-292
-340
-396
-396
-460
-492
-460
-428
-324
-324
-372
-428
-524
-524
-372
-164
-120
-196
-292
-308
-228
-104
-64
-104
-96
-112
-148
-132
-56
0
32
64
64
8
-32
-32
48
164
212
180
16
-104
-16
164
276
244
148
88
132
212
212
196
212
244
260
228
180
148
104
96
180
180
64
-24
-40
24
112
132
8
-64
-16
8
16
32
72
24
-40
-40
48
244
340
276
180
120
132
244
340
396
372
308
308
340
372
324
196
164
276
356
260
148
32
48
164
228
196
40
-148
-196
-80
32
16
-148
-324
-460
-492
-356
-292
-340
-460
-524
-460
-396
-308
-292
-308
-308
-324
-244
-180
-180
-196
-132
-88
-104
-164
-340
-460
-396
-212
-72
-88
-196
-260
-260
-228
-196
-132
-56
-56
-164
-164
-112
-32
32
56
148
132
64
112
244
372
396
292
164
132
132
228
356
396
396
308
164
80
132
180
228
148
56
56
64
0
-88
-72
-48
-8
16
-32
-164
-212
-120
32
112
48
-132
-132
0
120
228
148
32
56
180
292
396
372
340
324
276
228
196
164
148
148
132
-8
-96
-96
-72
32
48
-8
-48
-80
-48
-24
-80
-96
-48
0
-8
-72
-112
-164
-132
-24
8
-24
-72
-80
-112
-80
-96
-196
-308
-340
-196
-32
-48
-196
-340
-356
-212
-96
-228
-460
-524
-492
-372
-372
-428
-428
-396
-396
-428
-460
-460
-460
-372
-260
-164
-164
-260
-228
-132
-48
32
120
180
148
72
40
228
356
292
212
164
148
212
324
396
396
340
308
276
292
396
428
428
396
372
308
292
308
340
428
460
428
292
212
260
372
372
324
244
196
228
260
260
212
164
148
212
228
180
196
228
244
292
260
228
228
228
212
228
260
244
180
120
88
64
88
96
64
48
8
-32
-56
-64
-88
-64
-88
-112
-244
-372
-372
-88
212
148
-428
-1116
-1180
-684
-324
-460
-492
-212
-104
-524
-1180
-1052
-64
372
-180
-780
-716
-212
-164
-556
-780
-396
16
-120
-556
-556
-396
-372
-492
-652
-396
24
148
-72
-292
-104
64
-164
-460
-372
8
244
244
120
-88
-180
8
96
244
372
260
196
164
-56
-96
24
132
276
132
96
112
212
308
132
104
48
180
244
0
-148
148
324
228
292
460
492
212
180
292
308
308
260
180
652
844
228
96
556
460
-164
-148
460
1116
1116
492
228
620
588
-112
-196
396
988
748
132
-32
212
72
-556
-716
-24
620
428
-260
-396
-56
-88
-524
-620
-112
148
80
-48
-112
-228
-460
-588
-428
0
276
148
-96
-196
-460
-748
-844
-652
-244
-64
-228
-396
-460
-684
-780
-588
-396
-372
-276
-80
-24
-244
-372
-244
-148
-104
-164
-276
-244
-56
0
-8
88
180
64
-132
-80
244
372
164
-120
-96
56
104
104
132
228
16
-132
40
340
356
196
180
196
180
48
24
56
212
212
180
308
372
228
-40
-24
228
356
276
396
428
180
-64
-24
164
180
148
164
292
428
428
148
-8
0
48
64
180
356
396
292
96
48
72
32
-64
32
180
212
88
8
56
56
-64
-244
-308
-244
-244
-356
-460
-460
-396
-260
-148
-196
-308
-428
-556
-620
-620
-460
-308
-164
-120
-244
-428
-524
-460
-308
-148
-72
-120
-164
-212
-324
-308
-132
0
48
-16
-148
-196
-196
-88
80
96
-40
-132
-72
8
48
120
120
56
0
32
104
148
132
112
196
340
372
212
88
148
260
396
460
396
276
308
492
556
396
292
212
8
-64
56
276
308
148
-56
-80
-72
-48
56
132
244
228
112
64
40
-24
-24
120
324
324
148
0
8
148
180
260
308
276
196
132
228
340
372
356
276
228
228
212
228
324
356
244
148
212
212
88
24
112
180
180
48
-32
-96
-196
-228
-260
-228
-212
-308
-340
-324
-372
-428
-492
-396
-372
-492
-556
-556
-460
-524
-684
-748
-620
-492
-492
-588
-652
-684
-652
-524
-396
-340
-356
-460
-492
-428
-356
-356
-292
-148
-120
-228
-292
-292
-228
-164
-96
-48
-56
-16
-56
-132
-104
-64
-48
-64
-72
-64
-40
24
112
196
180
132
104
148
244
324
396
460
524
428
276
324
460
620
652
588
524
428
340
324
396
492
492
356
228
228
260
260
244
244
292
276
212
132
180
212
228
260
228
212
228
260
276
292
244
212
212
244
244
244
276
292
324
276
196
164
132
112
180
228
180
104
-8
-148
-212
-196
-120
-64
-96
-196
-276
-356
-396
-372
-276
-164
-180
-292
-396
-372
-308
-228
-196
-212
-180
-132
-80
-8
24
-56
-164
-132
-72
-24
-112
-196
-180
-148
-104
-164
-260
-292
-212
-132
-64
-48
-180
-324
-428
-396
-308
-260
-276
-324
-308
-276
-356
-428
-356
-244
-228
-196
-96
0
-24
-40
-56
-48
-40
16
72
104
132
112
72
16
8
56
104
132
64
32
48
32
48
72
104
112
88
16
-16
16
8
16
32
40
64
88
112
164
148
132
164
212
276
308
324
324
292
244
228
244
324
356
340
324
396
428
340
228
148
164
212
228
228
148
32
-120
-228
-228
-164
-120
-132
-212
-292
-340
-340
-340
-340
-324
-244
-244
-228
-212
-196
-180
-180
-196
-196
-196
-164
-120
-88
-8
16
-40
-48
8
16
-16
0
0
-32
8
80
148
164
96
48
132
180
112
32
-24
-32
32
-24
-72
-112
-56
32
132
132
48
8
24
164
228
212
112
72
80
148
212
244
244
164
120
112
120
80
64
96
120
88
48
0
-104
-148
-120
-64
-24
-40
-80
-180
-196
-104
-64
-96
-120
-148
-180
-196
-40
148
164
24
-164
-228
-88
180
340
276
132
32
24
112
244
324
324
244
228
244
196
148
64
80
120
88
-24
-112
-104
-56
-24
-112
-196
-356
-492
-460
-340
-228
-180
-276
-396
-428
-372
-244
-132
-132
-148
-228
-260
-180
-104
-96
-88
-40
16
40
-24
-48
-32
48
120
104
40
16
24
64
72
72
112
80
96
104
-8
-132
-164
-132
-164
-148
-120
-120
-96
-64
8
-48
-180
-228
-164
-56
64
80
-24
-96
-56
96
244
276
132
56
132
212
244
244
244
148
148
180
212
212
212
196
120
164
132
80
40
56
132
148
72
24
24
-8
-16
8
112
132
88
64
80
120
164
260
340
324
244
196
196
308
396
428
428
356
292
276
244
244
228
164
180
164
40
-120
-276
-292
-260
-276
-372
-460
-460
-428
-428
-524
-556
-556
-556
-492
-396
-324
-308
-340
-396
-396
-356
-324
-276
-228
-228
-228
-180
-132
-64
0
40
72
88
80
80
72
56
48
-8
8
40
72
72
-8
-32
-72
-40
32
16
-48
-80
-40
24
88
40
-104
-196
-148
-24
72
148
104
24
0
72
148
148
164
112
40
24
24
24
8
0
-16
-40
-56
-80
-64
-64
-24
40
96
104
0
-48
-16
48
148
260
260
132
0
8
120
180
260
244
164
196
260
244
196
212
244
292
324
356
308
292
340
372
356
324
276
196
228
308
340
260
148
16
-48
-80
-64
-88
-132
-148
-212
-196
-212
-276
-356
-428
-460
-460
-524
-524
-556
-492
-460
-428
-428
-396
-340
-276
-228
-244
-244
-196
-164
-148
-64
-40
-56
-40
16
56
88
132
180
212
164
164
196
212
244
308
308
260
212
180
164
180
104
72
48
-8
-88
-132
-56
0
16
-32
-64
-64
-56
-40
-8
-48
-148
-180
-164
-88
-40
-64
-96
-148
-96
-16
-8
-32
-80
-16
32
48
40
8
8
48
96
88
56
56
80
164
228
260
244
244
212
260
324
308
356
396
372
340
244
180
196
244
292
340
244
88
56
96
164
148
96
0
-56
-88
-24
0
-64
-132
-244
-324
-356
-372
-372
-372
-396
-492
-524
-556
-524
-556
-556
-524
-492
-492
-556
-588
-556
-460
-396
-340
-340
-372
-396
-372
-212
-80
16
24
24
88
228
372
460
556
588
556
460
428
428
428
460
524
588
524
340
260
228
244
276
260
164
64
-64
-148
-164
-180
-180
-276
-372
-396
-356
-356
-340
-292
-308
-276
-260
-228
-212
-212
-164
-64
48
112
64
-8
16
132
228
212
196
228
276
340
340
372
396
372
356
324
308
340
372
340
356
308
212
196
180
196
260
260
244
212
196
196
228
228
180
112
80
132
164
148
132
56
-40
-96
-132
-164
-244
-292
-292
-308
-340
-428
-492
-556
-588
-556
-556
-556
-556
-556
-588
-588
-524
-460
-428
-372
-308
-244
-180
-96
-24
0
0
-8
8
88
180
244
244
228
244
276
340
372
428
396
324
324
308
308
292
276
196
120
96
48
24
16
0
-16
-48
-104
-196
-340
-428
-396
-340
-324
-324
-292
-260
-228
-180
-148
-180
-196
-164
-96
-40
-16
-8
-16
0
8
-8
-8
24
88
132
196
212
196
180
180
228
292
308
276
244
260
276
292
260
132
56
112
212
276
276
212
120
132
164
196
164
104
24
-24
-32
-40
8
48
-24
-104
-148
-88
-8
-16
-40
-148
-228
-244
-196
-164
-228
-308
-396
-460
-396
-292
-244
-276
-356
-428
-428
-372
-276
-212
-180
-148
-96
-64
0
0
48
112
148
164
180
276
292
324
356
428
428
428
428
460
492
492
492
428
396
372
372
356
276
212
244
180
132
80
32
-8
-24
-56
-96
-120
-196
-228
-228
-212
-228
-324
-396
-396
-340
-292
-308
-292
-276
-244
-228
-228
-148
-120
-88
-72
-80
-80
-32
0
8
8
0
-40
-16
72
120
132
80
32
40
48
24
0
-32
-80
-48
-8
8
24
0
-48
-88
-40
24
8
8
8
0
-56
-96
-56
-112
-164
-148
-96
-32
-8
-8
-40
-16
0
-8
-8
0
-8
-40
-80
-132
-164
-164
-180
-212
-228
-228
-196
-112
-64
-64
-96
-104
-104
-56
0
56
96
80
64
32
88
120
148
180
244
308
340
356
324
324
356
372
396
396
340
260
244
260
260
276
212
120
64
64
48
48
56
0
-64
-132
-148
-148
-148
-132
-132
-164
-212
-244
-276
-308
-244
-180
-104
-48
-96
-164
-164
-96
-16
16
0
-64
-72
0
104
164
132
88
48
56
72
80
72
112
120
132
164
132
48
40
64
112
120
96
64
40
0
-16
-16
8
24
8
0
-24
0
8
-32
-96
-120
-180
-212
-180
-104
-64
-64
-88
-132
-132
-164
-164
-132
-120
-148
-212
-244
-260
-228
-196
-180
-120
-104
-104
-112
-120
-88
-32
48
112
64
0
-8
0
80
132
148
164
228
228
212
228
180
164
148
164
228
228
196
148
112
104
80
48
16
0
-32
-8
32
40
40
0
-120
-212
-260
-244
-196
-196
-244
-276
-340
-356
-324
-308
-260
-228
-180
-180
-228
-244
-212
-164
-48
16
40
56
8
8
16
72
112
72
80
72
112
212
276
292
276
244
260
292
292
260
212
212
212
228
244
196
132
64
80
164
180
148
88
56
40
32
24
88
88
56
24
8
8
8
-16
-40
-56
-24
-32
-56
-72
-64
0
16
-16
-32
-40
-64
-64
-48
-40
-72
-88
-56
-40
-40
-80
-104
-56
-48
-32
-24
-32
-64
-32
0
0
48
32
8
-16
8
64
72
80
88
64
40
72
104
104
96
40
40
80
48
0
-64
-120
-120
-80
-72
-80
-120
-164
-180
-164
-164
-196
-228
-196
-164
-164
-196
-212
-164
-112
-104
-132
-148
-164
-148
-72
-16
0
-56
-64
-56
-64
0
72
88
104
104
56
32
56
48
32
-8
0
40
80
72
72
80
56
32
16
-8
-8
24
48
48
40
32
40
64
88
88
56
64
72
64
104
164
180
148
96
80
96
104
104
72
24
48
72
16
0
-56
-104
-64
-24
-48
-64
-88
-88
-48
-48
-72
-120
-72
-16
8
24
0
-16
16
104
