SAMPLES:	9427
BITSPERSAMPLE:	16
CHANNELS:	1
SAMPLERATE:	16000
NORMALIZED:	FALSE
32
32
32
32
32
24
32
32
24
16
16
8
8
8
8
0
0
0
0
0
0
0
0
0
0
0
0
-8
-8
-16
-24
-24
-32
-32
-32
-40
-40
-48
-48
-48
-48
-48
-56
-48
-48
-48
-48
-48
-48
-40
-48
-48
-48
-48
-48
-48
-48
-48
-48
-48
-48
-48
-48
-48
-40
-40
-40
-32
-32
-32
-32
-24
-24
-16
-24
-16
-16
-16
-16
-8
-8
-8
0
0
0
0
0
8
8
8
16
16
16
16
24
24
24
24
24
24
24
24
24
24
24
24
32
32
32
24
32
40
32
40
40
32
32
32
24
24
24
24
24
24
24
24
16
16
16
8
8
8
0
8
8
8
8
8
8
8
0
8
0
8
8
0
0
0
0
0
0
0
0
0
8
8
8
8
16
16
16
24
24
24
24
24
24
24
24
24
24
16
16
16
16
16
16
16
16
16
16
16
8
16
16
16
8
8
8
8
0
0
0
0
-8
-8
-8
-16
-16
-16
-16
-16
-16
-16
-16
-24
-24
-24
-24
-24
-32
-32
-32
-32
-32
-40
-32
-32
-40
-48
-40
-40
-40
-40
-40
-40
-40
-48
-48
-48
-40
-40
-40
-32
-24
-24
-24
-24
-24
-32
-32
-24
-32
-32
-32
-32
-32
-24
-24
-16
-16
-16
-8
-16
-16
-16
-16
-8
-16
-16
-8
-8
-8
-8
-8
-8
-8
-8
-8
-8
-8
-8
-8
-8
0
0
0
0
8
0
8
8
16
16
16
24
24
32
32
32
32
32
32
32
32
40
40
48
48
56
56
56
64
64
64
64
64
72
72
64
64
64
56
64
64
64
64
56
56
48
48
48
48
48
48
48
48
48
40
40
32
32
24
16
16
8
0
0
0
0
0
-8
-8
0
-8
-8
-16
-24
-24
-24
-24
-24
-32
-24
-32
-32
-32
-32
-40
-40
-48
-48
-48
-40
-48
-48
-48
-48
-48
-48
-48
-48
-48
-48
-48
-48
-40
-40
-40
-40
-48
-48
-48
-48
-48
-48
-48
-48
-40
-40
-32
-32
-24
-24
-16
-16
-24
-24
-24
-24
-24
-16
-16
-8
-8
-8
-8
-8
0
0
0
0
0
8
8
16
8
8
16
16
24
24
24
24
24
24
24
24
24
32
24
24
24
24
24
32
24
24
24
24
24
24
32
24
24
24
16
16
16
16
16
16
16
24
16
16
16
16
16
8
16
16
8
8
8
8
8
8
8
8
8
8
8
8
8
8
8
0
0
0
0
0
0
0
0
8
8
0
0
8
0
0
0
0
0
0
0
0
0
0
0
0
0
0
0
-8
-8
-8
0
0
0
-8
-8
-8
-8
-8
-8
-8
-8
-8
-8
-8
-8
-8
-8
0
-8
-8
-8
-8
-8
-8
-8
0
0
0
0
0
0
0
0
0
0
0
0
0
0
-8
-8
0
0
0
0
8
8
16
8
8
8
0
0
0
0
0
0
0
-8
0
0
-8
-8
-8
0
-8
-8
-8
-16
-16
-16
-16
-16
-16
-24
-24
-24
-24
-24
-24
-24
-16
-16
-16
-16
-16
-16
-16
-8
-16
-8
-16
-8
-8
-8
-16
-8
-16
-16
-16
-16
-8
0
-8
0
0
0
0
0
0
0
0
0
0
0
8
8
8
16
16
16
24
24
24
24
32
32
24
24
32
24
24
24
24
24
32
24
32
32
40
32
32
32
32
32
32
32
32
32
24
24
24
24
24
16
16
16
16
8
0
8
8
0
0
0
0
0
0
0
0
0
0
-8
-8
-8
-16
-16
-24
-24
-24
-16
-16
-16
-8
-8
-8
-8
-8
-8
-8
-8
-16
-16
-8
-8
-8
-8
-8
-16
-16
-16
-16
-16
-16
-16
-16
-16
-16
-16
-24
-24
-24
-16
-16
-16
-16
-16
-16
-16
-16
-16
-16
-16
-16
-16
-16
-16
-16
-16
-16
-16
-8
-8
0
0
0
0
0
0
0
0
0
0
0
0
8
8
8
0
8
0
0
0
8
8
8
8
8
8
16
16
16
8
8
16
16
16
16
24
24
24
24
24
24
24
16
24
24
24
24
24
24
16
16
24
16
24
24
16
16
16
24
16
16
16
8
8
8
8
8
8
8
8
0
0
0
0
0
0
0
0
0
0
0
-8
-8
-16
-16
-8
-8
-16
-16
-16
-16
-16
-16
-16
-16
-16
-16
-24
-24
-24
-24
-32
-32
-32
-40
-40
-40
-32
-32
-32
-24
-24
-24
-24
-24
-24
-24
-16
-16
-16
-16
-16
-16
-16
-16
-16
-16
-16
-8
0
-8
0
0
0
0
0
0
0
8
8
8
8
8
8
16
16
24
24
24
24
24
24
24
24
24
24
16
16
16
16
16
8
8
8
8
8
8
0
8
8
8
8
8
8
8
0
0
8
8
8
0
0
0
0
0
0
0
0
0
0
8
8
8
8
16
16
8
8
8
0
0
0
0
0
0
0
0
0
8
0
0
0
0
0
0
0
0
0
0
0
0
-8
-8
-16
-16
-24
-32
-24
-24
-16
-16
-8
-8
-8
-8
-8
-8
-8
-8
-8
-16
-16
-16
-24
-24
-24
-24
-24
-24
-24
-24
-16
-16
-8
-8
0
0
0
0
0
0
0
0
0
0
0
0
0
8
8
8
16
8
16
8
8
8
8
8
16
16
24
24
24
24
24
24
24
24
24
24
24
24
32
24
24
24
24
16
16
16
16
8
8
8
8
16
8
8
8
0
0
0
0
0
0
0
-8
-8
-8
-16
-16
-24
-24
-32
-32
-32
-32
-24
-24
-16
-16
-16
-24
-24
-24
-24
-24
-24
-24
-24
-24
-24
-24
-24
-16
-16
-16
-8
-8
-8
0
0
0
0
8
8
16
16
8
8
8
8
8
8
8
8
8
16
16
24
24
32
32
32
32
32
32
32
24
24
24
24
16
16
16
16
16
16
16
16
16
8
16
16
16
16
16
16
8
8
8
0
0
0
0
-8
-8
-8
-8
-8
-8
-8
-8
-16
-16
-16
-16
-24
-16
-16
-16
-24
-16
-16
-16
-16
-24
-24
-24
-24
-24
-24
-24
-16
-16
-24
-24
-24
-24
-24
-32
-32
-32
-24
-32
-24
-24
-16
-16
-24
-24
-24
-24
-16
-16
-16
-16
-8
-16
-16
-8
-16
-8
-8
0
0
0
0
0
0
0
0
0
0
0
8
16
16
16
16
16
16
16
16
16
16
16
16
24
24
24
24
24
24
24
24
24
24
24
32
24
24
24
24
24
24
16
16
24
24
24
32
32
32
32
32
32
32
24
16
16
16
16
16
16
16
16
16
8
8
0
8
16
16
24
24
24
32
32
24
16
8
0
0
0
-8
-8
-8
-8
-8
-8
-16
-24
-24
-24
-32
-32
-32
-24
-24
-32
-40
-40
-40
-48
-48
-56
-64
-64
-64
-56
-56
-48
-40
-40
-40
-40
-40
-40
-48
-48
-40
-40
-32
-32
-24
-16
-8
-8
-8
-8
-8
-8
-8
0
0
8
16
24
24
24
24
24
24
24
24
32
40
40
40
40
40
48
48
56
64
56
56
48
40
32
24
16
16
16
16
16
8
8
0
0
-8
0
0
-8
-16
-16
-16
-24
-24
-24
-24
-32
-40
-40
-48
-48
-48
-48
-48
-40
-32
-32
-24
-24
-24
-24
-24
-24
-24
-24
-16
-16
-16
-8
0
8
16
24
32
32
32
32
32
32
32
32
32
40
40
40
40
32
24
24
32
32
32
32
32
32
40
40
40
56
48
32
24
16
8
8
0
0
0
0
0
0
8
0
0
-16
-16
-24
-24
-24
-24
-16
-16
-16
-8
-8
-8
-16
-16
-24
-32
-24
-16
-8
-8
-8
0
-8
-16
-24
-32
-40
-48
-48
-48
-40
-24
-8
-8
0
0
0
0
0
0
0
8
8
0
0
0
-8
-8
-16
-8
0
0
0
0
8
16
8
16
32
40
32
32
40
48
48
48
48
56
48
24
16
8
0
-24
-32
-24
-16
-16
-16
-16
-8
-8
-8
0
-8
-8
0
0
0
0
0
-8
-16
-24
-40
-40
-40
-48
-48
-48
-32
-24
-16
0
0
0
-16
-32
-40
-48
-48
-40
-32
-32
-16
0
0
0
0
0
8
16
24
32
40
32
24
24
40
56
64
64
72
56
32
32
56
72
88
104
120
112
96
96
112
132
132
132
132
132
112
80
64
56
24
-8
-32
-32
-40
-64
-72
-80
-80
-96
-104
-88
-80
-72
-72
-64
-64
-80
-88
-88
-104
-120
-132
-132
-148
-164
-164
-164
-148
-132
-132
-112
-88
-72
-64
-64
-48
-40
-64
-72
-72
-64
-64
-64
-56
-56
-56
-56
-56
-32
-16
0
32
56
64
64
56
40
40
40
56
96
148
180
180
212
228
212
196
164
164
164
148
132
164
212
276
308
340
340
308
212
104
48
0
-24
-32
-32
-32
-56
-96
-120
-164
-180
-196
-212
-196
-164
-96
-40
16
40
16
-24
-96
-180
-276
-372
-396
-428
-428
-372
-276
-180
-96
-40
-24
0
8
0
-32
-24
-16
0
16
16
16
8
-8
-32
-56
-72
-48
0
40
72
148
212
244
228
180
164
112
80
72
132
164
196
196
212
244
212
196
244
260
276
244
260
292
260
196
148
244
428
556
652
716
716
492
148
-132
-292
-396
-492
-588
-588
-492
-460
-428
-372
-276
-276
-372
-428
-372
-212
-96
-24
-8
-40
-88
-196
-396
-588
-780
-988
-1052
-1052
-924
-684
-372
-88
88
244
324
356
292
148
40
-56
-96
-104
-80
56
180
260
244
132
56
-48
-148
-244
-212
-64
132
292
396
460
460
372
180
16
-72
-88
-112
-88
8
148
260
308
308
308
228
88
-8
-104
-132
-80
0
96
180
276
356
396
396
396
324
260
196
180
308
524
684
876
1180
1436
1500
1308
1116
924
460
-24
-372
-492
-460
-556
-588
-460
-324
-356
-492
-492
-492
-620
-716
-652
-428
-164
0
104
132
88
-132
-428
-716
-1052
-1372
-1564
-1564
-1436
-1244
-876
-460
-196
-48
64
80
0
-164
-292
-276
-196
-48
112
308
460
492
340
164
8
-180
-324
-396
-372
-244
-40
132
260
308
292
228
132
80
64
72
64
48
80
148
196
196
120
0
-148
-260
-340
-308
-196
-80
48
164
244
340
340
308
292
212
164
164
276
492
684
924
1308
1884
2492
2876
3004
2876
2620
1756
620
-276
-844
-1180
-1372
-1372
-1052
-620
-492
-556
-556
-460
-524
-748
-652
-260
164
396
620
924
924
556
-148
-988
-1884
-2748
-3260
-3388
-3132
-2620
-1820
-924
-180
260
524
588
356
-104
-588
-812
-780
-748
-524
-164
308
556
492
324
180
32
-164
-244
-132
80
212
260
276
244
132
0
-72
-196
-276
-308
-276
-212
-196
-88
132
324
428
460
556
620
396
40
-196
-356
-652
-1052
-1244
-1052
-844
-588
-260
180
556
524
652
844
1116
1436
1692
2108
2236
2108
2108
2108
2620
3388
3772
4348
4348
4092
3004
1436
72
-1116
-1756
-1980
-1980
-1436
-748
-308
-148
-260
-148
-356
-684
-716
-556
40
556
876
1180
1180
780
-212
-1564
-2748
-3900
-4860
-5372
-5116
-4348
-3260
-1820
-492
356
924
924
556
-88
-844
-1180
-1436
-1436
-1116
-652
72
588
684
524
180
-196
-748
-1180
-1180
-1052
-620
-88
356
876
1180
1244
924
492
164
-340
-716
-812
-716
-460
-48
460
812
1116
1372
1372
1116
780
276
-180
-620
-988
-1180
-988
-556
-340
0
324
620
620
428
492
588
844
1180
1500
1980
2492
3132
4092
5116
5628
5884
5372
4604
3260
1308
-460
-1692
-2492
-3004
-3004
-2364
-1372
-780
-716
-588
-556
-684
-876
-620
148
844
1372
1756
1980
1884
1244
-24
-1692
-3516
-5116
-6140
-6396
-6140
-5116
-3772
-2108
-492
620
1244
1436
1116
396
-396
-876
-988
-844
-492
-104
340
588
372
-104
-556
-924
-1308
-1564
-1372
-876
-244
396
924
1116
1180
988
620
40
-556
-988
-1244
-1436
-1308
-924
-460
112
588
844
1116
1308
1308
1116
844
492
80
-396
-924
-1308
-1500
-1436
-1180
-780
-104
684
1308
1692
1820
1980
2236
2236
2108
1980
1884
2236
3132
4348
5628
6396
6140
5628
4348
3004
1372
-80
-1052
-1820
-2364
-2492
-1820
-716
-120
-180
-556
-988
-1372
-1628
-1244
-212
716
1244
1436
1628
1628
1052
-212
-2108
-4092
-5884
-7164
-7420
-6652
-5372
-3900
-2236
-716
308
924
1116
780
-24
-876
-1372
-1372
-1116
-588
72
556
716
324
-260
-812
-1180
-1628
-1884
-1692
-1052
-64
988
1820
2364
2236
1692
924
96
-524
-988
-1244
-1372
-1308
-876
-196
492
1116
1436
1628
1692
1628
1436
1244
988
524
-24
-588
-1180
-1564
-1564
-1180
-780
-276
428
924
1244
1244
1244
1436
1500
1500
1436
1564
2108
2748
3900
5628
6652
6908
6396
5372
3772
1564
-396
-1628
-2364
-2876
-3132
-2620
-1564
-844
-780
-1052
-1244
-1564
-1980
-1628
-620
716
1628
2108
2620
2620
1820
356
-1564
-3644
-5884
-7420
-7932
-7420
-6396
-4604
-2620
-748
524
1244
1500
1244
620
-244
-780
-812
-460
96
684
1372
1564
1052
260
-620
-1372
-1980
-2236
-2108
-1180
228
1628
2876
3516
3388
2492
1372
260
-748
-1628
-2108
-2108
-1628
-924
-80
844
1500
1564
1244
988
924
924
924
1052
1052
780
132
-588
-1180
-1692
-2236
-2492
-2108
-1436
-652
180
1052
1628
1884
1692
1436
1372
1372
1308
1244
1564
2364
3516
4860
6140
6652
6396
5628
4092
2364
460
-924
-1884
-2620
-3004
-3004
-2236
-1308
-1052
-1116
-1372
-1500
-1692
-1628
-716
556
1628
2108
2364
2236
1628
308
-1436
-3516
-5372
-6908
-7676
-7420
-6140
-4604
-2748
-924
620
1500
1820
1756
1244
428
-276
-524
-308
64
460
684
716
340
-396
-1180
-1820
-2108
-2108
-1820
-924
460
1884
3004
3388
3132
2364
1052
-276
-1436
-2236
-2620
-2620
-2236
-1500
-556
324
1052
1436
1500
1372
1308
1244
1244
1308
1308
1180
684
32
-812
-1628
-2364
-2876
-2876
-2492
-1436
-308
716
1628
2108
2364
2108
1820
1884
2108
2236
2236
2492
3388
4604
5628
6652
6652
6396
5116
3004
1116
-396
-1308
-2108
-2492
-2236
-1756
-1052
-492
-396
-588
-1116
-1692
-1980
-1564
-492
620
1692
2364
2364
1884
876
-556
-2492
-4860
-6396
-7676
-7932
-7164
-5884
-3900
-1980
-276
924
1500
1692
1244
396
-428
-1116
-1244
-1180
-844
-340
-40
-40
-356
-924
-1564
-1980
-2108
-1756
-1244
-460
460
1564
2236
2364
2108
1564
684
-244
-1180
-1820
-2236
-2364
-1980
-1244
-244
812
1628
2236
2492
2364
2108
1980
1884
1692
1500
1308
876
132
-684
-1372
-1820
-2108
-2108
-1564
-684
276
1180
1820
2108
2364
2364
2108
2236
2620
2876
2876
2492
2748
3388
4092
5116
5628
5884
5372
4092
2236
652
-428
-1052
-1564
-1756
-1884
-1756
-1436
-1436
-1628
-1980
-2108
-2236
-2108
-1500
-428
716
1436
1500
1308
652
-372
-1756
-3516
-4860
-6140
-6652
-6652
-5884
-4604
-3132
-1628
-276
428
684
684
396
24
-396
-556
-460
-324
-88
180
324
276
-64
-620
-1116
-1372
-1180
-924
-492
88
684
1116
1308
1372
1180
812
260
-428
-1180
-1756
-2108
-1980
-1564
-780
212
1308
2236
2748
2876
2492
2108
1756
1308
844
556
228
-292
-988
-1628
-2108
-2492
-2620
-2364
-1692
-812
180
988
1820
2492
2876
3004
2876
2876
2876
2492
1980
1820
2236
3132
4348
5372
5628
5628
4604
3004
1436
292
-244
-620
-1116
-1244
-1244
-1180
-988
-1116
-1308
-1820
-2236
-2364
-2236
-1308
32
1244
1884
1980
1500
716
-428
-1884
-3516
-4860
-6140
-6396
-6396
-5372
-4092
-2364
-924
164
748
988
924
652
356
-32
-104
-16
48
196
396
460
212
-324
-988
-1564
-1820
-1628
-1244
-620
16
716
1116
1372
1372
924
260
-556
-1500
-2236
-2748
-2236
-1372
-356
620
1308
1820
1980
1692
1436
1308
1372
1244
924
556
260
-308
-1244
-2108
-2748
-3132
-3132
-2748
-1756
-460
812
1820
2364
2748
2876
2748
2620
2620
2748
2492
2236
1980
1820
2492
3644
5116
6140
6140
5628
4348
2620
812
-396
-780
-844
-988
-1244
-1308
-924
-988
-1500
-1980
-2364
-2364
-2492
-1884
-588
924
1980
2236
1820
1052
-292
-1980
-3772
-5372
-6396
-6908
-6652
-5884
-4604
-3004
-1436
-104
620
748
556
308
164
-64
-308
-212
0
96
64
-24
-96
-308
-780
-1372
-1692
-1500
-988
-396
276
924
1372
1436
1308
1052
780
396
-228
-748
-1052
-1372
-1436
-1052
-244
652
1500
2236
2620
2620
2236
1564
924
524
164
-212
-620
-812
-876
-1116
-1436
-1692
-1820
-1500
-812
148
1052
1628
2108
2364
2236
2108
2236
2620
2620
2108
1820
2236
3260
4604
5628
6396
6908
5884
4092
2108
492
-524
-1244
-1564
-1500
-1372
-1244
-1244
-1308
-1628
-2236
-2492
-2364
-1980
-1308
-196
1052
1980
2236
1692
492
-748
-2364
-4348
-5884
-6652
-6396
-6140
-5628
-4348
-2748
-1244
-120
396
588
524
148
-340
-588
-428
-148
16
132
292
212
-64
-244
-492
-924
-1244
-1244
-844
-340
88
556
876
924
652
228
-120
-396
-588
-876
-1180
-1244
-1244
-988
-372
356
1116
1628
1820
1628
1180
652
260
148
164
56
-104
-276
-492
-844
-1308
-1692
-1820
-1500
-844
0
844
1436
1820
1756
1628
1692
1884
2236
2364
2364
2620
3644
5628
7676
7932
6140
3644
1180
-812
-2108
-1628
428
2364
2108
-164
-1980
-2236
-1756
-1628
-1628
-876
-180
-460
-988
-340
1692
2876
2236
372
-1436
-2620
-3772
-4604
-4860
-4348
-3900
-3900
-4092
-3516
-2876
-1980
-1180
-620
-684
-1436
-1820
-1180
0
988
1244
1052
652
-32
-684
-876
-148
588
340
-524
-1052
-924
-428
0
260
292
80
-396
-748
-652
-212
308
428
56
-492
-1052
-1372
-1436
-1052
-260
396
1052
1500
1692
1692
1244
748
292
-88
-492
-876
-924
-588
-260
-292
-684
-1116
-1308
-1116
-620
56
812
1372
1692
1756
1980
2364
2748
2876
2492
2108
2236
3004
4604
6396
7420
7676
6908
5116
2236
-524
-2236
-3004
-2876
-2364
-1692
-684
32
64
-684
-1756
-2364
-2748
-3004
-2620
-1436
276
1692
2492
2492
1500
104
-1980
-4092
-5884
-6908
-6908
-6396
-5628
-4348
-2620
-1116
-72
356
292
-340
-1052
-1564
-1500
-924
-276
276
716
1052
1052
876
620
396
-40
-588
-1052
-924
-524
-16
428
588
588
428
0
-460
-924
-1180
-1308
-1372
-1180
-748
-64
588
1116
1500
1692
1820
1692
1628
1692
1692
1500
1244
748
80
-844
-1564
-1980
-2108
-1980
-1692
-1052
-428
260
844
1372
1756
1980
2108
2236
2620
3132
3260
3900
5116
6652
7932
7932
7420
5884
3772
988
-1500
-2364
-2108
-1372
-876
-652
-148
-56
-1052
-2492
-3516
-3388
-3004
-2492
-1436
164
1980
3004
2876
2108
988
-620
-2748
-4860
-6140
-6396
-5884
-5372
-4604
-3516
-2876
-2236
-1980
-1980
-2108
-2364
-2492
-2236
-1564
-492
460
1308
1980
2236
1884
1244
620
104
-372
-780
-1180
-1180
-988
-812
-684
-588
-356
48
260
72
-276
-524
-780
-1180
-1692
-1692
-1180
-308
652
1308
1884
2236
2364
1884
1436
1180
1052
780
356
16
-428
-924
-1244
-1436
-1308
-1116
-812
-652
-460
-276
-104
164
556
1116
1692
2108
3004
4348
5884
7420
8316
8316
7676
6140
4348
1980
-64
-1116
-1436
-1372
-1372
-1500
-1308
-1180
-1628
-2748
-3644
-3516
-2748
-1820
-812
652
2364
3260
3004
2108
876
-196
-1820
-3644
-4860
-5116
-4860
-4604
-4348
-3772
-3132
-2748
-2876
-3132
-3004
-3004
-2748
-2364
-1500
-492
292
988
1564
2108
2236
1980
1628
1180
844
428
-72
-372
-524
-556
-620
-812
-748
-428
-196
-196
-492
-748
-1052
-1436
-1820
-1820
-1052
-8
1052
1820
2236
2364
1980
1372
924
988
1180
1180
988
588
-104
-876
-1564
-1980
-2108
-1820
-1372
-1052
-748
-292
132
372
620
988
1564
2108
2620
3516
5116
6908
8316
8316
7676
6652
4860
2620
372
-684
-652
-372
-620
-1244
-1564
-1692
-2364
-3644
-4604
-4348
-3260
-2236
-1308
-56
1692
2876
2876
1820
588
-428
-1628
-3004
-4092
-4348
-3900
-3772
-4092
-4092
-3900
-3644
-3772
-3772
-3516
-3132
-2876
-2620
-2108
-1180
-292
292
652
1052
1436
1628
1500
1436
1372
1308
924
396
-88
-460
-684
-780
-780
-524
-212
-164
-460
-924
-1180
-1436
-1692
-1628
-1244
-340
524
1244
1820
2108
2364
2364
1980
1692
1308
844
356
-148
-524
-716
-876
-1052
-1180
-1308
-1308
-1244
-1244
-924
-356
340
1052
1436
1756
2108
2492
3644
5628
7420
8828
8828
8316
6396
3900
1500
-48
-276
396
812
428
-372
-1180
-2364
-4092
-5628
-5628
-4348
-2748
-1436
-428
780
1980
2364
1884
1116
276
-588
-1692
-2748
-3132
-2748
-2236
-2236
-2876
-3516
-3900
-4348
-4604
-4348
-3644
-2748
-2108
-1820
-1372
-812
-244
148
428
812
1308
1692
1756
1692
1692
1628
1244
588
-112
-588
-812
-844
-684
-340
-132
-276
-812
-1564
-2108
-2492
-2492
-2108
-1244
-228
748
1308
1436
1244
1052
844
780
748
780
780
684
292
-196
-652
-1052
-1308
-1500
-1756
-1980
-1980
-1692
-1052
-340
244
812
1308
1628
1980
2748
4092
6140
7676
8316
7932
6908
5116
2620
924
524
1308
1980
1628
684
-460
-1820
-3644
-5372
-5884
-4860
-2876
-1308
-492
104
684
844
396
-260
-652
-652
-684
-1052
-1308
-1116
-780
-780
-1372
-2236
-3004
-3644
-4092
-4348
-3772
-2748
-1564
-988
-1052
-1180
-988
-684
-460
-120
556
1436
2108
2236
1980
1628
1308
988
588
276
196
276
396
460
524
340
-164
-844
-1436
-1820
-1980
-1884
-1500
-812
-148
356
588
396
164
112
292
748
1308
1820
2108
2108
1692
876
-40
-716
-1116
-1180
-1180
-1180
-1180
-1052
-988
-924
-780
-428
164
1052
2364
4092
5628
6652
6908
6652
6140
4860
3516
2364
2108
2492
2620
1980
716
-620
-1884
-3388
-4860
-5628
-4860
-3388
-2108
-1436
-1180
-988
-1052
-1436
-1980
-2236
-1980
-1500
-988
-780
-652
-588
-844
-1500
-2236
-2620
-2748
-2748
-2748
-2620
-2236
-1692
-1436
-1500
-1692
-1692
-1308
-780
-244
276
844
1436
1756
1628
1244
876
748
748
876
1052
1180
1372
1436
1308
844
112
-620
-1180
-1372
-1372
-1244
-924
-492
-132
-8
-196
-556
-876
-1052
-988
-556
132
924
1692
2108
2108
1756
1052
340
-112
-104
88
396
556
460
132
-396
-876
-1052
-748
132
1500
3132
4604
5116
5372
4860
4348
3900
3644
3772
4092
4860
4860
3772
1980
-16
-1628
-2748
-3516
-3644
-3004
-2108
-1500
-1564
-2108
-2748
-3004
-3132
-3132
-2876
-2492
-1820
-1308
-1116
-1180
-1180
-1372
-1564
-1820
-1980
-1980
-1820
-1692
-1372
-1052
-748
-620
-844
-1244
-1372
-1308
-924
-428
40
460
924
1180
1116
812
460
324
492
924
1372
1564
1500
1244
876
524
48
-340
-428
-260
-32
-16
-260
-684
-1116
-1372
-1628
-1756
-1628
-1180
-588
8
356
396
196
-104
-372
-460
-148
428
988
1372
1500
1436
1116
492
-340
-924
-1180
-1116
-780
-292
492
1500
2492
3132
3260
3132
3260
3260
3388
3644
3900
4348
4604
4092
3132
1564
308
-620
-1244
-1756
-1980
-1820
-1628
-1692
-1980
-2364
-2620
-2620
-2620
-2492
-2364
-2236
-2108
-1980
-1884
-1820
-1692
-1500
-1436
-1244
-1180
-1116
-1052
-924
-812
-684
-524
-428
-428
-524
-524
-460
-324
-112
56
148
244
396
524
652
844
1116
1564
1980
1980
1756
1308
844
524
196
-16
-24
112
372
524
492
148
-372
-780
-1052
-1052
-988
-812
-492
-88
228
428
492
396
292
80
24
180
460
812
1052
1244
1180
876
524
40
-428
-652
-748
-780
-812
-716
-460
-40
556
1180
1628
2108
2492
2620
2748
2748
2748
2748
2492
2236
1884
1180
460
-64
-324
-308
-228
-276
-492
-924
-1372
-1820
-2236
-2364
-2364
-1980
-1628
-1436
-1500
-1756
-2236
-2620
-3004
-3004
-2876
-2364
-1820
-1244
-812
-748
-924
-1180
-1308
-1180
-844
-396
48
324
356
112
-228
-524
-556
-340
112
748
1372
1884
2108
2108
1756
1372
924
524
260
212
244
356
492
524
396
148
-120
-396
-524
-524
-492
-276
-8
324
620
684
684
716
716
748
684
652
652
684
748
652
524
492
396
228
80
-40
-148
-324
-524
-652
-652
-556
-372
-96
292
812
1180
1372
1436
1372
1244
988
780
652
652
684
748
812
812
780
620
524
396
276
164
8
-132
-164
-104
8
16
-32
-164
-308
-428
-620
-812
-924
-924
-716
-492
-292
-148
-132
-292
-556
-780
-988
-1180
-1180
-1116
-988
-780
-652
-620
-748
-876
-924
-924
-876
-716
-428
-244
-212
-196
-164
-244
-356
-396
-428
-492
-556
-652
-716
-844
-988
-1116
-1116
-988
-844
-748
-620
-460
-396
-340
-356
-324
-196
32
356
684
924
1116
1180
1116
988
812
620
460
308
212
228
228
196
112
8
-24
64
244
524
812
1116
1372
1500
1500
1372
1308
1116
924
780
684
620
524
396
324
228
80
-48
-104
-48
104
260
428
556
620
652
524
396
228
112
40
0
24
56
228
492
716
876
924
988
924
684
492
324
164
8
-56
-40
32
72
64
120
164
196
56
-120
-324
-492
-524
-524
-524
-524
-588
-652
-652
-716
-876
-1116
-1372
-1628
-1756
-1884
-1884
-1884
-1820
-1692
-1564
-1500
-1436
-1436
-1436
-1436
-1372
-1116
-876
-652
-396
-164
-16
48
32
-80
-228
-396
-588
-812
-924
-876
-684
-428
-164
88
340
556
780
988
1180
1308
1372
1500
1500
1500
1500
1436
1308
1180
1052
924
780
556
460
396
372
340
292
244
276
324
356
428
556
652
588
460
340
228
180
180
244
292
356
460
524
620
652
748
812
844
844
876
812
684
556
428
324
276
324
340
396
396
372
372
396
396
396
356
292
196
8
-112
-228
-356
-340
-356
-356
-428
-524
-652
-812
-876
-924
-988
-988
-988
-924
-924
-924
-924
-844
-844
-812
-780
-748
-652
-524
-556
-652
-780
-924
-1116
-1308
-1564
-1756
-1756
-1756
-1692
-1564
-1308
-1052
-812
-492
-260
-112
-8
72
120
132
228
244
196
228
196
132
132
120
80
-40
-72
-24
32
148
260
396
524
524
524
588
652
716
748
748
684
684
748
780
844
988
988
1052
988
924
988
1052
1180
1244
1308
1308
1372
1372
1308
1244
1180
1052
924
924
876
924
924
924
924
876
780
652
460
276
132
-48
-244
-324
-396
-428
-428
-396
-340
-324
-340
-428
-588
-780
-924
-988
-1052
-1116
-1116
-924
-780
-652
-524
-460
-492
-556
-716
-876
-988
-1116
-1308
-1372
-1372
-1436
-1372
-1308
-1244
-1180
-988
-844
-684
-556
-396
-212
-56
40
24
16
16
-16
-8
32
88
180
212
212
96
8
-56
-164
-228
-212
-132
0
112
196
228
228
244
180
104
132
260
428
620
684
684
748
748
684
524
396
292
148
40
-16
24
164
340
428
556
684
812
844
876
844
812
780
748
748
844
924
988
924
748
524
260
0
-260
-396
-428
-396
-356
-212
-40
88
228
292
260
120
-32
-196
-308
-324
-228
-148
-80
-56
-40
-40
-56
-56
-148
-308
-492
-588
-620
-620
-652
-684
-780
-988
-1180
-1180
-1052
-844
-556
-292
-80
80
132
80
24
-96
-292
-428
-556
-588
-524
-428
-356
-260
-212
-244
-308
-372
-396
-396
-372
-292
-228
-180
-32
132
276
396
460
428
356
260
244
324
428
524
588
620
556
460
396
260
196
132
148
228
164
180
260
292
324
356
356
356
396
428
460
460
492
556
588
460
372
244
72
-104
-228
-324
-324
-244
-244
-244
-196
-132
-96
-16
64
132
132
112
88
64
104
196
276
324
324
276
212
148
120
120
132
132
88
-24
-112
-212
-372
-460
-492
-524
-428
-276
-148
16
148
228
292
292
276
196
56
-88
-212
-276
-356
-372
-340
-324
-292
-308
-396
-524
-652
-748
-844
-924
-876
-812
-620
-356
-72
180
356
460
492
492
340
260
228
148
132
104
40
24
24
64
64
48
0
-112
-180
-228
-228
-32
212
396
524
652
748
780
780
652
524
356
212
24
-112
-164
-180
-212
-276
-396
-556
-620
-684
-716
-684
-652
-684
-652
-524
-428
-308
-260
-228
-228
-196
-212
-132
-32
48
148
228
228
180
112
24
-56
-96
-120
-96
-16
40
196
244
292
308
260
292
340
324
396
460
524
524
492
492
492
460
396
324
260
148
56
16
0
32
56
24
-16
-72
-148
-292
-356
-396
-324
-212
-96
48
196
372
524
588
556
524
492
396
244
148
64
-32
-88
-180
-292
-308
-340
-428
-492
-492
-428
-324
-212
-32
228
460
620
716
716
652
556
428
180
0
-96
-164
-196
-196
-260
-324
-372
-428
-492
-492
-460
-428
-428
-492
-556
-524
-524
-524
-396
-276
-196
-148
-104
-48
8
120
148
164
244
196
132
0
-96
-120
-132
-104
-80
-32
-16
16
88
80
48
56
56
72
132
228
292
308
324
372
396
372
308
196
56
-96
-244
-396
-492
-492
-428
-340
-308
-244
-180
-112
-104
-164
-228
-244
-180
0
244
428
588
652
684
588
372
196
56
-56
-112
-164
-120
-96
-96
-56
-8
48
72
64
64
104
180
292
428
524
620
684
716
620
524
428
276
212
132
0
-24
-104
-180
-228
-292
-292
-292
-276
-292
-356
-428
-460
-556
-588
-588
-588
-620
-620
-524
-396
-260
-132
-80
-64
-24
32
0
-32
-64
-104
-196
-292
-324
-372
-356
-308
-260
-212
-212
-180
-132
-64
-32
-16
0
48
132
196
324
396
356
308
228
56
-88
-164
-148
-132
-80
0
56
132
164
132
164
148
164
180
164
212
292
324
372
460
524
620
652
620
588
524
428
276
164
80
80
180
212
260
308
324
276
244
196
148
132
180
228
292
324
396
460
460
460
396
356
196
40
-88
-244
-372
-428
-428
-396
-356
-396
-396
-428
-460
-492
-588
-684
-716
-780
-748
-652
-588
-460
-308
-164
32
148
196
180
48
0
-40
-88
-180
-244
-356
-428
-460
-524
-524
-556
-524
-492
-460
-396
-260
-120
0
96
132
132
104
48
16
-8
-40
-56
-120
-212
-276
-308
-340
-340
-276
-164
-64
16
112
212
212
164
148
80
-32
-96
-112
-24
32
104
164
244
356
372
356
356
396
396
396
372
340
396
428
428
460
428
356
260
212
148
164
212
276
396
524
652
716
748
716
652
556
428
260
72
-56
-132
-196
-228
-308
-324
-308
-292
-244
-196
-148
-132
-104
-64
-24
40
132
212
292
356
428
428
396
428
428
372
308
212
80
-80
-196
-324
-428
-492
-428
-396
-396
-372
-356
-340
-308
-292
-260
-212
-196
-164
-164
-228
-324
-428
-524
-620
-748
-844
-876
-844
-748
-588
-460
-292
-132
16
40
16
-56
-180
-308
-428
-524
-588
-620
-588
-492
-324
-112
24
180
244
340
428
492
556
588
652
684
652
588
460
356
292
164
72
40
24
104
212
340
492
652
780
876
924
924
780
588
308
80
-132
-324
-460
-524
-524
-524
-492
-524
-492
-372
-260
-180
-56
80
212
324
396
428
460
428
324
180
72
-32
-96
-180
-196
-196
-180
-120
-112
-212
-212
-164
-148
-104
-72
0
32
72
104
72
48
-32
-104
-228
-228
-260
-308
-308
-396
-396
-372
-356
-372
-372
-340
-324
-212
-64
0
104
164
104
0
-148
-260
-324
-396
-460
-460
-428
-396
-324
-260
-180
0
196
340
492
652
716
780
780
684
588
492
460
372
292
244
196
148
120
112
180
372
524
652
748
844
924
844
780
620
396
164
-64
-276
-396
-428
-428
-428
-492
-492
-428
-324
-228
-80
72
180
308
372
356
372
308
148
-8
-132
-276
-396
-428
-428
-396
-324
-308
-260
-212
-196
-164
-148
-244
-308
-308
-260
-180
-104
-16
88
56
48
48
-64
-180
-292
-396
-460
-460
-428
-428
-356
-324
-308
-340
-356
-340
-276
-212
-180
-80
-24
-96
-148
-180
-228
-324
-396
-492
-620
-684
-716
-684
-524
-260
48
308
492
620
684
652
556
556
492
460
460
492
460
356
292
180
80
88
164
244
324
460
620
748
748
780
780
716
588
428
212
8
-164
-308
-396
-492
-524
-556
-524
-428
-260
-80
148
324
460
588
652
620
556
428
260
88
-56
-228
-356
-396
-396
-428
-492
-460
-396
-292
-196
-132
-48
64
164
276
324
340
340
324
276
212
96
-40
-180
-356
-460
-460
-428
-396
-340
-308
-276
-228
-212
-244
-292
-292
-308
-276
-260
-276
-276
-244
-228
-244
-228
-324
-428
-556
-620
-588
-524
-324
-164
-72
16
148
260
372
492
652
716
812
844
876
780
684
492
556
1372
1628
844
-148
-460
-276
-372
-684
-492
684
1820
1436
276
-148
292
180
-716
-1052
-324
396
460
112
88
428
228
-620
-1052
-556
132
396
524
780
1116
1116
524
-104
-356
-460
-356
-428
-292
0
-196
-716
-1116
-1052
-1052
-1244
-988
-148
588
988
876
652
428
0
-652
-1308
-1180
-876
-780
-652
-292
-40
-340
-844
-524
-228
-588
-428
-180
-48
-32
-276
-556
-428
-80
-524
-1116
-844
-588
-780
-588
-228
120
120
-148
-260
-292
-260
-324
-132
308
524
812
988
1052
988
780
780
876
876
844
924
1052
1052
988
924
620
260
0
-120
-24
164
428
748
988
988
876
588
340
180
0
-32
88
324
460
356
196
-8
-132
-292
-492
-372
-48
180
292
428
460
428
164
-88
-132
-164
-260
-308
-260
-244
-228
-292
-428
-556
-588
-492
-356
-132
180
396
324
244
228
212
32
-212
-460
-588
-524
-524
-556
-524
-372
-340
-492
-524
-460
-396
-356
-308
-276
-228
-276
-372
-492
-652
-716
-876
-924
-924
-876
-780
-716
-588
-492
-396
-292
-260
-148
-80
-88
-80
-104
-80
16
120
324
524
556
620
620
620
588
620
620
556
492
460
372
260
244
260
276
308
396
460
308
244
244
276
428
588
684
588
492
356
212
228
196
212
180
104
72
56
32
48
16
48
132
180
196
164
96
40
16
16
-16
-104
-180
-228
-212
-228
-228
-180
-104
-16
40
24
56
120
88
0
-56
-164
-292
-340
-372
-396
-356
-260
-244
-212
-64
96
164
228
260
148
24
-32
-112
-196
-244
-276
-356
-460
-460
-428
-372
-212
-96
40
80
112
40
-64
-104
-180
-164
-132
72
196
292
428
460
356
212
228
212
276
372
492
460
396
260
8
-148
-260
-260
-340
-356
-276
-228
-212
-72
88
196
196
104
88
24
0
48
132
196
164
180
80
-32
-112
-212
-228
-164
-72
-40
-40
0
0
0
16
-88
-196
-260
-340
-356
-260
-132
-48
-8
80
88
-8
-72
-120
-212
-276
-292
-212
-104
-64
-32
-32
-40
-48
-72
-8
40
88
164
196
164
120
104
112
112
132
120
148
48
-56
-112
-132
-104
-88
-132
-64
16
32
32
72
88
-8
-64
-72
8
56
112
228
340
356
372
372
356
428
428
492
524
524
396
276
180
24
-104
-308
-492
-588
-556
-556
-492
-372
-308
-148
-56
-16
8
32
16
0
0
-24
-64
-96
-96
-80
-8
8
16
-16
-88
-132
-228
-260
-324
-396
-396
-396
-356
-276
-180
-132
-16
64
132
212
292
324
372
292
196
164
120
48
-16
-80
-132
-72
-112
-112
-64
40
132
244
308
340
340
260
244
196
164
180
228
180
120
64
-16
-132
-164
-196
-228
-164
-88
-72
-88
-104
-228
-292
-260
-212
-120
-48
24
96
72
48
104
132
196
260
276
324
372
340
260
260
212
132
32
0
-56
-112
-96
-64
-88
-164
-164
-196
-260
-260
-196
-228
-148
-56
-56
0
24
32
-40
-96
-104
-132
-132
-88
0
40
112
164
260
244
132
0
-72
-132
-244
-292
-276
-260
-212
-132
-24
180
292
308
372
396
356
244
148
56
-88
-164
-132
-72
-64
-80
-64
-48
-40
-48
-96
-112
-104
-72
-32
40
96
148
260
228
164
104
-48
-148
-196
-228
-180
-132
-164
-196
-260
-292
-324
-324
-276
-212
-120
8
88
148
212
260
244
196
164
164
196
196
228
212
212
196
180
196
180
112
24
-80
-132
-132
-72
-40
-72
-88
-96
-112
-132
-56
-8
-64
-120
-148
-132
-104
-56
-40
-8
-48
-104
-96
-96
-64
-88
-88
-48
0
0
-56
-40
-72
-164
-276
-356
-340
-324
-324
-244
-104
-8
24
96
212
276
324
308
324
324
308
276
292
276
212
196
148
112
72
24
56
104
180
244
260
244
308
340
396
396
372
356
308
180
16
-8
-88
-72
-48
-112
-88
-32
-48
-48
24
132
148
132
180
260
260
228
164
80
32
-24
-72
-16
-16
-72
-132
-212
-212
-276
-308
-292
-244
-228
-276
-292
-260
-276
-260
-196
-196
-244
-324
-396
-524
-588
-588
-556
-492
-428
-428
-428
-396
-372
-356
-324
-260
-164
-112
-132
-148
-148
-228
-292
-276
-260
-212
-212
-180
-148
-132
-148
-120
-80
-40
8
148
292
428
492
588
684
684
652
588
556
524
460
428
396
308
228
196
164
132
180
196
228
308
340
340
324
372
428
396
372
260
148
24
-88
-180
-212
-196
-164
-88
0
24
16
56
88
72
96
132
112
164
196
244
276
244
120
64
48
0
-72
-80
-72
-72
-64
-72
-24
-16
-8
32
56
88
112
72
56
8
-56
-196
-340
-396
-460
-492
-492
-372
-260
-164
-72
-8
16
-16
-80
-120
-148
-196
-212
-196
-180
-212
-212
-260
-308
-276
-292
-260
-196
-164
-196
-180
-180
-212
-244
-260
-196
-120
-56
32
104
164
228
244
228
180
72
-8
-56
-64
-32
-40
-56
-72
-56
-32
24
80
104
64
8
48
56
72
132
148
132
88
16
-32
0
8
32
40
72
132
132
164
180
196
244
260
308
340
356
340
308
228
96
24
-16
-40
-24
40
56
0
16
56
96
96
148
180
164
148
88
48
32
0
-32
-48
-72
-132
-132
-96
-80
-40
-8
56
132
180
164
164
104
64
48
8
-16
-40
-88
-132
-180
-180
-120
-48
16
48
88
88
24
-56
-80
-132
-164
-80
8
132
164
180
212
148
80
-16
-96
-180
-260
-308
-308
-260
-260
-196
-164
-180
-228
-292
-340
-372
-372
-292
-244
-196
-164
-132
-112
-132
-132
-132
-112
-96
-96
-88
-72
-104
-112
-80
-64
-8
64
132
148
164
148
88
48
72
96
132
212
228
276
308
308
308
292
228
196
164
112
56
0
-8
-32
-80
-96
-80
-88
-72
-96
-132
-180
-228
-196
-180
-104
48
132
148
132
24
-104
-164
-196
-212
-228
-212
-164
-164
-180
-148
-48
40
96
148
212
180
164
228
276
292
340
396
428
460
492
492
460
356
308
292
212
164
180
164
148
132
104
88
96
148
112
64
8
-48
-148
-244
-244
-212
-212
-228
-196
-148
-132
-48
-32
-24
-32
-148
-196
-260
-308
-308
-244
-228
-196
-132
-96
-64
-120
-180
-212
-260
-276
-228
-196
-148
-64
56
164
212
212
196
148
64
0
-40
-24
-8
-16
-16
8
0
-16
-48
-64
-72
-96
-96
-32
40
72
196
324
372
396
396
324
244
148
48
-40
-96
-120
-196
-196
-148
-120
-132
-80
-48
-48
0
8
8
88
132
148
180
212
164
80
0
-72
-148
-212
-244
-276
-324
-372
-396
-324
-292
-260
-212
-132
-104
-132
-180
-196
-212
-260
-324
-308
-292
-276
-276
-276
-228
-112
-16
56
148
120
48
-8
-40
-72
-32
-8
32
148
228
196
180
112
-8
-56
-64
-32
0
88
180
244
372
460
492
524
492
492
460
396
372
276
180
132
88
32
0
-24
-40
0
0
-32
0
64
132
212
308
372
428
396
356
324
276
164
88
16
-40
-148
-244
-228
-228
-212
-212
-180
-164
-80
-24
80
196
244
276
276
276
244
212
148
80
16
-24
-56
-72
-72
-120
-132
-120
-180
-212
-228
-212
-180
-148
-96
-48
-56
-88
-64
-88
-148
-196
-276
-340
-372
-372
-356
-292
-244
-212
-228
-228
-212
-228
-244
-212
-180
-164
-132
-104
-56
-64
-112
-132
-164
-244
-292
-324
-356
-276
-212
-196
-112
-24
40
80
164
180
132
132
112
72
32
32
16
-24
-72
-88
-148
-180
-164
-72
48
132
196
228
292
356
396
396
428
460
428
428
396
340
276
180
96
40
-48
-88
-120
-104
-32
80
228
340
396
524
524
460
460
396
340
260
196
120
32
0
-48
-132
-148
-164
-196
-244
-228
-228
-212
-164
-96
-32
8
64
80
56
-8
-88
-132
-196
-260
-276
-276
-260
-228
-196
-132
-88
-80
-48
-56
-8
32
64
96
112
80
40
-8
-64
-120
-180
-260
-324
-324
-196
-88
0
104
196
180
148
96
104
120
112
164
212
196
164
132
48
-56
-148
-228
-260
-260
-196
-96
-8
64
132
180
148
80
40
0
16
48
88
148
112
88
64
-8
-88
-164
-228
-276
-292
-260
-212
-164
-40
56
148
180
148
132
132
80
8
-8
-56
-88
-112
-164
-212
-244
-292
-276
-276
-308
-276
-196
-132
-88
-80
-80
-96
-88
-88
-80
-88
-132
-148
-132
-88
-24
-8
-16
-24
-48
-64
-56
0
40
88
132
180
212
228
228
228
212
196
132
72
24
24
32
64
180
212
260
260
244
244
228
180
196
196
164
196
212
196
164
148
132
80
24
-16
-72
-80
-48
-40
-40
0
8
-40
-56
0
8
0
32
48
24
40
80
48
0
-40
-104
-148
-148
-96
-16
16
72
132
180
196
228
260
244
228
196
180
148
148
164
120
72
16
-64
-132
-212
-212
-148
-104
-64
-40
-32
-8
-32
-72
-72
-104
-132
-148
-164
-132
-104
-112
-96
-88
-96
-72
-40
-104
-164
-180
-228
-228
-196
-180
-148
-132
-120
-132
-96
-112
-132
-148
-120
-120
-96
-72
-40
0
-16
-24
-24
-40
-40
-48
-16
0
-16
0
-16
0
32
64
104
148
112
96
96
56
16
-56
-120
-164
-148
-132
-120
-72
-64
-56
-80
-120
-104
-80
-56
-40
-16
0
-24
16
8
-8
16
48
56
120
164
164
196
180
180
196
180
104
88
24
0
-32
-40
-32
-80
-120
-132
-132
-96
-40
-48
8
24
48
80
80
72
64
80
32
40
64
72
72
104
104
56
64
64
80
56
16
32
56
72
80
104
132
148
148
88
80
56
72
96
96
104
112
112
120
132
148
164
228
260
244
228
212
164
120
120
112
96
88
112
132
104
120
148
148
56
16
-32
-64
-64
-132
-180
-196
-228
-276
-292
-292
-276
-260
-212
-196
-120
-40
0
-8
-16
-16
-56
-64
-24
16
48
96
132
112
48
32
-24
-80
-120
-164
-196
-228
-276
-276
-244
-244
-212
-228
-244
-244
-212
-148
-132
-132
-112
-88
-80
-64
-80
-80
-88
-120
-148
-148
-132
-148
-132
-132
-196
-228
-228
-244
-212
-196
-180
-132
-120
-72
-24
8
32
40
40
56
56
72
80
80
88
80
88
56
64
88
88
64
72
112
132
164
180
164
196
212
228
260
276
308
308
292
212
180
148
112
88
8
-24
-64
-112
-132
-132
-112
0
32
40
72
88
88
32
40
0
16
40
96
148
212
292
340
340
340
324
260
212
132
96
88
104
104
120
120
96
80
40
16
-24
-48
-24
0
32
80
132
196
212
196
196
180
112
64
-8
-72
-24
-16
-72
-88
-64
-96
-132
-164
-164
-164
-180
-148
-132
-132
-96
-96
-96
-48
-24
-24
-56
-120
-180
-228
-276
-292
-244
-180
-148
-120
-96
-132
-148
-196
-212
-212
-228
-212
-180
-120
-96
-40
-16
-24
-80
-148
-180
-212
-244
-228
-212
-260
-244
-228
-292
-340
-356
-372
-396
-324
-276
-228
-148
-88
-48
-24
-40
-56
-24
0
32
132
180
244
324
340
340
308
276
212
180
164
120
64
40
80
96
64
56
56
64
88
56
80
96
132
212
260
292
308
260
244
212
180
180
164
148
112
104
88
48
48
40
24
40
88
104
120
132
180
180
164
196
244
276
292
276
260
228
196
180
148
132
104
104
132
96
72
72
48
0
16
32
40
72
104
132
88
56
8
-80
-148
-212
-260
-244
-244
-244
-244
-228
-212
-212
-228
-260
-276
-292
-292
-260
-260
-228
-244
-260
-244
-276
-308
-308
-292
-276
-228
-132
-64
0
40
72
80
40
24
8
0
-48
-104
-132
-180
-228
-228
-244
-244
-212
-180
-104
-64
-56
0
40
104
148
164
164
132
96
72
40
48
72
48
32
32
0
-8
-8
-8
0
0
24
72
88
148
164
164
180
196
164
148
164
148
148
164
196
180
148
164
212
212
180
148
132
120
80
112
196
244
276
308
292
212
148
56
-40
-112
-148
-164
-164
-132
-112
-88
-88
-40
-24
-40
-72
-80
-64
-120
-132
-132
-180
-212
-228
-244
-260
-276
-276
-228
-196
-132
-72
-32
0
-16
-24
8
8
24
64
80
56
0
-48
-132
-196
-244
-228
-180
-132
-64
-24
24
80
80
96
132
164
196
196
196
212
212
196
180
120
72
24
16
-24
-40
-32
-16
0
32
56
72
88
88
64
32
8
-40
-48
-88
-88
-40
-48
-40
0
32
48
64
72
48
24
16
8
-8
-40
-48
-48
-8
40
48
40
24
-40
-96
-148
-164
-164
-180
-180
-164
-148
-112
-56
-32
0
40
48
56
64
72
56
-8
-48
-104
-180
-228
-260
-260
-260
-212
-148
-88
-24
48
104
96
96
88
56
56
56
72
88
24
-16
-40
-96
-132
-164
-164
-132
-80
-32
8
48
64
88
88
120
148
180
212
244
292
276
276
196
120
48
-24
-48
-32
0
40
112
148
196
212
212
196
196
180
132
132
120
112
104
132
164
196
212
196
180
148
112
104
112
104
120
164
164
180
180
164
164
120
56
-16
-64
-132
-196
-196
-212
-196
-120
-112
-96
-72
-96
-112
-132
-132
-120
-132
-96
-48
-32
-32
-56
-88
-132
-180
-260
-292
-340
-372
-340
-324
-292
-260
-196
-164
-104
-72
-16
8
8
-24
-80
-120
-196
-212
-292
-340
-356
-396
-396
-340
-276
-244
-228
-196
-148
-88
-48
-32
-8
32
56
56
72
56
8
-16
-32
-80
-88
-72
-64
-24
-8
16
32
56
56
80
148
148
120
112
96
96
132
132
196
260
276
292
292
276
276
276
260
260
276
324
340
356
396
372
324
276
228
180
104
56
16
0
0
48
96
96
148
196
180
196
164
148
96
56
40
24
32
24
48
80
88
72
88
56
32
8
-24
-48
-64
-80
-64
-48
-48
0
8
16
32
-8
-32
-48
-64
-88
-96
-132
-164
-148
-164
-180
-212
-228
-244
-260
-228
-164
-120
-80
-24
0
-8
-32
-72
-96
-132
-148
-164
-196
-228
-244
-260
-260
-276
-292
-292
-244
-212
-212
-180
-164
-164
-132
-112
-132
-132
-120
-132
-148
-104
-72
-40
-24
0
-8
-24
-8
16
56
96
120
120
96
72
32
32
56
48
64
72
56
16
24
8
0
40
40
56
120
164
196
228
228
180
132
96
72
56
40
24
40
48
24
72
120
72
32
32
32
32
24
48
80
48
24
32
8
16
56
88
104
96
120
112
88
72
48
24
0
0
8
24
64
104
148
196
244
228
196
212
196
180
196
196
180
164
132
80
80
88
40
16
-8
-40
-48
-40
-16
-24
0
-8
-40
-64
-72
-96
-120
-112
-132
-148
-132
-120
-120
-112
-104
-80
-88
-132
-132
-112
-120
-112
-96
-120
-132
-120
-132
-112
-104
-96
-88
-80
-72
-80
-72
-40
0
24
80
104
104
56
16
0
-48
-80
-88
-88
-120
-88
-72
-40
0
16
48
56
48
24
16
8
-16
-40
-48
-40
-32
-56
-64
-56
-40
-48
-56
-48
-56
-72
-132
-164
-196
-196
-196
-164
-96
-72
-24
0
-8
-40
-48
-40
-16
0
16
40
56
72
96
88
72
40
-32
-80
-132
-104
-64
-48
-16
16
48
64
56
40
56
40
8
16
24
0
0
24
32
80
112
132
148
132
112
112
104
112
88
80
104
48
48
56
56
88
72
72
80
32
32
64
112
148
180
244
260
276
260
228
196
132
64
40
16
0
0
24
72
112
104
104
132
132
112
112
112
112
80
56
80
56
56
16
-8
-8
-64
-88
-80
-80
-120
-120
-112
-88
-80
-56
-32
-40
-8
-24
-56
-104
-148
-148
-148
-132
-104
-88
-64
-40
-64
-80
-96
-104
-72
-64
-72
-64
-72
-64
-72
-72
-96
-104
-120
-132
-104
-80
-56
-72
-120
-132
-132
-132
-148
-104
-112
-120
-88
-104
-132
-148
-148
-148
-164
-164
-132
-120
-120
-132
-120
-120
-112
-88
-96
-64
-40
-48
-40
-24
-16
0
16
32
40
64
40
40
40
0
-16
-16
-48
-40
-16
16
56
104
164
212
260
276
260
228
228
228
228
228
196
180
148
104
104
88
48
40
32
24
48
72
88
120
132
120
132
104
48
0
-24
-24
-8
-16
8
32
0
-32
-40
-56
-64
-64
-40
0
40
48
88
88
56
24
-16
-32
-48
-56
-24
-8
0
-8
-8
-24
-16
-48
-56
-40
-16
8
32
48
56
48
48
40
56
72
80
88
80
104
112
64
32
0
0
0
0
0
16
32
32
32
48
72
80
56
24
16
8
-16
-48
-72
-96
-96
-148
-120
-88
-72
-32
24
32
24
8
0
-8
-40
-64
-88
-96
-112
-112
-132
-120
-132
-132
-120
-132
-132
-96
-80
-16
32
48
80
96
72
24
0
-32
-64
-72
-96
-96
-104
-104
-96
-120
-132
-132
-120
-120
-88
-48
-24
8
40
24
24
24
0
-24
-48
-56
-72
-88
-80
-96
-88
-56
-40
-24
0
16
40
24
0
0
16
48
32
16
16
24
32
32
56
72
64
72
72
56
72
96
96
104
96
104
72
56
40
32
56
48
64
72
56
40
32
40
48
64
56
64
72
56
48
24
32
40
32
56
48
32
48
48
32
32
16
0
-16
-32
-32
-24
16
56
104
120
132
132
120
112
104
112
96
96
104
88
88
64
64
64
8
-8
-32
-64
-48
-8
8
48
72
72
64
48
40
32
24
8
-8
-48
-72
-80
-72
-72
-72
-64
-56
-64
-96
-104
-112
-148
-164
-180
-164
-148
-148
-148
-132
-132
-132
-120
-112
-112
-112
-112
-120
-120
-104
-88
-88
-72
-56
-64
-72
-104
-104
-96
-96
-80
-72
-72
-48
-48
-56
-48
-8
0
0
0
-8
-48
-72
-64
-80
-80
-72
-24
0
16
0
0
0
-40
-80
-96
-112
-88
-72
-56
-8
8
40
48
48
64
72
72
88
88
112
132
132
132
132
148
164
148
148
120
104
96
96
80
88
80
104
132
148
148
148
164
180
180
180
180
132
120
120
104
96
88
80
64
48
32
40
56
24
16
24
24
24
24
16
16
0
-16
-8
-16
-16
-8
-8
-16
-16
-24
-24
-24
-32
-16
-16
-16
-8
-16
-16
-16
-24
-32
-40
-40
-40
-40
-8
0
16
16
16
-24
-40
-40
-56
-40
-40
-40
-32
-32
-40
-40
-64
-88
-104
-112
-120
-120
-96
-88
-88
-88
-96
-104
-104
-112
-112
-96
-72
-48
-48
-40
-40
-64
-72
-72
-56
-64
-64
-48
-48
-48
-40
-64
-72
-72
-88
-80
-64
-40
-32
-16
0
16
40
48
56
48
48
32
16
0
16
8
0
8
16
32
48
64
80
72
80
80
56
64
48
48
72
80
104
120
104
104
80
40
24
0
-16
-8
0
8
24
24
24
16
32
32
24
48
48
40
56
48
40
24
0
-16
-32
-40
-40
-16
-8
0
32
