SAMPLES:	8274
BITSPERSAMPLE:	16
CHANNELS:	1
SAMPLERATE:	16000
NORMALIZED:	FALSE
0
0
0
0
0
0
0
0
0
0
0
0
0
0
0
0
0
0
0
0
0
0
0
0
0
0
0
0
0
0
0
0
0
0
0
0
0
0
0
0
0
0
0
0
0
0
0
0
0
0
0
0
0
0
0
0
0
0
0
0
0
0
0
0
0
0
0
0
0
8
0
0
0
0
0
0
0
0
0
0
0
0
0
0
0
0
0
0
0
0
0
0
0
0
0
0
0
0
0
0
0
0
0
-8
-8
-8
0
-8
0
0
0
0
0
0
0
0
0
0
0
0
0
0
0
0
0
0
0
0
0
0
0
0
0
0
0
0
0
0
0
0
0
0
0
0
0
0
0
0
0
0
0
0
0
0
0
0
0
0
0
0
0
0
0
0
0
0
0
0
0
0
0
0
0
0
0
0
0
0
0
0
0
8
8
0
0
0
0
0
8
0
0
0
0
0
0
8
8
8
0
0
0
0
0
0
0
0
0
0
0
0
0
0
0
0
0
0
0
0
0
0
0
0
0
0
0
0
0
0
0
0
0
0
0
0
0
0
0
0
0
0
0
0
0
0
0
0
0
0
0
0
0
0
0
0
0
0
0
0
0
0
0
0
0
0
0
0
0
0
0
0
0
0
0
0
0
0
0
0
0
0
0
0
0
0
0
0
0
0
0
0
0
0
0
0
0
0
0
0
0
0
0
0
0
0
0
0
0
0
0
0
0
0
0
0
0
0
0
0
0
0
0
0
0
0
0
8
8
8
8
8
8
8
8
8
0
0
0
0
0
0
0
0
0
0
0
0
0
0
0
0
0
0
0
0
0
0
0
0
0
0
0
0
0
0
0
0
0
0
0
0
-8
-8
-8
-8
-8
-8
-8
-8
-8
-8
-8
-8
-8
-8
-8
-8
0
-8
0
0
0
0
0
0
0
-8
0
0
-8
0
0
0
0
0
0
0
0
0
0
0
0
0
0
0
0
0
0
0
0
0
0
0
0
0
0
0
0
0
0
0
0
0
0
0
0
0
0
0
0
0
0
0
0
0
0
0
0
0
0
0
0
0
8
8
8
8
8
8
8
8
8
8
8
8
8
8
8
8
8
0
0
0
0
8
8
8
8
0
8
0
0
0
0
0
0
0
0
0
0
0
0
0
0
0
0
0
0
0
0
0
0
0
0
0
0
0
0
0
0
0
0
0
-8
-8
-8
-8
-8
-8
-8
-8
-8
-8
-8
-8
-8
-8
-8
-8
-8
-8
-8
-8
-8
-8
-8
-8
-8
-8
-8
-8
-8
-8
-8
-8
-8
-8
-8
-8
-8
-8
-8
0
0
0
0
0
0
0
0
0
-8
0
0
0
0
0
0
0
0
0
0
0
0
0
0
0
0
0
0
0
0
0
8
8
8
8
8
8
0
8
8
8
8
8
8
8
8
16
16
8
8
8
16
16
16
16
16
8
8
16
8
8
8
8
8
8
8
8
8
8
8
8
8
8
8
8
8
0
0
0
0
0
0
0
0
0
0
0
0
0
0
0
0
0
0
0
0
0
0
-8
-8
0
-8
-8
-8
-8
-8
-8
-8
-8
-8
-8
-8
-8
-8
-8
-8
-8
-8
-8
-8
-8
-8
-8
-8
-8
-8
-8
0
-8
-8
-8
-8
0
-8
0
0
0
0
0
0
0
0
-8
0
0
0
0
0
0
0
0
8
8
0
0
0
0
0
0
0
0
0
0
0
0
0
0
0
0
0
0
0
0
0
0
8
8
8
8
8
8
0
8
0
8
0
0
0
0
0
0
8
0
0
-8
-8
0
0
0
0
0
-8
-8
-8
-16
-8
-8
-8
0
0
0
-8
-8
-8
-8
-8
-8
-16
-16
-16
-16
-8
-8
-8
-8
-8
0
0
0
0
0
-8
0
-8
0
0
0
0
0
0
0
0
8
8
8
8
8
8
8
8
16
16
16
16
24
16
16
16
16
16
16
16
16
16
16
16
16
8
8
8
8
8
8
8
16
16
16
16
16
16
16
16
16
8
0
0
0
0
0
0
0
0
0
0
0
0
0
0
0
0
0
0
0
-8
-8
-8
-16
-16
-8
0
0
0
0
0
0
8
64
120
112
32
-40
-88
-132
-164
-132
-56
16
8
-32
-32
0
24
-8
-32
-16
-32
-64
-64
0
56
56
0
-24
-32
-48
-88
-112
-96
-104
-120
-96
-16
56
96
120
104
56
-16
-64
-96
-132
-148
-132
-80
-16
8
24
40
24
-24
-72
-80
-64
-40
-8
0
32
72
64
48
40
24
-8
-32
-24
24
80
120
148
164
180
180
180
196
212
164
104
132
244
396
492
556
524
356
112
-104
-212
-228
-244
-260
-212
-132
-96
-56
32
112
88
-8
-96
-132
-132
-120
-80
-24
-16
-80
-164
-212
-260
-396
-524
-588
-588
-556
-428
-212
88
396
556
556
428
212
-148
-524
-748
-748
-652
-460
-212
8
196
308
292
276
276
180
0
-112
-96
-40
16
80
120
80
-16
-148
-212
-212
-180
-148
-64
48
212
340
492
588
588
492
356
164
-8
-112
-196
-292
-340
-276
-56
148
372
556
780
1244
1756
2108
1980
1436
524
-340
-988
-1244
-1116
-652
-308
-260
-324
-292
-88
0
64
16
-212
-460
-524
-260
228
620
652
276
-180
-620
-988
-1308
-1628
-1884
-2108
-2108
-1500
-684
180
876
1244
1180
844
356
-148
-620
-988
-1308
-1308
-924
-396
396
1180
1628
1500
924
244
-460
-988
-1052
-812
-460
-24
492
988
1436
1500
1180
652
180
-396
-876
-924
-620
-292
-32
260
652
876
924
716
308
-164
-652
-1052
-1116
-924
-588
-372
-132
164
356
428
428
396
180
-180
-396
-340
-48
276
524
812
1500
2876
5116
6908
7420
5884
2620
-780
-3388
-4860
-4860
-3644
-2108
-1116
-876
-460
460
1372
1692
1244
120
-1308
-2108
-1628
96
2236
3260
2876
1692
396
-924
-2492
-4092
-5372
-6908
-7420
-6908
-4604
-1756
924
3004
4092
4092
3132
1756
148
-1372
-2492
-3260
-3260
-2364
-812
748
2108
2876
2876
1980
684
-716
-1820
-2620
-3004
-2364
-812
1372
3260
4092
4092
3260
1564
-292
-1628
-2364
-2748
-2492
-1628
-460
988
2236
3132
3260
2748
1372
-292
-1628
-2364
-2620
-2492
-2108
-1436
-876
-428
88
460
492
228
-260
-588
-492
40
556
988
1308
1308
1180
1052
1244
2236
4092
6652
8828
8316
5884
2108
-1564
-3900
-4860
-4092
-2492
-1116
-780
-1116
-924
-88
780
1116
876
244
-652
-924
96
1980
3644
3900
2620
748
-1116
-2748
-4348
-5884
-7420
-8316
-8316
-7164
-4348
-1116
1756
3644
4348
4092
3132
1564
-180
-1820
-3132
-3644
-3388
-2108
-196
1500
2492
2364
1308
-180
-1564
-2236
-2236
-1884
-1308
-196
1436
3260
4348
4604
3644
1980
-112
-1980
-3004
-3132
-2876
-2364
-1500
80
1980
3516
4348
4604
3388
1436
-396
-1692
-2364
-2620
-2364
-2108
-1692
-1244
-652
-48
396
396
-308
-924
-924
-356
588
1820
2748
3004
2620
2108
1692
1244
812
308
-72
-112
524
2236
4860
8316
9852
8828
5116
1116
-2492
-4860
-5372
-4092
-2620
-1436
-924
-524
748
2236
2876
2236
716
-1244
-3004
-3388
-2108
0
1500
1564
556
-844
-2236
-3644
-5116
-6652
-8316
-8828
-8316
-5884
-2492
1052
3772
5116
5116
3900
2108
80
-1884
-3516
-4604
-4860
-4348
-2620
-396
1756
3004
3004
1980
492
-716
-1308
-1308
-1052
-556
260
1372
2492
3388
3388
2492
684
-1180
-2620
-3132
-2620
-1628
-356
924
2108
3132
4092
4348
3644
2108
132
-1628
-2620
-2620
-1980
-1116
-524
-292
-260
-292
-228
-180
-196
-340
-340
24
844
1980
3260
4092
4092
3516
2620
1564
492
-132
-524
-780
-780
-372
492
2108
4348
6908
8828
9852
8316
4860
780
-2364
-4348
-4860
-4092
-2748
-1308
-524
-96
260
620
652
-212
-1628
-2876
-3388
-3132
-1980
-104
1372
1628
876
-556
-2236
-3900
-5628
-7420
-8316
-8316
-6908
-4860
-1756
1180
3132
3900
3516
2492
812
-1052
-2748
-4092
-4604
-4348
-3004
-924
1180
2620
2748
1884
684
-620
-1564
-1980
-1980
-1500
-748
428
1884
3132
3516
3004
1500
-228
-1564
-1980
-1692
-844
40
924
1756
2620
3388
3772
3388
2364
988
-260
-1052
-1116
-780
-340
-32
-32
-228
-492
-652
-652
-620
-492
-164
396
1372
2620
3772
4604
4604
3900
2620
1308
244
-460
-924
-1116
-1180
-844
-164
620
1564
2620
4092
5628
7164
8316
8316
6652
3516
-164
-3004
-4348
-4604
-3772
-2620
-1564
-1372
-1820
-2108
-1692
-1372
-1564
-1980
-2492
-2492
-1980
-620
1180
2364
2364
988
-988
-2748
-4348
-5884
-6908
-7420
-7164
-6652
-4860
-2364
308
2364
3388
3388
2492
1052
-716
-2236
-3132
-3260
-3004
-2364
-1116
492
1756
2236
1820
556
-1052
-2620
-3260
-3004
-1884
-356
1180
2492
3388
3772
3388
2620
1436
72
-1372
-2364
-2876
-2492
-1628
-356
1052
2108
2876
3260
3388
2876
2108
1116
180
-428
-716
-748
-812
-876
-988
-988
-988
-876
-620
-120
524
1372
2236
3004
3644
3900
3772
3260
2620
1692
988
396
-132
-556
-780
-780
-556
-64
844
1980
3388
4860
6140
7164
7932
7932
6396
4092
1564
-924
-2748
-3644
-3644
-3004
-2236
-1980
-2236
-2748
-2876
-2876
-2620
-2236
-1628
-1052
-460
428
1436
2236
2364
1500
-308
-2492
-4604
-6140
-7420
-7932
-7676
-6652
-4860
-2748
-684
988
2108
2108
1116
-460
-1980
-3132
-3772
-3516
-2620
-1244
0
1052
1756
1980
1564
148
-1756
-3132
-3772
-3644
-2492
-780
1180
2620
3516
3644
3260
2236
780
-684
-1884
-2492
-2492
-1756
-428
1180
2620
3644
4348
4348
3900
2876
1692
652
-308
-1052
-1244
-988
-652
-308
-196
-340
-492
-524
-396
96
876
1628
2364
3004
3772
4348
4604
4092
3260
2236
1116
292
80
180
356
428
372
396
524
716
876
1116
1372
1500
1980
3132
4348
5628
6396
7164
6908
5372
2876
88
-2364
-4348
-5628
-5884
-5116
-3900
-3004
-2364
-1628
-1180
-1308
-1756
-2108
-2236
-2364
-2108
-1436
-396
524
780
356
-524
-1884
-3516
-5116
-6396
-7164
-7164
-6396
-4860
-3004
-1244
196
1116
1436
1052
132
-988
-1980
-2492
-2492
-1628
-428
620
1372
1564
1372
652
-356
-1372
-2108
-2364
-1980
-1052
260
1692
2748
3388
3388
2876
1980
988
-16
-684
-924
-716
-80
716
1628
2492
2876
2876
2364
1628
684
-96
-684
-988
-876
-556
-148
212
556
780
844
780
588
460
620
1116
1820
2492
3132
3388
3260
2748
1980
1372
684
244
148
356
780
1308
1628
1756
1756
1564
1244
876
684
588
748
1308
2236
3132
3772
4092
4604
5116
5116
4092
2748
988
-748
-2492
-3772
-3900
-3516
-3004
-2876
-3132
-3260
-3260
-3260
-3260
-3004
-2620
-2492
-2236
-1564
-588
228
428
0
-924
-2236
-3644
-4860
-5884
-6396
-6396
-5884
-4860
-3260
-1820
-620
292
924
1116
812
104
-524
-924
-1180
-1308
-1052
-556
-112
32
56
-8
-164
-276
-396
-292
196
876
1564
2108
2492
2876
3004
2748
2108
1308
492
-292
-716
-748
-524
-196
212
716
1244
1692
1884
1980
1884
1628
1244
988
988
1116
1308
1436
1564
1628
1372
844
356
-80
-356
-396
-132
292
812
1564
2364
2876
3132
3388
3388
3004
2364
1820
1116
588
340
340
428
524
556
396
228
24
-228
-460
-276
260
844
1564
2364
3132
3516
3772
3900
3772
3004
1500
-212
-1884
-3260
-4092
-4604
-4348
-3900
-3644
-3772
-3900
-3516
-3132
-3004
-2620
-2236
-2108
-1884
-1564
-1180
-780
-620
-1052
-1980
-2876
-3516
-4092
-4604
-4604
-4604
-4092
-3516
-2620
-1564
-684
-48
276
132
-212
-460
-556
-492
-228
56
244
428
716
1052
1308
1500
1628
1500
1244
924
716
620
524
588
780
924
1116
1116
1116
1052
876
780
748
812
924
1244
1628
1980
2236
2236
1980
1756
1436
1116
780
492
260
228
372
556
684
780
844
844
988
988
1116
1244
1244
1436
1692
2236
2620
3004
3132
2876
2492
1756
988
460
308
212
0
-244
-244
-148
-148
0
196
356
260
-64
-276
-148
356
924
1436
1980
2748
3644
4604
4860
3260
164
-3004
-5372
-6652
-7164
-5628
-2620
-164
72
-1116
-1884
-1692
-1692
-2364
-2748
-1980
-1436
-1756
-1980
-844
780
1116
-260
-2108
-3644
-4860
-5884
-6140
-5628
-4348
-3004
-2108
-844
588
1628
1756
1116
212
-988
-2364
-3132
-2748
-1308
148
924
1244
1436
1500
988
260
-96
-340
-924
-1564
-1628
-812
308
1180
1628
1628
1436
1116
620
324
492
988
1436
1756
2236
2748
3132
3132
3004
2492
1628
876
460
524
924
1308
1564
1692
1884
1980
1980
1980
2108
2108
1756
1436
1436
1820
2236
2492
2492
2236
1884
1628
1372
1372
1500
1436
1180
780
524
356
196
16
-132
-260
-524
-780
-748
-460
-244
-292
-524
-748
-1052
-1436
-1372
-924
-148
588
988
1116
988
924
780
780
1052
1244
876
8
-844
-1500
-2364
-3004
-3388
-3260
-2876
-2748
-2620
-2236
-1436
-1180
-1500
-1820
-1500
-1116
-1116
-1180
-780
-372
-684
-1692
-2748
-3260
-3516
-3900
-4092
-3900
-3260
-2620
-2236
-1820
-1052
-356
-212
-652
-1116
-1372
-1628
-1884
-1980
-1756
-1500
-1244
-876
-260
460
876
844
556
340
324
292
340
620
1116
1500
1564
1628
1692
1756
1756
1692
1692
1820
1980
2108
2364
2620
3004
3132
3004
2876
2876
2876
2748
2620
2620
2364
2108
1692
1436
1308
1180
1052
876
748
684
780
1116
1500
1820
1980
1980
1628
1244
988
684
556
556
492
324
196
88
-8
-132
-180
-324
-588
-876
-1116
-1180
-1180
-988
-716
-492
-308
-132
132
340
492
556
556
620
684
780
1244
1884
2236
2236
1564
620
-460
-1564
-2364
-2748
-2620
-2364
-2364
-2492
-2620
-2620
-2748
-2748
-2620
-2492
-2492
-2492
-2492
-2364
-1980
-1820
-1884
-2236
-2620
-3132
-3644
-4092
-4348
-4348
-4348
-4092
-3516
-2876
-2364
-1820
-1436
-1244
-1180
-1180
-988
-876
-716
-460
-112
356
844
1180
1308
1436
1372
1308
1244
1308
1436
1500
1500
1500
1564
1628
1692
1820
1980
2108
2364
2620
3004
3260
3260
3132
2876
2492
2236
2108
2108
2108
2236
2236
2108
2108
1980
1980
1980
1884
1692
1372
1052
924
876
988
1116
1372
1628
1820
1980
1980
1820
1628
1500
1564
1500
1308
1052
988
780
428
-112
-684
-1052
-1244
-1308
-1180
-780
-228
196
340
132
-276
-716
-988
-988
-684
-180
340
748
924
876
924
1116
1180
876
260
-492
-1180
-1820
-2492
-2876
-2748
-2364
-2236
-2492
-3260
-4092
-4604
-5116
-5116
-4604
-4092
-3132
-2492
-2108
-1692
-1372
-1372
-1820
-2492
-3260
-3900
-4092
-4348
-3900
-3260
-2620
-1884
-1500
-1372
-1436
-1564
-1756
-1980
-2108
-1980
-1500
-876
-180
588
1244
1628
1820
1820
1756
1756
1756
1820
1980
2236
2492
2492
2492
2364
2108
1820
1564
1372
1308
1372
1436
1756
2108
2748
3260
3644
3772
3644
3516
3388
3260
3132
3260
3260
3260
3132
2876
2492
2108
1436
812
324
96
112
340
780
1308
1756
1980
2108
2108
1884
1692
1564
1308
1116
876
812
812
780
748
588
324
-132
-652
-1180
-1628
-1820
-1756
-1692
-1564
-1372
-1244
-1052
-876
-748
-684
-620
-492
-212
212
876
1756
2620
2876
2492
1500
148
-1308
-2748
-3900
-4348
-4092
-3644
-3516
-3644
-3900
-4348
-4604
-4604
-4348
-3772
-3004
-2364
-1820
-1564
-1436
-1308
-1436
-1692
-2108
-2620
-3132
-3772
-4092
-4092
-3644
-3004
-2364
-1980
-1820
-1692
-1628
-1436
-1244
-924
-620
-372
-132
148
492
924
1372
1756
1980
1884
1756
1692
1628
1628
1756
1884
1980
1884
1692
1500
1436
1500
1628
1980
2364
2876
3132
3388
3516
3516
3388
3260
3004
2748
2492
2364
2236
2108
2108
2236
2364
2364
2364
2364
2236
1980
1692
1308
876
588
492
556
812
1116
1372
1500
1436
1308
1180
924
748
684
748
716
556
196
-228
-652
-1116
-1372
-1628
-1692
-1564
-1436
-1244
-1180
-1244
-1180
-1052
-924
-716
-396
-8
308
428
356
340
428
556
588
324
0
-428
-1052
-1756
-2364
-2492
-2236
-1980
-2108
-2492
-3004
-3644
-4348
-4604
-4604
-4092
-3260
-2620
-2236
-2236
-2492
-2620
-2748
-2876
-2748
-2492
-2364
-2236
-2108
-1884
-1500
-988
-684
-556
-748
-988
-1244
-1372
-1436
-1372
-1116
-652
-212
180
588
844
988
988
1052
1244
1564
1980
2236
2364
2236
2236
2108
2108
2364
2620
3004
3132
3004
2876
2492
2236
2236
2236
2236
2236
2236
2364
2492
2492
2492
2492
2620
2620
2748
2748
2620
2620
2364
2108
1884
1628
1372
1052
716
396
112
-48
-16
164
460
748
876
812
492
180
-40
-196
-196
-120
-80
-120
-228
-324
-428
-652
-876
-1116
-1308
-1500
-1564
-1692
-1756
-1756
-1820
-1820
-1756
-1692
-1500
-1180
-924
-684
-524
-276
24
228
276
180
-8
-212
-428
-684
-844
-844
-748
-748
-1052
-1628
-2364
-3004
-3644
-3900
-3772
-3260
-2620
-2108
-1980
-1980
-2364
-2748
-3260
-3516
-3388
-3004
-2364
-1628
-1116
-716
-652
-748
-780
-780
-716
-684
-620
-620
-652
-748
-812
-780
-684
-524
-292
24
396
844
1180
1436
1692
1980
2364
2620
2876
3004
3132
3132
2876
2748
2620
2492
2364
2236
2108
1980
1884
1884
2108
2364
2748
3004
3132
3260
3260
3132
3004
2748
2492
2236
2108
1692
1436
1308
1180
1052
748
428
228
8
-244
-372
-212
196
652
812
748
492
96
-396
-716
-780
-556
-324
-308
-340
-396
-492
-652
-780
-876
-844
-924
-1052
-1180
-1116
-988
-988
-988
-1052
-1180
-1436
-1564
-1628
-1500
-1436
-1436
-1372
-1372
-1372
-1372
-1372
-1308
-1244
-1052
-844
-620
-492
-372
-396
-524
-780
-1052
-1436
-1820
-1980
-1884
-1756
-1564
-1436
-1372
-1436
-1436
-1308
-1244
-1180
-1180
-1244
-1372
-1500
-1692
-1756
-1628
-1500
-1372
-1244
-1116
-1052
-1052
-1180
-1308
-1372
-1500
-1308
-924
-396
132
524
684
748
684
652
652
588
588
716
924
1308
1820
2236
2620
2876
2876
2876
2748
2620
2364
2236
2236
2236
2364
2492
2620
2620
2492
2236
1980
1756
1628
1628
1756
1820
1884
1980
2108
2236
2236
2236
2108
1980
1564
1180
812
428
120
-112
-260
-372
-396
-396
-324
-260
-260
-292
-396
-524
-556
-620
-684
-620
-524
-460
-428
-428
-492
-620
-780
-988
-1116
-1244
-1372
-1500
-1500
-1436
-1436
-1436
-1372
-1372
-1308
-1308
-1180
-1052
-876
-620
-428
-276
-196
-148
-260
-428
-620
-876
-1180
-1372
-1564
-1628
-1628
-1564
-1500
-1564
-1564
-1500
-1436
-1436
-1372
-1308
-1180
-988
-876
-780
-812
-876
-988
-1180
-1180
-1244
-1308
-1244
-1116
-988
-780
-588
-372
-164
-80
-32
8
0
80
196
260
356
492
588
684
812
988
1052
988
924
876
924
1052
1372
1692
1980
2236
2364
2364
2364
2236
1980
1564
1308
1116
988
1116
1308
1564
1756
1980
1980
2108
1980
1884
1628
1372
1244
1180
1308
1372
1372
1372
1180
812
428
0
-340
-620
-748
-748
-652
-460
-196
48
228
228
40
-228
-556
-844
-1052
-1116
-1116
-1052
-924
-876
-812
-748
-780
-844
-988
-1052
-1052
-988
-924
-844
-748
-716
-652
-716
-780
-988
-1180
-1308
-1436
-1500
-1372
-1180
-924
-684
-524
-324
-180
-104
-32
24
32
-16
-112
-212
-276
-324
-372
-460
-556
-684
-812
-812
-812
-812
-748
-716
-652
-524
-396
-276
-212
-164
-164
-228
-324
-372
-396
-356
-244
-148
-64
8
180
340
460
524
556
492
396
396
460
556
652
812
876
844
844
876
988
1180
1308
1308
1372
1436
1436
1500
1500
1564
1500
1372
1308
1180
1180
1052
988
876
748
652
556
556
620
684
684
716
684
620
492
324
132
-148
-428
-684
-844
-812
-684
-588
-524
-460
-492
-556
-684
-844
-1052
-1308
-1436
-1500
-1436
-1180
-924
-716
-588
-652
-780
-876
-924
-988
-924
-924
-876
-748
-588
-372
-212
-104
-164
-324
-524
-716
-780
-812
-716
-524
-260
0
260
460
524
556
492
428
396
340
340
428
492
556
588
492
340
148
-48
-244
-372
-460
-460
-356
-196
0
180
292
396
396
308
180
-16
-244
-356
-428
-396
-260
-80
104
164
164
88
-16
-132
-228
-292
-292
-260
-180
-16
148
340
492
620
652
556
428
308
324
396
524
620
748
812
924
988
1052
988
812
620
524
428
396
428
492
556
588
620
652
684
684
652
556
428
276
104
0
-48
-112
-212
-308
-396
-556
-716
-844
-988
-1180
-1244
-1180
-1052
-876
-620
-460
-324
-180
-132
-148
-212
-340
-460
-620
-780
-812
-748
-652
-492
-308
-148
-8
32
-24
-148
-308
-460
-556
-524
-396
-120
104
292
428
428
428
372
244
132
32
-80
-32
72
212
340
396
460
428
324
132
-32
-196
-356
-428
-460
-372
-164
80
396
588
684
652
460
260
40
-104
-212
-308
-308
-260
-212
-180
-180
-164
-276
-460
-652
-748
-748
-588
-372
-120
132
340
428
556
620
620
524
396
260
180
244
428
620
780
844
748
492
180
-32
-164
-180
-104
96
356
652
924
1116
1180
1116
876
556
260
16
-88
-104
-56
-40
-8
8
8
-16
-196
-492
-812
-1052
-1180
-1180
-924
-588
-228
64
260
396
396
244
24
-244
-556
-812
-988
-988
-844
-652
-492
-324
-276
-340
-372
-428
-492
-492
-492
-460
-324
-112
212
524
684
716
524
276
0
-244
-460
-556
-524
-460
-308
-112
80
276
356
396
308
180
104
104
132
212
292
324
324
292
228
148
0
-132
-276
-428
-428
-292
-132
96
340
556
748
844
812
716
588
340
112
-80
-276
-428
-492
-460
-292
-104
88
180
260
292
212
164
164
260
428
588
716
812
780
652
460
276
32
-196
-396
-524
-524
-428
-196
132
428
652
716
652
524
460
356
260
148
40
-64
-112
-132
-120
-64
-40
-112
-244
-292
-340
-276
-148
-80
0
16
-72
-148
-180
-260
-428
-620
-812
-924
-924
-780
-524
-276
-96
24
40
-8
0
8
-16
-72
-148
-212
-260
-260
-180
-112
-88
-164
-276
-308
-340
-292
-228
-196
-164
-148
-112
-24
96
132
104
32
-88
-180
-212
-244
-164
-64
-24
48
112
104
80
0
-72
-96
-132
-180
-212
-212
-148
-48
48
148
228
244
276
244
196
148
80
-40
-96
-96
0
132
228
324
340
244
132
8
-88
-148
-212
-244
-196
-132
-80
-72
-16
0
-16
-24
-88
-96
-112
-96
-40
8
96
212
356
460
556
556
460
356
260
120
32
-8
16
112
276
396
588
684
684
684
588
588
556
588
620
652
620
620
556
556
556
492
396
196
-16
-292
-492
-588
-588
-524
-324
-148
96
308
492
556
524
428
196
-24
-212
-292
-356
-428
-492
-556
-620
-684
-684
-684
-684
-652
-652
-588
-492
-340
-132
88
276
340
340
276
180
48
-88
-244
-340
-428
-428
-308
-180
-72
0
-8
-32
-64
-72
-64
-16
32
80
104
80
56
56
32
-48
-212
-460
-684
-844
-876
-876
-780
-652
-460
-308
-212
-112
-80
-104
-148
-228
-372
-556
-652
-684
-716
-684
-652
-620
-524
-460
-340
-244
-196
-148
-40
72
180
292
372
492
556
588
588
556
460
372
372
460
492
556
620
748
844
924
988
988
924
812
684
556
460
372
308
260
244
196
148
132
164
260
324
308
292
228
164
164
164
180
164
72
-40
-180
-244
-228
-212
-112
32
164
324
428
460
428
324
148
32
-132
-196
-212
-196
-96
-64
0
48
32
24
-32
-180
-308
-324
-292
-164
8
196
340
396
396
308
180
32
-104
-260
-396
-460
-492
-492
-428
-356
-308
-292
-324
-396
-396
-428
-428
-396
-356
-356
-428
-492
-556
-652
-748
-844
-876
-812
-652
-460
-196
24
148
212
148
24
-104
-292
-460
-556
-620
-620
-524
-396
-276
-104
8
132
196
212
180
56
8
-8
24
96
228
356
492
620
684
684
588
492
372
292
260
324
340
372
428
460
460
428
324
212
120
56
24
32
132
260
356
428
460
524
460
396
340
228
104
24
-16
-24
16
48
72
48
8
-40
-64
-64
-24
8
16
24
48
64
56
56
-24
-132
-244
-276
-212
-104
0
48
48
16
32
32
24
0
-16
-104
-180
-212
-212
-148
-72
0
16
32
32
40
72
72
0
-64
-80
-80
-24
24
64
-16
-80
-180
-228
-196
-180
-148
-196
-244
-276
-212
-132
-80
-40
-40
-56
-80
-104
-112
-164
-244
-372
-556
-684
-780
-812
-780
-684
-588
-492
-340
-228
-80
64
148
180
180
132
88
96
96
112
112
104
88
72
96
132
212
308
396
428
428
492
588
652
716
748
684
620
524
460
428
396
340
308
276
292
356
396
396
356
308
212
164
148
132
132
112
96
72
88
56
-16
-88
-196
-292
-324
-324
-276
-180
-96
0
72
80
56
32
0
-40
-164
-308
-396
-492
-588
-652
-652
-652
-588
-524
-396
-228
-96
-24
8
64
104
132
120
48
-56
-180
-260
-356
-396
-428
-460
-524
-492
-428
-324
-196
-120
0
72
132
180
212
212
112
-16
-196
-372
-492
-620
-652
-620
-620
-588
-524
-460
-396
-260
-96
112
292
428
524
524
460
324
148
-48
-244
-428
-524
-524
-492
-356
-132
88
356
620
812
924
1052
1116
1052
1052
924
812
748
684
620
588
556
492
396
340
340
356
396
396
396
428
460
524
556
524
460
428
356
292
276
228
148
48
-48
-132
-148
-48
40
132
212
212
164
112
0
-164
-292
-492
-620
-716
-748
-780
-780
-716
-620
-460
-228
-8
104
196
196
96
-48
-212
-340
-492
-556
-652
-716
-684
-588
-492
-428
-396
-356
-276
-260
-212
-148
-96
-148
-164
-132
-148
-112
-88
-88
-148
-260
-396
-588
-652
-716
-748
-684
-620
-556
-396
-292
-164
-24
40
80
32
-24
-64
-132
-180
-196
-180
-180
-164
-96
-8
72
164
112
24
-16
-80
-48
80
164
244
340
396
396
492
588
620
652
652
556
524
460
492
556
652
684
684
620
556
492
460
428
356
324
276
244
292
324
356
340
276
276
244
212
228
212
196
212
212
228
308
324
292
228
132
0
-88
-148
-164
-180
-196
-212
-228
-212
-164
-80
0
16
48
72
48
-16
-56
-112
-196
-212
-244
-260
-324
-428
-492
-556
-556
-524
-460
-340
-292
-276
-228
-212
-180
-132
-164
-228
-340
-460
-492
-492
-356
-244
-96
-32
0
0
-32
-80
-164
-212
-324
-460
-524
-492
-396
-292
-228
-180
-212
-244
-228
-196
-164
-120
-80
-32
64
180
292
428
556
524
428
324
164
8
-64
-72
-64
-40
-16
56
148
244
292
308
324
276
276
340
396
524
620
620
620
524
428
396
396
372
308
260
228
196
196
244
292
276
228
212
212
196
244
276
292
260
180
104
16
-24
-16
-72
-164
-212
-260
-244
-196
-148
-120
-132
-196
-244
-244
-244
-196
-120
-80
-72
-88
-104
-64
-48
-88
-132
-244
-372
-460
-428
-396
-372
-372
-396
-372
-340
-260
-196
-212
-292
-396
-492
-524
-492
-428
-396
-428
-428
-396
-292
-180
-64
-32
-40
-88
-132
-164
-148
-132
-164
-212
-260
-260
-180
-56
16
16
40
32
0
16
0
24
64
80
96
148
180
228
292
292
340
340
276
180
112
96
64
104
196
212
228
292
308
372
396
396
396
372
396
396
396
396
356
260
196
132
72
32
56
120
212
292
340
396
460
460
428
396
372
396
396
396
396
308
260
212
164
96
96
64
0
-16
16
48
72
120
132
132
132
88
56
-24
-132
-180
-228
-212
-180
-164
-196
-292
-292
-396
-428
-396
-428
-428
-396
-356
-308
-212
-132
-164
-244
-324
-460
-556
-556
-620
-652
-588
-556
-492
-308
-164
-80
-56
-120
-212
-276
-292
-292
-276
-292
-292
-276
-292
-196
-96
-88
-48
-16
-56
-40
24
88
196
276
276
228
132
56
-32
-80
-180
-260
-292
-276
-148
-8
120
228
276
260
260
244
244
276
244
212
196
112
80
24
-40
-80
-72
-88
-132
-88
-64
40
164
244
324
428
460
524
556
556
588
524
428
396
356
372
396
396
428
340
276
276
292
340
356
356
324
196
104
132
148
228
308
372
396
372
396
428
396
244
96
-64
-212
-324
-340
-340
-372
-428
-460
-460
-460
-356
-276
-260
-292
-356
-460
-492
-492
-460
-492
-492
-460
-524
-492
-492
-524
-556
-684
-748
-716
-652
-492
-324
-132
0
88
132
104
72
24
-80
-196
-212
-196
-164
-104
-16
-72
96
748
1116
684
0
-260
-372
-620
-924
-812
24
924
924
244
-48
56
-260
-924
-1116
-588
132
556
588
588
684
524
-48
-524
-652
-260
372
588
620
684
876
716
80
-428
-396
308
652
492
588
876
812
64
-428
-228
56
72
0
588
1308
1500
988
460
492
428
-372
-988
-396
396
460
196
524
684
356
-396
-988
-716
-428
-428
-460
180
588
228
-292
-396
-340
-716
-988
-556
56
164
-96
-164
-120
-372
-876
-1116
-684
-48
-308
-524
-180
120
-228
-748
-748
-460
-260
-276
-180
120
428
196
-72
64
260
132
-148
-24
164
104
-104
-104
96
88
-72
-120
-80
-8
0
8
372
684
716
620
588
460
212
120
64
56
-40
-164
-164
-148
-212
-180
-56
40
72
132
180
276
340
164
16
-8
-8
0
64
180
292
324
244
212
244
212
88
-64
-32
-48
-148
-132
-16
196
324
340
324
308
196
-56
-148
-164
-88
24
88
196
244
340
428
492
428
324
196
64
-80
-164
-96
-96
-132
-196
-212
-148
-120
-164
-196
-148
-132
-212
-292
-276
-260
-292
-276
-212
-132
-120
-244
-340
-308
-292
-396
-460
-460
-460
-460
-492
-396
-260
-356
-396
-340
-276
-196
-120
-24
24
8
-48
-80
-120
-148
-244
-276
-260
-260
-196
-180
-112
-104
-48
48
56
64
104
120
132
196
276
324
396
396
324
292
276
212
120
64
-24
-56
-80
-72
0
64
212
428
524
556
524
492
396
292
180
40
0
-64
-64
-40
8
112
164
212
164
148
104
88
148
228
308
428
524
524
524
428
276
48
-120
-196
-212
-148
-132
-104
-16
112
180
276
372
428
396
292
260
292
244
80
-8
-16
-120
-196
-292
-372
-372
-324
-244
-112
24
56
40
8
0
-32
-88
-120
-40
24
0
-64
-132
-196
-260
-260
-260
-324
-460
-492
-524
-588
-524
-396
-308
-180
-104
0
80
80
56
-40
-148
-276
-340
-428
-460
-396
-356
-292
-180
-32
40
16
-96
-164
-292
-428
-396
-340
-196
-56
40
96
148
80
-112
-212
-244
-228
-164
8
112
148
180
196
244
228
244
228
228
164
72
0
8
72
104
148
244
428
492
460
492
492
372
212
132
48
-40
-40
0
88
196
212
196
212
228
292
356
340
324
260
196
132
104
148
80
24
-40
-24
-8
-8
-16
-40
-64
-148
-196
-180
-88
-16
8
24
72
64
8
0
0
-104
-244
-340
-396
-396
-396
-372
-292
-132
8
132
244
324
356
276
148
64
-32
-196
-324
-356
-324
-228
-164
-72
0
8
40
32
104
196
196
148
104
132
112
32
-72
-80
-112
-212
-244
-228
-244
-292
-260
-196
-64
40
64
120
132
132
-16
-40
-64
-80
-40
-24
48
112
88
64
80
40
-8
-56
-96
-148
-112
-40
80
196
324
396
396
340
276
228
164
72
-40
-8
112
228
324
428
492
324
180
112
72
24
-32
-64
-16
32
8
80
132
180
132
32
-16
-72
-164
-308
-324
-292
-324
-372
-260
-228
-212
-260
-292
-292
-372
-428
-460
-428
-356
-396
-292
-212
-104
-48
-72
-64
0
8
-48
-32
0
32
-32
-72
-64
-40
-48
-56
0
40
24
-24
-88
-56
24
96
112
196
228
148
72
32
0
-64
-64
-72
-16
48
88
120
88
72
-24
-148
-228
-260
-276
-196
-56
40
120
180
244
228
148
56
0
0
0
32
64
104
148
180
212
260
244
196
80
24
0
24
112
292
460
588
652
588
524
460
372
228
112
32
-48
-8
8
40
164
180
148
40
48
40
-80
-132
-96
-32
0
48
72
120
72
-40
-96
-120
-196
-292
-324
-356
-324
-340
-356
-260
-164
-148
-164
-104
-96
-112
-212
-244
-212
-212
-196
-212
-228
-260
-292
-292
-228
-132
-112
-48
24
0
-56
-48
0
-8
-32
-56
24
104
104
80
80
8
-56
-120
-212
-148
-64
-24
56
132
196
196
180
212
180
80
8
-48
-96
-112
-40
8
32
-8
-88
-104
-120
-180
-196
-164
-148
-96
-40
132
324
396
356
308
212
104
32
-48
-72
-80
-88
-104
-40
48
104
112
120
132
148
120
80
120
104
120
180
276
340
428
460
396
324
196
16
-132
-196
-276
-324
-260
-120
24
132
276
356
428
428
308
212
120
-40
-148
-132
-88
24
24
8
56
32
-16
-64
-72
-72
-104
-132
-104
-56
-16
24
0
-16
0
-56
-180
-340
-460
-524
-492
-428
-212
-64
96
244
244
180
64
0
-148
-292
-396
-460
-492
-492
-492
-428
-324
-212
-132
-88
-24
-24
-80
-80
-8
72
164
260
260
212
96
-132
-276
-372
-524
-588
-556
-492
-428
-324
-164
-48
64
164
276
372
396
428
428
460
460
428
276
148
72
-16
-132
-180
-164
-196
-148
-8
180
324
428
524
588
588
556
556
492
396
276
180
80
8
-32
-104
-148
-196
-212
-180
-196
-180
-112
-64
-8
96
180
228
276
308
308
228
120
-16
-132
-196
-244
-228
-180
-132
-72
-16
32
80
32
8
0
-40
-56
-88
-88
-80
-48
0
8
80
148
104
0
-56
-16
0
-16
40
148
228
164
64
-24
-96
-148
-260
-292
-212
-164
-148
-64
16
96
132
148
148
88
0
-32
-16
8
48
120
132
112
64
-24
-72
-132
-180
-196
-196
-180
-164
-96
-16
48
88
132
148
120
48
-32
-88
-148
-228
-260
-180
-96
-16
72
148
212
196
132
72
0
-132
-180
-196
-180
-88
0
8
56
112
0
-88
-112
-132
-196
-276
-228
-196
-180
-148
-32
56
72
88
112
112
48
-8
-96
-104
-96
-132
-96
-40
0
40
104
104
40
-48
-112
-88
-56
0
40
32
64
64
64
40
32
0
-112
-148
-164
-148
-112
-80
0
48
88
112
132
148
120
48
-8
-56
-72
-48
-40
-24
24
24
16
-32
-88
-120
-132
-120
-40
32
120
212
228
196
148
120
24
-16
0
0
0
16
56
96
148
164
164
180
148
88
80
148
180
180
212
196
196
148
80
48
32
16
40
104
164
196
212
196
180
132
72
8
-48
-64
-72
-24
48
112
164
244
276
276
244
164
64
-16
-88
-104
-132
-132
-96
-104
-104
-132
-164
-228
-260
-228
-228
-228
-196
-132
-56
56
120
148
120
72
-8
-104
-164
-212
-228
-244
-228
-212
-212
-196
-180
-212
-244
-228
-212
-196
-148
-120
-120
-104
-120
-148
-196
-180
-96
-48
0
48
80
8
-24
-16
-40
-48
-132
-212
-244
-228
-228
-212
-148
-80
-48
-16
40
80
48
0
0
-24
0
8
56
120
148
164
148
132
80
24
-48
-64
-48
-56
0
32
148
244
276
324
372
396
372
340
260
196
120
164
196
228
276
276
276
212
112
32
-8
-88
-104
-56
24
72
148
244
244
276
260
196
148
120
56
-64
-96
-88
-64
-48
-24
0
-32
-72
-112
-148
-196
-244
-260
-196
-148
-132
-64
-32
-16
24
0
-40
-96
-148
-196
-276
-260
-212
-196
-148
-72
32
88
64
72
64
0
-64
-120
-148
-104
-64
-24
16
88
112
72
88
80
16
-48
-112
-148
-132
-104
-48
16
80
120
96
96
80
16
-80
-120
-104
-120
-112
-48
8
-8
0
40
64
64
32
8
-24
-40
8
40
96
132
104
56
-16
-80
-120
-148
-148
-196
-164
-104
-72
0
64
148
132
88
96
64
56
48
48
32
0
-56
-72
-88
-112
-132
-112
-64
0
56
88
112
80
40
16
-8
-24
-40
-80
-48
-16
16
48
72
104
88
48
0
-24
-24
56
96
148
228
228
196
120
32
-48
-148
-212
-212
-180
-112
-16
56
96
112
104
72
24
48
32
0
-32
-40
-40
-48
-40
-48
-64
-148
-244
-260
-276
-292
-212
-132
-64
56
132
164
180
132
72
56
0
-48
-80
-120
-80
-56
-32
16
88
96
88
112
80
48
0
-8
24
72
148
244
292
292
276
228
196
180
164
148
132
148
164
196
212
228
196
112
24
-24
-64
-56
-72
-40
24
64
72
112
180
180
196
180
180
104
32
-64
-132
-180
-276
-308
-340
-292
-276
-244
-164
-132
-132
-132
-164
-132
-88
-72
-40
-24
-16
-48
-88
-148
-196
-228
-244
-228
-196
-132
-112
-80
-56
-72
-72
-72
-56
-72
-56
-24
16
8
-40
-64
-80
-120
-180
-164
-196
-212
-196
-180
-80
24
72
96
88
32
-32
-120
-164
-164
-148
-132
-132
-72
-72
-72
-16
16
32
56
48
48
24
8
-8
-8
24
88
120
164
180
164
164
148
96
56
56
56
104
180
292
340
372
372
324
260
196
148
80
16
-8
0
32
96
180
260
308
260
244
212
180
164
180
180
196
260
308
308
260
196
72
-56
-164
-228
-260
-212
-96
8
148
260
292
324
292
212
96
-56
-148
-212
-244
-244
-196
-164
-164
-180
-196
-196
-180
-180
-148
-180
-180
-148
-112
-72
-16
8
-24
-80
-148
-228
-292
-324
-340
-340
-340
-308
-260
-228
-212
-196
-244
-292
-276
-276
-260
-212
-180
-180
-148
-112
-72
-48
-48
-48
-112
-132
-104
-64
-24
0
24
8
-56
-112
-120
-148
-132
-132
-80
-16
40
148
244
324
340
356
276
180
164
132
120
120
120
148
164
164
180
180
132
132
120
148
196
324
396
492
524
524
460
396
308
180
104
32
0
24
56
112
148
196
244
260
244
260
244
212
180
120
72
56
16
0
0
-24
-24
-16
-48
-72
-72
-112
-164
-196
-196
-196
-164
-148
-132
-132
-132
-148
-164
-196
-212
-244
-292
-340
-396
-428
-396
-292
-180
-32
40
88
112
64
32
-24
-88
-148
-196
-212
-228
-196
-132
-88
-48
0
-8
0
0
-32
-8
8
-8
-8
24
40
24
16
0
-64
-120
-164
-180
-180
-164
-148
-148
-148
-148
-96
-24
16
40
56
24
16
-32
-48
-56
-72
-72
-72
-80
-80
-80
-72
-80
-72
-56
-56
-8
40
112
132
164
180
164
180
196
196
148
112
56
40
40
56
40
16
40
80
104
164
244
260
276
260
180
164
120
104
72
80
120
148
132
88
88
72
32
-16
-16
-16
-8
8
40
72
132
148
180
132
64
24
-40
-56
-8
40
56
88
64
16
0
-40
-80
-96
-112
-132
-104
-64
-8
16
56
104
88
56
0
-64
-132
-148
-164
-148
-120
-96
-48
-56
-80
-72
-120
-148
-164
-148
-132
-104
-48
0
48
96
132
88
40
-8
-88
-164
-196
-196
-180
-132
-40
24
56
112
96
40
32
16
16
48
96
88
80
80
80
88
48
24
0
-24
-32
-8
-8
0
8
0
0
16
40
56
56
32
40
56
32
8
8
0
-40
-64
-64
-40
-24
-56
-72
-48
-48
-72
-56
-48
-40
-32
-48
-104
-148
-164
-180
-164
-104
-16
56
80
96
48
16
-40
-88
-112
-132
-112
-112
-80
-16
16
16
8
0
-32
-48
-24
-8
0
32
72
80
120
120
112
120
96
120
132
120
132
120
80
32
40
48
56
40
56
80
40
32
40
32
16
-8
-40
-40
-48
-24
8
48
48
32
32
-8
-24
-24
-48
-40
-56
-96
-104
-96
-64
-56
-32
-8
-32
-72
-104
-104
-96
-56
-16
40
96
132
112
64
32
-16
-56
-104
-132
-120
-104
-72
-24
8
56
88
80
120
132
132
132
132
88
72
56
24
72
112
132
132
120
80
40
32
32
48
32
24
32
16
24
48
48
48
48
8
-64
-88
-88
-104
-96
-80
-56
-40
-16
-16
8
16
32
48
24
16
24
0
-32
-64
-80
-120
-120
-104
-64
-40
-8
8
0
-16
-40
-48
-40
-16
-24
-48
-56
-88
-104
-132
-96
-72
-80
-80
-104
-64
-80
-80
-72
-16
16
8
40
48
64
64
40
-8
-40
-56
-80
-104
-80
-56
-80
-112
-88
-64
-48
-64
-48
-48
-40
-40
-16
8
16
72
64
48
24
16
8
8
24
8
-16
-16
-8
8
16
64
88
72
112
148
164
164
180
164
148
120
72
48
48
48
56
104
120
132
148
148
180
196
196
180
132
96
64
48
16
0
0
-8
-24
8
16
16
8
0
-24
-24
-40
-32
0
-8
24
56
64
56
32
24
16
-8
-80
-96
-96
-120
-112
-48
-16
0
-8
-40
-56
-64
-96
-112
-112
-104
-72
-48
-8
0
0
0
-16
-24
-40
-72
-80
-80
-56
-64
-56
-48
-88
-164
-212
-212
-212
-180
-164
-120
-64
-40
-32
-8
0
0
-8
-40
-80
-96
-132
-164
-132
-112
-112
-96
-72
-104
-104
-80
-112
-88
-24
0
32
72
64
40
40
32
40
48
40
16
0
0
8
8
56
56
32
88
104
132
148
132
132
132
104
112
104
72
64
80
80
120
148
164
164
180
164
180
180
180
212
164
132
132
104
88
56
48
48
40
24
0
40
24
0
0
16
24
40
48
24
8
-8
-64
-112
-132
-132
-104
-112
-72
-16
24
32
48
24
-16
-40
-64
-72
-80
-112
-132
-132
-120
-112
-80
-80
-88
-80
-72
-56
-24
-16
-8
0
0
16
0
0
16
16
-32
-32
-56
-64
-80
-48
-56
-56
-24
-16
-24
-24
0
-8
8
16
16
40
40
72
72
32
0
-24
-72
-96
-104
-96
-96
-96
-48
-24
16
24
16
0
-8
-24
-32
-16
0
-8
-24
-24
-48
-48
-48
-40
0
8
32
48
96
104
88
104
80
56
56
48
72
72
88
88
72
64
72
64
88
148
132
132
132
132
148
164
148
112
72
16
-16
-16
-24
-24
-40
-72
-72
-56
-40
-8
8
8
24
8
8
8
8
16
-40
-72
-104
-132
-132
-120
-104
-120
-120
-104
-112
-96
-72
-48
-40
-40
-48
-24
0
8
40
40
8
-16
-48
-64
-56
-56
-64
-64
-56
-48
-24
0
48
48
32
16
-8
-40
-64
-72
-104
-96
-80
-80
-32
0
24
40
48
16
0
-8
0
0
-16
-32
-32
-24
-40
-48
-48
-88
-104
-104
-112
-88
-72
-48
-24
-24
-16
0
0
40
64
64
48
48
48
40
56
48
48
32
24
32
56
80
72
80
64
40
48
56
56
64
80
104
96
120
120
132
148
132
104
80
48
16
24
16
16
16
16
8
8
40
64
48
40
0
0
0
8
24
8
0
-16
0
8
16
8
16
0
-24
-48
-56
-48
-16
0
0
8
8
8
0
-8
-16
-24
-32
-64
-56
-56
-56
-48
-48
-32
-8
0
24
24
24
16
0
-24
-40
-56
-80
-96
-88
-96
-88
-64
-48
-40
-24
0
16
8
0
0
-16
-16
-24
-24
-16
-32
-40
-48
-56
-40
-48
-40
-24
-40
-16
-16
-40
-40
-32
0
40
56
88
112
120
112
80
64
56
24
-8
-32
-40
-24
0
32
56
80
80
48
32
24
16
16
24
32
24
40
48
64
56
72
72
32
16
-8
-16
-48
-64
-48
-48
-48
-40
-48
-16
0
0
-8
8
-16
-24
-16
-40
-24
-24
-40
-40
-8
0
8
0
-8
-8
-16
0
0
0
-8
-24
-40
-48
-40
-24
-24
-16
0
8
0
-8
-24
-40
-40
-48
-32
-16
-8
8
8
0
8
-8
-32
-40
-56
-64
-64
-80
-80
-72
-56
-32
0
24
40
40
24
0
-8
-24
-48
-32
-24
-8
8
32
40
48
48
40
56
56
40
24
32
56
56
80
112
120
132
112
88
64
48
32
16
32
32
56
64
72
96
96
88
56
48
40
32
32
40
40
56
64
56
40
32
0
-16
-48
-88
-80
-80
-56
-24
8
24
32
24
8
0
-16
-40
-80
-104
-104
-112
-120
-88
-64
-56
-48
-56
-72
-80
-88
-72
-48
-32
-8
16
8
8
8
-8
-24
-32
-64
-80
-96
-96
-88
-56
-16
0
16
16
0
-8
-32
-56
-56
-56
-56
-40
-40
-16
0
0
8
-8
-16
-16
-40
-56
-56
-40
-32
-24
8
16
64
80
96
104
64
56
40
24
32
40
64
72
80
80
96
104
104
96
88
56
40
16
0
8
24
32
40
48
40
48
48
64
64
64
64
72
48
32
24
8
-8
-16
-16
-24
-8
0
8
24
0
8
0
-24
-16
-16
-8
0
0
0
16
24
24
16
-8
-32
-48
-64
-72
-64
-72
-64
-48
-32
-32
-16
0
-8
0
0
-8
-8
-8
-16
-48
-64
-72
-88
-88
-80
-80
-80
-72
-88
-88
-88
-104
-88
-80
-56
-32
-24
-32
-24
-16
-24
0
-8
-16
0
0
0
0
-16
-24
-24
-24
-24
-24
-16
-32
-16
0
0
24
40
32
32
40
32
32
24
24
32
40
40
48
48
40
40
40
32
32
48
64
72
96
96
96
104
112
112
120
120
96
80
56
32
24
32
24
40
