SAMPLES:	8003
BITSPERSAMPLE:	16
CHANNELS:	1
SAMPLERATE:	16000
NORMALIZED:	FALSE
0
0
0
0
0
0
0
0
0
0
0
0
0
0
0
0
0
0
0
0
0
0
-8
-8
-8
-8
-8
-8
-8
-8
-8
-8
-8
-8
-8
-8
-8
-8
-8
-16
-16
-16
-16
-16
-16
-8
-16
-16
-8
-8
-8
-8
-8
-8
-8
-8
-8
-8
-8
-8
-8
-8
-8
-8
-8
-8
0
0
0
0
0
0
0
0
0
0
0
0
0
0
0
0
0
8
8
16
8
8
16
8
8
16
16
16
16
16
16
16
16
16
16
16
16
16
16
16
24
16
24
24
24
24
24
16
16
16
24
16
16
16
16
8
8
8
8
8
8
8
8
8
8
8
8
0
0
0
0
0
0
0
0
0
0
0
0
0
0
-8
-8
-8
-8
-16
-16
-16
-16
-8
-8
-8
-8
-8
-8
-8
-8
-8
-16
-16
-16
-16
-16
-8
-8
-8
-8
-8
-8
-8
-8
-8
-8
-8
-8
-8
-8
-8
-8
-8
0
-8
0
-8
-8
-8
-8
-8
0
0
-8
0
0
-8
0
0
0
0
0
-8
-8
-8
-8
-8
-8
-8
-8
-8
-8
-8
-8
-8
-8
-8
-8
0
0
0
0
0
0
0
0
0
0
0
0
0
0
0
8
0
0
0
8
8
8
8
8
16
16
16
16
16
16
16
16
16
24
16
16
24
16
24
16
16
16
16
16
16
16
16
8
8
8
8
8
8
8
8
8
8
8
0
0
8
0
0
0
0
0
0
0
0
0
0
0
0
0
0
0
0
0
0
0
0
0
0
0
0
0
0
0
0
0
-8
0
0
0
0
0
0
0
0
0
0
0
0
0
0
0
0
0
0
0
0
0
0
0
0
0
0
0
-8
0
-8
-8
0
-8
-8
-8
-8
-8
-8
-16
-16
-16
-16
-8
-8
-8
-8
-8
-8
-8
-8
-16
-16
-16
-16
-16
-16
-16
-16
-16
-16
-16
-16
-16
-8
-8
-8
-8
-8
0
0
0
-8
-8
0
0
0
0
0
0
0
0
0
0
8
8
8
8
8
8
8
8
16
16
16
16
16
16
16
16
16
16
16
16
16
16
16
16
16
16
24
16
16
16
16
16
16
16
8
8
8
8
8
8
8
8
8
8
8
8
8
8
0
0
0
0
0
0
0
0
0
0
0
0
0
0
0
0
0
0
-8
0
0
-8
-8
-8
-8
-8
-8
-8
-8
-8
-8
-8
-8
-8
-8
-8
-8
-8
-8
-8
-8
-8
-8
-8
-8
-8
-8
-8
-8
-8
0
0
0
0
0
0
0
0
0
0
0
0
0
0
0
0
0
0
0
0
0
0
0
0
0
0
0
0
0
0
0
0
0
0
0
0
0
0
0
0
0
0
0
0
0
0
0
0
0
0
0
0
0
0
0
-8
-8
0
-8
0
0
0
0
0
0
0
0
0
0
0
0
0
0
0
0
0
0
0
0
0
0
0
0
0
8
8
8
8
8
8
8
8
8
0
0
0
0
0
0
0
0
0
0
0
8
8
8
8
8
0
8
0
0
0
0
0
0
0
0
0
0
0
0
0
0
0
0
0
0
0
0
0
0
0
0
0
0
0
0
-8
-8
0
-8
0
-8
0
0
-8
-8
-8
-8
-8
0
0
-8
-8
-8
-8
0
-8
0
0
0
0
0
0
0
0
0
0
0
0
0
0
0
8
8
0
0
8
8
0
8
8
8
8
0
0
8
0
8
8
8
0
0
0
0
0
0
0
0
0
0
0
0
0
0
0
0
0
0
0
0
0
0
0
0
0
-8
-8
-8
-8
-8
-8
-8
-8
-8
0
0
0
0
0
0
0
0
0
0
0
-8
0
0
0
0
0
0
0
0
0
0
0
0
0
0
0
0
0
0
0
0
0
0
0
0
0
0
8
8
8
8
8
8
8
8
8
8
8
0
0
0
0
0
0
0
0
0
0
0
0
0
0
0
0
0
0
0
0
0
0
0
0
0
0
0
0
0
0
0
0
0
0
0
0
0
0
0
0
0
0
0
0
0
0
0
0
0
0
0
8
8
8
8
8
8
8
8
0
0
0
0
0
0
0
0
0
0
0
0
0
0
0
0
0
0
0
0
0
0
0
0
0
0
-8
-8
-8
-8
-8
-8
-8
-8
0
-8
-8
-8
-8
-8
-8
-8
-8
-8
-8
0
0
0
0
0
0
0
0
0
0
0
0
0
0
0
0
0
0
0
0
0
0
0
0
0
0
0
0
0
0
0
0
0
0
0
0
0
0
0
0
0
0
0
0
0
0
0
0
0
0
0
0
0
0
0
0
0
0
0
0
0
0
0
0
0
0
0
0
0
0
0
0
0
0
0
0
0
0
0
0
0
0
0
0
0
0
0
0
0
0
0
0
0
0
0
0
0
0
0
0
0
0
0
0
0
0
0
0
0
0
0
0
0
0
0
0
0
0
0
0
0
0
0
0
0
0
0
0
0
0
0
0
0
0
0
0
0
0
0
0
0
0
0
0
0
0
0
0
0
0
0
0
8
8
0
0
0
0
0
0
0
0
0
0
0
0
0
0
0
0
0
0
0
0
0
0
0
0
0
0
0
0
0
0
0
0
0
0
0
0
0
0
0
0
0
0
0
0
0
0
0
0
0
0
0
0
0
-8
-8
-8
0
0
0
0
0
-8
-8
-8
-8
-8
-8
-8
-8
0
-8
-8
-8
-8
-8
-8
-8
-8
-8
-16
-16
-8
-8
-8
-8
-8
-8
-8
-8
-8
-8
-8
-8
-8
-8
-8
-8
-8
-8
-8
0
0
0
0
0
0
0
0
0
0
0
0
0
0
0
8
8
8
8
8
8
8
16
16
16
16
16
16
16
16
16
16
16
16
16
16
16
16
16
16
16
8
8
16
16
16
16
16
16
16
8
8
8
8
8
0
0
0
0
0
0
0
0
0
0
0
0
0
-8
-8
-8
-8
-8
-8
-16
-8
-8
-16
-16
-16
-16
-16
-16
-16
-16
-16
-16
-16
-16
-16
-16
-16
-16
-16
-16
-8
-8
-8
-8
-8
-8
-8
-8
-8
-8
-8
-8
-8
-8
-8
0
0
0
0
0
0
0
0
0
0
0
0
0
0
0
0
0
0
0
0
0
0
0
0
0
0
0
0
0
8
8
8
8
8
8
8
8
8
8
16
16
16
8
16
16
16
16
16
16
16
16
16
8
8
8
16
16
16
8
8
8
8
8
8
8
8
8
8
8
0
0
0
0
0
0
0
0
0
0
0
0
0
0
-8
-8
-8
-8
-8
-8
-8
-8
-8
-8
-8
-16
-16
-16
-16
-16
-16
-16
-16
-16
-16
-16
-16
-16
-16
-16
-16
-16
-16
-16
-16
-16
-16
-16
-8
-8
-8
-8
-8
-8
-8
-8
-8
0
0
0
0
0
0
0
0
0
0
0
0
0
0
0
8
8
8
8
8
8
8
8
8
8
8
8
8
8
8
16
8
8
8
16
8
8
8
8
8
8
8
8
8
8
8
8
0
0
8
8
0
0
0
0
0
0
0
0
0
0
0
0
0
0
0
0
0
0
0
0
0
0
0
0
-8
-8
-8
-8
-8
-8
-8
-8
-8
-8
-8
-8
-8
-8
-8
-8
-8
0
-8
0
0
0
0
0
0
0
0
0
0
0
0
0
0
0
0
0
0
0
0
0
0
0
0
0
0
0
0
0
0
0
0
0
0
0
0
0
0
0
0
0
0
0
0
0
0
0
0
0
0
0
0
0
0
0
8
8
8
8
8
8
8
8
8
8
16
16
16
16
16
16
16
16
16
16
16
16
16
16
16
8
8
8
16
16
16
8
8
8
8
8
8
8
8
0
0
0
0
0
0
0
-8
-8
-8
-8
-16
-8
-16
-16
-16
-16
-24
-24
-24
-24
-24
-24
-24
-16
-24
-24
-24
-24
-24
-24
-24
-16
-16
-24
-16
-16
-16
-24
-16
-16
-16
-16
-8
-8
-8
-16
-16
-8
-8
-8
-8
-8
-8
-8
-8
-8
0
0
0
0
0
0
0
0
0
0
0
0
0
8
8
0
0
0
0
0
8
8
8
8
16
16
16
16
8
0
8
0
0
8
8
8
8
8
8
16
16
16
8
16
8
8
8
16
16
24
24
24
24
16
16
16
16
16
16
16
8
8
0
0
8
8
8
8
0
0
0
0
0
0
0
0
0
0
-8
-8
-8
-8
-8
-8
0
-8
-16
-8
-8
-8
-8
-8
0
0
0
0
0
0
0
0
0
0
-8
0
0
0
0
0
0
0
0
0
0
0
8
8
8
8
8
8
8
8
0
8
0
0
0
0
0
0
0
0
8
0
0
0
0
-8
-16
-16
-16
-8
-16
8
88
132
120
32
-72
-132
-164
-180
-120
-40
16
8
-24
0
32
56
24
0
-8
-64
-80
-40
48
88
56
16
-16
-40
-64
-88
-104
-112
-148
-132
-48
80
148
148
132
88
48
8
-32
-64
-120
-164
-148
-96
0
64
104
148
132
88
40
0
-32
-132
-180
-148
-80
-8
32
72
112
96
48
56
96
72
-16
-56
-32
8
48
132
212
228
132
32
0
-8
-48
-96
-56
16
72
120
196
292
308
244
180
164
120
32
-24
-16
0
-16
-24
32
104
96
48
16
-8
-80
-180
-212
-180
-164
-164
-132
-64
-8
-16
-56
-88
-132
-212
-260
-260
-228
-212
-180
-148
-104
-88
-96
-96
-112
-148
-196
-212
-164
-112
-72
-32
16
48
48
40
48
48
16
-24
-56
-40
-8
8
48
104
148
112
64
88
120
112
56
24
32
24
8
48
132
228
196
96
56
40
-16
-80
0
276
620
924
1180
1308
1180
748
228
-180
-460
-556
-620
-588
-492
-428
-396
-276
-104
0
-24
-112
-180
-180
-88
16
164
260
244
112
-64
-260
-492
-844
-1180
-1436
-1436
-1308
-924
-428
40
396
652
748
716
620
492
276
-56
-324
-492
-588
-652
-524
-324
-148
-32
72
180
260
260
196
164
196
260
308
460
588
556
340
96
-96
-340
-588
-684
-620
-492
-244
64
460
844
988
988
844
684
492
196
-24
-180
-308
-428
-396
-228
-64
16
24
16
72
340
988
2108
3132
4092
4604
4604
3772
2236
460
-1116
-2236
-2748
-2876
-2492
-1820
-1308
-988
-620
-80
180
48
-132
-260
-276
-212
104
684
1116
1052
460
-460
-1500
-2748
-4092
-5372
-6140
-6140
-5372
-4092
-2236
-196
1308
2236
2492
2108
1052
-260
-1500
-2492
-2876
-2492
-1628
-372
876
1756
2108
1980
1308
492
-276
-924
-1244
-1116
-556
340
1308
2108
2748
2748
2108
1180
244
-556
-1052
-1180
-924
-244
588
1436
2108
2620
2620
1980
988
-32
-844
-1436
-1692
-1628
-1436
-1308
-1052
-620
-244
88
148
32
40
212
620
1180
1628
1884
1820
1564
1180
716
260
-72
-132
340
1564
3388
5116
6396
7164
7420
6652
4860
2364
-164
-2236
-3516
-4092
-3644
-2492
-1500
-924
-492
88
556
620
492
396
308
112
40
460
988
988
132
-1372
-3132
-4604
-6140
-7420
-7676
-7420
-6652
-4860
-2364
212
2108
3004
3132
2364
1116
-260
-1436
-2492
-3004
-3004
-2364
-1244
-64
588
780
652
112
-684
-1180
-988
-492
164
988
1980
3004
3260
3132
2492
1564
212
-1180
-2108
-2236
-1756
-924
88
1308
2364
2876
3004
2748
2236
1116
-80
-988
-1372
-1564
-1436
-1180
-988
-988
-1116
-1244
-1244
-1244
-1052
-748
-196
812
1756
2748
3388
3644
3388
2620
1980
1052
228
-428
-844
-924
-652
112
1436
3132
4860
6140
6908
7676
7420
6396
4348
2108
-260
-2108
-3132
-3132
-2364
-1500
-1244
-1308
-1372
-1436
-1564
-1692
-1692
-1564
-1500
-1308
-716
88
652
492
-524
-1980
-3772
-5372
-6652
-7164
-7164
-6908
-5884
-4092
-1372
844
2236
2876
2236
684
-1308
-2748
-3388
-3388
-3260
-2620
-1308
132
1052
1308
1436
1116
32
-1372
-1820
-1180
-460
64
716
1564
1980
1820
1564
1308
748
-308
-1372
-1628
-812
244
1180
2108
2876
3260
3004
2620
2364
1884
1052
196
-244
-212
-24
148
212
88
-228
-716
-988
-780
-308
96
620
1372
2236
3132
3900
4348
4604
3900
2748
1500
492
-148
-492
-524
-112
492
876
1180
1564
2236
3132
4092
4860
5116
5372
5372
5372
5628
5372
4348
2748
492
-1980
-3772
-4604
-4860
-4604
-4604
-4348
-4092
-3772
-3132
-2108
-1180
-780
-924
-1244
-1244
-924
-748
-988
-1692
-2748
-4092
-5628
-6396
-6396
-6396
-6396
-5628
-4348
-2492
-924
428
1244
1372
748
-396
-1436
-1980
-2236
-2492
-2364
-1564
-588
112
556
876
844
180
-780
-1244
-876
-64
620
1308
2108
2620
2492
2236
1980
1564
588
-524
-1180
-1052
-396
396
1244
2236
3132
3516
3644
3644
3388
2620
1372
96
-716
-1052
-1116
-924
-460
-88
64
244
620
1180
1628
1756
1820
1980
2236
2620
3132
3516
3516
3004
2236
1372
556
-24
-396
-292
0
396
924
1372
1564
1500
1180
1116
1436
1980
2748
3516
4348
5372
6140
6396
5628
4092
1820
-620
-3388
-5884
-7420
-7420
-6396
-4860
-3644
-1820
-148
460
-72
-1180
-1820
-2236
-2620
-2876
-2236
-988
-492
-844
-1244
-1436
-2236
-4092
-6140
-7420
-7420
-6908
-5628
-3644
-1052
876
1820
2108
2108
1500
148
-1564
-2876
-3516
-3260
-2236
-652
1052
2364
2748
2364
1564
684
-276
-1244
-1820
-1692
-1180
-308
924
2236
3132
3260
2876
2492
1980
1372
988
844
1116
1500
1980
2492
2876
3132
2492
1564
524
-196
-716
-1052
-924
-428
228
748
1052
1372
1628
1628
1500
1308
1308
1500
1692
2108
2492
2876
3004
2876
2620
2236
1756
1052
460
148
-8
148
588
1116
1436
1500
1372
1180
988
716
396
276
372
588
924
1308
1628
1628
1564
1980
2748
3644
3900
3260
1820
-180
-2364
-3900
-4604
-4604
-4092
-4092
-4092
-4092
-3900
-3516
-3132
-2876
-2876
-3132
-3004
-2620
-1884
-1116
-652
-748
-1436
-2364
-3132
-3900
-4604
-5372
-6140
-6140
-5372
-4348
-2876
-1244
180
1052
1308
1180
924
324
-524
-1372
-1980
-1884
-1436
-748
64
876
1564
1884
2108
2236
2492
2364
1980
1692
1564
1628
1820
1980
2108
2108
1692
1180
924
844
924
1052
1244
1436
1820
2236
2620
3004
3388
3388
3132
2748
2364
2236
2108
2108
1980
1820
1500
1116
876
652
492
396
372
460
924
1692
2620
3260
3516
3388
3004
2620
1980
1500
1116
780
460
8
-372
-588
-684
-924
-1244
-1244
-1052
-988
-1116
-844
-308
180
428
556
716
716
748
1052
1692
2364
2492
1820
652
-684
-2108
-3388
-4092
-4348
-4348
-4604
-4860
-4604
-4092
-3516
-3132
-2748
-2620
-2748
-2876
-2748
-2364
-1980
-1628
-1628
-1820
-1980
-2236
-2620
-3260
-3900
-4348
-4860
-4860
-4348
-3644
-2620
-1628
-748
-16
524
988
1116
1052
748
292
8
-40
164
524
988
1500
1692
1692
1564
1372
1116
684
356
308
524
924
1500
2108
2620
2876
2876
2876
2748
2620
2492
2236
2108
2108
2236
2364
2620
2748
2748
2492
2236
1980
1980
1980
1980
1980
1884
1820
1820
1756
1756
1628
1372
1116
924
924
1180
1692
2364
2876
3132
3132
2876
2236
1564
780
120
-428
-748
-844
-716
-620
-556
-428
-324
-308
-356
-524
-716
-876
-876
-684
-556
-356
-212
-292
-524
-988
-1308
-1308
-924
-180
524
844
620
-16
-924
-1820
-2236
-2492
-2492
-2748
-3004
-3260
-3260
-3004
-2748
-2492
-2364
-2364
-2364
-2492
-2492
-2108
-1884
-1756
-1820
-2108
-2492
-2748
-2876
-3004
-3260
-3388
-3516
-3644
-3388
-2620
-1756
-844
-260
-72
-196
-460
-844
-1116
-1372
-1436
-1372
-1180
-844
-356
180
652
988
1116
1116
1180
1244
1372
1564
1820
2108
2236
2492
2620
2876
2876
2748
2492
2236
2108
1980
1980
2108
2364
2748
3132
3516
3772
4092
4092
3900
3644
3388
3004
2492
2108
1692
1372
1116
924
684
556
492
620
780
1116
1628
2108
2492
2492
2236
1692
1116
428
-212
-652
-844
-1052
-1308
-1628
-1884
-2236
-2364
-2364
-1884
-1244
-652
-180
16
-16
-340
-652
-780
-844
-924
-1052
-1116
-1308
-1308
-1180
-748
-96
588
924
924
492
64
-276
-620
-780
-844
-924
-1372
-1980
-2492
-2748
-2748
-2748
-2620
-2236
-1980
-1564
-1244
-924
-748
-716
-988
-1500
-2236
-2876
-3388
-3772
-4092
-4092
-3772
-3388
-3004
-2620
-2236
-1820
-1628
-1436
-1436
-1372
-1244
-924
-620
-292
32
308
428
396
356
308
292
396
652
924
1308
1820
2236
2620
2876
3132
3132
3132
3004
2876
2620
2492
2364
2492
2492
2620
2620
2748
2748
2876
2876
2876
3004
3004
3004
3004
2876
2620
2236
1820
1308
924
556
260
132
72
132
356
588
876
1180
1308
1500
1500
1180
812
372
-48
-396
-556
-428
-212
-244
-460
-748
-988
-1180
-1372
-1436
-1180
-876
-492
-180
164
524
684
556
-16
-924
-1820
-2492
-2748
-2364
-1628
-652
196
620
716
780
876
924
716
212
-244
-492
-492
-684
-1244
-1980
-2620
-3260
-3900
-4348
-3772
-2748
-1980
-1980
-2364
-2492
-2236
-1980
-1820
-1564
-1244
-1372
-2108
-3004
-3516
-3388
-3260
-3260
-3388
-3132
-2748
-2492
-2108
-1436
-652
48
292
72
-88
-88
-48
-48
-48
0
180
324
524
1052
1756
2492
2876
2748
2620
2620
2620
2748
2876
2876
2748
2492
2108
1820
1756
1980
2236
2236
2364
2492
2748
3004
3260
3644
3772
3644
3260
2748
2492
2364
2364
2236
1820
1500
1116
748
588
652
844
924
844
652
428
340
428
620
716
716
588
460
308
292
396
372
308
56
-372
-812
-1052
-1244
-1308
-1308
-1244
-1308
-1372
-1500
-1500
-1436
-1436
-1372
-1372
-1308
-1244
-1180
-1180
-1308
-1436
-1756
-1980
-2108
-2108
-1980
-1756
-1564
-1372
-1180
-988
-716
-396
-244
-428
-844
-1308
-1500
-1564
-1500
-1244
-1116
-1180
-1564
-1980
-2364
-2492
-2492
-2108
-1692
-1372
-1244
-1244
-1436
-1628
-1820
-2108
-2236
-2364
-2364
-2236
-1980
-1628
-1116
-524
-244
-212
-340
-588
-924
-1180
-1180
-988
-716
-324
56
292
524
716
876
988
1116
1372
1628
1980
2364
2876
3260
3516
3644
3388
3132
3004
2748
2492
2492
2620
2748
2876
3004
3132
3388
3388
3388
3388
3260
3132
3004
3004
2876
2876
2876
2748
2492
2364
2108
1820
1500
1244
1052
876
588
428
324
164
0
-260
-428
-620
-780
-812
-748
-684
-620
-556
-524
-620
-780
-1116
-1372
-1628
-1884
-1884
-1884
-1820
-1692
-1500
-1436
-1564
-1884
-2364
-3004
-3388
-3516
-3260
-2492
-1628
-844
-340
-260
-588
-988
-1052
-876
-324
372
844
988
620
-24
-684
-1116
-1500
-1756
-1884
-1980
-2236
-2620
-2876
-3004
-2876
-2620
-2364
-2108
-1820
-1692
-1500
-1372
-1308
-1308
-1372
-1692
-1980
-2364
-2620
-2748
-2748
-2620
-2364
-1980
-1628
-1244
-924
-620
-340
-180
-164
-244
-212
32
428
924
1564
2108
2492
2620
2364
2236
2108
2108
2236
2620
3004
3388
3644
3644
3516
3388
3260
3132
3260
3388
3388
3516
3516
3388
3388
3388
3388
3260
3260
3132
3004
2876
2748
2492
2236
1980
1628
1180
812
524
244
56
-72
-196
-228
-196
-196
-228
-292
-292
-276
-260
-308
-396
-428
-396
-292
-180
-228
-524
-988
-1628
-2236
-2620
-2492
-2108
-1564
-1116
-988
-988
-1180
-1436
-1692
-1884
-1820
-1628
-1564
-1628
-1628
-1628
-1628
-1628
-1820
-1980
-1884
-1628
-1116
-460
372
1180
1692
1500
780
-196
-1116
-1756
-1980
-1820
-1436
-1116
-1244
-1756
-2364
-3004
-3260
-3132
-2748
-2236
-1692
-1372
-1372
-1564
-1756
-1884
-1884
-1980
-2108
-2364
-2620
-2620
-2620
-2364
-1980
-1372
-924
-652
-588
-556
-524
-340
-16
356
716
876
924
924
988
1116
1436
1884
2236
2620
2748
3004
3132
3388
3516
3644
3644
3516
3260
3004
3004
3004
3004
3260
3388
3516
3516
3260
2876
2620
2364
2364
2492
2748
2748
2748
2492
2236
1820
1564
1436
1372
1180
988
684
276
-24
-180
-228
-212
-228
-372
-524
-652
-844
-988
-988
-988
-988
-924
-812
-812
-812
-988
-1244
-1436
-1628
-1820
-1820
-1756
-1756
-1628
-1500
-1436
-1436
-1500
-1564
-1692
-1820
-1884
-1692
-1436
-1244
-1180
-1244
-1372
-1500
-1628
-1500
-1372
-988
-396
212
812
1116
988
556
-196
-924
-1500
-1884
-1884
-1564
-1244
-1052
-1180
-1564
-1980
-2364
-2620
-2620
-2236
-1692
-1244
-1052
-1052
-1180
-1564
-1820
-1980
-1884
-1692
-1564
-1436
-1436
-1436
-1308
-1116
-780
-356
-24
212
396
396
340
324
396
620
924
1244
1436
1564
1564
1436
1436
1692
1980
2364
2620
2876
2876
2876
2748
2620
2492
2620
2876
3132
3388
3516
3388
3132
2876
2620
2364
2236
2108
2108
2108
2108
1980
1756
1436
1180
1052
924
876
812
780
780
812
876
924
876
748
428
-16
-492
-844
-1052
-1052
-844
-620
-524
-492
-684
-924
-1244
-1500
-1500
-1308
-924
-588
-492
-556
-780
-1116
-1436
-1756
-1980
-1980
-1820
-1628
-1372
-1244
-1308
-1372
-1436
-1628
-1756
-1692
-1500
-1308
-1180
-1244
-1372
-1564
-1692
-1692
-1436
-988
-340
228
524
460
16
-524
-1052
-1436
-1436
-1180
-748
-460
-460
-812
-1436
-2108
-2748
-3004
-2748
-2108
-1500
-988
-652
-684
-924
-1180
-1308
-1244
-1052
-844
-620
-588
-748
-924
-1052
-1052
-844
-460
-96
148
244
292
356
492
844
1308
1820
2236
2492
2492
2492
2236
2236
2236
2364
2492
2620
2492
2364
2236
2108
2236
2620
3004
3516
3772
3772
3516
3004
2620
2236
1980
1980
2108
2236
2236
2108
1820
1500
1116
924
844
780
876
988
924
844
684
460
148
-180
-524
-780
-988
-1244
-1308
-1244
-1116
-924
-748
-684
-716
-988
-1372
-1628
-1756
-1820
-1692
-1628
-1500
-1436
-1564
-1884
-2108
-2108
-1884
-1628
-1308
-924
-876
-1052
-1308
-1564
-1692
-1564
-1308
-924
-684
-684
-924
-1372
-1820
-2108
-2108
-1884
-1436
-876
-396
-180
-96
-212
-460
-844
-1180
-1308
-1372
-1244
-988
-684
-428
-276
-356
-588
-844
-1116
-1244
-1244
-1052
-748
-356
-32
212
324
244
-72
-428
-748
-924
-924
-684
-260
120
324
460
460
324
260
308
428
684
988
1308
1500
1628
1692
1692
1692
1692
1756
1980
2108
2236
2364
2364
2364
2364
2364
2236
2364
2364
2364
2236
2236
1980
1820
1564
1372
1244
1180
1180
1180
1308
1372
1500
1564
1500
1372
1116
812
492
244
72
-56
-228
-396
-620
-988
-1180
-1372
-1436
-1372
-1244
-988
-748
-524
-428
-428
-556
-844
-1116
-1308
-1436
-1436
-1436
-1308
-1308
-1372
-1564
-1628
-1692
-1692
-1564
-1308
-1052
-844
-588
-428
-428
-492
-652
-876
-1052
-1180
-1244
-1244
-1244
-1116
-924
-716
-524
-356
-260
-132
-24
24
64
16
-64
-276
-556
-780
-924
-1052
-1052
-988
-924
-924
-924
-876
-876
-748
-556
-396
-196
32
276
460
556
492
396
260
120
48
48
132
244
372
524
716
844
988
1116
1244
1244
1244
1308
1244
1308
1372
1372
1308
1308
1308
1372
1436
1500
1628
1692
1692
1628
1500
1372
1116
812
620
460
356
372
428
492
460
396
356
372
308
276
212
88
32
-32
-64
-148
-244
-340
-556
-748
-844
-924
-1116
-1180
-1180
-1180
-1052
-876
-652
-460
-372
-292
-276
-356
-428
-556
-652
-748
-844
-876
-844
-748
-652
-556
-492
-492
-492
-428
-396
-356
-276
-244
-196
-120
-96
-132
-164
-228
-212
-292
-276
-228
-180
-112
-32
64
112
196
260
308
324
340
324
340
276
148
32
-112
-276
-460
-492
-524
-524
-428
-308
-180
-88
-32
-40
-72
-88
-80
-72
-8
-8
-40
-80
-120
-164
-244
-260
-244
-132
-32
104
308
428
524
620
620
620
620
588
588
588
620
620
524
428
372
340
340
396
428
428
460
492
556
620
716
812
844
924
924
844
716
556
356
244
88
16
0
-16
24
16
0
-16
8
24
16
-8
-24
-88
-196
-212
-196
-180
-132
-148
-180
-196
-260
-340
-460
-588
-684
-716
-684
-556
-428
-324
-308
-308
-340
-396
-460
-492
-588
-652
-652
-620
-492
-324
-180
-112
-132
-148
-180
-196
-260
-396
-492
-524
-524
-460
-292
-148
-112
-112
-148
-212
-244
-244
-276
-276
-228
-228
-212
-148
-96
-64
-56
-64
24
40
0
-40
-104
-80
-48
0
24
8
-64
-120
-196
-228
-196
-148
-104
24
132
180
260
292
292
308
276
276
324
396
460
492
620
620
620
588
556
524
492
428
372
356
396
492
652
812
924
1052
1116
1052
988
876
748
588
460
372
372
396
428
396
428
356
244
132
80
24
-8
-40
0
16
80
148
196
228
212
112
-8
-212
-460
-588
-684
-716
-620
-588
-492
-396
-356
-308
-340
-428
-396
-428
-428
-356
-308
-276
-228
-244
-324
-428
-556
-748
-876
-924
-924
-780
-652
-492
-276
-72
40
88
64
-24
-180
-356
-492
-492
-460
-396
-356
-324
-356
-372
-460
-492
-524
-556
-556
-460
-308
-112
72
244
340
356
340
180
16
-148
-372
-556
-620
-652
-620
-556
-372
-244
-104
0
72
104
132
164
196
292
340
460
556
524
524
492
460
428
340
292
212
196
212
276
396
556
748
844
924
924
924
844
684
620
524
460
524
556
588
652
684
684
620
620
620
588
556
556
588
524
492
492
428
372
292
148
24
-112
-196
-260
-276
-292
-324
-356
-340
-308
-292
-292
-356
-372
-428
-492
-492
-492
-460
-460
-396
-396
-356
-396
-460
-492
-460
-524
-556
-524
-492
-428
-356
-276
-196
-120
-104
-80
-56
-72
-132
-112
-112
-96
-24
16
0
-64
-164
-228
-292
-324
-372
-372
-396
-372
-372
-308
-244
-212
-132
-120
-112
-132
-212
-276
-396
-492
-524
-556
-492
-396
-260
-196
-120
-72
-80
-88
-80
-64
8
88
196
308
372
428
396
308
276
292
308
324
324
372
428
556
684
844
988
924
876
748
620
460
308
180
132
120
132
180
260
356
396
460
492
556
588
652
716
716
620
460
324
164
-16
-212
-308
-428
-524
-524
-492
-460
-428
-372
-292
-228
-196
-148
-148
-196
-260
-292
-324
-356
-372
-372
-428
-460
-556
-556
-524
-460
-356
-244
-96
8
104
148
228
276
292
276
212
112
8
-112
-228
-292
-308
-372
-428
-396
-356
-244
-148
-24
88
132
132
64
8
-24
-88
-120
-112
-148
-196
-212
-212
-148
-88
-56
-48
-56
-112
-212
-308
-356
-428
-460
-428
-396
-356
-308
-228
-196
-196
-180
-196
-164
-104
0
164
324
492
588
716
716
684
588
396
260
120
32
8
72
228
428
652
844
924
924
844
716
620
524
492
428
396
396
396
340
260
212
112
-32
-96
-104
-40
56
244
460
588
684
716
652
492
228
-24
-244
-428
-556
-556
-492
-356
-228
-112
-56
-64
-164
-292
-340
-396
-396
-308
-228
-180
-180
-212
-292
-396
-556
-684
-780
-876
-844
-748
-556
-372
-196
-80
-8
32
-16
-148
-292
-460
-524
-556
-524
-460
-372
-276
-324
-340
-324
-356
-396
-356
-292
-180
0
164
324
492
492
428
324
132
-32
-180
-260
-276
-196
-96
-16
96
212
276
324
308
244
164
72
0
-24
0
40
96
164
212
196
180
96
40
0
8
0
8
96
164
196
228
228
180
132
132
148
120
164
228
212
244
292
308
372
396
396
492
492
524
460
460
428
396
340
308
260
228
228
228
212
228
228
196
228
228
164
120
64
0
0
-16
-48
-24
-16
-32
-48
-104
-148
-228
-324
-324
-292
-308
-324
-308
-372
-460
-524
-556
-556
-492
-492
-396
-260
-196
-120
-48
-8
-16
-24
-48
-40
-24
8
24
24
16
0
-24
-48
-56
-48
-16
-8
32
64
88
148
180
244
324
372
372
212
8
-196
-396
-524
-620
-620
-556
-492
-396
-260
-148
0
120
148
132
80
-16
-180
-308
-372
-428
-492
-524
-556
-556
-524
-524
-460
-372
-260
-180
-48
64
132
180
212
244
276
276
292
308
260
196
164
164
164
212
276
340
396
460
524
524
556
556
588
588
524
492
372
308
260
212
212
228
276
292
308
324
308
324
356
356
324
308
260
164
56
0
-80
-228
-324
-372
-372
-340
-324
-276
-196
-104
-64
0
40
8
-32
-104
-164
-212
-212
-244
-276
-308
-372
-396
-396
-356
-308
-292
-308
-244
-196
-132
40
196
260
276
260
180
72
-16
-148
-244
-308
-396
-460
-428
-372
-276
-228
-120
-64
-80
-80
-88
-148
-180
-112
-8
56
88
132
88
-8
-132
-228
-340
-428
-460
-396
-308
-196
-16
120
212
260
244
212
112
8
-56
-112
-148
-112
-40
48
148
196
212
228
228
164
132
112
132
132
180
212
244
212
120
72
24
16
16
80
180
324
460
556
684
748
716
652
620
524
396
340
228
104
-8
-148
-196
-180
-120
-64
88
244
356
460
620
684
684
620
588
460
244
80
-88
-260
-308
-356
-428
-428
-428
-308
-228
-132
-24
56
64
0
-16
-40
-164
-244
-260
-340
-460
-524
-588
-652
-716
-812
-876
-924
-876
-844
-748
-652
-524
-324
-196
-56
24
32
0
-120
-244
-428
-556
-620
-684
-684
-652
-556
-428
-276
-148
-24
40
56
72
56
72
88
96
112
120
132
112
56
16
-24
-56
-24
32
64
148
212
260
324
340
356
356
308
292
292
292
292
276
244
196
180
180
244
340
396
428
460
492
492
524
588
556
492
428
428
396
396
396
428
428
460
524
492
556
556
524
492
460
460
396
372
372
396
356
372
396
356
324
244
180
88
16
-24
-48
-56
-132
-132
-120
-148
-148
-164
-180
-228
-292
-324
-396
-460
-492
-556
-620
-620
-588
-524
-492
-460
-492
-460
-492
-460
-492
-492
-492
-556
-652
-716
-716
-748
-716
-652
-556
-524
-492
-460
-492
-460
-428
-428
-356
-260
-212
-120
-88
-88
-64
-88
-104
-88
-120
-180
-244
-228
-212
-212
-148
-80
-56
-72
-64
-32
-24
8
-8
0
56
96
196
308
308
324
276
212
196
212
164
180
196
148
164
196
276
356
428
492
524
556
524
460
396
372
372
340
396
460
492
556
588
620
556
524
460
396
356
340
340
356
396
428
428
428
428
396
324
324
324
292
292
308
308
260
164
72
-32
-148
-212
-228
-212
-196
-180
-164
-112
-64
-32
-88
-180
-292
-428
-524
-556
-588
-428
-276
-148
-112
164
876
812
-56
-1116
-1564
-1500
-1436
-1628
-1372
-112
524
-56
-780
-988
-812
-876
-1372
-1308
-372
276
164
-96
48
120
-260
-924
-1116
-556
-32
308
460
684
748
492
212
-16
24
276
492
780
988
876
460
32
-120
-356
-556
-492
-164
260
524
620
716
652
372
-48
-212
-164
-340
-292
88
396
620
780
812
652
396
244
148
244
324
396
556
684
652
492
460
276
-64
-244
-180
-40
56
164
292
396
276
72
56
-8
-212
-180
-72
72
308
460
492
524
460
276
132
64
-16
-148
-80
-104
-104
-72
-132
-308
-524
-492
-492
-556
-492
-340
-212
-228
-396
-460
-524
-620
-716
-684
-556
-396
-276
-212
-228
-244
-324
-396
-524
-556
-460
-292
-180
-96
48
96
-24
-148
-212
-164
-196
-292
-292
-228
-180
-196
-196
-164
-120
-180
-260
-120
72
148
96
48
112
180
212
148
132
196
228
212
164
276
292
196
32
0
104
72
104
132
180
244
260
324
396
356
244
228
244
196
148
72
24
0
0
56
132
212
196
212
308
340
292
228
228
180
180
228
260
244
228
228
260
340
356
324
244
180
228
260
228
228
228
96
32
72
132
132
72
56
72
48
32
0
-72
-132
-228
-196
-164
-132
-148
-260
-308
-340
-340
-372
-324
-340
-396
-340
-292
-164
-120
-180
-196
-196
-196
-212
-180
-180
-196
-308
-308
-260
-244
-260
-324
-356
-372
-260
-164
-104
-88
-16
40
24
-40
-112
-164
-148
-64
-24
64
120
164
112
64
104
80
40
16
-16
-16
32
80
96
148
228
244
340
396
396
340
260
212
180
228
276
292
292
228
196
148
64
8
-96
-196
-244
-196
-196
-196
-164
-120
-112
-56
64
196
276
308
308
292
244
164
32
-120
-244
-324
-372
-356
-324
-308
-308
-228
-132
-8
40
48
88
120
112
104
120
56
8
-8
-56
-104
-164
-276
-308
-340
-308
-308
-292
-212
-148
-16
64
164
196
212
244
292
292
244
180
112
-48
-112
-132
-244
-276
-276
-260
-228
-212
-180
-132
-56
-32
0
104
148
180
164
164
148
80
40
-56
-48
-24
-72
-56
8
40
40
8
0
8
24
64
112
196
212
260
244
228
244
196
164
120
132
132
148
164
164
180
104
16
-48
-96
-96
-104
-56
64
164
260
396
396
428
340
276
164
64
40
16
80
104
112
132
120
132
112
112
96
88
32
-48
-104
-180
-196
-212
-212
-180
-148
-132
-120
-164
-292
-356
-396
-460
-428
-340
-260
-164
-48
-72
-72
-56
-88
-180
-180
-196
-212
-180
-260
-260
-244
-308
-324
-276
-212
-196
-148
-96
-32
64
80
96
148
120
24
-32
-48
-24
-48
-96
-80
-48
-24
0
72
96
88
32
-24
-32
-40
-56
-48
-40
-16
-40
-48
-80
-132
-164
-196
-228
-212
-164
-32
88
164
228
260
292
308
228
180
132
72
8
-24
0
80
148
212
244
292
244
196
180
196
244
276
356
428
460
492
460
396
396
356
276
244
196
132
48
24
56
132
164
180
260
276
228
180
164
164
132
56
8
0
-48
-132
-180
-196
-212
-276
-324
-308
-308
-324
-276
-212
-132
-104
-164
-180
-164
-180
-196
-196
-148
-148
-164
-196
-132
-96
-132
-112
-148
-148
-164
-196
-180
-164
-132
-132
-120
-56
-40
-64
-112
-180
-196
-212
-260
-228
-132
-64
0
32
56
72
-8
-104
-180
-228
-260
-308
-260
-180
-132
-88
0
72
104
32
-32
-40
-64
-132
-132
-96
-32
0
16
72
32
-32
-96
-196
-324
-372
-396
-372
-276
-112
40
132
228
340
324
340
340
260
164
104
64
32
72
132
196
276
244
308
372
396
396
428
460
460
492
492
556
556
460
356
276
212
180
164
164
212
228
132
180
244
276
244
228
228
196
164
72
48
72
0
-96
-104
-96
-148
-244
-308
-292
-324
-340
-260
-180
-132
-112
-64
-64
-104
-228
-324
-372
-428
-428
-396
-356
-276
-196
-132
-8
64
88
32
-8
-48
-112
-120
-132
-72
0
-32
-40
-32
-56
-164
-228
-212
-164
-96
-88
-40
0
8
8
64
96
104
104
80
48
32
-32
-64
-80
-132
-148
-164
-180
-180
-196
-260
-228
-260
-260
-244
-212
-132
-72
-88
-112
-72
-40
-48
-48
16
8
-40
-104
-132
-56
-56
-16
24
80
96
72
8
16
16
16
96
164
244
308
396
396
340
308
212
164
164
120
88
104
120
96
112
132
132
120
80
64
80
132
120
164
260
324
340
308
260
228
164
132
164
120
132
120
56
16
8
-32
-40
-56
-72
-64
-48
0
0
0
24
56
8
-80
-132
-180
-228
-244
-196
-148
-96
-48
-24
8
40
0
32
0
-32
-56
-72
-88
-112
-40
-8
8
32
40
72
56
8
-24
32
32
40
120
148
164
148
120
80
40
-32
-120
-132
-164
-164
-120
-112
-24
40
48
112
96
96
112
16
-32
-32
-64
-180
-260
-324
-396
-428
-428
-428
-372
-372
-372
-324
-276
-244
-244
-228
-228
-260
-276
-244
-212
-260
-308
-340
-308
-292
-292
-196
-104
-32
0
56
120
148
180
164
148
112
104
80
104
120
112
132
148
132
196
260
276
292
356
396
372
396
428
396
356
292
212
212
148
88
112
132
112
148
148
180
212
164
96
96
96
72
72
120
180
180
180
180
112
56
-32
-104
-148
-164
-196
-244
-228
-212
-148
-80
0
72
104
120
112
148
244
276
276
308
276
244
228
196
88
-8
-64
-164
-196
-212
-212
-148
-80
-16
56
132
164
120
40
8
-32
-80
-120
-132
-132
-132
-148
-228
-276
-324
-356
-372
-340
-308
-276
-212
-164
-112
-132
-120
-132
-148
-164
-132
-88
-96
-80
-40
-56
-96
-96
-64
-32
-24
-40
-72
-112
-164
-196
-196
-164
-104
-8
16
40
88
40
0
8
56
32
48
96
120
164
132
164
164
148
112
64
56
64
16
-24
-16
0
24
64
96
164
212
196
228
276
276
292
292
212
148
72
0
-56
-88
-56
-64
-80
-32
8
-16
0
16
8
64
72
148
196
180
180
148
104
48
-32
-148
-180
-212
-260
-228
-164
-104
-48
0
40
48
72
80
72
64
40
0
-64
-112
-132
-164
-164
-132
-132
-132
-88
-112
-80
-48
-56
-48
-64
-104
-164
-164
-132
-80
-40
16
40
8
-16
-72
-132
-180
-180
-164
-112
-64
16
96
112
148
164
164
148
104
64
-8
-112
-148
-180
-196
-180
-72
16
72
104
132
180
164
148
164
180
180
164
104
72
40
0
-24
-80
-80
-40
0
24
120
196
260
308
324
324
308
244
148
80
56
16
0
-24
-48
-64
-112
-148
-164
-132
-104
-32
40
104
180
244
276
260
244
180
64
-64
-148
-228
-292
-276
-260
-212
-164
-112
-48
0
48
48
80
56
16
0
-16
0
32
32
24
8
0
16
8
-48
-120
-180
-276
-324
-292
-212
-112
-24
48
104
120
96
48
8
-48
-72
-112
-96
-88
-72
-64
-64
-48
-80
-96
-132
-132
-132
-164
-148
-132
-112
-96
-80
0
0
-24
-48
-72
-104
-164
-196
-180
-132
-120
-88
-72
-16
24
0
0
-16
0
24
32
56
72
40
-16
-8
-16
-48
-24
-16
-16
40
88
148
244
260
276
308
308
276
228
196
180
212
228
244
260
292
276
276
260
196
164
112
104
72
88
148
148
180
212
212
260
228
180
112
48
0
-24
-8
8
32
32
16
0
-48
-96
-164
-276
-292
-308
-324
-260
-228
-164
-88
-24
24
40
24
0
8
-72
-120
-132
-180
-244
-244
-228
-196
-180
-132
-132
-148
-164
-148
-132
-196
-180
-148
-64
-8
40
96
112
72
16
0
-32
-96
-164
-180
-196
-164
-132
-80
-32
-32
0
24
32
24
16
-48
-96
-88
-80
-40
0
40
96
96
56
64
48
0
-40
-56
-64
-72
-16
48
48
48
72
48
56
88
96
88
148
164
164
196
164
164
148
148
180
164
148
120
104
112
120
112
104
104
48
24
0
24
56
40
64
88
96
104
64
40
64
64
16
40
64
-16
-64
-56
-120
-148
-180
-244
-260
-276
-260
-228
-180
-132
-104
-80
-40
0
8
-32
-48
-120
-196
-212
-228
-228
-196
-164
-132
-112
-112
-64
-48
-48
-48
-24
-40
-24
0
24
48
80
80
72
40
8
8
16
24
0
16
24
0
40
64
80
120
104
120
148
164
196
212
196
228
180
148
96
48
8
-32
-40
-40
-40
-8
-8
0
24
48
64
72
80
96
112
132
132
148
148
96
72
48
32
8
-32
-16
24
64
112
132
132
120
132
164
164
120
104
72
16
8
16
0
16
16
24
48
88
104
96
80
32
-24
-96
-104
-64
-72
-48
-32
-16
-8
-32
-72
-148
-212
-260
-276
-292
-260
-228
-148
-132
-132
-148
-180
-244
-292
-340
-356
-356
-356
-340
-276
-196
-164
-104
-96
-112
-96
-88
-96
-112
-112
-104
-112
-112
-112
-120
-112
-120
-132
-104
-64
-32
-16
32
56
88
132
196
196
196
196
212
180
180
196
180
164
164
180
148
132
96
96
104
132
164
196
276
308
308
324
324
260
228
164
104
96
48
8
16
40
88
112
148
132
88
48
56
80
56
64
64
64
48
80
96
104
96
80
56
56
16
-24
0
-8
0
-24
-72
-80
-148
-212
-244
-228
-244
-244
-212
-148
-104
-48
40
132
180
180
164
88
16
-88
-196
-244
-260
-292
-260
-228
-212
-180
-112
-80
-56
16
32
32
32
56
96
72
16
-8
-40
-88
-132
-132
-180
-260
-260
-292
-292
-260
-244
-212
-164
-112
-48
16
72
88
72
48
-32
-80
-112
-180
-244
-292
-308
-276
-244
-164
-64
-8
-8
48
72
56
64
72
72
72
96
112
104
64
80
96
104
148
164
196
196
212
228
228
228
244
276
276
308
324
356
340
324
324
308
276
228
196
180
196
196
212
260
260
276
244
212
148
64
16
-24
-88
-72
-40
-32
0
48
64
80
48
-16
-48
-64
-112
-148
-148
-164
-180
-212
-164
-196
-244
-244
-244
-228
-196
-164
-132
-48
-40
-48
-56
-80
-148
-212
-244
-308
-324
-340
-324
-276
-228
-148
-132
-120
-120
-148
-96
-96
-104
-80
-48
-40
-16
8
-24
-72
-88
-148
-196
-196
-180
-164
-96
-48
-32
0
16
0
-8
-32
-56
-64
-72
-40
-16
24
64
112
132
132
148
148
132
164
180
212
212
196
212
212
164
148
120
96
96
88
120
132
164
244
292
324
372
372
372
340
228
196
164
120
104
120
104
64
48
40
16
0
40
80
96
132
164
196
180
180
228
212
180
112
64
0
-112
-196
-276
-324
-356
-292
-244
-196
-132
-104
-80
-72
-64
-104
-164
-228
-276
-340
-356
-340
-324
-308
-276
-292
-276
-244
-260
-260
-244
-212
-228
-244
-164
-148
-148
-104
-88
-96
-104
-96
-88
-80
-88
-80
-48
-8
0
32
104
132
148
148
132
104
72
64
72
96
104
104
132
148
196
228
244
228
212
212
196
164
148
164
104
72
80
56
24
24
32
0
-16
-16
16
0
0
16
16
0
-40
-48
-40
-40
-56
-32
-24
-32
-64
-88
-88
-104
-112
-132
-120
-96
-16
48
112
132
132
112
48
0
-40
-88
-104
-112
-88
-32
0
24
64
96
80
88
96
56
24
40
48
56
88
72
72
48
-8
-8
-16
-24
-40
-32
16
48
56
72
88
80
80
40
24
8
-8
-40
-48
-32
0
-24
-48
-32
-16
-8
8
80
132
164
164
148
164
132
96
72
56
32
-8
-24
0
16
48
88
120
148
148
148
132
104
72
40
8
8
40
40
24
40
32
24
-40
-88
-88
-104
-112
-88
-80
-64
-40
-40
-24
0
-24
-56
-80
-148
-148
-180
-228
-244
-276
-260
-260
-212
-180
-196
-196
-212
-228
-244
-244
-212
-180
-104
-56
-40
-32
-16
-48
-72
-56
-64
-88
-80
-104
-132
-120
-132
-112
-80
-80
-72
-72
-40
-16
-16
-8
-16
-32
-16
8
16
16
0
16
32
72
104
104
88
72
56
48
40
40
40
48
56
72
112
148
164
196
228
244
196
132
72
24
8
0
56
120
132
148
164
180
196
180
196
180
164
164
180
212
244
260
260
276
276
276
228
196
164
132
104
96
112
104
132
164
164
148
148
132
104
80
56
16
0
0
-32
-48
-48
-72
-80
-88
-72
-24
-24
-40
-56
-88
-120
-120
-112
-88
-104
-132
-164
-212
-244
-276
-324
-340
-324
-292
-260
-212
-180
-180
-196
-212
-212
-196
-196
-212
-244
-276
-292
-324
-340
-340
-292
-228
-196
-132
-80
-88
-80
-64
-80
-72
-64
-64
-56
-32
-24
-24
-32
-56
-56
-80
-64
-32
-24
-8
32
40
64
132
164
148
148
148
120
96
112
112
132
132
132
112
80
56
40
40
56
64
112
120
132
164
164
148
148
132
104
88
48
64
64
48
16
16
40
16
24
40
64
48
40
32
24
16
16
48
64
72
64
48
48
64
80
88
72
72
72
80
132
112
112
148
104
64
64
72
48
40
56
64
88
80
