SAMPLES:	8275
BITSPERSAMPLE:	16
CHANNELS:	1
SAMPLERATE:	16000
NORMALIZED:	FALSE
-8
-8
-8
-8
0
0
0
-8
0
0
0
0
0
0
0
-8
-8
0
-8
-8
-8
0
0
0
0
0
0
0
0
0
0
0
0
0
0
0
0
0
0
0
0
0
0
0
0
0
0
0
0
0
0
0
0
0
0
0
0
0
0
0
0
0
0
0
0
0
0
0
0
0
0
0
0
0
8
8
8
8
8
0
0
0
0
0
0
0
0
0
0
0
0
0
0
0
0
0
0
0
0
0
0
0
0
0
0
0
0
0
0
0
0
0
0
0
0
0
0
0
0
0
0
0
0
0
0
0
0
0
0
0
0
0
0
0
0
0
0
0
0
0
0
0
0
0
0
0
0
0
0
0
0
0
0
0
0
0
0
0
0
8
8
8
8
0
0
0
0
0
0
0
0
0
0
0
0
0
0
0
0
0
0
0
0
0
0
0
0
0
0
0
0
0
-8
0
-8
0
0
0
-8
-8
-8
-8
-8
-8
-8
-8
-8
-8
-8
-8
-8
-8
-8
0
0
0
0
0
0
-8
0
0
0
0
0
0
0
0
0
0
0
0
0
0
0
0
0
0
0
0
0
0
0
0
0
0
0
0
0
0
0
0
0
0
0
0
0
0
0
0
0
0
0
0
0
0
0
0
0
0
0
0
0
0
0
0
0
0
0
0
0
0
0
0
0
0
0
0
0
0
8
0
0
8
0
0
0
0
0
0
8
8
8
8
8
8
8
8
0
0
0
8
8
8
0
8
0
0
0
0
0
0
0
0
0
0
0
0
0
8
0
0
0
0
0
0
0
0
0
0
0
0
0
0
0
0
0
0
0
0
0
0
0
0
0
0
0
0
-8
-8
-8
-8
-8
-8
-8
0
-8
-8
-8
-8
0
-16
-8
-8
-16
-8
-8
-8
-8
-8
-8
-8
-16
-8
-8
-8
-8
0
-8
-8
-8
0
0
0
0
0
0
0
0
0
0
0
0
0
0
0
0
0
0
0
0
0
0
0
0
8
8
8
16
8
8
8
0
0
0
8
0
0
0
0
8
0
0
0
0
8
0
0
0
0
0
0
0
0
8
0
0
0
0
0
0
0
0
0
0
0
0
0
0
0
0
0
0
0
0
-8
0
0
0
0
0
0
0
0
0
0
0
0
0
0
0
0
0
0
0
0
0
0
0
0
0
0
0
0
0
0
0
0
0
0
0
0
-8
-8
0
-8
0
0
0
0
0
0
0
0
0
0
0
0
0
0
0
0
0
0
0
0
0
0
0
8
8
8
8
8
8
0
0
0
0
8
8
8
8
8
8
8
8
8
8
8
8
8
8
8
8
8
8
8
8
8
8
0
0
0
0
0
0
0
0
0
0
0
0
0
0
0
0
0
0
0
0
0
0
-8
-8
-8
0
0
-8
0
0
0
-8
-8
-8
-8
-8
-8
-8
-16
-16
-16
-8
-8
-8
-8
-8
-8
-8
-16
-16
-8
-8
-8
-8
-8
-8
-8
-8
0
0
0
0
0
0
0
0
0
0
0
0
0
0
0
0
0
0
0
0
0
0
0
0
0
0
0
0
0
0
0
0
0
0
0
0
0
0
0
0
0
0
0
0
0
0
0
0
0
0
0
0
0
0
0
0
0
0
0
0
0
0
8
8
0
0
0
0
8
8
8
8
8
8
8
8
16
8
16
8
8
8
8
0
8
8
8
8
8
8
0
0
0
8
8
8
0
0
0
0
0
0
0
0
0
0
0
0
0
0
0
-8
-8
-8
-8
-8
0
-8
-8
-8
-8
-8
-8
-8
-8
-8
-8
-8
-8
-8
-8
-8
0
0
-8
0
0
0
0
0
0
0
0
0
0
0
0
0
0
0
0
0
0
0
0
0
0
0
0
0
0
0
0
0
0
0
0
0
0
0
0
0
0
0
0
0
0
0
-8
-8
-8
-8
0
0
0
0
0
0
0
0
0
0
0
0
0
0
0
0
0
0
0
0
0
0
0
0
0
0
0
0
0
0
0
0
0
0
0
0
0
0
0
0
0
0
0
0
0
0
0
0
0
0
0
8
8
8
8
8
8
8
8
8
8
8
8
8
8
8
8
8
8
8
8
8
16
16
8
8
8
16
16
8
16
16
8
8
8
0
0
0
0
0
0
8
8
8
0
0
0
0
0
0
0
0
0
0
0
0
0
-8
-8
-8
-8
-8
-8
0
0
0
0
0
0
0
0
0
-8
-8
-8
-8
-16
-8
-8
-8
-8
-8
-8
-8
-8
-8
-8
-8
-8
-8
-8
-8
-8
-8
-8
-8
-8
-8
-8
-16
-16
-16
-16
-8
-8
-8
-8
-8
-8
-8
-8
-8
-8
-8
-8
-8
-8
-8
-8
-8
-8
0
0
0
0
0
0
0
0
0
0
0
0
0
0
0
0
0
0
0
0
8
8
8
8
8
8
8
8
8
8
8
8
8
8
8
16
16
16
16
16
16
16
8
8
8
8
8
16
16
16
16
16
16
16
8
8
8
8
8
8
8
8
16
8
8
8
8
8
0
0
0
0
0
0
0
0
0
0
0
0
0
0
0
0
0
0
0
0
0
0
0
0
-8
-8
-8
-8
-16
-8
-8
-8
-8
-8
-8
-8
-8
-8
-8
-8
-8
-16
-16
-16
-8
-8
-8
-8
-8
-8
-8
-8
-8
0
0
0
0
0
0
0
0
0
0
0
0
0
0
0
0
0
0
0
0
0
0
0
0
0
0
0
0
0
0
0
0
0
0
0
0
0
0
0
0
0
0
0
0
0
0
0
0
0
0
0
0
0
0
0
0
0
0
0
0
0
0
0
0
0
0
0
0
0
0
0
0
0
0
-8
0
0
0
0
0
0
0
0
0
0
0
0
0
0
0
0
0
0
0
8
8
8
8
8
8
8
8
8
8
8
0
8
0
0
8
8
0
8
8
8
0
0
0
0
0
0
0
0
0
0
0
0
0
0
0
0
0
0
0
0
0
0
0
0
0
0
0
0
0
0
0
0
0
0
0
0
0
0
0
0
0
0
0
0
0
0
0
0
0
0
0
0
0
0
8
8
0
0
0
0
0
0
0
0
0
0
0
0
0
0
0
0
0
0
0
-8
-8
-8
-8
-8
-8
0
0
0
0
0
0
-8
-16
-8
-8
-8
0
-8
-8
-16
-16
-16
-16
-8
-8
-8
-8
0
0
0
0
0
0
0
-8
-8
0
0
0
0
0
0
0
0
0
0
0
0
0
0
0
0
0
0
0
0
0
0
0
0
8
8
8
8
8
8
8
0
0
0
0
0
0
0
0
0
0
0
0
0
0
0
0
0
0
0
0
0
8
8
8
8
8
8
8
16
8
8
8
0
0
0
8
8
16
8
8
0
0
0
0
8
8
8
8
16
16
8
0
0
0
0
0
0
0
0
0
0
0
0
0
0
0
0
0
16
32
40
40
32
8
-32
-64
-80
-72
-56
-40
-24
0
16
0
0
0
-16
-32
-40
-32
-16
-8
0
8
16
16
0
-24
-32
-40
-48
-48
-24
-8
0
24
48
64
64
48
24
0
-16
-16
16
40
48
56
72
64
24
0
-24
-48
-88
-132
-132
-88
-56
-48
-16
16
16
-16
-32
-32
-8
-16
-56
-48
-16
0
0
24
56
16
-64
-88
-88
-80
-40
24
96
148
164
148
148
120
48
-32
-48
-24
-16
32
112
164
148
148
180
164
148
132
96
64
48
48
80
120
132
96
56
16
-32
-88
-96
-112
-148
-132
-112
-64
-32
0
0
-24
-80
-132
-196
-228
-244
-244
-228
-196
-148
-120
-104
-96
-120
-164
-180
-212
-212
-180
-164
-148
-104
-88
-72
-48
-24
-24
-24
-32
-32
-8
16
32
24
40
56
56
72
104
112
88
80
72
64
80
120
164
164
164
196
212
196
164
148
180
196
196
212
244
244
164
324
780
1308
1692
1692
1500
876
112
-524
-812
-780
-684
-652
-620
-492
-396
-324
-148
-24
-180
-492
-652
-524
-228
112
492
652
492
148
-228
-556
-988
-1564
-1980
-2364
-2236
-1980
-1308
-460
228
652
780
780
588
260
-104
-460
-684
-716
-460
120
812
1180
1116
844
292
-460
-1116
-1308
-1180
-844
-396
212
924
1436
1564
1308
844
324
-324
-812
-812
-620
-460
-212
132
428
620
684
524
228
-148
-524
-620
-492
-180
80
276
428
340
96
-24
-180
-524
-780
-924
-684
-212
460
1116
1980
2876
4092
5116
5884
6652
6396
4860
2236
-428
-2364
-3260
-3260
-2620
-1756
-876
-620
-684
-620
-356
-276
-652
-1052
-1116
-492
620
1884
3132
3644
3004
1372
-812
-2876
-4604
-6140
-7420
-7676
-7164
-5884
-3644
-1308
588
1756
2108
1692
924
-148
-1116
-1884
-2236
-2108
-1500
-196
1244
2236
2236
1436
524
-276
-1244
-2108
-2108
-1372
-652
-112
1180
2620
3388
2748
1692
684
-244
-1052
-1436
-1244
-588
-196
24
748
1820
2236
1980
1628
1052
132
-460
-684
-748
-1052
-1436
-1820
-2108
-1884
-1692
-1308
-748
-308
-228
0
652
1180
1372
1372
1372
1052
844
924
1116
988
812
876
1372
2876
4860
6908
8316
8316
6908
4092
988
-1436
-2876
-3388
-3260
-2748
-2108
-1500
-988
-460
104
340
-212
-748
-844
-396
492
1564
2492
2748
2108
652
-1244
-3260
-5116
-6908
-7932
-8316
-7932
-6396
-4092
-1564
684
2364
3004
2748
2108
924
-292
-1308
-1980
-1980
-1500
-524
524
1244
1308
652
-260
-1052
-1692
-1980
-1692
-620
684
1756
2876
3772
3772
2876
1308
-148
-1436
-2108
-2364
-2108
-1308
-292
620
1628
2620
3132
2876
2236
1372
260
-460
-844
-1052
-1180
-1436
-1628
-1820
-1884
-1980
-2108
-1980
-1820
-1564
-812
588
1820
2492
3132
3388
3132
2364
1820
1372
780
164
-260
-396
180
876
1564
3260
5116
6140
6908
7420
7420
5884
3644
1628
-120
-1308
-2236
-2492
-1820
-1308
-1308
-1628
-1372
-1372
-2236
-2492
-2236
-1884
-1500
-924
96
812
780
180
-924
-2236
-3900
-5628
-6652
-7164
-7164
-6652
-5116
-3388
-1884
-276
1564
2620
2364
1436
588
-620
-2108
-3004
-2620
-1436
-492
-132
340
988
988
-196
-1052
-780
-876
-1308
-988
460
1756
2236
2364
2236
1756
652
-748
-1372
-1564
-1756
-1756
-988
428
1436
2236
3132
3388
3004
2108
1564
1244
716
120
-88
-148
-524
-1116
-1436
-1500
-1820
-1980
-1628
-748
32
1052
2236
3260
4092
4348
4348
4092
3132
2108
1116
492
40
-524
-492
-180
-88
-88
244
1180
1980
3388
5116
6396
7420
7676
7676
7164
5884
3900
1372
-812
-2620
-4348
-4604
-3900
-3388
-3260
-3388
-3388
-3772
-4092
-3772
-3132
-2236
-1692
-1052
88
1116
1628
1372
524
-988
-3260
-5372
-6908
-7676
-7932
-7420
-6140
-4604
-2876
-1116
396
1308
1692
1980
1820
1116
212
-260
-1052
-2108
-2620
-1820
-876
-492
-308
-372
-588
-1372
-2364
-2364
-1052
148
460
1436
3516
4604
4348
3772
3132
1436
-924
-2620
-3260
-3260
-2748
-1820
-292
1692
3388
4604
5628
6140
5116
3388
1884
428
-1244
-2492
-2748
-2748
-2748
-2108
-924
244
1116
1756
2364
2876
3132
3388
3644
3772
3516
3132
2620
1884
1180
524
-308
-652
-780
-684
-132
524
1180
1308
1180
1116
1116
1308
2108
3388
4348
4860
5116
5628
6140
6140
4860
3388
1436
-1180
-3900
-5628
-5628
-4860
-4604
-4092
-3644
-3260
-3132
-3132
-2620
-1820
-1372
-1308
-1116
-324
556
1180
988
-356
-2364
-4348
-5884
-7420
-7932
-7420
-5628
-4092
-3004
-1756
88
1180
812
80
-32
-244
-1436
-2364
-1820
-684
-260
-396
120
876
748
-48
-588
-396
-340
-460
308
1692
2236
2108
1980
1980
1180
-80
-876
-1052
-924
-748
32
1628
3260
4092
4348
4348
4348
3004
1692
844
132
-716
-1372
-1500
-1308
-988
-556
-196
16
148
164
340
924
1436
1628
1980
2492
2620
2364
2364
2492
2236
1564
1308
1180
1116
924
844
1244
1692
1756
1628
1756
1980
1500
876
652
492
64
-228
-56
372
988
1820
2492
3132
3772
4604
5372
5884
5884
5116
3644
1564
-988
-3260
-4604
-4860
-5116
-5372
-4860
-4604
-4092
-3772
-3644
-3132
-2876
-2748
-2620
-1980
-876
-228
-48
-396
-1244
-2364
-3644
-4860
-5884
-6652
-6908
-6908
-6140
-4604
-2876
-1116
428
1116
988
164
-620
-1436
-2236
-2492
-2364
-1692
-876
-196
492
1308
1980
1820
1436
1436
1372
1052
876
988
1436
1820
2108
2364
2108
1884
1372
684
132
16
244
716
1436
2108
2748
3260
3388
3260
2876
2492
2108
1564
1372
1500
1820
2236
2364
2364
1980
1500
924
276
-164
-276
-16
396
988
1884
2492
3132
3644
3772
3644
3388
2876
2236
1500
924
428
8
-132
-260
-460
-716
-812
-876
-1116
-1180
-1308
-844
120
1052
1820
2620
3004
3260
3388
3900
4604
4348
3388
1756
-292
-2492
-4348
-5372
-5628
-5628
-5884
-5628
-4860
-4092
-3772
-3260
-2876
-2748
-3132
-3260
-2620
-1692
-1244
-1244
-1500
-1692
-2108
-2620
-3260
-3772
-4348
-4860
-5116
-4860
-4092
-2876
-1692
-492
112
356
652
620
132
-588
-1180
-1372
-1244
-716
196
1372
2492
2748
2620
2492
2364
1692
812
112
-524
-1052
-1052
-652
-104
356
652
844
1052
1308
1564
2108
2620
2876
3132
3388
3772
3900
3516
2876
2108
1116
228
-276
-276
24
460
988
1564
2108
2620
2876
2876
2620
2108
1884
1820
1884
2108
2364
2748
2748
2620
2492
2492
2364
1980
1500
1180
1116
1052
924
924
812
244
-524
-924
-1180
-1500
-1564
-1500
-1372
-1116
-588
244
1116
1692
1692
1628
1820
2364
2876
3260
3132
2236
524
-1436
-3132
-4092
-4348
-4604
-4604
-4860
-4860
-4604
-4092
-3388
-2620
-1980
-1756
-1820
-1820
-1564
-1308
-1244
-1628
-2236
-2876
-3388
-3772
-4092
-4604
-4860
-4860
-4860
-4348
-3388
-2108
-1052
-428
-88
-40
-308
-844
-1308
-1436
-1500
-1692
-1628
-1052
-324
164
556
988
1372
1372
1052
1116
1308
1308
988
924
1116
1308
1372
1436
1564
1756
1692
1564
1756
2108
2492
2620
2748
3132
3516
3644
3644
3644
3388
3132
2876
2748
2748
2620
2492
2236
1980
1820
1564
1436
1436
1244
1116
1052
1308
1628
1980
2364
2620
2492
2364
2236
2108
1980
1756
1436
876
372
-104
-780
-1244
-1628
-2108
-2364
-2492
-2236
-1980
-1564
-1180
-988
-748
-372
-72
324
748
1244
1564
1628
1692
1980
2364
2236
1628
588
-588
-1884
-3004
-3772
-3644
-3132
-2876
-2876
-2748
-2492
-2364
-2492
-2364
-2236
-2108
-2236
-2236
-1884
-1372
-1116
-1180
-1308
-1756
-2492
-3260
-3900
-4348
-4604
-4604
-4348
-3516
-2876
-2364
-1756
-1244
-1244
-1564
-1980
-2236
-2236
-2364
-2108
-1500
-716
-72
308
684
1116
1308
1116
924
924
924
748
620
748
1052
1308
1500
1820
2236
2492
2492
2620
2876
3004
2876
2876
3004
3132
3260
3260
3260
3260
3004
2620
2492
2364
2364
2236
1980
1980
1980
1884
1756
1756
1692
1436
1180
1244
1244
1116
1180
1244
1436
1564
1628
1628
1564
1436
1180
988
844
684
340
-112
-492
-588
-620
-716
-716
-652
-684
-876
-876
-652
-308
24
292
292
64
-104
276
1052
1500
1244
324
-276
-652
-1116
-1180
-460
556
652
-492
-1500
-1500
-1180
-1500
-2108
-1980
-1980
-2620
-3644
-3772
-3004
-2620
-3132
-3772
-3900
-3644
-3516
-3516
-3132
-2876
-3004
-3516
-3644
-3132
-2748
-2876
-2876
-2876
-3132
-3516
-3644
-3132
-2492
-2364
-2364
-1980
-1180
-684
-556
-308
276
716
748
844
1308
1884
1980
1564
1436
1500
1436
1500
1692
2108
2364
2364
2492
2876
3132
3260
3004
2876
2876
2620
2492
2492
2492
2620
2492
2364
2620
2876
2876
2876
2748
2620
2364
2108
1980
2108
2236
2108
1884
1692
1436
1116
924
1052
1308
1436
1628
1884
1980
1692
1308
988
620
228
-56
-120
-32
-24
-88
-112
-148
-244
-460
-588
-396
-244
-244
-132
64
16
-396
-924
-1628
-2108
-2364
-2236
-1756
-1180
-684
-460
-372
-180
228
812
1244
1372
988
244
-652
-1372
-1884
-2108
-2236
-2364
-2876
-3644
-4348
-4604
-4860
-4604
-4348
-4092
-3644
-3004
-2364
-1756
-1180
-988
-1308
-1980
-2620
-3004
-3260
-3388
-3260
-3004
-2748
-2748
-2748
-2492
-2108
-1820
-1756
-1692
-1372
-924
-556
-80
588
1244
1564
1692
1820
2108
2108
1756
1564
1500
1692
1820
1884
1980
2108
2108
1980
1756
1820
2108
2364
2748
3132
3516
3900
3900
3772
3772
3516
3260
3004
3004
3004
2876
2876
2748
2620
2620
2492
2364
2236
2236
1980
1756
1564
1436
1308
1116
1052
1052
988
924
844
748
716
620
492
556
748
844
748
524
132
-396
-988
-1372
-1692
-1692
-1436
-1244
-1180
-1116
-1116
-1308
-1756
-1884
-1820
-1692
-1500
-1244
-876
-652
-748
-1116
-1436
-1692
-1884
-1980
-1820
-1244
-588
-292
-180
-72
-104
-324
-652
-844
-924
-1116
-1500
-1980
-2364
-2620
-3004
-3260
-3516
-3516
-3516
-3516
-3260
-3004
-2620
-2492
-2236
-2108
-2108
-2108
-2108
-2236
-2364
-2364
-2236
-2108
-1980
-1820
-1692
-1564
-1564
-1500
-1308
-1052
-812
-652
-492
-244
96
372
588
924
1244
1436
1564
1756
2108
2364
2620
3004
3260
3388
3388
3388
3260
3132
3132
2876
2748
2748
2876
2876
2876
2876
2876
2876
2876
3004
3260
3516
3644
3644
3516
3388
3260
3004
2748
2492
2108
1564
1116
812
684
620
684
876
924
716
492
340
148
-32
-244
-396
-396
-396
-324
-88
164
212
80
-64
-324
-620
-988
-1180
-1308
-1564
-1564
-1564
-1628
-1628
-1628
-1692
-1884
-1980
-2236
-2236
-1884
-1500
-1116
-684
-372
-276
-460
-652
-716
-556
-228
96
180
8
-428
-1052
-1628
-2108
-2364
-2236
-2236
-2364
-2620
-2876
-3004
-3004
-3132
-3260
-3132
-3132
-3004
-3004
-2620
-2236
-1820
-1628
-1628
-1756
-1884
-2108
-2236
-2236
-2236
-2236
-2236
-2108
-1980
-1628
-1244
-924
-780
-684
-492
-276
-48
308
748
1244
1500
1628
1820
2108
2236
2492
2748
2876
3004
3004
2876
3004
3132
3260
3388
3516
3516
3388
3388
3388
3260
3132
3004
2748
2492
2364
2364
2492
2748
2876
3004
3004
2876
2748
2492
2364
2236
1756
1244
716
180
-180
-428
-492
-428
-292
-164
-16
120
196
260
292
228
196
292
492
716
716
556
396
0
-588
-1180
-1628
-1884
-1980
-1980
-1820
-1564
-1436
-1244
-924
-556
-556
-876
-1180
-1628
-1884
-1884
-1564
-924
-324
16
0
-276
-652
-652
-276
212
428
428
260
-276
-1180
-1980
-2492
-2620
-2620
-2748
-3004
-3260
-3388
-3388
-3132
-2748
-2364
-2236
-2236
-2364
-2620
-2748
-2748
-2620
-2620
-2620
-2620
-2620
-2492
-2492
-2236
-1980
-1692
-1628
-1564
-1436
-1180
-748
-372
-40
196
428
524
588
716
924
1180
1500
1692
1820
1980
2364
2748
3132
3388
3516
3388
3132
2748
2748
2748
2876
3132
3260
3260
3004
2620
2364
2236
2236
2364
2620
2748
2876
3004
3132
3132
3132
2748
2364
1980
1564
1116
844
652
556
340
148
0
0
56
96
276
428
492
428
356
196
104
96
164
276
244
148
72
-80
-308
-492
-652
-924
-1180
-1500
-1628
-1628
-1628
-1500
-1244
-924
-684
-652
-684
-876
-1180
-1436
-1564
-1500
-1308
-988
-812
-716
-684
-716
-716
-684
-460
-88
180
260
0
-492
-1052
-1692
-2236
-2364
-2236
-1980
-1884
-1980
-2108
-2492
-2748
-2748
-2620
-2236
-1980
-1756
-1756
-1820
-1980
-2108
-2108
-2108
-2108
-2236
-2364
-2492
-2492
-2492
-2236
-1756
-1180
-684
-260
80
292
556
844
988
1116
1180
1116
924
588
492
556
748
1116
1564
1820
1980
1980
1884
1884
2108
2364
2748
3132
3388
3516
3644
3388
3132
2876
2364
2108
1756
1692
1628
1692
1980
2236
2364
2492
2492
2364
1980
1628
1308
1116
1116
1244
1436
1564
1500
1244
812
460
196
0
-132
-132
-132
-72
-88
-132
-148
-276
-460
-620
-780
-876
-876
-844
-780
-780
-780
-812
-924
-988
-1052
-988
-988
-988
-1116
-1372
-1564
-1756
-1884
-1884
-1692
-1372
-1116
-988
-988
-1052
-1116
-1180
-1116
-1116
-1116
-1116
-1052
-1116
-1052
-924
-684
-556
-556
-716
-1052
-1436
-1692
-1820
-1756
-1500
-1116
-812
-620
-556
-716
-1052
-1436
-1692
-1884
-1820
-1564
-1244
-924
-748
-716
-876
-1052
-1180
-1244
-1116
-924
-716
-524
-428
-324
-212
-48
148
340
460
588
780
988
1052
1180
1308
1436
1500
1628
1756
1980
2236
2492
2620
2748
2748
2748
2620
2492
2364
2364
2236
2364
2492
2620
2748
2748
2492
2364
1980
1820
1692
1756
1756
1692
1564
1244
988
684
396
276
180
112
32
8
-88
-340
-340
-244
-196
-80
32
120
164
24
-212
-396
-716
-1052
-1372
-1564
-1756
-1884
-1980
-1980
-1692
-1564
-1500
-1244
-1052
-1052
-1180
-1116
-988
-876
-684
-556
-460
-396
-588
-988
-1372
-1692
-1884
-1756
-1500
-1244
-876
-652
-684
-780
-876
-988
-1052
-988
-924
-716
-652
-748
-924
-1372
-1692
-1980
-1980
-1980
-1628
-1052
-620
-244
-24
-48
-96
-244
-460
-492
-588
-524
-396
-308
-292
-428
-556
-684
-684
-524
-244
96
428
780
1116
1372
1564
1564
1500
1500
1436
1372
1372
1372
1436
1436
1436
1436
1436
1436
1500
1628
1756
1980
2108
2236
2236
1980
1756
1436
1180
1180
1244
1372
1500
1692
1628
1564
1436
1180
924
620
356
104
-32
-164
-292
-308
-324
-324
-276
-244
-180
-104
-96
-196
-260
-276
-356
-460
-556
-556
-684
-780
-876
-988
-988
-1052
-1180
-1244
-1244
-1244
-1116
-988
-876
-684
-524
-372
-244
-196
-276
-428
-620
-780
-876
-924
-876
-812
-780
-716
-716
-716
-748
-780
-780
-780
-620
-396
-276
-120
-16
-16
-48
-120
-196
-212
-196
-244
-164
-80
-88
-96
-112
-180
-276
-356
-340
-308
-260
-196
-196
-276
-356
-460
-556
-684
-684
-620
-524
-324
-148
16
132
196
244
308
340
396
460
524
556
588
588
524
460
396
292
292
396
524
716
924
1180
1436
1628
1692
1692
1692
1500
1372
1180
988
812
684
588
428
292
180
24
-120
-212
-276
-244
-164
-48
64
228
428
588
684
684
556
308
40
-276
-556
-716
-780
-812
-748
-684
-652
-556
-492
-428
-396
-340
-292
-196
-120
-64
0
80
96
88
0
-148
-308
-492
-620
-652
-620
-492
-356
-244
-132
0
96
132
132
0
-180
-324
-460
-556
-556
-460
-372
-292
-164
-88
-80
-8
-24
-56
-148
-308
-396
-460
-356
-244
-164
-80
-88
-148
-196
-228
-276
-396
-492
-588
-652
-684
-652
-556
-492
-460
-428
-324
-212
-112
8
56
148
164
148
180
228
228
228
260
292
396
428
428
460
428
428
460
492
524
620
716
780
812
876
924
924
924
924
924
876
780
684
588
556
524
492
460
460
428
356
356
372
396
396
460
492
460
324
196
80
-56
-112
-164
-228
-228
-260
-308
-324
-308
-340
-396
-372
-324
-260
-228
-196
-80
0
-16
-48
-72
-164
-308
-428
-556
-684
-812
-876
-748
-652
-524
-396
-324
-260
-244
-196
-148
-132
-104
-132
-180
-196
-244
-292
-396
-492
-620
-716
-716
-716
-620
-524
-396
-212
-72
24
80
64
8
-104
-148
-180
-228
-244
-260
-260
-244
-228
-180
-228
-340
-428
-492
-492
-396
-292
-164
-56
48
180
244
292
196
8
-196
-396
-556
-620
-524
-340
-164
0
72
180
340
372
460
524
588
556
524
588
652
716
812
924
988
924
844
780
684
588
524
524
556
620
716
812
924
988
988
924
876
812
652
524
340
196
104
132
148
164
196
148
132
120
80
80
88
88
104
88
64
8
-64
-132
-228
-276
-372
-460
-524
-556
-556
-588
-588
-588
-588
-556
-524
-524
-492
-428
-396
-396
-396
-396
-428
-460
-460
-396
-356
-324
-324
-276
-244
-244
-260
-260
-228
-228
-196
-148
-120
-104
-96
-56
-48
-80
-96
-72
-64
-64
-56
-32
-48
-64
-112
-180
-212
-212
-196
-132
-132
-120
-72
-56
-64
-64
-148
-244
-340
-428
-492
-460
-396
-372
-308
-324
-308
-212
-180
-120
0
40
56
88
180
260
292
308
356
308
180
104
56
32
40
88
180
292
428
556
620
684
748
748
684
620
588
556
492
396
340
292
196
148
132
104
80
88
132
260
396
588
716
812
780
684
556
324
132
-56
-180
-228
-292
-340
-340
-324
-308
-260
-148
-72
8
148
244
276
292
292
196
132
40
-64
-164
-276
-428
-492
-460
-396
-276
-148
40
228
372
492
524
492
396
260
148
48
40
56
24
-40
-164
-292
-396
-492
-620
-684
-748
-780
-748
-684
-524
-460
-428
-396
-460
-524
-556
-620
-620
-588
-556
-524
-524
-460
-492
-556
-652
-716
-876
-988
-924
-924
-780
-556
-396
-276
-120
-32
32
132
148
112
132
164
212
372
588
716
780
876
988
924
780
652
492
340
244
196
292
428
492
620
748
844
924
924
924
844
780
652
556
460
428
396
308
244
180
104
0
0
16
88
164
276
372
428
492
460
428
356
244
132
32
-72
-164
-212
-228
-244
-196
-180
-196
-228
-292
-260
-180
-148
-64
40
148
196
212
212
212
64
-72
-180
-340
-492
-524
-460
-396
-324
-212
-120
-120
-120
-148
-212
-244
-292
-260
-276
-340
-428
-492
-620
-716
-844
-924
-988
-924
-876
-748
-556
-396
-260
-180
-132
-96
-112
-180
-260
-372
-460
-556
-620
-652
-652
-620
-588
-492
-492
-460
-372
-308
-196
-96
0
180
324
460
524
556
524
460
428
396
396
428
428
460
524
556
556
588
652
716
812
924
924
924
924
812
748
684
588
524
460
428
460
588
716
812
876
988
924
844
780
748
588
460
340
244
180
64
-24
-148
-260
-356
-428
-428
-396
-340
-212
-72
8
48
24
-40
-132
-260
-428
-556
-684
-780
-844
-924
-924
-924
-876
-780
-748
-652
-556
-492
-396
-324
-228
-164
-180
-180
-212
-276
-324
-396
-396
-396
-396
-356
-340
-276
-180
-148
-64
-64
-88
-96
-80
-56
16
148
228
276
292
276
228
164
56
-112
-244
-396
-524
-620
-620
-588
-556
-460
-340
-244
-132
0
96
132
132
112
72
8
-64
-96
-112
-112
-112
-88
0
0
0
64
132
276
396
524
652
780
812
812
876
924
924
924
844
780
716
652
588
556
524
492
460
460
492
460
460
428
396
396
428
428
428
396
356
228
132
24
-96
-180
-196
-196
-164
-88
-40
-24
-24
-40
-120
-196
-308
-372
-428
-492
-524
-524
-588
-556
-524
-556
-492
-460
-428
-428
-396
-356
-276
-244
-196
-148
-180
-212
-212
-228
-212
-212
-244
-308
-324
-292
-212
-180
-164
-164
-132
-112
0
48
88
56
-48
-180
-340
-428
-492
-524
-524
-492
-428
-356
-260
-228
-228
-212
-244
-244
-228
-196
-148
-56
8
132
244
244
260
196
48
-96
-212
-324
-340
-276
-196
-16
148
308
460
556
556
524
492
460
396
372
396
460
524
588
588
588
524
492
460
396
372
340
292
324
396
428
460
460
396
308
212
132
88
64
104
180
276
356
428
492
492
428
340
244
132
0
-120
-244
-340
-396
-460
-492
-428
-372
-260
-96
56
228
396
492
556
556
524
372
180
-8
-196
-372
-556
-716
-748
-748
-652
-524
-372
-244
-132
-72
-48
-16
-8
0
-56
-72
-112
-212
-276
-292
-324
-396
-460
-524
-620
-684
-684
-652
-588
-492
-428
-324
-212
-120
-56
-40
-48
-148
-244
-356
-428
-524
-588
-588
-556
-492
-396
-228
-120
-32
40
88
120
180
212
276
292
260
244
260
212
164
148
132
48
-32
-96
-88
-48
16
104
196
276
396
492
524
588
556
524
428
396
308
212
132
56
24
64
112
196
292
372
428
524
524
556
556
492
460
428
324
276
228
104
40
-16
-40
0
24
96
180
228
276
308
372
372
324
276
228
164
120
88
48
0
-40
-96
-148
-148
-164
-212
-260
-276
-276
-244
-196
-88
-48
-56
-96
-196
-308
-428
-588
-620
-684
-716
-588
-428
-260
-96
32
96
56
-48
-132
-212
-308
-396
-396
-396
-340
-308
-244
-148
-80
-48
-88
-64
-80
-120
-164
-148
-112
-104
-64
-48
-24
-40
-56
-80
-88
-112
-148
-164
-164
-112
-88
-16
16
40
72
112
132
120
88
48
16
8
0
0
0
24
72
132
196
212
164
56
16
56
32
88
164
212
244
276
324
356
396
396
324
260
260
276
356
428
492
524
524
428
340
276
196
120
48
16
0
8
64
80
120
132
96
88
104
120
148
132
148
148
120
96
56
-8
-112
-196
-292
-356
-396
-396
-396
-308
-244
-228
-212
-164
-148
-164
-180
-196
-276
-308
-276
-244
-212
-180
-228
-228
-276
-356
-396
-428
-492
-556
-524
-428
-308
-180
-64
0
56
40
56
104
72
56
56
-8
-48
-32
-8
0
-16
-32
-80
-132
-148
-132
-88
-64
-48
0
24
56
96
112
80
48
48
80
88
148
196
180
164
132
120
148
164
148
148
164
164
148
164
196
180
148
148
180
228
292
396
460
492
492
460
460
428
396
356
276
196
148
132
104
132
132
148
148
196
228
228
212
212
180
132
64
24
16
24
48
56
80
104
132
112
72
-16
-132
-244
-356
-396
-460
-460
-428
-324
-260
-180
-148
-112
-164
-244
-292
-372
-396
-396
-396
-396
-356
-308
-244
-148
-112
-104
-148
-212
-260
-340
-372
-372
-372
-396
-340
-260
-244
-212
-180
-148
-148
-148
-112
-72
-32
-32
-88
-148
-228
-244
-244
-212
-164
-164
-164
-180
-164
-104
-8
64
120
164
196
180
132
132
32
-64
-120
-196
-260
-244
-228
-260
-276
-212
-164
-88
40
148
308
372
428
460
460
428
396
324
260
228
196
180
196
260
308
324
396
524
620
684
780
812
748
652
588
556
428
428
428
396
308
292
308
292
276
292
292
244
276
276
324
356
340
324
244
164
40
-72
-180
-276
-356
-428
-428
-428
-372
-308
-276
-244
-260
-260
-260
-244
-228
-228
-292
-324
-308
-324
-324
-292
-276
-276
-308
-308
-308
-276
-244
-244
-260
-260
-228
-212
-196
-212
-196
-212
-196
-164
-148
-120
-64
-64
-64
-96
-80
-16
8
0
-48
-64
-120
-196
-260
-308
-372
-428
-428
-396
-260
-164
-72
8
48
112
148
180
164
148
56
-16
-40
-40
-48
-72
-56
-48
-56
-64
0
32
48
8
32
40
32
80
96
120
164
180
228
324
428
492
524
556
556
556
556
492
396
324
196
132
56
0
-8
-8
0
0
80
120
132
148
164
196
196
180
96
88
80
0
-72
-112
-164
-244
-308
-396
-460
-492
-492
-460
-396
-260
-148
-64
16
80
104
112
64
0
-96
-180
-212
-260
-260
-244
-308
-340
-324
-340
-292
-228
-120
-48
16
120
196
228
180
180
196
148
112
112
80
0
0
8
8
40
88
104
112
132
148
132
148
180
196
244
196
104
48
0
0
-16
0
16
40
48
56
72
72
72
8
-48
-40
-48
8
80
180
292
340
324
324
276
212
96
24
-64
-148
-212
-148
-40
8
96
196
212
228
244
212
212
132
56
8
-8
-48
-96
-80
-104
-164
-212
-228
-244
-228
-180
-104
-8
80
132
164
180
148
48
-48
-88
-148
-212
-180
-148
-164
-196
-212
-228
-308
-372
-372
-324
-308
-228
-148
-64
32
64
24
-40
-148
-292
-396
-428
-396
-340
-244
-196
-148
-88
-40
-32
-8
-40
-96
-96
-96
-80
-64
-64
-64
-88
-132
-120
-80
-56
-56
-64
-8
-16
132
524
716
396
-104
-356
-396
-396
-428
-460
-32
620
620
80
-132
-16
24
-8
-48
164
684
988
812
428
180
32
-132
-356
-260
260
844
988
748
524
460
340
-48
-196
56
492
588
492
164
-8
-64
-396
-620
-372
132
396
524
588
588
460
48
-428
-492
-196
-164
-180
-104
80
104
-64
-260
-356
-212
-196
-180
32
276
428
460
340
148
104
24
-120
-112
80
228
180
164
112
-16
-180
-356
-492
-340
-8
24
112
460
588
372
164
72
-24
-212
-340
-180
112
260
228
148
96
-104
-492
-716
-748
-652
-716
-780
-652
-524
-588
-652
-588
-492
-524
-652
-652
-524
-396
-396
-372
-228
-164
-260
-396
-396
-308
-324
-396
-308
-260
-324
-324
-260
-228
-164
-88
0
196
340
396
428
428
340
276
260
260
260
212
276
396
428
428
460
428
324
228
260
396
524
588
684
812
812
716
460
276
196
80
0
48
196
276
260
212
164
120
32
-64
-148
-88
-16
0
112
196
180
80
16
-80
-112
-88
-72
-56
-56
-8
0
48
0
40
164
196
212
196
164
88
32
-24
0
24
0
-24
-40
8
64
64
8
24
32
-32
-112
-88
-32
-24
0
8
-40
-120
-196
-228
-260
-260
-292
-260
-260
-228
-180
-180
-164
-180
-180
-212
-260
-276
-276
-244
-244
-276
-292
-308
-372
-396
-428
-396
-340
-228
-88
-40
-8
-8
0
-88
-132
-88
-40
8
24
72
72
64
112
112
48
24
64
16
-8
0
64
88
112
164
212
308
356
372
396
356
308
276
196
148
164
132
104
80
120
164
180
180
148
80
40
-24
-72
-80
-148
-148
-120
-104
-48
24
72
40
8
-32
-16
56
104
164
228
212
164
88
64
32
0
-24
-24
24
64
40
72
112
88
64
40
-8
-16
-72
-120
-72
-72
-56
-16
8
16
0
-24
-40
8
8
-56
-104
-180
-276
-308
-292
-260
-212
-132
-88
0
64
40
16
0
24
-16
-80
-96
-132
-212
-260
-292
-324
-340
-324
-324
-340
-276
-244
-228
-164
-64
40
164
260
340
308
228
196
132
64
-48
-148
-196
-196
-180
-112
0
64
112
132
180
212
212
228
212
228
244
276
308
260
228
180
132
104
88
112
132
164
164
120
132
180
180
164
180
212
180
180
164
112
80
0
-40
-72
-120
-148
-120
-56
0
48
32
24
-8
-96
-120
-132
-180
-276
-292
-292
-308
-276
-212
-164
-180
-120
-88
-64
-48
-72
-104
-88
-32
-32
-24
0
8
0
-32
-40
-72
-112
-180
-212
-196
-196
-148
-120
-32
8
24
40
32
104
120
104
96
148
212
260
340
372
396
356
308
164
96
0
-96
-112
-48
-24
-8
32
32
8
8
32
96
164
148
148
180
148
72
-48
-132
-212
-324
-396
-428
-372
-396
-356
-292
-180
-120
-96
-32
-40
-56
-112
-180
-180
-228
-244
-196
-80
16
56
112
132
56
0
-16
-32
-56
-24
40
96
132
148
148
112
132
88
48
120
180
228
276
372
492
556
524
492
492
340
228
164
72
-24
-96
-164
-196
-180
-120
-96
-88
0
16
8
32
56
64
80
88
80
48
0
-64
-120
-164
-228
-276
-324
-396
-460
-460
-460
-460
-428
-340
-228
-104
16
88
132
132
112
0
-64
-120
-164
-164
-120
16
64
112
132
96
24
-32
-80
-104
0
80
148
244
308
276
196
132
56
-24
-64
-72
-32
0
-16
-32
24
104
112
112
132
164
96
32
48
56
8
8
-8
-16
-64
-96
-80
-88
-64
-48
-8
0
56
112
132
196
228
212
164
64
-24
-88
-132
-164
-164
-120
-88
-32
16
88
132
112
132
132
112
120
132
132
88
0
-80
-164
-212
-180
-148
-80
8
56
40
80
132
148
112
164
212
132
40
56
40
-16
0
-8
-40
-104
-132
-212
-260
-228
-180
-132
0
132
212
292
356
308
244
180
32
-80
-164
-244
-324
-324
-292
-228
-212
-180
-132
-104
-16
32
88
120
164
148
104
72
88
80
64
64
-8
-56
-120
-212
-292
-340
-372
-396
-396
-372
-308
-212
-88
-32
16
40
0
-48
-48
-88
-112
-72
-96
-112
-112
-72
-16
0
8
0
-48
-104
-120
-56
-8
80
132
180
196
180
196
212
180
132
80
24
24
-8
-48
0
48
64
132
148
164
132
104
120
148
212
228
228
212
212
132
96
104
72
16
16
56
64
112
148
228
308
372
372
292
292
228
148
120
148
148
164
196
164
196
164
72
-72
-180
-212
-228
-196
-132
-32
24
64
72
64
40
-8
-48
-88
-96
-112
-112
-88
-132
-164
-212
-276
-340
-396
-428
-428
-428
-356
-308
-260
-180
-132
-64
-8
24
48
64
56
8
-16
-104
-164
-212
-260
-292
-308
-324
-292
-260
-196
-80
-56
-40
0
-8
-48
-8
8
24
64
96
88
80
24
-32
-72
-180
-196
-180
-180
-132
-32
16
24
8
32
72
132
148
132
96
96
64
40
112
148
148
148
180
180
180
164
180
196
180
196
148
132
112
104
64
56
88
104
132
212
244
244
260
276
308
276
228
212
132
80
64
48
72
72
40
48
48
8
0
16
8
8
0
16
48
64
80
112
96
40
-40
-56
-48
-72
-96
-132
-132
-196
-228
-260
-292
-324
-340
-308
-276
-244
-196
-148
-148
-164
-180
-132
-72
-48
-32
0
-16
-72
-132
-164
-132
-104
-96
-80
-112
-148
-196
-244
-148
-56
-8
96
148
180
228
212
212
212
196
132
96
112
132
120
132
104
64
56
24
40
56
88
96
104
132
164
196
228
212
132
72
32
-24
-104
-164
-180
-212
-228
-180
-148
-132
-88
-72
-8
32
32
24
56
56
64
56
56
8
0
-24
-96
-104
-112
-96
-48
16
64
112
148
148
164
196
196
196
180
164
148
104
80
32
-8
-24
-72
-88
-64
-80
-64
-40
0
24
0
-40
-88
-96
-96
-96
-104
-120
-180
-196
-196
-196
-180
-228
-260
-276
-260
-212
-196
-196
-196
-164
-148
-96
-56
-56
-48
-56
-88
-72
-64
-88
-56
-56
-32
-24
0
8
-8
0
0
-8
8
56
32
40
56
16
56
104
132
180
228
244
276
244
260
260
244
212
148
120
88
56
64
80
56
56
72
64
24
-32
-48
-64
-88
-48
0
80
196
260
276
244
212
148
64
24
0
0
16
80
148
180
180
148
72
16
-16
-64
-64
-64
-16
0
48
88
96
112
164
148
112
72
48
-8
-32
-40
-80
-88
-132
-180
-212
-228
-292
-324
-356
-340
-340
-260
-164
-80
-16
0
24
32
8
-8
-40
-72
-104
-196
-228
-212
-228
-228
-180
-148
-132
-72
-32
0
32
48
56
64
104
180
180
180
228
212
180
120
48
0
-32
-64
-120
-112
-16
56
104
212
292
276
260
244
196
132
16
-40
-80
-132
-104
-80
-64
-56
-80
-88
-104
-88
-72
-56
-56
-40
-32
-24
-56
-96
-112
-164
-164
-196
-212
-212
-180
-180
-148
-72
-32
24
40
16
0
-8
-32
-32
-24
16
40
56
88
112
96
64
56
-8
-8
0
8
56
96
148
196
244
244
180
148
96
0
-24
-40
-40
-16
64
132
148
148
148
120
72
56
16
-32
-16
-32
-32
-32
-16
-16
-56
-80
-88
-72
-40
-24
0
56
104
148
164
164
148
96
40
8
-24
-64
-56
-48
-24
-8
16
40
48
48
64
56
16
32
40
56
56
80
72
48
-8
-72
-132
-164
-164
-164
-120
-88
-40
8
32
0
-24
-56
-132
-132
-132
-132
-112
-80
-32
24
64
48
40
32
24
32
72
132
148
132
112
56
0
-16
-40
-96
-112
-148
-132
-88
-40
24
96
120
104
96
120
112
88
96
56
40
32
-8
-32
-32
-32
-56
-80
-104
-112
-132
-72
-8
16
48
104
196
228
228
164
104
0
-80
-164
-244
-292
-324
-340
-324
-260
-212
-132
-72
-56
-8
40
72
104
104
88
40
-24
-48
-72
-72
-72
-80
-96
-72
-48
-72
-48
-32
-24
8
32
32
56
80
80
88
72
72
16
-32
-40
-64
-80
-88
-104
-64
-16
16
32
0
-16
-32
-80
-64
-64
-112
-120
-132
-164
-164
-164
-180
-148
-148
-148
-120
-64
-16
-8
16
24
0
-8
-48
-80
-88
-80
-96
-96
-64
-16
16
48
80
96
88
120
132
132
132
148
164
180
196
196
180
164
132
120
120
120
120
180
228
260
372
396
396
396
356
324
260
164
164
164
132
148
212
212
244
260
276
276
260
244
228
196
132
112
80
56
24
24
24
8
8
24
24
-16
-32
-24
-40
-40
-56
-48
-8
0
-32
-32
-40
-88
-132
-148
-196
-228
-244
-260
-276
-260
-228
-212
-196
-196
-164
-164
-180
-132
-132
-180
-228
-276
-324
-308
-292
-260
-212
-228
-244
-244
-276
-308
-260
-228
-228
-212
-196
-212
-260
-244
-212
-212
-212
-212
-228
-260
-276
-260
-244
-228
-212
-148
-88
-40
48
80
120
132
104
72
24
-40
-40
-16
-8
8
32
64
72
104
148
164
148
112
112
120
180
228
244
260
260
260
244
196
180
148
96
40
24
16
0
48
96
132
180
260
292
324
356
396
396
340
308
276
228
212
212
180
164
164
148
120
112
132
96
48
64
72
80
112
132
148
164
196
212
196
180
164
80
16
-40
-40
-56
-88
-64
-72
-72
-64
-64
-80
-88
-112
-164
-164
-180
-148
-88
-72
-48
-64
-88
-120
-148
-148
-148
-164
-196
-212
-228
-212
-196
-196
-228
-212
-196
-212
-196
-164
-132
-148
-148
-120
-120
-112
-104
-112
-104
-104
-104
-112
-104
-64
-48
-24
8
48
48
64
64
80
56
0
-16
-8
-40
-48
-40
-48
-32
-48
-48
0
24
64
112
132
148
132
120
88
48
0
-48
-88
-120
-132
-88
-72
-64
-40
-48
-16
32
48
40
24
16
32
24
-8
0
16
0
0
-24
-40
-48
-80
-88
-48
-40
-40
-32
-8
-16
-40
-32
-56
-72
-48
-40
-40
-16
-32
-40
-64
-56
-56
-72
-48
-24
-16
24
48
48
80
80
56
40
24
16
8
8
56
88
132
196
212
260
244
244
228
212
196
212
196
164
196
196
196
244
244
228
180
164
180
164
164
196
228
276
292
308
276
196
148
72
48
48
32
56
64
80
88
64
72
32
0
-40
-72
-96
-148
-132
-120
-80
-40
-40
-32
-48
-80
-120
-148
-180
-196
-228
-212
-180
-164
-164
-196
-212
-228
-244
-212
-164
-132
-96
-56
-72
-104
-132
-132
-180
-196
-212
-196
-196
-196
-180
-164
-148
-196
-228
-244
-308
-340
-276
-260
-244
-212
-180
-164
-164
-180
-148
-164
-196
-180
-212
-180
-132
-132
-132
-132
-132
-120
-132
-132
-148
-148
-148
-132
-80
-24
0
24
48
72
104
96
64
64
64
32
64
120
148
212
244
276
260
228
244
276
276
276
340
396
428
492
492
492
460
396
372
356
308
276
260
228
244
244
244
292
308
292
340
340
324
308
292
276
212
148
104
40
0
8
24
8
32
48
40
56
16
8
-16
-16
16
0
-8
0
0
-48
-48
-48
-104
-148
-164
-196
-244
-228
-196
-196
-180
-196
-180
-180
-196
-180
-164
-164
-148
-132
-64
-48
-56
-40
-72
-132
-180
-212
-244
-260
-292
-292
-276
-228
-212
-180
-164
-120
-88
-88
-104
-112
-132
-132
-132
-132
-148
-132
-132
-120
-96
-96
-104
-148
-164
-212
-228
-196
-164
-132
-72
-32
8
24
32
40
56
72
72
64
40
32
32
24
24
16
0
-40
-72
-64
-56
-40
-8
8
56
88
96
104
96
64
64
80
72
80
112
120
96
96
96
88
64
48
56
48
56
40
56
64
56
104
120
112
120
132
112
132
148
148
164
148
148
180
148
88
96
96
88
104
104
120
132
120
132
132
80
40
-16
-16
-24
-16
16
16
0
16
32
40
56
48
24
8
16
32
24
24
24
-8
-48
-56
-80
-88
-88
-112
-96
-64
-32
0
0
0
0
0
0
-8
-24
-48
-64
-96
-88
-80
-80
-88
-80
-64
-32
-40
-16
16
32
32
8
32
16
32
16
0
-24
-72
-104
-132
-112
-104
-80
-32
-32
-16
0
8
32
24
72
80
88
64
40
0
-8
-56
-72
-96
-148
-132
-132
-112
-72
-40
-8
24
24
56
64
72
48
8
-8
-32
-72
-104
-112
-132
-148
-112
-88
-32
-8
32
72
88
56
48
64
32
16
0
-8
-24
-48
-16
-16
-16
-8
-8
-24
-40
-64
-72
-88
-72
-64
-32
-24
-16
0
0
8
0
8
0
-8
-8
0
0
0
-16
0
-8
16
48
40
56
40
24
0
-16
0
8
32
72
88
104
104
104
88
48
48
56
64
64
96
104
120
112
120
148
132
148
132
120
112
104
104
88
80
72
72
64
72
104
104
112
104
96
72
40
8
-8
-16
-8
24
16
32
40
32
16
32
24
8
-8
-40
-56
-96
-104
-80
-88
-80
-80
-96
-88
-80
-80
-80
-80
-96
-132
-132
-148
-164
-180
-212
-180
-148
-132
-104
-88
-104
-120
-132
-132
-132
-132
-112
-132
-112
-120
-120
-96
-104
-132
-132
-148
-164
-164
-164
-148
-120
-112
-112
-96
-64
-32
0
24
16
16
8
0
0
24
16
0
0
0
-8
0
8
40
40
80
112
96
120
132
148
164
212
212
212
196
148
148
132
104
88
72
56
40
40
72
104
132
196
228
244
228
212
180
164
