SAMPLES:	8478
BITSPERSAMPLE:	16
CHANNELS:	1
SAMPLERATE:	16000
NORMALIZED:	FALSE
8
0
8
0
0
0
0
0
0
0
0
0
0
0
0
-8
0
0
0
0
-8
-8
-8
-8
-8
-8
0
-8
-8
-8
-8
-8
-8
-8
-8
-8
-8
-8
-8
-8
-8
-8
-8
-8
-8
-8
0
-8
-8
-8
-8
0
0
-8
-8
-8
-8
0
0
0
0
0
0
0
0
0
0
0
0
0
0
0
0
0
0
0
8
8
8
8
8
8
8
16
16
16
16
16
16
16
16
16
8
16
16
16
16
16
16
16
24
24
24
24
24
24
24
16
16
16
16
8
8
8
8
8
8
8
0
0
0
0
-8
-8
-8
-16
-16
-16
-16
-16
-16
-24
-16
-16
-16
-16
-24
-24
-24
-32
-32
-32
-32
-32
-24
-24
-24
-24
-24
-24
-24
-16
-24
-24
-16
-16
-16
-16
-8
-8
0
0
0
0
0
0
0
0
8
8
8
8
8
8
8
8
8
8
8
8
16
8
8
8
8
8
8
8
8
8
8
8
8
8
8
8
16
16
8
8
8
8
8
8
8
8
8
8
0
8
0
0
0
0
0
0
0
8
0
0
0
0
0
0
0
0
0
0
0
0
0
0
0
0
0
0
0
0
0
0
0
0
0
0
0
0
-8
-8
-8
0
0
0
0
0
0
0
0
0
0
-8
-8
-8
-8
-8
-8
0
0
0
0
0
-8
-8
-8
-8
-8
-8
-8
-8
-8
-8
-8
-16
-16
-16
-8
-8
-8
-8
-8
-8
-8
-8
-8
-8
-8
-8
-8
0
-8
0
0
0
0
0
0
0
0
0
0
0
0
8
8
8
8
16
16
16
16
16
16
24
24
24
24
24
24
24
24
24
24
24
24
24
24
24
24
16
24
24
24
16
16
16
16
8
8
8
8
0
0
0
0
0
0
0
-8
-8
-8
-16
-16
-16
-24
-24
-24
-24
-24
-24
-24
-32
-32
-32
-32
-32
-32
-32
-32
-32
-40
-40
-32
-32
-32
-32
-24
-24
-24
-24
-16
-16
-16
-16
-8
-8
-8
-8
-8
-8
0
0
0
0
0
0
8
8
8
8
8
8
8
8
16
16
16
16
16
16
16
16
16
16
16
16
24
24
16
24
16
16
16
16
24
16
16
16
16
24
16
16
16
16
16
16
16
16
16
16
16
16
16
16
16
16
16
16
16
16
16
16
16
16
8
8
8
8
8
8
0
0
0
0
0
0
-8
-8
-8
-8
-8
-16
-16
-16
-16
-16
-16
-24
-24
-24
-24
-32
-32
-32
-32
-32
-32
-32
-32
-32
-32
-24
-24
-24
-24
-32
-32
-32
-32
-32
-32
-24
-24
-24
-24
-24
-24
-24
-16
-16
-8
-8
-8
-8
-8
0
0
0
0
0
0
0
0
0
0
0
0
0
0
0
0
8
8
8
8
8
8
8
8
8
8
16
16
16
16
16
24
24
24
24
32
24
32
32
24
24
24
32
32
32
32
32
32
32
32
32
32
32
32
32
32
32
32
24
24
24
24
24
24
24
24
24
16
16
16
16
16
8
8
0
0
0
0
0
0
0
0
0
0
-8
-8
-8
-8
-8
-16
-16
-24
-24
-24
-24
-24
-24
-24
-24
-24
-32
-32
-32
-32
-32
-32
-32
-32
-32
-32
-32
-32
-32
-40
-40
-32
-40
-32
-32
-32
-32
-24
-32
-32
-24
-24
-24
-24
-16
-24
-24
-24
-24
-24
-16
-16
-16
-8
-8
-8
0
0
0
0
0
0
0
0
8
8
8
16
16
16
24
24
24
24
24
24
24
24
32
32
32
32
32
32
32
32
32
32
32
32
24
24
24
24
24
24
24
24
24
24
16
16
16
16
16
8
8
8
0
0
0
0
0
0
0
0
0
-8
0
0
0
-8
0
0
-8
-8
-8
-8
-8
-8
-8
-8
-8
-8
0
0
0
0
0
0
-8
0
0
0
0
-8
-8
0
0
0
0
0
0
0
0
0
0
0
0
0
0
0
0
0
0
0
0
0
8
8
8
8
8
8
8
8
8
8
8
8
8
8
8
8
8
8
8
8
8
8
8
0
0
8
8
0
0
0
0
0
0
0
0
0
0
0
-8
-8
-16
-16
-16
-16
-16
-16
-24
-24
-24
-24
-24
-32
-32
-32
-32
-32
-32
-32
-32
-32
-32
-40
-40
-32
-32
-32
-24
-24
-24
-24
-24
-24
-16
-16
-8
-8
-8
-8
-8
-8
-8
0
0
0
0
0
0
0
0
8
8
8
8
16
16
16
16
16
24
24
16
24
16
16
24
24
24
24
24
24
24
24
32
24
24
24
24
16
16
16
24
24
24
24
24
24
24
24
24
24
24
24
24
24
24
24
24
24
24
16
16
16
16
16
16
16
16
16
16
8
8
8
8
8
8
8
0
0
0
0
0
-8
-8
0
-8
-8
-8
-8
-8
-16
-16
-16
-16
-16
-24
-24
-24
-24
-24
-24
-24
-24
-32
-32
-32
-32
-32
-32
-32
-32
-32
-32
-32
-32
-32
-32
-32
-24
-24
-24
-24
-24
-24
-24
-24
-24
-24
-24
-16
-16
-16
-8
-8
-8
-8
-8
-8
-8
0
0
0
0
0
0
0
0
0
0
8
0
8
8
8
0
0
8
8
8
16
24
24
16
16
16
16
16
16
16
24
16
16
24
24
24
24
24
24
24
24
16
24
24
24
16
16
24
24
24
16
8
8
8
0
8
8
8
8
0
0
0
0
0
0
0
0
0
-8
-16
-8
-8
0
-8
-8
-16
-16
-16
-16
-16
-16
-8
-16
-16
-16
-16
-16
-8
0
-8
-8
-8
-8
0
0
0
0
0
0
0
0
0
0
0
0
0
0
0
0
0
8
8
8
8
8
8
8
8
16
16
16
8
8
16
8
8
0
8
8
8
8
0
0
0
0
0
0
0
0
0
-8
-8
-8
0
0
0
-8
-8
-8
-8
-16
-16
-8
-8
-8
-8
-16
-8
-8
-8
-8
0
0
-8
-8
-16
-8
-8
-8
-16
-16
-16
-8
-8
-8
0
0
-8
-8
-8
-8
-8
-8
-8
0
0
0
-8
-8
0
0
0
0
0
0
0
-8
-8
0
8
0
-8
-8
0
8
8
0
8
8
0
-8
0
8
16
8
0
0
8
0
0
8
8
8
0
0
8
8
8
16
16
16
8
8
16
16
16
16
24
16
16
8
8
16
8
8
24
32
24
8
8
24
24
24
16
16
16
16
8
8
8
8
8
0
8
8
8
0
0
0
0
0
0
0
0
0
0
-8
-8
-8
-16
-8
0
-8
-16
-24
-8
-8
-16
-32
-24
-8
0
-16
-24
-16
-8
-24
-40
-32
-8
-16
-40
-40
-24
-16
-32
-40
-24
-16
-24
-48
-40
-24
-24
-32
-40
-24
-24
-40
-48
-40
-24
-24
-24
-24
-16
-16
-16
-8
0
0
0
0
0
8
16
16
16
16
8
8
16
32
32
24
24
40
40
32
24
48
64
48
24
32
64
64
40
32
56
64
40
24
48
64
48
24
32
56
56
24
16
40
72
56
32
32
48
40
16
16
40
40
16
-8
0
24
16
-8
-16
0
8
-8
-24
0
16
0
-24
-24
-16
-32
-56
-48
-24
-32
-48
-64
-56
-40
-48
-48
-40
-40
-56
-80
-64
-56
-48
-56
-56
-48
-56
-72
-80
-64
-56
-72
-72
-64
-72
-80
-88
-72
-56
-48
-64
-64
-56
-56
-72
-72
-40
-24
-32
-64
-72
-48
-16
0
0
0
0
-8
-8
16
40
40
24
16
32
32
24
40
72
96
80
72
80
104
104
120
164
180
164
132
148
164
180
180
180
196
180
164
148
148
148
132
120
88
72
48
16
16
32
8
-24
-56
-64
-56
-64
-80
-72
-72
-88
-88
-96
-96
-96
-88
-88
-80
-80
-96
-104
-96
-80
-72
-64
-72
-64
-64
-64
-56
-56
-48
-56
-64
-56
-64
-72
-80
-96
-96
-80
-72
-72
-88
-96
-88
-80
-80
-80
-64
-64
-80
-88
-64
-24
0
-8
-8
32
64
72
96
112
132
132
164
164
180
228
308
396
396
340
308
356
396
396
340
292
308
292
244
196
164
120
24
-72
-148
-180
-212
-260
-292
-324
-396
-492
-524
-492
-460
-460
-492
-524
-492
-428
-396
-340
-292
-276
-260
-212
-148
-104
-88
-72
-32
8
24
0
-24
-8
24
88
96
64
24
8
16
40
80
96
96
56
56
80
120
148
132
104
88
80
80
72
88
148
196
196
180
132
104
104
148
196
164
80
32
48
104
112
120
112
72
24
16
120
228
340
428
524
620
620
620
748
780
684
524
620
844
924
716
524
428
308
48
-132
-132
-64
-212
-556
-844
-924
-924
-988
-1116
-1180
-1244
-1244
-1308
-1244
-1116
-1052
-1052
-988
-812
-588
-460
-396
-324
-196
-64
8
40
56
56
80
196
292
324
260
164
104
120
164
148
80
24
0
0
-8
0
32
64
72
48
40
48
56
120
212
276
260
180
120
132
164
228
276
244
180
80
0
0
24
8
-88
-164
-164
-164
-212
-244
-260
-244
-164
-196
-196
-96
-8
56
24
104
260
372
492
556
844
1308
1628
1820
1884
1884
1756
1436
1308
1564
1980
2108
1692
1180
716
292
-132
-428
-428
-372
-684
-1372
-1884
-1980
-1980
-2108
-2236
-2236
-2364
-2492
-2492
-2364
-2108
-1884
-1884
-1820
-1564
-1244
-988
-780
-524
-276
-72
8
0
-80
-64
132
308
340
228
120
64
112
292
356
324
228
132
148
260
396
524
652
716
716
620
492
428
524
716
876
924
716
492
340
340
460
460
428
292
164
88
-8
-40
-164
-276
-292
-308
-340
-396
-492
-460
-460
-492
-524
-492
-372
-428
-308
-88
148
228
0
104
556
1372
2236
3004
3388
3260
3132
3260
4092
4348
3772
3388
3644
4092
3644
2364
1628
1564
1308
180
-1052
-1372
-1116
-1308
-2108
-2876
-3388
-3772
-3772
-3644
-3516
-3772
-4348
-4348
-4092
-3516
-3260
-3260
-3260
-3004
-2236
-1372
-988
-1116
-1372
-1244
-460
396
428
-228
-780
-588
132
556
524
308
132
0
-56
104
292
276
104
24
292
492
308
-24
-32
324
588
492
228
40
56
260
428
492
492
276
72
196
556
716
524
212
96
228
324
308
276
292
308
276
244
112
-8
132
372
492
460
356
276
276
396
620
988
1244
1308
1372
1500
1820
1884
1980
2492
3644
4604
4604
3772
3388
3772
4348
4092
3772
3644
3900
3516
2236
1244
988
1116
492
-652
-1500
-1884
-2236
-2620
-3132
-3516
-4092
-4604
-4604
-4348
-4348
-4604
-5116
-4860
-4092
-3772
-3772
-3900
-3516
-3004
-2364
-1564
-1052
-1052
-1308
-1372
-684
244
492
-24
-460
-180
372
588
396
324
492
524
356
244
228
276
308
292
228
80
-212
-524
-556
-196
132
132
-48
-180
-104
72
260
428
588
620
652
748
876
988
988
924
1052
1180
1180
988
748
652
652
652
524
244
-72
-276
-148
132
396
428
340
244
104
228
556
1116
1500
1564
1500
1372
1500
1628
1980
2620
3516
4348
4604
3772
3132
3516
4348
4604
3772
3132
3260
3516
2748
1564
812
684
396
-652
-1756
-2236
-2492
-2876
-3516
-3900
-4348
-4860
-4860
-4860
-4860
-4860
-5116
-5116
-4860
-4092
-3644
-3388
-3388
-3388
-2876
-1980
-1052
-716
-876
-748
-148
356
308
48
72
340
524
524
588
684
492
180
112
276
196
-180
-276
104
524
460
-132
-620
-524
-104
212
492
684
748
780
844
1116
1372
1372
1244
1436
1884
2236
2108
1692
1564
1692
1980
1980
1500
1052
684
588
684
748
428
-96
-588
-716
-356
-120
-24
-196
-292
-148
16
120
80
356
748
1180
1308
1180
1244
1244
1244
1564
2236
3132
3772
3644
3004
2236
2492
3260
4092
4092
3132
2364
2108
2108
1628
924
844
620
56
-1180
-2364
-2620
-2492
-2236
-2620
-3516
-4348
-4860
-4604
-4092
-4092
-4348
-4860
-4604
-4348
-3772
-3516
-3516
-3516
-3132
-2364
-1500
-1308
-1628
-1884
-1308
-396
96
-212
-844
-924
-684
-132
372
460
120
-396
-460
-212
-24
-244
-524
-308
32
72
-96
-196
-88
8
228
556
748
780
588
748
1180
1692
1820
1564
1436
1564
1692
1980
2236
2108
1980
1692
1500
1500
1436
1308
1116
988
876
684
460
196
56
-16
8
96
72
-80
-180
-120
196
556
748
924
1116
1308
1244
1308
1564
1884
2108
1980
2108
2364
2876
3516
3772
3772
3388
3132
3516
4348
4860
4092
3004
2364
2364
2236
1436
924
812
492
-556
-2108
-2748
-2620
-2364
-2876
-3772
-4604
-4860
-4860
-4860
-5116
-5116
-5628
-5628
-5372
-4860
-4604
-4604
-4348
-3900
-3004
-2364
-2236
-2492
-2620
-1980
-1180
-492
-492
-988
-1372
-1052
-260
324
292
-104
-396
-196
244
524
460
244
132
112
260
292
292
460
748
988
988
844
780
812
1116
1628
2108
2364
2108
1756
1692
2108
2492
2748
2620
2236
1884
1756
1884
1884
1692
1308
876
556
396
228
40
-148
-260
-428
-556
-652
-748
-716
-524
-244
-96
132
324
524
780
1052
1564
1820
1820
1820
1756
1980
1980
2108
2236
2492
2876
3004
3132
3004
2492
2492
3132
4860
5372
3260
428
-1180
148
2364
3004
2236
844
-324
-2108
-4092
-4348
-2492
-48
-164
-2620
-5372
-6396
-5628
-4348
-3260
-3004
-4092
-5628
-6396
-5372
-3516
-2620
-3132
-4092
-3772
-2748
-1628
-1308
-1692
-1980
-1756
-748
-32
-372
-1116
-1308
-228
1308
1980
988
-524
-876
292
1820
2236
1372
80
-780
-748
396
1756
2236
1500
396
-48
164
748
1180
1500
1980
2108
1820
1180
876
1244
1756
2364
2492
1980
1116
244
356
1052
1372
1052
212
-396
-556
-460
-244
-228
-228
-460
-812
-988
-812
-276
132
396
492
524
492
556
924
1628
2364
2492
2236
1884
1980
2364
2620
2620
2492
2492
2492
2492
2876
3388
3516
3004
2364
2748
3644
4092
3644
2748
2236
1756
1116
812
1052
1436
876
-524
-1884
-2620
-2620
-2748
-2620
-2492
-3132
-4348
-5372
-5372
-4860
-4860
-5372
-5884
-5884
-5628
-5628
-5372
-5116
-4604
-4348
-4092
-3388
-2492
-1756
-1756
-1884
-1980
-1116
180
812
716
460
812
1436
1436
1052
988
1564
1820
1436
1116
1116
1372
1116
716
812
1116
876
212
148
988
1628
1244
556
460
924
1436
1692
1884
2108
1884
1436
1436
1756
2108
1884
1436
1244
1180
812
492
524
780
812
308
-212
-372
-180
104
212
180
-8
-212
-180
228
748
988
988
812
780
988
1372
1980
2108
2236
2108
1980
1884
1692
1500
1692
2364
2876
3132
3260
3260
3132
3132
3644
4348
4092
2364
924
1180
2748
3388
2492
1180
180
-748
-2108
-2876
-2492
-1500
-1500
-3004
-4860
-5628
-5372
-4860
-4604
-4860
-5372
-6140
-6908
-6652
-5628
-4860
-4860
-4860
-4860
-4348
-3516
-3004
-2364
-1756
-988
-324
-32
-132
-80
372
1372
2492
2876
2364
1628
1372
1692
2108
2620
2748
2236
1180
260
324
1052
1692
1500
652
-164
-556
-428
148
924
1116
292
-556
-652
56
844
1116
876
684
684
588
620
780
924
988
844
748
524
64
-340
-308
56
356
148
-492
-924
-812
-260
276
492
396
228
148
524
1180
1820
1980
1980
2108
2492
2876
3004
3004
2748
2492
2364
2492
2876
3260
3644
3900
4092
4348
4604
4860
4604
3516
1884
1308
2748
4348
4604
3004
1244
196
-844
-1820
-1980
-988
-212
-1436
-3900
-5628
-5628
-4860
-4348
-4348
-4860
-5884
-6908
-7164
-6396
-5372
-5116
-5372
-5628
-4860
-4092
-3644
-3388
-2876
-1980
-1244
-748
-492
-556
-748
-460
620
1884
2492
2748
3388
3388
2364
876
876
2236
2620
2108
1820
2364
1820
-260
-1436
-228
1756
1500
-460
-1436
-988
-652
-924
-460
748
460
-1436
-2492
-1180
924
1180
32
-844
-748
-524
-460
112
924
1052
180
-684
-260
356
180
-340
-164
460
460
-244
-748
-180
780
1308
1372
1308
1052
748
844
1820
3132
3516
2876
2236
1980
2236
2492
2748
2876
2748
2492
2492
2748
3260
4092
4860
5372
5372
4348
2492
924
1372
3772
5628
5372
3388
1180
-340
-1372
-1500
-716
428
428
-1564
-4348
-5884
-5628
-4348
-3516
-3644
-4604
-6140
-6908
-6908
-5884
-4860
-4604
-4860
-4860
-4604
-4348
-3772
-3260
-2620
-1820
-1244
-876
-844
-988
-924
-292
924
1980
2492
2236
1628
1692
2236
3004
3132
2364
1116
492
988
1884
2108
1756
1052
48
-1116
-1564
-780
164
276
-652
-1564
-1980
-1980
-1692
-1052
-372
-356
-1052
-1756
-1820
-1116
-292
228
356
88
-428
-748
-428
428
1116
1116
524
24
-148
56
492
988
1372
1180
652
356
684
1372
1884
1980
1980
1756
1692
1980
2492
3132
3260
2876
2364
2108
2364
2492
2620
2492
2364
2492
2876
3644
4604
5116
5116
3644
1980
1180
2236
4092
5116
4860
3260
1628
396
-492
-716
-260
684
652
-988
-3388
-5116
-4860
-3772
-2876
-3004
-4348
-5628
-6652
-6652
-5628
-4860
-4348
-4604
-5116
-5116
-4604
-4092
-3516
-2876
-2108
-1372
-1052
-1116
-1308
-1372
-652
780
2108
2364
1500
780
924
1820
2748
2876
2364
1436
748
588
924
1564
1820
1116
-212
-1180
-1244
-1052
-1052
-1052
-1116
-1436
-2108
-2492
-2364
-1980
-1436
-1116
-1052
-1372
-1820
-1980
-1244
-164
684
620
-40
-460
-212
492
1244
1692
1436
748
120
72
684
1308
1500
1308
988
620
428
684
1372
2108
2236
1980
1692
1628
1884
2108
2492
2620
2620
2236
1980
1980
2364
2620
2876
3132
3260
3516
4092
4860
5116
4348
2876
2108
3004
4860
5628
4860
3516
2620
1692
460
-276
228
1308
1244
-748
-3132
-4604
-4092
-3260
-2620
-2876
-4348
-5884
-6908
-6652
-5628
-5116
-5116
-5372
-5372
-5372
-4860
-4604
-4092
-3388
-2748
-1980
-1436
-1692
-2364
-2364
-1116
780
1756
1436
460
0
652
2236
3260
2876
1564
748
1180
1692
1564
1436
1692
1436
132
-1052
-924
-8
104
-1052
-1820
-1756
-1756
-2236
-2108
-1052
-340
-988
-1980
-1820
-684
-88
-196
-244
32
32
-260
0
876
1500
1308
812
924
1244
1116
812
988
1628
1756
1244
716
748
1180
1308
1500
1564
1500
1308
1180
1500
1884
2108
1756
1628
1692
1820
1820
1884
2108
2364
2748
3004
3260
3644
4092
4604
4092
3132
2492
3260
4604
5116
4348
3388
2876
2364
1244
196
308
1244
1308
-372
-2620
-3772
-3644
-3004
-2620
-3004
-4348
-5628
-6396
-5884
-5116
-4860
-5116
-5372
-5372
-5116
-4604
-4348
-3772
-3388
-3004
-2364
-1820
-1692
-1980
-2236
-1244
292
1308
1116
372
228
876
1980
2620
2620
1980
1500
1244
1244
1500
1820
1628
988
196
-104
-276
-620
-988
-924
-876
-1372
-1980
-2236
-1980
-1628
-1500
-1372
-1244
-1564
-1820
-1628
-780
-112
-260
-748
-844
-308
196
460
588
716
716
460
492
988
1436
1372
1116
1116
1308
1180
1052
1308
1692
1884
1756
1628
1756
1980
1980
1980
2236
2236
2108
1884
1980
2236
2492
2748
3132
3388
3516
3900
4604
4604
3644
2620
2748
4348
5372
5116
3900
3132
2748
2108
1308
1180
1692
1692
588
-1116
-2492
-2876
-2620
-2236
-2364
-3388
-4860
-5628
-5884
-5372
-5116
-5372
-5628
-5628
-5884
-5884
-5372
-4860
-4092
-3900
-3772
-3260
-2876
-2748
-2620
-2236
-1244
-324
308
340
164
244
924
1820
3004
3260
2364
1244
924
1692
2364
2620
2364
1756
812
-492
-1052
-524
228
72
-988
-1820
-2236
-2364
-2364
-1820
-844
-844
-1980
-3004
-2492
-1116
-180
-96
-356
-780
-1052
-812
324
1436
1564
988
492
780
1244
1564
1692
1884
2108
1820
1436
1308
1564
1884
1980
1980
1980
1692
1308
1308
1884
2236
1980
1372
1244
1692
1980
2108
2492
2876
2876
2748
3004
4092
4604
3900
2748
2492
3516
4604
4860
4092
3388
3132
2620
1820
1180
1244
1372
844
-340
-1500
-2236
-2492
-2492
-2492
-3132
-4092
-5116
-5372
-5372
-5372
-5628
-5628
-5372
-5372
-5628
-5372
-4860
-4604
-4348
-3900
-3516
-3004
-2748
-2748
-2364
-1692
-844
-112
308
524
492
716
1564
2236
2108
1500
1308
1756
2108
1980
1884
2236
1980
684
-228
132
988
924
-212
-924
-1052
-1180
-1564
-1372
-620
-460
-1372
-2108
-1756
-988
-812
-844
-620
-492
-812
-1116
-524
524
924
460
-16
164
652
988
1180
1372
1500
1244
924
1180
1756
1980
1884
1692
1692
1692
1628
1756
1980
2108
1820
1500
1500
1692
1820
1820
2108
2492
2620
2236
2236
3004
3900
4092
3260
2364
2364
3260
4092
4092
3516
2876
2620
2236
1500
1116
1436
1628
1116
-260
-1564
-2236
-2236
-2108
-2236
-2876
-3900
-4860
-5116
-5116
-5116
-5116
-5116
-5116
-5372
-5372
-5116
-4860
-4348
-4092
-4092
-3644
-3260
-3132
-2876
-2364
-1628
-812
-324
-228
-112
340
1116
1980
2748
2876
2620
1884
1436
1980
2876
3516
3260
2620
1820
1052
556
652
1308
1564
652
-780
-1756
-1564
-924
-340
-164
-652
-1628
-2620
-2620
-1500
-396
-276
-1244
-1980
-2108
-1436
-460
228
396
-48
-492
-396
212
988
1244
1052
924
812
844
924
1372
1756
1884
1884
1628
1500
1436
1564
1756
1884
1820
1628
1436
1436
1628
2236
2876
3004
2364
1980
2492
3388
3772
3004
2492
2876
3644
3772
3388
3132
3132
2876
2108
1372
1244
1500
1372
492
-652
-1436
-1884
-1884
-1980
-2364
-3132
-3900
-4348
-4348
-4348
-4604
-4860
-4860
-5116
-5116
-5116
-4860
-4604
-4348
-4348
-4092
-3644
-3388
-3260
-3132
-2492
-1500
-748
-428
-276
-8
620
1372
2108
2748
2876
2748
2492
2364
2620
3132
3260
3260
3004
2620
1884
1308
1180
1500
1500
780
-148
-780
-924
-812
-588
-556
-988
-1756
-2364
-2108
-1436
-1052
-1244
-1756
-1980
-1820
-1372
-988
-716
-620
-652
-780
-652
-276
164
308
292
396
524
684
812
1116
1564
1756
1756
1628
1692
1820
1820
1884
1884
1820
1756
1756
1692
1820
2108
2364
2364
2108
1980
2236
2748
3004
2492
1980
2108
2748
3132
3004
2620
2748
2748
2236
1308
924
1308
1628
1180
72
-844
-1308
-1372
-1372
-1564
-2108
-2876
-3644
-3900
-4092
-4092
-4348
-4348
-4348
-4604
-4604
-4860
-4604
-4348
-4092
-3900
-3644
-3388
-3388
-3388
-2876
-1884
-876
-372
-308
-132
356
1116
1756
2236
2364
2364
2364
2492
2876
3132
3132
3132
3004
2620
2236
1884
1884
1980
1692
924
228
-112
-180
-212
-292
-620
-1244
-1884
-2108
-1692
-1308
-1308
-1884
-2236
-2236
-1820
-1436
-1180
-1180
-1244
-1244
-1116
-844
-556
-396
-148
196
396
460
524
748
1116
1500
1564
1500
1372
1436
1564
1756
1756
1628
1372
1244
1500
1692
1756
1756
1820
1884
1820
1564
1820
2492
3132
2876
2236
1820
2108
2620
2876
2748
2876
3132
2748
1692
876
1052
1756
1980
1180
-56
-988
-1436
-1308
-1116
-1372
-2108
-2876
-3516
-3900
-3900
-3900
-3772
-3644
-3900
-4348
-4604
-4348
-4092
-3900
-3644
-3388
-3004
-3004
-3260
-3260
-2492
-1500
-716
-428
-492
-260
684
1564
1628
988
924
1820
2748
2748
2364
2492
2876
2364
1436
1500
2620
3132
1980
556
340
716
588
180
72
8
-812
-2108
-2364
-1436
-716
-1180
-2236
-2620
-2236
-1820
-1692
-1500
-1180
-1180
-1500
-1628
-1180
-652
-460
-524
-428
-120
40
24
148
620
1244
1500
1308
1116
1244
1692
1980
2236
2236
1980
1756
1756
1980
2108
2108
1980
2108
2108
2108
1980
1980
2236
2748
3132
2748
2108
1884
2236
2492
2620
2620
2620
2492
1980
1116
716
988
1564
1628
652
-620
-1372
-1308
-1052
-1052
-1500
-2108
-2748
-3388
-3772
-3644
-3388
-3132
-3388
-3772
-4092
-4092
-3900
-3772
-3644
-3516
-3132
-3004
-3132
-3260
-3004
-2364
-1628
-988
-748
-556
-324
-148
64
428
1180
1884
1980
1628
1500
1980
2236
2108
1884
2236
2492
2236
1500
988
1116
1180
876
588
460
120
-588
-1116
-988
-460
-460
-1052
-1692
-1884
-1628
-1308
-1116
-1052
-1116
-1372
-1628
-1500
-988
-556
-524
-716
-748
-556
-132
244
524
780
924
924
988
1244
1564
1756
1980
1980
1820
1820
1884
1980
1980
1980
1884
1820
1756
1820
1980
1980
1692
1372
1372
1820
2236
2236
1820
1308
1052
1116
1244
1308
1372
1628
1692
1180
340
-148
32
588
780
292
-556
-1244
-1500
-1308
-1180
-1244
-1564
-2108
-2620
-3004
-2876
-2620
-2620
-2620
-2876
-3004
-2876
-3004
-3132
-3132
-2748
-2236
-1980
-2236
-2492
-2492
-1980
-1116
-556
-428
-652
-876
-652
24
652
988
1116
1244
1308
1116
1116
1436
1884
2108
1980
1500
1116
924
876
988
1116
924
428
-164
-460
-356
-132
-48
-260
-684
-988
-1052
-844
-620
-556
-620
-652
-716
-924
-1052
-844
-460
-16
120
8
-32
8
104
372
748
988
1052
1180
1180
1372
1564
1756
1820
1756
1756
1756
1884
1884
1820
1820
1820
1692
1500
1308
1244
1244
1116
988
812
716
652
652
716
812
716
372
48
96
292
460
460
292
212
104
-32
-212
-428
-396
-276
-212
-428
-780
-1052
-1116
-988
-1052
-1244
-1372
-1436
-1500
-1628
-1820
-1820
-1820
-1884
-1980
-2108
-2108
-2108
-2108
-2108
-2108
-1980
-1820
-1820
-1820
-1692
-1500
-1308
-1180
-1116
-1052
-924
-748
-428
-212
-96
0
104
196
340
524
716
780
716
716
748
780
748
652
684
652
588
492
428
396
428
428
372
396
308
88
-80
-40
88
148
104
-16
0
64
164
292
460
588
620
684
812
988
1116
1308
1372
1372
1436
1500
1564
1500
1500
1500
1500
1500
1308
1116
988
924
844
876
924
812
588
460
396
372
324
212
148
180
324
372
356
340
212
148
228
460
556
428
228
80
16
24
64
112
104
-16
-164
-308
-396
-492
-556
-556
-620
-652
-780
-988
-1116
-1244
-1244
-1116
-1052
-1180
-1436
-1628
-1756
-1756
-1564
-1436
-1500
-1564
-1628
-1500
-1372
-1180
-1180
-1180
-1116
-1052
-924
-812
-780
-652
-524
-396
-428
-428
-372
-260
-148
-72
-24
-80
-164
-196
-132
-56
-24
-8
64
88
104
104
40
40
80
164
228
260
292
276
340
396
396
372
428
588
684
748
748
716
780
924
1052
1244
1244
1180
1116
1180
1244
1308
1308
1180
1180
1180
1180
1116
988
876
748
652
652
588
492
372
244
148
24
-88
-132
-120
-32
8
-104
-196
-228
-196
-120
-88
-180
-308
-356
-308
-260
-212
-164
-80
-32
48
120
112
56
40
88
180
324
292
244
196
80
32
80
180
164
64
-112
-324
-372
-308
-308
-460
-620
-684
-716
-716
-812
-876
-988
-924
-876
-876
-924
-1052
-1116
-1052
-924
-748
-716
-876
-1052
-1052
-988
-844
-780
-812
-844
-924
-924
-812
-716
-620
-588
-524
-524
-460
-396
-356
-244
-64
88
228
244
228
244
324
460
588
780
844
876
924
988
1052
1180
1308
1436
1500
1500
1500
1564
1564
1628
1564
1436
1308
1244
1244
1308
1116
812
588
372
260
244
196
64
-112
-260
-340
-396
-428
-524
-460
-460
-492
-556
-588
-524
-396
-340
-396
-396
-428
-428
-356
-244
-180
-148
-120
-8
72
112
96
148
292
396
428
372
356
356
356
356
276
180
96
56
40
-24
-164
-276
-324
-396
-524
-588
-620
-652
-684
-780
-812
-812
-844
-780
-716
-716
-716
-812
-780
-716
-620
-556
-492
-492
-588
-652
-684
-684
-588
-492
-460
-396
-428
-524
-556
-460
-292
-196
-180
-244
-260
-212
-196
-196
-104
8
56
112
148
180
196
308
492
588
620
588
556
716
876
988
988
988
844
780
876
988
988
844
652
556
588
652
588
460
292
180
148
104
80
32
24
-32
-72
-80
-40
56
96
120
132
196
260
340
372
260
164
132
276
372
428
428
324
324
340
396
460
428
372
396
428
460
492
396
292
292
356
356
260
96
-48
-120
-164
-196
-228
-340
-460
-524
-556
-652
-652
-588
-524
-556
-652
-684
-620
-588
-556
-556
-620
-588
-556
-492
-428
-460
-524
-492
-428
-428
-492
-556
-588
-524
-492
-492
-588
-588
-588
-588
-524
-460
-460
-428
-428
-356
-292
-260
-228
-244
-228
-212
-244
-244
-212
-148
-80
-72
-64
-24
48
72
40
24
0
-48
-48
8
32
96
132
56
80
148
164
112
148
228
292
308
340
340
324
340
396
460
492
460
492
556
588
588
620
652
716
748
684
652
620
620
652
716
716
652
620
588
620
620
652
748
748
684
652
620
524
428
396
356
340
324
212
104
8
-96
-148
-164
-276
-428
-492
-524
-556
-588
-556
-620
-588
-524
-428
-428
-460
-460
-340
-180
-132
-120
-212
-292
-324
-292
-164
-104
-132
-228
-308
-276
-164
-104
-164
-228
-244
-260
-244
-244
-308
-372
-396
-340
-308
-372
-428
-396
-324
-244
-244
-356
-340
-260
-212
-212
-260
-276
-340
-372
-324
-292
-292
-372
-524
-588
-524
-396
-324
-340
-396
-428
-356
-292
-292
-308
-228
-120
-40
32
0
-32
40
148
212
292
372
428
460
492
524
652
716
684
716
748
780
844
844
780
716
780
876
924
924
924
780
716
716
716
716
652
620
556
524
524
492
428
292
180
180
148
80
8
-132
-260
-340
-372
-340
-372
-428
-492
-492
-460
-396
-324
-396
-460
-556
-556
-428
-308
-276
-244
-292
-292
-244
-164
-148
-148
-120
-120
-64
0
56
40
0
-40
-56
24
48
-16
-132
-228
-180
-80
-80
-164
-292
-340
-396
-356
-340
-356
-372
-396
-372
-396
-460
-524
-588
-620
-588
-492
-524
-620
-652
-652
-588
-524
-524
-556
-524
-460
-324
-228
-196
-228
-196
-104
16
96
148
260
340
356
356
428
460
460
524
588
652
716
780
812
844
876
988
988
924
844
812
876
924
988
988
924
844
716
588
556
588
556
524
428
292
180
164
164
112
16
-40
-132
-196
-212
-212
-308
-428
-492
-460
-428
-460
-524
-588
-588
-524
-460
-460
-492
-556
-556
-460
-324
-260
-308
-396
-428
-340
-244
-180
-228
-276
-308
-276
-120
-72
-148
-212
-164
0
104
48
-80
-164
-164
-56
-8
-56
-120
-148
-148
-164
-148
-196
-212
-196
-180
-180
-228
-356
-460
-460
-396
-396
-428
-460
-492
-492
-460
-396
-372
-396
-428
-356
-260
-196
-164
-112
16
112
120
164
212
260
356
492
588
588
556
524
492
524
588
652
716
684
652
652
684
684
684
652
588
556
556
620
652
652
620
588
524
492
428
372
372
428
460
460
372
276
244
228
228
228
196
96
8
-40
-80
-132
-164
-164
-148
-164
-244
-260
-260
-228
-164
-196
-260
-308
-324
-308
-308
-260
-244
-244
-244
-260
-260
-308
-324
-308
-244
-180
-196
-276
-340
-372
-292
-196
-196
-228
-292
-340
-308
-292
-308
-356
-396
-396
-428
-492
-556
-620
-620
-524
-492
-588
-652
-716
-716
-684
-620
-620
-620
-652
-620
-492
-396
-324
-372
-460
-396
-276
-104
0
24
48
96
148
228
324
372
428
492
588
620
588
556
556
620
684
716
716
684
652
620
588
588
588
524
492
460
460
492
492
428
428
372
356
396
396
396
308
260
244
212
148
96
148
196
196
164
88
24
24
88
164
164
96
24
-8
40
104
148
112
32
0
8
72
148
112
40
-16
-8
32
96
212
196
132
56
8
24
48
96
64
8
-56
-88
-104
-104
-96
-148
-180
-212
-244
-324
-396
-460
-524
-492
-460
-460
-492
-588
-684
-716
-652
-588
-588
-652
-684
-716
-716
-620
-620
-652
-684
-620
-556
-524
-620
-684
-620
-492
-372
-292
-180
-164
-180
-80
0
72
148
180
228
340
428
524
524
524
524
588
652
684
620
556
556
556
588
524
428
372
340
292
244
228
180
148
88
64
72
80
72
8
0
16
-32
-56
-72
-88
-104
-64
-8
-56
-80
-96
-56
24
56
80
120
120
132
164
228
228
196
228
260
260
324
356
292
196
180
260
356
396
396
356
276
228
244
276
292
228
164
104
132
212
260
260
244
212
164
112
56
32
-24
-132
-260
-308
-356
-396
-396
-492
-588
-588
-588
-652
-716
-748
-812
-844
-844
-812
-812
-812
-812
-780
-716
-716
-684
-652
-620
-524
-428
-292
-148
-32
32
96
132
196
276
396
428
460
460
460
428
428
492
652
748
684
524
428
428
524
524
460
324
196
104
96
180
244
196
96
56
72
112
96
56
8
16
40
24
8
-80
-212
-228
-180
-148
-180
-196
-244
-244
-212
-180
-196
-180
-164
-132
-112
-64
-40
-48
-32
8
40
112
196
244
196
196
244
292
356
396
396
396
396
396
428
460
428
372
340
340
324
276
244
212
180
148
72
0
-40
-88
-112
-132
-164
-212
-308
-428
-524
-524
-492
-492
-492
-556
-620
-588
-524
-460
-460
-492
-556
-588
-524
-460
-428
-396
-372
-340
-324
-340
-244
-132
-64
-8
16
64
104
148
180
212
324
340
292
196
180
276
396
428
372
276
180
212
324
372
356
292
104
24
32
80
104
132
120
24
-32
-56
-24
-8
-24
0
-16
-88
-132
-196
-260
-228
-180
-244
-276
-260
-228
-164
-112
-8
24
0
40
88
148
212
292
324
308
292
276
292
372
396
372
356
308
276
308
340
292
292
308
276
228
228
244
244
228
212
164
88
80
88
132
132
88
24
16
8
-32
-88
-196
-244
-324
-396
-492
-556
-556
-556
-524
-588
-620
-652
-620
-556
-524
-524
-556
-588
-620
-556
-492
-460
-396
-372
-372
-308
-180
-120
-88
-24
16
72
132
132
132
148
228
244
228
212
228
260
324
372
324
324
324
308
356
356
324
308
324
260
196
212
228
212
228
196
132
104
40
64
96
132
112
40
0
-40
-24
-24
-40
-72
-120
-120
-132
-120
-104
-80
-32
0
8
64
112
148
180
180
212
244
212
260
340
396
396
324
276
308
356
396
460
428
396
356
292
276
244
276
244
180
132
112
120
88
56
8
-88
-180
-228
-244
-244
-292
-356
-396
-428
-492
-524
-556
-556
-588
-588
-620
-620
-620
-588
-620
-588
-588
-556
-556
-524
-460
-428
-372
-372
-396
-396
-356
-212
-148
-132
-132
-148
-132
-88
-80
-32
0
0
-8
-40
0
56
180
244
244
228
212
228
228
228
260
244
244
196
148
132
80
96
164
196
196
132
48
56
104
132
80
32
-24
-72
-8
56
56
8
-24
-56
8
112
164
180
196
228
260
276
276
324
372
396
396
340
340
372
460
556
556
492
460
396
428
460
492
524
492
428
396
396
396
428
428
396
308
244
228
180
148
104
48
0
-72
-164
-244
-308
-356
-356
-428
-492
-588
-652
-652
-620
-588
-620
-716
-748
-716
-652
-620
-620
-588
-556
-524
-428
-372
-324
-340
-356
-292
-212
-180
-120
-80
-88
-48
8
56
40
8
0
0
8
32
32
-16
-8
-24
-32
-24
-88
-88
-80
-112
-88
-64
-72
-96
-132
-164
-148
-120
-88
-80
-112
-132
-112
-72
-48
-72
-104
-132
-112
-80
-72
-32
8
-8
-64
-64
-40
8
40
0
32
80
120
196
292
340
396
460
460
460
492
524
652
780
812
780
684
620
652
716
748
780
748
716
684
652
652
652
620
556
460
396
396
340
244
104
-24
-56
-96
-196
-276
-396
-428
-428
-396
-396
-492
-588
-684
-684
-620
-588
-620
-652
-652
-652
-620
-556
-524
-524
-524
-492
-428
-356
-308
-308
-308
-292
-260
-212
-148
-104
-80
-40
-64
-72
-24
-16
16
32
0
0
0
16
56
56
40
32
24
0
-24
-8
8
0
0
-8
-32
0
16
0
16
8
-16
-56
-40
-16
-16
-64
-88
-132
-132
-80
-72
-48
-64
-104
-132
-104
-24
16
48
88
148
228
292
308
308
324
340
356
428
460
460
396
396
428
492
492
492
460
460
492
492
460
372
356
372
396
396
324
228
164
132
164
180
132
32
-80
-148
-120
-88
-148
-228
-324
-396
-428
-428
-460
-524
-556
-588
-556
-556
-620
-620
-620
-620
-524
-460
-492
-556
-524
-492
-356
-260
-244
-308
-308
-244
-212
-164
-132
-88
-56
16
48
32
48
88
180
260
244
164
164
212
276
292
260
212
120
72
88
104
132
148
104
72
88
104
148
148
120
104
104
104
88
80
56
48
40
56
56
32
32
56
56
72
80
80
112
120
120
120
120
72
104
180
212
244
244
228
244
292
340
340
356
356
356
396
396
356
340
356
396
396
356
324
260
228
292
292
260
196
132
104
132
148
112
64
-40
-148
-228
-244
-292
-356
-396
-460
-492
-556
-588
-620
-620
-652
-684
-684
-716
-780
-780
-748
-684
-652
-652
-684
-684
-652
-620
-588
-588
-588
-556
-492
-396
-324
-292
-244
-180
-132
-56
-48
-48
8
64
96
96
88
64
48
104
228
276
276
292
244
228
292
340
396
372
340
308
308
340
396
396
396
396
356
324
292
276
292
308
292
324
292
292
260
212
212
212
244
244
196
196
180
212
244
276
308
308
292
276
276
292
308
308
324
324
324
324
340
356
324
324
308
324
324
260
196
196
244
276
244
180
132
96
56
40
24
0
-24
-96
-148
-164
-180
-212
-244
-244
-276
-324
-396
-428
-460
-492
-492
-524
-556
-620
-684
-652
-588
-556
-620
-684
-716
-684
-620
-588
-588
-588
-556
-492
-492
-428
-428
-396
-324
-276
-276
-292
-292
-260
-196
-120
-104
-96
-132
-148
-164
-112
-48
16
24
16
0
-16
32
64
104
112
88
64
88
132
164
180
180
148
132
148
196
212
228
244
228
244
244
212
260
308
324
356
340
308
308
340
356
340
340
324
340
372
396
460
460
428
428
428
428
428
460
460
428
460
428
428
396
396
396
396
356
324
276
244
228
276
292
260
212
148
120
104
80
48
16
-48
-132
-164
-148
-164
-180
-196
-244
-292
-308
-356
-396
-428
-396
-428
-460
-492
-492
-492
-492
-524
-492
-524
-556
-588
-588
-556
-492
-428
-428
-396
-372
-324
-260
-212
-212
-212
-212
-180
-96
-56
-32
0
0
0
8
32
80
88
80
72
64
56
64
72
72
24
0
-8
48
56
56
56
24
-40
-64
-48
-48
-56
-80
-56
-56
-24
8
24
16
16
32
72
104
80
96
96
132
196
212
212
212
196
244
292
324
324
260
228
244
292
308
308
324
276
228
228
212
212
196
212
180
180
148
96
96
104
104
88
72
64
56
64
64
32
8
-40
-64
-72
-72
-88
-132
-148
-180
-164
-164
-164
-196
-260
-244
-228
-260
-276
-340
-396
-428
-428
-372
-356
-356
-396
-396
-356
-260
-212
-196
-180
-164
-96
-40
-16
-16
0
80
148
164
164
164
132
132
164
164
148
96
104
96
120
148
148
120
80
80
72
56
56
72
56
24
0
-40
-88
-88
-64
-16
0
-48
-56
-32
24
72
96
112
112
164
196
212
228
228
212
196
212
196
196
212
228
276
308
292
260
212
180
196
228
180
164
164
132
132
112
120
96
64
32
8
-32
-16
0
-48
-48
-64
-72
-72
-72
-96
-148
-180
-180
-196
-196
-196
-180
-180
-180
-228
-260
-292
-292
-260
-292
-340
-428
-428
-428
-428
-428
-492
-524
-556
-556
-492
-396
-396
-396
-428
-372
-292
-276
-244
-180
-148
-88
-8
32
96
132
148
196
212
212
244
276
244
244
276
244
244
228
260
308
324
324
292
260
228
212
228
228
196
164
148
164
148
148
112
88
104
112
96
64
64
80
120
148
164
164
196
196
180
212
228
244
228
244
244
212
228
228
228
212
164
180
148
96
112
132
132
132
164
164
164
164
180
164
132
72
40
56
112
148
88
-24
-16
-8
16
24
-32
-72
-132
-164
-180
-180
-196
-244
-244
-228
-244
-276
-308
-356
-356
-324
-356
-372
-428
-492
-524
-524
-492
-524
-524
-492
-492
-492
-460
-460
-460
-396
-356
-308
-260
-244
-228
-212
-196
-164
-104
-80
-64
-40
8
88
112
104
148
164
180
196
212
196
212
228
228
228
244
228
244
260
276
276
260
212
196
212
196
164
64
0
-24
-32
-24
-16
0
16
8
32
56
72
80
72
120
132
164
164
164
180
196
196
196
212
196
196
196
196
180
180
164
164
180
196
212
212
212
196
164
148
120
88
64
56
64
32
-8
-88
-96
-40
-32
-32
-48
-56
-64
-96
-120
-132
-120
-132
-120
-88
-112
-132
-132
-148
-148
-164
-212
-260
-292
-308
-308
-276
-260
-260
-244
-276
-292
-308
-292
-260
-276
-260
-228
-196
-148
-88
-24
8
88
96
72
56
64
112
212
260
244
244
196
196
244
260
260
244
228
212
228
228
196
164
148
148
132
148
120
96
80
56
32
-8
-48
-80
-120
-112
-96
-112
-132
-132
-132
-164
-148
-132
-104
-96
-80
-80
-56
-64
-80
-48
0
8
24
24
8
0
64
120
112
132
120
80
120
132
132
112
88
72
64
72
72
48
8
0
0
16
0
0
-16
-8
-24
-24
-48
-80
-48
-48
-40
-48
-88
-88
-96
-80
-64
-120
-112
-112
-104
-96
-96
-120
-164
-212
-228
-260
-260
-244
-260
-260
-260
-244
-212
-196
-196
-196
-164
-120
-72
-56
-48
-40
0
24
80
112
112
104
112
132
180
228
260
292
292
292
260
260
292
292
260
260
228
212
196
180
180
196
196
180
132
104
120
96
56
24
0
8
8
-8
-8
-16
-24
-32
-32
-24
-32
-32
0
16
40
32
24
48
48
48
64
56
48
40
32
16
0
32
32
0
-8
-8
0
16
16
16
16
0
-8
-48
-72
-104
-132
-132
-112
-80
-80
-120
-180
-212
-196
-120
-88
-80
-96
-132
-132
-132
-112
-88
-132
-180
-180
-180
-164
-148
-148
-132
-104
-104
-80
-96
-56
-40
-56
-80
-96
-80
-64
-32
-32
-64
-56
-16
-24
-16
-8
0
-8
-8
8
32
48
72
80
72
80
96
120
88
80
104
96
112
112
104
96
72
88
96
72
64
56
56
48
32
0
-24
-32
-24
-32
-56
-72
-80
-48
-72
-112
-112
-96
-64
-16
0
0
0
0
40
72
88
72
56
32
48
80
120
164
180
180
164
148
164
148
164
164
148
120
88
72
72
104
104
112
88
40
16
8
32
72
80
48
0
-8
-8
-16
-16
8
0
-24
-48
-64
-56
-64
-64
-40
-32
-24
-8
-16
-24
-40
-40
-32
-56
-96
-132
-96
-72
-40
-32
-56
-80
-96
-80
-72
-48
-32
-24
-40
-24
0
8
24
32
8
24
24
0
-32
-8
16
72
64
0
0
0
24
40
56
64
48
24
40
40
0
-40
-64
-24
-8
0
-16
-64
-56
-48
-48
-48
-48
-64
-72
-48
-48
-48
-72
-112
-104
-88
-120
-148
-164
-132
-96
-64
-40
-48
-72
-80
-64
-8
24
24
-16
-72
-88
-64
-48
-24
-40
-88
-88
-112
-88
-72
-56
-48
-24
-32
-56
-40
-16
0
8
40
8
-72
-104
-80
-40
16
32
0
-16
0
24
40
64
64
64
40
64
104
132
132
104
120
132
148
148
180
180
228
212
196
164
132
104
132
180
180
180
132
112
132
180
196
196
148
112
80
120
164
196
196
148
80
56
32
40
64
56
32
0
-8
-16
-8
-24
-48
-64
-64
-72
-48
-32
-48
-72
-96
-80
-88
-80
-80
-112
-120
-132
-148
-120
-132
-164
-148
-148
-132
-120
-148
-148
-148
-132
-132
-164
-180
-196
-196
-164
-120
-72
-80
-88
-80
-96
-80
-48
-40
-48
-40
-48
-48
-48
-32
-8
16
24
8
-8
8
8
16
24
8
-16
-72
-48
-8
8
0
-24
-40
-40
-16
16
32
48
40
16
32
64
64
96
96
88
96
88
120
112
148
148
104
112
132
132
132
148
148
132
104
64
48
56
64
56
80
64
56
40
0
0
16
24
0
-24
-56
-72
-64
-8
16
0
-8
0
16
8
0
8
0
0
0
-16
0
32
48
48
48
24
8
32
48
40
32
16
-16
-56
-48
-16
-24
-40
-40
-48
-64
-40
-32
-16
16
16
0
0
-24
-32
0
16
48
8
-24
-32
-56
-24
8
0
0
-8
-24
-24
-48
-32
-72
-132
-180
-164
-148
-132
-132
-164
-212
-196
-180
-148
-112
-120
-148
-148
-120
-96
-88
-80
-96
-96
-64
-40
0
0
8
24
24
16
16
56
64
88
96
56
32
48
40
48
48
16
8
8
40
48
88
88
88
56
48
64
48
24
8
-16
0
0
-8
8
24
24
24
-8
-40
-32
0
0
40
56
16
8
24
40
40
64
80
72
48
40
24
8
0
-16
-32
0
40
56
40
24
40
48
56
64
56
72
88
88
80
88
96
104
112
112
112
96
112
112
132
132
148
164
148
148
120
104
72
72
56
80
96
72
72
56
40
48
24
16
0
-32
-56
-72
-56
-64
-104
-112
-120
-132
-120
-112
-104
-132
-148
-132
-104
-80
-80
-64
-56
-48
-32
0
0
0
0
0
-24
-48
-40
-40
-40
-40
-24
-48
-72
-112
-112
-96
-112
-80
-104
-132
-164
-196
-212
-196
-196
-196
-212
-228
-212
-196
-164
-164
-180
-196
-196
-180
-112
-80
-72
-64
-72
-40
-8
8
24
16
-16
-40
-40
-32
-8
8
48
24
24
56
80
88
96
132
132
132
132
164
164
180
196
212
228
228
244
244
228
228
228
196
196
164
148
164
132
132
148
132
164
148
132
132
80
48
16
8
0
-8
0
32
40
8
-8
-24
-24
0
8
0
-32
-40
-56
-64
-40
-48
-56
-80
-64
-40
-24
0
24
40
48
56
48
40
56
56
40
40
8
0
0
0
8
16
16
8
-8
0
8
24
32
0
-24
-72
-104
-104
-80
-64
-96
-120
-132
-148
-132
-120
-80
-112
-132
-164
-164
-132
-120
-96
-104
-96
-72
-48
-32
-48
-48
-56
-56
-16
16
32
24
8
0
0
0
8
0
0
0
-8
0
0
24
40
32
0
-8
-8
0
-8
-24
-32
-32
-40
-48
-32
-32
-48
-48
-16
-24
-24
-24
-32
-8
-8
0
-16
-40
-48
-40
-64
-72
-96
-112
-112
-112
-88
-112
-96
-56
-48
-16
0
24
40
32
16
24
0
-8
16
40
64
96
96
96
112
132
132
164
212
212
212
196
164
196
196
196
196
164
120
104
96
72
80
80
88
96
72
48
8
0
0
-8
-24
-48
-80
-96
-80
-64
-40
-56
-64
-88
-72
-64
-24
-8
-40
-32
-40
-40
-16
16
32
32
40
72
88
104
80
40
48
56
72
96
88
96
112
120
132
164
164
148
112
72
80
88
120
132
112
64
24
0
0
0
8
-32
-48
-80
-112
-132
-148
-180
-180
-180
-180
-148
-180
