SAMPLES:	7935
BITSPERSAMPLE:	16
CHANNELS:	1
SAMPLERATE:	16000
NORMALIZED:	FALSE
-16
-8
-16
-16
-16
-16
-16
-8
-8
-8
-8
-8
-8
-8
-8
-16
-8
-8
-8
-8
-8
-8
-8
-8
-8
0
0
-8
-8
-8
-8
-8
-8
-8
-8
-8
0
0
0
0
0
0
0
0
0
0
0
0
0
0
0
0
0
0
0
0
8
8
8
8
16
16
8
8
8
8
8
8
8
8
8
8
16
16
16
16
16
16
16
16
16
16
8
16
16
16
16
16
16
8
8
8
8
8
8
8
8
8
8
8
8
8
8
8
0
0
0
0
0
0
0
0
0
0
0
0
0
-8
-8
-8
-8
-8
-8
-8
-8
-8
-8
-16
-16
-16
-16
-16
-16
-16
-16
-16
-16
-16
-16
-16
-16
-16
-16
-16
-16
-16
-16
-16
-8
-8
-16
-8
-8
-8
-8
-8
0
0
-8
0
0
0
0
0
0
0
0
0
0
0
0
0
0
0
0
0
0
0
0
8
8
8
0
0
8
8
0
8
8
8
8
8
8
8
0
0
0
0
0
0
0
0
0
0
0
0
0
0
0
0
0
0
0
0
0
0
0
0
0
0
0
0
0
0
0
0
0
0
0
0
0
0
0
0
0
0
0
0
0
0
0
0
0
0
0
0
0
0
0
0
0
0
0
0
0
0
0
0
0
0
0
0
0
0
0
0
0
0
0
0
0
0
0
0
0
0
0
0
0
0
0
0
0
0
0
0
0
0
0
0
0
0
0
0
0
0
0
0
0
-8
0
0
0
0
0
0
0
0
0
-8
-8
0
0
0
0
0
0
0
0
0
0
0
0
0
0
0
0
0
0
0
0
0
0
0
0
0
0
0
0
0
0
0
0
0
0
0
0
0
0
0
0
0
0
0
0
0
0
0
8
8
8
8
0
0
8
0
0
8
8
0
0
0
0
0
8
8
16
16
16
16
16
16
16
8
8
16
16
16
16
16
16
8
8
16
16
16
16
16
16
16
16
16
16
16
8
8
8
0
0
0
0
0
0
0
0
0
0
0
0
0
0
0
0
-8
-8
-8
-8
0
-8
-8
-8
-8
-8
-8
-8
-8
-8
-8
-8
-16
-16
-16
-16
-16
-16
-24
-16
-24
-24
-16
-16
-16
-24
-24
-16
-16
-16
-16
-16
-16
-16
-16
-16
-16
-16
-16
-16
-16
-16
-16
-8
-8
-8
-8
-8
-8
-8
-8
-8
-8
-8
-8
0
0
0
0
-8
0
0
0
0
0
0
0
0
0
0
0
0
0
0
0
0
0
8
8
0
0
0
0
0
0
0
8
8
8
8
16
16
16
16
16
16
16
16
16
16
16
16
16
24
24
24
24
24
24
24
24
24
24
24
16
24
24
16
16
16
16
16
16
16
16
16
16
8
8
16
8
8
16
8
8
8
8
0
8
8
0
0
0
0
0
0
0
0
0
-8
-8
-8
-8
-8
-8
-8
-8
-16
-16
-16
-8
-16
-8
-16
-16
-16
-16
-16
-16
-16
-16
-16
-16
-24
-24
-24
-16
-16
-16
-16
-16
-16
-16
-24
-16
-16
-16
-16
-16
-16
-16
-16
-16
-16
-8
-16
-16
-8
-8
-8
-8
-8
-8
-8
-16
-8
-8
-8
0
0
0
-8
0
0
0
0
0
0
0
0
0
0
0
0
0
0
0
0
0
8
8
8
8
8
8
8
8
8
16
8
8
8
8
8
8
8
16
16
16
8
8
8
8
8
8
0
0
0
8
8
8
8
8
8
8
8
8
8
0
8
0
8
0
0
8
8
8
8
8
16
16
16
8
8
8
8
0
8
8
8
8
8
8
8
8
8
8
8
8
8
8
8
0
0
8
8
8
8
8
0
0
0
0
0
0
0
0
0
0
-8
-8
-8
-8
-8
0
-8
-8
-8
-8
-8
-8
-8
-8
-8
-8
-8
-8
-8
-8
-8
-8
-8
-8
-8
-8
-8
-8
-8
-8
-8
-8
-8
-8
-8
-8
-8
-8
-8
-8
-8
-16
-16
-16
-8
-8
-8
-8
-16
-16
-16
-16
-16
-16
-16
-16
-16
-16
-16
-16
-16
-16
-16
-16
-16
-16
-16
-16
-16
-16
-8
-8
-8
-8
-8
-8
-8
0
0
0
0
0
0
0
0
0
0
0
0
0
8
8
8
8
8
8
8
8
8
16
16
16
16
16
16
16
16
24
24
16
16
16
24
24
24
24
24
32
24
24
24
24
24
24
24
32
24
24
24
24
24
24
24
24
24
16
16
16
16
16
16
16
16
16
16
16
16
16
16
16
8
8
8
0
0
0
0
0
0
0
-8
-8
-8
-8
-8
-8
-8
-8
-16
-16
-16
-16
-16
-24
-24
-24
-24
-24
-24
-24
-24
-24
-24
-32
-24
-32
-32
-32
-32
-32
-32
-32
-32
-32
-32
-32
-32
-32
-32
-32
-24
-24
-24
-24
-16
-24
-16
-16
-16
-16
-8
-8
-8
-8
-8
-8
-8
-8
-8
-8
0
0
0
0
0
0
0
0
0
0
0
0
0
0
0
8
8
8
16
8
8
8
8
16
16
16
16
16
16
16
16
16
16
16
24
24
24
24
24
16
24
24
24
24
24
24
16
16
16
16
16
16
16
16
16
16
16
16
16
16
16
16
16
16
16
8
8
8
8
8
8
8
8
0
0
0
0
0
0
0
0
0
0
0
0
0
0
0
0
-8
0
0
-8
-8
-8
-8
-8
-8
-16
-16
-8
-8
-8
-8
-8
-8
-16
-16
-16
-16
-16
-16
-16
-16
-16
-16
-16
-16
-16
-16
-16
-16
-16
-16
-8
-16
-16
-8
-8
-8
-8
-8
-8
-8
-8
-8
-8
0
0
0
0
0
0
0
0
0
0
0
0
0
0
8
8
8
0
0
0
8
8
8
16
16
16
16
16
16
8
8
8
8
8
0
0
0
0
0
0
0
0
0
0
0
0
0
0
0
0
0
0
0
0
0
0
-8
-8
-8
-8
0
0
0
0
0
0
0
0
0
0
0
0
0
0
0
0
0
0
0
0
0
0
0
0
0
0
0
0
0
0
0
0
0
0
0
0
0
0
0
0
0
0
0
0
0
0
0
0
0
0
0
0
0
0
0
0
0
0
0
0
0
0
0
0
0
0
0
0
0
0
0
0
0
0
0
0
0
0
0
0
0
0
0
0
0
0
0
0
0
0
0
0
0
0
8
8
8
8
0
0
8
8
8
8
8
8
8
8
8
8
8
0
0
0
0
0
0
0
0
0
0
0
0
0
0
-8
-8
-8
-8
-8
-8
-16
-16
-16
-16
-24
-24
-24
-16
-16
-24
-16
-24
-24
-24
-24
-24
-24
-24
-24
-24
-24
-24
-24
-16
-16
-16
-16
-16
-8
-8
-8
-8
0
0
0
0
0
0
0
0
0
8
8
16
16
16
16
16
24
24
24
24
24
24
24
24
24
24
32
32
32
32
32
24
24
24
24
24
24
24
16
16
16
16
16
16
16
8
16
8
8
8
8
8
0
0
0
0
0
0
0
0
0
0
0
-8
-8
-8
-8
-8
-8
-8
-8
-8
-8
-16
-8
-8
-8
-16
-16
-16
-16
-16
-16
-16
-16
-16
-16
-16
-16
-16
-16
-16
-16
-24
-24
-24
-24
-24
-24
-24
-24
-16
-16
-8
-16
-16
-8
-8
-16
-8
-8
-8
-8
-8
-8
-8
-8
-8
0
0
0
0
0
0
0
0
0
0
8
8
8
8
8
8
16
8
8
16
16
8
16
16
16
16
16
16
16
16
8
8
8
8
8
8
8
8
16
16
8
8
8
8
8
8
8
8
8
8
8
8
16
8
8
8
8
8
8
8
8
8
8
16
16
8
16
8
8
8
8
8
8
8
8
8
8
8
8
8
8
0
0
0
0
0
0
0
0
0
0
0
0
-8
-8
-8
-16
-16
-16
-16
-16
-16
-16
-16
-24
-24
-24
-24
-24
-24
-24
-24
-24
-24
-24
-24
-24
-24
-24
-24
-24
-24
-24
-24
-24
-16
-16
-16
-16
-16
-8
-8
-8
0
0
0
0
0
0
0
0
0
0
0
0
8
8
8
8
8
16
16
16
16
16
16
16
16
16
16
16
16
16
16
16
16
16
16
16
8
16
8
8
8
8
8
8
8
8
8
8
8
0
0
0
0
0
0
0
0
8
0
0
0
0
0
0
0
0
0
0
0
0
0
0
0
0
0
0
0
0
0
0
0
0
0
0
0
0
0
0
0
0
0
0
0
0
0
0
0
0
0
0
0
0
0
0
0
0
0
0
0
0
0
0
0
0
0
0
0
0
0
0
0
0
0
0
0
0
0
0
0
0
0
0
0
0
8
8
8
8
8
0
0
8
0
0
0
8
8
8
8
8
8
8
8
8
8
8
8
0
0
0
0
0
0
8
8
8
0
0
0
0
0
0
0
0
0
0
0
-8
-8
-8
-8
-8
-8
-16
-16
-16
-16
-16
-16
-16
-8
-16
-16
-16
-16
-16
-16
-16
-16
-16
-16
-16
-16
-8
-16
-8
-8
-8
-8
-8
-8
-8
-8
-16
-16
-8
-8
-8
0
0
0
0
0
0
-8
0
0
0
0
0
0
0
-8
0
0
0
0
8
0
0
0
-8
-8
0
0
0
8
8
8
16
8
8
8
8
16
16
24
24
16
16
16
24
32
32
32
32
32
32
32
32
32
40
40
40
40
40
40
40
48
40
40
40
40
32
32
24
24
24
24
24
24
16
16
16
8
8
0
0
0
-8
-8
-8
-8
-8
-8
-8
-16
-24
-24
-24
-24
-24
-24
-24
-32
-32
-40
-48
-56
-56
-64
-64
-64
-64
-56
-64
-64
-56
-48
-48
-48
-48
-48
-48
-48
-40
-40
-40
-48
-40
-32
-40
-40
-32
-32
-32
-24
-8
-8
-8
-8
-8
-8
-8
-16
-16
-16
-16
-8
0
0
0
0
0
8
16
16
16
16
16
8
16
8
16
24
16
24
24
24
32
40
40
32
48
56
56
64
56
56
56
56
56
56
56
56
48
48
56
56
56
56
56
56
40
56
64
56
56
56
56
40
32
24
24
24
24
24
24
24
24
8
8
0
0
0
0
0
-8
-8
-8
-16
-24
-24
-16
-24
-32
-24
-32
-48
-48
-48
-48
-48
-48
-48
-48
-40
-48
-48
-32
-32
-40
-32
-40
-48
-56
-48
-48
-40
-24
-24
24
120
196
196
104
-8
-148
-260
-324
-292
-148
0
64
80
120
132
80
-16
-32
-8
-24
-56
-24
40
32
-56
-148
-196
-212
-260
-292
-212
-104
-104
-112
-8
148
180
132
120
104
24
-132
-228
-212
-164
-132
-132
0
132
164
180
276
340
276
164
148
120
80
32
24
132
164
88
24
148
276
164
80
148
212
164
120
260
460
588
620
556
588
588
340
64
-72
-148
-356
-492
-428
-292
-244
-212
-164
-164
-244
-340
-396
-356
-292
-292
-244
-112
0
8
-40
-64
-180
-460
-684
-812
-876
-876
-780
-620
-340
-16
228
428
588
492
228
-64
-324
-524
-620
-524
-356
-164
24
180
292
340
292
148
24
-24
-40
-8
96
228
292
244
132
16
-132
-228
-292
-276
-180
-64
72
228
428
588
620
652
588
524
396
276
164
-32
-132
-120
-80
80
308
716
1500
2620
3644
4092
3644
2492
812
-844
-1980
-2364
-1980
-1308
-748
-588
-588
-396
-132
132
96
-260
-780
-1180
-924
-228
716
1628
1884
1308
164
-1052
-2236
-3132
-3900
-4604
-5116
-4604
-3516
-1692
260
1884
2876
2876
2108
716
-684
-1628
-2108
-2236
-1980
-1372
-396
716
1820
2236
1756
924
8
-844
-1500
-1564
-1116
-492
212
924
1692
2364
2620
2108
1052
-164
-1180
-1820
-1884
-1372
-620
212
1052
1980
2492
2492
1884
988
-180
-1436
-2364
-2748
-2236
-1628
-1180
-716
-396
-244
-104
16
164
292
428
524
684
924
1180
1372
1500
1436
1628
2620
4604
6396
7932
8316
6908
3772
24
-2876
-4348
-4348
-3516
-2236
-1116
-460
-460
-340
196
620
260
-524
-988
-780
16
1308
2748
3644
3388
1980
-148
-2364
-4348
-5884
-7420
-7932
-7932
-6652
-4604
-1628
1180
3132
3900
3516
2364
556
-1180
-2364
-2876
-2876
-2236
-1180
428
1980
2748
2492
1436
-164
-1884
-3004
-3132
-2364
-1052
492
2108
3260
3900
3644
2620
1180
-684
-2364
-3260
-3132
-2236
-1116
-72
1052
2108
2620
2876
2748
1980
716
-492
-1500
-1980
-2236
-2108
-1980
-1980
-1980
-1980
-1820
-1308
-652
-244
-32
428
924
1180
1500
1884
1980
1884
1372
684
340
396
780
1500
3004
5116
6652
7676
7676
6908
4348
1180
-1436
-3004
-3388
-3260
-2492
-1308
-308
24
48
324
716
492
-120
-460
-196
460
1180
1980
2492
2108
780
-1180
-3132
-5116
-6908
-8316
-8316
-7420
-5884
-3644
-812
1820
3516
4092
3644
2492
716
-1052
-2236
-2748
-2620
-1980
-1244
-324
460
812
620
120
-620
-1500
-1820
-1308
-148
1116
2236
3004
3260
2620
1372
104
-988
-1884
-2620
-2876
-2364
-1372
-228
1052
2236
3004
3132
2876
2236
1500
620
-228
-924
-1436
-1756
-1884
-1820
-1564
-1372
-1372
-1244
-780
-244
180
652
1244
1756
2108
2364
2620
2748
2748
1980
1116
396
32
-196
-148
556
1884
3644
5116
6908
7932
7932
6140
3260
372
-1820
-3132
-3516
-3004
-2108
-1500
-1372
-1436
-1116
-716
-780
-1116
-1500
-1756
-1628
-1052
-16
924
1116
428
-988
-2748
-4348
-5884
-6908
-7420
-7420
-6652
-5116
-2748
-292
1692
2876
3132
2492
1116
-524
-1820
-2620
-2876
-2620
-1980
-876
212
1052
1500
1436
844
-104
-844
-924
-620
-32
748
1500
1980
1980
1756
1308
716
-120
-988
-1564
-1500
-924
-32
1116
2236
3132
3644
3644
3260
2492
1500
524
-372
-988
-1244
-1244
-924
-428
-276
-356
-340
-276
-292
0
556
1116
1692
2236
2876
3388
3644
3260
2620
1884
924
-40
-524
-684
-620
-556
-40
1308
3004
4348
5628
6652
7420
6908
5116
3132
1436
-32
-1628
-2876
-3132
-2876
-2492
-2492
-2364
-1980
-1756
-1884
-2236
-2236
-2108
-1756
-1244
-652
-104
-48
-524
-1308
-2492
-3900
-5116
-6140
-6396
-6396
-6140
-4860
-3132
-1308
-16
876
1436
1436
924
-8
-924
-1628
-2236
-2492
-2364
-1756
-988
-276
276
620
556
372
260
212
180
148
104
292
556
684
748
844
812
524
228
120
308
684
1180
1564
1756
2108
2236
2364
2236
2108
1692
1244
924
588
244
0
-104
-340
-652
-844
-844
-556
-148
308
924
1692
2364
2620
3004
3132
2748
2108
1500
780
212
-212
-292
-196
-80
-132
-260
-8
372
556
1116
2236
3260
3772
4092
5116
5884
5884
5116
3900
2364
396
-1756
-3388
-3772
-3388
-3260
-3388
-3132
-2876
-2748
-2492
-1980
-1820
-1884
-1820
-1628
-1244
-588
80
340
0
-988
-2364
-3644
-4348
-5116
-5884
-5884
-5372
-3900
-2620
-1116
428
1500
1820
1436
524
-460
-1372
-1980
-2364
-2236
-1756
-1052
-244
652
1052
1116
876
684
556
428
492
748
1116
1244
1308
1372
1500
1564
1052
292
-396
-876
-1052
-748
96
1052
1980
2876
3644
4092
4092
3644
2876
1884
716
-340
-1052
-1244
-1244
-1180
-1052
-588
-56
292
748
1180
1500
1692
1820
1980
2364
2492
2364
1980
1436
844
244
40
180
524
988
1564
1980
1820
1308
428
-748
-1884
-2364
-1756
-292
1308
2236
2492
2364
1820
1180
1308
2236
3132
3260
2620
1628
524
-460
-1116
-1564
-1980
-2620
-3644
-4604
-4860
-4348
-3772
-2876
-1884
-1244
-812
-588
-428
-372
-652
-1308
-2236
-3260
-3772
-4092
-3900
-3644
-3260
-3132
-3388
-3644
-3644
-3260
-2620
-2108
-1564
-1116
-716
-340
-112
196
356
212
-64
-460
-812
-988
-924
-652
-292
96
524
924
1244
1436
1500
1500
1564
1692
1884
1980
2108
2236
2236
2108
1884
1820
1756
1692
1756
1884
2108
2364
2492
2492
2364
2236
1820
1500
1244
1052
924
924
1180
1436
1692
1980
2108
2236
2108
1692
1500
1500
1628
1756
1884
1980
1980
1692
1052
428
148
-72
-308
-164
308
684
748
620
524
244
-244
-716
-988
-924
-844
-812
-652
-180
260
748
1692
3004
3900
4092
3132
1756
56
-1692
-3132
-3644
-3516
-3260
-3516
-3772
-3772
-3644
-3772
-3900
-3644
-3260
-2876
-2492
-1756
-780
-132
-104
-684
-1564
-2620
-3900
-4860
-5372
-5884
-5884
-5372
-4604
-3132
-1692
-428
524
1116
1180
716
80
-428
-812
-1180
-1436
-1308
-924
-396
96
620
1052
1308
1436
1628
1884
2236
2364
2364
2364
2364
2108
1980
1756
1436
1052
620
460
492
748
1116
1436
1820
2236
2620
3004
3132
3132
3004
2492
1884
1500
1244
1116
1052
988
844
716
684
716
924
1244
1372
1500
1500
1500
1436
1436
1756
2108
2108
2108
1980
1628
1180
780
492
428
556
844
1052
1308
1500
1244
556
-148
-812
-1372
-1756
-1628
-988
-340
212
620
1052
1372
1372
1180
1244
1628
1756
1436
748
-80
-1244
-2620
-3516
-3644
-3388
-3132
-3132
-3132
-3132
-3260
-3132
-2876
-2364
-2108
-1884
-1884
-1756
-1500
-1500
-1564
-1820
-2364
-3132
-3900
-4092
-4348
-4348
-4092
-3900
-3388
-2876
-2236
-1372
-588
-16
64
-196
-460
-556
-524
-340
-88
112
196
244
276
244
148
8
-228
-428
-428
-40
684
1564
2236
2620
2748
2620
2364
2236
2236
2108
1980
1884
1756
1756
1820
1884
1884
1820
1692
1564
1628
1884
2108
2364
2620
2748
2748
2876
2876
2748
2364
1980
1436
924
524
428
588
988
1372
1756
1980
2108
2108
1980
1692
1180
652
164
-104
-104
-88
-80
-104
-96
-96
-276
-524
-620
-876
-1244
-1564
-1628
-1500
-1244
-844
-460
-180
-196
-460
-812
-924
-844
-556
196
1116
1628
1436
924
260
-396
-1116
-1308
-988
-844
-1372
-2492
-3260
-3644
-3644
-3516
-2748
-1500
-812
-1116
-1628
-1628
-1244
-1244
-1436
-1372
-1116
-1372
-1980
-2364
-2364
-2492
-3260
-4092
-4092
-3516
-2748
-1884
-924
56
396
112
-112
72
180
-148
-524
-748
-1052
-1500
-1820
-1564
-876
-372
-164
180
812
1500
1820
1980
2364
2620
2364
1980
1884
1980
1756
1372
988
876
924
924
1244
1884
2620
3004
3260
3516
3900
3900
3516
3132
2876
2364
1692
1180
1052
1116
1052
924
748
748
812
780
988
1564
2236
2492
2620
2748
2620
2108
1372
780
260
-180
-588
-876
-988
-1052
-1244
-1500
-1436
-1116
-924
-716
-428
-228
-292
-524
-748
-812
-780
-748
-684
-556
-428
-396
-556
-780
-1052
-1308
-1500
-1372
-844
-228
324
684
652
356
-148
-556
-844
-988
-1052
-1116
-1244
-1308
-1564
-1820
-1884
-1884
-1980
-1980
-1980
-1980
-1820
-1692
-1756
-1756
-1980
-2236
-2492
-2748
-2876
-3004
-3260
-3388
-3388
-3260
-3004
-2492
-1980
-1500
-924
-524
-244
-164
-292
-588
-988
-1372
-1436
-1180
-812
-276
244
748
1116
1436
1692
1980
2236
2492
2620
2748
2876
2876
2748
2620
2364
2236
1980
1980
1980
2108
2364
2492
2620
2876
3004
3260
3388
3516
3388
3260
2748
2236
1692
1308
1180
1052
924
988
1116
1052
1052
1052
988
1052
1116
1244
1436
1756
1820
1628
1244
620
8
-524
-876
-988
-988
-1052
-1116
-924
-588
-244
132
292
308
88
-396
-844
-1180
-1180
-988
-876
-876
-988
-1180
-1308
-1500
-1628
-1692
-1692
-1500
-1308
-924
-356
340
988
1180
876
164
-620
-1308
-2108
-2748
-3004
-3132
-3132
-3132
-3004
-2876
-2620
-2364
-2492
-2748
-2748
-2748
-2748
-2620
-2236
-1884
-1756
-1756
-1884
-2108
-2236
-2492
-2748
-2748
-2620
-2236
-1884
-1308
-780
-372
-260
-340
-356
-324
-228
-96
-16
96
276
556
924
1244
1692
1980
2108
2108
1980
2108
2108
2236
2364
2492
2364
2364
2364
2364
2364
2364
2364
2492
2620
2876
3132
3388
3516
3644
3516
3260
3004
2876
2748
2620
2364
2236
2108
1980
1820
1756
1692
1628
1564
1500
1436
1436
1372
1308
1372
1244
876
428
148
-48
-164
-244
-212
-96
16
-56
-324
-460
-428
-556
-780
-924
-1116
-1436
-1692
-1756
-1692
-1500
-1436
-1372
-1500
-1628
-1884
-2236
-2492
-2492
-2364
-2108
-1820
-1500
-1308
-1372
-1692
-2236
-2492
-2364
-1980
-1372
-748
-56
324
244
-228
-716
-1116
-1500
-1884
-2236
-2236
-2236
-2108
-2108
-2108
-2108
-2108
-2492
-2748
-2748
-2492
-2236
-1980
-1628
-1308
-1180
-1244
-1244
-1308
-1308
-1372
-1500
-1564
-1500
-1436
-1372
-1116
-716
-292
-112
-148
-244
-460
-684
-620
-292
324
1052
1692
2108
2492
2876
3004
3132
3132
3260
3260
3388
3388
3260
3260
3132
3004
2876
2748
2620
2492
2620
2620
2876
3004
3260
3388
3388
3388
3260
3132
3004
2748
2620
2364
2236
1980
1980
1820
1628
1372
988
556
196
-24
-180
-356
-460
-588
-620
-492
-308
-88
32
-32
-292
-684
-1052
-1180
-1116
-876
-588
-428
-428
-652
-1116
-1564
-2108
-2748
-3004
-3004
-2748
-2108
-1436
-924
-684
-844
-1308
-1820
-2108
-2236
-2108
-1980
-1884
-1884
-1692
-1372
-924
-460
64
372
260
-148
-620
-924
-1244
-1372
-1372
-1244
-1180
-1308
-1564
-1756
-1884
-1980
-2236
-2364
-2364
-2236
-1884
-1564
-1052
-556
-324
-428
-812
-1308
-1692
-1980
-2236
-2236
-1980
-1820
-1692
-1500
-1180
-684
-228
-16
0
48
164
292
556
876
1244
1436
1372
1116
924
1052
1244
1436
1692
1980
2364
2492
2620
3004
3388
3644
3772
3644
3260
3004
2620
2364
2236
2364
2492
2364
2364
2364
2364
2620
2620
2620
2364
1980
1692
1372
1244
1244
1244
1180
1052
812
652
588
524
428
260
-80
-524
-876
-988
-748
-292
96
244
164
-196
-748
-1308
-1564
-1500
-1308
-1116
-876
-684
-588
-748
-988
-1180
-1372
-1628
-1884
-1980
-1884
-1564
-1372
-1244
-1244
-1308
-1500
-1692
-1820
-1628
-1244
-876
-812
-988
-1180
-1308
-1372
-1244
-924
-340
180
428
308
96
-48
-148
-308
-524
-588
-684
-844
-1180
-1372
-1308
-1116
-1052
-1116
-1308
-1564
-1692
-1820
-1884
-1756
-1500
-1308
-1244
-1180
-1052
-812
-524
-324
-292
-356
-492
-652
-780
-812
-620
-356
-228
-260
-308
-276
-72
244
524
876
1244
1436
1308
1180
1180
1372
1628
1980
2364
2620
2876
2748
2492
2364
2108
1980
1820
1756
1820
1980
2236
2492
2620
2492
2236
1884
1500
1244
1116
1244
1500
1628
1692
1628
1500
1244
924
716
652
588
524
492
428
260
56
-112
-372
-620
-748
-780
-716
-620
-556
-460
-492
-556
-620
-652
-620
-524
-492
-492
-460
-524
-652
-844
-988
-1116
-1052
-988
-988
-1052
-1244
-1564
-1756
-1980
-1820
-1372
-844
-460
-196
-164
-244
-428
-716
-1052
-1244
-1308
-1244
-1052
-844
-524
-228
-88
-196
-524
-844
-1180
-1244
-1116
-812
-396
-64
56
-64
-396
-844
-1244
-1564
-1692
-1692
-1564
-1308
-1116
-1116
-1116
-1244
-1308
-1308
-1244
-1180
-1052
-924
-812
-780
-716
-524
-244
-24
132
228
260
180
40
-132
-228
-104
180
492
876
1116
1244
1308
1308
1500
1692
1884
2108
2236
2364
2364
2364
2364
2364
2492
2492
2492
2492
2364
2108
1756
1564
1564
1564
1628
1692
1756
1884
1980
1980
1884
1756
1628
1372
1180
988
844
684
524
356
112
-104
-308
-428
-428
-396
-396
-460
-524
-588
-492
-340
-148
-40
-24
-88
-276
-556
-876
-1180
-1436
-1564
-1628
-1564
-1372
-1052
-652
-460
-428
-524
-748
-988
-1244
-1372
-1308
-1052
-780
-492
-324
-276
-460
-812
-1244
-1564
-1756
-1756
-1500
-1180
-812
-652
-716
-988
-1308
-1564
-1756
-1820
-1500
-1180
-844
-588
-524
-620
-780
-924
-924
-844
-652
-428
-276
-244
-356
-652
-988
-1116
-1180
-1116
-924
-748
-588
-524
-492
-524
-556
-524
-428
-244
-8
260
524
684
812
924
924
876
844
748
748
812
924
1116
1244
1308
1372
1372
1372
1436
1436
1500
1564
1628
1692
1820
1980
2108
2236
2108
1884
1692
1436
1308
1180
1180
1244
1308
1244
1116
844
524
308
164
164
308
524
780
988
1052
876
652
492
396
372
292
292
276
244
88
-212
-492
-684
-812
-1180
-1180
-1052
-812
-492
-556
-716
-924
-988
-1116
-988
-620
-88
292
356
-120
-812
-1436
-1980
-2108
-1884
-1308
-748
-308
-164
-292
-620
-844
-1052
-1052
-924
-684
-428
-340
-428
-460
-428
-556
-652
-716
-812
-924
-924
-1052
-1180
-1052
-924
-716
-428
-96
96
164
180
80
-148
-372
-460
-588
-588
-556
-588
-588
-460
-308
-104
148
356
524
524
428
292
180
228
396
684
1052
1308
1372
1308
1052
716
524
492
588
716
812
924
988
1052
1052
924
876
812
748
620
524
588
556
652
684
620
588
652
652
684
876
844
748
652
460
180
-80
-428
-716
-812
-684
-428
-260
-48
-40
-80
-428
-748
-988
-1180
-988
-684
-292
24
292
324
32
-428
-812
-1116
-1180
-988
-684
-244
180
396
276
0
-132
-180
-244
-180
-56
72
48
-64
-396
-748
-876
-924
-812
-588
-212
48
324
492
492
428
308
228
88
-48
-56
-8
112
180
132
-32
-276
-556
-780
-812
-684
-396
-32
324
556
652
524
276
-72
-340
-460
-524
-428
-292
-132
-32
-32
-64
-112
-196
-212
-96
112
292
428
492
492
372
148
-8
-132
-180
-112
-24
96
356
556
716
812
924
924
988
924
844
812
716
620
428
196
-80
-356
-492
-460
-292
-48
164
324
428
428
340
292
260
244
308
396
492
524
428
180
-148
-492
-812
-988
-988
-812
-524
-228
48
228
340
308
244
164
0
-148
-244
-308
-324
-276
-340
-396
-428
-556
-684
-620
-556
-460
-276
-132
24
96
132
88
40
-8
-132
-244
-276
-340
-428
-492
-524
-524
-524
-396
-212
0
148
292
372
340
244
56
-180
-372
-524
-588
-556
-492
-356
-228
-132
-72
0
40
16
16
24
24
16
56
48
8
-88
-196
-260
-292
-228
-164
-80
48
148
196
276
396
428
428
460
460
460
460
428
372
212
56
-64
-104
-48
16
148
292
396
428
396
460
556
652
780
876
924
844
716
556
396
212
104
8
-56
-40
-16
64
212
340
524
652
716
716
652
556
428
276
180
96
0
-72
-104
-96
-80
-72
-40
-48
-8
-16
-88
-132
-228
-244
-276
-260
-212
-196
-180
-164
-308
-492
-620
-748
-780
-748
-620
-460
-340
-228
-164
-96
-148
-276
-396
-524
-620
-620
-588
-524
-460
-396
-396
-460
-524
-588
-652
-716
-748
-684
-684
-652
-620
-524
-396
-324
-244
-180
-132
-80
-80
-104
-132
-148
-148
-148
-112
-120
-164
-228
-292
-372
-396
-372
-292
-228
-180
-24
104
260
428
524
620
588
492
428
396
356
308
308
292
228
196
196
212
244
324
396
428
492
588
716
844
1052
1116
1116
1052
924
780
652
588
524
492
460
460
460
524
524
460
428
396
324
308
372
428
524
556
524
492
396
324
180
48
-132
-292
-396
-372
-244
-112
16
48
40
-24
-132
-260
-308
-356
-428
-460
-428
-396
-428
-428
-492
-556
-588
-652
-684
-652
-524
-460
-372
-308
-292
-292
-292
-308
-324
-396
-460
-524
-524
-492
-396
-324
-196
-148
-164
-148
-180
-228
-292
-396
-460
-460
-396
-244
-64
96
180
196
104
-24
-148
-292
-372
-428
-460
-492
-524
-492
-396
-292
-212
-132
-48
-32
0
40
80
132
212
292
372
356
324
308
228
180
132
56
0
24
32
48
196
356
492
620
716
748
684
588
460
340
244
180
164
228
324
460
588
684
748
716
620
524
428
324
244
228
228
228
276
340
396
460
460
428
340
212
164
104
64
32
8
-16
-40
-88
-196
-292
-460
-620
-716
-684
-652
-460
-260
-80
48
180
244
164
48
-88
-292
-524
-652
-716
-748
-620
-492
-308
-132
8
104
212
228
196
132
32
-40
-112
-132
-148
-196
-244
-340
-460
-524
-588
-556
-524
-428
-324
-228
-48
80
180
244
164
72
-48
-228
-372
-492
-588
-684
-748
-748
-716
-620
-460
-292
-148
-32
8
40
80
32
-16
-88
-148
-260
-260
-212
-196
-112
-64
24
212
356
492
620
716
716
716
684
684
684
684
620
524
396
228
88
8
-24
-24
-16
32
180
356
588
780
924
988
876
780
588
396
228
104
16
-56
-48
-32
-40
-56
-56
-8
-8
-64
-16
96
164
260
396
460
492
396
260
72
-132
-308
-428
-492
-524
-460
-340
-212
-80
48
132
164
180
132
32
8
-16
-24
0
16
56
24
-64
-212
-372
-492
-588
-652
-556
-460
-396
-276
-148
-80
-48
-8
-96
-212
-324
-396
-396
-372
-308
-228
-164
-180
-180
-180
-196
-228
-276
-292
-308
-340
-340
-260
-228
-148
-88
-132
-120
-196
-324
-356
-276
-148
-16
104
244
340
396
396
308
148
0
-132
-228
-244
-164
-96
8
132
164
212
228
276
308
340
340
292
260
212
180
164
196
212
164
112
16
-48
-64
-80
-16
72
260
524
780
924
1116
1116
988
812
684
524
340
212
120
40
-40
-40
-8
0
8
16
8
64
120
120
148
164
164
164
120
32
-112
-276
-492
-684
-844
-924
-988
-924
-812
-652
-524
-428
-356
-276
-212
-180
-164
-212
-260
-324
-356
-428
-556
-620
-652
-652
-620
-556
-460
-396
-292
-196
-72
88
244
396
460
524
524
428
340
276
180
112
48
56
120
164
228
276
324
340
340
324
292
212
64
-24
-88
-148
-120
-56
40
132
212
292
276
244
212
132
112
88
0
-48
-132
-164
-132
-112
-24
32
64
120
164
180
244
308
428
524
620
588
524
428
292
180
88
0
-80
-96
-80
-16
56
132
196
228
212
180
164
164
164
148
104
48
24
-64
-132
-180
-212
-244
-292
-292
-260
-228
-164
-88
0
88
48
-24
-64
-180
-276
-324
-356
-396
-428
-492
-492
-396
-372
-340
-356
-340
-292
-228
-180
-96
-48
-48
-72
-88
-88
-148
-164
-196
-228
-196
-196
-148
-56
-8
-40
-16
32
48
16
-32
-112
-212
-308
-396
-492
-524
-524
-428
-292
-212
-80
8
88
244
356
396
396
340
228
112
-16
-120
-180
-244
-292
-228
-132
-64
24
132
276
372
492
620
716
780
780
716
652
556
460
372
340
292
212
196
196
180
212
260
276
324
372
396
460
428
428
372
276
196
120
72
0
-56
-64
-56
-72
-8
56
120
104
56
56
-8
-72
-104
-88
-64
-80
-112
-132
-164
-180
-196
-180
-196
-244
-196
-164
-112
-24
40
80
104
80
32
8
-48
-88
-120
-164
-148
-196
-212
-244
-260
-260
-276
-260
-244
-212
-180
-148
-132
-164
-196
-244
-324
-340
-372
-356
-324
-292
-260
-260
-276
-276
-308
-324
-372
-428
-492
-524
-460
-356
-244
-120
32
88
64
56
-40
-148
-244
-324
-396
-460
-428
-372
-244
-104
56
196
228
244
228
212
228
244
244
244
228
196
180
180
180
196
196
212
180
164
180
244
308
340
372
396
396
340
292
228
180
148
132
148
212
292
396
492
588
620
620
620
588
524
428
356
196
80
-16
-120
-180
-228
-212
-132
-24
120
276
372
460
556
556
524
428
276
132
-8
-180
-260
-340
-428
-428
-428
-356
-308
-228
-148
-88
-8
0
16
8
-8
-48
-112
-164
-212
-292
-356
-396
-428
-428
-460
-428
-396
-396
-396
-372
-324
-276
-244
-212
-228
-212
-228
-260
-292
-324
-324
-372
-396
-372
-292
-212
-132
-16
8
0
-16
-80
-72
-56
-88
-104
-164
-212
-212
-212
-120
-56
-48
-32
-16
40
132
196
292
324
340
340
308
324
324
324
276
260
228
228
180
196
180
180
244
292
356
428
524
556
524
524
460
340
244
164
120
120
132
164
212
244
308
340
356
340
308
260
180
120
96
40
16
0
-8
-32
-104
-112
-120
-132
-88
-40
-40
-16
-56
-80
-112
-132
-132
-180
-212
-212
-212
-228
-212
-212
-228
-308
-356
-396
-460
-492
-492
-460
-428
-340
-276
-164
-72
8
24
16
-8
-88
-164
-244
-308
-340
-356
-324
-292
-260
-228
-164
-164
-164
-212
-244
-276
-276
-228
-164
-132
-80
-56
-32
0
80
132
132
132
104
56
0
-16
16
32
64
80
104
112
96
72
32
8
0
24
96
180
276
396
460
396
308
244
164
80
32
8
8
64
120
164
228
340
372
356
356
324
276
228
212
228
228
276
308
260
212
148
64
32
8
-8
-24
0
56
48
112
196
244
292
276
260
196
112
48
40
80
80
72
32
-24
-148
-276
-372
-396
-372
-308
-212
-148
-40
32
64
48
32
-56
-196
-340
-428
-428
-460
-460
-356
-292
-228
-148
-120
-148
-180
-228
-276
-324
-308
-244
-180
-120
-40
8
40
80
112
104
48
0
-40
-64
-24
40
104
112
104
48
16
-16
0
48
80
88
64
40
24
16
32
64
48
64
112
164
212
212
212
164
72
0
-16
-16
-48
-16
8
0
-24
-48
-40
-48
-80
-120
-132
-164
-104
-8
64
132
148
104
72
48
0
-24
-96
-104
-72
-72
-16
56
96
148
180
212
212
180
132
148
164
112
56
24
-8
-16
0
56
96
132
148
164
212
212
212
196
180
112
32
-8
-64
-148
-180
-228
-244
-180
-148
-112
-80
-88
-164
-180
-212
-228
-212
-196
-164
-148
-120
-104
-72
-72
-88
-132
-212
-292
-340
-324
-308
-260
-196
-132
-80
-8
32
96
104
112
80
56
24
24
40
80
72
56
104
120
132
132
164
196
164
164
132
132
132
120
120
112
112
80
72
88
132
132
148
164
80
16
0
16
0
16
48
40
40
16
-8
-16
-40
-40
-16
8
40
48
8
-24
-32
-24
0
40
32
32
32
32
72
64
56
72
64
16
8
-24
-16
0
8
48
96
180
212
228
260
276
244
196
96
-16
-148
-276
-324
-356
-324
-244
-164
-88
-40
8
56
24
-32
-112
-180
-292
-324
-308
-260
-212
-180
-164
-180
-212
-244
-260
-260
-260
-244
-196
-112
-56
-16
64
96
56
24
-8
-72
-112
-120
-164
-164
-180
-148
-120
-72
0
72
112
112
148
148
164
180
196
228
228
196
132
16
-64
-132
-148
-112
-64
0
48
88
148
164
228
292
292
292
276
212
180
132
80
64
56
64
132
180
228
260
260
228
148
88
24
0
0
0
16
80
80
132
196
244
292
292
260
228
212
164
112
72
32
-16
-96
-164
-212
-260
-308
-340
-324
-260
-180
-64
40
96
148
164
164
96
8
-88
-164
-276
-356
-396
-460
-492
-492
-428
-396
-292
-212
-132
-24
48
40
56
80
56
16
8
-16
-96
-148
-212
-244
-244
-228
-228
-212
-164
-120
-56
0
72
96
104
112
88
88
120
96
120
80
8
0
-8
0
32
80
96
56
16
-32
-48
-24
0
16
48
72
80
96
112
72
72
88
32
8
8
-8
0
56
112
148
180
212
180
120
88
80
32
48
96
148
228
308
340
340
308
228
148
72
16
40
48
96
180
212
260
244
196
80
-48
-132
-164
-212
-196
-180
-148
-104
-32
16
8
-48
-132
-228
-308
-340
-324
-292
-212
-132
-96
-72
-80
-112
-164
-212
-228
-212
-148
-48
40
104
80
24
8
-80
-132
-132
-180
-180
-148
-96
-8
64
112
104
96
40
-8
24
56
72
96
132
132
164
180
148
96
8
-112
-180
-180
-196
-164
-80
-32
0
48
88
56
16
-48
-196
-276
-324
-324
-276
-196
-64
48
104
148
132
88
40
-16
-24
-56
-40
8
-16
-40
-24
-24
-48
-48
-48
-72
-80
-40
-24
24
120
180
276
308
308
292
292
244
228
228
228
228
196
164
120
104
88
88
96
120
164
180
196
244
276
260
244
244
228
164
88
32
-16
-88
-148
-164
-132
-96
-56
8
16
-16
-8
-32
-96
-132
-148
-180
-148
-80
-24
56
96
120
120
72
-8
-96
-196
-292
-324
-292
-276
-244
-180
-132
-80
-16
32
72
64
32
24
24
40
80
80
40
0
-48
-72
-120
-164
-164
-164
-180
-196
-180
-104
0
32
104
148
88
32
-40
-104
-164
24
524
780
324
-492
-924
-876
-844
-1180
-1244
-588
212
308
-372
-844
-524
-212
-556
-876
-524
260
780
556
96
104
88
-356
-924
-844
-164
492
652
620
748
780
428
-132
-396
-164
340
716
812
684
524
164
-308
-556
-556
-340
64
620
924
1180
1180
844
428
104
-132
-164
-196
-180
16
356
620
716
620
396
292
112
-148
-260
-212
-40
132
132
244
356
340
148
-40
64
260
276
148
212
212
-24
-228
-228
-196
-180
-164
-40
148
244
212
88
24
-24
-148
-132
80
164
112
148
180
88
-64
-196
-356
-396
-428
-460
-292
-80
-80
-164
-104
-24
-80
-196
-292
-340
-340
-460
-524
-292
-148
-228
-372
-324
-228
-244
-372
-396
-324
-292
-340
-308
-148
-24
-112
-148
-56
-8
-32
-104
-96
-64
-64
-88
-40
-24
-80
-112
0
104
104
72
0
-132
-180
-132
-32
0
-64
-40
88
260
340
372
340
212
32
-132
-180
-148
-64
-64
-40
64
148
212
212
148
132
132
148
180
228
228
148
104
132
164
196
228
244
228
276
276
212
120
32
48
120
164
148
96
88
104
164
196
260
260
148
104
112
88
16
-64
-180
-244
-244
-180
-32
48
64
56
16
-32
-132
-276
-356
-428
-428
-372
-260
-196
-180
-164
-164
-132
-96
-96
-104
-64
-16
40
120
180
164
64
-48
-72
0
-8
-24
-24
0
24
72
104
164
180
148
180
276
372
460
428
260
164
96
16
-56
-164
-180
-96
-16
72
132
132
132
132
180
212
180
96
32
0
40
104
88
0
-112
-228
-292
-308
-228
-132
-80
-8
96
132
132
180
132
24
-32
-72
-112
-148
-228
-228
-276
-308
-292
-276
-244
-228
-132
8
132
244
196
104
32
-24
-80
-120
-96
-180
-212
-196
-148
-72
-64
-80
-120
-148
-132
-80
-16
0
-72
-48
-16
0
16
-40
-132
-180
-180
-180
-132
-120
-132
-180
-196
-164
-132
-104
-72
-96
-72
-96
-132
-164
-180
-88
-8
80
228
292
228
196
132
48
24
-40
-80
-72
-48
-24
0
80
120
132
164
196
244
228
196
120
132
164
196
228
228
228
148
104
96
112
88
64
64
64
132
180
196
244
292
292
292
292
244
212
164
88
104
72
88
104
132
120
24
16
40
104
48
-48
-96
-132
-164
-96
-8
40
104
88
88
88
80
48
32
104
132
88
40
16
-56
-88
-96
-88
-48
-32
-24
-48
-96
-180
-260
-356
-340
-276
-164
-40
40
132
132
104
16
-96
-196
-276
-292
-324
-276
-164
-96
-48
-16
-80
-196
-260
-308
-340
-356
-276
-132
-72
0
104
120
104
40
-8
-104
-196
-260
-324
-308
-260
-228
-148
-40
8
-8
0
16
16
24
40
48
24
0
8
0
-8
0
48
96
112
80
56
32
-8
-48
-80
-40
-40
-48
8
80
148
132
132
120
72
32
0
0
32
40
24
56
104
132
164
164
72
0
-40
-120
-180
-132
-56
0
56
88
120
132
120
72
72
120
148
180
180
228
228
164
132
132
88
80
24
-8
-8
-64
-40
-24
0
120
212
244
260
292
260
196
132
48
24
-64
-132
-88
-24
-8
0
32
16
24
0
40
64
104
180
196
244
276
260
244
164
32
-56
-164
-308
-396
-396
-324
-260
-164
-24
64
64
32
0
-40
-32
-96
-164
-164
-164
-132
-56
-24
-48
-48
-96
-132
-148
-180
-180
-196
-196
-88
-24
32
88
48
-40
-88
-104
-104
-120
-104
-104
-104
-80
-104
-48
0
-24
-24
0
24
8
24
8
-16
-8
0
8
24
64
72
120
196
180
148
132
120
72
40
-8
-88
-164
-196
-212
-228
-212
-180
-112
-32
8
56
96
80
32
16
-8
-64
-104
-72
-48
-80
-32
-40
-40
-64
-40
-16
-64
-32
-56
-8
64
56
88
104
72
72
64
-16
-48
-72
-72
-56
-56
-16
0
0
16
56
88
80
132
148
148
164
180
196
212
228
228
196
180
180
148
132
64
64
32
-8
-8
0
-40
-56
-32
-16
24
48
120
196
180
164
164
80
8
-40
-80
-132
-164
-164
-148
-104
-72
-40
-32
-40
-16
-32
-40
-24
-8
0
40
112
148
180
148
96
40
-24
-80
-80
-56
-72
-80
0
24
64
112
104
80
40
8
-24
-24
-16
-24
-24
24
64
80
80
72
64
24
-16
-104
-164
-212
-228
-228
-212
-112
-112
-148
-212
-228
-244
-196
-132
-104
-72
-64
-8
-32
-56
-80
-88
-96
-132
-96
-112
-80
-40
-56
-16
40
16
-16
-48
-72
-56
-24
32
88
132
164
148
80
32
-24
-64
-120
-132
-132
-80
-8
40
104
120
120
80
16
-56
-96
-104
-88
-72
-24
16
40
24
24
16
-16
-56
-96
-132
-164
-80
0
72
132
164
164
148
80
80
64
0
-8
-8
32
80
120
132
132
80
32
0
16
64
72
80
88
104
132
112
132
148
148
148
132
132
148
132
164
180
196
180
180
132
104
80
32
24
0
-32
-32
24
16
24
32
48
40
40
48
96
132
132
104
56
48
0
-16
-64
-96
-72
-96
-148
-132
-112
-64
-48
-16
32
64
72
32
32
0
-24
-80
-132
-212
-228
-228
-260
-196
-196
-164
-120
-96
-56
-96
-120
-104
-104
-120
-88
-56
-40
-56
-104
-132
-96
-112
-120
-132
-132
-120
-112
-56
-40
-64
-48
-32
-32
24
64
56
8
-48
-56
-80
-148
-148
-148
-164
-132
-48
32
64
96
132
64
24
16
16
8
32
48
72
32
-16
-24
-40
-16
0
64
96
96
72
64
56
48
32
32
56
80
112
148
180
132
72
32
-16
-64
-80
-72
-132
-148
-88
-32
8
64
80
80
64
32
-48
-120
-132
-112
-80
-16
104
180
196
212
180
164
112
48
8
-32
-32
0
32
80
164
212
244
244
196
148
104
32
16
0
16
56
80
112
104
80
32
-24
-132
-180
-164
-104
-8
104
196
228
260
260
244
164
72
0
-88
-148
-148
-148
-148
-148
-148
-180
-180
-132
-80
-32
0
16
32
24
48
64
64
56
8
-72
-132
-148
-148
-164
-132
-64
-48
-16
32
56
72
80
40
8
-16
-24
-56
-88
-64
-88
-132
-164
-164
-180
-148
-148
-180
-196
-180
-112
-64
-32
-24
0
24
8
-32
-56
-64
-104
-112
-120
-80
-40
8
56
64
24
-16
-40
-56
-56
-48
-40
-32
-40
-24
16
40
48
48
48
56
56
32
24
0
-16
-24
-16
24
88
132
196
180
164
96
8
-8
-32
24
72
88
120
148
164
148
180
180
112
72
64
32
16
-8
0
0
-8
-48
-72
-88
-96
-72
-40
-32
16
64
112
164
164
180
196
164
104
56
0
-48
-96
-148
-180
-180
-132
-64
-8
56
64
88
88
120
120
104
88
48
32
32
16
-8
-32
-40
-32
-40
0
24
40
80
88
72
32
0
-32
-96
-104
-80
-88
-132
-132
-88
-72
-40
-16
-48
-72
-56
-64
-56
-40
-80
-64
-64
-88
-120
-180
-212
-244
-276
-292
-244
-212
-132
-32
8
56
64
80
72
72
56
48
-24
-104
-132
-164
-132
-96
-64
-48
-24
-8
0
0
80
164
196
228
260
260
244
228
212
148
40
-16
-56
-104
-132
-120
