SAMPLES:	7730
BITSPERSAMPLE:	16
CHANNELS:	1
SAMPLERATE:	16000
NORMALIZED:	FALSE
0
0
0
0
0
0
8
8
8
8
8
8
16
8
16
16
16
16
16
16
16
16
16
24
24
24
24
24
24
16
24
24
24
24
24
24
24
24
24
24
24
24
24
24
24
24
24
16
16
16
16
16
16
16
16
16
16
16
16
16
8
8
8
8
0
0
0
0
0
0
0
0
-8
-8
-8
-8
-16
-16
-8
-8
-16
-8
-16
-16
-16
-24
-24
-24
-24
-24
-24
-24
-24
-24
-24
-24
-24
-16
-16
-16
-16
-16
-16
-16
-16
-8
-8
-8
-8
-8
0
0
0
0
0
0
0
0
0
0
0
0
8
8
8
8
8
8
8
8
8
8
8
8
8
8
8
8
8
8
8
8
8
8
8
0
8
0
0
0
0
0
0
0
0
0
0
0
-8
-8
-8
-8
-8
0
-8
-8
0
-8
-8
-8
-8
-8
-8
-8
-8
-8
-8
-8
-8
-8
-8
-8
-8
-8
-8
0
0
0
0
0
-8
0
0
0
0
0
0
0
0
0
0
0
8
8
16
16
16
24
24
24
24
24
24
24
24
24
24
24
32
32
40
40
40
40
32
32
32
32
24
24
24
24
24
24
24
24
16
16
16
8
8
8
8
0
0
0
0
0
0
0
0
-8
-8
-8
-8
-16
-24
-16
-16
-24
-24
-24
-24
-24
-24
-24
-24
-24
-24
-32
-32
-32
-40
-40
-40
-32
-32
-32
-40
-40
-32
-40
-32
-32
-32
-32
-24
-24
-24
-24
-24
-24
-24
-24
-24
-24
-24
-24
-16
-16
-16
-8
-8
-8
-8
-8
-8
0
0
0
0
0
0
0
0
0
0
0
8
8
8
8
8
8
8
8
8
16
16
16
16
16
16
16
16
16
24
24
24
24
24
24
32
24
24
24
24
24
32
24
32
40
32
40
40
32
32
32
24
24
24
24
24
24
24
24
24
24
24
24
24
24
16
16
8
8
8
8
8
8
16
8
0
0
0
0
0
0
-8
-8
-8
-16
-16
-16
-16
-16
-16
-24
-24
-24
-32
-24
-24
-24
-24
-24
-32
-32
-32
-32
-32
-32
-32
-32
-32
-32
-32
-32
-32
-24
-24
-24
-24
-24
-24
-16
-24
-16
-16
-16
-16
-16
-8
-8
-8
-16
-8
-8
0
0
0
0
0
0
0
0
8
0
8
8
0
8
8
0
8
8
8
16
16
16
16
16
16
16
16
16
16
16
16
16
16
16
16
16
8
8
8
8
8
8
8
8
8
8
8
8
8
0
0
0
0
0
0
0
0
0
0
0
0
0
-8
-8
-8
-8
-8
-8
-8
0
-8
0
0
0
0
0
-8
-8
-8
-8
-8
-8
0
0
0
0
0
0
0
0
0
0
0
0
0
0
0
0
0
0
8
0
0
0
0
0
0
0
8
8
8
8
8
16
16
16
16
8
8
8
8
16
8
8
8
8
8
8
8
8
8
8
8
8
8
8
8
8
8
8
8
0
0
0
0
0
0
0
0
0
0
0
0
0
-8
-8
-8
-8
-8
-8
-16
-16
-16
-16
-16
-16
-16
-16
-16
-16
-16
-16
-16
-16
-16
-16
-24
-24
-24
-16
-16
-16
-16
-16
-16
-16
-16
-24
-16
-16
-16
-8
-16
-16
-16
-16
-16
-16
-8
-8
-8
-8
-8
0
-8
-8
0
0
0
0
0
0
0
0
0
0
0
0
0
0
0
0
8
8
8
8
8
8
8
8
8
8
8
8
8
8
8
8
8
8
16
16
16
16
16
16
16
16
16
16
16
16
16
16
16
16
16
16
16
16
16
16
16
16
16
16
24
24
24
16
16
16
16
16
16
16
8
8
8
8
8
8
8
8
8
8
0
0
0
0
0
0
0
0
0
0
0
0
-8
-8
-8
-8
-8
-16
-16
-8
-8
-8
-8
-8
-16
-16
-16
-16
-16
-16
-24
-16
-16
-16
-16
-16
-16
-16
-16
-16
-16
-16
-16
-16
-16
-16
-16
-16
-16
-16
-8
-8
-8
-8
-8
-8
0
0
0
0
0
0
0
0
0
0
0
0
0
0
0
0
0
0
0
0
0
0
0
0
0
0
0
0
0
8
0
0
0
0
0
0
0
0
0
0
0
0
0
0
0
0
0
0
0
-8
-8
-8
-8
-8
-8
0
0
0
0
0
0
0
0
0
0
0
0
0
0
0
0
0
0
0
0
0
0
0
0
0
0
0
8
8
8
8
8
8
8
8
8
8
8
8
8
16
16
8
16
16
8
16
8
8
16
16
8
8
16
8
8
8
8
8
8
16
16
16
16
16
16
16
16
16
16
16
8
8
0
0
0
0
0
0
8
0
0
0
0
0
0
0
0
-8
-8
-8
-8
-8
-8
-8
-8
-8
-16
-16
-16
-16
-16
-16
-16
-16
-16
-24
-24
-24
-24
-16
-16
-16
-24
-24
-24
-24
-24
-24
-24
-24
-24
-24
-24
-24
-24
-24
-24
-16
-16
-16
-24
-16
-16
-16
-8
-8
-8
-8
-8
-8
0
0
0
0
0
0
0
0
0
0
8
8
8
8
8
8
8
8
16
16
16
16
16
16
16
16
16
24
24
24
24
24
24
24
24
24
24
24
24
24
24
24
24
24
24
24
16
24
16
16
8
8
8
8
8
8
8
16
8
8
8
8
8
0
0
0
0
0
0
0
0
0
0
-8
0
0
-8
-8
-8
-8
-8
-8
-16
-8
-16
-16
-8
-16
-8
-8
-8
-8
-8
-16
-16
-16
-16
-16
-16
-16
-16
-16
-8
-8
-8
-8
-8
-16
-16
-8
-8
-16
-16
-16
-16
-8
-8
-8
-8
-8
-8
-8
-8
-8
-8
-8
-8
-8
-8
-8
0
0
0
0
0
0
0
0
0
0
0
0
0
0
0
0
0
0
0
0
0
0
8
8
0
8
8
8
8
8
8
0
8
8
8
8
8
8
8
8
8
16
8
8
16
16
16
16
16
16
16
16
8
8
16
8
8
16
8
8
8
8
8
8
8
8
0
0
0
0
0
0
0
0
0
0
0
0
0
0
0
0
0
0
0
0
-8
-8
-8
-8
-8
-8
-8
-8
-8
-8
-8
-16
-8
-8
-8
-8
-8
-8
-16
-16
-8
-8
0
0
0
0
0
0
0
0
0
0
0
0
0
0
0
0
0
8
8
0
0
0
0
0
0
0
0
0
0
0
0
0
0
8
0
0
0
0
0
0
0
0
0
0
0
0
0
0
0
0
-8
-8
-8
-8
-8
-8
-8
-8
-8
-8
-8
-8
-8
-8
-8
0
-8
0
0
0
0
0
0
0
0
0
0
0
0
0
0
0
0
0
8
8
8
8
8
8
8
8
8
8
8
8
8
0
8
8
8
8
8
8
8
8
8
8
8
8
8
8
8
8
8
8
8
8
8
8
0
8
8
8
8
8
8
8
8
0
0
0
0
0
0
0
0
0
0
8
8
0
8
8
0
0
0
0
0
0
0
0
0
0
0
0
0
0
0
-8
-8
-16
-16
-16
-8
-16
-16
-8
-8
-16
-8
-8
-16
-8
-8
-16
-16
-16
-16
-16
-24
-16
-16
-16
-16
-16
-16
-16
-8
-8
-8
-8
-8
-8
-8
-8
-8
-8
-8
-8
-8
-8
0
-8
-8
-8
-8
-8
0
0
0
0
0
0
0
0
0
0
0
0
0
0
0
0
0
0
0
0
0
0
0
0
0
8
8
8
8
8
16
16
16
8
16
16
16
16
16
16
24
24
24
32
24
24
24
16
24
16
16
16
16
16
16
16
16
16
16
16
16
8
8
16
16
16
16
16
8
0
0
0
0
0
8
8
0
0
0
0
0
0
-8
-8
-8
-8
-8
-8
0
0
-8
-8
-8
-8
-16
-16
-16
-16
-24
-24
-24
-24
-24
-16
-16
-16
-16
-16
-16
-16
-16
-16
-16
-16
-16
-24
-24
-24
-16
-16
-8
-8
-8
-16
-8
-8
-8
-8
-8
-8
-8
-8
-8
-8
0
0
0
0
0
0
0
0
0
0
0
0
0
8
8
8
8
8
8
8
16
16
16
16
8
8
8
8
8
8
8
8
8
8
8
8
8
8
8
8
8
8
8
8
8
0
0
0
0
0
0
0
0
0
0
0
0
-8
0
0
0
0
0
-8
-8
-8
-8
-8
-8
-8
-16
-16
-8
-8
-8
0
-8
-8
-8
-16
-8
0
0
0
0
0
-8
-8
-8
0
0
0
0
0
0
0
0
0
0
0
0
8
8
16
16
16
8
16
16
16
8
8
8
8
16
24
32
32
24
32
32
24
24
16
16
16
16
16
24
16
16
24
24
24
24
16
8
8
0
8
16
8
32
32
16
0
-16
-16
-16
-8
-8
0
8
16
0
-16
-40
-56
-40
-24
-8
0
0
-8
-16
-24
-40
-56
-64
-48
-40
-24
-32
64
120
120
24
-132
-196
-228
-180
-148
-48
80
180
228
196
8
-180
-292
-244
-80
0
24
16
88
112
-40
-260
-372
-260
-40
96
112
8
-88
-148
-164
-164
-132
-48
16
120
164
180
96
-56
-180
-148
-48
48
88
132
180
244
292
228
180
112
64
32
48
88
80
120
164
212
260
228
180
132
104
112
80
48
24
24
64
112
132
148
132
96
8
-56
-88
-72
-16
0
64
88
48
0
-40
-80
-96
-40
0
8
24
-24
-72
-112
-164
-148
-132
-132
-132
-132
-96
-104
-112
-64
-104
-196
-260
-308
-308
-228
-132
8
96
72
-16
-164
-244
-244
-228
-132
-24
56
64
-24
-88
-164
-212
-164
-80
-8
8
0
-56
-120
-132
-148
-148
-72
0
-16
-16
48
80
72
80
80
56
72
80
96
164
212
228
212
228
196
180
164
180
164
164
180
228
276
292
276
212
148
96
64
24
0
0
24
72
88
88
48
-24
-104
-148
-148
-112
-104
-88
-88
-104
-132
-148
-164
-180
-120
-64
8
40
24
-8
-72
-120
-148
-104
0
56
56
56
80
72
48
72
64
0
-32
-40
-64
-48
-16
-16
0
0
-48
-72
-96
-132
-120
-88
8
48
32
32
8
-16
-64
-64
-40
-32
8
72
148
212
212
212
244
244
196
180
180
180
196
212
244
260
324
340
356
372
356
324
260
212
120
56
32
56
112
164
196
180
148
96
0
-96
-212
-356
-428
-428
-396
-356
-292
-260
-228
-244
-324
-492
-620
-716
-780
-780
-684
-588
-524
-460
-428
-428
-428
-460
-428
-428
-396
-372
-396
-372
-396
-372
-292
-148
0
132
244
244
132
-72
-292
-428
-460
-308
-48
276
460
492
396
180
-16
-148
-196
-180
-32
80
164
228
292
324
356
428
460
492
524
492
524
556
556
556
588
684
876
1116
1372
1564
1628
1756
1692
1692
1500
1372
1308
1308
1308
1244
1308
1372
1308
1116
844
492
96
-308
-652
-924
-1180
-1372
-1692
-1884
-1884
-1980
-2236
-2492
-2748
-3004
-3132
-3260
-3260
-3132
-3132
-2876
-2748
-2364
-1980
-1820
-1500
-1180
-988
-780
-620
-396
-132
164
460
812
1180
1564
1980
2236
2364
2492
2236
1980
1820
1628
1500
1372
1372
1372
1308
1180
1052
844
524
120
-196
-396
-524
-524
-492
-396
-396
-396
-396
-372
-356
-396
-492
-460
-428
-492
-588
-556
-324
-48
244
428
588
716
988
1244
1500
1756
1980
2236
2620
2876
3132
3132
3260
3260
3260
3004
2748
2620
2364
2236
1884
1500
1180
812
396
-32
-524
-1180
-1884
-2492
-2876
-3260
-3516
-3772
-4092
-4348
-4604
-4604
-4604
-4604
-4604
-4604
-4604
-4604
-4092
-3900
-3516
-3004
-2492
-1980
-1372
-924
-556
-212
132
460
748
1180
1628
2236
2620
3004
3260
3388
3516
3388
3260
3004
2620
2236
1756
1564
1372
1116
876
684
620
372
40
-308
-748
-1244
-1756
-1980
-2108
-2108
-1980
-1756
-1500
-1180
-1052
-924
-876
-844
-780
-876
-924
-924
-780
-588
-276
112
492
876
1116
1308
1564
1692
1884
2236
2620
3260
3644
4348
4860
5372
5372
5116
5372
5116
4860
4348
4092
4092
3644
3388
3004
2876
2620
2108
1500
748
40
-684
-1628
-2364
-2876
-3388
-3900
-4348
-4348
-4604
-4860
-5116
-5372
-5628
-5884
-5884
-5884
-5884
-5884
-5628
-5116
-4604
-4348
-3772
-3260
-2748
-2236
-1756
-1180
-620
-16
460
1116
1884
2620
3132
3516
3900
4092
4092
3772
3644
3516
3260
3132
2876
2748
2492
1980
1500
988
460
-120
-748
-1308
-1820
-2236
-2620
-3004
-3132
-3260
-3388
-3388
-3388
-3260
-3260
-3260
-3132
-2876
-2748
-2620
-2364
-1980
-1692
-1372
-924
-524
-148
148
428
780
1116
1500
1820
2108
2620
3004
3516
4092
4604
5372
5628
5884
6396
6396
6652
6140
6140
5884
5628
5372
5116
5116
4860
4604
4092
3644
3388
2748
1884
1180
260
-588
-1500
-2236
-2876
-3516
-4092
-4860
-5116
-5372
-5884
-6140
-6396
-6652
-6908
-6908
-6908
-6908
-6908
-6652
-6396
-5884
-5372
-4860
-4092
-3516
-2876
-2364
-1820
-1180
-428
340
988
1884
2876
3644
4092
4604
4860
4860
4860
4604
4348
4092
3900
3516
3132
3004
2620
2108
1692
1308
844
164
-588
-1116
-1564
-2108
-2620
-3132
-3260
-3388
-3644
-3644
-3260
-3004
-2876
-2876
-2620
-2364
-2108
-1980
-1756
-1372
-1116
-876
-428
56
492
876
1180
1628
1980
2236
2364
2620
2748
2876
3132
3644
4092
4604
5116
5372
5884
5884
5884
5628
5372
5116
4860
4348
4092
3900
3772
3388
3132
2748
2492
2108
1500
876
64
-812
-1692
-2620
-3260
-3900
-4604
-5116
-5372
-5628
-5884
-6140
-6140
-6396
-6396
-6652
-6652
-6652
-6652
-6396
-6140
-5628
-5116
-4604
-3900
-3388
-2748
-2236
-1628
-924
-324
428
1116
1820
2492
3388
4092
4604
5116
5372
5372
5116
4604
4348
4092
3772
3132
2620
2364
1980
1564
1180
1052
684
56
-492
-988
-1500
-2108
-2620
-3132
-3260
-3388
-3644
-3516
-3132
-2876
-2748
-2492
-2108
-1820
-1628
-1372
-1116
-844
-748
-524
-196
180
492
748
1244
1756
2108
2492
2620
2748
2748
2748
2876
3004
3516
3772
4092
4604
5116
5372
5372
5372
5116
5116
4604
4092
3900
3516
3260
2876
2620
2492
2108
1980
1564
1116
556
-308
-988
-1820
-2620
-3388
-4092
-4604
-5372
-5628
-5884
-5884
-5884
-6140
-6140
-6396
-6396
-6396
-6396
-6140
-5884
-5884
-5372
-4860
-4092
-3516
-2876
-2364
-1756
-988
-372
340
1052
1628
2364
3004
3644
4348
4604
5116
5116
4860
4604
4348
4092
3772
3388
2876
2492
2236
1756
1500
1180
924
372
-228
-684
-1116
-1500
-2108
-2620
-3004
-3388
-3516
-3516
-3388
-3132
-3004
-2748
-2364
-2108
-1980
-1820
-1628
-1436
-1180
-924
-588
-180
132
428
748
1244
1628
1980
2236
2492
2620
2748
2748
2876
3004
3260
3516
3900
4348
4860
5372
5372
5372
5372
5116
4860
4604
4604
4092
3900
3516
3132
3004
2748
2748
2492
1980
1436
780
88
-716
-1564
-2364
-3132
-3900
-4604
-5116
-5372
-5628
-5628
-5884
-6140
-6140
-6140
-6140
-6140
-6140
-6396
-6140
-5884
-5628
-5116
-4604
-4348
-3772
-3260
-2620
-1820
-1180
-588
-56
620
1244
1980
2620
3260
3900
4092
4348
4348
4348
4092
3644
3388
2876
2492
1980
1628
1436
1052
924
588
356
132
-308
-620
-1180
-1756
-2236
-2620
-2876
-3004
-3004
-3004
-2876
-2620
-2364
-1980
-1756
-1500
-1308
-1052
-748
-588
-308
-48
164
524
748
1116
1500
1756
2108
2108
2364
2364
2492
2620
2748
3004
3260
3516
4092
4348
5116
5628
5628
5628
5372
5372
5116
4860
4604
4348
4348
4092
3772
3644
3388
3132
2620
2108
1692
1052
396
-492
-1372
-2236
-3004
-3644
-4348
-4860
-5116
-5372
-5628
-5884
-6140
-6140
-6396
-6396
-6652
-6652
-6652
-6396
-6140
-5628
-5372
-5116
-4604
-4092
-3516
-2876
-2236
-1628
-924
-244
588
1308
1980
2620
3260
3772
3900
4348
4348
4348
4092
3644
3388
3004
2748
2492
1980
1884
1564
1180
812
524
228
-244
-684
-1116
-1564
-1884
-2236
-2492
-2620
-2748
-2620
-2492
-2236
-1980
-1756
-1500
-1244
-988
-844
-620
-396
-228
-112
0
260
524
844
1116
1372
1628
1820
1980
2108
2236
2364
2364
2492
2620
2876
3132
3516
3900
4348
4604
4604
4860
4604
4604
4348
4092
3900
3772
3772
3516
3132
3004
2620
2492
2108
1692
1180
556
-16
-748
-1372
-1980
-2620
-3260
-3900
-4348
-4860
-5372
-5628
-5884
-6140
-6140
-6396
-6140
-6140
-6140
-5884
-5628
-5372
-5116
-4860
-4348
-4092
-3516
-3132
-2620
-2108
-1500
-844
-72
812
1436
2236
2748
3260
3772
4092
4348
4092
4092
3900
3388
3260
2876
2748
2364
1980
1980
1628
1436
1052
876
620
228
-64
-556
-876
-1308
-1820
-1980
-2236
-2236
-2236
-2108
-1756
-1564
-1372
-1244
-988
-812
-652
-428
-324
-244
-196
-132
24
244
492
716
988
1308
1500
1756
1980
2108
2236
2364
2492
2748
2876
3004
3260
3516
3772
4348
4348
4604
4860
4860
4860
4860
4860
4604
4348
4092
3644
3260
2876
2492
2108
1564
1052
492
0
-588
-1244
-1756
-2364
-3004
-3644
-4348
-4860
-5372
-5628
-6140
-6396
-6652
-6908
-6908
-6652
-6652
-6396
-6140
-5884
-5628
-5372
-4860
-4604
-4092
-3900
-3516
-3004
-2364
-1756
-1052
-260
460
1244
1980
2620
3260
3644
3900
4092
4092
3900
3516
3260
2876
2620
2364
2108
1980
1884
1756
1756
1564
1436
1116
780
460
64
-308
-812
-1116
-1372
-1628
-1628
-1564
-1436
-1244
-988
-780
-588
-396
-308
-228
-132
-112
-8
48
164
396
556
748
1052
1308
1564
1884
2108
2364
2492
2620
2620
2620
2620
2748
2876
3004
3260
3516
4092
4348
4348
4348
4604
4604
4604
4348
4092
3900
3772
3132
2748
2364
2108
1692
1244
812
340
-104
-716
-1308
-1820
-2492
-3132
-3772
-4348
-4860
-5372
-5884
-6140
-6652
-6652
-6908
-6652
-6652
-6396
-6140
-5884
-5628
-5372
-5116
-4860
-4604
-4348
-4092
-3516
-3004
-2364
-1628
-924
-96
844
1756
2364
3132
3644
4092
4348
4604
4348
4348
4092
3644
3388
3260
3004
2748
2492
2492
2364
2236
2108
1980
1756
1372
924
372
-112
-556
-1052
-1500
-1756
-1980
-2108
-1980
-1820
-1628
-1500
-1308
-1052
-844
-716
-716
-684
-716
-748
-748
-716
-620
-396
-164
132
524
876
1180
1500
1756
1980
2108
2236
2236
2364
2492
2492
2748
3004
3260
3772
4092
4348
4604
4604
4860
4860
4604
4348
4348
4092
3772
3388
2876
2492
2108
1564
1052
492
-24
-684
-1308
-1756
-2364
-2876
-3516
-4092
-4604
-5116
-5628
-6140
-6396
-6652
-6908
-6908
-6652
-6652
-6396
-6140
-5628
-5372
-5116
-4860
-4348
-4092
-3900
-3516
-3004
-2364
-1692
-988
-8
812
1628
2492
3132
3772
4092
4348
4604
4604
4348
4092
4092
3772
3516
3260
3004
3004
2876
2748
2620
2620
2364
1884
1436
1052
556
8
-524
-876
-1180
-1436
-1564
-1692
-1564
-1564
-1500
-1372
-1180
-1052
-988
-876
-780
-780
-780
-748
-652
-652
-620
-524
-340
-32
260
620
988
1436
1756
1980
2108
2236
2236
2236
2236
2364
2364
2492
2492
2876
3260
3644
4092
4348
4604
4604
4860
4604
4348
4348
3900
3260
2748
2108
1628
1116
716
228
-212
-620
-1116
-1564
-1980
-2492
-3132
-3772
-4348
-4860
-5372
-5884
-6140
-6652
-6908
-6908
-6908
-6908
-6396
-6140
-5884
-5628
-5116
-4860
-4348
-4092
-3644
-3260
-2876
-2364
-1692
-924
-164
620
1372
2108
2876
3644
4092
4604
4860
4860
4860
4604
4348
4092
3900
3644
3516
3260
3004
3004
2876
2620
2364
1980
1692
1372
924
492
32
-492
-988
-1308
-1564
-1756
-1980
-2108
-2236
-2108
-2108
-1884
-1692
-1500
-1372
-1308
-1180
-1116
-1180
-1180
-1116
-988
-876
-620
-228
228
716
1116
1436
1820
2108
2364
2492
2492
2492
2620
2620
2748
3004
3004
3388
3772
4348
4604
4860
5116
5116
5116
4860
4604
4348
3900
3388
2748
2108
1500
924
460
-8
-396
-844
-1436
-1884
-2492
-3004
-3516
-4092
-4860
-5372
-5884
-6396
-6652
-6908
-7420
-7420
-7164
-6908
-6652
-6140
-5884
-5372
-5116
-4604
-4092
-3772
-3260
-2748
-2236
-1628
-924
-196
556
1372
2108
2748
3516
4092
4604
5116
5116
5116
5116
4860
4604
4348
4092
3772
3388
3004
2748
2620
2492
2236
1980
1628
1308
988
492
8
-524
-1052
-1500
-1980
-2236
-2492
-2620
-2620
-2492
-2364
-2236
-1980
-1756
-1564
-1308
-1180
-1052
-924
-844
-780
-684
-556
-372
-112
196
620
1052
1564
1980
2236
2620
2876
3004
3132
3132
3132
3260
3260
3388
3516
3644
3900
4348
4604
4860
4860
4860
4604
4348
4092
3644
3260
2748
2236
1564
1052
396
-196
-748
-1308
-1756
-2236
-2748
-3132
-3644
-4092
-4604
-5116
-5372
-5884
-6140
-6652
-6908
-6908
-6908
-6908
-6652
-6396
-5884
-5372
-4860
-4348
-3900
-3388
-2748
-2236
-1756
-1244
-780
-164
356
924
1628
2236
2876
3388
4092
4348
4604
4860
4860
4604
4348
4092
3772
3516
3132
2748
2492
2108
1980
1756
1564
1308
1052
652
340
-112
-588
-988
-1436
-1884
-2236
-2492
-2620
-2620
-2620
-2492
-2236
-2108
-1980
-1756
-1564
-1372
-1180
-1052
-924
-748
-652
-460
-180
80
356
780
1180
1564
1980
2364
2620
2876
3132
3260
3388
3388
3388
3516
3516
3644
3772
3900
4092
4092
4348
4604
4604
4604
4604
4348
4092
3772
3260
2748
2108
1500
780
212
-356
-876
-1308
-1820
-2236
-2748
-3132
-3516
-3900
-4348
-4604
-5116
-5628
-5884
-6140
-6396
-6652
-6652
-6396
-6140
-5884
-5372
-5116
-4604
-4092
-3388
-2876
-2364
-1820
-1308
-876
-428
24
492
924
1436
1980
2492
3004
3388
3772
4092
4092
4348
4092
4092
3900
3644
3388
3132
2748
2364
2108
1756
1500
1244
988
684
428
164
-132
-460
-812
-1116
-1564
-1884
-2236
-2364
-2492
-2620
-2492
-2492
-2492
-2364
-2236
-2108
-1980
-1692
-1500
-1308
-1116
-924
-652
-396
-148
148
524
924
1244
1628
1884
2236
2492
2748
3004
3132
3260
3260
3388
3516
3516
3644
3644
3644
3772
3772
3772
3772
3772
3772
3644
3516
3260
2876
2492
1980
1500
924
428
-112
-652
-1180
-1628
-1980
-2364
-2620
-2876
-3132
-3516
-3772
-4092
-4348
-4860
-5116
-5372
-5372
-5372
-5372
-5116
-4860
-4604
-4348
-3900
-3516
-3132
-2748
-2364
-1980
-1564
-1244
-844
-460
-88
260
652
1052
1372
1756
2108
2492
2748
3004
3132
3260
3388
3388
3388
3260
3132
3004
2748
2492
2108
1884
1564
1244
924
652
372
112
-180
-460
-716
-988
-1244
-1500
-1628
-1884
-1980
-2236
-2364
-2492
-2492
-2492
-2364
-2108
-1884
-1564
-1244
-988
-716
-428
-180
72
324
556
780
988
1180
1436
1628
1884
2108
2492
2620
2876
3004
3132
3260
3260
3260
3260
3260
3132
3132
3004
2876
2876
2748
2620
2620
2492
2364
2108
1980
1756
1436
1116
780
428
-16
-492
-988
-1436
-1820
-2108
-2492
-2876
-3132
-3388
-3644
-3772
-3900
-4092
-4092
-4348
-4348
-4604
-4348
-4348
-4348
-4348
-4092
-3900
-3644
-3388
-3004
-2620
-2236
-1884
-1436
-988
-588
-228
96
396
652
924
1180
1500
1756
1980
2236
2364
2620
2748
2748
2748
2748
2748
2620
2492
2236
1884
1564
1180
876
556
340
104
-148
-356
-460
-684
-924
-1116
-1308
-1564
-1756
-1820
-1980
-1980
-1980
-1980
-1884
-1756
-1628
-1436
-1180
-876
-588
-292
-16
308
588
844
1116
1436
1756
1980
2236
2364
2492
2620
2748
3004
3132
3260
3516
3644
3644
3644
3644
3644
3644
3388
3260
3004
2748
2620
2364
2108
1980
1884
1756
1564
1372
1116
844
492
148
-260
-620
-988
-1372
-1692
-2108
-2364
-2748
-2876
-3004
-3260
-3388
-3516
-3644
-3772
-3900
-3900
-3900
-4092
-4092
-4092
-4092
-4092
-3900
-3772
-3516
-3260
-3004
-2620
-2236
-1820
-1500
-1116
-812
-524
-244
8
244
460
652
812
988
1180
1308
1436
1564
1628
1628
1692
1692
1692
1628
1500
1308
1052
748
460
148
-132
-356
-588
-748
-924
-1052
-1180
-1244
-1308
-1372
-1372
-1372
-1372
-1308
-1308
-1308
-1244
-1180
-988
-716
-396
-96
212
588
924
1308
1628
1884
2108
2236
2492
2620
2876
3132
3132
3260
3388
3516
3516
3644
3772
3772
3644
3644
3516
3388
3260
3004
2748
2620
2364
2108
1980
1756
1628
1436
1308
1116
988
812
524
244
-40
-324
-588
-876
-1116
-1372
-1692
-1980
-2108
-2364
-2492
-2620
-2748
-2876
-2876
-3004
-3004
-3132
-3260
-3388
-3388
-3388
-3516
-3516
-3516
-3388
-3388
-3260
-3132
-2876
-2620
-2364
-2108
-1756
-1500
-1244
-1052
-924
-812
-652
-460
-324
-112
48
260
460
652
844
924
1052
1116
1244
1180
1116
1052
924
844
652
460
244
40
-72
-212
-372
-492
-588
-684
-684
-684
-652
-620
-588
-556
-524
-460
-428
-372
-244
-48
148
428
684
988
1244
1436
1692
1980
2108
2236
2364
2492
2620
2748
2876
3004
3132
3132
3260
3260
3260
3260
3132
3132
3004
2876
2748
2492
2364
2236
1980
1756
1564
1244
988
748
556
372
260
132
0
-132
-244
-428
-556
-684
-924
-1180
-1436
-1628
-1820
-2108
-2236
-2364
-2620
-2748
-2748
-2876
-2876
-2876
-2876
-2876
-3004
-3004
-3132
-3132
-3260
-3260
-3260
-3260
-3132
-3004
-2748
-2492
-2236
-1980
-1756
-1500
-1244
-1052
-876
-684
-492
-308
-164
40
244
428
556
716
876
988
1116
1180
1244
1308
1244
1180
1180
1052
988
812
588
428
244
40
-64
-148
-164
-180
-228
-244
-180
-148
-96
0
80
132
212
356
460
588
684
844
988
1244
1436
1692
1884
1980
2108
2236
2364
2492
2492
2620
2748
2748
2876
2876
2876
2748
2620
2620
2492
2236
2108
1980
1692
1436
1180
988
780
556
372
228
72
0
-64
-88
-132
-260
-396
-524
-716
-924
-1116
-1180
-1308
-1500
-1628
-1692
-1756
-1820
-1884
-1980
-2108
-2108
-2236
-2364
-2492
-2748
-2748
-2876
-3004
-2876
-3004
-2876
-2876
-2748
-2748
-2620
-2492
-2364
-2236
-2108
-1980
-1756
-1564
-1372
-1244
-1052
-876
-684
-492
-324
-80
132
324
524
716
812
924
1052
1180
1308
1372
1372
1372
1308
1180
1116
1052
988
924
780
716
652
524
428
356
340
356
340
340
396
428
460
524
588
652
748
780
876
924
988
1180
1308
1436
1564
1628
1756
1820
1884
1980
2108
2108
2236
2108
2108
2108
1980
1980
1820
1692
1564
1500
1372
1180
1116
988
988
876
844
780
716
652
524
396
244
72
-80
-228
-396
-620
-780
-924
-1052
-1180
-1372
-1500
-1564
-1692
-1820
-1980
-1980
-2236
-2364
-2492
-2620
-2748
-2876
-3004
-3004
-3004
-2876
-2876
-2748
-2620
-2492
-2236
-2108
-1756
-1500
-1308
-1180
-1052
-924
-876
-780
-620
-460
-260
-132
0
228
428
620
812
924
1052
1116
1116
1116
988
924
812
748
684
620
556
460
372
324
292
276
228
196
132
96
56
-32
-64
-48
-72
-40
40
120
212
324
492
620
780
924
1052
1116
1244
1244
1372
1436
1500
1500
1564
1564
1564
1564
1628
1692
1692
1756
1756
1756
1692
1628
1564
1500
1436
1308
1244
1116
1052
988
924
748
684
588
492
396
212
72
-88
-228
-428
-588
-780
-988
-1180
-1372
-1500
-1564
-1756
-1820
-1884
-1980
-1980
-2108
-2108
-2236
-2364
-2364
-2492
-2492
-2492
-2492
-2364
-2364
-2236
-2108
-1820
-1628
-1436
-1180
-988
-812
-652
-556
-428
-340
-228
-164
-64
48
148
276
428
588
684
812
924
924
988
988
924
844
748
620
492
396
340
292
260
228
180
148
132
120
120
148
148
148
148
148
164
104
96
132
148
212
324
492
620
780
924
988
1116
1244
1308
1372
1436
1436
1436
1436
1500
1500
1500
1564
1564
1564
1628
1628
1628
1692
1628
1564
1564
1500
1436
1372
1244
1116
988
876
716
620
428
228
120
-56
-196
-372
-524
-716
-924
-1116
-1308
-1500
-1692
-1820
-1980
-2108
-2236
-2364
-2364
-2492
-2620
-2620
-2620
-2620
-2620
-2620
-2492
-2492
-2364
-2236
-2108
-1884
-1756
-1564
-1436
-1244
-1052
-844
-652
-492
-276
-132
-16
148
308
428
524
620
748
812
780
812
812
780
780
748
716
652
588
492
428
372
324
260
228
164
112
72
40
40
64
112
164
212
244
292
308
340
428
460
492
524
556
588
652
780
924
1052
1180
1244
1308
1372
1436
1436
1500
1500
1500
1500
1436
1436
1436
1500
1500
1500
1500
1564
1564
1564
1564
1564
1500
1436
1372
1308
1180
1052
844
652
460
228
8
-148
-324
-492
-652
-812
-988
-1116
-1372
-1564
-1756
-1980
-2108
-2236
-2364
-2492
-2620
-2620
-2748
-2748
-2620
-2620
-2492
-2492
-2364
-2236
-2108
-1980
-1756
-1692
-1564
-1436
-1308
-1180
-988
-780
-556
-340
-132
64
212
324
460
588
620
716
780
812
844
844
844
812
780
748
684
652
620
556
556
524
524
524
524
524
588
588
620
620
620
524
460
428
396
396
372
340
340
396
428
460
492
524
588
588
588
620
620
588
588
620
620
620
620
620
684
748
844
876
924
988
988
988
988
988
988
988
924
876
812
748
684
652
588
492
396
260
132
-16
-132
-276
-428
-620
-844
-1052
-1180
-1436
-1564
-1756
-1884
-2108
-2108
-2236
-2236
-2236
-2108
-2108
-1980
-1980
-1820
-1756
-1692
-1564
-1500
-1372
-1308
-1116
-988
-812
-620
-428
-228
-32
104
260
460
620
748
876
924
1052
1116
1116
1116
1180
1180
1116
1116
1052
988
844
748
620
556
492
428
396
340
292
228
164
120
104
88
64
48
32
0
0
24
48
96
164
196
228
292
340
428
492
588
652
716
748
812
844
844
844
876
876
876
924
924
988
1052
1052
1052
1052
1052
988
924
844
780
684
556
460
396
276
164
40
-80
-212
-324
-460
-556
-684
-780
-924
-1052
-1180
-1308
-1372
-1564
-1628
-1692
-1820
-1884
-1980
-2108
-2108
-2108
-2108
-1980
-1884
-1756
-1692
-1500
-1372
-1244
-1116
-988
-844
-748
-652
-556
-460
-308
-196
-16
132
308
428
556
716
844
924
924
988
988
988
988
924
876
844
780
716
652
588
556
492
428
356
324
228
112
56
-24
-64
-104
-164
-212
-228
-212
-180
-104
-32
-16
24
104
228
356
428
524
556
588
652
684
684
748
812
844
924
988
1052
1116
1180
1244
1308
1372
1372
1372
1308
1180
1116
988
844
748
652
524
428
324
260
180
80
0
-104
-196
-308
-428
-556
-684
-812
-924
-1052
-1180
-1244
-1308
-1308
-1372
-1372
-1372
-1372
-1436
-1436
-1500
-1500
-1500
-1436
-1372
-1308
-1244
-1180
-1116
-988
-924
-780
-652
-492
-356
-244
-132
-32
64
164
260
356
428
492
556
620
684
748
748
748
716
684
652
620
556
492
460
356
292
212
148
88
40
0
-48
-112
-196
-260
-340
-356
-428
-460
-428
-428
-428
-396
-372
-340
-260
-196
-132
-48
32
96
196
324
396
428
524
588
620
684
780
812
924
924
924
988
988
1052
1116
1116
1116
1116
1052
1052
988
924
780
684
556
460
356
324
276
196
164
88
16
-16
-88
-196
-356
-492
-620
-780
-924
-988
-988
-1052
-1052
-1052
-1052
-1052
-1052
-1052
-1052
-1116
-1116
-1116
-1052
-988
-924
-876
-844
-748
-684
-556
-428
-340
-212
-112
-24
40
96
180
244
292
356
428
492
524
556
524
492
492
492
492
460
396
372
292
260
244
196
132
64
-16
-88
-148
-228
-292
-324
-340
-372
-396
-428
-428
-396
-372
-324
-244
-148
-120
-80
-64
-80
-64
-8
64
120
148
244
356
460
556
652
716
716
780
812
844
876
876
812
780
716
748
684
652
588
556
556
492
460
428
356
276
212
132
72
0
-48
-104
-180
-244
-260
-324
-396
-460
-524
-556
-588
-620
-588
-588
-620
-652
-684
-748
-780
-780
-812
-844
-844
-844
-812
-748
-652
-556
-460
-356
-292
-212
-148
-148
-120
-120
-120
-80
-24
40
132
212
292
308
396
460
492
556
556
556
492
428
356
292
228
148
96
48
24
-24
-80
-88
-132
-148
-180
-196
-228
-276
-324
-356
-396
-428
-428
-356
-276
-244
-148
-104
-104
-88
-72
0
72
164
276
356
428
492
556
620
620
684
684
652
652
684
652
652
684
684
684
652
652
620
588
524
428
396
292
228
164
120
88
80
96
88
96
64
24
-16
-8
-16
-40
-72
-132
-228
-308
-340
-396
-428
-428
-428
-428
-428
-460
-492
-556
-556
-556
-556
-588
-588
-524
-524
-492
-492
-460
-396
-340
-308
-276
-244
-228
-212
-164
-88
-48
0
8
16
48
88
120
164
196
164
132
132
132
120
148
132
132
132
80
40
-8
-88
-180
-212
-244
-276
-244
-276
-308
-324
-356
-340
-340
-324
-324
-324
-308
-276
-244
-212
-196
-120
-40
40
112
196
260
276
276
276
308
324
324
340
324
340
396
428
460
460
460
460
396
372
324
244
196
132
88
40
24
24
32
32
56
56
40
72
80
96
72
64
48
16
24
56
48
24
32
-16
-32
-40
-48
-48
-48
-40
16
16
0
-8
-16
-48
-64
-88
-120
-120
-148
-164
-132
-104
-72
0
0
16
48
88
132
164
196
244
212
212
244
244
260
260
244
212
196
196
180
164
148
88
24
0
-16
-56
-64
-80
-112
-148
-164
-164
-196
-212
-244
-244
-292
-324
-340
-372
-396
-396
-356
-324
-308
-276
-228
-164
-112
-56
-40
-32
-80
-72
-48
-64
-40
-40
-16
8
40
56
104
112
112
88
64
48
32
0
-40
-112
-148
-212
-292
-276
-244
-228
-212
-196
-148
-148
-132
-132
-120
-104
-96
-120
-132
-132
-132
-104
-88
-48
-24
-40
-8
0
0
32
80
132
164
212
212
196
180
132
120
104
64
40
40
32
56
80
88
96
112
180
228
260
276
276
260
260
292
308
324
340
324
324
324
308
324
340
308
292
292
260
228
196
196
196
164
132
132
104
48
-8
-88
-164
-212
-244
-244
-196
-148
-132
-112
-96
-72
-72
-72
-48
-24
0
8
16
24
48
80
104
132
148
180
180
148
164
148
148
164
148
132
96
40
-24
-80
-132
-212
-244
-276
-292
-324
-356
-372
-372
-396
-428
-396
-396
-396
-396
-356
-340
-308
-292
-308
-292
-276
-276
-228
-212
-244
-260
-212
-164
-104
-48
-24
0
32
56
72
72
48
24
32
16
-16
-32
-48
-48
-32
0
56
72
96
96
120
148
148
148
148
148
148
96
88
80
40
32
32
32
0
-32
-32
0
-16
-8
0
0
-24
-40
-32
-72
-64
-56
-88
-88
-88
-104
-104
-132
-164
-120
-104
-112
-72
-24
-8
8
64
80
112
88
96
112
104
112
132
164
180
212
260
308
308
324
324
340
308
292
276
244
244
228
180
148
164
148
104
88
80
64
72
64
88
72
48
72
48
40
72
88
88
104
96
88
64
56
48
40
64
88
112
148
164
164
148
96
88
64
32
8
0
-8
-16
-24
-56
-88
-80
-88
-104
-80
-72
-88
-72
-88
-132
-164
-180
-180
-180
-164
-148
-164
-164
-148
-148
-148
-132
-132
-196
-228
-228
-228
-228
-212
-180
-164
-164
-132
-120
-164
-180
-196
-196
-148
-180
-212
-212
-260
-276
-260
-260
-260
-276
-308
-324
-292
-292
-276
-260
-212
-196
-148
-112
-104
-64
-40
-40
8
40
40
48
72
96
120
164
196
228
228
228
180
164
132
104
64
56
40
32
64
40
48
80
80
72
112
132
132
148
180
180
180
196
196
228
228
260
292
308
308
308
324
308
308
356
396
396
396
396
396
356
356
324
260
244
196
180
196
196
180
164
164
132
104
96
72
48
0
-32
-56
-88
-132
-132
-132
-164
-180
-196
-212
-196
-228
-244
-260
-276
-324
-372
-372
-396
-396
-396
-396
-340
-324
-324
-308
-276
-308
-324
-324
-356
-356
-356
-308
-276
-260
-212
-164
-164
-132
-96
-64
-24
16
64
104
196
276
324
340
356
340
324
308
324
340
324
340
356
324
308
292
244
228
196
148
104
64
16
-16
-48
-112
-132
-148
-164
-180
-180
-164
-148
-132
-96
-112
-120
-148
-180
-228
-228
-212
-180
-148
-132
-56
-48
-64
-8
8
0
24
48
40
40
48
24
-16
-16
-40
-32
-16
0
32
48
24
24
40
48
56
40
8
-24
-72
-132
-180
-180
-180
-180
-148
-132
-132
-96
-96
-96
-88
-88
-88
-132
-164
-212
-228
-228
-212
-164
-112
-96
-40
-16
8
24
72
88
88
112
132
104
112
120
88
104
132
164
228
292
324
372
396
428
460
492
492
524
524
492
556
556
556
556
492
492
460
428
428
372
340
308
276
260
212
164
132
56
-8
-32
-56
-96
-132
-148
-196
-228
-260
-276
-276
-292
-308
-308
-292
-276
-292
-292
-292
-292
-308
-308
-276
-276
-260
-228
-212
-164
-104
-64
-24
-24
-24
-80
-120
-148
-180
-180
-180
-212
-196
-196
-196
-196
-228
-228
-276
-292
-340
-372
-396
-428
-460
-460
-460
-428
-396
-396
-372
-396
-396
-396
-428
-428
-428
-396
-396
-396
-356
-340
-276
-244
-212
-148
-148
-120
-120
-132
-132
-96
-64
-48
-16
40
96
148
212
292
372
428
460
492
524
588
652
684
716
748
780
780
780
780
780
780
748
684
684
652
620
588
556
524
524
492
460
428
356
292
260
228
196
196
180
148
132
112
72
48
64
64
32
24
0
-24
-40
-56
-40
-48
-48
-32
-16
0
-16
-8
-8
-16
-32
0
-8
0
0
-40
-88
-112
-148
-228
-244
-260
-276
-308
-340
-340
-356
-396
-396
-428
-460
-492
-492
-492
-460
-492
-524
-524
-556
-588
-588
-556
-556
-556
-524
-460
-460
-428
-396
-372
-356
-372
-356
-372
-396
-372
-356
-340
-324
-276
-212
-196
-180
-148
-88
-64
-40
0
16
24
64
96
104
132
180
212
244
276
324
356
396
460
492
460
460
460
460
460
460
492
524
524
524
524
524
492
460
460
460
460
460
428
396
372
340
324
292
228
196
148
80
48
40
8
8
8
-8
-48
-48
-32
-40
-40
-40
-48
-56
-48
-24
-8
0
8
24
32
72
96
88
104
64
40
16
16
0
-8
-32
-64
-64
-80
-104
-112
-132
-164
-148
-164
-180
-196
-212
-228
-228
-228
-260
-260
-276
-308
-324
-340
-340
-356
-340
-340
-324
-340
-372
-396
-396
-428
-396
-356
-356
-340
-292
-244
-212
-148
-132
-104
-88
-64
-56
-48
-40
-24
0
56
96
132
212
260
292
356
396
428
396
396
396
396
428
460
460
460
492
460
428
428
396
372
340
308
260
244
212
164
120
64
0
-64
-148
-228
-276
-340
-372
-396
-372
-396
-396
-396
-356
-340
-324
-340
-340
-340
-340
-340
-324
-276
-244
-212
-196
-132
-88
-24
24
80
120
96
120
132
132
132
148
148
132
120
132
120
132
132
132
164
132
132
104
72
48
40
32
8
-8
-32
-72
-64
-80
-88
-96
-120
-132
-164
-148
-148
-132
-96
-88
-88
-120
-112
-104
-104
-80
-72
-80
-80
-32
-16
-8
48
48
64
88
104
132
180
212
276
324
372
428
428
460
460
492
524
556
588
620
620
588
620
588
556
524
524
524
492
460
396
372
292
244
212
164
96
16
-32
-104
-164
-228
-276
-340
-396
-460
-524
-524
-524
-524
-556
-556
-556
-588
-620
-620
-588
-588
-556
-556
-524
-492
-460
-428
-396
-396
-428
-396
-372
-356
-324
-292
-244
-228
-212
-212
-196
-164
-164
-148
-148
-104
-72
-56
-56
-64
-72
-80
-64
-24
-16
0
-8
16
8
-48
-80
-104
-132
-148
-132
-148
-112
-132
-132
-120
-132
-148
-148
-164
-132
-120
-104
-64
-32
-24
-16
16
80
96
148
196
244
276
308
340
396
396
396
460
524
588
620
684
748
780
780
780
780
748
748
780
780
780
780
748
716
684
652
620
556
492
396
340
292
212
148
112
32
-40
-104
-148
-196
-228
-244
-276
-324
-340
-396
-460
-492
-524
-492
-492
-460
-396
-396
-340
-324
-292
-260
-228
-228
-180
-180
-212
-212
-244
-244
-212
-180
-148
-112
-80
-64
-48
-48
-16
-8
-8
-8
16
0
8
8
-32
-40
-80
-96
-112
-104
-112
-148
-180
-212
-244
-276
-292
-308
-324
-340
-356
-372
-428
-460
-460
-492
-492
-460
-428
-428
-396
-372
-324
-276
-260
-260
-244
-212
-212
-180
-120
-96
-48
0
32
80
112
164
196
212
212
228
244
260
308
340
356
356
372
340
356
372
324
356
356
308
308
276
244
244
212
196
196
148
148
96
72
40
0
-24
-64
-104
-104
-112
-96
-80
-96
-72
-64
-40
-40
-32
-8
16
16
48
80
112
132
148
212
228
308
324
356
372
356
340
324
340
356
356
396
428
428
396
396
396
372
372
324
292
276
244
180
148
132
96
64
56
16
0
-16
-72
-120
-148
-164
-180
-196
-212
-244
-276
-292
-308
-340
-356
-340
-324
-308
-308
-292
-292
-324
-356
-356
-324
-324
-308
-292
-292
-260
-228
-180
-164
-148
-132
-112
-104
-80
-64
-32
0
24
48
56
56
40
32
16
8
24
32
16
8
24
24
0
-16
-40
-72
-80
-96
-132
-148
-212
-260
-276
-340
-372
-372
-428
-428
-428
-428
-396
-396
-356
-340
-340
-324
-292
-276
-260
-212
-180
-148
-96
-56
-24
24
56
88
148
196
212
244
292
324
324
356
356
356
372
396
396
428
428
460
492
524
524
492
492
460
428
428
396
372
340
292
260
212
196
164
164
148
148
148
132
132
80
56
16
8
-8
-40
-48
-88
-120
-132
-164
-180
-164
-164
-148
-148
-120
-104
-104
-96
-80
-88
-96
-88
-96
-96
-96
-72
-48
0
16
48
72
96
148
164
148
148
148
132
112
88
80
48
24
8
0
-16
-8
-48
-72
-72
-104
-120
-148
-196
-228
-276
-308
-324
-340
-340
-324
-308
-308
-308
-292
-276
-260
-228
-228
-212
-164
-132
-132
-148
-112
-96
-80
-48
-24
0
16
16
40
48
64
112
148
180
212
228
244
260
276
260
244
228
228
212
196
196
196
196
196
196
164
132
112
56
32
16
24
8
0
0
0
-16
-40
-48
-88
-112
-164
-196
-228
-260
-276
-276
-228
-212
-196
-164
-180
-164
-148
-148
-148
-148
-132
-120
-88
-56
-56
-48
-16
8
56
104
132
180
180
196
212
228
228
260
276
276
292
292
292
260
244
212
180
164
120
80
40
8
-32
-80
-112
-132
-148
-164
-180
-196
-212
-228
-244
-260
-276
-276
-292
-276
-276
-276
-260
-228
-212
-180
-132
-96
-56
-40
-8
24
40
56
72
72
104
132
148
196
228
228
228
244
260
292
324
308
308
324
308
292
308
324
324
308
308
260
228
180
132
104
72
72
56
24
8
-8
-48
-80
-112
-132
-164
-212
-228
-308
-324
-372
-396
-428
-428
-428
-428
-396
-428
-396
-372
-356
-340
-308
-292
-260
-228
-180
-180
-148
-132
-104
-80
-56
-16
24
48
96
148
180
212
244
276
276
260
260
260
260
244
212
212
196
212
164
132
132
96
56
48
48
32
0
-8
-32
-72
-112
-112
-112
-112
-132
-132
-148
-132
-132
-132
-112
-120
-96
-88
-64
-24
-8
