SAMPLES:	7731
BITSPERSAMPLE:	16
CHANNELS:	1
SAMPLERATE:	16000
NORMALIZED:	FALSE
0
0
0
0
0
0
0
0
0
0
0
0
0
0
0
0
0
0
0
0
0
8
8
8
0
0
0
0
0
0
0
0
0
0
0
0
0
0
0
0
0
0
0
0
0
0
0
0
0
0
0
0
0
0
-8
-8
0
-8
0
0
0
0
0
0
0
0
0
-8
-8
-8
-8
0
-8
-8
0
0
0
-8
-8
-8
-8
-8
-8
-8
-8
-8
-8
-8
-8
-8
-8
-8
-8
-8
-8
-8
-8
-8
-8
0
-8
0
0
0
0
0
0
0
0
0
0
0
8
8
8
8
8
8
8
16
16
8
16
16
8
8
8
8
8
16
16
16
16
8
16
16
16
16
8
8
8
8
8
8
8
8
8
8
8
8
8
8
0
0
0
0
0
0
0
0
0
0
0
0
0
0
0
0
-8
-8
-8
-8
-8
-8
-8
-8
0
-8
0
0
0
0
-8
0
0
0
0
0
0
0
0
-8
-8
0
0
-8
0
0
0
0
0
0
0
0
0
0
0
0
0
0
0
0
0
0
0
0
0
0
0
0
0
0
0
0
0
0
0
0
-8
0
-8
-8
-8
0
0
0
0
0
0
-8
0
0
0
0
0
0
0
0
0
0
0
0
0
0
0
0
0
0
0
0
0
8
0
8
8
0
0
0
8
8
8
8
8
8
8
8
0
0
0
8
8
8
8
8
0
0
0
0
0
0
8
8
8
8
0
8
8
8
8
8
8
0
0
0
0
0
0
0
0
0
0
0
0
0
0
0
0
0
0
0
0
0
0
0
0
0
0
0
0
0
0
0
0
0
0
0
0
0
0
0
0
0
0
0
0
0
0
0
0
0
0
0
0
0
0
0
0
0
-8
-8
0
-8
-8
0
0
0
0
0
0
0
0
0
0
-8
-8
-8
-8
-8
-8
-8
-16
-8
-16
-8
-8
-8
-8
-8
-8
-8
-8
-8
-8
-8
-8
-8
-8
-8
0
0
0
0
0
0
0
0
0
0
0
0
0
0
0
0
0
0
0
0
0
0
0
0
0
0
0
0
0
0
0
0
0
0
0
0
0
0
0
0
0
0
0
0
0
0
0
0
0
0
0
0
0
0
0
0
0
0
0
0
8
8
8
8
8
8
8
8
8
8
8
8
8
0
0
0
0
0
0
0
0
0
0
0
0
0
0
0
8
0
0
0
0
0
0
0
0
0
0
0
0
0
0
0
0
0
0
0
0
0
0
0
0
0
0
0
-8
0
0
0
0
0
0
-8
-8
0
0
0
0
0
0
0
0
0
0
0
0
0
0
0
0
0
0
0
0
0
0
-8
0
-8
0
0
0
0
0
0
0
0
0
0
0
0
0
0
0
0
0
0
0
0
-8
0
0
0
0
0
0
0
0
0
0
0
0
0
0
0
0
0
0
0
0
0
0
0
0
0
0
0
0
0
0
0
0
0
0
0
0
0
0
0
0
0
0
0
0
0
0
0
0
0
0
0
0
0
0
0
0
0
0
0
0
0
0
0
0
0
0
0
0
0
0
0
0
0
0
0
0
0
0
0
0
0
0
0
0
0
0
0
0
0
0
0
0
0
0
0
0
0
0
0
0
0
0
0
0
0
0
0
0
0
0
0
0
0
0
0
0
0
0
0
0
0
0
0
0
0
0
0
0
0
0
0
0
0
0
0
0
0
0
0
0
-8
-8
0
0
0
0
0
0
0
0
0
0
0
0
0
0
0
0
0
0
0
0
0
0
0
0
0
0
0
0
0
-8
-8
-8
-8
-8
-8
-8
-8
0
-8
0
0
0
0
0
0
0
-8
-8
-8
-8
-8
0
-8
0
0
0
0
0
0
0
0
0
0
0
0
0
0
0
0
0
0
0
0
0
0
0
0
0
0
0
0
8
8
8
0
0
0
0
0
0
0
0
8
8
8
0
8
8
8
8
8
8
8
8
8
8
0
0
0
0
0
8
0
0
0
0
8
8
8
8
8
8
0
0
0
0
0
0
0
0
0
0
0
0
0
0
0
0
0
0
0
0
0
0
0
0
0
0
0
0
0
0
0
0
0
0
0
0
0
0
0
0
0
0
0
0
0
0
0
0
0
0
0
-8
-8
-8
-8
-8
-8
-8
0
-8
-8
-8
0
-8
-8
-8
0
-8
-8
-8
0
0
-8
0
0
0
-8
-8
0
-8
-8
0
0
0
0
0
0
0
0
-8
-8
0
0
0
0
0
0
0
0
0
0
0
0
0
0
0
0
0
0
0
0
0
0
0
0
0
0
0
0
0
8
8
8
8
8
8
8
8
0
0
0
0
0
0
0
0
0
0
0
0
0
0
8
8
8
8
8
0
0
0
0
0
0
0
0
0
0
0
0
0
0
0
0
0
0
0
0
0
0
0
0
0
0
0
0
0
0
0
0
0
0
8
8
0
0
0
0
0
0
0
0
0
0
0
0
0
0
0
0
0
0
0
0
0
0
0
0
-8
0
0
0
-8
-8
-8
-8
-8
-8
-8
-8
-8
-8
-8
-8
-8
-8
-16
-16
-16
-16
-8
-16
-8
-8
-8
-8
-8
0
0
0
0
0
0
0
0
0
0
0
0
0
0
0
0
0
0
0
0
0
8
0
8
8
8
8
8
0
0
0
0
0
0
0
0
0
0
0
0
8
8
0
0
0
0
0
0
0
0
0
0
0
0
0
0
0
0
0
0
0
0
0
0
0
0
0
0
0
0
0
0
0
0
0
0
0
0
0
0
8
0
0
0
0
0
0
0
0
0
0
0
8
0
8
8
0
8
8
0
0
0
0
0
8
8
8
0
0
0
0
0
0
0
0
0
0
0
0
0
0
0
0
0
0
0
0
0
0
0
0
0
0
0
0
0
0
0
0
0
0
0
0
0
0
0
0
0
0
0
0
0
0
0
0
0
0
0
0
0
0
-8
0
0
0
-8
0
0
0
0
0
0
0
0
0
0
0
0
0
0
0
0
0
0
0
0
0
0
0
0
0
0
0
0
0
0
0
0
0
0
0
0
0
0
0
0
0
0
0
0
0
0
0
0
0
0
0
0
0
0
0
0
0
0
0
0
0
0
0
0
0
0
0
0
0
0
0
0
0
0
0
0
0
0
0
0
0
0
0
0
0
0
8
8
0
0
0
0
0
0
0
0
0
0
0
0
0
0
0
0
0
0
0
0
0
0
8
0
0
0
0
0
0
0
0
0
0
0
0
0
0
0
8
8
8
0
0
0
0
0
0
0
0
0
0
0
0
0
0
0
0
0
0
0
0
0
0
0
0
0
0
0
0
0
0
0
0
0
0
0
0
0
0
-8
-8
-8
-8
-8
0
0
0
0
0
0
0
0
0
0
0
-8
0
-8
-8
-8
0
0
0
0
0
0
0
0
0
0
0
0
0
8
0
0
0
0
0
0
0
0
0
0
0
0
-8
0
0
0
0
0
0
0
0
-8
-8
0
0
0
0
0
0
0
0
0
0
0
0
0
0
0
0
0
0
0
8
8
8
8
0
8
8
0
8
8
8
16
16
16
16
8
0
8
8
8
0
8
8
8
8
8
8
8
16
8
8
8
0
0
0
0
0
0
0
0
0
-8
-8
0
-8
-8
-8
-8
-16
-16
-8
-8
-8
0
0
0
-8
-16
-16
-16
-16
-16
-24
-24
-16
-16
-8
0
0
0
0
-8
-8
-8
-8
-8
0
0
0
0
0
0
0
0
0
0
0
0
-8
0
0
0
0
-8
-8
-8
-8
-8
-8
-8
-8
-8
-8
0
0
0
0
0
0
0
0
0
0
0
0
0
-8
-8
0
0
0
0
8
8
0
8
8
8
8
8
8
16
8
16
16
16
8
8
8
8
8
8
16
24
24
16
24
16
16
16
16
16
16
24
16
8
8
8
24
32
40
64
88
104
180
276
244
48
-212
-396
-372
-276
-164
40
308
556
460
0
-428
-588
-460
-180
-8
120
228
196
-56
-428
-556
-428
-180
16
132
148
132
-64
-324
-324
-164
16
112
132
212
276
180
40
16
88
96
40
56
120
212
228
260
308
428
428
260
132
56
48
0
-40
0
80
164
180
164
180
164
72
-8
-64
-40
0
24
48
64
96
16
-48
-72
-64
-88
-148
-104
-96
-96
-120
-104
-80
-88
-112
-180
-228
-292
-324
-324
-308
-260
-228
-212
-212
-260
-308
-292
-324
-340
-260
-164
-104
-132
-132
-228
-292
-356
-396
-276
-148
0
104
164
112
-24
-104
-164
-180
-132
-96
-64
56
164
148
132
196
228
148
64
0
0
40
96
180
324
492
556
620
652
620
460
244
132
112
196
356
556
748
844
748
556
396
244
88
24
72
212
356
428
372
340
340
212
0
-164
-276
-396
-428
-396
-324
-228
-196
-244
-308
-396
-492
-588
-652
-684
-748
-780
-716
-684
-620
-556
-492
-492
-524
-556
-556
-556
-524
-428
-324
-244
-180
-212
-148
-64
24
64
8
-164
-308
-244
-164
80
356
556
652
620
460
148
-48
-132
-96
24
324
620
876
1116
1180
1052
780
460
212
212
372
652
924
1052
1116
1180
1180
1244
1308
1436
1244
1180
1308
1372
1372
1180
1308
1308
1308
1180
876
716
556
356
48
-244
-460
-780
-1116
-1372
-1564
-1756
-2108
-2492
-2748
-3004
-3132
-3516
-3772
-4092
-4092
-3772
-3772
-3516
-3388
-3260
-3132
-2876
-2620
-2364
-1980
-1564
-1116
-652
-196
180
324
492
748
924
1244
1564
1820
1980
2108
2236
2108
2108
1980
1820
1564
1308
1180
1052
748
492
428
356
148
-72
-212
-492
-684
-924
-1116
-1116
-844
-396
-80
428
684
652
524
292
104
40
164
428
812
1180
1564
1756
1980
2236
2620
3132
3516
3772
4092
4348
4604
4604
4092
4092
4092
4092
3772
3388
3388
3388
3004
2492
1820
1244
588
-164
-924
-1500
-1884
-2364
-3004
-3516
-3644
-4092
-4348
-4860
-5116
-5372
-5884
-5884
-5884
-5628
-5372
-5116
-4860
-4092
-3644
-3132
-2748
-2364
-1692
-1308
-924
-244
460
1244
1692
2108
2748
3260
3644
3772
3772
3772
3900
3644
3388
3260
3132
2748
2364
1980
1628
1052
492
-24
-460
-924
-1500
-1980
-2236
-2364
-2492
-2748
-2876
-3004
-3004
-3132
-3132
-2876
-2620
-2492
-2364
-2236
-2108
-2108
-1820
-1436
-1180
-988
-876
-780
-620
-372
-104
212
876
1692
2492
3260
3900
4604
5116
5628
5628
5628
5628
5372
5628
5628
5628
5628
5628
5628
5372
5116
4348
3900
3260
2364
1244
228
-556
-1244
-1756
-2108
-2492
-3004
-3516
-4092
-4604
-5116
-5628
-6140
-6396
-6652
-6652
-6396
-6140
-5884
-5116
-4860
-4092
-3772
-3388
-3132
-3004
-2620
-2236
-1564
-812
196
1180
2236
3132
4092
4860
4860
4860
4348
4092
3644
3260
3004
3004
3644
3516
3260
3004
2492
1884
924
112
-748
-1564
-2620
-3388
-3516
-3516
-3516
-3772
-3900
-3644
-3516
-3644
-3644
-3644
-3772
-3900
-4092
-3644
-3132
-2620
-2236
-1564
-988
-684
-340
-292
-104
0
-56
96
748
1628
2364
3260
4348
5372
6652
7420
7676
7932
7420
6908
6652
6140
6140
6140
6396
6396
6140
5884
5628
5372
4860
3900
2492
1116
-96
-1180
-2108
-2748
-3132
-3644
-4092
-4604
-4860
-5116
-5372
-6140
-6908
-7420
-7932
-8316
-7932
-7676
-7420
-6908
-6140
-5628
-4860
-4348
-3900
-3388
-3260
-2748
-2364
-1436
-132
780
1884
2876
3900
4604
5116
5628
5628
5628
5116
4348
4092
3516
3132
2620
2492
2492
1980
1564
1116
652
-196
-1180
-2108
-2876
-3388
-4092
-4604
-4604
-4604
-4604
-4604
-4348
-3772
-3644
-3516
-3516
-3260
-3004
-2876
-2620
-2364
-1820
-1308
-844
-132
524
1052
1372
1692
2108
2364
2748
3132
3644
4348
4860
5628
6652
7932
8316
8316
8316
7932
7420
6908
6396
6140
5884
5884
5372
4860
4860
4604
4348
3516
2620
1500
212
-876
-1980
-3004
-3900
-4604
-5372
-5884
-6140
-6396
-6652
-6652
-7164
-7676
-7932
-8316
-8316
-8316
-7932
-7676
-7164
-6652
-5628
-5116
-4348
-3644
-3132
-2620
-1884
-1116
-292
428
1180
2492
3516
4092
5116
5372
5884
5884
6140
5628
5628
5372
4348
3644
2876
2492
1980
1436
1180
684
244
-620
-1116
-1628
-2236
-3004
-3900
-4604
-4860
-5116
-5116
-4860
-4604
-4348
-4092
-3516
-3004
-2620
-2492
-2364
-2108
-1884
-1500
-1116
-716
-212
180
620
1116
1884
2364
2748
3004
3388
3900
4092
4860
5372
5884
6396
7164
7420
7676
7676
7420
6908
6396
5884
5372
5372
4860
4604
3900
3516
3388
3004
2492
1692
988
24
-1180
-2108
-3132
-3900
-4604
-5628
-6140
-6396
-6652
-6652
-6908
-7164
-7164
-7420
-7676
-7420
-7164
-7164
-6908
-6652
-6140
-5372
-4860
-4092
-3260
-2492
-1820
-924
104
1052
1884
2492
3260
3900
4348
5116
5884
6140
6140
5884
5628
5372
4860
4604
3900
3516
2620
1884
1308
812
396
-292
-844
-1436
-1980
-2620
-3132
-3516
-4092
-4604
-4860
-5116
-4860
-4604
-4348
-4092
-3644
-3132
-2748
-2364
-1820
-1372
-1244
-1180
-924
-684
-324
180
588
1052
1500
1980
2236
2748
3132
3388
3644
3900
4348
4860
5372
6140
6396
6652
6652
6396
6396
5884
5628
5116
4860
4604
4092
3772
3388
3132
2876
2364
1820
1244
492
-396
-1308
-2108
-2876
-3644
-4604
-5372
-5628
-6140
-6396
-6396
-6396
-6396
-6652
-6652
-6652
-6396
-6396
-6396
-6140
-5628
-5372
-4860
-4348
-3516
-2620
-1820
-988
-120
748
1500
2236
2876
3388
3900
4348
4860
5116
5116
5116
4860
4604
4092
3644
3260
2620
2236
1564
780
244
-244
-652
-1308
-1628
-2108
-2492
-3004
-3388
-3644
-4092
-4348
-4604
-4860
-4604
-4348
-4092
-3772
-3260
-2748
-2364
-1980
-1436
-988
-812
-588
-228
72
396
988
1436
1884
2236
2492
2876
3260
3516
3772
4092
4348
4604
4860
5372
5884
6396
6396
6396
6396
6140
6140
5628
5372
5116
4860
4348
3900
3516
3260
3132
2748
2236
1756
1052
244
-556
-1372
-2236
-3132
-3900
-4604
-5116
-5628
-5884
-6140
-6396
-6396
-6652
-6652
-6396
-6396
-6396
-6396
-6140
-5884
-5884
-5372
-4860
-4604
-3900
-3260
-2620
-1756
-988
-96
684
1372
2108
2748
3260
3644
4092
4092
4092
4092
3900
3772
3516
3260
2876
2492
1980
1500
1180
748
324
-228
-716
-1052
-1500
-1980
-2364
-2748
-3132
-3388
-3516
-3516
-3388
-3388
-3132
-3004
-2620
-2236
-1884
-1500
-1116
-748
-556
-308
48
340
524
812
1180
1564
1980
2364
2748
3132
3260
3516
3772
3900
4092
4348
4604
4860
5372
5628
5628
5884
5884
5628
5372
5372
5116
4860
4604
4092
3516
3004
2620
2492
2236
1756
1308
716
148
-524
-1308
-2108
-2876
-3900
-4604
-5372
-5628
-6140
-6396
-6652
-6908
-6908
-6652
-6396
-6396
-6140
-6140
-5884
-5628
-5372
-5116
-4604
-4348
-3644
-3132
-2492
-1692
-844
-72
716
1564
2236
3004
3516
4092
4348
4604
4604
4604
4348
4092
3900
3516
3004
2620
2108
1820
1500
1180
652
196
-228
-748
-1244
-1884
-2236
-2748
-3260
-3644
-3900
-3900
-3900
-3900
-3644
-3260
-2748
-2364
-1820
-1308
-924
-780
-556
-308
-16
276
492
748
1052
1372
1628
1980
2236
2492
2748
2876
3132
3388
3388
3388
3388
3516
3772
4348
4860
5116
5372
5116
5116
5116
5116
4860
4604
4348
4092
3644
3260
2876
2748
2364
1980
1564
1180
620
-32
-684
-1372
-2108
-2876
-3644
-4092
-4604
-5116
-5628
-5884
-6140
-6140
-6140
-6140
-5884
-5884
-5884
-5628
-5372
-5116
-4860
-4604
-4348
-3900
-3388
-2876
-2108
-1436
-492
164
988
1756
2620
3260
3644
4092
4092
4092
4092
3772
3516
3260
2748
2236
1884
1564
1180
924
524
372
-8
-396
-780
-1116
-1500
-2108
-2620
-3132
-3388
-3516
-3644
-3516
-3260
-3004
-2620
-2108
-1628
-1116
-812
-620
-372
-180
-8
292
588
876
1180
1372
1628
1884
2108
2492
2620
3004
3132
3260
3388
3388
3388
3260
3260
3516
3900
4348
4860
5116
5116
5372
5372
5372
5372
5116
4604
4348
3900
3644
3132
2620
2364
1884
1436
924
396
-132
-812
-1500
-2108
-2876
-3644
-4348
-4860
-5372
-5884
-6140
-6652
-6652
-6908
-6908
-6908
-6908
-6652
-6652
-6140
-5884
-5372
-5116
-4604
-4092
-3772
-3388
-2876
-2236
-1756
-1052
-308
396
1372
2236
3260
3772
4092
4604
4604
4604
4092
3772
3260
2748
2364
1756
1564
1308
1052
684
492
460
196
16
-340
-620
-988
-1500
-1980
-2364
-2620
-2748
-2748
-2620
-2108
-1692
-1372
-876
-372
72
396
556
844
1116
1116
1180
1308
1436
1564
1692
1884
2108
2236
2364
2620
2876
3004
3132
3260
3260
3516
3516
3644
3772
4092
4604
4604
4860
4860
4604
4860
4604
4604
4604
4348
4092
3772
3388
2876
2620
1980
1436
876
148
-460
-1116
-1756
-2236
-2876
-3388
-4092
-4604
-5116
-5628
-5884
-6140
-6396
-6652
-6908
-6908
-6908
-6652
-6652
-6396
-5884
-5628
-5116
-4860
-4604
-4092
-3644
-3260
-2748
-2236
-1564
-716
-104
844
1820
2236
3132
3388
3772
3900
4092
3772
3388
3388
2748
2364
1980
1692
1436
1052
988
652
684
396
132
96
-372
-620
-1052
-1436
-1628
-1884
-2108
-2236
-1980
-1884
-1564
-1180
-876
-524
-228
56
340
524
588
684
780
780
812
988
988
1116
1308
1436
1756
2108
2364
2620
2748
2876
3004
3004
3004
3132
3260
3388
3516
3900
4092
4348
4604
4604
4860
4860
5116
4860
4860
4860
4348
3900
3388
2876
2364
1820
1244
684
148
-324
-876
-1436
-1820
-2364
-2876
-3516
-4092
-4604
-5116
-5628
-6140
-6396
-6908
-6908
-6908
-6908
-6652
-6396
-5884
-5628
-5116
-4604
-4348
-3900
-3516
-3260
-2876
-2364
-1692
-1116
-492
228
844
1500
1980
2620
3132
3388
3644
3644
3516
3388
3132
2620
2236
1980
1564
1180
924
780
556
292
164
-24
-148
-244
-396
-556
-780
-988
-1244
-1372
-1436
-1436
-1500
-1436
-1244
-1116
-988
-748
-460
-260
-120
48
180
292
460
524
620
780
988
1180
1372
1628
1692
1884
2108
2108
2236
2364
2492
2492
2492
2620
2748
3132
3516
3900
4092
4348
4348
4604
4860
4860
4604
4604
4348
4092
3644
3260
2748
2364
1884
1372
876
428
-48
-524
-1052
-1500
-2108
-2748
-3388
-4092
-4348
-5116
-5628
-6140
-6396
-6652
-6652
-6652
-6652
-6396
-6140
-5628
-5116
-4860
-4604
-4348
-4092
-3772
-3516
-3260
-2748
-2108
-1628
-988
-148
492
1244
1884
2492
3004
3260
3644
3644
3516
3388
3132
2876
2620
2492
2236
1980
1820
1756
1564
1500
1436
1372
1244
1180
988
780
524
228
0
-324
-524
-716
-876
-924
-812
-588
-460
-212
112
212
308
396
428
396
428
356
276
260
228
292
396
524
780
988
1052
1244
1436
1564
1564
1692
1692
1884
1980
2108
2364
2876
3260
3516
3900
3900
4092
4092
4092
4092
3900
3900
3644
3260
3004
2620
2236
1820
1244
748
132
-492
-1052
-1564
-1980
-2492
-3004
-3644
-4092
-4604
-5116
-5628
-6140
-6396
-6652
-6908
-6908
-6908
-6652
-6652
-6396
-5884
-5628
-5116
-4860
-4348
-4092
-3772
-3388
-2876
-2108
-1628
-988
-132
588
1372
1980
2748
3260
3900
4092
4348
4604
4348
4092
3900
3644
3516
3132
2876
2748
2620
2620
2364
2364
2236
1980
1820
1500
1116
716
260
-132
-556
-844
-1116
-1372
-1564
-1564
-1500
-1372
-1244
-988
-924
-812
-684
-588
-492
-396
-340
-372
-356
-396
-308
-180
80
428
780
1116
1500
1820
1980
2236
2364
2492
2748
2876
3004
3132
3516
4092
4348
4604
4860
5116
5372
5372
5372
5372
5116
4860
4348
3900
3260
2876
2364
1628
1180
556
-32
-684
-1372
-1980
-2620
-3132
-3772
-4348
-4860
-5628
-5884
-6396
-6908
-7164
-7420
-7420
-7420
-7164
-7164
-6908
-6396
-6140
-5884
-5372
-4860
-4604
-4092
-3388
-2876
-2236
-1564
-988
-260
460
1180
1980
2620
3260
3772
4092
4348
4348
4348
4348
4092
3900
3644
3260
3004
2748
2620
2364
2108
1980
1756
1500
1180
988
652
228
-196
-620
-1052
-1436
-1756
-2108
-2236
-2364
-2364
-2236
-1980
-1756
-1564
-1372
-1244
-1116
-988
-876
-812
-652
-556
-396
-164
40
356
684
1116
1436
1820
2108
2492
2748
2876
3132
3260
3516
3644
3900
4092
4604
4860
5116
5116
5372
5372
5372
5372
5372
5116
4860
4348
3900
3260
2748
2108
1500
780
120
-556
-1180
-1820
-2364
-2748
-3260
-3772
-4348
-4860
-5372
-5884
-6396
-6908
-7164
-7420
-7420
-7420
-7164
-6908
-6652
-6396
-5884
-5372
-4860
-4348
-3900
-3388
-2876
-2236
-1628
-844
-120
556
1372
2108
2876
3388
4092
4604
4860
5116
5116
5116
5116
4860
4604
4348
4092
3772
3388
3132
2748
2492
2108
1692
1372
988
684
260
-104
-556
-988
-1372
-1884
-2236
-2620
-3004
-3132
-3388
-3260
-3132
-2876
-2492
-2236
-1980
-1692
-1436
-1308
-1180
-1116
-1052
-924
-748
-524
-164
148
524
876
1244
1628
2108
2492
2748
3004
3132
3132
3260
3388
3516
3644
3772
4348
4604
4860
5116
5116
5116
5116
5116
4860
4604
4348
3644
3132
2492
1820
1244
620
-8
-684
-1244
-1820
-2364
-2876
-3388
-3900
-4604
-5116
-5628
-6140
-6396
-6908
-7164
-7420
-7420
-7420
-7164
-6908
-6652
-6140
-5628
-5116
-4348
-3644
-3004
-2364
-1756
-1180
-524
72
684
1308
1884
2492
3004
3516
4092
4348
4860
5116
5372
5372
5116
4860
4348
4092
3516
3004
2620
2236
1980
1756
1500
1244
924
652
292
-32
-324
-716
-1116
-1436
-1756
-2108
-2236
-2364
-2492
-2620
-2492
-2364
-2108
-1884
-1628
-1372
-1116
-988
-748
-588
-460
-260
-80
80
308
524
748
1052
1308
1628
1980
2364
2620
2876
3004
3260
3516
3772
3772
3900
3900
3772
3900
4092
4348
4348
4348
4348
4348
4348
4092
3772
3388
3004
2364
1628
988
356
-292
-924
-1500
-2108
-2492
-3004
-3516
-3900
-4348
-4604
-5116
-5372
-5884
-6140
-6396
-6396
-6652
-6652
-6396
-6140
-5884
-5628
-5116
-4604
-4092
-3516
-3004
-2236
-1692
-1180
-588
-48
396
924
1308
1756
2236
2492
3004
3260
3516
3772
3772
3900
3772
3772
3516
3388
3132
2876
2620
2236
1884
1564
1308
988
684
396
120
-196
-460
-748
-988
-1180
-1436
-1692
-1884
-2108
-2236
-2492
-2620
-2620
-2620
-2492
-2364
-2108
-1820
-1500
-1244
-1052
-844
-684
-556
-396
-120
180
556
876
1244
1564
1884
2236
2620
2876
3260
3388
3516
3644
3772
3772
3772
3900
3900
4092
4348
4348
4604
4604
4604
4604
4348
4092
3772
3516
3004
2492
1884
1116
588
56
-428
-876
-1308
-1692
-2236
-2620
-3004
-3516
-3772
-4092
-4604
-4860
-5372
-5628
-5884
-6140
-6140
-6140
-6140
-5884
-5372
-4860
-4348
-3772
-3260
-2748
-2108
-1628
-1116
-716
-356
-64
196
492
876
1308
1628
2108
2492
2876
3132
3388
3516
3516
3516
3516
3260
3132
2876
2492
2236
1884
1564
1244
1052
780
460
132
-180
-428
-684
-988
-1308
-1628
-1980
-2364
-2620
-2748
-2876
-3004
-3132
-3004
-2876
-2748
-2620
-2364
-2108
-1756
-1500
-1244
-924
-652
-396
-96
196
524
924
1308
1628
1980
2236
2492
2748
3004
3260
3388
3644
3772
4092
4092
4092
4348
4348
4092
4092
4092
4092
4092
3900
3772
3644
3388
3132
2620
2364
1884
1372
844
260
-260
-812
-1308
-1820
-2236
-2620
-3004
-3388
-3644
-4092
-4348
-4604
-4604
-4860
-4860
-5116
-5116
-5116
-5116
-4860
-4604
-4348
-4092
-3772
-3260
-2876
-2620
-2108
-1628
-1180
-684
-292
72
492
876
1308
1692
1980
2236
2492
2748
2876
3004
3004
3004
2876
2748
2620
2620
2364
2108
1980
1692
1372
1116
716
292
-96
-492
-876
-1180
-1436
-1692
-1980
-2108
-2236
-2364
-2492
-2492
-2620
-2748
-2748
-2748
-2620
-2492
-2236
-1980
-1692
-1308
-988
-684
-356
-48
244
588
924
1244
1564
1820
2236
2492
2748
3004
3388
3644
3900
4092
4092
4092
4092
4092
4092
4092
4092
4092
4092
4092
4092
3900
3772
3516
3132
2748
2364
1980
1564
1116
748
460
96
-308
-716
-1052
-1500
-1884
-2236
-2748
-3004
-3516
-3772
-4092
-4348
-4604
-4860
-4860
-5116
-5116
-5116
-5116
-4860
-4860
-4604
-4348
-4092
-3772
-3516
-3132
-2620
-2108
-1628
-1308
-924
-492
-148
212
460
780
1116
1308
1564
1884
2236
2236
2364
2492
2364
2364
2236
2108
1884
1628
1436
1180
988
780
524
276
24
-212
-492
-780
-988
-1180
-1372
-1564
-1628
-1756
-1820
-1820
-1884
-1884
-1820
-1756
-1628
-1500
-1244
-988
-716
-460
-164
148
460
844
1180
1500
1820
2236
2492
2748
2876
3004
3132
3132
3260
3388
3644
3772
3900
3900
4092
4092
4092
3900
3772
3516
3388
3132
2876
2748
2620
2364
2236
1980
1820
1564
1308
924
652
276
-112
-524
-924
-1372
-1820
-2236
-2492
-2876
-3260
-3516
-3772
-4092
-4092
-4348
-4348
-4604
-4604
-4604
-4604
-4604
-4604
-4348
-4348
-4092
-3900
-3644
-3388
-3004
-2620
-2236
-1820
-1436
-988
-652
-244
80
372
524
684
844
876
988
1116
1244
1372
1436
1564
1564
1628
1628
1564
1500
1308
1180
924
716
524
292
88
-88
-244
-372
-524
-652
-716
-844
-924
-1052
-1052
-1052
-1052
-988
-924
-812
-652
-492
-324
-120
32
260
556
812
1052
1308
1564
1820
1980
2236
2492
2620
2748
2876
3004
3004
3132
3260
3260
3388
3388
3388
3388
3388
3388
3260
3132
3004
2876
2620
2492
2364
2236
1980
1820
1564
1372
1052
716
356
8
-340
-748
-1116
-1436
-1756
-1980
-2364
-2620
-2876
-3132
-3388
-3516
-3644
-3900
-3900
-4092
-4092
-4092
-4092
-4092
-4092
-4092
-3900
-3772
-3516
-3260
-3004
-2748
-2492
-2236
-1980
-1692
-1436
-1180
-924
-652
-396
-132
88
324
556
748
988
1116
1244
1372
1436
1436
1500
1500
1500
1436
1372
1244
1180
988
844
684
428
276
164
24
-96
-260
-428
-588
-652
-748
-748
-684
-748
-748
-716
-684
-588
-524
-428
-260
-72
96
324
556
780
988
1180
1308
1564
1756
1884
1980
2236
2364
2492
2620
2748
2876
3004
3132
3260
3260
3260
3260
3260
3260
3132
3004
2748
2620
2364
2108
1756
1500
1308
988
780
524
292
32
-180
-396
-620
-844
-1052
-1308
-1564
-1820
-2108
-2364
-2620
-2748
-2876
-3132
-3260
-3260
-3388
-3516
-3516
-3516
-3516
-3388
-3388
-3260
-3132
-3004
-2876
-2620
-2492
-2236
-2108
-1884
-1628
-1436
-1180
-924
-684
-396
-120
196
428
652
844
988
1052
1116
1244
1244
1244
1308
1244
1180
1180
1116
1052
988
844
684
588
428
244
112
-8
-120
-244
-372
-492
-620
-780
-844
-924
-924
-924
-924
-812
-716
-588
-460
-244
-88
120
292
460
652
812
988
1180
1308
1500
1564
1756
1980
2108
2364
2492
2620
2748
2876
2876
3004
3004
3004
2876
2748
2620
2492
2364
2108
1980
1756
1564
1372
1180
1052
876
684
492
356
180
-40
-244
-460
-780
-1052
-1372
-1628
-1820
-2108
-2236
-2364
-2620
-2748
-2876
-2876
-2876
-2876
-2876
-2876
-2876
-2876
-2876
-2876
-2876
-2748
-2620
-2492
-2364
-2236
-1980
-1756
-1500
-1244
-1052
-780
-524
-324
-120
96
228
396
492
556
588
652
716
780
812
844
924
924
924
924
924
924
876
780
684
620
556
428
292
164
48
-48
-132
-180
-180
-180
-148
-132
-88
-32
32
72
88
88
72
96
164
260
428
588
748
924
1116
1244
1372
1564
1692
1756
1884
1980
1980
2108
2108
2236
2236
2236
2364
2364
2236
2236
2108
2108
1980
1756
1628
1500
1372
1180
1052
780
556
308
48
-148
-396
-556
-812
-1052
-1244
-1436
-1628
-1820
-1980
-2108
-2236
-2492
-2492
-2748
-2748
-2876
-2876
-2876
-2876
-2876
-2748
-2748
-2620
-2492
-2492
-2364
-2236
-2108
-1980
-1884
-1756
-1500
-1308
-1052
-924
-716
-524
-340
-120
64
260
372
492
652
716
780
844
924
924
988
988
988
924
924
844
812
780
780
748
684
652
588
588
556
524
556
524
492
492
460
460
524
492
524
588
620
684
716
748
716
716
716
716
748
812
876
924
1052
1180
1244
1372
1436
1436
1436
1436
1436
1436
1372
1372
1372
1308
1308
1244
1244
1180
1116
988
924
812
716
620
492
396
308
212
112
-8
-164
-340
-524
-684
-876
-988
-1116
-1308
-1436
-1564
-1692
-1756
-1884
-1980
-2108
-2236
-2364
-2492
-2492
-2492
-2620
-2620
-2620
-2620
-2620
-2492
-2364
-2108
-1980
-1756
-1628
-1500
-1308
-1116
-988
-780
-620
-492
-308
-120
24
244
428
588
716
876
988
1116
1244
1308
1308
1244
1244
1180
1180
1116
1116
1116
1116
1116
1116
1116
1052
988
924
876
844
844
844
844
812
780
716
652
588
524
492
460
396
428
396
396
428
460
524
588
652
684
716
748
716
716
684
652
588
652
652
652
716
748
780
812
844
844
844
844
812
780
748
716
652
588
588
524
460
340
212
64
-112
-292
-492
-684
-844
-988
-1116
-1244
-1436
-1564
-1756
-1884
-2108
-2236
-2364
-2492
-2620
-2748
-2876
-3004
-3004
-3004
-3004
-2876
-2748
-2492
-2236
-2108
-1884
-1692
-1500
-1308
-1116
-876
-684
-492
-260
-64
148
396
620
812
1052
1244
1436
1564
1628
1692
1756
1756
1756
1820
1884
1820
1820
1820
1756
1692
1692
1628
1628
1564
1500
1436
1372
1372
1244
1180
1052
876
780
684
556
428
372
260
212
180
132
132
96
32
0
-56
-104
-120
-132
-148
-180
-196
-180
-164
-88
0
80
196
324
396
460
524
556
588
588
620
620
684
684
716
716
684
652
588
556
524
460
356
260
164
0
-180
-372
-588
-780
-988
-1244
-1436
-1692
-1884
-2108
-2236
-2364
-2492
-2620
-2620
-2748
-2876
-2876
-2876
-2876
-2748
-2748
-2620
-2492
-2236
-2108
-1884
-1628
-1372
-1116
-844
-556
-260
-32
196
428
652
844
1052
1244
1372
1500
1628
1756
1884
1980
2108
2236
2236
2236
2364
2236
2236
2236
2108
2108
1980
1820
1692
1500
1372
1180
1116
1052
988
844
748
620
460
396
324
212
132
16
-88
-180
-228
-308
-372
-396
-460
-524
-556
-492
-460
-428
-340
-244
-164
-72
0
64
88
104
120
164
228
276
324
340
428
524
620
684
716
780
748
716
652
524
396
228
80
-96
-276
-396
-492
-652
-780
-876
-988
-1116
-1244
-1436
-1628
-1756
-1980
-2108
-2236
-2364
-2492
-2492
-2492
-2492
-2492
-2364
-2364
-2236
-2108
-1980
-1820
-1628
-1436
-1180
-988
-780
-556
-372
-164
32
212
396
556
684
844
988
1180
1308
1500
1628
1820
1980
2108
2236
2236
2364
2364
2364
2236
2108
1980
1884
1756
1692
1564
1500
1372
1244
1116
988
844
780
748
652
556
428
292
120
8
-96
-212
-308
-396
-428
-428
-460
-460
-460
-428
-396
-356
-308
-260
-276
-276
-324
-356
-356
-340
-308
-228
-148
-56
-16
32
132
212
308
396
428
428
372
276
164
40
-48
-96
-164
-196
-244
-324
-396
-460
-556
-652
-748
-924
-1052
-1244
-1436
-1564
-1692
-1756
-1820
-1820
-1820
-1820
-1756
-1692
-1628
-1628
-1500
-1436
-1372
-1308
-1180
-1116
-988
-844
-716
-556
-396
-244
-80
56
228
396
524
716
876
988
1116
1180
1372
1372
1436
1436
1500
1500
1564
1628
1628
1692
1692
1756
1692
1692
1628
1564
1436
1308
1244
1052
924
844
748
620
524
460
428
372
324
228
132
56
-40
-132
-244
-340
-428
-492
-492
-492
-428
-396
-340
-276
-212
-132
-120
-112
-96
-80
-56
-56
0
64
88
132
212
260
340
428
492
492
492
460
428
356
244
96
-16
-132
-244
-340
-428
-492
-588
-684
-716
-812
-924
-988
-1052
-1116
-1180
-1308
-1372
-1436
-1564
-1628
-1692
-1692
-1692
-1756
-1692
-1564
-1500
-1436
-1308
-1180
-1116
-1052
-988
-924
-812
-716
-588
-460
-324
-164
0
196
340
524
684
780
876
988
1116
1180
1308
1372
1372
1436
1500
1500
1500
1500
1436
1436
1436
1372
1308
1244
1180
1052
988
924
876
780
716
652
588
556
492
396
276
164
56
-64
-112
-228
-308
-324
-324
-340
-356
-372
-372
-340
-340
-308
-260
-228
-196
-164
-132
-64
0
56
132
148
196
228
260
308
324
340
308
244
212
196
212
244
180
164
120
48
0
-72
-148
-228
-292
-356
-396
-428
-428
-492
-524
-588
-652
-716
-780
-812
-876
-988
-988
-1052
-1116
-1052
-1052
-1052
-988
-988
-924
-812
-780
-716
-652
-620
-556
-460
-396
-276
-196
-96
-8
96
244
356
492
588
652
716
812
924
924
988
1052
1052
988
1052
1052
988
988
924
812
780
652
588
524
428
356
324
292
260
212
132
24
-64
-164
-228
-292
-372
-460
-492
-524
-588
-620
-588
-556
-524
-492
-428
-428
-428
-340
-276
-260
-228
-164
-132
-72
0
32
132
180
196
212
228
244
244
276
292
356
428
460
460
460
428
396
340
260
228
164
104
80
56
40
72
96
88
112
96
32
-16
-132
-228
-340
-428
-492
-556
-588
-652
-684
-684
-652
-652
-652
-620
-588
-556
-556
-492
-460
-396
-372
-340
-260
-212
-120
-24
24
88
148
212
292
356
428
524
620
716
812
876
924
924
924
876
812
780
684
652
556
524
492
460
460
396
356
308
244
196
104
8
-64
-164
-260
-324
-372
-396
-396
-428
-428
-428
-460
-492
-492
-524
-492
-492
-460
-428
-396
-356
-340
-308
-292
-292
-276
-260
-228
-196
-120
-32
24
88
132
180
180
164
132
56
40
-32
-112
-112
-164
-212
-212
-164
-148
-104
-32
-16
16
40
32
16
-16
-64
-132
-212
-260
-308
-308
-292
-228
-164
-96
-32
-16
-16
-8
-16
-24
16
32
24
0
-16
-16
-32
-24
24
88
148
228
324
356
396
460
460
460
492
460
460
428
428
428
428
396
372
356
340
356
308
308
308
324
324
308
276
180
80
-8
-96
-180
-244
-324
-396
-428
-492
-524
-556
-556
-524
-524
-492
-524
-524
-524
-524
-492
-460
-428
-356
-292
-244
-196
-132
-64
0
64
148
196
228
292
340
340
396
396
396
428
396
372
324
308
244
196
164
132
88
8
-56
-104
-148
-164
-164
-180
-164
-164
-132
-120
-88
-48
-32
-16
-16
-8
-16
-16
-24
0
16
0
16
40
40
72
88
88
104
120
132
132
148
148
148
148
148
112
104
72
48
8
0
0
32
56
48
56
80
96
120
148
132
120
120
112
88
112
72
32
0
0
-24
-48
-104
-132
-148
-180
-164
-180
-196
-228
-260
-308
-308
-308
-324
-340
-340
-356
-396
-396
-428
-396
-340
-308
-260
-196
-164
-148
-112
-96
-104
-112
-132
-112
-112
-104
-64
-32
-8
32
96
132
164
196
212
196
180
196
196
196
196
148
148
148
104
88
72
64
8
24
80
80
112
180
196
228
244
260
260
276
260
228
244
180
148
132
132
148
180
196
212
212
180
180
196
180
164
180
148
132
96
80
32
-8
-64
-104
-112
-112
-112
-104
-64
-32
-40
-16
16
8
8
0
-32
-16
-48
-80
-80
-112
-120
-96
-80
-80
-32
-8
16
32
32
0
-32
-56
-72
-96
-88
-104
-112
-120
-164
-180
-228
-260
-292
-324
-356
-356
-340
-324
-308
-292
-292
-308
-276
-260
-260
-244
-276
-276
-276
-260
-212
-148
-96
-48
0
48
120
164
180
164
180
164
164
164
164
196
180
212
244
244
212
196
180
196
180
148
112
132
132
72
64
72
56
104
88
120
180
228
260
292
276
260
276
212
228
228
228
228
212
244
196
148
132
96
96
80
72
64
16
-8
-32
-48
-64
-56
-64
-72
-64
-72
-72
-96
-120
-120
-132
-80
-88
-72
-80
-112
-88
-64
-56
-56
-64
-96
-112
-132
-180
-164
-148
-148
-148
-148
-132
-132
-164
-228
-276
-292
-308
-292
-308
-340
-340
-340
-340
-340
-308
-276
-276
-292
-292
-260
-244
-196
-132
-40
8
72
148
228
276
308
372
396
428
460
460
460
460
460
428
372
396
372
372
340
292
260
196
148
132
104
80
80
96
132
164
148
80
24
-24
-48
-72
-80
-80
-96
-120
-120
-120
-132
-148
-164
-164
-180
-148
-196
-180
-164
-180
-164
-148
-96
-96
-104
-112
-132
-164
-164
-148
-132
-112
-96
-104
-96
-112
-96
-80
-72
-40
-32
-16
-16
-48
-80
-64
-72
-72
-32
-8
-16
-32
-88
-120
-120
-132
-148
-132
-132
-164
-164
-132
-88
-64
-56
-80
-104
-120
-112
-104
-80
-72
-72
-32
-24
0
24
56
104
164
196
260
276
292
324
324
396
460
492
492
524
524
524
556
556
524
524
492
460
428
396
372
340
308
260
212
148
96
16
-32
-88
-148
-196
-260
-292
-324
-356
-340
-324
-292
-244
-212
-196
-196
-212
-196
-212
-196
-180
-164
-132
-112
-80
-48
-24
16
96
132
164
196
196
212
180
132
88
72
8
-48
-96
-148
-180
-212
-212
-244
-244
-244
-228
-244
-244
-308
-356
-428
-460
-460
-460
-460
-492
-492
-492
-460
-428
-396
-396
-340
-308
-308
-308
-292
-276
-244
-196
-164
-132
-132
-132
-104
-64
-8
32
80
96
112
132
148
196
212
228
260
292
324
340
372
396
396
428
460
492
556
620
652
684
716
652
684
652
652
620
588
556
492
428
356
324
308
276
228
180
148
88
16
-32
-64
-104
-132
-132
-180
-180
-180
-196
-212
-196
-212
-180
-164
-132
-80
-56
-48
-40
-40
-40
-32
-16
-40
-56
-64
-64
-72
-96
-96
-120
-148
-164
-180
-180
-196
-196
-244
-276
-276
-292
-324
-340
-356
-396
-396
-396
-396
-372
-356
-324
-276
-228
-196
-164
-148
-180
-180
-180
-228
-244
-244
-260
-244
-212
-180
-148
-80
-32
-16
0
24
56
56
40
16
-8
-24
-32
-56
-72
-56
-56
-40
16
72
132
196
228
260
324
356
396
396
356
372
356
340
340
356
356
396
396
428
428
428
396
372
356
308
276
244
180
132
104
64
56
64
40
32
16
8
0
-16
-24
-8
-16
0
8
16
0
-40
-64
-112
-120
-148
-148
-164
-196
-196
-196
-196
-164
-148
-148
-120
-96
-88
-112
-148
-148
-180
-196
-196
-196
-228
-228
-260
-260
-244
-244
-212
-196
-212
-212
-196
-180
-164
-148
-132
-132
-148
-148
-132
-132
-120
-104
-96
-88
-104
-96
-80
-64
-16
16
48
88
104
104
112
88
80
72
64
48
40
40
24
24
32
48
48
88
112
164
212
260
292
292
324
340
372
396
396
396
396
340
340
340
356
372
356
356
396
372
356
372
356
356
324
324
276
244
196
164
148
88
32
0
-40
-104
-132
-164
-180
-196
-196
-244
-276
-276
-308
-356
-356
-372
-356
-372
-372
-324
-324
-308
-292
-292
-260
-244
-228
-212
-180
-164
-148
-132
-112
-132
-148
-148
-196
-244
-244
-260
-276
-292
-292
-292
-276
-260
-212
-164
-148
-132
-96
-64
-32
-16
-32
-32
-56
-56
-48
-80
-72
-72
-72
-48
-8
8
16
48
72
80
88
80
56
24
24
8
0
-8
-16
-56
-64
-40
-8
0
32
32
40
56
80
120
132
180
196
244
276
308
324
340
372
340
356
372
428
428
396
428
428
428
428
428
428
396
356
340
340
324
308
292
244
180
120
56
8
-80
-132
-180
-228
-260
-276
-276
-276
-292
-276
-276
-276
-292
-292
-308
-324
-324
-324
-308
-308
-292
-260
-228
-196
-148
-132
-132
-112
-96
-112
-72
-64
-104
-96
-104
-120
-104
-104
-120
-88
-80
-72
-56
-56
-40
-32
0
40
56
64
88
104
120
132
132
148
164
148
104
104
80
56
48
48
32
8
-8
-16
-8
-16
-16
-40
-88
-112
-148
-148
-132
-88
-96
-88
-48
-64
-72
-16
32
88
164
212
244
292
324
396
428
396
396
396
396
396
460
460
460
460
428
396
396
372
340
308
260
196
132
88
24
-56
-148
-228
-308
-396
-428
-492
-556
-588
-620
-620
-652
-684
-716
-716
-684
-652
-620
-556
-492
-460
-428
-428
-396
-340
-308
-260
-212
-164
-120
-80
-8
80
112
132
148
132
132
112
104
112
132
164
212
260
292
308
292
292
276
292
292
292
308
292
260
276
244
244
244
212
180
148
88
16
-24
-72
-112
-132
-164
-180
-212
-212
-228
-244
-244
-228
-244
-228
-212
-212
-212
-180
-164
-148
-104
-80
-32
24
64
120
164
212
260
276
292
324
356
396
428
492
492
524
524
524
556
524
524
460
428
396
340
308
292
260
196
148
96
48
0
-64
-112
-164
-212
-244
-276
-308
-324
-372
-428
-428
-460
-492
-492
-492
-492
-492
-460
-396
-324
-260
-212
-180
-164
-148
-132
-120
-112
-132
-120
-96
-72
-40
8
40
64
104
104
132
132
164
148
164
148
120
120
88
80
88
88
112
112
120
120
88
64
48
24
0
-8
-24
-32
-48
-72
-72
-104
-132
-148
-196
-228
-228
-228
-212
-196
-196
-196
-228
-196
-180
-164
-132
-112
-96
-72
-72
-64
-16
-8
8
88
132
196
276
292
308
356
356
356
396
396
396
372
324
308
276
228
228
180
148
132
88
64
24
-32
-64
-112
-148
-164
-180
-228
-276
-308
-356
-340
-356
-396
-396
-428
-460
-492
-460
-428
-396
-356
-324
-260
-212
-164
-104
-56
0
0
8
16
48
112
132
180
212
228
276
308
340
356
372
396
396
396
428
428
428
428
428
428
428
460
428
428
428
428
396
372
396
396
356
308
276
228
164
132
64
0
-72
-132
-132
-196
-212
-196
-244
-260
-244
-276
-276
-308
-340
-340
-372
-396
-428
-428
-428
-428
-396
-324
-292
-260
-228
-196
-180
-164
-132
-96
-72
-56
-48
-56
-32
-16
-16
0
0
-8
0
-16
-8
-16
0
0
16
16
0
16
16
8
0
0
-16
-64
-112
-132
-212
-260
-276
-276
-260
-244
-228
-228
-228
-244
-244
-228
-212
-196
-180
-164
-132
-120
-72
-24
16
24
56
72
96
112
132
164
196
244
244
260
292
324
324
340
340
356
356
324
324
308
276
276
276
276
276
276
276
260
276
292
260
212
164
112
56
40
24
16
8
0
0
-8
-32
-48
-80
-132
-132
-164
-180
-180
-180
-180
-180
-164
-180
-212
-228
-244
-244
-228
-212
-164
-132
-112
-104
-56
-48
-48
0
16
40
56
80
88
104
104
112
148
164
164
180
180
164
180
180
196
196
196
180
148
132
112
48
0
-40
-104
-164
-228
-276
-308
-340
-372
-396
-428
-428
-428
-396
-356
-324
-276
-260
-244
-228
-228
-228
-228
-180
-132
-120
-48
0
32
56
88
132
180
196
228
276
276
276
292
292
324
356
356
356
372
356
340
324
308
308
324
356
356
356
372
356
340
324
308
292
244
196
96
40
-8
-32
-56
-64
-96
-96
-104
-148
-180
-180
-228
-276
-292
-324
-356
-396
-356
-396
-396
-372
-340
-340
-324
-292
-308
-308
-324
-308
-292
-244
-164
-104
-40
16
64
88
88
80
88
80
96
132
120
104
120
96
104
120
120
112
104
56
0
-8
-32
-72
-104
-120
-132
-164
-180
-196
-212
-228
-228
-244
-276
-276
-276
-308
-308
-292
-292
-244
-212
