SAMPLES:	9232
BITSPERSAMPLE:	16
CHANNELS:	1
SAMPLERATE:	16000
NORMALIZED:	FALSE
0
0
-8
-8
0
0
0
0
0
0
0
0
0
-8
-8
-8
-8
-8
-8
-8
-8
-8
-8
0
-8
-8
-8
-8
-8
0
0
0
-8
-8
-8
-16
-8
-8
-8
0
-8
-16
-16
-16
-16
-8
-8
-8
-8
-8
0
-8
0
0
0
0
0
0
0
-8
-8
0
0
0
0
0
0
0
0
8
0
8
8
8
8
8
8
0
0
0
8
8
16
16
16
8
16
8
8
8
8
16
16
16
16
16
8
16
16
16
16
8
8
0
8
8
8
8
8
8
16
8
8
8
0
0
0
0
0
0
0
0
0
0
0
0
0
0
-8
0
-8
-8
-8
-8
-8
-8
-8
-8
-8
-16
-16
-16
-16
-16
-8
-8
-8
-8
0
-8
-8
-8
-8
-8
-8
-8
-8
-8
-8
-8
-8
0
0
0
0
0
-8
-8
-8
-8
-8
0
0
0
0
0
0
0
0
0
0
0
0
0
0
0
0
0
0
0
0
0
0
0
0
0
0
8
8
8
8
8
8
8
8
8
8
8
8
8
16
8
16
16
16
16
8
8
8
8
8
8
8
8
0
0
0
0
0
0
0
0
-8
-8
-8
-8
-8
0
0
0
0
-8
-8
-8
-8
-16
-8
-16
-8
-16
-16
-16
-16
-16
-8
-8
-16
-16
-8
-16
-8
-8
-8
-8
0
0
0
-8
-8
-8
-8
-16
-8
-8
-8
0
0
0
0
0
0
0
-8
-8
0
0
0
0
0
0
8
16
16
8
8
0
8
16
16
16
8
8
8
16
16
16
16
24
16
16
16
16
16
16
16
16
16
16
16
16
16
16
16
16
8
8
8
8
8
8
8
0
0
0
0
0
0
0
0
0
0
0
0
0
0
0
0
0
0
-8
-8
-8
-16
-16
-8
-16
-16
-8
-16
-16
-16
-16
-16
-16
-16
-16
-16
-8
-8
-16
-16
-16
-16
-16
-16
-16
-16
-16
-16
-16
-8
-8
-8
0
-8
-8
-8
-8
-16
-16
-16
-8
-8
-8
-8
-8
0
0
0
0
0
0
0
0
0
0
0
0
0
0
0
8
8
0
0
8
8
8
8
8
16
16
16
16
16
8
8
8
8
8
8
16
16
24
16
16
24
16
16
16
16
16
16
16
16
16
16
16
16
16
16
16
8
8
8
16
8
8
8
8
8
8
8
8
8
0
0
0
0
0
0
0
0
0
0
0
0
0
0
0
0
0
-8
-8
-8
-16
-8
-16
-8
-8
-16
-16
-16
-16
-16
-16
-16
-8
-8
-8
-16
-16
-16
-24
-24
-24
-16
-16
-16
-16
-16
-16
-16
-16
-16
-8
-8
-8
-8
-8
-8
-8
-8
-8
-8
-8
-8
-8
-8
-8
-8
-8
0
0
0
-8
0
0
0
0
0
0
0
0
0
0
0
0
0
0
0
0
0
8
8
8
0
0
8
8
8
8
8
8
8
0
8
8
8
8
8
8
16
16
8
8
8
8
16
8
8
16
8
8
8
16
8
16
16
16
16
16
16
16
16
16
16
16
16
16
16
8
8
8
8
8
8
8
8
8
16
16
16
8
8
8
8
8
0
0
0
0
0
0
0
0
0
0
0
-8
-8
-8
-8
0
-8
-8
-16
-16
-16
-16
-8
-8
-16
-16
-16
-8
-16
-16
-16
-16
-16
-16
-16
-16
-16
-16
-16
-8
-8
-8
-16
-16
-16
-16
-16
-16
-16
-8
-8
-8
-16
-16
-16
-16
-16
-8
-8
0
0
0
0
0
0
0
0
0
0
0
0
0
0
0
0
0
0
0
0
0
0
0
0
0
0
0
0
8
0
0
0
8
8
0
8
8
8
8
0
8
8
0
8
8
16
16
16
16
8
8
16
16
16
16
16
8
8
8
16
16
8
16
8
8
8
8
8
8
8
8
8
8
8
8
0
0
0
0
0
0
0
0
0
0
0
0
0
0
0
0
0
0
0
-8
-8
-8
-8
-8
-8
-8
0
0
0
0
0
0
0
0
0
0
0
0
-8
0
0
0
0
0
0
0
0
0
0
0
0
0
0
0
0
0
0
0
0
0
0
0
0
0
0
0
0
0
0
0
0
0
0
0
0
0
0
0
0
0
0
0
0
0
0
0
-8
-8
-8
-8
-8
0
0
0
0
-8
-8
-8
-8
0
-8
-8
-8
-8
-8
-8
-8
-8
-8
0
-8
0
-8
0
0
0
0
0
0
-8
0
0
0
0
0
0
0
0
0
0
0
0
0
0
0
0
0
0
0
8
16
16
8
0
8
8
8
8
8
0
0
0
0
0
8
8
0
0
0
0
0
0
0
8
8
8
8
8
0
0
0
0
0
0
0
8
0
8
8
8
8
8
8
8
8
0
0
0
8
0
8
0
0
8
8
8
8
0
0
8
8
8
8
8
8
0
0
0
0
0
0
0
0
0
0
0
0
0
0
0
0
0
0
-8
-8
-8
-8
-8
-8
-8
-8
-16
-16
-16
-16
-16
-16
-16
-8
-8
-8
-8
-16
-16
-16
-16
-16
-24
-24
-24
-24
-24
-24
-16
-16
-16
-16
-8
-8
-8
-8
-8
-8
-8
-8
-8
-8
-8
-8
-8
0
0
0
0
0
0
0
0
0
0
0
8
8
8
8
0
8
8
8
8
8
8
8
8
8
16
16
16
16
16
16
16
16
16
8
8
16
16
16
16
24
16
24
24
16
16
16
16
16
16
16
16
16
16
8
8
8
8
8
16
16
16
16
8
8
8
0
0
8
0
0
0
0
0
0
0
0
0
0
0
0
0
0
0
0
0
0
-8
-8
-8
-8
-8
-8
-8
-8
-8
-8
-8
-8
-16
-16
-16
-16
-16
-8
-16
-16
-24
-24
-24
-24
-24
-24
-24
-24
-16
-16
-16
-16
-24
-16
-16
-16
-16
-16
-16
-16
-16
-16
-16
-16
-16
-16
-16
-16
-8
-8
-8
-8
0
0
0
0
-8
-8
0
0
0
0
0
0
0
8
8
8
8
8
8
8
8
8
8
8
8
16
16
16
16
16
16
16
16
16
16
16
16
16
16
16
16
16
16
16
16
16
16
16
8
8
16
16
16
16
16
8
8
8
8
8
16
8
0
0
0
0
0
0
0
8
8
0
0
0
0
0
0
0
0
0
0
0
0
0
0
0
8
0
0
0
0
0
0
0
0
0
0
0
0
-8
0
-8
-8
-8
-8
-8
-8
-8
-8
-8
-8
-8
-8
-8
-16
-16
-16
-16
-16
-16
-16
-16
-16
-16
-16
-16
-16
-16
-24
-24
-24
-24
-24
-16
-16
-16
-16
-16
-16
-16
-8
-8
-8
0
0
-8
0
0
0
0
0
8
8
8
8
16
16
8
16
16
16
16
16
16
16
16
16
24
24
24
16
16
16
8
8
8
8
8
8
0
0
0
0
0
0
-8
0
0
-8
-8
-16
-16
-24
-24
-16
-24
-24
-24
-24
-32
-24
-32
-32
-24
-24
-24
-24
-24
-24
-24
-24
-16
-8
-8
-8
-8
-8
-8
0
0
0
0
0
0
0
0
8
8
16
24
24
24
24
24
24
32
40
40
48
48
48
48
48
48
56
56
64
64
64
64
64
56
64
56
56
56
56
56
56
56
48
48
48
48
48
40
32
32
24
16
16
8
8
0
0
0
-8
-8
-8
-8
-16
-16
-24
-32
-48
-48
-56
-72
-72
-80
-88
-96
-104
-112
-112
-112
-120
-120
-132
-132
-132
-132
-148
-148
-148
-148
-132
-132
-132
-132
-120
-120
-112
-104
-88
-80
-72
-64
-56
-40
-24
-16
0
8
24
32
48
56
72
80
96
112
132
132
132
148
148
164
164
164
164
164
164
164
164
164
164
164
164
148
148
148
132
120
112
112
104
96
88
80
80
72
64
56
56
56
48
48
40
40
32
32
32
32
24
24
8
0
0
-16
-24
-32
-40
-48
-64
-64
-72
-88
-104
-112
-132
-148
-164
-180
-196
-212
-212
-228
-244
-260
-276
-276
-292
-292
-308
-308
-308
-308
-308
-308
-292
-292
-260
-244
-228
-212
-196
-180
-164
-132
-96
-64
-40
-16
0
32
64
88
112
148
164
196
228
244
276
292
308
340
340
340
356
356
372
372
372
372
372
356
340
340
324
308
292
260
244
228
212
180
164
132
120
112
96
88
80
72
64
56
56
48
48
56
48
48
64
72
72
88
88
96
88
88
80
64
56
48
32
24
8
0
-24
-40
-72
-96
-120
-148
-180
-212
-244
-308
-340
-372
-396
-428
-460
-492
-524
-556
-588
-620
-652
-652
-684
-684
-684
-652
-652
-620
-620
-588
-556
-524
-492
-460
-428
-372
-324
-260
-212
-132
-80
-24
24
80
148
196
244
308
356
396
460
492
524
556
556
588
620
652
652
652
684
684
684
684
684
652
620
588
556
524
492
460
428
428
396
356
340
308
276
260
228
212
196
164
164
148
132
132
120
104
120
132
148
164
180
212
244
292
324
356
372
396
396
396
396
396
396
396
396
372
340
308
244
196
120
64
8
-64
-148
-212
-308
-396
-492
-620
-716
-812
-924
-1052
-1180
-1244
-1308
-1436
-1564
-1628
-1692
-1692
-1756
-1820
-1820
-1820
-1820
-1820
-1820
-1756
-1692
-1628
-1500
-1436
-1308
-1244
-1116
-988
-844
-684
-556
-428
-276
-132
16
164
324
460
588
716
844
988
1116
1180
1308
1372
1436
1500
1564
1628
1628
1692
1692
1692
1756
1756
1692
1692
1628
1564
1500
1500
1436
1308
1244
1180
1116
988
924
876
812
780
684
620
556
492
428
396
396
372
356
356
372
356
356
372
396
428
460
492
556
588
652
716
780
812
812
812
812
780
780
748
684
652
556
492
372
244
132
-8
-164
-308
-428
-588
-748
-876
-1052
-1244
-1436
-1564
-1756
-1884
-1980
-2108
-2236
-2364
-2492
-2620
-2620
-2748
-2748
-2876
-2876
-2876
-2876
-2748
-2620
-2620
-2492
-2364
-2236
-2108
-1980
-1820
-1628
-1500
-1308
-1116
-924
-716
-492
-292
-80
120
324
524
684
844
988
1116
1244
1436
1500
1628
1756
1884
1884
1980
1980
1980
1980
1980
1980
1980
1980
1884
1756
1692
1628
1500
1436
1372
1308
1180
1052
988
876
780
716
620
556
460
396
356
292
244
244
212
180
164
148
104
96
120
148
196
228
260
340
396
460
524
588
620
684
748
844
876
924
988
988
1052
1052
988
988
924
844
748
652
524
460
340
212
88
-56
-180
-356
-556
-684
-844
-1052
-1180
-1308
-1436
-1564
-1692
-1820
-1980
-2108
-2236
-2236
-2364
-2364
-2492
-2492
-2492
-2492
-2492
-2492
-2492
-2364
-2236
-2236
-2108
-1980
-1884
-1692
-1564
-1372
-1244
-1052
-876
-748
-556
-372
-180
0
164
356
524
716
876
988
1116
1244
1308
1372
1436
1500
1628
1692
1756
1756
1820
1820
1756
1692
1628
1564
1564
1500
1436
1308
1244
1180
1052
988
924
844
780
716
652
588
524
460
428
396
396
356
356
340
324
324
324
356
372
396
396
428
492
524
556
588
652
684
716
812
876
924
924
988
988
988
988
924
876
780
716
652
588
492
356
212
96
-32
-132
-276
-396
-524
-684
-844
-988
-1180
-1372
-1500
-1692
-1820
-1980
-2108
-2108
-2236
-2364
-2492
-2492
-2492
-2620
-2620
-2620
-2620
-2492
-2492
-2492
-2364
-2236
-2108
-2108
-1980
-1820
-1628
-1436
-1244
-1052
-924
-716
-492
-292
-96
120
292
460
652
812
988
1116
1244
1372
1500
1628
1692
1756
1820
1884
1980
1980
1980
1980
1980
1980
1884
1884
1820
1756
1692
1628
1500
1436
1308
1244
1116
1052
924
876
812
748
684
620
556
524
492
460
460
428
396
340
324
292
292
276
260
276
308
324
356
396
460
460
492
524
524
556
556
588
588
588
556
556
524
524
492
428
340
260
212
120
32
-80
-212
-340
-460
-556
-716
-844
-988
-1116
-1308
-1436
-1564
-1692
-1820
-1980
-1980
-2108
-2236
-2364
-2364
-2364
-2492
-2492
-2492
-2492
-2492
-2492
-2364
-2364
-2364
-2236
-2108
-1980
-1884
-1820
-1628
-1500
-1372
-1180
-988
-780
-588
-396
-196
-24
132
276
460
620
748
876
1052
1116
1244
1372
1436
1564
1628
1756
1820
1884
1980
1980
1980
1980
1980
1980
1980
1980
1884
1820
1756
1692
1564
1500
1436
1372
1308
1244
1180
1116
1052
988
988
924
844
780
748
716
652
620
588
588
556
524
492
460
460
428
428
460
428
428
460
428
428
460
460
428
428
396
372
372
356
356
340
324
292
276
228
164
96
8
-72
-180
-292
-396
-524
-620
-748
-876
-988
-1052
-1180
-1308
-1436
-1564
-1628
-1756
-1820
-1980
-1980
-2108
-2108
-2236
-2236
-2364
-2364
-2364
-2364
-2364
-2364
-2364
-2236
-2236
-2108
-2108
-1980
-1884
-1756
-1628
-1500
-1372
-1244
-1116
-924
-780
-620
-460
-308
-180
-56
72
244
396
524
652
780
924
988
1116
1180
1308
1372
1436
1500
1564
1564
1628
1628
1692
1692
1692
1692
1692
1628
1628
1692
1628
1564
1564
1500
1436
1436
1372
1308
1308
1244
1244
1180
1180
1116
1116
1052
1052
988
988
924
876
876
844
812
748
684
652
652
588
588
620
588
556
524
460
428
428
372
356
340
292
212
148
96
24
-24
-64
-96
-132
-196
-212
-308
-396
-460
-556
-588
-684
-812
-924
-988
-1116
-1180
-1244
-1308
-1372
-1372
-1436
-1500
-1564
-1628
-1628
-1756
-1756
-1820
-1820
-1820
-1820
-1820
-1820
-1820
-1820
-1820
-1756
-1756
-1692
-1692
-1564
-1564
-1436
-1308
-1244
-1116
-988
-924
-844
-748
-620
-492
-428
-324
-228
-132
-40
48
164
292
428
492
620
684
716
844
924
988
1116
1244
1244
1308
1308
1308
1372
1436
1500
1500
1564
1564
1500
1564
1500
1500
1500
1500
1564
1500
1500
1500
1436
1308
1308
1244
1180
1180
1180
1116
1116
1052
988
924
844
780
684
588
524
428
356
340
308
244
196
148
96
32
-40
-96
-132
-164
-212
-260
-324
-340
-356
-324
-292
-308
-292
-292
-340
-356
-396
-396
-396
-428
-396
-428
-492
-524
-588
-620
-652
-684
-748
-780
-844
-924
-988
-988
-1052
-1116
-1180
-1180
-1244
-1308
-1308
-1372
-1308
-1308
-1372
-1372
-1436
-1500
-1500
-1500
-1500
-1564
-1564
-1564
-1436
-1372
-1308
-1244
-1180
-1180
-1052
-988
-924
-780
-684
-620
-460
-340
-260
-148
-16
96
260
396
524
620
748
876
988
1052
1244
1372
1500
1564
1692
1756
1820
1884
1980
1980
1980
1980
1980
1980
1980
1980
1980
1884
1820
1820
1756
1628
1564
1500
1372
1308
1180
1052
924
812
652
556
492
396
276
164
96
16
-96
-180
-244
-292
-428
-492
-524
-556
-588
-56
88
-588
-988
-924
-1052
-1436
-1372
-1052
-652
-372
-716
-1116
-988
-1052
-1116
-876
-620
-460
-428
-428
-308
-96
-104
-340
-308
-308
-428
-396
-276
-228
-244
-260
-180
-196
-308
-492
-524
-492
-652
-716
-652
-780
-988
-988
-924
-988
-1116
-1116
-1116
-1180
-1244
-1116
-1116
-1244
-1244
-1244
-1372
-1180
-556
-460
292
924
64
-556
-460
-1244
-1820
-1052
-588
-492
-48
-56
-684
-492
-460
-620
48
460
652
1756
1980
1308
1756
1628
460
492
748
620
1244
1980
1692
1628
1756
1564
1756
1980
1756
2236
2492
1980
2236
2492
1756
1628
1628
1052
1116
1372
988
1116
1308
988
1116
1372
780
588
924
396
-88
308
-24
-620
-260
-308
-748
-460
-492
-812
-492
-276
-396
24
340
72
396
588
80
-40
32
-292
-212
88
-132
-112
104
-64
-96
-64
-292
-372
-428
-876
-1244
-1180
-1500
-1692
-1692
-1980
-2108
-2236
-2364
-2492
-2620
-2748
-2876
-2876
-2876
-2876
-2620
-2620
-2748
-2748
-2620
-2492
-2108
-1980
-1628
-1372
-1244
-1116
-924
-716
-588
-292
-8
340
844
924
988
1116
1052
1052
1116
1180
1244
1244
1116
1052
1180
1180
924
988
1244
1180
1180
1308
1308
1180
1244
1180
1052
988
988
1116
1180
1308
1564
1500
1244
1052
748
460
588
844
844
988
1180
1052
924
1116
1116
924
844
924
988
924
812
748
716
1116
1564
1756
1756
1628
1436
1372
1500
1244
1308
1500
1500
1884
2108
2236
2364
2620
2492
1980
1820
1564
1500
1436
1180
1180
924
556
244
-196
-812
-1436
-1756
-2236
-2620
-2876
-3260
-3388
-3772
-4092
-4348
-4604
-4860
-5116
-5116
-5116
-5116
-4604
-4348
-4348
-3900
-3516
-3132
-2748
-2364
-1980
-1500
-1180
-876
-492
-132
212
588
924
1180
1436
1564
1820
1980
1980
2108
2108
1980
1820
1692
1436
1180
1052
1052
988
924
844
716
524
276
120
-112
-356
-292
-112
-64
-112
-56
-56
-132
-8
16
0
0
0
96
292
524
684
684
620
492
460
396
460
620
716
924
1116
1180
1116
1116
988
1180
1372
1628
1884
1980
2236
2364
2620
2748
2876
3132
3388
3900
4348
4604
5116
5372
5628
5116
4604
4092
3644
3388
2876
2620
2236
1820
1244
396
-460
-1244
-1980
-2748
-3516
-4092
-4604
-5116
-5628
-6140
-6396
-6652
-6908
-6908
-7164
-6908
-6396
-6396
-5884
-5628
-5116
-4604
-4092
-3388
-2748
-2108
-1564
-988
-524
-228
16
164
492
844
1308
1820
2108
2492
2748
2876
2748
2492
2108
1564
1180
812
652
556
428
396
260
180
56
-88
-80
-180
-148
-40
16
212
276
372
460
556
620
652
924
988
1052
1052
812
652
292
80
88
196
356
492
716
588
356
228
-16
-64
-32
96
372
780
1180
1436
1756
1980
1980
2108
2108
2236
2364
2492
2620
2876
3388
4092
4860
5884
6396
6908
6652
6140
5372
4860
4348
3772
3388
3004
2620
2236
1692
988
276
-556
-1500
-2620
-3772
-4604
-5372
-5884
-6652
-6908
-7164
-7164
-7164
-7164
-7164
-7164
-7164
-7164
-6908
-6396
-5884
-5116
-4348
-3388
-2364
-1436
-620
-132
112
228
428
684
876
1116
1244
1500
1980
2364
2620
2876
2748
2364
1756
1180
620
132
-372
-716
-924
-924
-748
-684
-524
-276
-212
-260
-276
-396
-492
-588
-556
-260
276
812
1180
1564
1692
1756
1628
1244
812
396
88
-104
-104
16
96
64
0
0
-80
-228
-356
-292
-180
-8
212
524
924
1116
1436
1756
2108
2492
2876
3004
3132
3388
3516
3644
3644
3900
4348
5116
6140
7164
7676
7420
6652
5884
5116
4604
4092
3132
2748
2236
1692
1052
292
-244
-780
-1692
-2748
-3900
-4604
-5372
-6140
-6652
-7164
-7164
-7420
-7420
-7164
-6908
-6652
-6652
-6396
-6140
-5628
-4860
-4348
-3772
-3132
-2364
-1564
-924
-460
-148
8
292
652
924
988
988
1180
1308
1564
1756
1692
1820
1436
988
460
-16
-428
-988
-1180
-1436
-1372
-1244
-1244
-1116
-844
-556
-492
-428
-428
-460
-428
-460
-228
196
556
716
876
1116
1308
1372
1180
876
588
212
-180
-356
-492
-588
-684
-652
-556
-356
-148
-132
-24
88
372
620
876
1244
1500
1884
2236
2876
3260
3516
3772
3772
4092
4092
4348
4348
4348
4860
5372
6396
7164
7932
7676
7164
6396
5628
5116
4348
3260
2364
1756
988
372
-356
-924
-1244
-1980
-2876
-3900
-4604
-5372
-6140
-6908
-7420
-7420
-7676
-7676
-7420
-7164
-6652
-6396
-6140
-5628
-5116
-4604
-4092
-3516
-3004
-2492
-1692
-1116
-588
-32
148
492
844
1244
1500
1628
1692
1756
1884
1980
1980
1756
1436
1244
924
492
-24
-428
-812
-1180
-1372
-1372
-1244
-1180
-988
-716
-556
-428
-372
-492
-524
-396
-276
-196
-24
40
164
276
324
428
396
104
-164
-396
-716
-988
-1180
-1372
-1372
-1244
-1052
-924
-684
-524
-396
-96
180
652
924
1308
1628
2108
2620
3004
3516
3772
4092
4348
4348
4604
4604
4604
4604
4604
4860
5372
6140
6908
7676
7676
7164
6396
5628
4860
4092
3004
2108
1564
844
164
-588
-1116
-1372
-1884
-2620
-3388
-4092
-4860
-5628
-6140
-6908
-7164
-7420
-7676
-7420
-7164
-6652
-6140
-5884
-5372
-4860
-4348
-3772
-3388
-3004
-2748
-2108
-1500
-812
-260
-80
292
716
1180
1692
1884
1980
1980
2108
2236
2108
2108
1692
1308
988
556
244
-148
-396
-780
-1052
-1116
-1116
-876
-780
-716
-588
-460
-460
-492
-396
-396
-396
-492
-524
-428
-372
-372
-396
-396
-396
-524
-588
-812
-1052
-1244
-1564
-1692
-1628
-1500
-1372
-1180
-924
-652
-324
-104
228
684
1052
1436
1980
2492
3004
3516
4092
4348
4604
4860
4860
4860
4860
4860
4860
4604
4604
4860
5116
5628
6396
6908
7164
6908
6396
5628
4860
3900
2876
1756
1116
460
-164
-748
-1372
-1564
-1820
-2364
-3004
-3772
-4348
-5116
-5628
-6396
-6908
-7420
-7676
-7676
-7164
-6908
-6652
-6140
-5628
-5116
-4604
-4092
-3772
-3388
-3132
-2748
-2108
-1500
-844
-460
-88
372
1052
1628
1980
2108
2108
2108
2108
1980
1884
1692
1244
924
620
396
132
-72
-324
-428
-428
-428
-340
-396
-460
-492
-428
-460
-460
-492
-492
-428
-396
-340
-292
-324
-428
-460
-460
-524
-588
-652
-780
-876
-1052
-1116
-1180
-1244
-1180
-1052
-812
-556
-260
24
292
588
924
1244
1756
2236
2876
3388
3772
4348
4604
4604
4860
4860
4860
4604
4604
4604
4604
4348
4348
4604
4860
5372
5884
6396
6396
6140
5372
4604
3900
3260
2108
1308
620
-24
-524
-1244
-1692
-1820
-1980
-2620
-3260
-3772
-4348
-5116
-5628
-6396
-6652
-7164
-7420
-7420
-7164
-6908
-6396
-6140
-5628
-4860
-4348
-3900
-3516
-3004
-2620
-2108
-1628
-1116
-684
-428
-88
428
988
1436
1692
1884
1980
2236
2364
2108
1884
1500
1180
812
460
196
-72
-324
-620
-748
-620
-492
-492
-524
-588
-620
-684
-716
-876
-988
-988
-1052
-924
-780
-620
-652
-652
-588
-492
-372
-460
-588
-620
-620
-620
-620
-492
-340
-228
-24
228
556
684
812
988
1244
1692
2108
2492
3004
3516
4092
4604
4860
5116
5116
5116
4860
4860
4604
4348
4348
4092
3772
3772
3900
4348
4860
5372
5628
5628
5372
4604
3900
3260
2492
1692
876
56
-524
-1180
-1884
-2236
-2492
-2876
-3260
-3644
-4092
-4604
-5116
-5628
-6140
-6396
-6908
-7164
-7164
-6908
-6652
-6396
-5884
-5372
-4604
-4092
-3388
-2620
-2236
-1756
-1308
-988
-556
-292
-104
164
556
988
1436
1980
2108
2236
2236
2236
2108
1820
1436
988
684
180
-196
-460
-716
-844
-988
-988
-876
-748
-876
-988
-988
-1116
-1244
-1372
-1436
-1308
-1244
-1116
-1052
-844
-620
-428
-244
-104
0
-48
-64
40
88
112
164
228
428
652
844
988
1116
1308
1628
1884
2108
2492
2620
3004
3260
3772
4092
4348
4604
4604
4604
4604
4348
4092
3900
3644
3516
3260
3388
3388
3516
3772
4092
4604
4860
4860
4348
3772
3388
2876
2108
1244
396
-180
-876
-1564
-2108
-2364
-2620
-3004
-3388
-3772
-4092
-4348
-4860
-5372
-5628
-6140
-6396
-6908
-6908
-6652
-6396
-6140
-5372
-4860
-4092
-3260
-2620
-1980
-1436
-924
-556
-148
24
148
212
356
780
1372
1692
1756
1980
2108
2236
2108
1980
1564
1308
780
104
-228
-620
-844
-1116
-1244
-1244
-1180
-1116
-1308
-1180
-1116
-1244
-1436
-1564
-1436
-1372
-1372
-1244
-988
-684
-492
-244
16
196
244
244
340
428
460
428
396
524
684
844
988
1244
1500
1628
1756
1980
2108
2236
2364
2620
3004
3260
3516
3772
3900
4092
4092
4092
3900
3772
3644
3260
3132
2876
2876
2876
2876
3260
3516
3900
4348
4348
4092
3644
3388
2876
2236
1564
684
148
-460
-1244
-1980
-2492
-2748
-3132
-3388
-3644
-4092
-4348
-4604
-4860
-5116
-5628
-5884
-6396
-6396
-6396
-6396
-5884
-5628
-4860
-4092
-3388
-2492
-1820
-1180
-652
-132
228
524
588
652
780
1180
1308
1564
1756
1820
2108
2108
1980
1980
1884
1500
716
276
-228
-460
-844
-1180
-1180
-1308
-1372
-1500
-1308
-1308
-1436
-1628
-1756
-1500
-1372
-1308
-1244
-1180
-924
-652
-356
-16
260
356
308
460
620
652
620
524
556
684
748
844
924
1052
1116
1308
1564
1756
1980
2108
2236
2364
2620
3004
3260
3388
3516
3772
3772
3644
3644
3516
3516
3260
3260
3132
3004
3132
3132
3516
3644
3900
4348
4348
4348
4092
3772
3388
2748
2108
1116
428
-244
-1052
-1756
-2364
-2748
-3132
-3388
-3644
-4092
-4092
-4604
-4860
-5116
-5628
-5884
-6396
-6652
-6652
-6652
-6396
-5884
-5116
-4604
-3772
-2876
-2236
-1500
-876
-492
-96
72
372
428
588
812
988
1244
1244
1436
1564
1500
1500
1372
1436
1116
684
292
-88
-276
-620
-988
-1180
-1372
-1436
-1564
-1500
-1436
-1436
-1500
-1500
-1180
-988
-780
-588
-428
-132
32
244
396
556
588
588
748
876
924
924
748
748
780
844
924
988
988
1052
1116
1244
1436
1692
1820
1980
2236
2492
2748
2876
3132
3132
3388
3388
3516
3516
3516
3516
3388
3388
3260
3004
2876
3004
2876
3132
3260
3644
3900
4092
4092
3772
3644
3260
2748
1980
1244
556
-276
-988
-1628
-2236
-2492
-2748
-3004
-3388
-3644
-3900
-4348
-4604
-4860
-5372
-5628
-6140
-6140
-6140
-5884
-5628
-5116
-4604
-4092
-3388
-2620
-1884
-1308
-924
-524
-196
148
276
492
652
924
1052
988
1052
1052
1116
1052
924
988
988
716
292
24
-112
-340
-652
-1052
-1244
-1436
-1628
-1756
-1820
-1756
-1820
-1692
-1500
-1244
-924
-780
-620
-428
-148
16
120
340
492
620
684
780
924
844
652
556
492
428
372
340
372
460
556
684
988
1244
1500
1692
1884
2108
2236
2236
2364
2492
2620
2876
3004
3260
3260
3388
3260
3260
3132
3004
2748
2748
2620
2748
2876
3132
3516
3772
3900
3772
3772
3644
3132
2620
1820
1180
460
-324
-924
-1500
-1884
-2236
-2620
-2876
-3132
-3388
-3644
-4092
-4348
-4604
-4860
-5116
-5372
-5372
-5372
-5372
-4860
-4604
-4092
-3644
-2876
-2364
-1628
-1180
-684
-260
104
428
620
812
844
844
716
588
620
748
780
780
812
924
924
748
620
428
212
-120
-492
-748
-1052
-1244
-1500
-1564
-1564
-1500
-1308
-1180
-924
-684
-492
-340
-132
96
180
276
372
524
652
652
652
652
588
492
428
396
276
180
120
112
196
396
524
652
876
1052
1180
1308
1372
1500
1564
1756
1884
2108
2364
2492
2620
2748
2748
2748
2620
2492
2236
1980
1884
1980
1980
2108
2236
2748
3004
3388
3388
3388
3260
3004
2620
1980
1372
844
196
-460
-1052
-1500
-1980
-2236
-2492
-2748
-3004
-3132
-3388
-3644
-3900
-4092
-4348
-4604
-4860
-4860
-4860
-4604
-4348
-4092
-3772
-3132
-2492
-1884
-1180
-716
-196
228
524
748
812
1052
876
652
620
556
716
652
716
780
988
988
812
780
620
428
72
-292
-524
-812
-1116
-1372
-1500
-1500
-1500
-1372
-1244
-988
-780
-620
-460
-276
-80
-8
132
396
588
684
748
812
812
716
620
492
396
276
180
212
228
372
428
556
684
876
988
1116
1308
1372
1500
1628
1692
1884
2108
2236
2492
2620
2748
2876
2876
2748
2620
2492
2236
1980
1980
1980
1980
2108
2236
2620
2876
3132
3132
3132
3004
2748
2364
1884
1372
844
244
-396
-988
-1436
-1884
-2236
-2620
-2748
-3004
-3260
-3516
-3772
-4092
-4348
-4604
-4604
-4860
-4860
-4860
-4860
-4604
-4348
-4092
-3516
-2876
-1980
-1436
-924
-588
-276
196
324
492
428
428
356
196
260
228
428
492
556
748
812
988
716
556
340
16
-196
-588
-844
-988
-1180
-1244
-1308
-1180
-1052
-988
-876
-748
-492
-396
-308
-72
148
372
492
652
780
844
924
748
684
588
396
276
180
196
196
324
460
620
780
844
988
1052
1116
1244
1244
1436
1564
1756
1980
2236
2364
2620
2748
2748
2876
2876
2748
2620
2492
2236
1980
1980
1980
1980
2108
2236
2492
2748
3004
3132
3132
3132
2876
2620
2236
1628
1180
556
0
-556
-1116
-1500
-1980
-2236
-2620
-2876
-3004
-3132
-3260
-3388
-3644
-3900
-4092
-4348
-4348
-4604
-4348
-4348
-4092
-3772
-3260
-2620
-2236
-1628
-1308
-844
-372
-112
196
212
396
196
88
120
132
292
276
396
556
620
620
492
428
292
48
-148
-492
-620
-812
-1116
-1308
-1372
-1372
-1500
-1436
-1308
-1244
-1116
-988
-812
-588
-396
-148
24
212
308
372
460
460
428
356
228
80
-8
0
-104
-56
24
132
244
460
716
876
988
1116
1180
1244
1372
1500
1564
1756
1884
1980
2236
2236
2364
2492
2492
2492
2492
2364
2108
2108
1980
1980
1980
1884
1980
2108
2364
2748
3004
3132
3132
3132
3004
2748
2364
1820
1372
876
260
-212
-684
-1116
-1436
-1756
-2108
-2236
-2492
-2620
-2876
-3004
-3260
-3388
-3644
-3900
-4092
-4092
-4092
-3900
-3644
-3388
-3004
-2620
-2108
-1692
-1244
-844
-556
-292
-132
-56
40
80
196
244
396
460
524
556
524
588
588
524
428
292
112
-112
-340
-556
-780
-988
-1180
-1180
-1244
-1308
-1372
-1308
-1180
-1052
-876
-620
-428
-212
-96
32
164
212
228
196
104
40
-48
-112
-64
-48
-96
-56
0
120
276
396
492
652
844
924
1116
1116
1116
1180
1180
1308
1436
1564
1692
1756
1980
2108
2364
2364
2236
2236
2236
2108
1980
1980
1884
1820
1884
1980
2364
2748
3004
3132
3260
3260
3004
2748
2364
1884
1436
924
276
-292
-780
-1180
-1500
-1820
-2108
-2364
-2492
-2748
-3004
-3132
-3388
-3644
-3772
-4092
-4092
-4092
-3900
-3772
-3644
-3388
-3132
-2620
-2236
-1820
-1436
-1116
-812
-460
-260
-148
-64
48
164
260
396
492
588
652
716
844
924
924
876
716
588
356
80
-180
-428
-556
-716
-780
-748
-780
-748
-684
-556
-396
-244
-96
-24
88
148
180
276
308
324
276
212
164
180
132
0
-120
-260
-292
-244
-132
24
212
276
372
492
652
684
684
684
684
748
780
924
1116
1244
1436
1628
1820
1980
2108
2108
1980
1980
1884
1820
1756
1820
1820
1884
2108
2364
2620
2876
3004
3132
3004
2876
2620
2236
1884
1436
924
428
-56
-524
-924
-1308
-1500
-1756
-1980
-2236
-2492
-2748
-2876
-3004
-3132
-3388
-3516
-3644
-3644
-3644
-3644
-3516
-3260
-3004
-2620
-2236
-1884
-1564
-1308
-988
-812
-684
-588
-492
-356
-260
-132
24
164
276
372
460
524
492
428
308
120
-56
-196
-308
-396
-460
-492
-492
-460
-396
-340
-324
-340
-324
-276
-276
-244
-180
-132
-56
64
180
324
396
396
396
356
308
180
40
-96
-196
-196
-132
8
180
356
428
588
748
844
924
988
988
1052
1180
1308
1436
1564
1756
1884
2108
2236
2236
2236
2108
1980
1980
1980
1980
2108
2108
2108
2236
2364
2492
2492
2620
2620
2620
2620
2364
2108
1884
1564
1116
748
356
0
-340
-748
-1052
-1372
-1692
-1980
-2236
-2364
-2492
-2620
-2748
-2876
-3004
-3260
-3388
-3388
-3388
-3388
-3260
-3004
-2748
-2492
-2108
-1884
-1692
-1436
-1308
-1180
-1052
-924
-844
-684
-492
-276
-104
0
80
180
244
244
244
228
56
-96
-228
-396
-460
-460
-428
-356
-292
-260
-276
-308
-356
-372
-428
-492
-492
-524
-492
-372
-276
-164
0
88
96
104
80
-8
-164
-292
-396
-524
-556
-460
-340
-244
-104
64
228
396
556
652
748
812
924
988
1180
1372
1628
1756
1884
1980
1980
2108
2108
2236
2236
2236
2236
2236
2364
2364
2364
2236
2236
2236
2364
2364
2364
2364
2364
2236
2108
1980
1820
1564
1244
924
620
196
-212
-588
-924
-1180
-1436
-1628
-1820
-1884
-1980
-2236
-2236
-2364
-2620
-2748
-2876
-2876
-2876
-2876
-2748
-2620
-2492
-2364
-2108
-1884
-1756
-1628
-1436
-1244
-1052
-780
-556
-396
-164
56
260
460
556
588
588
556
492
428
340
212
112
40
16
88
104
96
64
56
16
-80
-148
-260
-428
-492
-556
-556
-556
-620
-620
-556
-524
-460
-372
-340
-396
-460
-492
-588
-588
-588
-620
-588
-556
-428
-228
-80
80
260
396
588
780
924
1116
1180
1308
1372
1500
1564
1564
1564
1628
1628
1692
1756
1820
1820
1820
1884
1980
1980
1884
1820
1756
1628
1628
1564
1500
1564
1628
1628
1628
1564
1500
1308
1116
812
524
260
-104
-460
-748
-1052
-1244
-1436
-1628
-1820
-1980
-1980
-2236
-2364
-2364
-2492
-2620
-2748
-2748
-2748
-2748
-2748
-2620
-2492
-2364
-2236
-2108
-1884
-1628
-1372
-1116
-812
-556
-292
-40
180
396
556
620
652
684
652
652
684
684
652
652
652
588
620
620
556
524
492
396
276
180
32
-120
-212
-308
-324
-340
-396
-324
-244
-164
-148
-104
-48
-64
-80
-88
-112
-164
-244
-244
-164
-56
72
164
292
460
652
844
1052
1244
1308
1436
1436
1500
1500
1500
1500
1500
1500
1436
1436
1436
1436
1500
1564
1564
1564
1500
1436
1308
1180
1052
876
844
780
748
780
812
924
924
876
844
780
684
460
260
8
-276
-524
-844
-1116
-1308
-1500
-1692
-1820
-1884
-1980
-2108
-2108
-2236
-2364
-2364
-2492
-2492
-2620
-2620
-2620
-2620
-2620
-2492
-2364
-2236
-1980
-1756
-1564
-1308
-1116
-876
-620
-356
-132
16
148
212
228
292
356
356
356
356
372
396
428
492
492
588
620
652
588
556
460
356
292
196
104
8
-88
-196
-244
-196
-96
0
96
196
276
340
340
372
396
372
428
492
524
588
620
684
812
924
1116
1308
1436
1500
1564
1692
1692
1692
1692
1628
1500
1436
1372
1244
1180
1180
1180
1244
1308
1308
1244
1180
1052
988
924
844
716
652
652
620
556
524
492
492
524
556
588
524
396
228
56
-32
-196
-428
-620
-780
-924
-1052
-1244
-1308
-1436
-1564
-1692
-1820
-1820
-1980
-1980
-2108
-2236
-2236
-2236
-2236
-2236
-2108
-2108
-2108
-1980
-1884
-1756
-1628
-1500
-1308
-1180
-988
-812
-620
-428
-276
-88
64
180
212
164
132
132
88
64
72
88
88
80
120
148
180
148
112
88
48
-56
-148
-228
-308
-356
-372
-340
-292
-196
-56
88
164
244
356
428
492
556
620
652
652
684
748
812
988
1180
1372
1564
1692
1820
1820
1756
1692
1564
1436
1308
1244
1116
1116
1052
1052
988
924
924
924
876
844
780
716
652
620
588
556
524
524
492
524
524
556
524
556
588
556
492
428
340
196
112
8
-132
-228
-340
-492
-620
-780
-924
-1052
-1180
-1308
-1436
-1564
-1628
-1628
-1692
-1692
-1756
-1820
-1820
-1820
-1820
-1820
-1820
-1756
-1756
-1692
-1628
-1500
-1372
-1180
-988
-780
-524
-324
-180
-104
-32
-8
-8
40
72
88
72
24
40
104
164
244
308
396
428
428
372
292
148
32
-40
-96
-132
-120
-72
-8
96
228
372
460
524
588
620
620
620
620
620
588
652
684
780
924
988
1116
1180
1244
1244
1180
1116
924
812
684
556
428
340
292
196
164
212
244
260
276
324
372
356
324
292
308
292
276
292
260
276
276
292
356
428
492
492
524
492
460
396
308
196
112
24
-16
-120
-180
-244
-340
-396
-492
-556
-620
-716
-844
-924
-988
-1116
-1180
-1180
-1180
-1244
-1244
-1308
-1308
-1372
-1372
-1436
-1436
-1436
-1372
-1244
-1116
-924
-748
-588
-460
-308
-164
-96
-32
-8
-40
-80
-104
-56
-72
-24
56
120
196
292
340
340
340
308
228
212
120
32
-8
-88
-72
0
80
196
260
324
396
460
492
556
620
620
652
716
748
780
844
844
924
988
988
1052
1052
988
924
876
780
652
524
460
356
308
292
276
324
324
356
372
324
276
260
260
180
148
164
164
180
212
228
292
356
372
396
428
460
460
428
396
340
276
196
120
64
-40
-132
-212
-244
-260
-324
-396
-492
-588
-684
-780
-812
-876
-924
-988
-1052
-1116
-1116
-1116
-1180
-1180
-1244
-1244
-1244
-1244
-1244
-1180
-1116
-1052
-988
-876
-812
-748
-620
-556
-524
-460
-492
-428
-396
-356
-308
-260
-212
-164
-96
-8
40
40
8
0
8
-8
-16
-48
-64
-80
-56
-8
0
8
24
40
64
132
212
292
356
396
460
524
620
684
780
812
844
924
988
988
988
988
924
924
924
988
988
988
924
924
876
812
812
780
748
780
716
716
716
716
684
684
716
620
588
556
524
556
588
588
588
588
556
556
588
556
492
372
260
164
96
40
-64
-132
-212
-260
-276
-340
-396
-492
-556
-652
-748
-844
-924
-1052
-1116
-1180
-1180
-1180
-1180
-1180
-1116
-1116
-1116
-1116
-1116
-1116
-1116
-1052
-1052
-988
-988
-924
-924
-844
-748
-652
-588
-492
-428
-396
-356
-340
-356
-396
-428
-460
-460
-396
-372
-396
-396
-372
-356
-340
-292
-292
-292
-276
-276
-260
-260
-276
-292
-260
-180
-132
-112
-16
32
72
148
244
292
372
428
492
556
588
652
716
748
812
844
844
876
924
924
924
924
924
988
1052
1052
1052
1116
1052
1116
1116
1116
1116
1052
1052
988
924
876
876
844
924
988
1052
1116
1180
1244
1244
1180
1116
1052
876
684
524
396
244
132
48
-16
-48
-72
-80
-112
-132
-164
-260
-372
-524
-652
-780
-876
-988
-1052
-1116
-1180
-1180
-1180
-1180
-1116
-1052
-1052
-988
-988
-988
-988
-1052
-1052
-1116
-1116
-1052
-988
-924
-876
-844
-812
-748
-716
-748
-716
-716
-748
-748
-716
-748
-748
-780
-812
-780
-780
-780
-748
-748
-748
-716
-684
-652
-620
-620
-620
-588
-524
-428
-340
-276
-228
-148
-104
-132
-96
-72
-40
56
148
196
212
276
340
460
588
684
748
812
876
988
988
1052
1116
1116
1180
1244
1308
1308
1436
1436
1500
1564
1564
1564
1500
1436
1436
1436
1372
1436
1436
1372
1372
1372
1372
1372
1372
1308
1180
1052
876
748
556
460
372
308
292
180
96
0
-72
-196
-276
-340
-428
-524
-652
-716
-812
-844
-924
-924
-876
-844
-780
-812
-844
-876
-924
-924
-988
-988
-988
-988
-988
-924
-844
-748
-652
-556
-492
-460
-428
-428
-428
-492
-524
-588
-652
-716
-748
-748
-716
-684
-652
-684
-684
-684
-684
-684
-748
-812
-844
-876
-924
-924
-988
-924
-924
-876
-780
-716
-716
-684
-620
-556
-524
-524
-524
-492
-556
-492
-428
-340
-244
-148
-64
48
180
260
340
428
492
556
684
780
876
988
1116
1180
1244
1308
1372
1436
1436
1500
1500
1500
1500
1564
1692
1692
1756
1756
1756
1756
1756
1692
1564
1500
1308
1180
1052
924
780
716
652
652
652
620
588
524
396
292
164
80
-40
-164
-308
-428
-556
-620
-652
-684
-716
-684
-684
-716
-716
-716
-748
-812
-844
-844
-844
-924
-876
-876
-844
-780
-716
-652
-620
-588
-556
-524
-492
-524
-556
-556
-588
-620
-620
-620
-556
-556
-556
-556
-556
-524
-524
-588
-588
-620
-652
-748
-780
-844
-876
-844
-844
-780
-748
-716
-684
-684
-684
-684
-684
-652
-588
-588
-588
-556
-524
-524
-460
-428
-372
-276
-196
-132
-32
48
164
276
396
588
716
812
924
988
1052
1180
1308
1308
1372
1372
1436
1436
1436
1500
1500
1500
1564
1628
1628
1628
1564
1500
1436
1372
1244
1052
876
716
588
524
492
524
492
460
460
428
396
324
212
72
-80
-212
-308
-396
-492
-588
-652
-684
-716
-716
-684
-684
-684
-684
-652
-620
-620
-620
-620
-620
-620
-588
-556
-588
-556
-524
-556
-492
-492
-428
-372
-324
-244
-196
-164
-164
-148
-132
-148
-180
-228
-244
-308
-356
-396
-460
-460
-492
-556
-556
-556
-588
-588
-588
-588
-620
-652
-684
-716
-716
-716
-684
-684
-684
-684
-684
-684
-684
-652
-620
-556
-524
-492
-428
-396
-324
-228
-132
-8
104
212
356
524
652
716
780
876
924
988
1052
1116
1052
1052
1052
1052
1116
1116
1116
1180
1180
1244
1244
1244
1244
1180
1116
1052
924
812
748
684
620
588
556
524
492
492
492
460
460
396
260
148
40
-8
-96
-180
-212
-276
-292
-308
-308
-292
-308
-292
-292
-276
-276
-292
-340
-372
-396
-396
-396
-396
-396
-396
-396
-396
-396
-396
-372
-356
-356
-372
-372
-396
-396
-396
-396
-396
-428
-428
-460
-492
-588
-652
-716
-780
-812
-812
-844
-812
-812
-812
-812
-812
-780
-748
-748
-748
-748
-748
-716
-716
-684
-684
-652
-620
-620
-556
-460
-396
-356
-292
-212
-180
-120
-8
96
180
276
372
460
588
716
780
876
924
988
988
1052
988
1052
1052
988
988
924
924
924
924
924
924
924
876
844
780
716
652
556
460
396
340
340
340
340
340
308
276
276
276
244
196
120
40
-24
-64
-96
-96
-88
-72
-64
-56
-24
16
48
88
80
88
112
132
120
96
72
64
88
96
148
180
164
104
64
48
40
-16
-16
16
-8
-8
-40
-48
-72
-120
-148
-164
-212
-292
-356
-428
-556
-652
-684
-716
-716
-748
-812
-844
-876
-924
-924
-924
-924
-924
-924
-924
-924
-924
-924
-924
-924
-876
-844
-844
-812
-716
-652
-588
-492
-428
-372
-292
-212
-112
8
132
260
356
428
524
556
556
588
556
524
492
428
460
492
492
492
492
524
588
620
652
652
620
556
492
428
340
228
148
120
132
148
180
212
244
276
276
292
212
148
120
80
40
40
64
104
104
148
196
228
276
324
396
428
460
460
460
492
524
524
524
556
556
524
524
524
492
492
492
492
492
492
460
460
460
460
428
396
324
260
180
104
16
-64
-132
-244
-308
-396
-428
-524
-556
-620
-684
-716
-748
-780
-812
-812
-876
-924
-924
-924
-924
-924
-924
-924
-876
-876
-812
-780
-780
-748
-684
-652
-620
-556
-492
-428
-340
-276
-196
-132
-72
0
80
132
164
212
228
212
212
196
212
212
180
164
132
148
148
164
196
228
228
196
148
96
16
-48
-64
-96
-96
-56
-72
-96
-64
-40
-8
48
96
120
148
148
120
112
72
48
32
40
64
96
132
212
276
340
428
524
588
652
716
716
716
684
652
684
684
684
684
652
652
620
588
620
620
588
556
524
492
460
396
340
276
228
120
48
-16
-104
-164
-244
-340
-396
-428
-524
-556
-588
-620
-652
-684
-716
-748
-780
-844
-844
-876
-876
-924
-876
-844
-844
-780
-748
-716
-716
-684
-652
-556
-492
-428
-396
-324
-308
-260
-164
-80
16
120
228
308
356
396
428
460
492
460
460
460
460
492
492
492
460
460
460
428
428
396
396
372
356
324
276
228
148
96
40
-40
-88
-80
-88
-112
-64
-32
-16
0
0
-32
-56
-132
-148
-180
-212
-196
-164
-104
-48
48
148
228
292
356
396
396
428
428
428
396
428
428
396
428
428
428
428
460
460
460
460
396
372
340
292
260
196
112
32
-24
-104
-180
-228
-292
-340
-372
-372
-428
-492
-556
-588
-588
-652
-684
-716
-780
-812
-844
-844
-844
-844
-812
-812
-812
-780
-780
-780
-748
-748
-748
-684
-620
-588
-556
-460
-396
-324
-228
-180
-120
-64
8
88
180
260
308
324
340
340
372
428
428
460
524
492
492
460
428
428
396
396
396
396
396
396
396
428
396
372
324
308
308
292
308
308
324
324
340
356
340
340
308
276
244
228
228
212
244
292
340
356
428
460
492
524
556
556
556
556
524
492
460
460
428
396
396
356
356
324
292
292
260
228
212
164
112
32
8
-48
-132
-212
-308
-372
-460
-556
-588
-652
-684
-684
-716
-684
-716
-748
-780
-780
-780
-812
-812
-876
-924
-876
-876
-876
-780
-748
-716
-684
-652
-652
-652
-652
-620
-588
-524
-492
-492
-460
-372
-324
-228
-148
-64
0
16
48
80
120
164
196
260
308
340
372
340
308
292
260
244
244
244
196
228
228
228
260
260
260
260
276
244
228
212
196
180
180
196
180
148
180
180
196
228
212
212
228
260
308
324
324
372
396
372
396
428
428
428
428
428
460
460
460
492
492
492
524
524
492
460
428
428
372
356
340
324
308
324
276
292
260
180
132
56
-8
-40
-104
-180
-212
-244
-260
-276
-276
-324
-340
-396
-428
-428
-428
-428
-460
-492
-524
-524
-524
-524
-524
-492
-524
-524
-524
-524
-524
-556
-588
-588
-588
-588
-556
-492
-492
-460
-372
-308
-276
-196
-164
-148
-112
-112
-112
-104
-48
-48
-8
16
16
8
8
16
0
0
-16
0
0
24
32
64
72
72
104
148
132
120
120
120
112
112
112
80
80
88
80
104
132
180
228
276
308
308
356
356
356
396
372
340
292
260
260
276
340
396
428
492
492
492
524
524
460
396
340
292
228
164
132
132
104
96
88
88
56
24
16
-24
-64
-96
-164
-260
-340
-428
-428
-396
-396
-340
-308
-324
-324
-308
-324
-356
-324
-324
-324
-340
-340
-340
-340
-324
-292
-244
-196
-164
-132
-120
-132
-164
-196
-196
-212
-196
-164
-120
-72
-16
24
80
132
148
148
132
148
180
180
180
196
228
212
196
212
212
196
212
180
148
164
132
120
120
96
88
88
120
132
112
104
64
40
-8
-48
-24
-32
-32
-24
-16
-24
-8
16
56
104
164
180
180
196
212
228
212
212
196
164
148
148
148
164
196
244
292
324
324
308
292
292
276
244
212
132
24
-16
-72
-104
-112
-104
-80
-80
-72
-64
-88
-132
-196
-308
-396
-460
-492
-524
-556
-556
-524
-492
-460
-428
-428
-428
-460
-492
-492
-492
-524
-524
-524
-524
-524
-460
-428
-396
-340
-308
-292
-292
-292
-308
-308
-292
-244
-180
-132
-56
0
56
104
148
212
228
244
244
276
308
324
356
372
396
396
428
428
428
428
396
372
340
324
340
308
308
308
292
276
260
276
276
276
292
260
244
228
212
212
228
212
196
180
164
148
180
228
260
260
276
276
244
228
228
212
180
164
196
180
180
212
196
228
228
276
292
244
212
196
88
8
-24
-72
-132
-164
-148
-132
-132
-104
-64
-48
-56
-88
-132
-196
-276
-340
-396
-396
-396
-372
-372
-356
-340
-324
-292
-292
-324
-396
-428
-492
-524
-524
-524
-524
-460
-428
-428
-396
-396
-396
-428
-428
-460
-492
-492
-460
-460
-396
-356
-276
-228
-180
-120
-80
-48
-16
8
8
0
40
64
88
112
112
104
112
120
96
88
80
88
88
96
132
148
180
180
180
180
228
260
292
324
340
324
324
340
324
340
356
372
396
396
428
460
460
492
556
556
556
556
556
524
460
428
396
356
340
324
324
324
356
372
396
428
396
324
260
228
164
80
8
-32
-80
-88
-96
-80
-64
-72
-64
-64
-88
-120
-180
-260
-324
-372
-428
-460
-492
-492
-460
-460
-428
-396
-396
-428
-460
-492
-492
-492
-492
-492
-492
-460
-460
-460
-460
-428
-428
-396
-396
-356
-356
-372
-372
-372
-340
-308
-260
-228
-196
-132
-80
0
24
72
120
164
180
196
180
164
164
104
96
80
64
80
112
148
180
180
212
244
244
244
260
228
212
228
212
276
276
276
260
260
244
260
228
212
228
180
164
148
132
132
148
180
180
228
244
244
244
228
196
164
148
112
64
56
64
16
32
80
104
148
164
180
164
132
96
48
0
0
-16
0
16
0
-8
-24
-24
-32
-40
-32
-64
-88
-132
-148
-180
-196
-244
-228
-212
-244
-244
-228
-228
-260
-260
-292
-292
-276
-276
-260
-260
-276
-292
-292
-292
-308
-276
-292
-292
-292
-308
-308
-324
-292
-260
-244
-212
-180
-164
-96
-32
0
48
88
132
164
164
164
148
112
104
96
104
120
120
132
164
196
244
292
276
308
308
292
292
276
260
228
244
260
292
324
324
324
324
340
340
292
276
244
196
164
148
132
164
180
196
212
212
228
212
164
148
96
8
-8
-40
-56
-48
-32
-16
0
8
8
16
8
0
-32
-64
-104
-164
-212
-276
-308
-340
-372
-372
-356
-340
-356
-340
-340
-356
-372
-372
-396
-396
-356
-340
-324
-324
-324
-324
-308
-308
-292
-260
-244
-212
-196
-148
-148
-148
-148
-120
-112
-132
-120
-104
-96
-80
-64
-88
-88
-72
-56
-32
-8
16
40
80
104
132
180
196
212
196
196
212
212
212
228
228
212
212
196
196
212
244
276
292
356
340
308
324
276
276
292
260
244
244
228
228
260
260
276
292
292
276
260
228
196
164
148
164
164
164
196
212
244
244
228
212
164
104
64
8
-32
-72
-80
-88
-96
-48
-32
-16
16
0
-32
-56
-112
-164
-196
-244
-244
-260
-260
-276
-260
-276
-276
-276
-292
-292
-308
-292
-308
-292
-292
-292
-276
-260
-228
-212
-212
-244
-244
-228
-212
-196
-196
-180
-148
-164
-164
-148
-148
-132
-120
-132
-132
-148
-180
-212
-196
-180
-164
-132
-148
-148
-148
-148
-120
-88
-64
-24
-24
-16
0
16
16
32
56
64
56
32
16
8
0
32
80
96
104
112
104
112
112
104
88
64
72
72
96
120
148
164
196
196
212
228
212
212
212
212
212
228
228
228
260
292
308
340
372
396
428
396
396
340
308
276
260
244
228
212
196
228
244
244
260
244
228
196
148
112
88
24
0
-40
-48
-64
-88
-88
-104
-148
-148
-164
-180
-164
-164
-164
-164
-164
-148
-148
-132
-148
-164
-164
-180
-164
-148
-148
-148
-148
-148
-120
-132
-132
-112
-120
-120
-132
-148
-180
-180
-180
-180
-164
-180
-148
-132
-112
-96
-72
-64
-80
-80
-64
-48
-24
-16
-32
-16
-8
-24
-32
-32
-64
-88
-88
-88
-112
-120
-164
-164
-132
-164
-164
-148
-180
-180
-196
-164
-164
-164
-164
-148
-132
-132
-112
-88
-88
-72
-64
-56
-72
-80
-64
-48
-40
-24
0
16
56
112
148
164
164
180
180
164
164
132
120
104
132
164
164
196
212
228
244
228
228
228
196
212
212
180
164
164
164
164
164
148
148
148
164
180
196
196
196
196
180
180
164
120
104
72
56
32
24
8
0
-8
0
16
8
24
0
-40
-48
-72
-96
-96
-112
-148
-148
-148
-148
-148
-180
-148
-164
-180
-164
-132
-132
-120
-112
-88
-88
-40
0
8
0
-8
-32
-104
-112
-148
-148
-180
-196
-196
-212
-212
-196
-164
-164
-164
-132
-132
-132
-112
-112
-132
-148
-132
-88
-64
-64
-24
0
8
32
56
72
88
88
112
120
132
132
132
132
148
148
164
164
148
148
148
148
132
132
148
164
148
112
112
104
132
148
164
180
164
148
164
132
112
96
72
56
64
80
72
64
80
72
56
64
80
56
56
72
32
0
0
-16
-40
-48
-56
-56
-72
-56
-56
-72
-64
-72
-56
-64
-80
-88
-96
-88
-80
-96
-132
-148
-148
-164
-164
-148
-164
-180
-196
-196
-196
-180
-132
-120
-88
-56
-32
-16
-8
-16
-24
-40
-88
-96
-104
-112
-132
-148
-148
-132
-112
-88
-72
-40
-16
-8
0
-8
-24
-32
-48
0
32
24
56
48
40
80
96
104
120
132
112
132
132
148
164
164
132
132
132
120
132
148
132
104
96
88
72
88
80
88
72
64
32
32
40
24
32
32
40
40
24
16
32
8
24
64
56
56
40
24
8
8
32
16
0
-8
-40
-64
-80
-80
-48
-56
-56
-56
-40
-40
-40
-16
-40
-48
-40
-40
-64
-56
-64
-72
-72
-64
-80
-80
-80
-88
-104
-96
-64
-64
-32
-48
-72
-88
-104
-120
-96
-88
-80
-72
-40
-40
-56
-56
-48
-48
-80
-80
-80
-88
-104
-88
-72
-96
-72
-64
-40
-24
16
48
48
40
56
56
80
104
104
104
80
88
132
148
148
180
164
148
148
148
148
148
132
120
132
148
148
120
120
120
112
112
132
148
164
180
132
120
112
