SAMPLES:	7367
BITSPERSAMPLE:	16
CHANNELS:	1
SAMPLERATE:	16000
NORMALIZED:	FALSE
8
8
0
0
0
0
0
0
0
0
0
0
0
0
0
-8
-8
-8
-8
-8
-8
-8
-8
-8
-16
-16
-24
-16
-16
-16
-16
-16
-16
-24
-24
-24
-24
-32
-24
-24
-16
-16
-24
-24
-24
-24
-24
-16
-16
-16
-16
-8
-8
-8
-8
-8
-8
-8
-8
0
0
0
0
0
0
0
0
0
8
0
8
8
8
8
8
8
8
8
8
8
16
16
16
16
16
16
16
16
16
16
16
16
8
16
8
8
16
8
8
8
8
8
16
16
16
16
16
16
8
8
8
16
8
8
16
8
8
8
8
8
8
8
8
8
8
8
8
8
0
0
0
0
8
8
0
0
0
0
0
0
0
0
0
0
0
0
0
0
0
0
0
-8
-8
-8
-8
-8
-8
-16
-16
-16
-16
-16
-16
-16
-16
-16
-16
-16
-16
-16
-16
-16
-16
-16
-16
-16
-16
-16
-16
-16
-16
-16
-16
-16
-8
-8
-8
-8
-8
-8
-8
-8
-8
-8
0
-8
0
0
0
0
0
0
0
0
0
0
0
0
0
0
0
0
0
0
0
0
0
8
8
8
0
8
8
8
8
8
8
8
8
16
16
8
16
16
8
8
8
8
8
8
8
8
8
8
8
8
8
8
8
8
8
0
8
8
0
8
8
0
0
0
0
0
0
0
0
0
0
0
0
0
0
0
0
0
0
0
0
0
0
0
0
-8
-8
-8
-8
-8
0
0
0
0
0
0
-8
-8
-8
-8
-8
-8
-8
-8
-8
-8
-8
-8
0
-8
0
0
0
0
0
0
0
0
0
0
0
0
0
0
0
0
-8
0
0
-8
-8
0
0
0
0
0
0
0
0
0
0
0
0
0
0
0
0
0
0
0
0
0
0
0
0
0
0
0
0
0
0
0
0
0
0
0
0
0
0
0
0
0
0
0
0
0
0
0
0
8
8
0
0
0
0
0
0
0
0
0
0
0
0
0
0
0
0
0
0
8
8
8
8
8
8
0
0
0
0
0
0
0
0
0
0
0
0
0
8
8
8
0
0
0
0
0
0
0
0
0
0
0
0
0
0
0
0
0
0
0
0
0
0
0
0
0
0
0
0
0
0
0
0
0
0
0
0
0
0
0
0
0
0
0
0
0
0
0
0
0
0
0
0
-8
-8
-8
-8
0
0
0
-8
-8
-8
-8
-8
-16
-16
-16
-16
-16
-16
-16
-16
-8
-8
-8
-8
-8
-16
-16
-16
-16
-16
-16
-16
-8
-8
-8
-8
-8
-8
-8
-8
-8
-8
-8
0
0
0
0
0
0
0
0
0
0
0
0
8
8
8
8
8
8
8
8
0
0
8
8
8
8
8
8
0
0
8
8
8
8
8
8
8
8
8
8
0
8
0
0
0
0
0
0
0
0
0
0
0
0
0
0
0
0
0
0
0
0
0
0
0
0
0
0
0
0
0
0
0
0
0
0
0
0
0
0
0
0
0
0
0
0
0
0
0
0
0
0
0
0
0
0
0
0
0
0
0
0
0
0
0
0
0
0
0
0
0
-8
-8
0
0
0
0
0
0
0
0
0
0
0
0
0
0
0
0
0
0
0
0
0
0
0
0
0
0
0
0
0
0
0
0
0
0
0
0
0
0
0
0
0
0
0
0
0
0
0
0
0
0
0
0
0
0
0
0
0
-8
0
0
0
0
0
0
0
-8
-8
0
0
0
0
0
0
0
0
0
0
0
0
0
0
0
0
0
0
0
0
0
0
0
0
0
0
0
0
0
0
0
0
0
0
0
0
0
0
0
0
0
0
0
0
0
0
0
0
0
0
0
0
0
0
0
0
0
0
0
0
0
0
0
0
0
0
0
0
0
0
0
0
0
8
8
8
0
8
8
0
0
0
0
0
0
0
0
0
0
0
0
0
0
0
0
0
0
0
0
0
-8
-8
0
0
0
0
0
-8
-8
-8
-8
-8
0
0
0
-8
-8
-8
-8
-8
0
0
0
0
0
-8
0
-8
-8
-8
-8
0
0
0
0
0
0
0
0
0
0
0
0
0
0
0
0
0
0
0
0
0
0
0
0
0
0
0
0
0
0
0
0
0
0
0
0
0
0
0
0
0
0
0
8
8
8
8
8
8
8
16
16
16
16
16
16
16
16
16
16
16
16
16
16
8
16
16
16
16
16
16
16
8
16
16
8
8
8
8
8
8
8
8
0
0
0
0
0
0
-8
-8
-8
-8
-8
-8
-8
-8
-16
-16
-16
-8
-8
-16
-16
-16
-16
-16
-16
-16
-16
-16
-16
-16
-16
-8
-8
-8
-16
-16
-16
-16
-16
-16
-16
-8
-8
-8
-8
-8
-8
-8
-8
-8
-8
-8
0
-8
0
-8
0
0
0
0
0
0
0
0
0
0
0
0
0
0
0
0
0
0
0
8
0
0
0
0
0
0
0
0
0
0
0
8
8
8
8
8
8
8
8
8
8
8
8
8
8
0
0
0
0
0
0
0
0
8
8
8
8
8
0
0
0
0
8
0
8
8
0
0
0
0
0
8
8
8
8
8
8
0
8
8
8
8
8
8
8
8
8
8
8
8
0
0
0
0
0
0
0
0
0
0
0
0
0
0
0
0
0
0
0
0
0
0
0
0
0
0
0
0
0
0
-8
-8
-8
-8
-8
0
0
0
0
0
0
0
0
0
0
0
0
0
0
0
0
0
0
0
0
0
0
0
0
0
0
0
0
0
0
0
0
0
0
0
0
-8
-8
-16
-16
-16
-16
-16
-8
-8
-16
-16
-16
-16
-16
-16
-16
-16
-24
-24
-24
-24
-24
-32
-32
-32
-24
-24
-24
-24
-24
-24
-24
-24
-16
-16
-16
-16
-8
-8
-8
-8
-8
0
0
0
0
0
0
0
8
8
8
8
8
8
8
16
16
16
16
16
24
24
24
24
24
24
24
24
16
24
24
24
24
24
24
24
24
24
16
24
24
24
24
16
16
24
24
16
16
16
16
16
16
16
8
8
16
16
16
16
16
16
8
0
8
0
0
0
0
0
0
0
0
0
0
0
0
-8
-8
-8
-8
-8
-8
-8
-8
-8
-8
-8
-8
-8
-16
-16
-16
-16
-16
-16
-16
-16
-16
-24
-24
-24
-24
-24
-16
-16
-16
-16
-16
-16
-16
-16
-16
-16
-16
-8
-8
-8
-8
0
-8
0
0
0
0
0
0
0
-8
0
0
0
0
0
0
0
0
0
0
0
0
0
0
0
0
0
0
0
0
0
0
0
0
0
0
8
0
0
0
0
8
0
0
8
0
8
8
0
0
0
8
8
8
8
8
8
8
8
8
8
8
16
8
8
8
8
16
16
8
8
8
16
16
8
8
8
8
8
8
8
0
0
0
0
0
0
0
0
0
0
0
0
0
-8
-8
-8
-8
0
-8
0
-8
-8
-16
-8
-16
-16
-8
-8
-8
-8
-8
-8
-8
-8
-8
-8
-8
-8
-8
-8
-8
-8
-8
0
0
0
0
0
0
0
0
0
0
0
0
0
0
0
0
0
0
0
0
0
0
0
0
0
0
0
0
0
0
0
0
0
0
0
0
0
0
0
0
0
0
0
0
8
0
0
8
0
0
0
0
0
0
0
0
0
0
0
0
0
0
0
0
0
0
0
0
0
0
0
0
0
0
0
-8
-8
-8
-8
-8
0
0
0
0
0
0
0
0
0
0
0
0
0
0
0
0
0
0
0
0
0
0
0
0
0
8
8
0
8
8
8
8
8
8
16
16
16
16
16
16
16
16
16
16
16
16
16
16
16
16
8
8
8
8
8
8
8
8
8
8
8
8
8
0
8
0
0
0
0
0
0
0
0
0
-8
-8
-8
0
-8
-8
-8
-8
-8
-8
-8
-8
-8
-8
0
0
0
-8
-8
-8
-8
-8
-8
-8
-8
-8
-8
-8
-8
-8
-8
0
-8
-8
-16
-8
-8
-8
-8
-8
-8
-8
-8
-8
-16
-8
-8
-8
-8
-8
-8
-8
-8
-8
-8
-8
-8
-8
-8
-8
-16
-16
-16
-16
-16
-8
0
0
0
0
0
0
0
0
0
0
0
0
0
0
0
0
0
0
0
0
0
0
8
8
8
8
8
16
8
8
8
8
16
16
16
16
16
16
16
16
16
16
16
16
24
24
24
24
24
24
24
24
16
16
16
16
24
16
16
16
16
16
16
16
16
16
8
8
8
8
8
8
0
0
0
0
0
0
0
0
0
0
0
0
-8
-8
-8
-8
-8
-16
-16
-16
-16
-24
-24
-24
-24
-16
-24
-24
-24
-24
-24
-24
-24
-24
-24
-24
-24
-24
-24
-24
-24
-16
-16
-8
-16
-16
-8
-8
-16
-16
-8
0
0
0
8
0
0
0
0
0
0
0
0
0
0
0
0
0
0
8
8
8
0
0
0
0
0
0
0
0
0
0
0
0
0
0
0
0
0
0
0
0
0
0
0
0
0
0
0
0
0
0
0
0
0
0
0
0
0
0
0
8
8
8
8
0
8
8
8
8
8
8
8
8
8
16
16
16
16
8
8
16
8
8
16
8
8
8
0
8
8
0
8
8
8
8
8
16
8
8
8
8
8
0
8
8
8
0
0
0
0
0
-8
-8
0
0
0
0
0
0
0
0
0
-8
-8
-8
0
0
-8
-8
-8
-8
0
0
0
0
-8
-8
-8
-8
0
0
0
0
0
0
0
0
0
0
-8
-8
-8
-8
-16
-16
-16
-16
-16
-16
-8
-8
-8
-16
-16
-24
-24
-24
-24
-16
-16
-16
-16
-24
-24
-24
-24
-16
-16
-16
-16
-24
-24
-24
-16
-16
-16
-16
-16
-16
-8
-8
-8
-8
-8
-8
-8
-8
-8
-8
-8
-8
-8
0
0
0
-8
0
0
0
0
8
16
16
24
32
32
32
40
32
32
40
32
32
32
32
32
32
40
48
56
48
40
40
40
32
32
40
32
32
32
32
32
32
32
24
16
16
16
8
8
8
8
8
8
8
0
0
0
0
0
0
-8
-8
-8
-16
-8
-8
-8
-8
0
0
0
8
16
24
24
32
24
32
48
48
0
-96
-148
-148
-104
-32
40
96
132
96
0
-164
-276
-308
-228
-80
32
64
32
-8
-56
-96
-148
-180
-132
-16
72
88
56
0
-16
0
16
16
24
48
56
40
40
32
24
24
32
24
32
16
8
16
48
64
48
24
-16
-80
-120
-104
-80
-48
-16
0
0
-16
-32
-48
-64
-40
-8
8
24
24
24
32
56
72
72
80
80
56
40
40
48
64
80
88
104
104
96
72
80
80
64
56
48
40
24
16
24
56
64
48
24
-16
-72
-120
-112
-64
-24
0
24
16
-8
-56
-112
-132
-132
-112
-112
-80
-72
-80
-104
-112
-96
-96
-96
-88
-64
-80
-72
-88
-88
-56
-24
16
40
80
72
24
-16
-40
-48
-16
32
88
132
180
164
120
120
112
96
88
96
104
96
88
104
104
88
72
80
80
72
32
-8
-32
-48
-56
-48
-16
-16
-24
-40
-72
-112
-148
-164
-164
-164
-148
-120
-104
-80
-64
-48
-48
-48
-56
-64
-96
-104
-80
-24
8
32
48
48
48
32
32
32
16
-8
-24
-40
-56
-48
-32
-32
-24
0
0
-8
-24
-48
-88
-120
-132
-132
-132
-88
-32
24
104
132
132
112
80
48
48
88
148
228
324
428
460
492
492
460
396
372
356
324
292
292
292
292
308
308
324
292
228
180
112
32
-64
-148
-228
-292
-324
-356
-340
-340
-372
-428
-460
-524
-588
-684
-748
-780
-780
-780
-684
-620
-556
-460
-460
-428
-460
-524
-524
-492
-428
-356
-244
-104
8
80
80
56
24
-24
-56
-24
8
32
32
64
104
148
164
196
244
228
212
196
180
164
132
104
96
120
196
276
356
428
460
460
460
460
492
524
620
684
812
924
1116
1308
1500
1628
1692
1692
1628
1436
1308
1244
1180
1116
988
924
844
716
492
308
64
-244
-652
-1052
-1436
-1756
-2108
-2364
-2492
-2620
-2620
-2748
-2748
-2876
-2876
-3004
-3132
-3132
-3132
-3004
-2748
-2492
-2108
-1756
-1372
-988
-620
-396
-132
40
164
324
492
780
1052
1308
1628
1884
2108
2364
2364
2236
2108
1820
1564
1308
1052
876
652
524
460
356
276
164
0
-148
-356
-524
-652
-812
-876
-924
-812
-716
-556
-428
-228
-24
48
180
244
340
396
460
588
812
1116
1564
2108
2620
3132
3388
3644
3772
3644
3516
3260
3260
3132
3132
3004
2748
2492
2364
2108
1820
1372
748
24
-780
-1436
-1980
-2492
-2876
-3260
-3516
-3644
-3772
-3900
-4092
-4092
-4348
-4348
-4604
-4604
-4604
-4348
-3900
-3644
-3132
-2620
-2236
-1628
-1308
-924
-524
-260
32
396
780
1116
1500
1820
2236
2492
2748
2876
3004
3004
2748
2492
2236
1884
1564
1244
988
844
588
356
180
-32
-324
-684
-1052
-1372
-1628
-1884
-1980
-1980
-1884
-1820
-1692
-1564
-1436
-1436
-1372
-1308
-1180
-1116
-1052
-924
-748
-556
-372
-24
308
684
1116
1692
2492
3132
3900
4348
4860
4860
4860
4604
4604
4604
4348
4348
4348
4348
4092
3772
3388
3132
2620
1980
1116
276
-588
-1372
-1980
-2492
-3004
-3516
-3900
-4092
-4348
-4604
-4604
-4860
-5116
-5372
-5628
-5628
-5372
-5372
-4860
-4604
-4092
-3516
-3004
-2492
-1980
-1500
-1116
-620
0
588
1308
1980
2620
3132
3516
4092
4092
4348
4348
4348
4092
3900
3644
3388
3004
2748
2364
2108
1692
1244
716
180
-308
-812
-1372
-1980
-2364
-2748
-3132
-3388
-3644
-3644
-3772
-3772
-3516
-3388
-3388
-3260
-3260
-3132
-3004
-2748
-2620
-2364
-1980
-1692
-1372
-924
-428
-32
428
876
1308
1628
2108
2620
3260
3900
4860
5628
6140
6396
6652
6652
6396
6396
6140
5884
5628
5372
5116
4860
4348
4092
3900
3516
3004
2236
1308
324
-556
-1372
-2236
-3004
-3644
-4092
-4604
-4860
-5116
-5372
-5628
-5884
-6140
-6396
-6396
-6396
-6396
-6396
-6140
-5884
-5372
-4860
-4348
-3644
-3004
-2492
-1820
-1244
-556
228
988
1884
2492
3132
3516
3900
4092
4348
4348
4348
4348
4092
3644
3260
3004
2492
2108
1628
1180
588
-104
-524
-1052
-1500
-1980
-2492
-2876
-3260
-3644
-3772
-4092
-4092
-4092
-4092
-3644
-3388
-3132
-2876
-2620
-2364
-2108
-1884
-1436
-1052
-684
-292
56
492
924
1372
1884
2364
2748
3132
3516
4092
4604
5372
5884
6652
6908
7164
7164
6908
6652
6396
6140
5884
5628
5372
4860
4348
4092
3644
3260
2748
1980
1180
276
-556
-1500
-2236
-3004
-3772
-4348
-4860
-5372
-5884
-6140
-6396
-6652
-6652
-6908
-7164
-7164
-7164
-6908
-6652
-6396
-5884
-5628
-4860
-4348
-3644
-3004
-2364
-1756
-1116
-460
308
988
1692
2364
3132
3900
4348
4860
5116
5372
5116
5116
4860
4348
4092
3516
3004
2492
2108
1564
1116
588
244
-276
-844
-1436
-1980
-2364
-2876
-3388
-3644
-3900
-4092
-4092
-4092
-3900
-3772
-3516
-3132
-2748
-2364
-2236
-1884
-1628
-1372
-1180
-716
-308
148
620
1116
1628
2108
2492
3004
3388
3644
3772
3900
4092
4348
4604
4860
5372
5884
6140
6140
5884
5884
5628
5116
4860
4348
4092
3644
3132
2748
2364
2108
1820
1436
876
228
-492
-1244
-1980
-2748
-3516
-4348
-4860
-5628
-5884
-6140
-6396
-6396
-6396
-6396
-6396
-6140
-6140
-6140
-6140
-5884
-5628
-5372
-4860
-4092
-3516
-2876
-2236
-1564
-876
-96
588
1308
1884
2492
3132
3644
4092
4348
4860
4860
4860
4604
4348
4348
3900
3388
3004
2492
2108
1692
1244
924
372
-104
-556
-1052
-1436
-1980
-2492
-2876
-3132
-3388
-3516
-3644
-3516
-3516
-3388
-3132
-2748
-2364
-1980
-1692
-1372
-1052
-988
-588
-356
-32
228
524
924
1244
1692
2108
2492
2620
2876
3004
3132
3388
3516
3900
4348
4860
5116
5628
5884
5884
5628
5372
5116
4860
4348
4092
3644
3260
2876
2492
2236
2108
1692
1180
684
112
-556
-1308
-1980
-2748
-3516
-4348
-4860
-5116
-5372
-5628
-5628
-5628
-5628
-5884
-5628
-5628
-5628
-5628
-5628
-5372
-4860
-4604
-4092
-3644
-3132
-2620
-1980
-1244
-588
24
588
1116
1564
2108
2364
2876
3388
3516
3772
3644
3772
3772
3516
3260
2876
2620
2236
1756
1372
988
492
80
-396
-652
-924
-1308
-1692
-2108
-2236
-2620
-2876
-3132
-3132
-3260
-3388
-3388
-3388
-3132
-3004
-2748
-2364
-2108
-1980
-1692
-1372
-988
-812
-396
-16
308
716
924
1372
1628
1884
2108
2364
2364
2492
2492
2492
2748
3004
3388
3900
4604
5116
5372
5628
5628
5628
5628
5372
5116
4860
4604
4348
3900
3772
3516
3388
3388
3132
2748
1980
1372
620
-148
-924
-1692
-2364
-3004
-3644
-4092
-4604
-4860
-5116
-5116
-5372
-5628
-5628
-5884
-5884
-5884
-5628
-5628
-5372
-5372
-4860
-4604
-4092
-3644
-3004
-2620
-2108
-1500
-812
-132
556
1308
1820
2492
2748
3260
3388
3516
3516
3260
3260
3004
2876
2620
2364
2108
1884
1436
1244
988
556
228
-260
-652
-1180
-1692
-1980
-2236
-2492
-2620
-2620
-2620
-2620
-2492
-2364
-2236
-2108
-1980
-1820
-1628
-1372
-1244
-844
-556
-228
80
372
684
924
1052
1308
1500
1628
1884
1980
2236
2364
2620
2748
3004
3516
3900
4604
4860
5116
5116
5116
5116
5116
4860
4348
4092
3900
3644
3132
2876
2620
2492
2236
1820
1308
652
24
-652
-1308
-1980
-2748
-3388
-3900
-4348
-4860
-5116
-5372
-5372
-5628
-5628
-5628
-5628
-5628
-5628
-5628
-5372
-5116
-4860
-4604
-4348
-3900
-3516
-3004
-2364
-1756
-1180
-492
212
876
1500
2108
2620
3260
3516
3772
4092
4092
4092
3772
3644
3516
3132
3004
2748
2492
2236
1756
1564
1244
812
460
-40
-308
-684
-1052
-1372
-1628
-1884
-1980
-2108
-2236
-2108
-2108
-2108
-1980
-1820
-1692
-1628
-1628
-1564
-1436
-1308
-1116
-924
-620
-492
-212
112
308
524
684
876
1180
1308
1500
1628
1692
1692
1820
2108
2492
3004
3388
4092
4348
4860
4860
4860
5116
4860
4860
4604
4348
4348
4092
3644
3388
3132
2876
2748
2364
2108
1436
812
164
-556
-1180
-1884
-2620
-3260
-3900
-4604
-4860
-5372
-5628
-5884
-6140
-6140
-6140
-6140
-5884
-5884
-5628
-5372
-5116
-4860
-4604
-4348
-4092
-3644
-3132
-2620
-1980
-1372
-652
72
780
1436
2236
2748
3260
3516
3772
3772
3772
3772
3644
3516
3260
3132
2876
2620
2492
2236
1980
1756
1308
924
524
72
-212
-652
-1052
-1436
-1820
-2108
-2236
-2364
-2364
-2492
-2492
-2492
-2364
-2236
-2236
-2108
-1980
-1980
-1820
-1564
-1436
-1180
-924
-620
-244
132
460
812
1180
1436
1756
1980
2236
2492
2620
2748
2876
3132
3388
3772
4348
4860
5372
5628
5628
5628
5628
5372
5116
4860
4604
4092
3900
3388
2876
2620
2236
1884
1500
1052
492
-40
-684
-1308
-2108
-2748
-3516
-4092
-4604
-5116
-5628
-5884
-6140
-6396
-6396
-6396
-6396
-6140
-6140
-5884
-5628
-5372
-5116
-4860
-4604
-4092
-3900
-3388
-2876
-2492
-1820
-1052
-372
556
1372
2236
2876
3260
3772
3900
4092
4092
3900
3772
3644
3516
3388
3260
3132
3132
3004
3004
2876
2620
2236
1820
1372
924
396
0
-340
-748
-1052
-1436
-1628
-1820
-1980
-1980
-1980
-1980
-1980
-1980
-1820
-1756
-1820
-1692
-1692
-1500
-1372
-1244
-988
-812
-588
-292
-48
260
620
924
1244
1564
1692
1820
1980
1980
2236
2492
2748
3132
3516
4092
4348
4604
4604
4604
4604
4604
4348
4092
3900
3516
3132
2748
2492
2236
1884
1500
1052
524
72
-524
-1116
-1756
-2492
-3132
-3644
-4348
-4860
-5116
-5628
-5884
-5884
-6140
-6140
-6140
-5884
-5884
-5628
-5372
-5116
-4860
-4604
-4348
-4092
-3644
-3260
-2876
-2364
-1756
-1052
-228
716
1436
2364
3004
3644
4092
4092
4348
4348
4348
4092
3900
3644
3516
3260
3132
3004
3004
2876
2748
2620
2236
1980
1500
988
460
-24
-620
-1052
-1436
-1756
-1820
-1980
-1980
-1980
-1980
-1884
-1692
-1628
-1436
-1436
-1372
-1372
-1372
-1308
-1244
-1116
-988
-748
-460
-196
132
492
844
1180
1500
1756
1980
2108
2236
2236
2236
2364
2620
2876
3260
3772
4092
4604
4860
4860
4860
4860
4860
4860
4604
4092
3772
3260
2748
2364
1980
1564
1116
684
148
-292
-780
-1372
-1884
-2492
-3260
-3900
-4604
-5116
-5628
-5884
-6140
-6396
-6652
-6652
-6652
-6652
-6396
-6140
-5884
-5372
-5372
-5116
-4860
-4348
-4092
-3772
-3260
-2620
-2108
-1436
-652
164
1116
1884
2620
3388
3772
4348
4348
4604
4604
4348
4348
4092
3772
3644
3388
3260
3260
3132
3004
2876
2620
2364
1884
1436
988
396
-180
-684
-1180
-1500
-1884
-2108
-2236
-2364
-2364
-2236
-2108
-1980
-1884
-1884
-1820
-1884
-1884
-1820
-1756
-1564
-1308
-1052
-812
-492
-88
260
652
1052
1372
1756
2108
2364
2492
2620
2620
2748
2748
2748
3004
3260
3644
3900
4348
4604
5116
5116
5372
5372
5116
4860
4604
4092
3772
3132
2492
1980
1436
1052
684
244
-164
-588
-988
-1564
-2108
-2748
-3388
-4092
-4860
-5372
-5884
-6396
-6652
-6908
-6908
-6908
-6908
-6652
-6140
-5884
-5628
-5372
-5116
-4604
-4348
-4092
-3644
-3260
-2620
-2108
-1372
-620
180
1052
1884
2748
3388
3900
4348
4604
4860
4860
4860
4860
4604
4604
4348
4092
3900
3772
3644
3388
3132
2876
2620
2236
1884
1436
844
244
-396
-1052
-1564
-2108
-2492
-2748
-3004
-3132
-3132
-3132
-3004
-2876
-2620
-2492
-2364
-2364
-2236
-2236
-2108
-2108
-1980
-1692
-1372
-1052
-652
-164
396
924
1436
1980
2364
2620
2748
3004
3004
3132
3260
3516
3772
4092
4604
4860
5372
5628
5628
5884
5628
5628
5372
4860
4348
3644
3132
2364
1756
1180
716
132
-372
-924
-1500
-2108
-2492
-3132
-3644
-4348
-4860
-5628
-6140
-6652
-6908
-7164
-7420
-7420
-7164
-7164
-6652
-6396
-5884
-5628
-5116
-4604
-4092
-3644
-3132
-2620
-2236
-1756
-1116
-492
196
924
1756
2748
3388
4092
4860
5116
5372
5372
5628
5372
5116
4860
4348
4092
3644
3260
3004
2876
2748
2620
2364
2108
1756
1244
780
196
-460
-1116
-1820
-2364
-2748
-3260
-3388
-3516
-3516
-3388
-3260
-3132
-2876
-2876
-2620
-2492
-2364
-2236
-1980
-1820
-1564
-1308
-924
-460
-16
524
924
1372
1980
2364
2748
3132
3516
3772
3900
4092
4092
4092
4092
4092
4348
4348
4604
4604
4860
4860
5116
5116
4860
4860
4348
4092
3516
2876
2236
1564
876
308
-276
-844
-1372
-1820
-2236
-2748
-3132
-3388
-3900
-4348
-4860
-5116
-5628
-5884
-6396
-6396
-6652
-6652
-6652
-6396
-6140
-5628
-5116
-4604
-4092
-3644
-3132
-2620
-2236
-1692
-1308
-812
-340
120
620
1116
1756
2236
2748
3132
3644
3900
4092
4092
4092
4092
3772
3644
3388
3132
2748
2492
2236
1980
1756
1500
1116
844
556
196
-132
-556
-924
-1372
-1756
-2108
-2364
-2620
-2748
-2876
-2876
-2748
-2748
-2492
-2364
-2236
-2108
-1884
-1628
-1308
-1116
-812
-492
-260
24
292
716
1116
1500
1980
2364
2748
3132
3388
3644
3900
3900
4092
4092
4092
4092
4092
4348
4348
4604
4860
4860
4860
4604
4348
4092
3772
3388
2876
2364
1692
1052
396
-212
-748
-1244
-1756
-2236
-2620
-3004
-3388
-3772
-4092
-4604
-4860
-5372
-5628
-5884
-6140
-6140
-6140
-6140
-5884
-5628
-5116
-4860
-4348
-3772
-3260
-2748
-2236
-1756
-1372
-924
-588
-132
308
716
1244
1628
2236
2620
3004
3388
3772
4092
4092
4092
4092
3772
3388
3260
2876
2620
2236
1980
1692
1436
1116
812
460
164
-120
-492
-780
-1116
-1500
-1884
-2236
-2620
-2748
-3004
-3132
-3132
-3132
-3004
-3004
-2748
-2492
-2236
-2108
-1820
-1564
-1308
-1052
-716
-356
24
460
844
1244
1692
1980
2364
2748
3004
3260
3516
3772
3900
4092
4092
4092
4092
4092
4092
4348
4348
4348
4604
4348
4348
4092
3900
3644
3260
2876
2364
1820
1244
652
40
-492
-924
-1372
-1820
-2236
-2620
-3004
-3260
-3516
-3772
-4092
-4348
-4860
-4860
-5116
-5372
-5372
-5372
-5372
-5372
-5116
-4604
-4348
-3900
-3516
-3132
-2748
-2364
-1884
-1500
-1116
-684
-308
180
524
1052
1436
1884
2236
2620
2876
3004
3260
3260
3388
3388
3260
3132
2876
2748
2492
2108
1820
1564
1180
924
588
308
64
-196
-556
-844
-1116
-1372
-1692
-1980
-2236
-2492
-2620
-2876
-2876
-2876
-2876
-2748
-2620
-2364
-2108
-1692
-1372
-1052
-716
-428
-96
196
428
716
988
1308
1628
1980
2364
2748
3004
3260
3516
3772
3900
4092
4092
4092
4092
4092
4092
4092
4092
4092
4348
4348
4092
4092
3772
3516
3260
2876
2364
1756
1180
556
-64
-556
-1052
-1500
-1980
-2364
-2748
-3132
-3388
-3772
-4092
-4348
-4860
-5116
-5372
-5372
-5628
-5628
-5628
-5372
-5372
-5116
-4860
-4348
-4092
-3644
-3132
-2620
-2108
-1756
-1180
-684
-228
196
556
924
1180
1564
1980
2236
2748
3132
3388
3516
3644
3644
3644
3516
3388
3132
2748
2364
1980
1628
1308
924
588
324
48
-196
-460
-684
-988
-1308
-1628
-1980
-2236
-2492
-2748
-2876
-3004
-3132
-3004
-3004
-2876
-2620
-2364
-2108
-1820
-1564
-1244
-924
-588
-292
16
356
652
988
1372
1820
2108
2620
2876
3132
3388
3644
3900
4092
4348
4348
4348
4348
4604
4604
4604
4604
4604
4604
4348
4092
3900
3644
3388
3004
2620
2108
1692
1180
620
0
-524
-1052
-1500
-1980
-2364
-2876
-3260
-3644
-4092
-4348
-4604
-4860
-5116
-5372
-5372
-5628
-5628
-5372
-5372
-5116
-4860
-4604
-4348
-3900
-3388
-3004
-2492
-1980
-1500
-1052
-620
-292
132
460
812
1180
1500
1820
2108
2364
2620
2748
2876
3004
3004
2876
2748
2492
2236
1980
1820
1564
1308
1052
780
492
260
24
-180
-396
-620
-812
-988
-1180
-1372
-1564
-1756
-1980
-2108
-2108
-2108
-2108
-1980
-1980
-1820
-1564
-1308
-1052
-716
-428
-104
196
492
780
1052
1308
1500
1756
1980
2236
2492
2620
2876
3004
3132
3388
3516
3516
3516
3644
3772
3772
3772
3772
3644
3516
3388
3260
3132
2876
2620
2364
1980
1628
1244
876
428
0
-460
-988
-1436
-1884
-2364
-2748
-3132
-3516
-3772
-4092
-4348
-4348
-4604
-4604
-4604
-4860
-4860
-4860
-4604
-4604
-4348
-4092
-3772
-3388
-3132
-2620
-2108
-1692
-1244
-812
-460
-164
132
396
652
988
1308
1628
1884
2108
2236
2364
2492
2492
2492
2364
2236
2108
1884
1628
1372
1052
748
524
324
112
-40
-164
-276
-396
-524
-716
-876
-1052
-1308
-1436
-1564
-1628
-1692
-1692
-1692
-1628
-1500
-1372
-1116
-924
-716
-492
-228
0
212
428
652
844
1052
1244
1500
1756
1980
2236
2364
2620
2748
2876
3004
3132
3260
3388
3516
3644
3644
3772
3772
3772
3772
3644
3516
3260
3004
2748
2492
2108
1756
1308
924
460
-16
-524
-988
-1436
-1820
-2236
-2620
-3004
-3388
-3644
-3900
-4092
-4348
-4348
-4604
-4860
-4860
-4860
-4860
-4860
-4860
-4604
-4092
-3900
-3516
-3132
-2620
-2364
-1980
-1564
-1308
-1052
-748
-492
-196
120
396
748
1052
1372
1692
1980
2236
2364
2492
2492
2492
2492
2236
2108
1980
1692
1564
1372
1244
1116
988
812
716
652
492
356
212
64
-132
-324
-460
-588
-780
-812
-844
-924
-844
-780
-684
-620
-524
-428
-308
-180
-40
96
228
396
556
748
924
1052
1244
1372
1564
1756
1884
1980
2108
2236
2364
2492
2620
2748
2748
2876
2876
2876
3004
2876
2876
2748
2492
2364
2108
1820
1564
1180
812
396
-40
-492
-924
-1308
-1692
-1980
-2236
-2492
-2748
-3004
-3260
-3516
-3644
-3900
-4092
-4092
-4092
-4348
-4348
-4348
-4092
-4092
-3772
-3516
-3260
-2876
-2492
-2108
-1820
-1500
-1180
-924
-652
-396
-180
72
324
556
812
1052
1308
1500
1756
1980
2108
2236
2236
2236
2108
1980
1884
1692
1436
1308
1180
988
876
716
556
428
396
276
212
148
56
-16
-132
-244
-308
-428
-492
-588
-620
-684
-716
-684
-620
-556
-460
-356
-228
-88
24
132
260
396
492
620
748
924
1052
1180
1372
1436
1628
1820
1980
2108
2236
2364
2492
2620
2748
2748
2748
2620
2492
2492
2236
2108
1820
1564
1308
1052
716
396
132
-180
-492
-812
-1116
-1372
-1692
-1980
-2236
-2492
-2748
-3004
-3132
-3388
-3516
-3516
-3644
-3772
-3772
-3644
-3644
-3516
-3260
-3132
-2876
-2620
-2364
-2108
-1820
-1500
-1180
-924
-652
-396
-132
96
324
556
812
1052
1244
1436
1628
1820
1980
2108
2108
2108
2108
2108
1980
1884
1756
1628
1500
1308
1180
1052
876
780
684
588
524
396
324
212
164
104
16
-72
-148
-212
-324
-428
-492
-524
-556
-524
-492
-460
-308
-212
-96
24
120
212
260
324
340
428
524
588
716
844
924
988
1116
1244
1308
1436
1500
1564
1628
1628
1628
1628
1500
1436
1244
1116
988
780
588
428
260
64
-80
-260
-524
-716
-924
-1116
-1372
-1628
-1884
-2108
-2364
-2492
-2620
-2748
-2748
-2876
-2876
-2876
-2876
-2748
-2620
-2620
-2492
-2364
-2236
-2108
-1884
-1692
-1500
-1244
-988
-780
-556
-292
-40
120
308
460
652
844
1052
1180
1308
1436
1436
1500
1564
1564
1564
1628
1564
1500
1436
1372
1308
1244
1180
1052
988
924
844
780
748
684
652
652
620
588
556
492
492
396
308
244
164
112
64
88
88
80
88
112
148
148
212
212
212
244
244
308
356
396
428
428
428
492
588
652
748
812
924
924
988
988
988
988
988
988
988
924
780
652
492
308
164
32
-64
-180
-292
-428
-620
-748
-924
-1116
-1308
-1500
-1628
-1820
-1980
-2108
-2236
-2364
-2364
-2364
-2364
-2364
-2364
-2364
-2364
-2236
-2236
-2108
-1980
-1980
-1756
-1628
-1500
-1308
-1180
-1052
-844
-716
-492
-308
-88
112
308
492
620
716
844
988
988
1052
1116
1116
1180
1244
1308
1372
1372
1372
1372
1372
1308
1308
1308
1308
1308
1308
1244
1244
1180
1180
1180
1180
1116
1052
988
988
924
924
876
844
780
716
652
588
556
492
428
372
324
308
324
308
292
324
340
276
260
276
276
308
340
396
460
492
524
588
652
652
620
588
524
460
428
356
276
212
132
72
40
8
-16
-64
-132
-212
-324
-460
-588
-748
-988
-1180
-1372
-1564
-1628
-1756
-1756
-1820
-1884
-1980
-2108
-2108
-2236
-2236
-2364
-2364
-2492
-2492
-2492
-2492
-2492
-2364
-2236
-2108
-1884
-1692
-1564
-1372
-1244
-1052
-844
-652
-428
-228
-56
72
212
356
492
588
684
812
924
1116
1244
1436
1628
1820
1980
2108
2108
2236
2236
2236
2236
2236
2108
2108
1980
1980
1884
1756
1692
1628
1564
1500
1372
1244
1052
924
748
620
460
324
164
16
-104
-180
-228
-308
-324
-340
-340
-340
-324
-324
-324
-324
-308
-308
-260
-212
-180
-132
-72
8
88
148
244
324
356
428
460
492
524
524
524
524
460
428
372
260
164
64
-32
-132
-196
-260
-428
-556
-716
-924
-1116
-1244
-1372
-1500
-1692
-1884
-2108
-2236
-2364
-2364
-2492
-2492
-2492
-2492
-2492
-2364
-2364
-2236
-2108
-2108
-1980
-1756
-1628
-1436
-1244
-988
-780
-556
-292
-72
148
396
620
812
988
1180
1372
1500
1628
1820
1980
2108
2236
2364
2364
2492
2492
2492
2620
2492
2492
2364
2236
2108
1980
1820
1692
1500
1372
1244
1052
876
716
556
428
292
148
32
-72
-196
-308
-428
-556
-620
-716
-780
-844
-876
-876
-844
-844
-780
-652
-588
-428
-324
-244
-112
-40
24
112
180
244
324
396
460
524
620
684
716
716
684
684
620
524
396
276
148
56
-24
-104
-196
-340
-460
-588
-780
-924
-1052
-1180
-1372
-1564
-1692
-1820
-1980
-1980
-2108
-2108
-2108
-1980
-1980
-1980
-1884
-1884
-1820
-1820
-1756
-1692
-1628
-1500
-1308
-1180
-924
-684
-460
-276
-96
80
212
292
428
556
652
748
924
1052
1180
1308
1436
1500
1564
1692
1756
1820
1820
1820
1820
1820
1756
1692
1628
1564
1436
1308
1180
1052
988
812
716
652
556
460
396
324
292
196
96
-24
-132
-212
-260
-324
-340
-340
-324
-276
-196
-104
-56
16
148
228
308
396
428
428
428
460
428
460
524
524
556
652
684
684
684
684
652
620
556
396
276
148
-16
-196
-356
-460
-620
-748
-844
-924
-988
-1116
-1180
-1308
-1372
-1436
-1500
-1564
-1692
-1756
-1820
-1980
-1980
-1980
-1980
-1980
-1884
-1756
-1692
-1564
-1436
-1372
-1244
-1116
-1052
-924
-844
-748
-588
-428
-292
-148
16
180
324
460
588
716
812
924
1052
1116
1180
1244
1244
1244
1244
1244
1180
1180
1116
1052
1052
1052
988
988
988
924
876
780
684
652
588
460
396
324
228
148
96
40
-16
-56
-88
-96
-72
-40
-32
8
64
120
180
228
292
340
372
396
428
492
556
620
716
812
876
924
988
988
988
988
988
988
924
924
844
748
652
556
460
428
324
196
120
32
-40
-148
-308
-460
-588
-748
-876
-988
-988
-1116
-1180
-1244
-1308
-1372
-1372
-1500
-1564
-1628
-1628
-1564
-1564
-1564
-1436
-1436
-1372
-1308
-1244
-1116
-1052
-924
-812
-716
-588
-524
-460
-356
-276
-164
-80
8
64
132
164
244
292
308
396
396
428
428
492
492
524
460
396
340
244
164
120
120
120
148
180
196
180
148
88
56
8
-40
-88
-112
-148
-164
-180
-164
-104
-88
-32
16
48
96
112
148
196
244
308
372
428
492
556
684
812
876
988
1052
1052
1116
1116
1180
1116
1116
1116
1116
1052
1052
1052
988
988
988
876
812
748
652
556
460
340
212
132
56
-32
-88
-132
-228
-324
-372
-460
-524
-588
-652
-684
-716
-780
-876
-876
-924
-988
-988
-1052
-1052
-988
-988
-924
-876
-844
-748
-716
-652
-556
-492
-428
-356
-340
-276
-260
-244
-212
-212
-164
-72
0
64
120
180
244
260
276
260
228
164
96
48
8
-24
-72
-88
-104
-88
-56
-32
-32
-48
-56
-80
-132
-180
-228
-292
-356
-372
-356
-356
-340
-340
-324
-324
-292
-276
-244
-212
-132
-104
-56
48
112
180
244
308
340
396
460
492
524
620
620
652
684
748
780
780
748
716
684
620
588
524
460
372
292
260
228
180
180
212
180
148
120
72
24
0
-40
-88
-148
-244
-276
-340
-340
-324
-324
-292
-292
-292
-276
-276
-292
-292
-260
-228
-180
-164
-180
-244
-276
-244
-228
-196
-132
-88
-64
-32
-16
24
40
40
48
72
64
120
148
80
104
88
40
32
32
40
16
8
-8
-48
-88
-96
-148
-164
-164
-212
-244
-276
-324
-372
-396
-372
-372
-340
-292
-276
-276
-292
-292
-292
-292
-292
-276
-244
-196
-120
-32
24
96
164
196
260
308
356
356
356
396
428
492
524
620
684
716
716
716
684
652
620
556
524
460
356
308
260
196
164
148
132
112
88
64
64
24
-24
-48
-88
-112
-164
-244
-292
-340
-372
-372
-356
-324
-292
-276
-260
-228
-228
-244
-212
-196
-180
-132
-132
-132
-132
-120
-120
-132
-164
-148
-120
-132
-96
-40
-40
-32
0
0
-8
-24
-40
-48
-80
-56
-16
-8
-16
-8
0
8
0
8
40
24
0
16
-24
-80
-132
-164
-212
-212
-212
-212
-228
-212
-212
-228
-212
-212
-228
-244
-276
-276
-308
-340
-324
-324
-308
-260
-228
-196
-180
-148
-148
-96
-16
8
56
132
228
276
340
396
428
396
428
460
460
492
492
492
492
492
492
492
492
460
428
396
324
276
244
212
180
180
164
164
164
164
164
148
148
120
112
88
88
88
72
32
8
-24
0
48
40
88
96
80
120
132
112
80
64
0
-48
-64
-96
-148
-164
-164
-164
-164
-164
-164
-180
-212
-228
-212
-196
-180
-212
-228
-212
-164
-164
-148
-148
-164
-164
-196
-180
-196
-212
-196
-196
-244
-276
-308
-340
-356
-356
-356
-356
-356
-372
-396
-428
-428
-460
-524
-524
-524
-524
-460
-396
-340
-292
-228
-180
-148
-72
-40
0
48
104
120
180
244
276
324
372
396
396
396
428
460
460
460
492
460
460
396
396
324
276
244
196
164
132
96
88
80
80
132
132
104
88
56
8
0
8
0
40
56
72
96
72
72
104
88
72
132
164
196
228
276
276
260
228
196
164
132
112
56
32
24
-24
-24
-24
0
32
16
40
64
64
96
96
64
64
32
-8
-32
-56
-64
-104
-120
-104
-132
-132
-112
-104
-88
-64
-8
0
-8
-16
-24
-16
-32
-56
-80
-164
-244
-276
-276
-292
-340
-308
-260
-228
-244
-212
-180
-164
-180
-180
-164
-164
-180
-148
-120
-132
-104
-88
-64
-48
-16
8
64
132
180
276
308
308
340
340
324
324
308
228
164
132
104
80
48
32
24
16
24
56
48
40
48
24
-24
-24
-48
-72
-72
-80
-72
-56
-48
-48
-40
-64
-96
-120
-112
-88
-72
-8
0
16
0
-16
-16
-8
-24
-56
-104
-112
-180
-228
-260
-292
-260
-244
-212
-180
-148
-164
-164
-148
-164
-148
-148
-132
-164
-148
-132
-132
-112
-88
-96
-88
-64
-32
8
24
32
24
0
-32
-32
-16
-24
-40
-64
-96
-120
-96
-80
-80
-80
-88
-72
-88
-112
-132
-148
-180
-180
-120
-96
-64
0
32
72
180
244
276
356
428
460
460
492
556
588
620
684
716
684
684
716
652
620
588
556
492
428
396
340
292
228
180
132
80
40
16
0
-24
-40
-48
-88
-96
-132
-180
-228
-292
-324
-356
-356
-340
-292
-292
-276
-228
-196
-180
-148
-180
-196
-228
-308
-324
-340
-324
-324
-292
-308
-324
-324
-308
-244
-180
-132
-120
-104
-88
-88
-80
-80
-96
-104
-104
-96
-96
-88
-96
-104
-64
-32
-24
0
0
-32
-56
-104
-132
-148
-180
-212
-196
-180
-164
-132
-88
-88
-96
-104
-112
-132
-132
-104
-104
-132
-164
-132
-112
-88
-64
-8
32
88
164
244
308
308
372
428
428
460
492
524
556
556
620
684
684
716
716
684
652
652
588
524
524
524
460
428
372
308
228
212
164
148
112
80
32
-16
-40
-56
-72
-80
-88
-104
-148
-212
-260
-276
-324
-356
-372
-396
-396
-396
-340
-276
-212
-212
-196
-196
-212
-244
-260
-260
-324
-372
-396
-428
-428
-396
-396
-372
-356
-308
-308
-292
-244
-260
-308
-308
-308
-324
-324
-324
-292
-260
-276
-292
-276
-260
-260
-276
-276
-292
-308
-308
-308
-292
-292
-308
-308
-308
-292
-276
-260
-228
-196
-180
-148
-132
-132
-132
-132
-132
-96
-64
-8
56
120
212
308
396
524
556
588
652
684
684
684
748
748
812
844
924
924
924
924
924
924
844
780
716
652
588
524
428
372
340
292
244
212
132
32
-40
-132
-180
-180
-196
-212
-228
-244
-260
-292
-292
-292
-308
-340
-372
-372
-356
-356
-340
-292
-244
-212
-180
-148
-104
-96
-40
0
-16
-32
-40
-48
-72
-72
-72
-96
-80
-80
-80
-80
-96
-104
-96
-72
-80
-72
-40
-72
-88
-72
-96
-112
-104
-96
-72
-72
-112
-120
-132
-132
-120
-112
-120
-112
-104
-112
-132
-112
-132
-148
-148
-148
-132
-148
-148
-180
-164
-164
-164
-148
-112
-80
-40
-16
0
48
56
72
120
120
148
164
196
212
228
196
196
212
212
212
228
228
228
244
244
228
212
212
180
132
96
32
24
8
-8
-16
-40
-32
-40
-72
-88
-80
-88
-72
-48
-80
-96
-96
-148
-132
-148
-164
-180
-180
-180
-180
-196
-228
-244
-244
-228
-212
-196
-180
-148
-148
-132
-132
-120
-104
-96
-96
-80
-88
-88
-72
-72
-64
-16
16
24
48
80
88
104
132
148
164
180
228
260
260
260
244
228
260
244
244
244
228
228
228
180
148
120
64
64
40
56
72
72
72
56
24
-8
-24
-48
-80
-96
-96
-96
-80
-64
-16
0
56
104
164
244
260
308
324
324
324
308
276
244
228
228
212
228
228
244
244
244
244
212
180
148
112
72
16
-48
-132
-212
-276
-292
-308
-340
-428
-428
-428
-460
-492
-492
-524
-556
-588
-620
-652
-620
-588
-588
-556
-556
-524
-492
-492
-460
-396
-372
-308
-244
-164
-80
-48
0
40
48
56
96
132
148
180
212
228
228
244
292
356
428
460
460
460
428
372
372
396
396
396
396
396
396
372
356
356
324
260
244
196
148
104
64
48
24
-16
-56
-88
-132
-148
-180
-164
-196
-180
-164
-148
-148
-132
-120
-132
-96
-64
-40
0
32
64
56
80
120
164
228
292
356
372
396
372
372
396
396
396
324
292
276
244
228
212
148
112
72
8
-24
-64
-132
-180
-228
-308
-340
-428
-460
-492
-524
-524
-556
-556
-588
-588
-588
-588
-588
-620
-556
-556
-524
-492
-460
-428
-396
-356
-292
-260
-212
-196
-164
-132
-96
-40
0
56
96
120
148
180
180
196
244
308
340
396
460
460
460
460
428
372
340
356
340
340
356
340
292
260
244
212
196
132
88
16
-40
-80
-120
-132
-180
-212
-228
-228
-228
-228
-228
-228
-228
-244
-244
-244
-228
-212
-212
-180
-148
-104
-40
-16
24
80
120
148
164
212
244
292
356
396
428
396
428
428
396
396
356
340
340
292
260
244
212
