SAMPLES:	7626
BITSPERSAMPLE:	16
CHANNELS:	1
SAMPLERATE:	16000
NORMALIZED:	FALSE
-56
-56
-56
-56
-56
-64
-64
-72
-72
-72
-72
-72
-80
-72
-72
-72
-64
-56
-64
-56
-56
-56
-48
-48
-48
-48
-48
-48
-40
-40
-40
-40
-40
-32
-32
-24
-24
-24
-24
-16
-16
-16
-8
-8
-8
0
0
0
0
0
0
8
16
16
24
32
32
32
32
40
48
48
56
56
56
56
56
56
56
64
72
64
64
72
64
64
72
72
72
72
72
72
72
72
72
72
72
80
72
64
64
56
56
56
48
40
32
32
24
24
16
16
8
0
0
0
0
-8
-8
-16
-16
-16
-16
-16
-16
-24
-24
-24
-24
-32
-32
-32
-40
-48
-48
-48
-56
-56
-64
-64
-64
-56
-56
-56
-56
-64
-56
-56
-48
-56
-56
-48
-48
-40
-40
-40
-40
-40
-40
-40
-32
-32
-32
-24
-24
-24
-24
-16
-8
-8
0
0
0
0
0
0
0
0
0
0
0
0
0
8
8
8
8
8
8
8
24
16
16
16
8
16
8
8
8
8
8
16
16
16
16
16
16
24
32
24
16
8
8
8
8
16
16
16
24
24
24
24
24
24
24
24
16
16
16
16
16
16
24
16
24
24
16
8
0
0
8
0
0
0
0
0
-8
0
0
0
0
0
0
-8
-16
-24
-24
-32
-24
-24
-24
-16
-24
-24
-24
-32
-32
-32
-24
-32
-32
-32
-32
-32
-32
-24
-24
-16
-16
-16
-8
-16
-8
0
0
0
0
0
0
0
8
16
24
16
16
24
32
24
24
24
32
32
40
48
48
40
40
40
40
48
40
48
48
48
48
48
40
40
40
32
32
32
32
32
24
24
24
24
24
24
16
8
8
0
0
0
-8
0
0
0
0
0
-8
-8
-16
-24
-16
-16
-24
-32
-32
-48
-40
-48
-48
-56
-56
-56
-56
-64
-72
-64
-64
-72
-72
-72
-64
-72
-72
-64
-64
-64
-64
-64
-64
-72
-64
-72
-64
-56
-48
-48
-40
-40
-40
-32
-32
-24
-16
-8
0
0
0
0
0
8
16
16
16
24
24
24
32
40
48
48
48
56
48
48
40
40
48
48
48
48
56
56
56
56
64
72
72
72
64
64
56
48
48
40
48
48
48
48
40
40
40
40
40
40
32
32
32
32
24
24
24
24
16
16
24
16
16
16
16
16
16
16
8
8
8
8
0
0
-8
-8
-16
-16
-16
-24
-16
-16
-16
-24
-24
-32
-40
-40
-40
-40
-40
-40
-48
-48
-56
-56
-64
-56
-56
-48
-56
-56
-56
-56
-48
-48
-40
-40
-40
-40
-40
-48
-56
-48
-48
-40
-40
-32
-32
-40
-32
-32
-32
-24
-24
-24
-24
-24
-24
-16
-16
-8
0
0
-8
0
0
0
8
16
8
8
16
16
24
32
32
32
40
48
48
48
48
48
48
40
40
48
48
56
64
56
56
56
48
48
48
48
48
40
48
48
56
48
40
48
40
40
40
32
32
24
16
16
8
0
0
0
0
0
-8
-8
-16
-16
-16
-16
-24
-24
-24
-24
-32
-32
-32
-40
-40
-24
-32
-24
-24
-24
-32
-32
-32
-32
-32
-32
-32
-32
-32
-24
-16
-16
-24
-16
-16
-24
-24
-32
-32
-32
-40
-24
-16
-8
0
0
0
0
8
0
8
8
0
8
0
0
16
16
16
16
16
8
8
0
0
8
16
8
8
8
8
8
8
0
8
8
8
16
8
8
0
8
8
16
16
8
8
0
0
0
0
0
-8
-8
0
-8
-8
0
-8
-8
-8
-16
-8
-8
-8
-8
-8
-8
-8
0
0
0
0
0
0
0
-8
-8
-8
-16
-16
-8
0
0
0
0
0
0
0
0
0
0
0
0
0
0
0
0
0
0
0
0
0
8
8
8
16
16
16
16
16
16
16
8
8
8
16
16
16
24
24
16
16
24
16
24
16
24
24
16
16
16
16
16
24
16
16
16
16
16
16
16
16
16
8
8
8
0
0
0
0
0
0
0
0
-8
-8
-8
0
0
0
0
0
-8
0
-8
-8
-8
0
0
0
0
0
0
-8
-8
-8
-16
-8
-8
-16
-16
-16
-16
-24
-24
-24
-24
-24
-32
-32
-40
-40
-32
-32
-32
-24
-32
-32
-32
-48
-48
-48
-48
-40
-40
-48
-48
-48
-48
-40
-32
-40
-40
-32
-32
-32
-32
-24
-24
-24
-16
-8
-8
-8
-8
-16
-8
-8
0
8
8
8
8
8
16
16
24
32
40
40
40
48
48
48
48
56
48
48
56
56
56
64
64
64
72
64
64
56
64
56
48
48
48
48
40
40
40
40
40
40
32
32
32
32
24
24
16
16
8
16
16
8
8
8
0
0
-8
-8
-8
-8
-8
-8
-8
-16
-16
-16
-24
-16
-24
-32
-24
-24
-24
-24
-24
-24
-32
-40
-40
-40
-40
-48
-40
-48
-40
-32
-32
-24
-32
-32
-40
-40
-48
-48
-48
-48
-48
-48
-40
-48
-40
-32
-32
-24
-24
-24
-16
-16
-24
-24
-24
-16
-8
-8
0
0
8
8
8
8
0
8
0
8
8
16
16
24
32
32
32
32
32
32
32
40
32
24
24
32
32
32
40
40
40
32
40
40
48
48
40
40
32
24
24
16
24
24
24
24
24
24
16
24
24
24
32
24
24
16
8
0
0
0
0
0
0
0
0
-8
-8
-8
-8
-16
-24
-24
-32
-32
-24
-24
-24
-24
-32
-32
-32
-40
-48
-56
-48
-48
-48
-48
-48
-48
-56
-48
-48
-48
-40
-40
-40
-32
-32
-40
-40
-32
-32
-32
-24
-16
-8
-16
-8
-8
-8
0
0
8
0
0
0
8
16
16
24
24
24
24
24
32
32
40
40
48
48
48
40
40
48
48
56
56
56
48
48
56
48
48
40
48
48
48
40
48
40
40
40
32
32
32
24
24
24
16
16
16
16
8
8
0
-8
-8
-8
-16
-8
-8
-8
-8
-16
-24
-32
-40
-32
-32
-40
-40
-40
-48
-48
-48
-48
-48
-48
-48
-40
-48
-56
-64
-64
-64
-64
-56
-56
-56
-56
-56
-56
-48
-48
-40
-40
-32
-40
-32
-40
-40
-32
-32
-24
-24
-16
0
0
0
0
0
8
16
8
8
8
16
24
24
24
24
32
32
32
32
40
32
32
32
32
32
32
24
40
40
32
40
40
40
40
40
40
40
32
32
32
40
40
40
40
40
40
32
32
32
24
24
24
24
24
32
32
32
24
24
16
16
16
8
8
8
0
0
0
0
0
0
0
0
-8
-8
-8
-16
-16
-16
-24
-24
-32
-32
-32
-32
-32
-32
-40
-40
-40
-48
-48
-40
-40
-40
-40
-40
-40
-40
-40
-40
-40
-40
-40
-40
-40
-40
-32
-24
-16
-16
-16
-8
-16
-16
-16
-8
0
0
0
0
0
0
0
0
0
8
8
8
0
8
8
16
16
16
24
16
16
24
24
24
24
32
40
40
32
32
40
40
32
32
32
24
32
32
32
32
24
24
24
24
24
24
16
8
8
0
0
0
0
0
0
0
0
0
-8
-8
-8
0
-8
0
0
0
-8
-8
-16
-24
-16
-16
-8
-8
-8
-8
-8
-16
-24
-16
-16
-16
0
0
-8
0
-8
-24
-32
-24
-32
-24
-16
-8
-8
-8
-16
-24
-24
-24
-16
-8
-8
-8
-8
-8
-16
-16
0
-8
-16
-8
0
0
8
8
0
0
0
0
0
0
0
0
8
16
24
16
24
32
24
24
32
24
24
32
16
32
32
24
32
24
16
24
24
8
8
16
8
8
16
16
16
16
16
32
16
8
0
-8
-8
-8
-8
-8
-8
-8
0
-8
-8
0
-8
-8
0
-8
-24
-24
-32
-32
-32
-32
-32
-32
-40
-56
-48
-40
-32
-16
-8
-16
-16
-16
-16
0
-16
-8
0
-8
-16
-16
-8
-8
-8
0
8
8
16
8
0
0
0
8
8
8
0
0
-8
0
-8
-8
-16
0
-8
-8
-8
0
0
0
0
0
8
8
16
8
8
0
0
0
0
8
8
8
8
0
0
8
16
16
32
32
32
40
40
32
48
48
40
24
32
40
40
48
40
40
48
48
48
48
40
24
24
24
40
40
40
32
32
32
32
24
16
8
0
0
-8
0
8
8
16
24
24
0
0
0
-8
-24
-40
-48
-48
-48
-48
-40
-48
-48
-64
-72
-64
-64
-64
-56
-48
-56
-48
-56
-64
-56
-48
-64
-64
-64
-80
-80
-72
-64
-64
-56
-48
-48
-48
-40
-40
-48
-48
-40
-32
-24
-24
-16
-24
-24
-24
-24
0
0
-8
0
8
8
24
40
48
64
56
48
48
56
56
56
56
56
56
40
56
64
56
56
48
48
56
72
72
72
72
64
64
56
40
24
24
16
16
16
16
16
16
24
16
16
16
16
24
16
32
148
260
308
180
-72
-308
-396
-356
-228
-56
260
492
492
196
-88
-164
48
340
180
-8
32
80
-164
-492
-684
-396
0
8
-308
-524
-428
-244
-292
-396
-428
-276
-260
-340
-396
-340
-88
-16
-32
-72
56
-56
-88
-148
-16
292
396
492
428
620
620
588
460
428
460
308
340
428
524
652
652
556
428
428
396
308
244
308
460
524
276
32
-40
-164
-180
-244
-180
-16
40
-8
-148
-148
-228
-356
-396
-428
-324
-324
-428
-396
-324
-292
-340
-340
-396
-460
-524
-620
-492
-372
-356
-244
-132
-164
-244
-460
-716
-812
-652
-428
-260
80
324
372
148
-180
-524
-844
-780
-524
-8
428
556
396
80
-260
-684
-780
-620
-292
56
324
428
356
132
-80
-148
-212
-40
228
396
428
588
620
460
324
244
212
396
620
780
876
1052
1052
988
924
748
684
588
652
844
1052
1244
1308
1244
988
716
428
308
212
148
24
-40
40
80
64
-72
-148
-260
-492
-748
-1116
-1436
-1564
-1564
-1308
-924
-748
-812
-988
-1308
-1564
-1756
-1820
-1692
-1628
-1372
-1116
-748
-428
-196
-8
-72
-324
-556
-684
-780
-652
-396
0
460
716
924
876
620
492
460
492
324
212
56
0
16
228
524
876
1372
1564
1564
1372
988
196
-460
-556
-492
-64
524
1244
1756
2108
2108
1756
1372
812
308
276
844
1436
1980
2620
3004
3132
3132
2748
2236
1980
1756
1436
1116
924
924
876
716
556
356
196
-180
-748
-1436
-2236
-3004
-3772
-4348
-4604
-4348
-4092
-4092
-4092
-4092
-4092
-4348
-4604
-4860
-5116
-5116
-4604
-4092
-3260
-2620
-1980
-1180
-684
-48
244
212
428
460
716
1052
1564
2108
2748
3260
3388
3644
3644
3516
3260
2748
2364
1820
1180
748
620
620
588
556
396
212
32
-556
-1116
-1564
-2108
-2492
-2492
-2108
-1372
-588
-244
-228
-396
-780
-1116
-1308
-1180
-748
-180
340
748
1052
1116
1116
1180
1436
1756
2108
2620
3132
3772
4092
4604
4860
5116
5116
4860
4860
4604
4604
4604
4348
4092
3772
3644
3004
2748
2492
1820
924
-24
-988
-1820
-2492
-3132
-3516
-3772
-4092
-4604
-4604
-4860
-5116
-5372
-5884
-6140
-6396
-6652
-6396
-6140
-5628
-5372
-4860
-4348
-3772
-3260
-2876
-2492
-2108
-1756
-812
876
1372
2236
2876
3260
3772
3516
3900
3772
4604
4092
3516
3644
3388
3900
3516
3388
3132
2748
1756
620
460
-196
-876
-1980
-2748
-2620
-2748
-2876
-2748
-2492
-2748
-3132
-3644
-3516
-3260
-3132
-3260
-3004
-2492
-2492
-1980
-1820
-1244
-780
-684
-396
-148
372
244
428
844
1564
2364
3132
4348
5372
6396
6908
6908
6652
6396
6140
5884
5628
5628
5628
5628
5884
5884
5884
5628
5116
4604
3644
2492
1180
88
-876
-1820
-2364
-2876
-3132
-3516
-4092
-4348
-4604
-5116
-5884
-6396
-6908
-7420
-7676
-7676
-7420
-7164
-6908
-6396
-5628
-5116
-4860
-4348
-4092
-3644
-3388
-2876
-2108
-1052
24
1308
2876
4092
4860
5116
5372
5372
5116
4860
4604
4604
4604
4348
4092
3900
3900
3644
3260
2748
2236
1116
-340
-1500
-2236
-2748
-3516
-4348
-4348
-4604
-4604
-4604
-4348
-3900
-3900
-4092
-4092
-3900
-3772
-3900
-3900
-3644
-3260
-2748
-2108
-1180
-324
356
876
1180
1564
1756
1884
2364
3132
3900
4604
5628
6908
7932
8316
8316
8316
8316
7932
7420
6908
6652
6652
6140
5884
5372
5372
5372
4860
4092
3260
2108
780
-372
-1308
-2492
-3644
-4604
-5116
-5628
-5884
-6140
-6396
-6652
-7164
-7676
-8316
-8316
-8316
-8828
-8828
-8828
-8316
-7676
-6908
-6140
-5628
-4860
-4092
-3516
-2748
-1980
-1180
-396
372
1180
2108
3644
5116
5372
6140
6396
6652
6140
5884
5884
5372
5372
4092
3772
3388
3132
2748
2108
1980
1308
684
-684
-1244
-1692
-2748
-3772
-4860
-4860
-5116
-5372
-5372
-4860
-4604
-4348
-4092
-3516
-2876
-2748
-2876
-2876
-2364
-2236
-1820
-1180
-620
132
556
1180
1884
2620
3132
3260
4092
4348
4860
5372
5884
7164
7932
7932
8316
8316
8316
7932
7676
7164
6652
6396
5884
5372
4860
4348
4348
4092
3516
2876
1884
988
8
-988
-2364
-3516
-4604
-5372
-6140
-6652
-7164
-7164
-7164
-7676
-7676
-7932
-7932
-7932
-8316
-8316
-8316
-8316
-7932
-7164
-6652
-6140
-5116
-4348
-3516
-2748
-1980
-988
-24
716
1372
2236
2876
4092
5116
5372
6396
6396
6396
6140
5884
5628
5116
5116
4092
3644
3132
2364
2108
1500
1180
556
-8
-844
-1308
-1820
-2876
-3516
-4348
-4604
-4860
-5116
-5116
-4860
-4604
-4604
-4092
-3644
-3132
-2748
-2492
-2364
-1884
-1628
-1308
-716
-428
104
556
1116
1820
2492
3004
3260
3900
4092
4348
4604
5116
5628
5884
6652
6908
7164
7420
7164
7164
6908
6396
5884
5372
5372
4860
4348
3900
3516
3388
2876
2236
1692
924
0
-1116
-2108
-3004
-4092
-4860
-5628
-6140
-6652
-6908
-7164
-7164
-7164
-7164
-7420
-7164
-7420
-7420
-7420
-7164
-6908
-6908
-6396
-5628
-4860
-3900
-3260
-2364
-1500
-588
212
876
1628
2236
2876
3388
4604
5628
5628
6140
5884
5884
5628
5116
4860
4348
4092
3004
2748
2364
1884
1628
924
684
148
-356
-1244
-1628
-2108
-3132
-3772
-4348
-4604
-4860
-4860
-4860
-4348
-4348
-4092
-3644
-3132
-2620
-2364
-2364
-2236
-1628
-1500
-1180
-460
-88
428
924
1436
1980
2492
2876
3004
3260
3388
3644
3772
4092
4604
5116
5372
6140
6652
6908
6908
6652
6652
6140
5884
5372
5372
5116
4348
4092
3772
3516
3516
3132
2748
2108
1244
244
-684
-1500
-2492
-3388
-4348
-5116
-5372
-5884
-6140
-6396
-6652
-6908
-7164
-7164
-7164
-7164
-7164
-7420
-7164
-6908
-6652
-6140
-5884
-5116
-4604
-4092
-3516
-2620
-1980
-1436
-716
-24
620
1756
3004
3516
4348
4604
4604
4604
4604
4604
4092
4092
3516
3004
2876
2748
2620
2108
1884
1564
1308
780
260
-80
-924
-1756
-2492
-3004
-3132
-3388
-3388
-3260
-3132
-3004
-2748
-2364
-1884
-1628
-1500
-1436
-1180
-924
-748
-396
-112
228
428
876
1436
1980
2236
2364
2620
2748
3004
3004
3260
3388
3644
3772
4092
4604
5628
6140
6396
6396
6396
6140
5884
5884
5628
5372
5372
4860
4604
4348
4092
3772
3388
2748
2108
1244
556
-196
-1052
-1980
-2748
-3516
-4348
-5116
-5628
-6140
-6396
-6908
-7164
-7420
-7676
-7676
-7932
-7932
-7932
-7676
-7164
-6908
-6652
-6396
-6140
-5628
-5116
-4604
-4092
-3388
-2620
-1884
-924
120
1372
2748
3388
4348
4604
5116
5372
5116
5116
4860
4604
3900
3516
3388
3260
3132
2620
2620
2492
2236
1820
1308
812
80
-748
-1564
-1980
-2236
-2620
-3004
-3004
-3004
-2876
-2620
-2364
-1820
-1628
-1564
-1436
-988
-780
-620
-428
-372
-196
-148
48
460
844
1116
1244
1500
1884
2108
2364
2620
3004
3260
3132
3516
3772
4092
4604
5116
5372
5628
5628
5628
5884
5884
5628
5628
5628
5628
5116
4860
4348
3900
3388
2748
2236
1692
988
244
-372
-988
-1564
-2236
-3004
-3772
-4604
-5372
-5884
-6652
-6908
-7420
-7676
-7932
-7932
-7676
-7676
-7420
-7164
-6908
-6652
-6396
-6140
-5628
-5372
-5116
-4604
-3900
-3260
-2492
-1500
-524
460
1756
2876
3516
4348
4604
4860
4860
4604
4604
4092
4092
3516
3260
3132
2876
2748
2492
2492
2492
2108
1692
1244
988
396
-196
-812
-1372
-1692
-2236
-2620
-2620
-2620
-2492
-2492
-2236
-1980
-1564
-1372
-1180
-684
-556
-524
-396
-460
-276
-356
-244
32
340
652
924
1372
1692
2108
2492
2620
3132
3388
3260
3516
3644
3772
3900
4348
4860
5116
5628
5628
6140
6396
6396
6396
6140
6140
5628
5116
4604
3900
3516
2876
2108
1436
652
72
-588
-1052
-1628
-2364
-3004
-3772
-4348
-5116
-5884
-6396
-7164
-7676
-8316
-8316
-8316
-8316
-8316
-8316
-7676
-7164
-6908
-6396
-6140
-5884
-5372
-5116
-4604
-4092
-3388
-2876
-2236
-1244
-276
716
2108
3132
3900
4604
5116
5372
5372
5372
5116
5116
4604
4092
3644
3388
3004
2748
2620
2620
2620
2620
2364
2364
2108
1564
1052
340
-324
-844
-1564
-2108
-2364
-2620
-2748
-2492
-2236
-1820
-1500
-1308
-988
-588
-460
-228
-56
-104
-260
-340
-228
-80
164
324
524
988
1372
1884
2364
2748
3260
3388
3516
3644
3900
4092
4092
4348
4604
4604
4860
4860
5116
5372
5372
5372
5372
5372
5116
4860
4348
3772
3260
2492
1756
1052
292
-356
-988
-1628
-2236
-2876
-3516
-4092
-4860
-5372
-5884
-6396
-6908
-7420
-7676
-8316
-8316
-8316
-8316
-8316
-7676
-7420
-7164
-6652
-6140
-5628
-5116
-4604
-4092
-3516
-3004
-2364
-1692
-988
-180
988
2236
2876
3900
4604
4860
5372
5372
5372
5116
5116
4860
4348
4092
3772
3644
3388
3260
3260
3132
3004
2748
2620
2236
1756
1180
556
-8
-748
-1436
-1820
-2236
-2492
-2620
-2620
-2364
-2108
-1692
-1436
-988
-652
-524
-324
-340
-324
-324
-292
-164
-104
8
64
396
844
1244
1820
2236
2876
3388
3516
3772
3772
3900
3772
3900
4092
4348
4348
4604
4860
4860
5116
5628
5884
5884
5884
5628
5372
4860
4092
3516
2748
1980
924
180
-652
-1372
-1884
-2492
-3004
-3516
-3900
-4604
-4860
-5372
-6140
-6652
-7164
-7676
-8316
-8316
-8828
-8828
-8828
-8316
-7932
-7420
-6908
-6396
-5884
-5372
-4860
-4092
-3644
-3004
-2620
-1820
-988
-80
620
1628
2492
3132
3900
4604
5116
5628
5628
5628
5628
5628
5372
5116
4604
4348
4348
3772
3516
3260
3004
2620
2364
1980
1692
1372
844
308
-96
-716
-1308
-1756
-2108
-2364
-2620
-2620
-2620
-2364
-2236
-2108
-1756
-1628
-1436
-1372
-1308
-1180
-988
-844
-748
-492
-276
-72
276
652
1180
1692
2108
2492
2876
3004
3132
3260
3388
3388
3516
3772
4092
4860
4860
5372
5628
6140
6396
6396
6396
6396
6140
5628
4860
4092
3388
2748
2108
1244
588
-80
-780
-1244
-1756
-2364
-2876
-3516
-4092
-4860
-5628
-6396
-6908
-7420
-8316
-8316
-8828
-8828
-8828
-8828
-8316
-7932
-7420
-6908
-6396
-5884
-5372
-4860
-4348
-3772
-3132
-2620
-1820
-1052
-324
524
1372
2620
3644
4348
5372
5884
6140
6396
6396
6396
6140
5884
5116
4604
4604
4092
3772
3388
3388
3260
3132
3004
2748
2620
1884
1244
588
-308
-988
-1980
-2748
-3260
-3772
-4092
-4092
-3900
-3644
-3260
-3004
-2748
-2236
-2108
-1820
-1500
-1436
-1308
-1372
-1244
-1116
-988
-716
-524
104
684
1308
2108
2748
3516
3900
4092
4604
4860
4860
4604
4604
4860
4860
5116
5116
5372
5628
5628
5884
6140
6140
6140
5884
5628
4860
4092
3260
2236
1308
212
-588
-1436
-2108
-2620
-3388
-3900
-4348
-4860
-5372
-5884
-6140
-6908
-7420
-7932
-8316
-8316
-8828
-8828
-8316
-8316
-8316
-7676
-7164
-6140
-5628
-4860
-4092
-3388
-2620
-1980
-1180
-428
340
924
1564
2364
3132
3772
4348
5116
5628
5884
6396
6396
6652
6652
6396
6140
5628
5372
5116
4348
3900
3388
2876
2236
1756
1372
844
460
-56
-620
-1116
-1692
-2236
-2748
-3260
-3644
-4092
-4348
-4348
-4348
-4348
-4092
-3900
-3772
-3388
-3132
-2748
-2364
-1980
-1500
-1116
-652
-180
228
748
1244
1820
2236
2748
3260
3516
3772
4092
4348
4604
4604
4860
5116
5116
5372
5372
5628
5884
5884
6140
5884
5628
5628
5372
5116
4604
4092
3516
2748
1980
1308
492
-148
-876
-1564
-2108
-2748
-3260
-3900
-4348
-5116
-5628
-5884
-6396
-6908
-7420
-7676
-7932
-8316
-8316
-7932
-7676
-7164
-6908
-6396
-5884
-5116
-4604
-4092
-3516
-3004
-2492
-1884
-1308
-556
96
716
1372
1980
2748
3260
3772
4348
4604
4860
5116
5116
5372
5116
5116
4860
4604
4348
4092
3644
3132
2748
2236
1820
1308
988
684
276
-72
-524
-988
-1500
-1980
-2364
-2876
-3132
-3388
-3516
-3516
-3516
-3388
-3260
-3004
-2620
-2236
-1820
-1500
-1180
-924
-652
-276
80
460
924
1308
1756
2108
2620
3132
3516
3900
4092
4348
4348
4604
4604
4604
4604
4604
4604
4604
4860
4860
4860
4860
4860
4860
4604
4348
4348
3772
3260
2748
2236
1628
924
276
-396
-1116
-1820
-2492
-3004
-3516
-3900
-4348
-4860
-5116
-5372
-5628
-5884
-6140
-6396
-6652
-6652
-6908
-6908
-6652
-6396
-6140
-5884
-5372
-4860
-4092
-3516
-2876
-2236
-1692
-1180
-684
-196
228
556
876
1244
1564
2108
2492
3004
3388
3644
3900
4092
4348
4348
4092
4092
3900
3644
3388
3132
2748
2236
1884
1372
988
620
120
-324
-716
-1116
-1500
-1820
-1980
-2236
-2492
-2748
-3004
-3260
-3388
-3516
-3516
-3516
-3388
-3132
-2876
-2492
-2108
-1628
-1116
-620
-88
428
844
1180
1564
1884
2236
2620
3004
3388
3644
4092
4348
4604
4604
4860
4860
5116
4860
4860
4860
4604
4604
4348
4348
4348
4092
3900
3644
3260
3004
2620
2236
1884
1372
924
356
-120
-620
-1180
-1692
-2236
-2748
-3132
-3644
-3900
-4348
-4604
-4860
-4860
-5116
-5116
-5116
-5116
-5372
-5372
-5372
-5372
-5372
-5116
-5116
-4860
-4604
-4348
-3772
-3260
-2748
-2236
-1756
-1308
-780
-340
56
588
812
1180
1436
1692
1980
2364
2748
2876
3132
3388
3388
3644
3644
3644
3644
3388
3132
2748
2364
1884
1372
876
428
112
-292
-588
-924
-1372
-1628
-1980
-2108
-2364
-2492
-2620
-2748
-2620
-2748
-2748
-2620
-2492
-2364
-2236
-1884
-1500
-1052
-652
-308
164
620
1052
1500
1820
2108
2492
2748
3004
3260
3388
3644
3772
3772
3900
4092
4092
4092
4092
4092
3900
3772
3644
3516
3260
3132
3004
2876
2748
2620
2492
2236
2108
1756
1436
1052
652
244
-228
-652
-1116
-1564
-1980
-2364
-2748
-2876
-3260
-3388
-3644
-3772
-4092
-4092
-4348
-4604
-4604
-4860
-4860
-4860
-5116
-4860
-4860
-4860
-4348
-4092
-3772
-3260
-2876
-2492
-2108
-1692
-1244
-748
-428
0
356
620
924
1244
1500
1756
2108
2236
2492
2620
2748
2748
2876
2876
2876
2876
2620
2364
2108
1756
1308
924
460
16
-428
-780
-1116
-1436
-1692
-1820
-1980
-2108
-2236
-2364
-2492
-2492
-2492
-2492
-2364
-2236
-2108
-1884
-1564
-1180
-716
-292
112
492
812
1180
1436
1820
2236
2620
3004
3260
3772
4092
4092
4348
4348
4348
4348
4348
4348
4092
4092
3900
3644
3388
3132
3004
2748
2620
2492
2492
2364
2236
1980
1820
1564
1372
1052
812
460
104
-292
-716
-1116
-1500
-1820
-2236
-2492
-2748
-3004
-3132
-3388
-3388
-3516
-3772
-3900
-4092
-4348
-4348
-4604
-4604
-4860
-4604
-4604
-4348
-4092
-3900
-3644
-3260
-3004
-2492
-2236
-1980
-1692
-1308
-1052
-812
-492
-308
-8
260
556
812
1180
1564
1756
2108
2236
2364
2492
2364
2364
2236
1980
1756
1500
1308
924
588
260
-16
-260
-524
-844
-1052
-1308
-1500
-1564
-1564
-1564
-1564
-1564
-1564
-1436
-1372
-1244
-1180
-1052
-924
-716
-356
40
396
748
1052
1500
1820
2236
2492
2748
3004
3132
3260
3388
3388
3516
3644
3644
3772
3772
3772
3644
3644
3516
3132
3004
2876
2620
2364
2108
1884
1692
1628
1500
1436
1308
1244
1052
924
748
524
292
56
-164
-396
-652
-924
-1180
-1436
-1628
-1980
-2236
-2364
-2620
-2876
-3004
-3260
-3388
-3516
-3644
-3772
-3772
-3900
-3900
-4092
-4092
-4092
-3900
-3900
-3772
-3644
-3516
-3388
-3132
-2876
-2492
-2236
-1820
-1372
-1116
-748
-396
-96
244
556
876
1116
1308
1436
1628
1756
1884
1980
1980
1980
1884
1820
1628
1500
1308
1052
844
684
492
276
132
-56
-212
-396
-620
-748
-876
-924
-1052
-1116
-988
-844
-652
-492
-308
-104
16
180
372
524
588
812
1052
1244
1564
1884
2236
2492
2876
3132
3388
3516
3644
3516
3516
3516
3388
3260
3132
3004
2748
2492
2236
1980
1820
1628
1436
1244
1116
1052
1052
1052
1052
924
844
684
492
372
80
-196
-428
-684
-924
-1116
-1244
-1372
-1564
-1756
-1980
-2108
-2364
-2620
-2876
-3132
-3260
-3516
-3644
-3644
-3772
-3772
-3772
-3772
-3772
-3772
-3772
-3772
-3644
-3516
-3388
-3260
-3004
-2748
-2492
-2236
-1820
-1500
-1180
-812
-556
-212
32
292
588
812
1116
1308
1564
1756
1884
1980
1980
1980
1980
1980
1884
1692
1628
1500
1436
1308
1180
1052
748
492
244
16
-164
-324
-428
-524
-524
-460
-428
-324
-228
-164
-80
16
180
292
428
620
748
988
1116
1372
1628
1820
1980
2108
2364
2364
2492
2620
2748
2748
2620
2620
2492
2364
2236
1980
1884
1820
1692
1564
1564
1500
1372
1244
1116
988
924
876
780
716
684
652
588
556
524
460
276
112
-104
-372
-684
-1052
-1308
-1564
-1820
-1980
-2236
-2364
-2492
-2620
-2748
-2748
-2876
-3004
-3132
-3132
-3260
-3260
-3388
-3388
-3388
-3516
-3516
-3388
-3260
-3132
-3004
-2876
-2620
-2236
-1980
-1564
-1244
-876
-556
-164
112
324
492
620
748
876
1052
1180
1308
1372
1500
1564
1628
1692
1628
1564
1500
1308
1180
924
716
460
196
0
-180
-356
-492
-524
-492
-460
-428
-308
-180
-96
0
48
96
132
228
276
340
428
492
620
748
924
1052
1244
1436
1628
1884
2108
2236
2364
2492
2492
2492
2492
2364
2364
2236
2108
1980
1884
1756
1628
1500
1436
1372
1244
1180
1180
1180
1052
988
924
812
716
620
492
356
180
0
-132
-260
-324
-428
-556
-716
-876
-1052
-1244
-1372
-1500
-1692
-1820
-1980
-1980
-2108
-2236
-2364
-2364
-2492
-2492
-2620
-2620
-2748
-2748
-2876
-2876
-2748
-2748
-2620
-2492
-2364
-2108
-1980
-1692
-1436
-1244
-1116
-924
-716
-492
-324
-164
8
212
428
524
652
748
812
876
924
988
988
876
844
748
620
492
396
260
120
24
-48
-148
-180
-244
-260
-244
-180
-96
-80
-80
-80
-48
-88
-72
-48
-48
32
196
396
588
812
1052
1244
1500
1692
1884
2108
2236
2364
2492
2492
2492
2492
2492
2492
2364
2236
2236
2236
2108
2108
1980
1884
1756
1692
1500
1372
1308
1116
1052
924
844
748
716
684
620
556
460
356
228
96
-24
-228
-460
-652
-876
-1052
-1180
-1308
-1436
-1564
-1692
-1884
-1980
-2108
-2108
-2236
-2364
-2492
-2492
-2748
-2876
-3004
-3132
-3132
-3132
-3132
-3132
-3004
-2748
-2620
-2492
-2236
-2108
-1820
-1628
-1372
-1180
-924
-684
-524
-324
-228
-96
0
164
292
396
524
620
716
780
812
844
812
748
684
652
524
428
308
132
-16
-132
-132
-132
-112
-120
-104
-104
-40
24
88
164
228
308
396
492
524
652
748
876
1116
1372
1564
1820
2108
2236
2492
2620
2748
2748
2876
2748
2748
2620
2620
2620
2492
2364
2236
2236
2108
1980
1820
1692
1564
1372
1244
1052
924
748
588
460
372
260
164
40
-56
-180
-308
-428
-524
-620
-716
-844
-924
-1052
-1244
-1372
-1436
-1564
-1628
-1692
-1756
-1820
-1980
-1980
-2108
-2108
-2108
-2236
-2236
-2236
-2364
-2364
-2364
-2364
-2364
-2236
-2236
-2108
-2108
-1980
-1884
-1820
-1628
-1500
-1308
-1180
-1052
-924
-844
-748
-684
-588
-492
-356
-260
-148
-24
48
112
132
148
228
292
292
356
372
396
396
428
396
356
356
340
340
356
340
356
396
460
556
652
748
812
924
1116
1244
1372
1500
1564
1628
1692
1820
1884
2108
2108
2108
2236
2236
2236
2236
2236
2108
1980
1980
1820
1692
1564
1372
1244
1052
924
748
620
492
396
372
308
244
196
164
120
112
148
132
112
72
-88
-260
-396
-620
-812
-924
-1052
-1052
-1116
-1116
-1052
-1116
-1052
-1052
-1116
-1180
-1180
-1308
-1372
-1436
-1500
-1564
-1564
-1628
-1628
-1692
-1692
-1692
-1692
-1692
-1692
-1692
-1692
-1628
-1500
-1436
-1308
-1244
-1116
-1052
-1052
-924
-812
-748
-652
-588
-492
-372
-292
-244
-196
-120
-64
0
72
80
104
164
228
244
276
276
276
308
356
460
556
620
652
748
876
924
1116
1180
1308
1436
1500
1628
1692
1756
1756
1756
1756
1756
1692
1628
1628
1628
1500
1436
1436
1308
1308
1244
1244
1180
1052
924
844
652
492
308
148
-48
-180
-276
-324
-276
-244
-196
-196
-148
-24
48
0
-24
-48
-132
-212
-244
-340
-396
-396
-460
-492
-492
-492
-492
-492
-460
-460
-460
-428
-460
-460
-556
-620
-684
-812
-876
-988
-1180
-1244
-1308
-1372
-1372
-1308
-1244
-1180
-1116
-1116
-1052
-1116
-1116
-1180
-1244
-1308
-1308
-1372
-1372
-1244
-1244
-1116
-988
-924
-780
-620
-492
-428
-324
-228
-212
-196
-88
-56
56
164
196
308
460
620
812
988
1116
1244
1308
1372
1372
1436
1500
1564
1564
1500
1436
1372
1308
1244
1180
1116
1116
1116
1116
1052
988
924
844
844
748
652
556
396
340
196
112
48
-8
-64
-80
-96
-56
0
80
148
212
228
228
260
244
244
164
120
80
56
88
148
244
340
372
460
460
428
428
396
356
260
196
164
88
-40
-132
-212
-356
-460
-524
-588
-748
-844
-988
-1116
-1180
-1244
-1244
-1308
-1308
-1372
-1436
-1436
-1500
-1564
-1628
-1692
-1692
-1692
-1756
-1756
-1692
-1628
-1500
-1372
-1308
-1116
-988
-844
-716
-620
-492
-356
-228
-72
56
180
308
396
524
652
748
876
988
1180
1308
1436
1564
1628
1628
1692
1692
1628
1628
1564
1436
1372
1244
1116
1052
924
812
716
652
556
492
396
356
292
196
56
-72
-196
-276
-340
-396
-428
-396
-396
-324
-244
-180
-72
24
104
196
260
276
276
228
196
180
196
260
260
308
340
396
460
524
588
652
684
652
588
556
492
396
340
180
48
-96
-244
-372
-492
-492
-556
-652
-684
-716
-780
-812
-844
-844
-844
-876
-924
-988
-1052
-1180
-1244
-1308
-1244
-1244
-1180
-1116
-1052
-988
-876
-812
-684
-620
-556
-492
-428
-428
-324
-276
-196
-120
-48
56
196
324
428
524
588
620
684
716
780
844
876
924
924
988
924
924
876
780
748
716
620
588
556
524
492
460
428
396
356
260
196
120
8
-40
-88
-164
-276
-372
-492
-556
-588
-588
-556
-524
-492
-460
-396
-340
-244
-164
-104
-8
24
104
164
196
228
324
372
428
460
460
428
428
428
460
460
492
556
524
524
492
428
340
244
148
48
-64
-120
-228
-324
-428
-492
-556
-588
-620
-652
-652
-620
-620
-652
-684
-716
-780
-780
-748
-716
-684
-652
-588
-492
-460
-396
-356
-308
-260
-212
-148
-104
-40
40
120
196
260
324
396
396
396
396
396
428
428
428
460
492
460
460
460
428
396
356
292
244
196
196
196
196
180
196
228
244
196
212
212
180
180
148
96
56
72
64
80
88
96
148
180
180
164
132
56
-32
-88
-148
-212
-244
-228
-212
-196
-88
8
80
132
180
196
196
132
96
80
24
16
40
88
80
56
48
24
0
24
24
0
-40
-104
-164
-196
-244
-292
-340
-396
-492
-524
-524
-556
-588
-588
-588
-620
-588
-588
-556
-492
-492
-524
-524
-556
-524
-492
-524
-460
-356
-244
-112
48
132
276
396
460
556
620
652
652
684
684
684
652
684
684
652
652
588
556
524
492
460
396
356
212
88
-8
-120
-244
-308
-372
-396
-396
-372
-340
-324
-308
-276
-244
-276
-276
-276
-292
-292
-308
-308
-260
-212
-180
-120
-104
-120
-88
-56
-64
-72
-48
-80
-104
-64
0
40
64
96
120
96
104
80
72
72
64
112
148
132
212
292
324
356
372
324
244
228
180
148
132
148
164
212
260
260
276
228
180
96
32
0
0
-40
-132
-164
-212
-228
-244
-228
-228
-212
-196
-180
-164
-148
-132
-148
-148
-88
-24
48
120
148
228
292
372
492
588
620
620
588
588
524
524
588
652
652
684
684
652
620
556
428
340
244
120
0
-112
-244
-356
-428
-492
-492
-460
-460
-460
-428
-428
-428
-428
-460
-524
-588
-652
-716
-716
-748
-780
-780
-748
-716
-652
-556
-492
-460
-396
-356
-324
-244
-196
-148
-164
-180
-212
-228
-212
-244
-292
-308
-340
-356
-356
-292
-228
-196
-148
-96
-72
-40
-8
-32
-56
-96
-164
-148
-148
-196
-196
-212
-180
-132
-80
0
32
16
8
16
64
96
148
148
132
132
164
228
228
228
212
196
228
292
340
428
492
524
556
556
556
588
652
652
684
748
748
716
716
748
780
844
924
988
988
1052
1052
1052
988
988
924
812
684
556
428
340
276
196
104
-8
-96
-164
-212
-276
-356
-396
-428
-492
-492
-492
-524
-556
-620
-652
-684
-684
-684
-684
-716
-748
-780
-748
-620
-524
-428
-308
-276
-244
-228
-212
-212
-244
-276
-340
-372
-396
-356
-292
-244
-148
-104
-80
-64
-64
-80
-132
-180
-180
-244
-244
-260
-276
-308
-308
-308
-292
-228
-212
-180
-148
-132
-112
-96
-56
-32
-72
-112
-148
-148
-148
-96
-88
-80
-56
-48
-24
16
48
112
148
196
260
276
276
212
196
180
164
196
260
276
260
324
372
396
428
492
524
588
620
652
684
684
652
620
556
492
492
460
460
396
340
276
196
104
0
-80
-164
-244
-308
-356
-396
-428
-460
-460
-460
-428
-396
-428
-428
-428
-460
-460
-428
-396
-396
-340
-308
-260
-228
-180
-112
-24
56
104
164
196
244
276
292
260
228
180
112
56
8
32
48
40
16
24
72
88
104
148
164
164
120
40
-40
-148
-212
-308
-396
-428
-428
-428
-372
-324
-308
-244
-228
-228
-228
-260
-260
-244
-180
-104
-32
0
0
0
16
16
48
148
228
324
396
460
460
492
492
492
524
556
492
460
428
428
460
492
524
556
556
524
524
492
460
460
492
492
460
396
340
260
148
120
40
0
-16
-72
-132
-180
-244
-324
-428
-460
-524
-652
-684
-684
-716
-716
-684
-684
-652
-652
-652
-588
-588
-556
-556
-588
-556
-524
-556
-556
-524
-492
-396
-324
-228
-132
-48
0
0
32
48
80
72
32
56
40
56
56
56
56
40
48
48
16
32
96
64
32
32
16
0
-8
-8
8
0
0
-24
-24
0
-8
-24
-24
-16
-16
0
40
40
64
112
164
228
260
324
340
340
324
340
340
324
340
308
260
260
292
308
340
372
396
396
396
396
396
372
396
396
428
492
524
556
588
556
524
460
428
356
324
324
324
308
308
324
308
244
132
40
-16
-112
-180
-260
-356
-396
-428
-460
-460
-492
-492
-460
-460
-460
-460
-460
-428
-460
-492
-492
-524
-556
-556
-588
-556
-460
-428
-340
-228
-164
-120
-56
-8
-16
-24
-8
-8
-24
-64
-80
-80
-64
-56
-72
-72
-56
-72
-72
0
0
-32
-48
-56
-112
-148
-196
-228
-260
-260
-260
-276
-292
-260
-308
-356
-372
-396
-396
-396
-396
-340
-308
-244
-212
-196
-164
-148
-132
-120
-80
-24
-32
8
72
104
132
180
228
244
276
340
428
524
588
620
716
812
924
924
924
988
988
988
924
924
924
924
924
924
876
844
812
748
620
556
460
340
228
180
96
-24
-132
-212
-324
-356
-396
-460
-428
-460
-460
-524
-524
-556
-556
-588
-620
-620
-652
-652
-652
-588
-556
-524
-524
-428
-372
-324
-276
-212
-196
-132
-48
0
16
32
96
148
164
180
196
148
96
56
40
32
64
72
64
56
56
48
-8
-40
-96
-132
-212
-276
-340
-396
-396
-460
-428
-396
-428
-428
-460
-492
-492
-524
-524
-524
-492
-492
-460
-428
-396
-356
-308
-276
-244
-180
-164
-132
-80
-64
-16
16
104
164
228
308
396
428
492
492
524
524
524
588
652
716
780
812
844
844
844
844
812
812
716
620
556
460
396
324
340
324
308
228
164
112
0
-104
-164
-244
-276
-276
-324
-340
-340
-356
-396
-396
-396
-372
-356
-308
-324
-324
-340
-308
-228
-164
-88
8
104
148
196
244
276
276
292
324
340
396
396
428
428
428
396
356
324
260
180
132
148
132
120
104
88
32
-48
-148
-212
-276
-324
-356
-428
-460
-460
-524
-524
-460
-460
-492
-492
-492
-492
-492
-492
-524
-556
-588
-652
-652
-684
-684
-652
-620
-524
-460
-396
-340
-308
-244
-228
-148
-96
-32
-16
0
56
96
132
212
276
308
372
396
460
492
524
588
620
620
556
492
428
356
292
244
244
228
228
212
164
120
72
32
-8
-8
8
-8
-16
-56
-72
-96
-120
-164
-180
-212
-228
-260
-228
-164
-96
-40
8
56
64
80
96
112
96
148
180
180
196
212
228
260
324
372
356
396
428
396
396
372
340
324
308
308
340
324
276
244
212
212
212
196
180
112
48
32
-8
-72
-104
-132
-180
-196
-196
-244
-276
-308
-340
-340
-356
-356
-372
-428
-492
-524
-524
-524
-556
-524
-492
-492
-460
-460
-396
-372
-324
-324
-292
-260
-228
-212
-164
-132
-120
-80
-24
24
96
132
148
164
180
164
164
212
244
292
324
340
372
340
324
340
356
356
308
324
308
260
260
228
180
148
112
48
-24
-132
-228
-276
-340
-372
-396
-356
-340
-324
-292
-260
-244
-228
-180
-164
-148
-132
-80
-24
0
48
120
180
196
228
244
260
292
292
292
324
324
308
324
372
396
428
428
428
396
396
372
324
292
276
276
228
196
180
132
88
32
-16
-120
-180
-212
-292
-372
-396
-492
-524
-524
-556
-588
-620
-652
-684
-716
-748
-748
-716
-684
-684
-684
-652
-620
-556
-492
-460
-396
-308
-260
-164
-72
-16
40
112
164
212
292
340
372
396
428
492
556
620
652
716
748
748
780
812
780
780
748
716
652
652
588
556
492
428
340
260
164
80
0
-80
-148
-180
-244
-292
-340
-396
-460
-460
-492
-524
-524
-492
-492
-460
-428
-396
-356
-324
-228
-148
-48
48
80
132
180
212
212
228
276
292
340
372
396
428
524
524
556
588
620
556
556
556
524
460
396
324
276
212
132
72
8
-32
-96
-164
-196
-244
-340
-396
-460
-556
-652
-748
-812
-876
-924
-924
-988
-988
-1052
-1052
-1052
-1116
-1116
-1052
-1052
-988
-924
-876
-812
-716
-620
-492
-396
-308
-244
-132
-16
48
132
180
260
276
356
428
524
620
716
812
844
876
876
876
876
876
876
844
812
780
780
716
684
620
556
492
396
324
292
212
148
112
72
24
-24
-64
-120
-148
-196
-260
-308
-340
-356
-372
-372
-276
-196
-96
-16
40
88
132
180
212
212
228
244
260
308
308
308
324
324
340
396
460
524
492
492
492
492
460
460
428
372
396
372
308
260
180
88
0
-104
-180
-244
-292
-340
-396
-460
-492
-588
-652
-748
-812
-924
-988
-1052
-1116
-1116
-1180
-1180
-1180
-1180
-1116
-1052
-1052
-924
-924
-780
-716
-652
-556
-492
-460
-428
-340
-228
-120
-16
104
228
340
428
524
556
620
652
684
748
748
748
780
780
780
812
844
780
716
684
620
556
492
460
460
396
324
244
212
132
80
56
16
-48
-132
-180
-244
-308
-340
-396
-372
-292
-292
-228
-196
-164
-132
-96
-64
-40
-40
-64
-64
-40
0
24
96
104
164
244
308
372
396
428
396
396
428
428
460
524
556
588
588
588
588
556
492
396
356
292
212
148
132
72
0
-24
-88
-180
-212
-276
-356
-460
-492
-556
-588
-588
-620
-652
-684
-684
-716
-684
-684
-716
-748
-748
-748
-684
-620
-556
-524
-460
-396
-356
-292
-228
-164
-112
-88
-40
16
96
164
244
324
372
396
396
372
396
372
324
324
308
324
324
292
308
276
276
276
292
260
212
148
96
24
0
-40
-56
-80
-88
-104
-120
-132
-148
-132
-148
-112
-132
-148
-148
-132
-164
-120
-80
-40
-8
0
8
16
32
24
40
72
96
132
148
212
212
244
292
292
340
340
340
356
372
308
276
260
260
244
244
244
212
244
260
228
228
180
104
8
-56
-104
-164
-212
-228
-260
-276
-324
-340
-396
-428
-460
-460
-460
-492
-524
-588
-620
-684
-684
-652
-620
-588
-556
-524
-492
-460
-396
-324
-260
-228
-196
-148
-64
0
24
56
80
120
180
228
276
356
372
428
460
492
556
588
588
620
652
588
588
588
556
492
460
428
372
340
292
260
244
196
148
132
88
24
-8
-48
-132
-164
-212
-196
-228
-228
-244
-228
-244
-244
-228
-228
-196
-212
-228
-228
-212
-196
-164
-132
-80
-16
0
32
80
112
180
180
212
196
196
212
228
260
308
340
340
356
308
276
276
244
244
260
276
228
212
180
148
88
48
-8
-64
-112
-196
-244
-276
-324
-340
-324
-372
-372
-396
-460
-524
-556
-556
-556
-524
-556
-556
-524
-524
-492
-460
-460
-428
-396
-340
-292
-276
-260
-228
-196
-164
-104
-56
16
80
120
196
260
324
340
324
356
372
356
396
460
428
428
396
372
356
324
260
212
164
132
104
96
88
64
72
48
48
48
24
0
-32
-132
-164
-196
-244
-260
-228
-212
-196
-180
-164
-164
-180
-164
-132
-112
-96
-64
-16
16
72
132
148
196
244
228
244
292
324
356
396
396
396
396
396
396
428
460
492
524
524
492
428
356
292
228
180
180
132
88
72
40
-32
-40
-80
-148
-212
-276
-340
-396
-460
-524
-556
-588
-620
-588
-620
-620
-620
-652
-652
-620
-588
-556
-524
-524
-428
-428
-396
-340
-308
-244
-228
-196
-148
-104
-64
16
88
196
260
292
340
396
460
492
524
524
492
460
396
340
308
244
212
196
212
228
212
244
228
164
112
72
0
-24
-40
-96
-148
-180
-180
-228
-244
-260
-244
-260
-260
-260
-212
-228
-196
-164
-180
-112
-112
-88
-56
-72
-56
-56
-56
-48
-24
8
48
80
148
148
180
260
292
340
372
428
428
428
428
396
372
372
428
428
460
460
428
428
396
356
308
276
244
196
132
96
72
32
-24
-64
-132
-228
-308
-372
-428
-428
-460
-460
-428
-460
-460
-396
-396
-428
-396
-340
-324
-292
-276
-276
-276
-276
-260
-244
-196
-132
-48
0
56
120
148
180
180
180
196
196
164
164
132
132
88
64
64
56
72
88
64
48
48
48
40
64
64
56
56
48
40
-16
-48
-120
-180
-244
-276
-292
-276
-228
-228
-212
-180
-164
-180
-180
-164
-164
-180
-212
-196
-196
-164
-104
-80
-72
-8
48
104
164
164
180
180
180
164
196
196
212
212
244
292
324
372
396
428
428
428
428
396
356
292
228
148
104
80
32
