SAMPLES:	8941
BITSPERSAMPLE:	16
CHANNELS:	1
SAMPLERATE:	16000
NORMALIZED:	FALSE
-16
24
-16
-16
0
-16
-8
0
-16
-8
8
-8
-16
0
16
-16
-16
8
8
-16
0
0
-16
16
0
-8
8
16
0
-16
8
8
-16
32
8
-8
24
16
-8
8
0
8
32
0
-8
24
24
-16
16
24
8
0
32
0
0
16
8
0
8
24
-24
24
0
-8
0
0
16
-32
8
16
-16
0
-8
0
16
0
-16
0
0
0
-32
-8
8
0
0
-32
0
32
-24
-24
8
0
-16
-8
-8
0
-16
0
24
-48
0
56
-48
-32
48
0
-40
0
56
-40
-8
48
-24
-16
40
0
-24
16
16
-8
0
16
-8
0
24
0
-8
0
8
0
0
0
0
8
-16
-8
16
8
-24
-8
32
0
-48
0
40
-32
-24
24
0
-24
0
0
-32
8
16
-40
-16
32
0
-48
24
16
-16
-16
0
24
-32
0
8
-8
16
0
-8
8
0
-24
0
8
-8
8
8
-16
0
16
-16
-16
24
16
-40
8
32
0
-16
16
40
-8
-8
24
0
0
24
0
-16
32
16
-48
8
32
0
-24
0
32
0
-16
0
8
16
-16
0
8
0
16
-8
8
0
0
32
-8
-40
32
48
-40
-32
64
0
-48
24
16
-16
-24
56
-8
-56
64
24
-40
-24
48
8
-48
8
48
-40
0
48
-24
-8
48
-8
-24
48
8
-16
0
16
0
-16
24
0
-16
32
-16
0
16
0
-8
0
24
0
-24
0
0
0
-16
-32
8
8
-24
-48
24
16
-56
-32
8
8
-48
0
-8
-24
8
-32
-32
16
0
-56
0
32
-48
-40
56
-24
-56
40
0
-40
8
40
-40
-40
64
-8
-40
24
0
8
0
-8
8
0
32
-24
-48
72
16
-24
0
32
8
-16
32
-16
8
56
-24
0
0
32
32
-48
0
24
40
-24
-32
72
0
-32
48
0
-24
24
48
-56
-32
104
-16
-64
32
48
-48
-24
72
-16
-32
64
0
-48
32
40
-64
0
80
-40
-40
56
40
-72
-8
72
-16
-72
64
16
-48
8
24
-32
-24
32
0
-8
-16
40
-8
-16
24
-8
0
16
-16
16
-40
0
32
-24
-16
0
16
0
-24
0
-8
0
8
0
-32
8
56
-40
-16
0
16
0
-56
16
56
-64
0
24
-16
-16
24
32
-72
32
80
-64
-48
80
16
-80
8
32
32
-8
-40
56
0
-16
-32
56
0
-8
24
0
-8
0
32
-24
0
16
16
-40
8
56
-72
0
64
-8
-64
32
40
-56
-16
32
-32
0
56
-80
0
32
-16
-24
0
16
-24
40
-8
-72
40
48
-64
-40
48
0
-56
8
8
-24
8
16
-80
24
80
-104
-16
88
-48
-56
48
0
-32
0
24
-48
0
24
-88
40
32
-80
-32
80
-40
-120
56
56
-96
-48
80
0
-96
-8
80
-48
-56
48
8
-40
16
8
-32
24
24
-24
-16
80
0
-48
48
40
0
0
64
8
-16
72
32
-8
48
56
40
-40
48
80
-8
-8
32
72
16
8
32
32
16
16
56
-8
0
104
-16
-32
88
8
-8
40
-24
0
24
8
-24
8
40
-24
-24
16
8
-8
0
-40
40
8
-80
0
40
-24
-64
-8
56
-24
-88
48
0
-24
16
-56
-16
24
-16
-80
16
56
-104
-48
88
-56
-104
32
40
-56
-56
0
0
0
-64
-72
48
24
-104
-104
88
8
-132
0
-16
8
0
-120
-24
32
0
-104
-64
104
-80
-112
40
-32
-40
32
-40
-8
0
-32
0
32
-32
-40
8
64
-16
-112
56
56
-8
-40
24
64
8
-48
48
16
-40
64
32
-16
-16
88
48
-64
-16
148
0
-40
48
32
64
-32
40
48
8
64
32
-16
32
64
32
-80
32
148
-96
-40
148
-16
-40
48
80
-40
0
64
16
24
0
16
-32
104
24
-88
0
72
104
-88
-72
132
80
-88
-88
96
88
-56
-48
56
40
16
-72
8
24
0
72
-104
-16
132
-16
-112
8
88
-40
-24
-40
80
48
-148
16
56
-8
-64
24
0
-32
32
24
-88
0
120
-104
-48
64
24
-32
-16
16
-8
0
-8
-56
8
40
-24
0
-32
-32
40
-32
-72
0
64
-88
-80
104
-32
-132
48
40
-104
-40
40
-24
8
-64
-64
80
-56
-88
0
32
-8
-96
32
-48
-32
64
-132
-24
148
-120
-180
96
64
-164
-132
212
8
-228
16
120
-48
-132
32
24
-16
-16
-56
-8
32
32
-64
-48
104
56
-212
80
132
-164
-24
132
0
-180
96
120
-132
8
80
16
8
0
-24
48
64
-96
0
132
-40
-16
72
40
-8
-64
132
64
-80
8
164
0
-32
72
32
72
16
-32
48
148
16
-88
64
132
56
-72
0
164
88
-132
80
132
-56
64
64
0
-8
164
32
-196
120
228
-132
-132
212
180
-212
-48
276
-40
-196
164
112
-180
32
132
-72
-64
104
-48
-132
132
48
-212
-56
180
-56
-196
48
40
-96
-120
40
-96
-8
0
-180
16
-24
-88
-16
-56
-96
96
32
-244
16
180
-244
-56
148
-212
-32
132
-120
-120
72
56
-88
-32
48
-120
24
104
-72
-80
80
72
-32
-120
40
120
-96
16
0
-8
104
-24
-16
0
80
-8
-88
88
0
-72
0
132
-24
-164
48
212
-88
-260
228
132
-196
-16
132
-120
0
180
-148
-180
164
212
-260
-80
196
0
-48
-72
-32
80
72
-16
-132
64
260
-164
-244
276
196
-212
-148
244
180
-212
-48
120
104
-40
-104
120
104
-80
24
16
40
72
-48
-96
180
72
-132
-104
196
164
-292
-104
276
88
-228
-212
308
212
-372
-40
276
-16
-180
32
56
0
-48
-112
24
80
-88
-104
80
112
-148
-164
120
80
-148
-112
48
196
-96
-292
80
276
-180
-244
180
88
-80
-32
-32
8
88
24
-212
40
276
-132
-132
8
148
96
-148
-132
212
148
-196
-64
212
72
-148
-8
212
-80
-104
196
32
-112
132
164
-104
-24
196
16
-180
164
-64
-64
196
-104
-48
64
132
-40
-180
104
112
-164
-40
148
-56
-120
88
-16
-228
120
132
-276
-16
104
-56
-72
64
-112
-72
112
-24
-164
-88
132
0
-164
-120
212
-24
-228
16
72
8
-148
-96
148
-64
-88
48
-120
72
24
-148
16
96
-80
-132
196
112
-340
80
292
-260
-164
372
-8
-260
148
120
-132
16
120
-48
0
104
24
-56
120
80
-88
64
132
-48
-80
104
88
-8
-96
132
88
-16
-24
-8
148
0
-48
0
132
40
-48
-64
80
104
-96
-88
132
212
-196
-164
228
148
-180
24
72
8
104
-88
-72
64
132
-120
-40
180
0
-64
64
112
-16
-56
148
112
-148
0
132
48
-40
-104
80
148
-16
-180
112
88
-148
88
-64
-8
164
-48
-196
8
308
-96
-372
164
356
-340
-356
428
120
-460
-24
324
-72
-260
-64
148
40
-64
-260
64
308
-340
-324
276
16
-244
24
-8
0
-80
-88
-56
-16
16
-132
0
40
-120
-56
-80
32
-8
-148
0
16
-32
-120
-48
104
-260
-40
132
-132
-80
0
32
-96
-64
88
-104
-132
196
0
-228
-32
260
-40
-228
72
96
-24
-64
0
0
64
-40
-80
132
120
-164
-40
340
88
-228
-72
292
308
-396
-96
524
104
-308
-8
492
24
-196
180
88
96
120
-164
148
180
56
-32
8
260
-48
8
148
16
-56
132
196
-212
0
356
40
-164
-88
260
148
-260
-88
396
104
-372
24
340
-132
-260
180
96
-32
-48
-228
212
196
-428
-196
396
244
-556
-228
460
180
-492
-212
492
148
-428
-276
308
244
-372
-276
260
276
-308
-244
228
164
-212
-40
164
8
-8
-196
56
132
-72
-104
-40
180
8
-276
96
64
-64
104
-80
-64
56
112
0
-244
-8
180
64
-308
-292
396
196
-524
-132
396
-88
-324
8
88
16
-72
-112
0
-56
96
-88
-292
132
164
-148
-244
104
180
-164
-308
32
244
-196
-276
132
196
-212
-180
164
-40
-112
56
-196
-132
356
0
-492
64
428
-132
-396
96
292
-8
-292
56
148
-80
-24
-40
24
32
40
148
-96
-132
308
16
-228
0
244
196
-308
-88
428
40
-132
80
164
104
32
56
32
96
180
0
-24
164
180
96
56
-40
244
372
-212
-164
356
120
-148
96
196
96
8
48
-24
96
148
-88
40
164
-164
32
180
-88
-120
132
180
-228
-104
148
-48
-148
-24
16
8
-164
-8
24
-72
8
-40
24
-56
-132
-16
-24
-56
-80
-16
8
-40
-148
16
-48
-132
-8
32
0
-180
-32
104
-24
-228
-64
244
-72
-260
80
64
-104
-120
56
24
-132
-56
0
-48
-72
16
24
-132
-8
-16
-88
24
-16
-96
-64
148
-16
-228
-32
212
-72
-180
0
148
104
-228
-72
180
-32
-96
48
56
0
0
-48
0
40
64
-32
-16
112
-32
-112
48
64
-24
-24
-8
64
0
-16
-8
40
88
-64
-16
132
8
-88
16
132
72
-16
-56
80
148
-88
-112
88
132
16
-112
48
120
32
-24
-8
164
24
-104
104
80
-48
48
72
16
32
112
48
-40
56
104
0
-32
8
64
48
-8
-8
80
16
-40
24
40
0
0
8
24
-32
0
24
-64
-64
48
-8
-164
-40
148
24
-180
0
164
-72
-196
-8
104
-112
-112
88
-16
-48
-16
-32
-64
8
8
-132
-8
88
-56
-112
56
64
-112
-112
88
-24
-148
-32
56
64
-132
-16
112
-32
-112
0
16
-32
40
48
-24
24
72
-88
-88
72
32
-40
0
96
16
-24
-16
0
8
-48
-8
48
40
24
0
80
64
-24
40
112
16
-48
56
132
-8
0
88
48
-16
-8
0
0
56
32
0
40
64
-8
-40
64
48
-32
16
56
24
-24
0
32
0
0
8
16
-16
-32
-16
32
16
-40
0
16
-24
-56
-16
-8
-24
-24
-32
0
-24
-104
-64
-24
0
-72
-88
16
-80
-112
-8
8
-72
-56
16
-48
-64
-32
-40
-64
-16
0
-24
-32
-8
-48
-80
0
-8
-40
0
16
-8
-8
-8
16
8
-40
8
8
-16
32
0
-8
48
32
0
8
48
24
8
16
48
56
40
40
56
64
32
32
40
0
24
32
-16
24
64
24
24
48
32
0
8
40
0
0
64
0
-56
16
8
-32
-8
-8
-16
16
-8
0
-8
0
16
-8
-24
16
0
-48
-24
32
0
-32
24
24
-8
-48
8
0
-32
-8
16
24
-8
-24
16
16
-40
-8
0
40
-16
-32
48
40
-16
-24
24
16
-24
-32
0
8
-40
-32
8
8
-16
-16
32
0
-72
-16
16
-40
-16
16
-16
-16
-8
-8
-8
-16
-8
8
8
24
16
24
0
0
16
-16
8
32
0
0
0
24
0
-8
0
16
0
-8
32
32
0
40
48
8
0
16
32
16
24
48
48
32
40
56
24
32
56
40
40
16
8
32
40
16
8
16
-8
-48
-24
8
0
-16
8
-8
0
0
0
0
-8
-16
8
32
-8
8
32
0
0
8
0
-16
0
-48
-64
-24
-48
-56
-56
-56
-56
-88
-72
-80
-56
-64
-104
-88
-72
-64
-120
-80
-48
-80
-120
-80
-32
-80
-96
-48
-32
-88
-72
-40
-32
-32
-16
-16
-16
-24
-32
-32
-32
-24
-8
0
16
64
48
48
88
72
40
72
112
96
96
132
120
80
88
120
104
112
120
148
148
96
96
112
96
80
88
132
96
72
88
72
64
40
24
56
88
24
40
80
56
8
-8
24
0
-48
-40
0
8
-64
-80
-48
-56
-104
-148
-96
-88
-88
-132
-148
-120
-164
-196
-132
-132
-148
-120
-120
-104
-88
-56
-80
-112
-80
-40
-48
-56
-32
-8
-48
-88
-72
-32
-56
-96
-64
-16
-72
-104
-64
-56
-72
-64
-32
-40
-24
-16
-24
8
16
40
80
104
120
104
112
112
96
132
148
104
96
212
228
196
340
428
292
292
460
372
244
396
492
324
244
372
356
180
196
276
228
48
48
120
-32
-164
-64
-16
-148
-132
-64
-112
-196
-196
-148
-276
-356
-324
-356
-460
-428
-428
-492
-460
-428
-460
-428
-372
-460
-524
-428
-460
-492
-460
-396
-372
-396
-356
-244
-276
-324
-196
-112
-148
-132
-16
-8
-48
-24
48
64
16
64
104
72
80
132
180
212
212
244
292
292
260
244
292
276
196
228
276
212
196
292
396
396
428
460
492
428
460
524
620
684
812
988
1180
1308
1436
1564
1980
2364
2492
2236
1756
1308
748
356
132
-396
-844
-924
-844
-1180
-1628
-1692
-1820
-2236
-2364
-2108
-2236
-2236
-1820
-1116
-748
-556
-180
96
-148
-492
-492
-748
-1244
-1564
-1564
-1436
-1308
-988
-716
-748
-988
-1116
-1180
-1436
-1628
-1564
-1308
-924
-428
8
428
748
876
988
1180
1244
1052
780
620
428
132
24
72
80
-8
24
104
-8
-120
-148
-196
-308
-260
-32
120
396
780
1052
1116
1180
1180
1052
924
684
556
428
212
164
292
244
212
164
308
356
196
164
88
132
244
524
1052
1756
2620
3516
4348
5116
5628
5628
4604
3260
2236
1244
372
-340
-1052
-1372
-1372
-1564
-1820
-2236
-2876
-3388
-3900
-3900
-3900
-3772
-3004
-1756
-492
588
1244
1500
1308
924
308
-620
-1500
-2108
-2492
-2620
-2492
-2108
-1884
-1884
-1884
-1884
-2108
-2492
-2620
-2876
-2876
-2236
-1436
-492
556
1628
2492
3132
3260
2876
2108
1372
524
-120
-524
-748
-924
-988
-556
-244
-340
-652
-812
-1052
-1308
-1372
-1052
-748
-492
0
716
1244
1372
1564
1500
1244
988
924
652
396
308
180
88
164
228
24
-132
-260
-292
-340
-396
-308
-260
-132
164
652
1244
1884
2364
2492
2492
2876
3388
4092
4604
5372
5884
5884
5372
4092
2748
1372
196
-684
-1628
-2364
-2364
-2236
-2236
-2364
-2236
-2492
-2876
-2876
-2620
-2620
-2364
-1436
-396
356
812
1180
1052
460
-196
-988
-2108
-3260
-4092
-4348
-4604
-4348
-3772
-3132
-2748
-2236
-1820
-1500
-1564
-1692
-1500
-1052
-524
16
716
1372
1884
2492
3260
3260
2492
1372
460
-556
-1692
-2364
-2620
-2620
-2236
-1564
-924
-460
-428
-684
-748
-492
-244
-292
48
748
1308
1692
2108
2364
1980
1180
748
460
-88
-492
-356
-164
-72
228
748
812
492
276
180
-8
-180
-120
88
428
748
1244
1980
2620
2492
2620
3004
3132
2876
2492
2108
1980
2108
2876
3644
4348
5372
5884
5628
4348
3004
1308
-396
-1244
-1884
-2364
-2108
-1564
-1180
-876
-844
-1436
-2492
-3132
-3388
-3900
-4092
-3388
-2236
-1180
-80
812
924
396
-196
-988
-2364
-3644
-4604
-4860
-5116
-4604
-3644
-2620
-1756
-844
-16
308
-112
-812
-1372
-1756
-1980
-1500
-556
620
1692
2108
2364
2364
1564
276
-652
-1180
-1980
-2748
-2620
-2108
-1980
-1500
-556
96
556
844
716
588
492
196
-32
340
988
1052
1244
1980
2236
1500
1052
924
212
-924
-1052
-620
-748
-844
-96
620
524
492
924
876
372
308
620
924
924
1116
1628
1820
1884
2108
2492
2492
2236
1980
1980
1564
924
460
340
716
1500
2492
3260
4092
4860
5884
6396
5884
4092
2236
556
-372
-1052
-1564
-1692
-1564
-1564
-1628
-1884
-2748
-4092
-4860
-4604
-4604
-4092
-3132
-1820
-396
1116
2364
2492
1884
924
-196
-1692
-3260
-4604
-5372
-5628
-5116
-4092
-3260
-2236
-1308
-748
-748
-1244
-1980
-2748
-3004
-2876
-2236
-652
1500
3260
4092
4860
5116
4092
2108
88
-1436
-2620
-3644
-4092
-3388
-2108
-988
-112
620
1180
1052
460
396
748
684
396
876
1756
2364
2492
2620
2364
1244
-196
-988
-1500
-2364
-2876
-2236
-1372
-748
96
1180
1756
1564
1244
1116
780
96
-340
-164
-16
104
620
1180
1628
1756
1820
1884
1820
1500
1308
1308
1308
1180
1052
1244
1116
620
292
104
-180
-112
844
2108
2876
3900
5628
6908
7676
7676
6140
3644
1116
-588
-1980
-3260
-3644
-3516
-3260
-2876
-2492
-2492
-3132
-3388
-3388
-3388
-3388
-2876
-1884
-428
1116
2236
2748
2492
1820
780
-684
-2620
-4348
-5884
-6396
-6140
-5628
-4860
-3772
-2492
-1436
-780
-812
-1500
-2108
-2364
-2236
-1564
-372
1180
2620
3900
4860
5372
4348
2364
228
-1628
-3260
-4604
-5116
-4604
-3388
-1980
-492
988
1692
1628
1372
1116
1052
1052
1052
1116
1564
2236
2492
2236
1980
924
-684
-1820
-2364
-2876
-3388
-2876
-1628
-556
324
1564
2364
2236
1692
1436
1052
260
-164
0
492
924
1564
2492
3260
3516
3644
3516
3132
2620
1884
1372
988
620
396
460
620
588
588
492
120
-212
-276
356
1180
2108
3260
4348
5372
6908
8316
8316
6652
3900
1180
-1244
-3132
-4348
-5116
-4860
-4348
-3516
-3132
-3260
-4348
-4860
-4860
-4092
-3644
-3260
-2364
-1052
524
2108
3004
3004
2236
988
-396
-2364
-4604
-6396
-7164
-7420
-6652
-5628
-4092
-2876
-1820
-1116
-684
-652
-988
-1500
-1884
-1980
-1244
780
3516
5372
5884
5884
5116
3388
812
-1628
-3388
-4092
-4092
-3644
-2236
-460
812
1244
1628
1980
1500
588
340
356
228
324
844
1564
2108
2236
1500
492
-428
-1372
-1980
-1820
-1308
-924
8
1564
2876
3260
3260
2876
1756
212
-652
-812
-1180
-1436
-748
460
1500
2364
3132
3644
3516
3260
3260
3004
2492
1820
1372
1116
652
276
372
244
-196
-396
-212
-324
-684
-684
-292
492
1564
2876
4092
4860
5628
6908
7932
7932
5628
2620
-292
-2620
-4348
-5628
-5884
-5628
-4604
-3388
-2876
-3260
-4348
-4860
-4348
-3516
-3004
-2620
-1980
-620
924
2620
3516
3516
2620
1436
-104
-2236
-4860
-7164
-8316
-8316
-7420
-5884
-4604
-3004
-1564
-196
844
988
372
-460
-1116
-1052
-148
1564
3388
4348
4860
5372
4860
2876
196
-1980
-3900
-5372
-5884
-5372
-3772
-1820
-292
1308
2748
3132
2748
2236
2108
1564
988
780
1244
1884
1980
1756
1692
1372
372
-492
-620
-812
-1308
-988
340
1500
1980
2620
3132
2748
1628
1052
652
-148
-924
-924
-292
372
1372
2748
3900
4348
4604
4604
4348
3516
2492
1500
588
-228
-924
-1244
-1372
-1500
-1500
-1052
-652
-748
-924
-876
-924
-876
-180
924
1980
3260
4348
4860
5372
6652
7164
6396
4604
1756
-1564
-4348
-5628
-6396
-6396
-5372
-3516
-2876
-3132
-3388
-3644
-4092
-3772
-2748
-2236
-1980
-1052
684
2236
3260
3644
3388
2492
924
-1372
-4092
-6652
-8316
-8316
-7676
-6652
-5628
-4092
-2108
-48
1308
1628
1244
324
-620
-924
-924
32
1820
3260
3772
4348
4348
3004
524
-1980
-3516
-3900
-3900
-4348
-3900
-1980
-460
340
2108
4092
3772
2236
2108
2620
2108
1116
988
1372
1244
1116
1436
1692
988
8
8
748
716
524
1244
2236
2492
2620
3132
3004
1436
16
-460
-748
-1500
-1692
-844
180
924
2108
3388
3900
3900
4092
4092
3516
2236
1436
1052
492
-356
-812
-1244
-1980
-2492
-2364
-2108
-2108
-1980
-1372
-588
132
748
1436
2492
3388
4092
4604
5116
4604
4348
5372
6140
5372
3132
588
-1980
-4092
-5372
-5628
-5372
-4860
-3900
-3260
-2876
-3260
-3516
-3132
-2364
-1308
-620
-212
292
924
1692
2364
2492
1820
556
-1052
-3132
-5116
-6652
-7420
-7676
-7676
-6908
-5628
-4092
-2236
-524
428
556
276
-196
-812
-1180
-988
-324
876
2364
3516
3644
3132
2108
684
-372
-1500
-2620
-3132
-3132
-2876
-2108
-372
1692
2876
3516
3772
3644
2876
2364
1884
1180
748
844
988
1308
1820
1884
1436
1436
1756
1500
1180
1308
1372
1052
1180
1692
1756
924
308
-32
-652
-1116
-1116
-684
-396
132
1180
2236
3004
3516
4092
4348
3900
3132
2236
1372
460
-356
-1116
-1820
-2492
-2748
-2492
-2108
-1628
-1052
-212
556
1308
1980
2492
2492
2236
2492
3004
3260
3004
2748
2492
2492
3260
4348
4860
3772
1756
-180
-1884
-3644
-4860
-5116
-4348
-3516
-2748
-2236
-2492
-3388
-3516
-2620
-1884
-1980
-2108
-1884
-1436
-652
428
988
492
-428
-1372
-2492
-4092
-5628
-6908
-7420
-7420
-6652
-5372
-3772
-2236
-748
460
1116
988
396
-132
-524
-716
-196
1116
2236
2620
2748
2748
2620
2108
924
-308
-1052
-1820
-2748
-2748
-1628
-180
1308
2748
3644
3900
3900
3260
2364
1980
1564
652
260
924
1308
1052
1372
1980
1692
988
1116
1180
524
72
652
1244
1244
1244
1628
1372
684
356
308
56
-228
0
460
988
1628
2364
3004
3260
3260
2876
2364
1628
588
-56
-396
-716
-1116
-1308
-1180
-1116
-924
-492
132
396
460
684
988
1116
1372
1500
1564
1692
2364
2748
2748
2236
1628
1244
1820
3004
3388
3132
2236
780
-988
-2364
-3516
-4348
-4348
-3900
-3772
-3772
-3772
-4348
-4860
-4092
-3004
-2620
-2236
-1564
-924
-524
196
924
876
96
-748
-1628
-2876
-4092
-5116
-5884
-6396
-6140
-5372
-4348
-3132
-1980
-924
-228
244
652
844
780
844
1116
1628
2236
2492
1884
1628
2108
1980
1052
396
-40
-1308
-2748
-3004
-2492
-1756
-524
924
1884
2876
3644
3516
3132
3516
3132
1692
1180
1628
1244
652
1180
1820
1436
1116
1820
1980
1116
588
876
748
276
428
748
340
-112
132
524
652
748
924
1116
1372
1884
2492
2876
3004
2876
2620
2108
1436
652
96
-308
-684
-1180
-1500
-1628
-1980
-1820
-1116
-588
-308
460
1180
1564
1820
1980
1980
1884
2108
2108
1980
1756
1244
460
260
1180
2364
3132
3644
3388
1980
212
-1180
-2876
-4348
-4604
-3900
-3900
-3900
-3516
-3644
-4348
-3772
-2492
-2108
-2364
-2108
-1500
-1180
-716
-32
-24
-652
-1244
-1692
-2620
-3772
-4860
-5628
-5884
-5628
-5116
-4092
-2876
-1628
-260
1180
2108
2108
1244
180
-716
-1372
-1564
-1180
-308
460
1244
1980
2364
2620
2364
1692
812
-292
-1372
-1756
-1244
-356
1052
2748
3644
3900
4092
3772
2364
1180
844
260
-396
-64
924
1308
1500
2492
3260
2748
2236
1980
1372
492
244
556
684
588
924
1436
1372
1180
1244
1244
780
308
196
212
292
492
924
1436
1564
1500
1436
1244
1116
876
652
492
148
-340
-556
-356
-372
-308
180
308
132
428
812
556
228
460
924
1180
1500
1884
1884
1820
1980
2876
3772
3900
3388
2620
1308
-164
-1756
-3388
-4348
-4348
-4348
-4860
-4604
-4092
-4348
-4604
-3900
-3132
-3388
-3260
-2236
-1692
-1564
-1116
-588
-780
-1372
-1820
-2364
-3260
-4092
-4604
-5116
-5116
-4860
-4092
-3260
-2364
-1500
-620
-56
-164
-748
-1052
-1052
-1244
-1244
-748
72
588
1052
1756
2236
2236
2364
2492
2108
1692
1308
924
924
1436
1980
2236
2236
2364
2492
2364
2620
2492
2108
1980
2108
2108
2108
2236
2364
2492
2492
2748
2876
2620
2236
2108
1980
1820
1308
812
292
-244
-620
-620
-396
-80
308
780
1372
1500
1436
1564
1564
1372
1180
1116
1116
988
1052
1116
988
684
164
-460
-812
-1180
-1692
-1884
-1628
-1372
-1116
-684
-308
-88
228
492
652
844
1180
1180
844
684
924
1564
2492
3644
4348
3644
2492
1564
244
-1980
-3644
-4092
-4092
-4860
-5116
-4604
-4604
-5372
-5116
-4092
-4092
-4092
-3516
-2492
-2108
-1756
-844
-132
-96
-112
-148
-812
-1980
-3004
-3644
-4348
-5116
-5372
-5116
-4604
-3644
-2236
-1052
-260
80
228
88
-120
-292
-324
324
1244
1884
2620
3516
3644
3132
3004
2748
1628
428
32
-64
-112
396
1180
1756
2236
3004
3388
3260
3132
2748
2364
2108
2236
2236
2108
2108
2364
2492
2620
2748
2620
2108
1628
1436
1244
988
780
556
372
164
72
48
-48
-148
-88
120
372
716
988
1180
1372
1436
1500
1500
1436
1308
1180
988
716
492
292
0
-492
-780
-924
-1244
-1372
-1372
-1372
-1436
-1372
-1116
-652
-212
308
684
812
988
1180
1372
2236
3900
5372
5884
5116
3260
844
-1308
-3004
-4604
-5372
-5116
-4604
-4348
-4348
-4604
-5116
-5884
-5372
-4604
-4348
-3900
-2748
-1564
-652
460
1372
1564
1180
684
-56
-1628
-3516
-5116
-6140
-6652
-6396
-5372
-4092
-3004
-1884
-1052
-428
-180
-460
-988
-1244
-924
-428
460
1820
3132
4348
5116
5628
5372
4348
3644
2108
340
-716
-1244
-1564
-1180
88
1116
1820
2620
3260
2876
2748
2620
1692
1052
1564
2236
2236
3004
4092
4348
3644
3772
3388
1980
748
340
96
-308
-212
308
372
32
0
164
-32
-428
-492
-492
-396
32
748
1500
1980
2364
2620
2748
2492
1980
1500
1052
620
132
-112
-372
-876
-1372
-1564
-1628
-1980
-2108
-1980
-1756
-1564
-1180
-292
460
988
1436
1884
2108
1980
1564
1052
180
-620
-924
-988
-652
620
2236
3004
3004
2236
748
-1244
-2876
-4348
-5116
-5116
-4604
-4092
-3388
-2620
-2492
-2748
-2876
-3132
-3772
-4092
-3772
-3516
-3260
-2492
-1436
-748
-340
-260
-556
-1308
-2236
-3004
-3644
-4348
-4604
-4348
-3388
-2236
-1180
-180
460
684
652
524
260
56
16
396
1116
2236
3388
4348
4604
4860
4604
3900
2748
1564
524
-684
-988
-460
212
1308
2492
3004
3132
3516
3388
2364
1756
1980
1756
1564
2364
3260
3132
2876
3132
2876
1884
1116
716
-112
-988
-1116
-812
-684
-588
48
748
844
812
844
588
88
-228
-308
-340
-244
16
356
716
1052
1180
1244
1180
924
492
16
-492
-1052
-1564
-1756
-1756
-1692
-1244
-844
-620
-340
-244
-228
-164
-72
-180
-372
-372
-292
-244
-80
0
-120
16
924
2620
4604
5884
5628
4092
1980
0
-1756
-3516
-4604
-4860
-4860
-4348
-3900
-3388
-3772
-4348
-4348
-4348
-4860
-5116
-4604
-3516
-2236
-556
876
1564
1820
1884
1628
588
-988
-2620
-3900
-4604
-4860
-4604
-4092
-3132
-1884
-556
396
716
492
-72
-652
-988
-748
64
1052
2108
3388
4604
5628
6396
6396
5372
3644
2108
652
-716
-1244
-924
-428
620
1980
2492
2748
3004
2492
1244
620
620
24
-324
812
2236
2620
2876
3644
3516
2236
1308
716
-428
-1628
-1820
-1372
-1180
-1052
-356
180
-56
-292
-132
-356
-1052
-1436
-1244
-924
-652
-148
620
1180
1500
1756
1980
1756
1244
492
-72
-652
-1308
-1628
-1564
-1244
-924
-524
-72
112
64
96
276
244
56
120
308
428
684
1180
1500
1372
1436
1628
1628
1308
988
1116
1436
1564
1500
1244
524
-396
-988
-1628
-2492
-3132
-3132
-3260
-3516
-3132
-2620
-2876
-3132
-2876
-2620
-2876
-2876
-2364
-2236
-2236
-1692
-1052
-1052
-1692
-1980
-2236
-2492
-2492
-2236
-2108
-2108
-1980
-1372
-588
32
292
244
228
308
428
460
396
396
588
1052
1564
1884
2108
2108
1884
1692
1980
2108
1980
1692
1820
1980
2108
2236
2364
2108
1436
1052
844
492
72
40
244
356
492
780
988
780
492
428
244
-148
-324
-244
-132
32
292
620
812
812
780
716
588
340
148
120
148
132
276
588
780
876
876
812
556
244
96
80
132
180
356
588
716
812
988
1052
924
588
492
492
292
180
276
356
324
276
228
88
-148
-244
-260
-244
-180
-40
308
1436
2748
3516
3388
2748
1628
292
-844
-1756
-2492
-3004
-3004
-3004
-2748
-2364
-2492
-3004
-3260
-3516
-4092
-4604
-4860
-4604
-4604
-4092
-3132
-2492
-2108
-1692
-1308
-1500
-1884
-2108
-1980
-1820
-1628
-1116
-276
524
1116
1564
1756
1628
1180
748
324
-260
-748
-780
-340
164
748
1628
2492
2620
2748
2876
2748
2108
1564
1500
1500
1564
1980
2492
2620
2492
2364
1980
1372
620
88
-396
-556
-356
88
524
780
924
988
924
684
396
72
-72
0
228
588
988
1372
1500
1436
1180
876
428
-64
-276
-324
-276
-96
244
780
1180
1372
1436
1308
988
556
260
0
-276
-372
-260
0
260
460
524
396
228
64
-132
-340
-588
-844
-844
-588
-196
64
164
244
104
-164
-356
-684
-1180
-1500
-1628
-1628
-1500
-1180
-844
-716
-620
-492
-556
-924
-1308
-1692
-1980
-1980
-1884
-1692
-1564
-1372
-1244
-1308
-1372
-1500
-1692
-1980
-1980
-1980
-1980
-1756
-1500
-1308
-1244
-1052
-780
-684
-716
-652
-716
-844
-924
-780
-684
-524
-292
-80
308
620
876
988
924
924
924
1052
1244
1372
1500
1628
1820
2108
2236
2364
2364
2108
2108
2108
1884
1628
1436
1372
1372
1436
1628
1628
1372
1116
924
780
620
556
356
132
148
324
524
652
876
924
876
988
988
924
716
492
292
260
292
372
396
356
372
324
228
96
-148
-428
-556
-556
-556
-620
-556
-524
-428
-292
-180
-276
-492
-556
-524
-428
-340
-244
-308
-428
-428
-324
-180
-212
-324
-460
-588
-620
-588
-460
-492
-524
-524
-492
-396
-396
-524
-684
-876
-1116
-1180
-1244
-1500
-1820
-2108
-2108
-2108
-2108
-1980
-1884
-1692
-1564
-1436
-1180
-1180
-1180
-1180
-1244
-1116
-1052
-988
-844
-620
-396
-88
132
340
428
492
652
684
684
716
748
812
924
1052
1116
1116
1180
1180
1116
1052
1052
1052
1116
1244
1436
1564
1628
1692
1820
1756
1500
1244
988
780
620
556
556
460
428
428
396
356
228
8
-212
-396
-492
-428
-292
-64
276
524
780
924
924
876
748
460
180
-96
-324
-460
-556
-492
-396
-292
-196
-16
64
56
96
104
16
0
48
132
324
460
492
492
524
460
308
148
-24
-292
-428
-372
-324
-324
-356
-396
-396
-340
-276
-276
-396
-556
-684
-812
-924
-924
-812
-652
-524
-396
-324
-324
-372
-460
-492
-652
-812
-876
-924
-876
-748
-652
-652
-652
-716
-812
-924
-1116
-1436
-1692
-1884
-1980
-1884
-1628
-1244
-844
-356
148
524
652
716
620
460
428
492
524
716
1052
1180
1308
1308
1180
988
652
492
356
244
276
524
876
1244
1628
1980
2236
2108
1980
1692
1308
924
716
556
492
588
716
812
748
524
244
-164
-588
-876
-1052
-1116
-1052
-812
-428
24
460
684
748
620
372
48
-228
-460
-716
-924
-924
-780
-428
-148
-48
-24
-148
-372
-524
-716
-924
-924
-780
-492
-164
120
260
244
164
112
-40
-212
-276
-308
-228
-112
80
292
356
372
340
132
-88
-356
-620
-748
-844
-748
-684
-524
-292
-164
-112
-40
-48
-260
-372
-428
-396
-244
8
276
428
492
556
588
620
460
212
-64
-396
-652
-780
-780
-780
-812
-748
-684
-652
-620
-524
-460
-428
-324
-96
148
396
716
988
1116
1180
1116
1116
876
620
428
212
8
-56
0
80
164
244
292
292
308
492
588
620
684
748
876
988
988
876
812
716
588
428
276
40
-196
-308
-292
-260
-212
-196
-164
-180
-244
-228
-308
-396
-492
-620
-652
-652
-556
-372
-260
-212
-132
-88
-120
-104
-132
-148
-180
-196
-244
-260
-276
-396
-460
-492
-524
-588
-652
-684
-588
-428
-196
0
196
292
356
524
556
492
396
276
148
64
56
-56
-148
-148
-132
-132
-212
-244
-276
-324
-340
-292
-244
-228
-112
72
276
396
372
308
148
0
-196
-356
-524
-652
-620
-460
-372
-308
-292
-340
-396
-340
-308
-372
-460
-396
-324
-244
-72
-8
16
112
260
260
228
132
40
-16
-48
80
212
324
524
812
988
1052
1116
1052
924
748
684
588
524
524
652
716
812
924
924
748
524
308
164
16
-64
-40
-16
132
356
492
588
588
396
244
112
-148
-428
-652
-844
-924
-780
-588
-460
-292
-244
-228
-196
-148
-196
-212
-120
16
148
292
396
356
308
212
112
0
-228
-524
-748
-844
-748
-492
-112
132
308
524
684
716
652
460
180
0
-132
-120
-56
-112
-180
-180
-112
-196
-356
-492
-684
-924
-1052
-988
-876
-748
-524
-340
-196
-148
-148
-212
-428
-684
-748
-876
-988
-988
-924
-780
-556
-428
-340
-396
-428
-372
-340
-308
-308
-324
-372
-308
-260
-180
-132
-80
56
244
324
260
228
228
292
372
460
524
492
524
652
812
844
812
748
620
524
460
396
276
228
260
396
556
684
748
684
652
716
812
812
780
748
684
620
620
620
556
396
324
324
212
112
-24
-132
-212
-276
-292
-244
-148
-88
-16
148
260
340
428
492
524
524
492
396
292
228
132
40
-88
-244
-340
-372
-396
-308
-196
-132
-96
-88
-72
-72
-112
-212
-120
-16
48
180
276
276
148
72
-148
-396
-684
-924
-1116
-1308
-1308
-1180
-924
-620
-372
-260
-112
0
-64
-196
-340
-460
-556
-620
-588
-588
-652
-684
-684
-780
-876
-924
-988
-924
-876
-780
-652
-428
-260
-120
-40
-32
-104
-180
-308
-428
-556
-652
-556
-340
-8
324
620
876
988
924
844
716
460
276
196
164
148
228
340
428
556
588
652
652
588
588
588
652
748
844
988
1116
1116
1116
988
748
460
164
-40
-120
-164
-96
48
244
396
428
460
492
396
292
308
260
196
276
356
276
212
148
8
-72
-80
-48
-80
-148
-164
-180
-164
-212
-212
-212
-196
-180
-228
-276
-308
-276
-212
-112
-40
48
148
228
260
180
0
-196
-372
-524
-556
-556
-524
-340
-212
-104
-56
-24
-56
-88
-120
-180
-260
-340
-356
-308
-196
-180
-228
-244
-260
-308
-308
-372
-460
-556
-588
-524
-492
-524
-492
-396
-324
-244
-212
-228
-292
-396
-460
-428
-460
-492
-492
-372
-212
-148
-104
0
0
72
120
196
244
228
260
372
460
556
588
556
556
396
308
228
164
196
276
428
556
716
876
988
1116
1052
924
684
460
228
88
-16
-132
-180
-132
-24
72
148
260
324
324
396
460
460
340
340
372
396
340
244
120
-80
-292
-428
-492
-588
-620
-620
-524
-308
-164
-132
-80
-132
-244
-292
-292
-276
-276
-292
-164
8
132
180
244
196
112
56
24
-164
-396
-524
-620
-524
-460
-356
-260
-164
-104
-96
-48
32
16
24
148
104
40
-64
-164
-228
-340
-340
-260
-212
-292
-276
-276
-276
-308
-372
-428
-460
-492
-428
-340
-308
-212
-132
-96
-56
16
-32
-64
-64
-112
-164
-228
-228
-164
-72
48
180
164
180
196
164
112
72
132
276
492
652
812
876
924
988
924
844
748
524
324
292
428
492
588
748
780
876
924
844
748
556
356
132
8
-64
-180
-148
-32
80
212
244
228
148
56
64
64
24
-32
-112
-228
-292
-292
-372
-428
-428
-492
-492
-428
-460
-492
-524
-588
-620
-684
-716
-780
-748
-620
-460
-292
-120
-16
-16
0
-16
-132
-260
-356
-460
-524
-492
-372
-228
-132
-56
24
80
72
24
-56
-164
-260
-244
-164
-120
-48
-24
0
-72
-148
-276
-372
-460
-524
-524
-460
-260
40
276
460
556
428
260
88
-40
-212
-372
-396
-356
-260
-72
88
212
292
308
308
196
64
-16
-32
64
212
428
556
620
748
780
780
716
588
460
428
524
556
524
492
492
460
372
324
212
40
-16
24
132
228
396
524
620
748
748
652
524
244
32
-104
-196
-212
-228
-196
-88
0
8
-64
-212
-292
-460
-492
-492
-492
-460
-396
-292
-164
-64
-64
-104
-148
-180
-260
-324
-396
-428
-428
-292
-180
-80
-48
-56
-80
-212
-308
-396
-460
-460
-396
-324
-212
-120
-80
-32
24
8
-24
-40
-112
-180
-228
-180
-132
-48
56
148
164
88
8
-96
-228
-372
-460
-428
-396
-372
-292
-180
-80
-40
-24
-32
-24
40
80
148
164
96
64
80
148
132
16
-32
-16
8
16
104
148
132
88
132
196
148
88
32
16
8
64
180
292
396
556
716
812
780
716
556
396
228
132
0
-120
-164
-148
-56
64
196
324
396
428
428
324
212
120
64
-24
-16
48
72
148
212
244
212
80
-40
-196
-372
-460
-492
-492
-492
-396
-260
-180
-80
-64
-96
-164
-196
-120
-16
24
32
8
16
0
-56
-148
-276
-428
-492
-524
-556
-524
-428
-428
-308
-96
8
80
104
112
132
164
120
96
32
-40
-96
-80
-48
-72
-88
-132
-120
-96
-24
32
40
48
132
212
260
276
228
228
164
104
80
40
-40
-80
-56
-32
24
104
180
148
40
0
-24
-40
-148
-180
-164
-164
-88
72
212
228
244
260
276
260
244
276
244
164
164
164
132
88
24
32
48
-48
-80
-72
-164
-212
-212
-148
-132
-132
-16
104
132
40
40
48
-24
-24
16
40
56
148
260
308
308
228
180
112
32
-48
-164
-276
-356
-340
-292
-212
-164
-96
-16
64
56
32
0
-164
-260
-292
-244
-180
-80
0
96
180
180
164
0
-132
-244
-292
-276
-260
-276
-276
-212
-120
-32
88
120
96
88
40
-16
-112
-148
-180
-132
-24
48
64
88
8
-64
-64
-120
-148
-148
-180
-120
-32
64
148
228
244
180
148
112
56
56
56
56
120
180
244
324
356
372
396
324
212
8
-148
-324
-396
-428
-428
-356
-228
-120
-48
0
56
56
72
148
212
212
228
324
340
396
396
308
196
8
-112
-212
-244
-212
-132
-80
-8
48
120
196
228
244
244
180
148
164
180
212
260
260
228
148
72
-40
-148
-212
-228
-276
-260
-228
-212
-180
-132
-56
-16
0
0
-48
-112
-132
-148
-120
-120
-112
-132
-180
-212
-292
-396
-460
-524
-556
-524
-460
-308
-164
0
64
80
80
0
-56
-64
-96
-88
-8
180
276
396
492
460
396
340
276
180
80
40
64
72
104
148
112
48
48
32
40
16
-112
-148
-132
-40
48
120
180
212
228
244
244
180
88
24
24
148
260
324
340
244
112
0
-104
-276
-460
-620
-684
-684
-620
-492
-396
-292
-212
-132
8
40
0
-8
-24
-48
-8
40
64
32
80
96
120
56
-8
-32
-88
-48
48
164
180
276
372
428
428
324
244
132
56
16
-40
-56
-64
-40
40
80
120
96
40
40
48
104
104
148
148
164
180
164
120
24
-96
-148
-196
-308
-428
-460
-492
-492
-428
-356
-308
-244
-180
-40
72
164
212
196
228
196
96
8
-88
-196
-244
-228
-196
-148
-112
-88
-16
88
180
260
324
308
276
308
396
428
428
460
428
356
340
260
164
-8
-132
-164
-212
-228
-228
-180
-132
-64
-24
0
0
-48
-8
56
132
196
276
340
340
308
244
88
-80
-228
-396
-524
-652
-684
-716
-652
-588
-460
-396
-396
-356
-396
-356
-276
-244
-120
-40
80
212
260
260
164
96
8
-96
-196
-276
-292
-292
-212
-64
64
148
196
260
260
244
180
64
-48
-132
-96
-72
-24
40
120
148
196
260
212
196
132
112
132
164
212
276
324
292
324
324
340
308
276
228
196
148
72
64
16
-48
-64
-24
0
40
-8
8
-16
-24
48
64
88
88
164
276
396
356
308
260
180
148
72
16
-40
-112
-132
-72
-104
-148
-180
-164
-132
-164
-212
-260
-308
-260
-120
-48
-16
24
0
-40
-88
-132
-212
-308
-372
-372
-292
-212
-164
-96
-40
-16
0
-8
-32
-72
-148
-228
-196
-180
-180
-96
-24
8
40
72
72
-8
-148
-164
-212
-212
-164
-96
-48
32
112
228
324
340
324
276
260
164
96
56
0
-8
-8
8
72
96
164
228
292
372
372
356
396
308
196
80
-112
-244
-340
-396
-396
-372
-356
-308
-244
-180
-120
-96
-88
-32
96
164
212
212
260
260
228
260
196
88
-96
-244
-356
-460
-556
-556
-588
-492
-324
-148
8
48
80
164
164
164
180
80
16
8
0
16
56
40
-24
-80
-80
-112
-180
-244
-260
-276
-260
-132
0
8
88
196
308
372
428
460
460
396
372
372
292
148
0
-112
-228
-276
-308
-324
-340
-324
-244
-164
-64
16
132
180
244
292
260
276
292
308
308
324
292
228
132
16
-40
-164
-228
-308
-396
-460
-356
-260
-120
40
164
260
372
460
460
460
396
396
356
356
396
324
324
276
260
260
244
148
40
-72
-148
-244
-308
-244
-244
-228
-112
16
96
148
212
212
148
132
164
164
120
72
16
-48
-112
-164
-244
-292
-356
-372
-308
-308
-308
-308
-308
-324
-372
-372
-396
-460
-428
-396
-396
-340
-340
-308
-260
-228
-164
-196
-260
-308
-292
-260
-292
-212
-180
-132
16
104
120
88
24
-72
-132
-164
-148
-80
-24
48
132
196
260
292
276
276
212
180
180
148
148
148
120
132
180
180
164
104
16
-24
-40
-64
-40
-8
-8
24
64
96
96
120
132
120
80
48
32
24
-8
-40
-104
-212
-196
-180
-164
-112
-56
-56
-8
80
104
148
120
80
112
148
132
96
56
32
56
148
260
340
356
340
276
228
132
80
48
-32
0
32
16
40
96
64
96
148
120
148
148
212
212
212
244
228
228
196
212
164
104
80
80
104
80
32
40
32
-40
-96
-148
-212
-292
-308
-260
-244
-212
-164
-32
40
56
72
56
16
-80
-104
-132
-212
-260
-260
-212
-148
-80
-40
0
24
-8
0
0
-40
-120
-148
-164
-164
-212
-244
-212
-228
-228
-164
-120
-104
-24
32
64
148
260
276
292
244
148
40
-88
-164
-228
-260
-292
-260
-228
-164
-64
0
56
48
48
8
-48
-104
-80
-64
-48
-24
-24
16
-8
-80
-132
-196
-308
-340
-340
-308
-276
-244
-148
-104
-48
24
56
56
24
96
120
164
196
228
212
196
164
80
0
-148
-196
-244
-260
-276
-212
-148
-112
-24
164
292
372
428
492
428
372
292
212
196
132
88
56
16
16
24
48
80
80
148
164
180
244
260
260
244
244
212
180
120
132
132
40
32
32
16
-64
-80
-104
-112
-104
-80
0
40
48
48
96
88
80
32
0
-56
-112
-104
-80
-72
-72
-88
-120
-112
-120
-120
-104
-96
-32
32
132
180
132
132
72
40
0
-72
-112
-148
-132
-88
-16
32
32
24
0
16
40
32
48
24
40
32
48
104
56
8
0
-48
-88
-148
-212
-292
-308
-276
-196
-104
-32
48
88
120
164
148
56
-16
-96
-164
-164
-180
-244
-292
-308
-292
-292
-244
-196
-196
-180
-132
-64
-8
48
96
112
164
212
212
196
164
72
8
-56
-132
-228
-324
-340
-340
-340
-292
-196
-120
-8
132
180
196
164
148
104
24
32
40
0
0
32
8
0
-56
-80
-96
-132
-132
-148
-180
-148
-104
-48
24
112
148
148
196
196
164
120
40
-32
-8
16
0
16
56
80
72
112
120
112
88
96
180
244
308
356
396
396
324
324
292
228
148
132
96
80
112
148
164
196
228
276
260
276
260
228
228
212
244
212
180
148
120
88
72
24
-24
-80
-148
-148
-164
-164
-80
0
40
48
64
40
8
-32
-56
-56
-132
-212
-228
-260
-308
-324
-396
-460
-492
-428
-372
-340
-292
-276
-164
-96
-24
16
40
88
112
148
148
88
0
-72
-112
-164
-196
-244
-276
-308
-324
-356
-292
-228
-180
-88
0
56
24
56
56
48
32
-8
-72
-148
-196
-180
-164
-132
-112
-132
-180
-228
-244
-244
-276
-244
-228
-180
-132
-88
-40
0
48
64
88
88
40
-48
-56
-56
-56
-8
48
40
40
40
32
72
96
132
164
228
292
356
428
460
524
524
460
428
356
292
212
180
148
120
196
260
276
292
244
180
132
112
32
0
8
-24
24
148
244
292
340
340
308
228
148
48
-24
-48
-80
-96
-148
-148
-148
-104
-104
-104
-104
-120
-132
-148
-80
-56
-72
-64
-88
-132
-148
-212
-228
-244
-260
-260
-228
-180
-120
-56
-8
40
64
56
56
48
48
-16
-40
-16
-32
-24
-8
-40
-56
-112
-148
-104
-132
-164
-196
-164
-104
-96
-72
-24
-48
-56
-40
-72
-112
-164
-212
-244
-244
-228
-196
-196
-180
-120
-72
-32
0
48
88
132
132
164
164
112
148
164
132
96
32
-16
-80
-104
-88
-104
-88
-48
0
16
64
56
80
96
112
120
148
196
196
196
180
196
148
80
64
48
0
-80
-72
-32
-64
-40
-24
0
-24
-16
16
16
8
-8
40
40
16
72
72
64
72
72
40
48
16
-8
-40
-32
-40
-64
-40
-56
-24
8
16
16
24
64
72
72
72
32
-8
-64
-104
-148
-180
-212
-180
-112
0
96
148
164
196
196
196
148
80
88
0
-24
-32
-72
-104
-56
-16
16
24
40
32
-8
32
88
132
132
180
180
132
88
40
-40
-104
-120
-164
-244
-276
-228
-196
-148
-24
48
64
40
72
120
132
148
180
164
132
164
148
112
132
96
16
8
-8
-56
-80
-64
-80
-16
72
112
148
212
212
196
212
196
164
112
24
8
-32
-88
-96
-96
-80
-80
-48
-32
-24
-32
-56
-104
-164
-164
-164
-164
-180
-148
-80
-64
-56
-80
-148
-228
-276
-308
-356
-356
-356
-356
-244
-180
-132
-96
-112
-96
-104
-104
-112
-132
-120
-96
-72
-8
-8
-24
-80
-132
-132
-196
-244
-260
-292
-228
-196
-132
-96
-48
-48
-8
0
-8
-32
-16
24
72
132
148
148
96
104
112
112
72
56
48
64
148
244
260
276
276
212
180
148
96
56
88
112
212
308
340
396
396
428
460
460
396
308
244
228
244
228
212
212
212
212
228
212
164
80
64
104
164
196
228
260
276
292
292
244
164
96
24
16
-16
-56
-132
-148
-164
-132
-132
-180
-180
-228
-212
-180
-164
-120
-112
-80
-32
-40
-80
-132
-180
-244
-308
-340
-396
-492
-492
-492
-524
-524
-492
-460
-396
-396
-340
-324
-276
-228
-148
-96
-80
-80
-112
-132
-148
-164
-132
-96
-72
-48
-64
-48
-80
-132
-164
-180
-260
-228
-148
-104
-48
-24
32
40
72
104
80
56
64
80
132
148
148
180
212
212
212
196
180
164
132
148
104
112
196
244
356
356
372
356
260
228
132
88
40
40
132
164
244
340
356
372
396
396
356
292
196
164
104
16
0
-32
-80
-80
-88
-72
-56
-40
-40
0
24
0
24
40
96
120
164
196
196
132
48
-48
-180
-244
-260
-324
-340
-308
-292
-180
-132
-80
-8
-8
0
0
8
16
24
56
96
132
96
64
-8
-120
-180
-244
-292
-276
-276
-292
-260
-196
-180
-164
-104
-72
-64
-88
-104
-80
-80
-48
0
24
16
8
24
-24
-88
-120
-180
-228
-244
-228
-196
-120
-72
-24
48
32
0
-16
-24
0
-32
0
24
16
56
148
196
212
260
244
196
132
64
8
8
0
16
72
132
148
180
212
180
132
112
80
80
72
72
112
112
132
132
148
112
80
48
-8
-8
-32
-40
-72
-120
-148
-180
-212
-180
-164
-148
-104
-96
-72
-24
0
-24
0
0
-8
-16
-24
-48
-104
-112
-132
-132
-164
-180
-180
-180
-180
-180
-148
-148
-148
-96
-32
0
40
56
80
80
56
64
56
48
64
112
164
164
132
132
112
88
104
104
88
88
112
148
196
244
228
228
212
212
196
148
104
32
-16
-56
-16
-8
32
88
104
112
164
132
72
-8
-64
-96
-104
-96
-80
-80
-80
-48
-56
-72
-56
-72
-96
-64
-48
8
40
40
88
88
16
8
-32
-112
-164
-212
-180
-180
-120
-24
24
48
72
56
0
-24
-48
-56
-64
-64
-56
0
32
88
104
104
80
-8
-72
-132
-196
-228
-228
-180
-104
-72
-16
8
0
8
8
-8
-8
-16
-32
24
48
48
56
40
40
48
32
16
-32
-96
-112
-112
-96
-88
-80
-32
-24
-16
24
32
0
-40
-56
-64
-80
-104
-112
-96
-88
-40
-16
8
56
80
88
148
196
180
132
40
-8
-56
-72
-72
-40
-40
-32
8
112
132
148
180
148
104
96
96
80
88
104
132
180
196
212
260
228
180
164
112
64
0
-40
-48
-88
-64
-32
8
48
64
72
80
80
48
24
0
-24
0
24
24
40
0
-24
-24
-40
-24
0
-56
-64
-80
-72
-40
0
56
64
88
48
0
-40
-104
-148
-180
-164
-132
-96
-72
-80
-104
-120
-132
-164
-196
-212
-228
-180
-132
-88
-40
-16
-8
-8
-8
0
-48
-96
-112
-112
-104
-80
0
32
80
112
96
72
32
0
-32
-40
-40
-40
-8
32
48
80
64
24
-8
-64
-88
-104
-148
-88
-56
-40
32
164
180
132
120
112
32
-40
-24
-32
-32
0
40
80
64
72
32
-32
-88
-132
-180
-164
-148
-148
-104
-56
-32
-24
-16
-40
-48
-40
0
16
16
8
8
16
56
80
72
112
104
64
64
56
32
0
-40
-8
0
0
16
24
64
96
148
212
212
244
228
164
148
132
96
32
8
40
80
80
96
112
80
64
64
56
48
32
24
72
104
132
180
212
180
164
164
104
80
40
-16
-40
-48
-48
-48
-48
-16
-40
-132
-148
-180
-196
-196
-212
-164
-132
-96
-24
32
24
40
32
24
0
-24
-24
-88
-132
-132
-180
-228
-228
-308
-340
-324
-308
-260
-196
-148
-104
-80
-40
0
16
56
40
8
0
-8
-8
8
-8
-24
-16
-24
0
-8
0
8
-16
-8
16
64
72
72
88
48
0
-40
-8
8
8
48
56
64
88
104
132
120
96
80
48
32
24
0
8
24
56
96
112
132
96
24
-32
-56
-64
-72
-8
32
48
56
64
96
96
96
40
0
-48
-120
-112
-112
-148
-148
-148
-132
-104
-96
-104
-96
-112
-88
-24
16
72
132
148
148
180
180
148
148
132
64
24
0
-8
-32
-40
-16
-8
-16
16
56
56
104
132
120
112
132
120
112
120
112
132
132
112
132
112
88
88
56
8
-16
-32
-64
-64
-48
-72
-112
-32
-24
-48
-8
-16
-32
-40
-56
-24
-8
-32
0
40
32
0
-24
-64
-132
-180
-180
-132
-112
-88
-8
64
