SAMPLES:	8854
BITSPERSAMPLE:	16
CHANNELS:	1
SAMPLERATE:	16000
NORMALIZED:	FALSE
8
8
16
0
8
16
16
0
-8
16
8
0
0
-16
24
16
-24
-8
0
16
-8
-24
0
8
0
-16
-16
0
16
-8
-48
-8
24
-24
-32
-16
-8
16
-40
-40
-16
0
-8
-40
-24
0
16
-40
-40
0
0
-24
-24
-16
24
0
-32
-8
0
16
-16
-24
8
32
8
-16
8
40
-8
16
0
0
40
0
-8
0
16
8
8
16
16
16
16
0
16
24
0
8
8
16
0
-8
0
16
0
0
0
16
8
-16
0
16
-8
-16
8
-8
0
-8
-16
0
0
-16
-8
0
-16
-16
-16
8
0
-16
0
-24
16
0
-40
0
40
-16
-40
16
8
0
-16
-8
0
16
-8
-24
0
16
0
-8
-8
16
8
-24
0
8
0
8
-16
-16
16
0
-40
-8
16
-8
-24
-16
8
8
-16
-16
0
0
-8
-24
-16
8
-8
-16
-16
0
0
-16
8
8
8
8
-8
16
8
0
16
8
24
24
24
16
24
24
24
24
16
24
24
48
8
32
40
32
32
8
48
40
8
32
40
24
8
8
24
16
0
0
24
32
8
-8
16
8
0
-16
0
0
-24
0
-8
-16
0
-8
-24
-32
-8
-24
-48
-8
-16
-48
-24
-16
-24
-40
-48
-16
-32
-24
-48
-40
-24
-24
-56
-64
-16
-40
-40
-32
-24
-24
-32
-24
-32
-16
0
-32
-32
0
-32
-24
-40
-32
0
-32
-32
0
8
-24
-32
8
8
-8
-8
8
24
-8
8
8
0
32
0
0
32
0
24
24
-8
40
16
0
24
24
32
8
48
32
0
56
48
8
24
48
40
24
16
56
32
16
64
32
24
64
32
24
48
48
24
32
48
24
40
24
24
16
32
32
24
24
32
24
8
8
0
40
0
-8
24
16
-16
-8
8
-16
0
0
-8
-16
0
-40
-24
-16
-24
-24
-48
0
-32
-64
-8
-32
-64
-16
-48
-40
-32
-56
-16
-32
-40
-8
-32
-40
-32
-40
-48
-16
-24
-40
-8
-8
-40
-32
-8
-16
-16
-16
-32
0
0
-40
-16
-16
0
0
-16
0
24
-8
-8
-8
-8
8
-8
0
0
16
0
-16
8
16
0
0
0
24
8
0
16
8
0
8
0
-16
8
0
-16
40
0
-16
24
0
0
32
24
24
0
16
32
-8
24
16
24
8
16
0
8
48
0
0
16
40
16
-8
24
8
16
0
24
24
0
16
40
0
-16
32
24
-8
16
32
0
0
24
-8
24
32
-32
8
48
-16
-24
8
0
8
-32
-8
24
0
8
-56
-8
32
-48
-40
0
-8
8
-8
-48
-8
0
-8
-48
-16
0
-8
-32
-48
0
0
-16
-40
0
0
-8
-8
-32
0
24
-56
-8
40
-16
-8
-16
24
24
-24
0
0
8
24
-16
16
64
8
0
32
24
32
24
24
16
40
8
-8
32
0
24
16
40
24
8
40
8
-8
0
48
0
-24
24
0
0
-8
8
0
-16
16
-32
-16
0
-8
-16
-24
8
-24
-32
8
-24
-24
8
-56
-24
0
-64
-32
-16
-24
-24
-16
-8
-16
-40
-8
-8
-32
-24
-16
-16
-24
-32
-24
8
-8
-16
8
-16
0
24
-48
0
8
-16
16
0
8
0
0
0
-8
0
-8
0
0
0
-8
0
0
8
-32
24
32
-56
24
0
-16
8
-8
-8
8
16
-24
0
0
0
-8
8
16
-8
8
0
8
-8
16
0
0
16
0
8
8
16
8
0
8
0
56
16
24
48
16
40
40
8
24
80
16
24
48
40
32
32
48
32
48
32
32
16
16
48
-8
32
48
0
40
0
8
48
-16
-8
40
0
-8
40
-16
-8
16
-16
0
-8
-32
0
-16
-8
-16
-48
-32
0
-24
-56
8
-40
-32
-24
-64
-24
-32
-56
-40
-32
-40
-40
-72
-16
-48
-48
8
-56
-40
-8
-32
-48
-40
0
-8
-72
-24
-40
-16
-8
-72
-8
0
-16
-24
0
-16
-48
8
0
-16
16
-32
-16
32
0
-16
-8
16
24
-16
16
40
-8
0
32
8
8
40
0
0
0
16
16
24
-8
16
24
0
56
0
0
72
8
-16
64
8
-24
64
8
0
24
0
40
0
32
32
0
16
32
0
0
48
0
-8
48
0
-16
48
8
32
-16
-8
80
16
-80
56
24
-40
48
-32
16
32
0
0
-8
24
56
-16
0
64
-8
8
40
0
-16
40
40
-80
32
40
-16
0
0
24
8
0
0
8
24
-8
-8
-8
0
0
-32
-40
8
32
-32
-56
32
16
-112
24
24
-72
8
0
-80
-16
-8
-40
-56
-40
48
-88
-56
8
-72
-40
0
-32
-56
-24
8
-72
-80
32
-56
-40
-8
-56
-40
-32
-32
-32
-32
32
-40
-48
48
-48
-16
8
-16
8
16
-8
-40
80
24
-104
40
64
-8
-48
64
48
-24
48
16
0
64
16
-16
80
16
16
0
24
64
-24
24
56
64
-24
0
96
16
-16
56
56
-16
16
24
56
-56
0
96
-64
0
96
-64
-8
72
-48
-32
48
0
-8
48
-16
48
56
-80
48
64
-32
0
16
32
-32
0
64
-48
0
112
16
-64
64
56
-16
48
-16
-16
56
56
-32
-24
56
24
-8
8
56
-24
24
0
40
0
-8
56
-8
16
-16
24
-8
-40
32
-16
-32
48
-88
-24
24
-56
-40
0
24
-48
-80
-40
64
-96
-104
24
0
-64
-56
-40
-48
-48
-24
-80
-72
120
-112
-120
32
-16
-112
-72
24
8
-96
-88
48
-24
-148
-96
88
-16
-80
24
0
-16
-32
-8
-40
-16
72
0
-64
48
8
16
-56
24
80
-56
80
8
-16
48
-16
72
0
-32
132
56
-104
164
56
-80
72
96
0
-40
120
64
-72
32
72
-32
0
64
32
0
48
32
-56
40
72
0
-8
24
48
-24
-56
56
0
-48
16
64
-40
0
0
32
-56
-24
96
-80
-24
148
-56
-48
96
0
0
-16
32
-8
8
56
0
-8
8
96
24
-64
24
180
-48
-24
88
-24
16
0
8
-16
24
112
-40
-56
80
88
-64
-64
88
72
-64
-32
16
32
56
-88
0
40
-8
56
-180
0
56
-64
-96
8
48
-48
-32
-24
0
-88
24
-16
-16
-96
24
24
-112
-80
0
56
-164
-8
32
-48
-96
32
-56
-56
48
-80
-40
-40
64
-64
-40
8
8
-72
24
0
-96
32
0
-72
24
32
-64
24
24
-24
8
-8
-32
0
16
8
-8
48
120
-132
24
104
-96
24
80
-24
24
32
-24
24
-8
88
0
-64
56
32
-120
72
0
-8
32
-64
16
0
8
-88
96
-8
-32
-8
16
0
0
-24
8
40
8
-24
-72
80
8
-24
48
40
-72
0
40
-8
-40
56
56
-32
48
16
-32
24
72
-64
24
80
0
0
8
-24
72
8
-8
24
24
56
-40
56
40
-56
0
72
-40
16
72
0
-48
48
56
-48
16
24
48
-64
80
8
-48
32
-40
-32
40
0
-56
64
-24
56
-40
-80
104
-16
-80
0
112
32
-96
16
112
-80
-48
48
16
-56
8
0
8
24
0
-48
0
0
-24
-56
0
56
-72
8
-16
-16
-8
-48
-32
-16
-24
0
-8
-72
40
-64
-64
24
0
-24
-48
40
-24
-112
0
16
-72
8
64
-72
-48
48
-80
-40
16
-16
-32
-16
32
-56
-56
16
0
-24
24
16
-24
56
-8
-24
0
64
8
-32
0
16
32
-24
0
8
72
16
16
88
16
-32
48
24
-40
8
56
-24
-40
88
40
-72
48
96
-16
-8
56
80
-56
-8
-8
0
40
56
-24
-24
112
8
-96
-32
120
40
-96
8
148
0
-64
72
48
16
0
-56
8
80
-80
-56
56
64
-24
-48
64
24
-48
32
-40
-56
32
-16
-40
0
8
-32
0
0
-56
0
0
-88
-40
40
-56
-56
0
56
-80
-8
64
-40
-64
16
0
-148
56
48
-88
-24
40
0
-32
0
8
-16
-8
48
0
-16
32
16
-40
24
0
-40
16
8
-8
-24
8
32
-24
-40
48
16
0
32
24
-32
8
48
0
-32
16
56
-8
-56
8
32
-40
8
16
40
80
-16
-24
40
16
-8
-24
16
40
48
-16
-32
72
72
-40
-8
72
8
-56
-32
24
-8
-32
-8
0
40
0
-48
24
72
-64
-112
16
8
-72
-40
32
16
-40
-16
48
-24
-32
8
-40
0
0
-72
-24
16
-16
-16
16
40
-40
-72
-40
16
-16
-96
-16
56
24
0
72
48
-16
-8
56
-24
-80
48
0
-48
56
104
0
-8
48
16
0
40
8
-40
16
0
-32
-8
56
16
0
72
40
-40
0
-24
-40
8
-8
8
0
40
16
-16
8
8
-48
-40
24
-8
0
64
-8
-24
16
8
-16
-16
48
8
-16
64
0
-64
8
24
-24
0
48
56
-8
-24
16
-16
-48
40
0
-48
40
80
-24
-8
80
0
-56
24
72
-8
-64
24
8
-72
8
56
0
0
16
-8
-16
-8
-16
-48
-8
32
-16
-40
32
0
-88
-32
24
-56
-56
0
-32
-48
-32
0
0
-48
-16
-24
-24
0
-64
0
8
0
-16
8
40
-8
8
8
16
16
8
8
8
16
16
0
8
48
0
-8
48
56
-8
-16
48
8
-24
24
56
0
-8
16
-8
8
48
8
24
40
8
-16
0
24
-8
-8
32
8
0
24
-16
-32
0
8
0
8
16
16
0
-16
8
8
0
8
-24
-16
32
-8
-64
-24
8
-32
-40
8
24
-24
-24
-16
-16
-32
-64
-24
-40
-40
-40
-32
-8
-32
-48
-32
-24
-32
-40
-40
-16
-32
-32
-16
-8
-16
-40
-40
8
-16
-32
0
0
-8
-24
-8
40
24
16
24
32
16
-8
24
32
8
32
104
64
48
88
48
48
40
64
64
40
72
64
32
56
64
32
48
64
32
16
48
48
0
-8
24
16
-24
0
32
0
-16
-8
0
-8
-32
-40
-40
-16
-32
-32
-16
-24
-32
-16
-24
-40
-48
-64
-56
-48
-24
0
0
-40
-24
-16
-32
-32
-32
-8
-16
-24
-8
-16
-24
-16
-24
0
32
32
8
8
24
0
-16
24
32
40
40
56
40
8
0
0
-8
-8
0
32
32
32
40
16
0
0
16
8
8
0
8
8
8
0
8
24
40
40
64
72
24
-16
-8
8
-8
16
40
32
16
0
-16
-40
-32
-24
-16
-16
-8
-16
-56
-40
-48
-32
-16
0
0
-16
-24
-24
-40
-40
-40
-8
16
8
24
40
16
-40
-56
-64
-64
-64
-32
8
-16
-8
-8
-40
-56
-88
-96
-80
-72
-72
-72
-96
-88
-88
-96
-72
-48
0
0
0
8
0
-24
-40
-32
-16
16
48
72
56
40
24
8
-24
0
40
40
80
104
96
48
16
48
48
56
96
132
112
88
112
72
40
80
112
104
88
132
104
40
40
72
48
24
72
80
48
16
0
-24
-64
-40
0
-8
8
40
40
32
40
24
8
0
16
32
40
56
24
24
40
16
-24
-24
-16
-8
0
8
40
0
-24
-24
-16
-32
-40
-32
-56
-64
-64
-32
-32
-8
0
-8
-48
-80
-120
-132
-132
-120
-72
-72
-64
-32
-72
-120
-120
-120
-104
-80
-40
0
0
-24
-64
-112
-132
-72
-48
-16
16
8
-8
-32
-24
16
48
96
120
132
164
132
96
96
88
88
96
120
164
120
88
96
88
32
48
48
32
24
16
0
-56
-104
-132
-180
-196
-164
-196
-196
-196
-228
-260
-292
-292
-276
-276
-260
-228
-228
-212
-212
-196
-196
-180
-164
-132
-132
-104
-64
-64
-64
-32
8
0
8
64
96
56
64
96
72
96
148
196
212
244
260
244
212
212
244
228
260
276
260
244
276
276
276
308
324
396
428
396
356
292
260
212
212
244
244
244
212
164
120
72
48
64
112
180
260
428
524
812
1180
1436
1500
1436
1308
988
652
396
340
460
492
372
180
-80
-492
-988
-1372
-1564
-1692
-1820
-1980
-1980
-2108
-2236
-2364
-2364
-2236
-2108
-1980
-1692
-1564
-1500
-1372
-1244
-988
-652
-104
460
812
924
748
588
356
292
180
-24
-260
-428
-524
-652
-620
-556
-492
-428
-372
-396
-524
-428
-228
-120
132
396
492
340
324
372
308
228
260
372
308
308
356
340
196
64
196
396
396
460
492
396
308
308
244
148
88
132
260
428
620
652
620
652
748
876
924
988
876
716
684
652
588
524
524
492
460
652
1116
1436
1756
2492
4092
6140
6908
5884
3388
1692
1244
1372
1820
2364
2748
2620
1436
-212
-1884
-3132
-4092
-4348
-4092
-3644
-3388
-3644
-3900
-4348
-4860
-5116
-4860
-4348
-3900
-3516
-3132
-3132
-3516
-3516
-2876
-1692
-556
180
588
844
748
292
-684
-1884
-2620
-2620
-1372
292
1244
1180
556
-40
-748
-1052
-428
556
1180
1564
1884
1884
1308
492
24
40
276
684
924
924
748
96
-620
-652
-308
-120
8
396
748
556
0
-324
-492
-524
-132
524
1052
1244
988
524
196
0
-48
260
556
780
812
460
212
-96
-228
-8
324
924
1436
1564
1436
1436
1500
1628
1980
2364
2364
2236
1980
1756
1564
1564
1500
1436
1564
1756
1980
2236
2748
4092
5884
6652
5884
3516
1564
684
620
924
1436
1980
1980
988
-780
-2620
-3772
-4348
-4860
-4860
-4604
-4348
-4604
-4604
-4860
-5116
-5628
-5372
-5116
-4604
-4092
-3644
-3516
-3644
-3388
-2492
-1308
-324
132
244
524
652
308
-652
-1884
-2748
-2364
-1116
196
716
132
-780
-1756
-2364
-2236
-1628
-924
-396
8
684
1372
1500
1052
492
428
780
1180
1820
2236
1980
1436
924
876
1308
1564
1436
1372
1500
1372
988
492
104
-196
-244
228
988
1244
988
492
48
-80
112
588
1052
1244
1308
1244
1116
1116
988
876
1052
1436
1884
2108
2236
2236
1980
1820
2108
2236
2236
1980
1628
1500
1500
1372
1180
988
988
988
1244
1980
3644
5884
6908
5884
3388
1308
684
716
1052
1628
2492
3004
2236
588
-1372
-3004
-4092
-4348
-4348
-3900
-3900
-4092
-4604
-4604
-4860
-5116
-5372
-5372
-4860
-4348
-4092
-3900
-4348
-4604
-3900
-2364
-844
-180
-228
-292
-244
-492
-1180
-2108
-3004
-3260
-2364
-748
524
716
-72
-1052
-1884
-2108
-1692
-1116
-460
148
620
876
988
780
588
356
428
1116
1756
2108
2108
1436
620
164
340
844
1308
1500
1500
1180
780
308
-228
-492
-492
-112
396
812
988
588
8
-276
-104
292
780
1244
1308
1052
876
988
924
924
1180
1564
1980
2236
2364
2236
1980
1980
2236
2620
2876
2876
2492
1980
1628
1436
1372
1308
1052
716
652
844
1116
1564
2236
4092
6140
6908
5628
2876
1052
556
844
1372
2108
2748
2748
1500
-428
-1980
-3132
-4092
-4860
-4860
-4604
-4348
-4604
-4604
-4604
-5116
-5372
-5372
-4860
-4348
-4092
-4092
-4092
-3772
-3260
-2364
-1052
-16
460
620
812
620
-212
-1436
-2364
-2620
-1980
-988
-132
-72
-876
-1628
-2108
-2236
-2108
-1756
-1116
-396
244
780
1116
988
620
460
684
1180
1500
1500
1308
924
492
260
356
460
356
96
0
-80
-244
-652
-1244
-1500
-1372
-844
-244
324
556
428
212
212
588
988
1180
1244
1564
1884
2108
2236
2236
1980
1884
2108
2620
3004
3004
2620
2236
2236
2620
2876
3004
2876
2492
2108
1884
1756
1500
1180
1052
924
988
1116
1180
1372
1756
3004
5116
6908
6908
4604
1884
620
588
1052
1500
2108
2620
1980
260
-1500
-2748
-3900
-4860
-5372
-5116
-4604
-4604
-4860
-4860
-5116
-5628
-5628
-5372
-4860
-4604
-4604
-4348
-4092
-3772
-3260
-2236
-988
-80
292
372
372
-8
-876
-1980
-2492
-2364
-1692
-748
-164
-196
-924
-1564
-1756
-1628
-1436
-1116
-556
148
924
1244
1116
620
212
40
460
1180
1564
1436
844
228
-120
-56
260
492
556
652
684
588
340
-48
-588
-812
-396
340
988
1308
1244
988
716
748
1116
1500
1820
1980
2108
2108
1980
1884
1692
1500
1628
1980
2492
2876
2876
2492
2236
2108
2236
2620
3004
2876
2492
2108
1756
1500
1372
1244
1180
1052
876
620
492
396
460
876
2108
4348
6396
6396
4348
1692
132
-212
164
620
1116
1436
1180
340
-924
-2236
-3516
-4604
-5116
-5116
-4860
-4604
-4860
-5116
-5116
-5116
-5116
-4860
-4604
-4348
-4348
-4092
-3900
-3644
-3388
-2620
-1436
-276
372
460
372
104
-492
-1372
-1980
-2236
-1692
-812
-148
120
24
-260
-812
-1244
-1500
-1308
-780
-80
460
556
244
-56
-228
-72
244
428
372
260
292
340
276
228
228
244
556
924
1180
1116
620
-8
-460
-340
340
1052
1500
1884
1980
1756
1564
1436
1372
1500
1692
1884
2236
2364
2236
1692
1372
1372
1628
2108
2492
2748
2748
2492
2236
2236
2492
2620
2748
2748
2492
2236
1884
1628
1308
1244
1372
1372
1052
588
372
228
260
780
1884
3516
5116
5884
4860
2492
812
228
340
652
1052
1500
1628
988
-308
-1692
-2620
-3388
-4092
-4604
-4604
-4604
-4860
-5116
-5116
-5116
-5372
-5372
-5116
-4604
-4604
-4348
-4604
-4604
-4348
-3772
-2748
-1564
-684
-308
-396
-620
-924
-1308
-1884
-2236
-1980
-1308
-556
-40
196
-132
-780
-1564
-2108
-1980
-1564
-1116
-812
-652
-620
-780
-812
-524
-64
396
716
876
876
924
876
780
988
1436
1980
2364
2492
2364
1980
1308
812
748
1116
1692
2108
2492
2492
2236
1980
1692
1500
1564
1628
1756
1980
1980
1884
1564
1244
1372
1756
2364
2876
3004
3132
2876
2620
2492
2748
2876
2876
2876
2748
2620
2236
1884
1500
1244
1116
1052
780
396
-16
-396
-620
-396
32
556
1564
3132
4348
4604
3132
1436
396
196
428
684
1052
1372
1244
492
-748
-1692
-2364
-3004
-3772
-4348
-4348
-4604
-4860
-4860
-4860
-4860
-4604
-4604
-4348
-4092
-4092
-4604
-5116
-5116
-4860
-3900
-2748
-1692
-1052
-924
-924
-876
-988
-1500
-1980
-2364
-2236
-1436
-620
-244
-492
-988
-1564
-1884
-1820
-1372
-988
-748
-748
-924
-844
-492
0
492
876
1116
1180
1244
1180
988
684
556
812
1436
2108
2236
2236
1884
1436
1052
988
1180
1564
1884
1980
2108
2108
1980
1884
1628
1500
1500
1628
1692
1628
1500
1308
1308
1564
1980
2364
2620
2620
2492
2492
2492
2492
2492
2620
2748
3004
3132
3004
2748
2364
1980
1692
1628
1756
1564
1052
396
-112
-428
-460
-292
-40
180
524
1308
2492
3772
4348
3516
2108
844
372
396
556
684
780
748
460
-148
-876
-1436
-2108
-2876
-3516
-3900
-4092
-4348
-4604
-4604
-4604
-4348
-4092
-4348
-4348
-4860
-5372
-5628
-5628
-5116
-4348
-3644
-2876
-2108
-1500
-1244
-1180
-1244
-1564
-1980
-2364
-2236
-1500
-684
-276
-428
-556
-460
-356
-428
-460
-180
-64
-104
-260
-228
48
396
716
1116
1628
1884
1628
1244
1116
1244
1500
1628
1884
2236
2364
2108
1756
1372
1116
844
876
1244
1756
2108
1980
1692
1628
1628
1500
1308
1244
1372
1436
1308
1180
1180
1308
1436
1628
1980
2364
2364
2236
2108
1980
1980
1980
2108
2236
2364
2364
2236
1756
1308
1180
924
748
588
428
196
-96
-164
16
56
8
80
228
460
780
1436
2364
3132
3388
2748
1628
556
56
-112
-48
196
372
372
16
-652
-1244
-1564
-1980
-2620
-3388
-3900
-4092
-4092
-4348
-4348
-4348
-4348
-4348
-4092
-4092
-4092
-4348
-4860
-4860
-4604
-3772
-3132
-2364
-1756
-1244
-812
-460
-460
-748
-1116
-1372
-1244
-716
24
460
396
40
-132
-32
164
308
324
340
276
132
164
492
988
1244
1436
1756
2108
2364
2108
1884
1756
1628
1628
1756
1756
1628
1372
1052
844
780
812
844
924
1180
1436
1564
1436
1116
988
876
780
812
988
1052
876
716
780
988
1372
1756
1884
1884
1820
1628
1372
1244
1372
1500
1500
1500
1436
1180
812
460
292
164
212
460
684
588
324
96
-132
-228
-180
-72
-164
-340
-460
-428
-196
428
1500
2492
3132
2748
1980
876
196
-64
-72
88
340
524
428
104
-372
-844
-1372
-2108
-2876
-3516
-3900
-3900
-3900
-3900
-3644
-3644
-3772
-3900
-4092
-4348
-4348
-4604
-4604
-4348
-3772
-3004
-2108
-1436
-844
-460
-196
-180
-396
-812
-1116
-1180
-780
-180
196
228
196
324
492
620
652
652
556
524
716
988
1244
1692
2108
2236
2364
2364
2364
2108
1820
1500
1372
1244
1116
1052
1052
988
988
1052
1052
1244
1436
1500
1436
1372
1436
1308
1244
1372
1372
1372
1308
1308
1244
1116
1052
988
1052
1244
1564
1692
1564
1308
1052
812
716
684
716
780
780
812
844
876
844
620
492
588
588
372
164
-96
-340
-492
-524
-356
-244
-164
-112
-72
-32
180
588
1244
2108
2748
2748
2108
1180
396
8
-196
-196
-72
32
16
-308
-988
-1564
-1980
-2492
-3260
-3900
-4348
-4348
-4348
-4348
-4092
-4092
-4092
-4092
-4092
-4092
-4092
-4092
-4092
-3900
-3388
-2748
-1980
-1372
-812
-460
-324
-396
-684
-988
-1180
-1244
-988
-556
-308
-132
-64
104
396
716
988
1052
1052
876
652
652
876
1244
1628
1884
1980
2236
2236
1980
1756
1564
1372
1372
1436
1564
1628
1564
1500
1436
1500
1692
1884
1980
1980
1980
1980
1756
1628
1692
1692
1756
1756
1692
1564
1372
1244
1052
988
1052
1116
1180
1180
1180
1180
1052
924
876
844
780
780
812
812
876
812
652
556
492
492
460
324
292
292
148
56
64
16
-56
-56
120
372
716
1436
2364
3004
3004
2236
1116
196
-308
-396
-260
-148
-80
-164
-492
-924
-1372
-1884
-2492
-3260
-4092
-4604
-4860
-4604
-4604
-4348
-4092
-3900
-3900
-3900
-3900
-3900
-4092
-4348
-4092
-3772
-3132
-2620
-2108
-1628
-1244
-924
-716
-716
-988
-1308
-1372
-1180
-876
-652
-588
-620
-460
-96
212
524
748
652
324
164
396
844
1244
1564
1756
1980
2108
2236
2108
1884
1756
1500
1372
1436
1500
1564
1500
1500
1564
1820
2108
2364
2364
2492
2364
2364
2236
2236
2236
2108
2108
1980
1980
1820
1628
1308
1244
1244
1244
1180
1180
1244
1180
988
748
684
780
924
988
988
988
924
844
748
684
620
652
748
844
924
924
748
460
276
244
180
196
308
588
1180
1980
2876
3388
3004
1980
812
-40
-340
-372
-340
-292
-276
-460
-812
-1308
-1884
-2364
-3004
-3900
-4604
-4860
-4860
-4604
-4348
-4092
-3772
-3644
-3516
-3516
-3772
-4092
-4348
-4348
-4092
-3516
-2876
-2364
-1884
-1500
-1180
-988
-988
-1244
-1628
-1884
-1980
-1564
-1052
-588
-524
-588
-428
-88
104
72
120
244
356
492
716
1180
1692
2108
2236
2236
2236
2108
1884
1628
1628
1756
1820
1820
1820
1884
1756
1564
1436
1372
1564
1884
2108
2236
2364
2108
1884
1692
1756
1884
1884
1820
1564
1372
1180
988
780
780
924
1052
1244
1308
1372
1308
1116
876
924
1180
1372
1500
1436
1308
1052
780
716
780
924
924
780
716
652
492
396
396
396
396
428
620
1244
2364
3260
3900
3516
2492
1116
132
-324
-396
-372
-308
-372
-684
-1180
-1820
-2364
-2876
-3388
-3900
-4604
-4604
-4604
-4348
-4092
-4092
-4092
-4092
-4092
-4092
-3900
-4092
-4348
-4348
-4092
-3516
-2492
-1820
-1500
-1436
-1372
-1244
-1308
-1564
-1820
-1980
-2108
-1756
-1244
-588
-244
-308
-556
-588
-244
24
260
524
876
1116
1116
1180
1500
1980
2108
1980
1980
1980
1884
1756
1756
1980
2236
2492
2364
2236
2108
1980
1884
1820
1980
2236
2364
2492
2620
2620
2492
2236
1884
1692
1564
1372
1116
988
924
812
652
492
556
812
924
1052
1052
1052
988
988
1052
1308
1628
1820
1820
1628
1436
1180
924
716
620
620
524
396
260
-8
-276
-292
-244
-120
96
524
1244
2364
3388
3772
3132
1820
492
-356
-716
-716
-588
-524
-524
-780
-1372
-2108
-2620
-3260
-3900
-4348
-4604
-4860
-4860
-4604
-4348
-4092
-4092
-4092
-4348
-4092
-4092
-4092
-4092
-3900
-3516
-2748
-1980
-1372
-1116
-1116
-1116
-1116
-1180
-1436
-1756
-1884
-1692
-1308
-684
-148
16
0
-120
-112
120
428
588
748
1052
1372
1756
1980
2108
2364
2364
2108
1820
1820
1884
1884
1980
2236
2748
2876
2748
2364
1980
1692
1564
1692
1980
2364
2620
2620
2492
2236
1980
1628
1308
1180
1372
1372
1244
924
556
260
112
180
396
652
844
924
988
1052
1180
1180
1116
1244
1564
1692
1564
1308
1116
844
588
428
492
588
428
180
-8
-132
-212
-260
-148
212
924
2108
3388
4348
3900
2364
588
-556
-924
-876
-780
-492
-164
-120
-716
-1756
-2620
-3260
-3772
-4348
-4604
-4604
-4092
-3772
-3516
-3516
-3516
-3644
-3900
-3900
-3900
-3900
-3900
-4092
-3772
-3004
-2236
-1756
-1436
-1308
-1372
-1692
-1980
-2108
-2236
-2236
-1980
-1500
-876
-372
-228
-180
-96
16
96
196
460
780
1052
1244
1500
1692
1884
1980
1884
1884
1692
1500
1244
1244
1500
1820
1980
1980
1980
1980
1820
1692
1692
1692
1756
1756
1820
1980
2236
2108
1756
1500
1372
1372
1436
1436
1436
1244
988
748
588
588
684
812
1052
1372
1628
1820
1756
1692
1692
1884
1980
2236
2236
2236
2108
1820
1436
1180
988
924
652
396
148
-24
-24
112
324
620
1308
2364
3644
4092
3516
1980
292
-780
-924
-748
-556
-212
80
-8
-748
-1980
-3004
-3644
-4092
-4348
-4604
-4348
-3772
-3388
-3132
-3132
-3260
-3644
-4092
-4348
-4348
-4092
-4092
-4092
-3772
-3260
-2748
-2364
-2236
-2236
-2492
-2620
-2620
-2492
-2364
-2236
-1980
-1436
-780
-372
-80
180
260
196
88
148
372
684
988
1180
1308
1244
1116
924
924
988
844
716
844
1180
1436
1436
1500
1628
1628
1564
1436
1372
1436
1500
1500
1628
1820
1980
1820
1436
1244
1180
1116
1180
1436
1628
1500
1244
924
716
588
556
716
988
1372
1692
1980
2108
2108
2108
2108
2364
2492
2620
2620
2364
2108
1980
1820
1692
1564
1372
1180
1052
844
748
780
924
1180
1980
3260
4348
4604
3772
2108
588
-228
-492
-308
-72
96
164
-180
-988
-1980
-3004
-3644
-4092
-4348
-4348
-3772
-3260
-2876
-2876
-3004
-3388
-3772
-4092
-4092
-4092
-4092
-4092
-3900
-3516
-3132
-3004
-3132
-3132
-3260
-3260
-3260
-3260
-3132
-2876
-2492
-1980
-1244
-620
-228
-164
-24
260
524
716
684
652
652
652
684
748
780
812
684
428
396
524
524
396
428
716
1052
1308
1372
1436
1500
1436
1308
1436
1564
1500
1308
1116
1052
1116
1052
924
876
924
988
988
1052
1052
812
460
308
356
556
748
924
1180
1564
1980
2236
2364
2364
2364
2236
2492
2748
2748
2620
2364
2108
1980
1884
1884
1756
1500
1436
1372
1308
1436
1500
1820
2620
3900
4860
5116
3900
2108
460
-492
-684
-556
-276
-32
-72
-620
-1500
-2492
-3260
-3900
-4348
-4604
-4092
-3388
-2748
-2364
-2364
-2620
-3004
-3388
-3772
-3900
-4092
-4092
-3900
-3516
-3132
-2748
-2748
-3004
-3260
-3388
-3260
-3132
-2748
-2620
-2492
-2492
-1980
-1180
-652
-492
-228
356
812
876
812
876
924
716
524
620
876
812
396
180
308
588
556
340
324
492
620
652
844
1180
1244
1052
1116
1372
1628
1564
1308
1116
1180
1244
1180
1052
924
684
428
460
748
924
812
460
340
428
588
652
748
988
1180
1372
1756
2236
2492
2492
2364
2364
2620
2748
2620
2364
2108
1820
1628
1628
1564
1564
1564
1628
1692
1628
1564
1692
2364
3516
4348
4604
3516
1980
588
-212
-524
-588
-460
-244
-212
-620
-1564
-2620
-3260
-3900
-4092
-4092
-3772
-3260
-2620
-2236
-2236
-2492
-3004
-3516
-3900
-4092
-4092
-4092
-3900
-3644
-3132
-2876
-3004
-3132
-3260
-3388
-3132
-2748
-2236
-1820
-1500
-1180
-716
-228
-48
-148
-164
260
748
988
1180
1372
1372
1052
684
748
844
748
492
292
356
396
372
372
556
780
716
652
748
988
924
684
588
684
844
876
780
620
524
428
372
460
460
324
96
-24
112
276
212
-16
-104
-24
180
524
876
1180
1244
1244
1564
1980
2364
2364
2492
2620
2876
2876
2748
2748
2620
2364
2108
2108
2108
2108
2108
2108
2236
2236
2236
2108
2620
3644
4604
4604
3900
2620
1116
8
-428
-396
-196
-16
56
-72
-780
-1884
-2876
-3644
-4092
-4092
-3772
-3132
-2620
-2108
-2236
-2492
-2876
-3516
-4092
-4348
-4348
-4348
-4092
-4092
-3900
-3644
-3644
-3516
-3516
-3388
-3132
-2748
-2364
-1980
-1692
-1436
-1052
-556
-48
324
428
308
196
260
492
556
492
324
340
492
356
132
64
24
16
72
196
292
292
148
120
324
524
652
748
844
924
924
844
812
812
844
844
924
924
844
556
340
308
396
428
396
356
340
396
460
556
780
988
1116
1372
1820
2236
2364
2492
2492
2620
2748
3004
3260
3388
3388
3132
2876
2620
2364
2236
2108
2236
2492
2492
2364
2364
2620
3132
3644
3900
3644
2876
1628
460
-228
-428
-396
-196
48
120
-276
-1116
-1980
-2876
-3388
-3644
-3644
-3260
-2748
-2236
-2108
-2236
-2620
-3132
-3644
-4092
-4348
-4348
-4348
-4348
-4092
-3772
-3644
-3772
-3772
-3516
-3132
-2620
-2364
-2108
-1980
-1820
-1500
-1116
-556
-148
-32
-56
-64
88
196
228
244
372
396
276
260
308
292
120
32
96
292
428
396
212
132
132
180
356
524
716
748
748
748
684
588
428
396
428
460
492
524
556
556
524
428
460
620
620
588
716
924
1180
1308
1436
1692
1980
2108
2108
2108
2236
2236
2364
2492
2620
2876
2876
2876
2748
2620
2492
2364
2236
2236
2236
2364
2364
2236
2236
2364
2748
3260
3388
3132
2492
1308
292
-260
-396
-340
-180
-96
-132
-460
-1116
-1756
-2364
-2876
-3260
-3388
-3132
-2748
-2492
-2236
-2364
-2748
-3132
-3516
-3772
-4092
-4092
-4092
-3900
-3644
-3516
-3388
-3388
-3260
-3004
-2620
-2364
-2236
-2236
-2236
-1980
-1628
-1180
-780
-492
-292
-132
0
56
164
244
228
212
308
524
684
684
620
556
684
812
844
876
748
556
396
308
428
460
428
492
588
716
812
780
620
372
244
308
492
652
652
620
620
684
812
924
924
844
780
812
988
1244
1436
1500
1500
1564
1692
1884
1884
1884
1820
1820
1980
2236
2364
2236
2108
2108
2108
2236
2236
2236
2236
2236
2108
2108
2236
2364
2748
2876
2876
2492
1756
924
164
-324
-620
-620
-524
-460
-524
-812
-1372
-1980
-2492
-2876
-3132
-3260
-3132
-3004
-2748
-2492
-2492
-2748
-3132
-3516
-3644
-3772
-3772
-3772
-3516
-3260
-2876
-2620
-2492
-2364
-2236
-2236
-2236
-2108
-1980
-1884
-1756
-1628
-1180
-652
-372
-396
-428
-260
-64
112
372
684
780
716
716
924
1116
1116
924
780
876
924
1052
1116
1180
988
748
748
924
924
812
684
620
620
620
556
492
428
372
492
652
812
876
780
716
780
924
924
924
1052
1180
1244
1308
1372
1436
1436
1436
1500
1628
1692
1628
1628
1756
1980
1980
1980
1980
1820
1628
1564
1692
1756
1628
1500
1500
1500
1500
1500
1500
1628
1628
1628
1500
1308
924
460
-8
-396
-652
-652
-588
-588
-844
-1052
-1372
-1628
-1884
-2108
-2364
-2492
-2620
-2748
-2748
-2748
-2748
-2876
-3004
-3132
-3260
-3260
-3260
-3132
-3132
-2876
-2492
-2108
-1820
-1820
-1820
-1820
-1884
-1884
-1980
-1756
-1500
-1244
-988
-924
-780
-684
-748
-812
-716
-428
-180
-40
64
164
356
524
684
844
844
780
716
844
988
924
812
780
844
924
988
1052
988
924
748
652
716
748
748
812
876
988
1180
1244
1244
1244
1308
1308
1372
1308
1372
1308
1244
1308
1372
1436
1436
1436
1436
1372
1436
1436
1372
1372
1372
1500
1628
1756
1756
1692
1628
1628
1564
1500
1436
1372
1372
1436
1500
1564
1436
1372
1180
844
620
428
396
340
292
196
48
-132
-340
-524
-716
-924
-1052
-1244
-1436
-1692
-1980
-2236
-2620
-2748
-2876
-2876
-3004
-3132
-3260
-3388
-3388
-3388
-3516
-3516
-3260
-3004
-2748
-2492
-2364
-2364
-2364
-2236
-2108
-1980
-1756
-1564
-1244
-1052
-924
-780
-652
-524
-372
-164
88
132
80
120
260
524
844
1052
1052
1052
1052
1116
1308
1436
1500
1436
1308
1308
1308
1244
1244
1116
988
924
924
924
876
812
748
748
780
780
812
812
812
876
988
1052
988
876
652
556
588
620
652
620
588
524
524
620
780
844
876
988
1116
1180
1180
1180
1244
1244
1244
1372
1500
1628
1756
1980
2108
2236
2364
2236
1980
1820
1756
1692
1628
1500
1308
1052
844
620
356
88
-212
-524
-748
-988
-1180
-1436
-1692
-1980
-2236
-2492
-2748
-2876
-3132
-3260
-3516
-3644
-3644
-3644
-3516
-3260
-3132
-3004
-3004
-2876
-2876
-2620
-2364
-2236
-2108
-1980
-1692
-1436
-1244
-1052
-844
-716
-556
-340
-148
8
196
308
428
588
684
748
924
988
1052
988
988
988
988
1052
1180
1244
1308
1244
1180
1052
844
780
780
748
652
652
652
588
524
492
396
356
372
396
428
492
492
428
428
428
428
428
460
492
524
652
780
844
812
716
588
492
588
780
988
1180
1372
1564
1564
1564
1500
1436
1372
1372
1500
1628
1884
1980
2108
2108
2108
2108
1884
1692
1436
1244
1116
924
844
684
396
80
-212
-460
-780
-1116
-1436
-1820
-2108
-2236
-2364
-2492
-2748
-3004
-3260
-3516
-3516
-3516
-3644
-3644
-3516
-3516
-3260
-3004
-2876
-2748
-2620
-2492
-2236
-2108
-1820
-1628
-1436
-1244
-1116
-924
-716
-524
-428
-356
-212
-8
196
396
652
924
1116
1308
1372
1372
1372
1372
1372
1372
1372
1372
1372
1436
1564
1564
1564
1500
1372
1308
1244
1244
1244
1180
1116
1052
988
876
780
716
716
780
844
924
876
844
812
780
748
716
684
620
588
588
556
620
684
748
748
748
748
748
748
812
924
988
988
1116
1052
1052
1116
1180
1308
1308
1308
1116
1116
1116
1180
1244
1244
1116
924
780
684
556
324
48
-212
-492
-652
-924
-1244
-1628
-1980
-2236
-2364
-2492
-2620
-2748
-2876
-3132
-3132
-3260
-3388
-3516
-3516
-3516
-3388
-3260
-3132
-3132
-2876
-2748
-2620
-2620
-2492
-2236
-1980
-1756
-1500
-1372
-1180
-988
-812
-556
-372
-228
-164
-112
24
244
492
780
988
1180
1308
1500
1628
1692
1756
1692
1692
1692
1756
1756
1756
1756
1756
1756
1756
1820
1756
1692
1564
1500
1500
1436
1436
1436
1372
1308
1180
1052
924
844
780
748
748
748
780
780
780
716
620
588
620
652
684
780
876
988
1052
1116
1116
1116
1180
1244
1308
1436
1564
1692
1756
1692
1628
1500
1308
1180
988
844
684
588
460
356
292
196
64
-64
-244
-460
-684
-924
-1116
-1372
-1628
-1884
-2108
-2236
-2364
-2492
-2620
-2748
-3004
-3260
-3388
-3516
-3516
-3516
-3644
-3644
-3644
-3516
-3260
-3132
-3004
-2876
-2620
-2492
-2108
-1884
-1756
-1628
-1500
-1308
-1052
-716
-460
-260
-80
164
396
588
748
812
924
988
1116
1308
1564
1628
1692
1692
1692
1820
1980
1884
1820
1692
1628
1564
1500
1436
1436
1308
1308
1372
1308
1308
1244
1116
1052
924
924
924
924
844
780
716
652
588
556
556
620
716
748
748
780
812
748
780
780
780
780
844
924
988
1052
1180
1308
1436
1500
1564
1628
1628
1500
1436
1372
1308
1244
1116
988
812
652
524
372
196
24
-212
-428
-652
-844
-1052
-1244
-1436
-1628
-1692
-1820
-1820
-1980
-2108
-2364
-2620
-2748
-2876
-3004
-3004
-3004
-3132
-3132
-3132
-3004
-3004
-3004
-3004
-2876
-2876
-2620
-2364
-2108
-1692
-1372
-988
-652
-396
-196
-40
24
88
244
428
588
652
716
812
924
1052
1180
1244
1308
1308
1372
1436
1500
1500
1436
1500
1564
1628
1692
1628
1500
1372
1180
1052
988
924
876
876
924
924
924
924
812
812
780
716
780
812
780
716
684
620
556
556
588
588
524
524
588
716
780
780
812
844
844
924
988
988
924
876
876
924
988
988
924
924
924
924
844
684
460
228
-32
-276
-492
-716
-924
-1052
-1180
-1308
-1436
-1564
-1564
-1692
-1756
-1820
-1980
-2236
-2364
-2364
-2492
-2492
-2492
-2492
-2364
-2364
-2236
-2236
-2108
-2108
-2108
-2108
-1980
-1884
-1820
-1692
-1628
-1500
-1372
-1180
-924
-684
-556
-396
-180
80
340
620
812
924
1116
1244
1308
1372
1372
1308
1308
1308
1372
1436
1500
1500
1500
1500
1500
1564
1692
1628
1564
1500
1436
1372
1308
1244
1116
924
812
716
684
684
620
588
556
524
556
556
620
652
620
652
652
684
748
780
780
716
684
652
620
620
652
652
588
588
620
588
588
588
556
492
492
524
524
524
492
396
324
244
132
16
-72
-148
-196
-244
-396
-620
-780
-924
-1116
-1244
-1372
-1564
-1692
-1756
-1820
-1820
-1980
-1980
-1980
-2108
-2108
-2108
-2236
-2236
-2236
-2236
-2236
-2236
-2236
-2108
-1980
-1756
-1628
-1500
-1436
-1436
-1372
-1180
-1116
-988
-876
-780
-620
-460
-276
-132
40
196
372
556
716
844
988
988
1116
1244
1308
1372
1436
1436
1436
1500
1500
1564
1564
1564
1500
1500
1436
1372
1372
1308
1244
1244
1180
1116
988
876
748
620
524
492
460
492
524
620
652
716
716
684
652
652
684
684
684
748
748
780
844
844
876
876
844
812
780
716
684
652
620
620
588
492
340
212
96
48
0
-56
-80
-56
-80
-164
-260
-396
-556
-684
-780
-876
-988
-1180
-1372
-1500
-1564
-1628
-1692
-1692
-1756
-1820
-1820
-1820
-1820
-1884
-1884
-1980
-1820
-1756
-1628
-1564
-1564
-1500
-1500
-1372
-1308
-1180
-1052
-988
-876
-748
-684
-652
-588
-492
-356
-260
-148
-16
104
276
428
556
652
684
748
844
924
988
988
1052
1052
1180
1244
1308
1308
1244
1180
1180
1180
1180
1180
1116
1052
988
924
924
924
780
748
684
620
588
492
396
324
180
96
64
16
32
96
164
244
396
524
652
716
652
652
684
652
684
716
716
716
684
716
716
748
716
652
556
460
356
260
148
56
-48
-164
-244
-292
-396
-524
-652
-748
-812
-812
-812
-812
-876
-924
-924
-924
-924
-988
-1116
-1180
-1244
-1244
-1244
-1244
-1308
-1308
-1372
-1308
-1244
-1180
-1116
-1180
-1116
-1116
-988
-924
-876
-812
-780
-684
-556
-428
-372
-292
-228
-180
-88
16
72
132
180
228
308
396
396
428
492
556
620
652
716
748
780
812
844
924
924
876
924
876
844
780
684
652
652
652
716
716
652
620
588
524
524
492
492
492
460
492
524
492
396
324
228
164
104
64
64
148
212
276
324
356
396
428
372
292
212
212
260
324
396
396
372
292
228
164
72
24
-48
-112
-180
-260
-356
-428
-524
-588
-620
-652
-684
-716
-780
-844
-876
-924
-924
-924
-924
-876
-876
-844
-876
-924
-988
-1052
-1052
-988
-924
-812
-748
-684
-652
-588
-524
-428
-396
-396
-396
-372
-324
-260
-196
-88
-16
56
148
244
292
340
356
372
396
428
428
460
524
588
652
652
652
652
588
652
652
652
684
652
652
716
748
748
780
812
780
716
652
556
492
428
396
372
324
260
196
196
164
132
96
8
-64
-132
-164
-180
-132
-96
-56
-48
-112
-180
-244
-292
-260
-180
-132
-72
-16
56
120
196
212
180
132
88
112
196
228
228
180
148
72
56
8
-16
-72
-148
-196
-228
-244
-324
-356
-396
-396
-372
-356
-324
-324
-396
-460
-556
-556
-556
-524
-492
-492
-492
-524
-524
-556
-620
-652
-684
-652
-588
-492
-428
-372
-324
-244
-132
-88
-112
-96
-32
40
104
148
148
132
180
308
428
492
588
556
524
524
524
492
460
428
460
492
524
492
396
276
164
120
164
196
212
180
112
96
120
132
112
72
0
-40
-56
-64
-64
-96
-164
-228
-244
-244
-260
-308
-324
-324
-292
-292
-276
-244
-212
-196
-180
-180
-180
-196
-196
-180
-148
-72
8
120
244
324
372
396
428
428
428
396
372
396
396
428
428
396
396
372
292
260
228
148
80
56
56
16
24
0
-48
-104
-132
-164
-180
-132
-132
-164
-196
-212
-228
-228
-212
-228
-228
-260
-276
-292
-340
-356
-356
-308
-196
-72
0
56
40
56
64
64
132
196
212
276
324
324
308
260
228
212
228
260
356
428
428
396
340
276
212
180
164
88
32
-48
-132
-164
-212
-244
-244
-292
-308
-292
-324
-340
-428
-492
-492
-524
-524
-524
-524
-524
-492
-460
-396
-356
-324
-324
-308
-244
-244
-260
-292
-324
-308
-260
-212
-148
-112
-120
-120
-104
-132
-112
-96
-104
-40
32
112
180
244
308
324
324
324
324
308
340
340
292
244
244
228
244
260
244
244
212
180
164
164
164
148
112
96
148
180
196
228
260
212
180
148
132
148
180
196
148
132
96
48
24
16
8
72
180
244
340
372
356
396
428
428
428
396
356
356
396
396
428
372
276
228
196
148
132
96
56
24
8
24
40
48
24
0
-40
-96
-120
-148
-212
-292
-396
-460
-492
-460
-460
-428
-460
-492
-556
-620
-652
-684
-748
-748
-748
-716
-652
-620
-556
-492
-428
-356
-308
-276
-276
-324
-356
-356
-324
-276
-260
-276
-308
-324
-324
-340
-324
-276
-276
-260
-212
-164
-132
-80
-48
-24
24
80
112
132
180
164
180
196
196
196
244
308
340
396
372
340
308
276
292
340
396
428
428
428
396
396
372
340
308
324
356
396
428
492
460
460
396
372
340
292
308
340
372
428
460
460
492
492
492
492
460
428
372
340
260
164
112
40
24
80
104
104
112
96
48
24
-16
-72
-132
-196
-196
-148
-88
-64
-64
-104
-164
-196
-212
-212
-244
-292
-356
-372
-340
-308
-292
-276
-340
-396
-428
-492
-492
-492
-524
-524
-492
-460
-396
-324
-292
-292
-308
-308
-340
-372
-340
-308
-340
-324
-356
-428
-428
-428
-428
-396
-340
-308
-292
-260
-212
-180
-164
-196
-212
-196
-120
-16
24
24
24
16
32
24
64
104
132
164
148
180
196
180
196
244
292
340
428
460
428
372
324
276
260
292
324
356
324
340
372
356
340
340
308
276
276
340
396
428
460
460
428
396
428
396
396
356
372
356
356
340
324
308
228
164
132
112
80
80
88
96
88
88
40
-8
-72
-88
-64
-24
0
-16
-32
-72
-88
-64
-40
-72
-112
-164
-228
-276
-324
-340
-396
-460
-460
-492
-524
-556
-556
-556
-492
-524
-524
-524
-524
-492
-492
-524
-556
-588
-588
-556
-524
-492
-492
-460
-460
-460
-396
-396
-396
-372
-324
-228
-104
-16
32
24
-24
0
-32
-40
32
40
40
88
164
180
180
228
276
308
308
324
356
356
372
396
460
524
556
620
620
556
492
460
396
428
460
492
524
556
556
492
460
396
308
244
228
276
308
356
356
324
276
228
196
196
212
212
212
196
196
180
164
120
104
72
64
24
-24
-72
-132
-132
-132
-104
-72
0
16
8
0
-64
-148
-212
-228
-212
-212
-244
-276
-308
-324
-356
-396
-428
-492
-460
-492
-492
-460
-460
-460
-492
-492
-460
-428
-396
-396
-372
-396
-428
-460
-460
-460
-492
-524
-524
-524
-492
-492
-460
-428
-396
-356
-308
-244
-196
-132
-96
-88
-32
0
40
104
148
180
180
212
212
228
276
308
324
372
396
396
396
396
428
428
428
460
492
492
524
556
588
588
556
492
428
428
428
396
460
460
492
492
492
492
428
340
276
196
164
212
260
244
260
276
260
244
212
148
96
72
48
24
32
32
0
-40
-32
-24
-24
-40
-96
-132
-196
-228
-244
-260
-244
-212
-180
-164
-132
-148
-212
-244
-324
-372
-356
-356
-340
-324
-340
-372
-372
-396
-428
-460
-524
-556
-556
-588
-556
-492
-492
-524
-460
-492
-492
-492
-460
-460
-492
-492
-460
-428
-428
-428
-428
-428
-396
-396
-356
-276
-228
-196
-104
-48
-24
40
112
148
196
212
260
276
292
324
340
372
428
460
492
524
556
524
492
492
524
492
492
524
524
556
556
588
588
556
524
524
524
524
524
556
556
556
524
492
492
428
356
292
228
212
260
292
340
340
324
276
212
180
164
112
80
64
56
72
64
48
8
-40
-56
-48
-48
-48
-96
-180
-244
-292
-340
-324
-308
-340
-372
-396
-428
-460
-460
-492
-524
-524
-524
-524
-524
-524
-524
-524
-556
-524
-524
-492
-524
-524
-524
-524
-524
-524
-524
-524
-524
-556
-524
-492
-460
-396
-396
-428
-428
-428
-396
-340
-292
-244
-196
-132
-112
-64
-16
0
16
48
64
120
196
260
308
356
372
396
428
492
524
524
556
556
620
652
620
556
492
460
428
428
428
428
428
396
396
428
396
396
356
308
292
292
276
292
308
308
324
308
276
228
148
132
64
40
88
132
212
260
276
260
196
132
80
32
24
8
8
-8
-48
-80
-104
-104
-80
-64
-64
-72
-88
-104
-132
-132
-148
-196
-164
-132
-148
-164
-164
-196
-212
-244
-260
-244
-244
-212
-164
-148
-196
-244
-324
-396
-428
-396
-396
-396
-372
-356
-356
-356
-396
-428
-460
-492
-492
-492
-460
-396
-356
-356
-340
-340
-308
-276
-228
-164
-132
-148
-132
-104
-56
-16
0
16
32
96
120
164
212
244
292
308
372
428
460
492
492
492
492
460
460
460
524
524
524
524
492
428
324
260
228
260
228
212
180
132
88
16
-16
-72
-88
-80
-64
-24
-16
-24
-40
-72
-88
-132
-120
-88
-56
-16
8
0
-16
0
-16
-24
-48
-56
-96
-112
-112
-96
-72
-72
-56
-40
-8
0
0
-56
-96
-96
-80
-40
-16
0
-24
-24
-8
-16
0
32
8
-16
-16
-32
-24
-24
-32
-64
-120
-148
-196
-244
-228
-228
-212
-196
-180
-180
-212
-244
-276
-308
-356
-340
-308
-292
-260
-212
-164
-148
-96
-72
-56
-40
-32
-16
16
56
88
120
164
196
244
308
324
340
356
340
340
356
396
396
396
460
460
428
460
428
428
428
396
428
428
396
372
308
276
196
132
120
120
120
96
120
96
32
-64
-132
-148
-132
-164
-212
-212
-212
-276
-292
-292
-276
-244
-212
-180
-196
-180
-180
-228
-196
-148
-164
-164
-148
-180
-212
-228
-212
-196
-180
-132
-88
-80
-104
-104
-132
-164
-164
-164
-196
-244
-308
-324
-356
-324
-308
-292
-260
-260
-276
-260
-212
-212
-228
-244
-212
-196
-196
-180
-164
-180
-196
-164
-120
-96
-56
-48
-64
-72
-72
-64
-40
-8
40
48
24
8
16
24
32
104
148
212
244
276
308
324
340
324
324
356
356
356
356
324
340
372
372
372
396
372
324
324
292
308
324
340
356
340
340
324
292
292
276
228
164
148
148
148
180
132
72
24
8
8
-8
-32
-80
-132
-180
-180
-148
-120
-112
-132
-164
-148
-104
-72
-24
16
48
40
48
80
80
96
72
32
8
24
48
80
112
104
112
112
96
72
32
-24
-88
-132
-148
-180
-180
-196
-212
-228
-228
-212
-196
-212
-244
-260
-276
-292
-308
-324
-308
-292
-292
-276
-276
-292
-292
-276
-228
-148
-132
-164
-164
-196
-244
-228
-212
-180
-164
-132
-96
-56
-64
-72
-80
-88
-88
-56
-40
-32
-40
-32
-16
0
0
-8
-24
-32
-16
0
40
72
96
104
88
72
32
40
48
48
72
104
148
180
164
180
212
196
148
164
180
164
180
164
164
164
148
180
196
212
196
196
164
148
132
132
148
148
132
96
72
64
72
72
96
148
132
148
180
196
196
180
132
80
72
64
56
80
88
88
104
88
72
40
24
0
-24
-56
-80
-96
-132
-164
-164
-164
-196
-244
-276
-308
-324
-324
-276
-244
-212
-212
-196
-180
-180
-148
-148
-164
-180
-148
-132
-80
-16
0
-16
0
8
24
40
32
48
32
24
16
24
16
8
16
24
16
40
72
72
48
16
0
-24
-48
-72
-72
-88
-104
-96
-64
-48
-48
-64
-40
-24
-32
-48
-48
-48
-48
-16
0
40
96
112
96
72
48
40
8
16
16
24
48
64
112
164
148
96
56
32
32
56
80
112
132
148
164
212
228
164
120
88
72
72
96
132
180
212
212
196
148
132
104
80
56
48
64
104
112
132
132
104
72
8
-40
-96
-148
-228
-244
-228
-244
-244
-228
-244
-260
-276
-308
-292
-292
-276
-276
-276
-244
-244
-244
-212
-212
-212
-180
-148
-104
-64
-24
-8
24
72
104
132
148
148
148
180
196
164
164
164
180
180
148
164
164
164
164
180
196
196
180
148
132
104
72
40
24
0
-40
-56
-56
-32
-24
-32
-48
-64
-56
-40
-48
-64
-64
-112
-104
-80
-80
-80
-88
-104
-148
-132
-132
-96
-96
-104
-104
-112
-88
-64
-40
-24
24
40
48
56
56
40
32
56
72
72
64
48
24
16
32
48
48
48
72
112
148
148
148
148
132
104
88
72
40
24
0
0
16
8
0
-48
-120
-164
-180
-196
-212
-212
-196
-212
-196
-196
-228
-228
-228
-212
-212
-196
-212
-180
-180
-164
-96
-72
-48
-56
-56
-48
-40
-8
16
40
56
96
148
148
164
180
164
148
164
180
212
260
292
324
356
356
324
324
276
212
196
180
164
148
120
96
32
-8
-48
-40
-64
-48
-40
-40
0
8
56
96
104
80
80
