SAMPLES:	8615
BITSPERSAMPLE:	16
CHANNELS:	1
SAMPLERATE:	16000
NORMALIZED:	FALSE
-32
0
16
-24
-24
0
0
-16
-16
-8
-24
8
-8
-32
-16
0
-8
-40
-24
0
-8
-16
-48
0
0
-40
-24
0
-8
-40
8
0
-32
-8
0
-8
-8
16
-16
-24
8
0
-24
-24
16
8
-16
0
0
8
8
-8
8
0
0
8
0
-24
8
48
0
0
16
40
16
0
0
16
24
24
-8
24
40
0
8
8
24
0
0
24
24
-8
16
24
0
-8
0
32
-16
0
32
0
-16
16
24
-32
0
16
-32
-16
40
-8
-64
32
16
-40
-24
16
0
-16
16
-24
-16
0
24
-24
-32
24
-8
-40
-16
8
0
-16
0
8
-8
-8
0
-16
8
-8
0
16
16
8
-16
8
16
0
-32
0
40
16
-8
8
40
0
-16
16
8
0
0
8
-8
0
16
-8
-16
8
0
-8
16
-8
-32
0
24
-32
-40
48
0
-56
-8
16
16
-16
-8
-8
0
0
-32
-8
16
0
-16
0
0
0
0
-8
0
-8
0
-8
16
0
-24
40
0
-32
0
24
8
-16
32
32
0
8
0
8
8
0
-8
0
32
0
-8
16
8
0
0
0
8
0
0
8
8
0
-24
8
24
-8
-16
24
24
-24
0
24
0
-32
0
0
-8
0
-24
-8
0
0
-8
-16
8
16
0
-32
0
32
-8
-24
0
0
-8
-32
0
16
-8
-8
0
0
-8
0
16
-16
-8
0
0
0
-32
16
40
-8
-32
24
16
-32
-8
24
8
-24
32
8
0
-8
0
40
-24
0
24
16
16
0
0
-8
48
8
-64
40
64
0
-32
24
48
-48
0
16
0
8
0
24
0
-8
0
8
0
-8
8
0
-16
0
0
-32
0
0
-16
-24
8
0
-40
-16
8
0
-56
-24
16
0
-48
8
16
-24
-16
0
-8
-48
16
0
-48
-16
40
-16
-72
0
40
-8
-64
8
24
0
-32
-24
40
24
0
0
8
24
16
0
-16
8
48
-24
-32
40
16
-16
8
40
0
0
16
40
-8
-16
56
32
0
0
32
24
0
0
16
0
-8
40
16
-16
40
40
0
0
24
16
-16
0
8
-8
-24
16
16
-24
8
40
-16
-8
64
0
-48
16
40
-40
-56
32
24
-32
-40
0
24
-48
-16
16
-8
0
0
-8
16
16
0
0
0
16
0
0
-8
0
40
-40
0
56
0
-32
8
16
0
0
-24
8
40
-16
-40
8
40
-24
-16
0
0
0
-8
-40
-8
8
-16
-48
-40
40
-40
-64
16
-8
-32
-32
-8
-8
-48
0
-24
-40
-16
-32
24
-32
-48
16
0
-24
-24
0
0
-16
-8
-40
-8
40
-40
-16
24
8
0
-32
16
16
0
0
56
0
-56
64
8
-72
24
56
0
-24
16
32
0
0
-16
48
48
0
8
8
48
32
-48
16
88
0
-40
48
72
0
-8
16
0
40
40
-24
8
48
40
8
-32
40
80
-8
-40
48
24
-16
8
8
-16
16
40
-24
-8
40
8
-40
-16
40
0
-48
-8
56
-16
-56
32
-8
-32
0
0
-24
0
0
-16
-40
16
24
-80
16
16
-32
-32
8
32
-80
0
24
-48
-16
16
32
-64
-8
64
-24
-56
0
64
-40
-40
48
0
-16
0
0
16
-32
0
64
-40
0
16
8
16
-24
32
0
0
56
-48
-8
64
-16
-24
8
24
-8
-16
24
8
-56
-8
40
-24
-24
8
24
0
-40
16
8
-48
0
16
0
0
-24
0
-40
16
-8
-72
8
48
-48
-64
32
16
-56
-16
24
0
-16
0
-48
-48
72
-40
-80
24
0
-32
-40
-8
16
-16
-32
-16
32
-8
-48
24
0
-64
48
0
-56
24
16
-16
-16
32
-24
-16
8
16
-8
-48
40
24
-80
24
88
0
-80
24
132
-24
-48
48
104
40
-96
24
132
8
-24
40
48
72
16
-16
56
96
56
-64
96
104
0
48
0
64
56
16
48
24
80
40
0
32
88
-8
8
72
56
-24
8
80
-40
8
24
0
-8
48
16
-16
-64
56
80
-104
-16
80
16
-80
8
16
-56
24
-48
-72
24
0
-104
8
40
-88
-72
72
-8
-148
-24
48
-48
-120
0
-8
8
-120
0
16
-96
-64
-32
16
-112
-88
0
-32
-88
-64
-32
-24
-64
-48
-64
-40
0
-80
-8
-24
-80
-8
-24
-96
-40
24
-48
-120
-24
64
-96
-112
64
64
-112
-40
40
-8
-64
16
16
-96
148
-8
-96
56
56
-48
-16
148
-80
32
132
-40
-16
56
120
-24
-48
180
88
-80
40
120
32
0
16
120
16
32
88
0
96
8
64
96
-8
64
72
32
24
0
88
64
-32
48
72
24
-16
80
88
-80
72
64
-16
-8
40
56
-48
0
56
-8
-24
40
-8
-24
-16
104
0
-120
88
104
-32
-148
80
132
-120
-16
40
32
-24
-56
8
-48
40
0
-64
32
-8
0
-56
-24
40
-32
-8
-16
-64
40
8
-48
-48
0
48
-112
-16
-48
16
-32
-96
32
-8
8
-112
0
48
-56
-88
-32
64
-48
-96
-16
120
-80
-112
104
32
-80
-96
148
-16
-180
16
104
-80
-112
88
56
-88
32
40
-132
64
40
-72
-24
0
48
-24
-120
32
48
-8
-112
88
96
-148
-8
80
8
-164
32
164
-180
-96
164
-16
-164
24
80
-104
-16
88
-104
24
88
-148
72
80
-32
-72
0
56
-48
-48
-64
8
88
-104
-56
120
-48
-40
80
24
-88
8
104
-32
-104
132
48
-96
8
32
24
-72
56
64
-96
8
112
24
-164
112
180
-88
-8
104
104
-104
-24
112
24
-24
48
72
40
24
-40
96
180
-72
-64
180
132
-132
16
180
40
16
16
72
132
0
-40
64
132
-48
-32
132
104
-32
-8
164
120
-72
-64
112
104
-24
-96
40
88
88
-164
-88
180
-40
-32
-80
24
32
-16
-96
-48
104
-80
-96
8
8
-148
-16
0
-96
-64
-56
40
-112
-104
0
16
-132
-16
24
-132
32
-24
-132
-56
132
-196
-164
196
-72
-244
0
104
-112
-132
88
-64
-48
32
-40
-8
-32
-8
-104
96
0
-164
8
132
0
-180
8
72
32
-56
-148
80
148
-148
-164
132
120
-88
-24
120
8
-64
16
0
16
-112
16
148
-56
-120
24
180
-16
-276
148
180
-96
-80
0
120
24
-40
-64
24
260
-64
-180
180
164
-164
-132
244
8
-132
104
132
-16
-56
24
112
-16
-96
96
120
-104
-16
88
32
-104
72
164
-164
132
96
-96
72
16
-8
-88
164
16
-148
164
8
8
0
80
56
-112
72
40
-16
72
-24
32
164
-40
-8
-24
104
0
-48
56
-48
96
-40
-48
8
96
0
-104
88
16
16
-120
48
56
-96
24
104
-88
-40
228
-148
-148
228
-16
-276
0
244
-164
-212
196
64
-148
-56
72
48
-148
32
-16
-72
48
0
-88
-64
164
-72
-112
48
32
-64
0
64
-96
8
32
40
-164
-88
164
-16
-56
-120
180
56
-196
64
24
-48
-96
164
24
-164
48
148
-40
-212
180
148
-292
16
180
-96
-180
164
80
-276
64
292
-228
-196
276
-24
-212
8
164
-32
-260
164
112
-260
0
148
-8
-80
-24
-8
-40
88
-88
-132
292
-64
-196
132
8
-120
-24
72
-132
8
180
-88
-120
228
80
-260
112
276
-196
-72
228
148
-292
32
292
-132
-132
120
196
-88
-64
228
0
-148
80
72
24
-72
80
72
-196
180
-24
-148
72
64
0
-212
8
212
-32
-260
72
260
-112
-308
164
112
-212
-32
48
40
-112
-16
132
-88
-80
244
16
-340
132
356
-340
-260
524
-8
-428
228
196
-148
-132
132
24
-148
132
88
-308
112
244
-112
-180
64
260
-196
-228
164
164
-196
-104
148
96
-132
-72
132
-88
-8
88
-228
48
180
-196
-148
180
16
-148
40
56
-80
80
180
-212
16
196
24
-164
40
164
-72
24
32
-56
112
96
-64
-40
164
88
-96
-16
72
56
40
0
40
104
-16
80
0
-148
132
148
-148
-132
276
96
-292
80
212
-180
-48
180
-72
-132
180
-48
-276
164
40
-324
-96
308
-56
-356
120
148
-148
-120
48
32
-132
8
-32
-228
32
32
-8
-40
8
80
-80
56
-112
-104
24
24
-48
-80
120
72
-32
-72
96
16
8
-56
16
132
-196
-32
148
-24
-56
-8
72
-112
80
40
-228
228
80
-212
80
212
-164
-164
148
-8
-180
72
48
-120
148
-32
-212
148
56
-164
-32
164
-96
-8
132
-132
0
112
-72
-180
244
24
-244
148
132
-72
-72
132
48
-112
104
148
-132
32
120
-40
40
-24
-56
8
164
-180
-228
396
196
-396
24
460
-132
-228
244
180
-212
-8
244
104
-88
-32
148
-56
48
-56
40
-8
48
56
-56
212
-40
16
88
-112
-8
196
-56
-112
212
8
-132
16
0
-132
0
80
-40
-40
24
24
-148
-132
32
64
-132
-148
88
-112
-132
-8
-96
-112
8
-72
-180
24
-16
-112
-212
8
212
-148
-276
120
132
-164
-164
48
-64
-112
-48
-40
32
16
0
0
56
-8
24
8
0
0
16
-40
120
72
-132
148
72
-64
0
88
24
-8
196
48
-96
112
120
-80
-80
132
88
-88
40
180
-80
-120
148
88
-196
120
276
-244
-80
324
56
-180
72
244
-132
-48
228
-56
-40
72
-8
0
16
72
-80
96
276
-196
-80
180
-16
-104
-40
132
56
-64
88
40
-80
40
120
0
-40
72
96
-96
24
-32
-96
8
-32
0
-32
120
-40
-292
96
96
-244
-180
228
32
-356
24
112
-180
-112
112
24
-112
-104
-16
-48
-96
-32
-16
0
0
-48
-164
24
40
-96
-112
-16
96
-88
-104
56
104
-80
-104
196
56
-196
80
244
-104
-148
148
16
-196
-40
80
16
48
104
16
-40
48
0
-32
80
40
0
32
64
-40
-56
180
96
0
132
88
-16
-24
56
48
0
56
132
112
-56
-24
120
8
8
24
0
64
80
-32
24
148
-8
-80
112
80
-148
16
212
0
-88
148
64
-196
32
104
-148
-56
212
-32
-180
104
0
-244
-72
40
-196
-88
104
-104
-228
24
72
-104
-120
16
-56
-228
-104
-16
-112
-180
24
104
-64
-40
0
-148
-164
-80
-88
-56
8
64
-32
16
88
-88
-164
56
48
-32
16
112
80
0
40
56
24
72
-32
-16
132
64
16
32
80
56
40
40
40
-8
0
96
132
88
0
88
96
-24
-8
64
72
16
40
120
24
-24
-8
-32
-72
-24
40
-48
-48
40
8
-72
-16
8
-132
-96
-24
0
-56
-56
24
-48
-96
-72
-24
-72
-64
56
-32
-40
64
-8
-96
-32
0
-72
-64
24
0
-16
0
0
-8
-16
16
8
-24
0
24
24
-24
-24
40
32
-16
24
80
0
0
8
0
24
16
16
0
72
64
8
40
88
64
56
32
80
48
-8
56
32
32
40
48
72
40
32
0
32
48
16
48
56
56
24
24
8
24
8
0
40
64
64
40
32
0
0
0
0
16
80
16
-16
16
0
-32
-64
48
8
-72
8
-8
-40
-48
0
0
-24
0
0
-24
-24
-8
-40
-48
-16
-32
0
0
-32
-8
-32
-40
-64
-32
-80
-112
-48
-48
-56
-88
-40
-48
-132
-96
-56
-104
-120
-80
-80
-164
-164
-64
-104
-148
-72
-80
-120
-112
-88
-88
-64
-80
-80
-40
0
-40
-72
0
-16
-104
-80
16
-8
-32
72
120
40
64
112
96
88
72
80
104
120
104
112
148
132
96
96
120
132
88
88
148
132
96
104
164
120
48
148
164
72
88
132
88
88
112
80
8
32
56
16
24
40
24
-8
-32
-8
-80
-132
-96
-64
-72
-40
0
0
-8
-8
-16
-32
-56
-96
-104
-96
-64
-48
-40
-32
-32
-8
-32
-64
-64
-64
-48
0
32
16
0
40
-16
-24
-8
-32
-24
-32
0
0
-24
-32
-16
-8
-32
8
16
0
-32
-40
16
8
24
32
48
56
40
32
32
40
64
104
112
72
104
56
0
-8
-32
0
-8
-32
0
16
-8
-16
-24
-16
-8
0
16
-16
0
24
16
0
-16
-40
-88
-120
-96
-132
-148
-96
-120
-104
-132
-104
-104
-148
-88
-64
-96
-104
-80
-48
-88
-96
-40
-72
-112
-72
-32
-64
-72
-24
-24
-56
-64
-80
-56
-56
-72
0
56
40
24
40
32
-24
-80
-112
-148
-196
-164
-88
-16
24
112
196
180
148
120
112
112
88
120
196
244
276
212
260
212
148
196
96
112
88
212
324
324
396
460
396
292
244
228
132
104
164
212
292
308
340
356
396
396
428
428
396
340
196
148
120
56
56
88
132
112
24
-8
-96
-260
-372
-428
-460
-556
-652
-620
-652
-748
-716
-748
-876
-988
-988
-988
-1052
-924
-844
-780
-684
-556
-460
-460
-492
-524
-588
-652
-652
-652
-588
-524
-428
-292
-244
-112
0
-8
0
112
148
96
164
292
292
308
428
524
524
492
556
556
524
556
588
620
620
588
588
620
620
588
652
748
716
620
524
588
492
396
372
396
356
308
356
372
460
396
396
428
260
196
276
716
1372
2108
3132
4348
5116
5116
4092
2748
1500
120
-1052
-1980
-2236
-2108
-1820
-1820
-1980
-2108
-2620
-3516
-4092
-4348
-4348
-4092
-3260
-2108
-844
396
1500
1980
1884
1180
40
-1244
-2492
-3260
-3644
-3772
-3260
-2364
-1180
684
1756
876
-748
-1820
-2748
-4604
-5116
-3900
-2364
-588
1052
2364
3132
3260
2108
588
356
396
-716
-1500
-428
748
244
180
1308
988
-556
-1180
-844
-1244
-2108
-1756
-1052
-620
96
1116
1980
2236
2620
2620
2108
1692
1244
588
228
396
716
780
924
1052
1052
684
292
372
428
132
16
396
652
652
716
988
1244
1372
1372
1308
1500
1692
1820
2108
3132
4348
5372
5884
6908
7932
7676
6140
3644
988
-1052
-2364
-3388
-3900
-3772
-2876
-2364
-2492
-3004
-3516
-4092
-4604
-4604
-4092
-3260
-2236
-924
588
1564
1980
1980
1564
308
-1372
-3132
-4604
-5628
-5884
-5884
-5628
-4604
-3516
-2492
-1980
-1884
-2108
-2620
-2876
-2364
-1564
-1052
-132
1628
3388
3900
4092
4348
4348
3260
1692
292
-924
-2108
-3516
-4092
-3388
-2236
-1628
-924
56
620
276
72
308
556
588
748
1436
2108
2364
2364
2236
1756
1116
428
8
-212
-292
-460
-492
-120
324
524
340
260
164
-212
-308
-244
-228
-148
-40
396
1244
2108
2748
3132
3516
3900
3900
3644
3260
2748
2236
1372
988
780
180
-556
-876
-924
-988
-588
372
1692
2876
3900
5116
6140
7420
8828
8316
6908
4092
1564
-556
-2492
-4348
-5116
-4860
-4092
-4092
-4604
-4860
-5372
-5884
-5884
-5372
-4604
-3516
-2108
-428
988
1820
2236
2364
1756
524
-1116
-3004
-4604
-5628
-5884
-5884
-5372
-4348
-3388
-2620
-2364
-2492
-3004
-3772
-4092
-3900
-2748
-812
1308
2748
4092
4860
4860
3644
2236
924
-120
-812
-1564
-1980
-1980
-1980
-1980
-1436
-428
396
620
924
1564
1820
1756
1884
2108
2236
2108
2236
2108
1820
1116
620
228
-16
0
148
524
924
1308
1500
1564
1500
1244
924
620
276
96
64
-8
244
556
876
1180
1692
2492
3260
3772
4348
4348
3900
3388
2748
1980
988
112
-588
-1116
-1180
-1116
-1052
-1116
-1244
-1244
-812
212
1500
2876
4348
5628
6908
8828
9340
7932
5116
2108
-196
-2108
-4092
-5372
-5628
-5116
-4348
-4348
-4860
-5372
-5884
-5884
-5628
-4860
-4092
-3260
-1820
-228
1244
2236
2748
2364
1308
-292
-2236
-4092
-5884
-7164
-7676
-7420
-6140
-4092
-2748
-1980
-1692
-1564
-1884
-2236
-2364
-2108
-1180
-56
1244
2876
4348
4860
4604
4092
3388
2108
556
-780
-1980
-2492
-2620
-2492
-1500
-32
1180
1628
2108
2748
2748
2236
1980
1692
1500
1244
1244
1500
1500
1244
1052
748
460
196
64
88
292
588
812
1180
1564
1628
1500
1244
924
524
196
104
132
120
260
684
1180
1884
2748
3388
3772
3900
4092
3900
3004
2236
1308
228
-620
-716
-588
-780
-716
-324
-104
-180
-260
-460
-684
-356
652
2108
3644
5116
6396
7932
9340
9852
7676
4348
1052
-1980
-4348
-6140
-7164
-6908
-5372
-4092
-3516
-3900
-4348
-4604
-4860
-4860
-4348
-3644
-2620
-1116
876
2620
3516
3644
3260
1884
-276
-3004
-5628
-7932
-9340
-9340
-8316
-6652
-4604
-2876
-1628
-780
-340
-620
-1436
-2108
-1980
-988
196
1564
3260
4860
5372
4860
4092
2876
988
-1756
-3772
-4604
-4860
-4348
-3388
-1820
96
1436
1692
1980
2748
2492
1372
1244
1884
1884
1628
2108
2620
2236
1980
2236
1980
1436
1180
1308
1436
1884
2492
2748
2620
2492
2364
1564
684
132
-396
-780
-716
-120
620
1372
2236
3260
4092
4604
4604
4604
4348
4092
3260
2492
1692
748
-276
-924
-1244
-1692
-1884
-1692
-1308
-1180
-1116
-924
-620
-460
-460
-260
492
1628
3004
4604
5628
5884
6652
7676
7676
5372
2236
-876
-3644
-5628
-6908
-7420
-6908
-5628
-4348
-3900
-4092
-4348
-4348
-4604
-4348
-3516
-2620
-1308
104
1500
2620
3260
3388
2492
684
-1884
-4604
-6908
-8316
-8828
-8828
-7676
-5628
-3260
-1116
196
652
492
-196
-1180
-1756
-1980
-1884
-1052
1436
3644
4348
4348
4604
3900
1628
-780
-2364
-2876
-3004
-3132
-2620
-1116
780
1628
2236
3388
4092
3004
1884
2236
2492
1628
988
1628
1884
1564
1372
1500
1244
844
1116
1500
1980
2620
2876
2876
2876
2748
2108
812
-132
-588
-1180
-1628
-1244
-524
132
812
1884
2876
3388
3516
3644
4092
4092
3516
3004
2620
2236
1436
372
-524
-1564
-2748
-3516
-3516
-3004
-2492
-1820
-748
556
1372
1756
2108
2236
1756
1308
1820
2620
3004
3260
4092
5116
6140
7164
6908
4860
1692
-1244
-3644
-5628
-6908
-7164
-6140
-4348
-3004
-2748
-3004
-3260
-3388
-3516
-3388
-3004
-2620
-1820
-524
748
1756
2236
1980
876
-924
-3132
-5372
-7164
-8828
-9340
-8316
-6908
-4860
-2876
-1180
-260
164
244
-276
-1308
-2492
-3004
-2748
-1564
32
1372
2876
4348
5116
4604
3004
1052
-748
-2236
-3260
-3260
-2108
-556
684
2236
3772
4348
3516
2748
2364
1692
924
812
1308
1628
2108
3004
3772
4092
4092
3772
3132
2492
1820
1180
716
556
652
780
844
748
492
164
-164
-244
96
588
988
1564
2364
3132
3644
3772
3772
3516
3004
2364
1820
1244
340
-524
-988
-1308
-1820
-2108
-1980
-1628
-1052
-196
620
1180
1500
1756
1820
1756
1756
1500
1180
1308
1692
2108
2364
2620
3004
3900
5116
5884
5372
3644
1052
-1244
-3132
-4604
-5628
-5628
-4860
-4092
-3644
-3644
-4348
-5116
-5372
-5116
-4604
-4092
-3516
-2492
-1564
-556
308
428
-148
-1180
-2492
-4092
-5628
-6908
-7676
-7932
-7164
-5628
-4092
-2620
-1500
-556
-48
8
-276
-748
-1052
-1308
-1052
-196
924
1980
2876
3388
3644
3388
2620
1372
212
-748
-1756
-1980
-1372
-88
1052
2236
3516
4092
4092
3772
3388
2748
2108
1884
1980
1980
2236
2620
2876
3004
3132
3260
2748
2108
1884
1564
1116
812
1052
1180
1116
1180
1180
924
652
620
812
988
1116
1436
1884
2364
2620
2876
2748
2620
2236
1820
1244
844
340
-276
-524
-748
-1180
-1500
-1372
-988
-652
-48
652
988
1308
1500
1692
1756
1628
1244
748
428
428
260
56
164
684
1628
3516
5372
5884
5116
3516
1180
-1308
-3772
-5884
-7164
-7164
-6396
-5628
-5116
-4860
-4860
-4604
-4348
-3772
-3644
-3260
-2748
-2108
-1244
-556
-180
-180
-260
-780
-1980
-3516
-5372
-6908
-7676
-7676
-6652
-5116
-3644
-2108
-524
988
1692
1436
716
64
-308
-748
-780
-396
556
1884
3132
4092
4604
4348
2876
1116
-396
-1436
-2108
-1980
-876
844
2492
3644
4604
5372
5116
4348
3644
3004
2108
1436
1244
1500
1980
2620
3004
3260
3260
2876
2364
1756
1308
780
428
620
988
1052
1116
1180
1244
1308
1244
1180
988
844
876
1052
1308
1692
1980
1884
1756
1692
1308
812
524
260
-80
-492
-780
-988
-1308
-1500
-1436
-1052
-684
-180
356
844
1308
1500
1372
1052
620
120
-588
-1180
-1308
-1372
-1116
-556
460
1564
2492
3772
4860
5372
4860
3260
1052
-1372
-3644
-5372
-6140
-5884
-5372
-5116
-4604
-4092
-4092
-4860
-5116
-5116
-4860
-4604
-3516
-2492
-1564
-748
180
684
812
308
-844
-2492
-4092
-5116
-5884
-6140
-5628
-4860
-3516
-1820
-308
324
308
8
-324
-924
-1244
-1180
-620
460
1628
2748
3772
4860
4860
4348
3644
3004
1692
428
72
428
716
1372
2620
3516
4092
4092
3772
3004
1980
1308
844
588
812
1308
2108
3132
3900
4348
4348
4092
3388
2492
1692
988
340
-112
-164
-132
-212
-260
-292
-428
-620
-876
-988
-988
-876
-372
260
924
1692
2236
2492
2620
2620
2236
1500
876
120
-748
-1308
-1692
-1980
-1980
-1692
-1244
-748
-196
244
556
716
588
228
-48
-196
-396
-748
-556
196
652
748
1116
1980
2492
2876
3900
4860
4604
3516
1692
-148
-2236
-4348
-5884
-6652
-6140
-5628
-5372
-5116
-4604
-4348
-4604
-4604
-3900
-3388
-3004
-2236
-1244
-492
-32
292
340
24
-716
-1820
-3132
-4604
-5628
-6140
-6140
-5372
-4092
-2620
-652
588
1244
1372
1116
228
-684
-748
-340
556
1692
2876
4092
5116
5372
4604
3900
3260
1980
748
428
620
652
876
1980
2876
3132
3260
3260
2876
2236
1756
1436
1308
1372
1692
1980
2620
3132
3132
2876
2620
1980
876
88
-292
-428
-460
-276
148
428
428
428
492
244
-228
-428
-428
-276
132
652
1116
1564
1820
2108
2108
1820
1372
780
212
-180
-492
-924
-1244
-1436
-1436
-1500
-1372
-924
-652
-396
-56
524
748
652
684
556
396
244
292
396
372
396
428
844
1436
1884
2876
3900
4092
3516
2108
276
-1820
-3900
-5372
-6396
-5884
-5372
-4860
-4348
-3900
-3772
-4348
-4860
-4604
-4604
-4348
-3644
-2620
-1628
-924
-244
132
104
-396
-1308
-2364
-3644
-4860
-5372
-5628
-5116
-4092
-2236
-180
1244
1980
2236
2108
924
-428
-988
-780
-64
988
2236
3516
4860
5116
4604
4092
3772
2620
1372
876
988
844
748
1564
2364
2620
2748
3004
3132
2492
1692
1308
1180
1116
1180
1628
2236
2620
3004
2748
2364
1884
1116
492
164
24
-32
-16
196
428
524
460
324
228
64
-48
16
228
556
844
1116
1308
1436
1436
1308
1244
924
428
64
-196
-524
-844
-1116
-1180
-1180
-924
-492
-96
56
64
112
80
-56
-212
-212
-212
-260
-120
180
492
556
652
876
1308
1756
2108
2876
3260
3260
2364
1116
-132
-1692
-3260
-4604
-5372
-5116
-5116
-5372
-5372
-5116
-5116
-5372
-5116
-4604
-4092
-3388
-2492
-1500
-748
-396
-244
-396
-652
-1244
-1980
-2748
-3516
-4092
-4348
-3900
-3260
-2492
-1180
-8
620
812
716
396
-356
-780
-588
72
988
1820
2876
3644
4348
4348
3772
3388
2876
2108
1564
1564
1820
1884
2108
2492
2876
2748
2620
2364
1980
1436
1052
988
1052
1244
1436
1756
1980
2236
2108
1820
1500
1308
988
844
988
1052
988
1052
1116
988
748
492
148
-164
-428
-428
-260
-180
0
340
716
988
1116
1244
1116
988
812
716
652
428
132
-132
-428
-780
-876
-812
-780
-748
-748
-716
-652
-652
-620
-556
-460
-428
-460
-340
24
460
620
844
1308
1756
1884
2236
3004
3260
2620
1564
460
-924
-2492
-4092
-5116
-5372
-5372
-5372
-5372
-5372
-5116
-5116
-5116
-4860
-4604
-4092
-3516
-2620
-1628
-1116
-748
-652
-748
-924
-1308
-1756
-2364
-2748
-2748
-2876
-2748
-2236
-1884
-1500
-1052
-356
556
748
396
-120
-180
24
228
780
1564
2620
3516
4348
4860
4860
4604
3772
3132
3132
2748
2236
1980
2236
2364
2364
2620
2748
2492
1884
1628
1564
1308
1052
988
988
1180
1500
1884
2236
2364
2236
1980
1692
1372
924
492
292
276
148
104
276
356
196
24
80
64
-80
-40
196
292
308
460
684
780
652
620
556
396
212
80
-112
-524
-812
-876
-876
-844
-812
-684
-588
-556
-492
-308
-180
-120
-104
-88
8
-32
16
56
8
-32
-40
180
428
924
1628
2108
2236
1820
924
-164
-1308
-2236
-3388
-4092
-4092
-4092
-4348
-4348
-4348
-4348
-4860
-5116
-5116
-5116
-4860
-4348
-3644
-3004
-2492
-1884
-1372
-1052
-1052
-1244
-1436
-1628
-1692
-1564
-1372
-1180
-924
-308
292
876
1308
1372
1180
588
132
0
-132
-96
340
1244
2364
3132
3900
4348
4604
4348
4092
3644
3132
2748
2364
2236
2620
2748
2748
2748
2748
2364
1692
1116
716
96
-308
-308
-148
132
492
924
1244
1372
1500
1564
1308
988
844
780
716
716
684
524
428
396
244
0
-244
-428
-588
-620
-556
-372
-132
120
460
716
844
812
748
588
428
212
-32
-292
-460
-396
-164
-40
8
104
212
132
-80
-276
-492
-716
-844
-780
-716
-716
-620
-492
-276
-48
212
460
588
716
812
1116
1436
1436
924
196
-460
-988
-1436
-1884
-2364
-2748
-3004
-3260
-3516
-3772
-4092
-4604
-4604
-4348
-4092
-3900
-3644
-3388
-3004
-2364
-1884
-1692
-1564
-1436
-1308
-1052
-780
-588
-428
-212
164
492
684
620
460
340
196
48
-56
0
196
588
1180
1820
2364
2748
3132
3132
3132
3004
2876
2492
2236
2108
1884
1756
1692
1628
1500
1436
1372
1244
988
652
396
196
40
24
104
356
620
844
988
988
1052
924
780
716
588
428
276
212
212
196
212
308
428
428
428
556
652
556
372
372
460
524
620
780
812
716
844
988
924
716
524
308
244
260
148
0
-24
-16
-32
96
212
164
164
260
132
-180
-396
-588
-812
-924
-780
-684
-620
-460
-428
-524
-620
-748
-1052
-1500
-1756
-1980
-2236
-2364
-2236
-2108
-2236
-2236
-2108
-2108
-2236
-2236
-2236
-2236
-2108
-1884
-1628
-1372
-1116
-876
-684
-652
-652
-748
-748
-780
-876
-876
-780
-684
-556
-292
-16
104
180
196
120
0
-132
-104
-24
132
396
780
1116
1308
1500
1500
1372
1244
1052
876
716
716
812
1116
1436
1692
1980
2108
2236
2108
1756
1308
812
460
164
48
132
324
652
924
1180
1244
1180
1052
924
684
556
556
684
924
1116
1308
1436
1436
1372
1116
924
620
308
88
32
112
228
356
460
524
492
396
244
64
-104
-340
-460
-492
-460
-428
-340
-308
-340
-396
-492
-588
-684
-780
-748
-652
-684
-652
-524
-428
-324
-260
-324
-428
-460
-460
-492
-524
-620
-684
-780
-844
-988
-1180
-1308
-1372
-1436
-1436
-1436
-1372
-1372
-1436
-1372
-1372
-1500
-1628
-1756
-1884
-1884
-1756
-1500
-1308
-1052
-780
-588
-460
-396
-340
-308
-292
-260
-132
80
308
524
716
812
812
716
556
396
340
396
428
556
844
1180
1500
1692
1820
1884
1820
1692
1564
1436
1372
1308
1436
1564
1564
1564
1500
1244
924
652
396
148
-16
0
112
228
372
588
748
716
652
556
460
372
276
212
148
132
148
244
244
88
-96
-292
-460
-460
-396
-460
-556
-492
-372
-244
-148
-132
-212
-244
-228
-212
-228
-212
-196
-132
-56
8
8
-164
-356
-492
-524
-492
-428
-356
-244
-32
96
104
0
-196
-460
-716
-844
-876
-924
-924
-844
-716
-588
-524
-460
-492
-684
-716
-652
-492
-356
-308
-244
-180
-196
-308
-460
-924
-1436
-1820
-1980
-2108
-2108
-1820
-1436
-1052
-620
-260
16
112
88
112
132
96
148
260
396
652
924
1116
1180
1052
924
812
652
460
372
372
492
812
1180
1372
1500
1564
1564
1436
1372
1180
1052
988
988
1116
1308
1436
1500
1436
1180
988
780
588
396
244
164
132
180
292
356
324
196
-40
-228
-356
-524
-588
-524
-428
-308
-88
88
148
120
80
40
-112
-308
-460
-556
-460
-308
-196
-148
-120
-148
-228
-372
-556
-716
-780
-684
-460
-164
120
340
492
588
492
292
0
-276
-524
-716
-748
-780
-716
-620
-492
-428
-524
-652
-812
-1052
-1180
-1244
-1180
-988
-780
-524
-212
0
96
96
-72
-340
-588
-780
-876
-1052
-1116
-988
-876
-748
-652
-652
-812
-988
-1052
-1052
-1052
-988
-844
-492
-148
212
492
620
620
588
588
492
356
164
104
164
308
588
924
1052
1180
1308
1308
1308
1180
988
812
812
812
844
988
1052
1052
1052
1052
1052
924
684
588
524
428
428
556
588
716
844
988
1052
924
748
460
72
-244
-396
-556
-652
-620
-492
-396
-180
96
228
292
428
524
492
396
308
244
180
88
0
-56
-72
-96
-72
-56
-132
-120
-8
32
0
-40
-24
-56
-56
-40
0
32
32
24
24
-64
-244
-428
-556
-716
-812
-924
-924
-924
-780
-620
-556
-460
-428
-460
-492
-556
-684
-876
-1052
-1180
-1116
-988
-924
-876
-780
-716
-716
-716
-780
-844
-924
-924
-876
-812
-716
-556
-396
-260
-164
-72
-72
-88
-88
-80
-80
-64
40
88
56
148
292
308
324
356
396
372
340
396
492
652
812
988
1116
1180
1244
1308
1308
1180
1052
924
684
492
396
292
340
428
588
748
924
1116
1180
1180
1180
1180
1052
924
780
556
308
120
-48
-148
-276
-396
-460
-460
-340
-196
-88
-32
0
104
228
260
308
308
180
16
-96
-212
-356
-524
-652
-684
-588
-396
-292
-196
-72
16
132
164
72
-112
-276
-428
-524
-588
-620
-652
-684
-620
-524
-588
-620
-684
-780
-844
-844
-780
-748
-652
-428
-212
-104
56
112
-48
-276
-492
-780
-988
-1116
-1180
-1180
-1052
-844
-588
-372
-196
-64
0
-72
-196
-260
-276
-244
-148
56
228
308
460
652
652
524
308
80
-112
-180
-164
0
212
460
780
1116
1244
1308
1180
988
812
588
492
428
524
716
924
1116
1244
1244
1116
812
588
356
164
164
228
356
588
748
844
844
748
588
356
196
48
-56
-48
48
164
308
372
372
276
80
-120
-372
-652
-812
-844
-780
-588
-396
-196
-148
-196
-340
-492
-716
-988
-1052
-1116
-1052
-812
-524
-244
-104
-56
-56
-104
-164
-292
-396
-460
-396
-324
-180
0
120
164
148
132
24
-148
-372
-524
-588
-684
-652
-556
-524
-492
-428
-340
-340
-428
-524
-556
-460
-396
-292
-196
-120
-96
-148
-244
-308
-372
-492
-556
-492
-308
-148
-16
112
132
24
-64
-148
-228
-356
-396
-396
-308
-64
196
428
620
716
812
876
844
780
716
716
748
812
924
924
924
876
716
556
396
260
164
148
180
292
524
812
1052
1244
1372
1436
1436
1308
1116
924
620
460
308
132
8
-120
-276
-372
-356
-340
-356
-340
-228
-164
-40
148
292
396
356
324
308
164
0
-88
-228
-324
-340
-276
-260
-396
-460
-556
-684
-812
-876
-844
-812
-780
-652
-460
-356
-372
-396
-428
-556
-556
-524
-492
-428
-356
-276
-260
-228
-260
-324
-396
-492
-588
-588
-588
-460
-308
-148
-48
40
88
120
72
-16
-96
-212
-340
-372
-276
-164
-88
-96
-96
-104
-164
-244
-292
-340
-372
-244
-48
104
276
340
324
308
260
164
-24
-180
-276
-308
-260
-196
-80
88
212
260
340
372
260
212
212
180
228
292
340
396
524
524
460
428
396
340
396
524
684
780
844
988
1052
988
876
780
556
396
228
48
-40
-132
-132
-132
-112
-32
8
0
24
56
16
-8
-24
-8
72
120
180
212
148
88
8
-48
-132
-276
-428
-588
-684
-684
-684
-684
-620
-524
-396
-340
-164
-8
-40
-96
-40
0
-24
-48
-24
-32
-120
-228
-292
-396
-492
-524
-492
-492
-428
-292
-180
-72
-48
0
64
88
80
48
40
-24
-132
-148
-132
-120
-80
-8
48
80
148
164
132
16
-64
-132
-276
-324
-356
-428
-460
-428
-308
-148
0
148
260
340
356
340
292
212
196
164
148
96
80
56
24
48
132
164
148
180
260
324
324
276
244
148
132
196
244
276
308
340
460
556
620
588
588
556
524
524
460
372
356
324
340
396
356
260
180
112
0
-88
-120
-148
-196
-164
-88
-88
-88
-132
-196
-228
-196
-132
-132
-244
-324
-292
-260
-228
-196
-180
-276
-324
-396
-588
-748
-780
-716
-556
-372
-212
-24
112
196
196
64
-80
-228
-356
-428
-556
-556
-492
-428
-356
-292
-260
-260
-276
-260
-196
-148
-88
16
132
196
228
212
132
24
-72
-148
-260
-308
-244
-132
-40
40
164
228
244
212
180
48
-88
-196
-260
-212
-196
-164
-56
16
64
148
276
356
396
492
524
492
428
396
356
292
212
180
112
32
16
56
120
180
308
460
556
588
620
556
428
244
88
-16
-132
-180
-132
0
88
212
356
396
396
372
276
180
104
72
80
112
212
260
276
308
308
260
148
-40
-260
-396
-460
-620
-652
-620
-492
-356
-196
-88
-16
8
16
0
-56
-196
-324
-396
-396
-356
-356
-292
-260
-212
-112
-64
-88
-104
-132
-196
-212
-196
-164
-148
-132
-48
16
88
148
196
196
164
112
32
-48
-132
-148
-132
-112
-132
-132
-96
-96
-132
-132
-164
-228
-244
-244
-164
-80
-24
16
104
212
260
260
196
40
-88
-244
-396
-492
-556
-620
-620
-524
-372
-292
-164
-88
-32
24
88
228
292
324
340
396
428
396
324
292
244
196
212
228
180
80
104
164
180
228
244
212
260
276
276
292
244
228
180
148
132
96
24
-8
0
48
88
120
180
228
276
372
460
460
324
228
148
40
-80
-212
-292
-372
-396
-396
-396
-428
-428
-396
-260
-164
-56
88
212
308
428
460
428
276
132
48
-96
-260
-324
-356
-356
-324
-260
-180
-104
-32
24
104
180
212
244
244
244
212
212
180
104
80
24
-48
-88
-64
-72
-96
-132
-180
-196
-196
-196
-260
-292
-276
-244
-148
-16
56
120
164
196
180
148
88
32
16
-16
-80
-120
-148
-196
-276
-396
-524
-652
-716
-716
-748
-748
-652
-524
-324
-104
112
340
492
588
684
652
588
492
356
132
-72
-164
-228
-340
-356
-308
-276
-196
-96
72
212
244
260
260
196
96
16
-24
-56
-16
80
148
180
228
260
228
164
112
24
-88
-148
-164
-164
-112
16
132
308
428
460
492
428
244
40
-112
-212
-260
-260
-244
-164
-40
80
164
164
120
16
-104
-180
-180
-196
-228
-164
-8
132
260
340
372
372
396
396
292
164
88
16
48
148
164
196
212
148
56
-40
-132
-180
-244
-260
-196
-64
0
48
64
24
-32
-148
-164
-180
-228
-228
-180
-88
0
104
180
244
276
244
244
196
104
-24
-120
-196
-228
-292
-356
-428
-492
-556
-556
-524
-556
-460
-324
-180
-72
72
196
276
396
460
460
428
276
120
0
-112
-164
-228
-260
-228
-180
-88
16
80
164
276
372
396
428
428
428
396
324
196
104
8
-80
-148
-196
-260
-340
-308
-180
-56
-8
48
88
112
104
120
148
132
164
164
164
112
24
-132
-324
-428
-556
-652
-716
-716
-588
-460
-292
-112
40
88
112
88
16
-80
-180
-212
-292
-276
-164
-32
64
164
212
164
120
72
40
16
16
72
180
292
372
428
428
396
340
292
212
104
24
0
8
48
64
40
16
-16
-88
-164
-164
-164
-148
-72
88
276
396
524
556
492
428
340
212
104
16
-80
-120
-148
-88
-112
-164
-212
-308
-396
-492
-524
-556
-492
-324
-148
16
112
212
212
180
164
80
-40
-132
-212
-212
-132
-48
88
196
260
308
396
396
356
340
308
228
180
148
32
-56
-132
-212
-276
-292
-276
-276
-228
-164
-120
0
104
196
228
228
292
324
324
292
276
244
212
196
80
-56
-212
-396
-524
-652
-780
-812
-748
-652
-460
-244
-64
40
112
132
96
56
0
-132
-244
-260
-212
-132
-48
72
180
228
212
228
164
32
-40
-80
-88
-56
-32
0
72
112
148
212
212
212
292
276
228
244
292
292
244
212
148
24
-80
-148
-196
-148
-104
-56
24
72
80
112
132
88
48
16
48
88
80
88
72
16
-32
-104
-212
-356
-492
-588
-620
-588
-492
-396
-260
-88
80
164
180
164
132
72
48
8
-40
-104
-64
48
164
244
292
292
244
244
244
244
180
132
132
112
80
48
-16
-48
-80
-56
-8
8
-16
-40
-80
-148
-112
-104
-80
-40
-16
24
120
180
212
260
308
340
324
292
260
180
8
-120
-196
-260
-356
-372
-324
-244
-212
-148
-48
0
32
96
148
132
112
88
96
112
148
228
244
276
308
324
292
196
72
-56
-148
-212
-228
-164
-120
-16
72
164
244
244
228
196
132
72
48
0
0
0
0
-24
-96
-132
-244
-356
-460
-524
-556
-556
-428
-324
-260
-148
-16
72
148
196
212
180
112
0
-132
-212
-292
-396
-492
-492
-460
-428
-396
-324
-244
-196
-120
-8
64
88
120
164
132
88
24
-16
-40
-48
-24
24
88
104
148
180
212
212
212
228
196
180
164
164
132
72
16
0
-48
-104
-132
-164
-180
-132
-48
-24
16
132
180
260
372
396
396
396
324
244
132
48
8
-80
-164
-228
-292
-308
-324
-276
-180
-80
24
148
244
340
396
428
396
396
340
244
196
112
16
-40
-104
-132
-148
-96
-88
-64
-24
32
64
96
148
180
212
228
324
396
396
396
372
340
308
260
212
132
48
8
-72
-196
-276
-372
-460
-492
-524
-524
-492
-428
-372
-292
-228
-80
32
112
196
212
212
148
88
-24
-148
-276
-372
-460
-460
-492
-492
-492
-492
-428
-372
-276
-260
-212
-164
-104
-56
16
80
120
132
164
148
64
16
-32
-96
-148
-180
-212
-244
-164
-112
-72
-24
32
48
72
132
164
148
148
164
212
260
244
228
196
164
164
120
80
40
0
24
64
112
132
148
148
164
148
132
104
32
0
8
40
32
24
-8
-16
-24
-8
16
64
96
104
104
72
64
8
-32
-48
-56
-40
-16
0
32
40
88
120
148
164
196
196
180
132
88
88
40
56
80
112
148
164
180
164
164
164
132
72
16
-16
-16
-16
-56
-72
-120
-148
-132
-88
-24
-16
16
80
104
148
196
196
196
164
56
0
-72
-148
-164
-196
-228
-228
-228
-260
-260
-260
-244
-180
-132
-56
-24
8
56
88
72
8
-32
-132
-228
-308
-372
-428
-428
-396
-324
-228
-180
-48
80
164
212
228
244
244
228
212
180
148
96
32
8
-16
-48
-88
-96
-96
-132
-180
-180
-164
-132
-104
-56
0
40
88
132
132
112
40
-48
-88
-132
-180
-228
-260
-292
-260
-212
-180
-164
-120
-72
-32
0
-8
-24
-80
-88
-32
0
64
132
164
180
180
148
104
64
0
-40
-96
-164
-180
-132
-64
16
80
164
292
396
428
460
492
460
428
372
324
260
196
120
56
-8
-72
-120
-120
-80
-64
-16
16
32
56
88
88
96
132
112
88
104
104
148
180
132
40
-16
-148
-244
-292
-324
-324
-372
-324
-228
-132
-32
80
164
212
228
292
260
196
120
80
40
-40
-120
-148
-180
-196
-164
-72
0
32
72
148
212
276
372
460
492
428
396
308
196
132
56
-32
-132
-196
-244
-276
-276
-228
-148
-96
-112
-72
-48
-64
-8
0
24
24
0
16
0
-56
-164
-228
-356
-460
-524
-588
-588
-588
-524
-396
-292
-180
-132
-88
-88
-88
-120
-180
-244
-292
-340
-356
-340
-308
-324
-356
-340
-308
-276
-260
-260
-212
-164
-48
80
180
196
196
196
196
164
164
148
164
164
180
260
244
228
244
244
228
228
196
196
180
212
276
324
356
396
396
372
324
260
212
132
112
132
148
180
228
276
276
276
260
228
228
228
276
324
340
324
308
276
196
112
16
-72
-212
-292
-292
-276
-260
-180
-88
-24
48
132
212
260
324
372
396
428
372
308
212
48
-104
-244
-324
-372
-428
-396
-308
-244
-164
-104
-80
-88
-120
-132
-132
-112
-48
0
24
64
132
164
148
88
-16
-164
-340
-460
-524
-588
-620
-524
-372
-260
-180
-112
-104
-148
-212
-244
-276
-292
-308
-324
-292
-260
-212
-164
-196
-228
-292
-396
-428
-460
-428
-372
-244
-120
-32
48
112
132
104
80
64
80
112
148
212
244
260
276
308
308
260
196
164
120
88
56
88
120
132
148
212
212
212
228
196
228
260
276
340
428
460
492
492
428
340
212
88
16
-24
-64
-80
-72
-16
40
80
120
148
104
40
0
-40
-48
-40
24
104
148
148
148
148
48
0
8
-24
-40
-40
-32
0
32
72
80
72
56
0
-72
-72
-56
-24
48
112
120
96
40
-16
-64
-132
-196
-228
-244
-244
-180
-96
-40
16
48
8
-16
-96
-196
-276
-308
-308
-308
-260
-228
-180
-132
-88
-104
-164
-196
-244
-292
-276
-244
-228
-180
-132
-96
-112
-148
-212
-276
-340
-372
-356
-308
-260
-180
-80
0
48
88
120
104
132
164
180
196
228
276
324
372
372
324
244
148
56
-32
-72
-112
-132
-48
16
104
164
228
260
308
308
292
308
260
228
196
180
148
164
164
132
48
-24
-80
-148
-164
-196
-212
-180
-120
-40
16
64
32
8
16
16
-24
-64
-40
-48
8
88
120
80
16
8
-16
-40
-80
-132
-148
-120
-32
32
24
24
32
24
16
0
48
72
72
104
164
196
148
104
32
-56
-180
-228
-212
-244
-244
-196
-132
-104
-80
-56
-104
-148
-132
-180
-228
-212
-164
-112
-48
32
96
132
148
180
180
196
132
80
48
40
48
40
56
64
96
96
104
88
80
40
16
48
80
96
132
212
260
276
292
292
260
212
164
148
132
104
72
24
-24
0
-16
-16
-16
-16
0
32
48
48
64
24
0
-32
-56
-80
-104
-148
-132
-120
-112
-96
-56
-40
-80
-80
-112
-164
-180
-164
-164
-120
-112
-112
-88
-96
-112
-132
-196
-276
-324
-292
-276
-260
-196
-120
-48
0
48
32
-40
-56
-120
-180
-164
-212
-244
-196
-164
-104
-40
-40
-16
-16
-48
-56
-72
-32
-8
40
148
196
212
212
164
48
-40
-164
-228
-292
-340
-308
-228
-104
56
180
228
244
196
148
88
32
0
-24
0
80
180
244
292
308
276
244
180
132
80
16
24
56
88
148
212
260
308
324
292
244
164
96
88
64
56
80
80
132
164
180
180
164
164
132
132
148
164
196
196
196
196
180
148
132
104
24
-8
-80
-112
-132
-148
-132
-120
-80
-72
-64
-32
-16
-24
-48
-32
-24
-56
-40
-24
0
24
32
16
-16
-80
-112
-180
-196
-260
-292
-260
-196
-164
-112
-56
-64
-104
-104
-104
-180
-228
-228
-260
-308
-340
-324
-324
-324
-292
-276
-244
-180
-148
-88
-32
64
112
132
132
88
8
-64
-120
-164
-212
-212
-212
-180
-132
-120
-104
-148
-164
-164
-148
-88
-40
8
64
112
148
132
80
24
0
-64
-104
-112
-96
-56
-24
16
56
112
132
132
164
196
196
212
212
276
324
324
292
260
196
120
72
0
-72
-164
-180
-148
-88
-32
24
104
164
228
292
292
308
292
292
308
308
308
292
276
260
180
112
40
-32
-88
-96
-80
-48
-24
-16
16
64
96
104
120
132
96
72
80
80
88
104
120
148
120
112
88
8
-64
-132
-164
-148
-132
-148
-104
-72
-72
-48
-72
-96
-112
-132
-132
-132
-112
-112
-132
-104
-96
-104
-96
-80
-104
-120
-88
-56
0
40
32
8
-32
-64
-112
-148
-180
-212
-164
-120
-48
24
96
148
180
228
228
148
72
16
-48
-88
-64
-32
-24
0
24
-8
-56
-132
-196
-244
-260
-228
-148
-32
80
148
212
244
196
148
132
80
0
-104
-148
-196
-228
-228
-228
-212
-180
-148
-148
-132
-148
-180
-164
-132
-120
-104
-48
16
72
96
88
48
0
-56
-72
-96
-120
-148
-104
-32
48
148
196
244
244
212
228
180
88
24
-40
-72
-56
0
104
164
180
196
212
164
96
56
-24
-72
-48
-48
-24
16
32
16
8
0
-32
-72
-148
-180
-196
-212
-212
-132
-72
-8
88
180
228
196
180
112
40
-8
-56
-80
-96
-40
8
56
96
96
96
96
72
40
0
-8
8
40
132
260
340
428
460
460
428
356
276
180
56
-16
-64
-96
-104
-96
-80
0
56
80
120
112
64
40
32
56
132
148
196
212
244
260
180
112
8
-112
-260
-340
-396
-396
-396
-372
-356
-340
-292
-244
-212
-180
-212
-228
-212
-196
-180
-180
-164
-104
-72
-80
-120
-180
-228
-260
-324
-356
-372
-356
-324
-212
-80
16
88
104
104
88
64
8
-24
-96
-180
-228
-212
-148
-72
0
96
148
148
132
80
16
-16
-24
-24
-16
24
72
64
80
80
64
56
48
32
8
0
32
64
148
244
308
372
356
292
244
196
132
88
40
16
8
48
132
164
180
196
180
180
164
164
132
56
8
8
0
-8
0
40
72
88
120
148
148
112
96
80
16
-24
-24
-32
-8
32
64
72
80
64
40
-16
-48
-80
-132
-96
-32
0
72
148
180
228
212
164
96
40
8
-32
-48
-56
-32
-16
-8
-16
-56
-80
-120
-180
-212
-212
-228
-180
-148
-88
-16
24
80
80
72
16
-72
-132
-180
-212
-212
-164
-120
-80
-24
32
56
32
0
-32
-64
-148
-180
-164
-212
-228
-196
-180
-180
-132
-80
-64
-56
-40
-40
-56
-40
-64
-80
-56
-56
-48
-56
-32
-16
-16
-8
-8
-24
-40
-96
-148
-148
-180
-164
-120
-96
-80
-56
-8
16
16
24
32
8
-16
-8
8
40
56
48
72
72
40
16
0
-32
-40
-48
-32
-16
8
48
96
148
196
244
260
276
244
212
164
180
196
164
164
148
148
96
64
32
0
-24
-32
-16
16
40
72
120
164
228
276
308
308
308
292
260
196
120
56
-24
-120
-164
-196
-212
-228
-212
-148
-72
-40
16
72
88
88
104
104
96
112
88
48
32
16
0
-32
-16
-48
-72
-80
-56
-24
0
72
120
132
120
88
64
32
0
-16
-40
-64
-80
-64
-64
-72
-88
-80
-96
-112
-132
-132
-132
-104
-88
-80
-72
-88
-148
-164
-180
-244
-292
-308
-292
-276
-212
-164
-132
-80
-88
-96
-120
-148
-164
-180
-148
-132
-120
-132
-148
-104
-72
-72
-88
-96
-112
-104
-96
-104
-72
-56
-48
-64
-48
-16
-8
0
48
104
148
180
244
276
292
292
244
164
104
40
-16
-24
-8
24
40
72
120
120
112
132
132
132
148
180
212
260
308
340
324
308
212
96
24
-40
-112
-132
-132
-148
-104
-40
16
64
64
56
48
32
64
72
96
112
132
196
212
196
196
132
72
0
-72
-96
-96
-112
-72
0
56
112
164
164
180
148
88
48
16
0
-40
-48
-64
-88
-48
-16
8
24
32
0
-24
-72
-120
-180
-196
-196
-180
-148
-148
-112
-96
-80
-72
-48
-48
-56
-80
-132
-148
-132
-132
-104
-96
-64
-96
-132
-148
-180
-228
-276
-260
-228
-180
-148
-96
-24
8
48
72
72
32
-8
-64
-104
-112
-112
-96
-64
0
32
88
104
96
80
48
0
-40
-48
-64
-32
32
88
132
148
148
120
64
48
-16
-64
-80
-72
-24
16
56
96
112
104
72
24
24
16
48
56
64
72
56
48
32
24
0
-16
-40
-64
-96
-80
-72
-88
-80
-56
-16
0
-16
-32
0
-8
