SAMPLES:	9325
BITSPERSAMPLE:	16
CHANNELS:	1
SAMPLERATE:	16000
NORMALIZED:	FALSE
0
-16
-16
0
0
-24
0
32
-16
-24
40
0
-16
0
8
-16
16
32
-8
16
40
-8
0
24
0
0
24
0
-8
32
0
8
24
0
24
8
0
40
0
8
8
0
8
0
16
-8
8
16
-24
8
32
-8
0
0
8
16
-24
0
0
0
0
-24
16
-16
-32
-24
8
0
-48
-8
-16
-24
0
-32
-32
40
-32
-56
0
-16
-32
-16
0
-32
-24
0
-40
-16
8
-56
-8
24
-40
-32
0
0
-32
0
-16
-16
16
-32
0
0
0
0
-24
16
0
-16
16
8
-8
0
-8
0
16
0
8
-8
24
16
-32
8
32
24
24
24
8
24
64
0
0
40
40
24
8
40
56
48
0
16
72
56
8
32
56
48
48
0
32
80
48
-8
48
72
16
-24
56
24
16
56
0
40
16
16
-16
0
24
0
-24
0
0
-8
0
-40
0
24
-16
-40
-16
-24
-8
-24
-56
16
0
-40
-40
-32
0
-72
-72
0
-64
-56
-40
-48
-56
-48
-72
-56
-48
-72
-56
-56
-16
-48
-64
-40
-24
-64
-64
-32
-72
-32
-32
-64
-8
-32
-48
-32
-32
0
-16
8
-8
-16
16
0
-24
0
16
0
0
0
48
-16
-8
32
0
24
40
32
24
32
40
16
8
48
24
48
32
40
16
32
56
32
40
56
48
24
32
48
56
8
24
80
40
0
64
56
32
32
32
40
16
24
8
32
40
0
0
32
40
-24
-16
24
56
-24
-32
56
24
-56
0
24
-24
0
0
-24
-24
0
0
-24
16
0
-56
16
-8
-24
0
8
0
-48
0
0
-48
-32
8
0
-32
-40
8
0
-64
0
-8
-48
-16
-16
-32
-16
8
-40
-72
16
-24
-80
32
-8
-16
0
-32
-8
0
-16
-32
0
8
-8
-16
16
-32
-24
8
0
-56
32
32
-56
0
24
0
0
0
-24
48
0
-40
0
48
8
-16
0
72
-16
-64
32
40
24
-24
32
48
0
16
0
0
48
16
-16
24
48
-8
-32
24
0
16
0
16
0
0
32
8
-8
16
16
0
24
8
0
-8
0
8
-8
0
0
0
8
-24
0
0
8
0
-48
32
16
-24
-8
-16
8
0
-16
-16
0
16
-48
0
0
-24
-8
0
24
-8
-8
16
-16
0
32
-56
8
48
-24
-16
24
-24
0
0
-24
16
-16
8
0
-48
24
8
-16
0
8
16
0
-8
8
-8
-8
8
0
-8
16
-8
0
48
0
-8
0
16
32
-32
24
8
-48
40
16
-32
-8
16
32
-24
-8
8
0
24
-32
0
40
-8
0
24
0
0
24
0
-72
0
8
-32
0
0
-8
8
0
-56
0
16
-8
-64
16
24
-56
-24
0
24
-16
-24
16
-8
-40
24
-24
-32
32
8
-8
0
0
8
0
32
-16
16
48
-8
0
16
0
-16
24
0
24
16
0
24
32
0
-16
40
32
0
-16
40
16
-8
0
32
24
0
0
8
24
-32
8
-16
56
8
-88
80
16
-56
-24
0
40
-40
-16
40
-8
24
-40
-48
64
-8
-40
40
-8
0
0
-24
8
-16
24
24
-32
40
0
-24
32
-56
0
16
-24
-32
48
0
-64
0
0
0
-40
-16
32
0
-16
0
16
-32
0
8
-40
-8
0
-16
-16
8
0
-48
0
24
-56
0
32
-24
0
-40
-24
0
-32
-32
-32
56
-48
-48
88
-64
-40
32
-16
-8
0
-8
-8
-8
32
-40
-24
72
-48
-16
24
24
-24
-24
32
0
-48
-8
40
8
-16
40
40
-16
16
16
24
24
32
0
8
96
-40
-56
132
32
-32
40
32
16
0
24
-16
8
120
-56
0
96
0
0
32
32
-48
16
64
-64
16
40
-64
32
24
8
8
16
40
-48
40
-40
-56
64
-8
-32
0
24
40
-56
-40
48
0
0
-24
16
24
-48
96
-48
-40
112
-88
-16
56
-48
-72
56
0
-104
-16
64
-48
-72
40
8
-40
-40
48
-64
-56
24
-24
-40
16
-16
-48
-16
-16
0
-96
-16
24
-64
8
0
-48
-32
32
8
-96
8
64
-32
-32
-40
-8
8
-56
0
80
-56
-16
48
16
-64
-48
104
24
0
0
16
32
64
0
-56
48
72
-56
-40
148
24
-80
96
96
-56
-24
148
0
-24
64
-8
24
72
0
-56
64
148
-56
-32
96
32
-40
0
40
0
-16
56
48
-24
16
-8
-16
8
-64
0
0
0
-16
8
16
-88
32
-8
-64
8
0
-24
-32
16
-8
-96
8
8
-104
64
24
-104
8
24
-88
-40
72
-24
-80
80
-8
-88
-8
24
-40
-96
40
-40
-72
80
-40
-112
40
8
-80
-80
8
24
-64
-16
16
-64
8
8
-56
-8
40
-16
-24
56
-32
-64
8
48
-32
8
48
-24
32
0
-24
-8
0
40
8
40
8
8
88
-96
-40
148
24
-48
40
72
56
-40
48
48
16
64
-24
48
24
40
8
0
104
48
0
56
32
24
48
8
32
-8
48
16
40
40
24
40
0
24
-16
24
0
-48
32
48
-48
32
56
-48
32
40
-64
32
0
-64
-40
-8
40
-96
-32
56
-80
-32
8
-88
-64
16
-56
-88
-24
-16
-56
-80
-16
-32
-32
-24
-48
-80
0
-16
-132
0
8
-40
-32
-16
8
-24
0
48
-80
0
96
-56
-24
0
48
-32
-16
72
0
0
56
-16
56
24
-8
40
8
80
24
0
72
120
8
-40
88
104
-32
-8
48
56
16
56
16
-8
132
8
-24
48
8
16
16
8
0
-8
-8
-16
-8
56
-8
-32
32
24
0
-96
-24
0
-48
-8
0
-40
-8
8
-72
-72
24
-8
-72
-40
40
-24
-96
-8
-16
-56
16
8
-48
-16
0
-16
-96
40
24
-112
8
64
-16
-64
16
104
-96
-48
88
-104
-72
64
0
-16
40
32
-40
-32
80
-24
-64
88
40
-56
-16
56
-32
-56
48
8
0
8
24
0
-64
16
16
-80
24
56
-16
16
40
16
-64
0
80
-32
0
80
0
-32
16
-8
-40
64
32
24
72
80
0
-40
24
16
48
0
8
80
56
-32
-8
24
-24
-24
32
48
-8
24
40
-16
0
24
-40
-24
88
0
-72
64
8
-88
-80
0
56
-72
0
72
-40
-16
0
-72
-8
16
40
-48
16
40
-64
-48
-8
-24
-48
0
0
-40
-24
32
-56
-24
8
-32
-16
-8
8
-24
-24
8
-32
-72
8
-8
-16
16
16
0
0
-24
-48
-40
16
40
-16
0
56
24
-48
-48
16
40
-40
0
56
24
0
0
8
8
80
16
-8
72
72
-24
-40
48
16
-24
80
72
-16
56
48
-16
0
40
64
8
0
24
40
16
24
16
16
48
16
-16
8
32
-16
0
0
16
-8
-24
24
-8
-32
0
8
-40
-32
-24
-48
-8
-40
-48
-32
-16
-32
-56
0
0
-96
-48
-8
-64
-64
-40
0
-48
-48
8
-32
-64
-24
-16
-32
-56
-24
-40
-32
-8
-32
0
16
0
-16
8
8
-24
-16
24
-8
-32
8
32
24
32
48
16
24
56
16
16
72
24
0
32
48
32
24
56
88
32
16
32
8
-8
24
64
40
32
48
48
32
32
32
24
8
0
-16
16
24
-16
8
24
24
16
0
16
8
-8
-16
16
8
-40
-8
16
8
-8
-8
8
-16
-16
-8
-24
-32
-32
-16
-24
0
-8
0
8
0
-8
-32
0
-16
-40
-8
32
0
-8
-16
8
-8
-24
0
0
-16
8
0
-32
-24
-48
-40
-16
0
-32
-16
24
-8
-56
-48
-56
-88
-72
0
8
8
32
16
16
8
0
-24
-40
0
0
-24
0
8
-24
-16
-8
-8
-8
16
32
8
8
16
-8
-24
0
16
16
40
32
24
0
-8
-16
-24
-40
-16
24
40
48
48
24
32
8
16
48
48
48
40
16
-8
-32
-32
-24
-8
-16
8
16
-24
0
0
-8
-8
0
0
-24
-40
-24
-32
-16
0
0
24
8
-24
-24
-24
-24
0
24
56
40
24
32
0
16
24
0
0
16
32
24
24
48
48
32
56
64
64
48
40
32
48
48
8
16
24
24
32
48
40
32
40
16
8
8
-8
-24
-16
-8
0
0
-24
-40
-40
-64
-56
-56
-80
-64
-56
-32
-16
-16
-32
-32
-40
-32
-24
-24
-24
-32
-48
-48
-40
-56
-40
-8
0
-16
-16
-24
-48
-64
-48
-8
-8
-48
-48
-72
-112
-132
-164
-148
-120
-112
-48
-8
-40
-64
-80
-112
-132
-88
-24
0
16
48
32
0
16
32
64
120
132
132
164
180
164
148
196
196
180
212
228
244
196
212
228
228
244
276
276
276
308
356
356
324
308
276
196
148
120
88
64
56
40
32
-8
-80
-196
-228
-244
-324
-356
-396
-460
-524
-588
-620
-620
-652
-652
-652
-652
-652
-620
-620
-588
-556
-492
-428
-396
-356
-324
-308
-292
-292
-260
-212
-212
-164
-80
-24
0
48
72
48
32
72
148
212
308
396
372
396
396
396
428
460
524
588
588
556
556
588
556
524
652
652
620
620
556
524
396
340
292
308
372
396
428
492
588
620
684
924
1180
1500
2108
2620
2876
2364
1628
1116
716
652
748
924
1052
876
292
-524
-1372
-2236
-2748
-2876
-2876
-2748
-2876
-3132
-3388
-3644
-3900
-4092
-4092
-3772
-3260
-2748
-2236
-2108
-2108
-1980
-1692
-1180
-556
104
748
1372
1756
1820
1372
620
0
-652
-924
-812
-260
276
460
324
0
-588
-1308
-1500
-1180
-588
-72
428
876
876
620
228
56
244
620
988
1436
1692
1180
524
112
-212
-244
-16
460
1052
1308
1180
812
228
-396
-684
-588
-164
120
260
372
180
-24
-164
8
292
556
988
1308
1372
1052
652
356
340
556
924
1436
1692
2108
3132
4348
5372
5884
6652
7420
7164
5372
3260
2876
3132
3644
3644
3388
3132
1980
40
-1884
-3132
-3772
-4092
-4092
-3772
-4092
-4604
-5116
-5116
-5372
-5628
-5628
-5372
-4604
-4348
-3900
-3644
-3516
-3516
-3260
-2364
-1116
-80
556
620
340
-428
-1308
-2108
-3004
-3388
-2876
-1756
-652
16
8
-428
-988
-1244
-1180
-924
-244
748
1372
1372
1180
876
524
180
56
396
924
1116
844
372
-96
-588
-876
-492
196
556
620
620
588
164
-428
-684
-492
-96
308
924
1436
1372
812
460
492
524
588
652
748
652
396
276
356
492
556
748
1116
1436
1756
1884
2108
2108
1980
2108
2108
1980
1884
2108
2236
2620
3004
3260
3388
3260
4092
6140
7932
7932
5884
3132
1820
1756
2108
2620
3004
3260
2492
1116
-812
-2620
-4092
-4860
-5116
-4860
-4348
-4604
-4604
-4860
-5372
-6140
-6652
-6140
-5628
-4860
-4348
-3772
-3644
-3644
-3388
-2748
-1756
-716
64
556
844
620
8
-988
-2236
-3132
-3004
-2108
-1052
-428
-212
-292
-324
-924
-2108
-2876
-2620
-1884
-1564
-876
-120
356
276
-40
-72
-80
0
340
1116
1980
2236
1692
924
684
812
988
1564
2364
2748
1980
1052
556
48
-620
-780
-88
716
1116
1308
1308
924
260
-40
164
492
812
1052
1308
1372
1052
924
924
1244
1692
2236
2748
2876
2748
2364
2108
1884
1628
1500
1500
1628
1756
2236
3004
4092
5372
6908
7932
7164
4604
1692
460
844
2108
3388
3772
3516
2364
340
-1980
-3644
-4348
-4860
-4860
-4604
-4092
-4348
-4604
-4860
-5372
-6140
-6140
-5628
-4860
-4092
-3900
-4092
-4348
-4348
-3772
-2492
-1116
24
844
1116
748
-228
-1628
-3132
-3900
-4092
-3260
-1980
-780
-428
-780
-1436
-2108
-2620
-2364
-1564
-716
0
684
1500
2108
1692
988
588
924
1180
1244
1884
2492
2620
1980
1436
1052
556
196
396
1372
2236
2236
1436
492
-40
-396
-324
340
1052
924
372
324
460
56
-524
-652
-212
396
924
1372
1436
844
244
164
780
1436
1756
1884
1884
1820
1884
2108
2108
2108
1980
2108
2108
2364
2236
1628
1052
684
652
1052
1500
1980
2620
3900
6140
7932
7420
4604
1500
228
524
1564
2492
3260
3900
3004
748
-1692
-3388
-4348
-5116
-5116
-4860
-4604
-4860
-5116
-5116
-5628
-6396
-6652
-5884
-5116
-4348
-4092
-3772
-3772
-3772
-3388
-2236
-924
32
780
1308
1436
716
-556
-1884
-3004
-3388
-2620
-1436
-620
-780
-1500
-2236
-2748
-2364
-1980
-1820
-1564
-924
556
2236
2748
2108
1500
1372
1308
1180
1980
2876
3004
2620
2236
1884
1052
276
-148
112
924
1628
1436
492
-588
-1564
-2108
-1692
-748
-132
-80
0
180
-56
-556
-556
0
684
1244
1820
2108
1980
1372
1052
1180
1628
2364
2876
3260
3516
3004
2492
2236
2364
2364
2492
2748
2748
2236
1692
1052
588
428
-8
0
620
1980
3900
5372
7420
8316
6908
4092
1372
844
1436
2620
3772
4348
4604
3004
244
-2748
-4604
-5372
-5628
-5372
-5116
-5116
-5628
-6140
-5884
-6140
-6908
-7164
-6652
-5884
-5116
-4860
-4604
-4604
-4092
-3260
-1692
-112
876
1308
1308
988
132
-1244
-2620
-3388
-3388
-2492
-1116
-356
-748
-1884
-3132
-3900
-3900
-3004
-1244
196
1436
2108
2620
2620
1980
1628
1628
2364
3004
3516
3388
2748
1820
460
-212
-80
428
524
524
620
460
-148
-812
-1116
-1116
-1052
-492
428
988
924
396
-40
0
428
1308
1980
2364
2236
1980
1692
1628
1500
1372
1372
1692
2236
2620
2492
2108
1628
1180
1244
1820
2492
2748
2364
1980
1628
1436
1308
1052
924
620
292
40
244
716
1180
2108
3772
6396
8316
7932
5372
1820
244
460
1500
2492
3004
3132
2236
428
-1820
-3900
-5628
-6652
-6652
-5884
-5116
-5116
-5372
-5628
-5628
-6140
-6140
-5628
-4860
-4092
-3644
-3004
-2620
-2620
-2364
-1372
148
1372
1980
1980
1564
620
-588
-1820
-3004
-3516
-3260
-2492
-1692
-1308
-1564
-2236
-2620
-2236
-1564
-988
-180
924
1820
1692
1244
1244
1692
2236
2108
1980
1820
1628
1308
1052
924
524
-212
-844
-780
-260
-276
-684
-844
-988
-1436
-1628
-1052
-308
-72
32
428
1180
1564
1692
1884
2108
2108
2108
2108
2108
1564
988
780
1180
1564
1756
1820
1884
1884
1756
1564
1564
1692
1820
1980
1980
1980
1756
1436
924
780
748
620
356
-16
-132
32
924
2876
4860
6908
8316
7676
5372
2236
460
620
1756
2876
3388
3644
3004
1180
-1500
-3772
-4860
-5372
-5372
-4860
-4604
-4604
-5116
-5372
-5116
-5372
-5884
-6140
-5116
-4348
-3772
-3644
-3516
-3132
-2620
-1500
-56
1116
1756
1692
1244
428
-748
-1980
-2748
-2876
-2492
-1692
-1052
-988
-1756
-2748
-3516
-3644
-3132
-2108
-16
2108
2748
1980
780
276
-340
-588
340
1628
2620
2364
1756
1052
324
-460
-988
-396
876
1564
1052
556
492
-164
-1244
-1116
148
1180
1372
1564
1756
1180
148
-120
812
2108
2748
3004
3004
2620
1500
324
-228
-132
212
620
1436
2108
2108
1308
684
684
1116
1628
2108
2364
2236
1884
1372
1244
1372
1244
876
524
324
0
-524
-684
-180
844
2364
4348
6652
8316
7164
4092
1116
244
716
1628
2492
3132
3644
2876
1116
-1180
-3132
-4348
-5116
-5116
-4604
-4348
-4604
-5116
-5116
-5116
-5628
-5884
-5372
-4604
-4092
-3644
-3388
-3388
-3388
-2876
-1436
396
1756
2236
1692
988
120
-988
-2236
-3004
-3132
-2876
-2364
-1692
-1628
-2364
-3004
-3644
-3900
-3516
-2620
-1052
308
684
0
-780
-924
-780
-228
716
1756
2236
2236
2108
1980
1564
844
492
924
1820
2108
1756
1244
748
56
-556
-460
212
780
812
988
1372
1372
924
620
1180
1884
2236
2236
2108
1628
924
340
356
924
1628
1980
2108
2364
2364
1980
1564
1500
1820
1980
1980
2108
2236
2108
1628
1308
1436
1500
1052
556
112
-244
-588
-684
-260
556
1980
3772
5372
7164
7676
6652
4092
1628
924
1564
2748
3260
3388
3388
2748
812
-1564
-3260
-4348
-4860
-5116
-5116
-5116
-5372
-6140
-6140
-5884
-5628
-5884
-5628
-5116
-4604
-4604
-4860
-4860
-4348
-3388
-1980
-180
1180
1372
748
-72
-748
-1692
-2876
-3772
-3900
-3388
-2876
-2492
-2364
-2876
-3772
-4348
-4092
-2748
-844
0
96
-48
0
-88
-80
812
1820
2492
2620
2748
2876
2620
1980
1116
844
1372
2236
2492
2108
1756
1180
308
-228
164
684
652
428
620
780
492
324
524
1052
1500
1884
2236
2364
1980
1180
620
684
1372
2108
2492
2620
2620
2492
2108
2108
2236
2492
2492
2492
2748
2876
2620
2108
1980
1884
1820
1692
1500
812
-132
-1116
-1436
-1116
-556
260
1180
2364
3132
4092
5884
7164
6652
4348
1980
1244
1756
2492
2620
2620
2748
2236
844
-1116
-2620
-3772
-4860
-5372
-5628
-5628
-5884
-6396
-6396
-5628
-5372
-5372
-5884
-5628
-5628
-5884
-5884
-5628
-4860
-4092
-2876
-1244
292
812
428
-16
-428
-1244
-2492
-3388
-3644
-3260
-2620
-1884
-1116
-780
-1244
-1756
-1980
-1756
-1500
-1116
-556
-112
-64
-180
-132
276
988
1500
1884
2364
2492
2236
1692
1564
1756
1884
1980
2364
2620
2364
1980
1500
988
492
292
588
924
1116
1244
1244
1244
1180
1244
1372
1500
1628
1628
1436
1308
1436
1628
1820
2108
2492
3004
3260
3388
3132
2876
2492
2492
2748
3004
3004
2748
2236
1692
1180
748
372
96
-80
-196
-492
-588
-428
-356
-340
-88
620
1692
2748
3772
5116
6140
6140
4348
1980
812
988
1692
1884
1980
2364
2108
780
-1180
-2620
-3388
-4092
-4604
-5116
-5372
-5628
-6396
-6396
-6140
-5884
-5884
-6140
-5628
-5372
-5372
-5628
-5884
-5628
-4860
-3772
-2364
-876
104
228
-244
-684
-1052
-1756
-2620
-3004
-2492
-1692
-1116
-748
-652
-924
-1436
-1564
-1180
-72
876
876
260
-340
-372
-396
-228
556
1692
2748
3132
3260
3132
2620
2108
1564
1692
2364
3004
2748
2236
1820
1756
1308
844
876
1244
1372
1308
1308
1244
924
524
620
1180
1980
2364
2364
1980
1692
1500
1372
1436
1820
2364
2620
2748
2748
2620
2364
1980
1980
2364
2620
2492
2108
1692
988
428
132
196
492
652
652
372
24
-260
-524
-620
-524
-212
96
428
844
1244
1980
3004
4348
4860
4348
2620
1372
924
988
1180
1244
1372
1308
556
-684
-1756
-2364
-2876
-3644
-4604
-5116
-5628
-5884
-5884
-5628
-5372
-5372
-5628
-5884
-5884
-5884
-5628
-5628
-5372
-4860
-3900
-2876
-1628
-588
-180
-324
-556
-716
-1052
-1628
-2108
-2108
-1628
-1052
-588
-260
-148
-16
524
1052
1052
228
-556
-652
-524
-340
244
1244
2108
2620
2492
2364
2492
2492
1884
1180
1052
1308
1116
780
1052
1692
1980
1884
1980
2108
1884
1244
780
684
812
988
1436
2108
2876
3260
3004
2492
2108
1884
1500
1180
1308
1820
2108
2236
2236
2108
1884
1500
1500
1756
1980
1756
1372
1116
924
812
812
924
988
1116
988
652
356
0
-428
-748
-812
-524
-276
-164
-16
308
684
924
1052
1436
2492
3644
4348
3900
2620
1500
924
876
812
812
924
924
492
-524
-1692
-2620
-3132
-3644
-4092
-4860
-5116
-5372
-5372
-5372
-5372
-5372
-5628
-5628
-5628
-5372
-5116
-5116
-5116
-4860
-4092
-3132
-1980
-1052
-556
-556
-748
-1116
-1500
-1884
-1884
-1692
-1180
-748
-324
72
460
780
988
924
1180
1884
2108
1756
780
372
372
396
844
1820
2748
2876
2492
1820
1372
1180
988
988
1500
2236
2492
2236
1884
2108
2108
1692
1500
1692
1980
1692
1372
1116
1116
1180
1436
1884
2364
2620
2364
1564
876
620
372
244
524
988
1372
1308
1180
1180
1180
988
812
844
988
1052
844
524
396
260
180
212
428
716
588
196
-164
-428
-524
-460
-260
120
588
988
1052
988
1052
1180
1180
1692
2876
3900
4348
3388
2108
1052
716
780
812
876
812
428
-340
-1308
-2236
-2748
-3132
-3644
-4092
-4348
-4348
-4604
-5116
-5372
-5116
-5116
-5116
-5116
-4604
-4348
-4604
-5116
-5116
-4860
-4348
-3516
-2492
-1436
-988
-924
-988
-988
-1180
-1564
-1756
-1500
-812
-56
492
812
988
1052
1500
2108
1980
1308
620
428
196
64
428
1436
2236
2492
2364
2108
2236
2236
1884
1372
1500
1980
1980
1884
2364
3132
3260
3132
3004
2876
2364
1756
1372
1180
1116
1116
1180
1308
1628
1756
1372
684
308
276
0
-460
-492
-72
104
72
276
844
1180
1116
988
876
780
684
652
620
748
988
1180
1116
1116
1180
988
684
460
460
460
460
460
372
324
228
148
148
212
356
428
428
556
780
1116
1884
2876
3516
3388
2492
1308
396
-104
-308
-372
-396
-276
-340
-780
-1436
-1980
-2364
-2876
-3644
-4348
-4860
-5116
-5372
-5372
-5116
-5116
-5372
-5628
-5372
-5372
-5372
-5372
-5116
-4860
-4092
-3132
-2236
-1436
-924
-684
-460
-148
48
-148
-620
-924
-844
-292
396
988
1308
1980
2748
2876
2236
1500
1052
588
196
276
1052
1980
2364
2492
2492
2748
2876
2748
2364
2364
2620
2492
1980
2236
3004
3388
3132
3004
3004
2492
1500
620
164
120
356
620
924
1244
1372
924
356
164
260
48
-428
-588
-212
212
292
372
556
716
716
876
1244
1500
1500
1180
876
988
1372
1564
1372
1116
988
812
652
588
460
324
88
-80
96
428
428
72
-340
-492
-308
-112
-72
-180
-196
-16
396
1308
2492
3388
3260
2108
876
48
-164
-88
-40
-8
16
-228
-924
-1756
-2492
-3132
-3772
-4348
-4860
-5372
-5628
-5884
-6140
-5884
-5372
-5116
-5116
-4860
-4860
-4604
-4860
-4604
-4348
-3644
-2876
-1756
-716
-48
276
292
148
0
-132
-340
-428
-356
72
556
1052
1500
1980
2492
3004
3260
2876
2364
1980
1756
1692
2108
3004
3772
4092
4092
3900
3772
3516
3004
2364
2108
1980
1820
1500
1628
1980
2236
1980
1564
1244
780
292
-64
-212
-132
120
396
812
1244
1564
1372
924
460
180
-96
-372
-372
-180
8
112
324
620
748
652
492
524
620
716
652
620
588
620
748
844
844
844
684
396
164
-72
-324
-524
-524
-428
-292
-180
-228
-308
-396
-460
-620
-780
-780
-620
-308
340
1308
2364
3260
3260
2492
1244
292
-48
-64
72
148
-16
-524
-1308
-2108
-2876
-3388
-3772
-4092
-4604
-4860
-5116
-5372
-5628
-5372
-5372
-5116
-4860
-4860
-4860
-4860
-5116
-4860
-4348
-3388
-2364
-1436
-684
-196
8
80
164
292
428
524
780
1244
1756
2236
2492
2748
3132
3772
4092
4092
3388
2876
2364
1980
1820
2108
2492
2876
2876
2876
2748
2364
1756
1052
748
988
1372
1564
1884
2236
2364
2108
1884
1756
1564
1052
588
428
372
340
396
460
620
716
588
260
-96
-356
-684
-1116
-1372
-1244
-924
-588
-148
324
588
524
308
212
396
620
748
684
684
844
988
988
988
988
988
844
748
780
748
460
80
-88
-64
48
120
132
148
132
-16
-112
0
228
396
652
1308
2492
3644
4348
3516
1980
340
-460
-556
-276
16
132
-72
-780
-1756
-2620
-3388
-3900
-4348
-5116
-5372
-5628
-5884
-5884
-5884
-5884
-5884
-5628
-5372
-5116
-5116
-4860
-4860
-4604
-3644
-2492
-1308
-292
460
988
1180
1180
1180
1052
716
492
652
1116
1756
2236
2364
2236
2236
2364
2364
2620
3132
3260
2748
2108
1756
1820
1980
2364
3132
3644
3644
3132
2492
1980
1820
1756
1692
1980
2492
2492
1980
1500
1052
556
32
-260
-292
-356
-620
-988
-1180
-1180
-924
-492
-228
48
196
-80
-652
-988
-988
-924
-844
-492
148
748
1052
988
876
844
988
1308
1692
1884
1980
1628
1244
1052
1052
1116
988
812
748
620
244
-132
-308
-292
-148
212
396
428
396
196
-32
-8
228
460
748
1308
2108
3004
3900
4092
3388
1756
212
-492
-556
-324
-212
-428
-844
-1628
-2620
-3644
-4348
-4860
-5372
-5628
-5884
-6140
-5884
-5884
-5628
-5372
-5116
-4860
-4604
-4092
-3900
-3772
-3644
-3260
-2492
-1564
-428
428
844
988
780
492
228
112
164
356
652
1244
1884
2236
2364
2364
2492
2876
3388
3772
3388
3004
2620
2492
2492
2620
3132
3516
3516
3132
2620
1980
1500
1180
988
1244
1564
1564
1308
1052
876
524
24
-132
-80
-228
-524
-844
-924
-812
-716
-524
-196
88
244
104
-228
-524
-588
-588
-588
-292
164
492
684
716
748
652
524
524
748
1052
1244
1308
1180
1052
988
924
812
812
844
988
988
812
556
148
-132
-148
148
428
588
524
460
372
212
32
-32
64
292
620
1244
2236
3260
3772
3004
1436
-276
-1308
-1436
-1180
-924
-924
-988
-1436
-2364
-3388
-4092
-4604
-4860
-4860
-5116
-5116
-5116
-4860
-4604
-4348
-4348
-4348
-4348
-4092
-3900
-3900
-3644
-3260
-2364
-1436
-492
276
620
620
556
524
588
684
780
876
1116
1628
2108
2364
2236
1980
1980
2236
2364
2748
3388
3772
3516
2876
2620
2492
2364
2236
2364
2748
2748
2364
1692
1180
924
716
524
684
988
780
-64
-748
-716
-428
-396
-396
-212
-48
-260
-556
-684
-684
-652
-556
-228
308
780
716
164
-292
-460
-492
-372
-72
460
844
844
812
988
1180
1308
1308
1308
1628
1820
1628
1244
844
620
620
924
1308
1628
1436
924
372
132
180
148
120
112
120
48
-180
-340
-228
-32
164
428
748
1116
1884
3004
3900
3772
2364
356
-988
-1116
-620
-228
-88
-112
-588
-1756
-3004
-3900
-4348
-4604
-5116
-5628
-5884
-5628
-5372
-5116
-4860
-4860
-4860
-5116
-4860
-4604
-4348
-4092
-3900
-3004
-1692
-372
524
844
780
524
324
276
340
308
244
308
812
1692
2236
2108
1756
1692
1980
2364
3132
3772
3900
3388
2492
2108
2108
2364
2620
2876
3132
3004
2492
1628
988
748
812
988
1308
1628
1436
556
-180
-324
-148
32
88
164
164
-196
-652
-924
-924
-652
-148
396
988
1116
716
56
-492
-524
-212
228
652
1116
1372
1244
1116
1116
1308
1436
1564
1756
1980
1980
1692
1244
924
844
876
1052
1244
1372
1116
620
8
-308
-196
40
148
72
48
0
-164
-244
-180
-80
40
212
428
492
524
492
748
1564
2492
3004
2620
1436
-228
-1756
-2492
-2492
-2364
-2108
-2236
-2492
-3132
-4092
-4860
-5372
-5628
-5372
-4860
-4604
-4092
-3900
-3644
-3388
-3132
-3132
-3132
-3004
-2748
-2364
-1980
-1628
-1372
-1116
-924
-780
-492
-212
-148
-396
-684
-812
-844
-748
-460
48
588
988
1436
1980
2492
3132
3772
4092
3772
3644
3772
3772
3644
3516
3388
3132
2748
2364
1820
1436
1116
716
492
620
844
780
524
460
492
340
212
356
524
428
372
492
748
844
812
748
780
876
812
684
372
132
-104
-460
-748
-780
-652
-524
-460
-292
16
104
80
164
460
780
988
1052
1180
1308
1308
1308
1372
1500
1372
1180
1116
988
924
812
780
780
684
492
372
396
428
356
260
196
196
324
324
292
292
292
748
1628
2492
2620
1372
-492
-2236
-3132
-3132
-2620
-2236
-1980
-2236
-2748
-3516
-4348
-4860
-5116
-5372
-5116
-4604
-4092
-3644
-3388
-3388
-3388
-3388
-3132
-3004
-2748
-2620
-2620
-2492
-2236
-1756
-1308
-924
-556
-308
-80
164
324
276
72
-24
276
924
1756
2236
2492
2620
2876
3132
3644
4604
5116
4604
3644
3004
2748
2236
1692
1500
1756
1820
1692
1308
1052
924
492
72
340
1244
1564
1116
716
876
1116
924
924
1116
924
356
-196
-372
-428
-716
-1052
-988
-524
-96
-132
-588
-844
-924
-1116
-1116
-780
-120
292
292
396
780
1116
1180
1244
1628
2108
2364
2108
1980
1820
1500
1052
1052
1180
1052
684
244
-8
-132
-164
-56
132
308
324
164
24
80
120
-72
-228
-180
112
292
164
64
148
492
1180
1884
2108
1308
-292
-2108
-3388
-3772
-3772
-3388
-3004
-2876
-3004
-3516
-4092
-4604
-4860
-4860
-4348
-3900
-3260
-2748
-2236
-1980
-1820
-1692
-1692
-1756
-1820
-1820
-1692
-1628
-1436
-1180
-988
-812
-460
-96
196
308
196
-56
-292
-292
8
524
1052
1564
1980
2236
2748
3260
3516
3644
3900
4348
4604
3900
2748
1820
1308
1116
1116
1564
2108
1884
1180
460
180
244
324
620
1308
1980
1756
1116
924
924
844
492
396
372
24
-652
-1116
-1244
-1308
-1308
-988
-356
64
-72
-684
-1180
-1244
-988
-652
-96
588
988
876
652
748
1052
1180
1308
1692
2236
2492
2364
1820
1244
716
292
212
324
428
132
-292
-588
-588
-460
-308
-132
244
588
620
524
460
492
492
492
524
524
180
-396
-988
-1244
-1180
-748
-104
428
396
-396
-1692
-2876
-3516
-3644
-3388
-2748
-2108
-1884
-1980
-2236
-2620
-3004
-3132
-2748
-2236
-1628
-1308
-1116
-924
-1052
-1308
-1564
-1756
-1756
-1628
-1500
-1500
-1564
-1884
-2108
-2108
-1884
-1372
-924
-460
-148
-32
-32
0
96
292
524
812
1308
2108
2748
3004
2748
2620
3516
4348
4348
3260
2236
1756
1052
556
988
1756
1980
1692
1308
1180
1116
924
652
924
1820
2108
1436
812
924
1052
524
292
652
652
-56
-588
-492
-492
-812
-876
-356
356
716
556
48
-276
-492
-748
-748
-308
196
180
-112
-96
164
164
0
276
876
1180
988
588
356
228
-48
-212
0
396
460
260
292
324
148
-24
164
524
684
620
588
588
492
428
372
292
56
-396
-780
-988
-1052
-988
-844
-212
620
1116
844
40
-924
-1756
-2108
-1980
-1756
-1436
-1308
-1308
-1372
-1564
-1980
-2364
-2492
-2108
-1692
-1500
-1500
-1564
-1820
-1980
-2108
-2108
-2236
-2492
-2620
-2492
-2236
-2108
-2236
-2236
-1980
-1564
-1052
-524
48
396
428
396
524
748
988
1308
1820
2492
3260
3516
3132
2492
1980
1820
1628
1628
1980
1980
1756
1372
1308
1372
1372
1244
1436
1820
1980
1820
1500
1180
1052
1052
1180
1308
1308
1116
588
148
-24
-196
-396
-396
-228
-120
-340
-684
-988
-1180
-1180
-1052
-812
-620
-652
-844
-1116
-1180
-988
-652
-196
396
876
1052
924
876
844
684
524
492
460
460
492
460
372
276
148
148
396
780
1052
988
780
652
556
492
588
812
876
780
588
356
64
-324
-620
-844
-924
-844
-684
-492
-132
396
684
684
356
-112
-652
-1180
-1564
-1564
-1244
-924
-780
-812
-924
-1308
-1692
-2108
-2236
-2236
-2492
-2620
-2492
-2364
-2108
-2108
-2108
-2108
-2108
-1980
-1884
-1692
-1628
-1692
-1692
-1436
-1052
-620
-308
-104
0
72
24
0
148
428
684
844
988
1180
1564
1820
1980
1980
2236
2620
2876
2620
2108
1628
1372
1116
1244
1628
1980
1980
1692
1436
1436
1308
1116
924
924
844
588
372
244
212
112
96
180
164
-64
-460
-748
-876
-1052
-1116
-988
-684
-460
-396
-356
-340
-460
-588
-652
-556
-428
-260
-64
120
324
460
524
556
748
924
924
924
876
780
524
308
292
372
524
748
988
1180
1180
1116
988
812
684
588
524
524
556
460
308
72
-40
-80
-48
48
148
164
196
492
844
988
620
24
-620
-1116
-1308
-1244
-1052
-876
-988
-1180
-1372
-1564
-1692
-1980
-2108
-1980
-1820
-1820
-1820
-1820
-1884
-2108
-2364
-2364
-2364
-2492
-2492
-2364
-2108
-1884
-1692
-1500
-1308
-1180
-1052
-876
-620
-396
-212
-180
-132
40
428
780
924
924
988
1180
1500
1884
1980
1980
1628
1500
1372
1308
1372
1500
1628
1628
1628
1500
1436
1180
1116
1244
1564
1692
1500
1372
1180
924
716
748
780
748
620
396
180
-80
-276
-524
-588
-684
-844
-924
-924
-876
-988
-1116
-1244
-1244
-1180
-876
-492
-244
-180
-56
148
428
684
844
924
876
812
812
812
748
588
396
292
356
524
684
684
588
620
748
812
844
748
716
716
716
812
988
1052
988
780
556
324
132
-40
-132
-180
-292
-428
-524
-492
-324
-180
-132
-228
-372
-356
-292
-292
-396
-492
-588
-716
-652
-620
-620
-812
-1116
-1436
-1564
-1692
-1820
-1980
-1980
-1980
-1820
-1628
-1500
-1372
-1372
-1436
-1628
-1628
-1500
-1372
-1308
-1180
-1052
-988
-988
-924
-844
-844
-1052
-1180
-1116
-876
-588
-428
-228
-32
164
308
524
780
812
876
988
1180
1372
1564
1692
1884
1980
1884
1884
1756
1628
1372
1244
1116
1116
1244
1244
1244
1116
1116
1052
988
924
924
844
652
460
356
308
260
244
132
-8
-132
-196
-196
-164
-164
-164
-148
-104
-32
32
48
0
-104
-212
-308
-292
-212
-56
132
276
356
356
428
524
652
780
844
844
812
844
876
876
844
844
812
780
876
1052
1116
1052
924
812
716
652
652
588
460
324
324
324
260
96
-148
-396
-524
-588
-588
-620
-716
-812
-924
-988
-1180
-1372
-1692
-1884
-1980
-2108
-2364
-2620
-2748
-2876
-2876
-2876
-2748
-2620
-2492
-2492
-2364
-2364
-2364
-2236
-2108
-1980
-1980
-1980
-1980
-1884
-1756
-1628
-1500
-1372
-1180
-1052
-780
-460
-32
340
556
684
876
1052
1308
1564
1756
1980
2236
2364
2620
2748
2748
2620
2492
2492
2364
2364
2364
2236
1980
1820
1692
1564
1436
1308
1308
1308
1244
1244
1180
1116
924
812
652
492
396
324
276
196
48
-164
-340
-428
-428
-356
-324
-340
-260
-164
-40
24
56
0
-32
64
228
428
524
492
428
428
524
716
988
1116
1244
1244
1244
1244
1180
1052
924
684
524
492
556
524
428
276
64
-164
-276
-340
-428
-556
-620
-716
-780
-716
-588
-652
-684
-748
-780
-812
-780
-748
-844
-988
-1244
-1308
-1308
-1308
-1500
-1692
-1884
-2108
-2364
-2492
-2492
-2620
-2748
-2876
-2748
-2620
-2492
-2364
-2236
-2236
-2108
-1884
-1628
-1436
-1308
-1308
-1308
-1244
-1116
-924
-812
-748
-716
-652
-492
-356
-180
-8
120
196
308
492
684
876
1116
1500
1692
1884
2108
2364
2492
2492
2364
2236
2108
2236
2236
2236
2236
2108
1980
1884
1884
1820
1692
1564
1372
1308
1244
1116
924
748
652
620
684
748
748
684
524
428
356
276
180
132
88
24
104
180
180
132
104
132
276
396
460
460
396
324
148
48
48
48
32
8
64
132
120
88
8
-80
-88
-104
-88
-64
-64
-80
-64
-24
24
112
164
276
396
524
492
460
428
340
196
16
-80
-120
-228
-340
-428
-652
-812
-924
-924
-924
-1052
-1308
-1500
-1628
-1756
-1884
-2108
-2236
-2364
-2492
-2364
-2364
-2364
-2364
-2364
-2492
-2492
-2492
-2364
-2236
-2108
-2108
-2108
-2108
-2108
-1980
-1884
-1756
-1692
-1564
-1308
-924
-684
-460
-260
-112
88
428
748
988
1180
1372
1564
1820
2108
2236
2492
2620
2748
2876
3004
3004
2876
2748
2620
2620
2620
2492
2236
2236
2108
2108
1980
1884
1756
1628
1500
1372
1308
1244
988
780
556
356
228
148
48
-88
-244
-372
-460
-428
-428
-460
-460
-492
-492
-492
-556
-620
-684
-652
-524
-396
-340
-324
-324
-428
-428
-372
-308
-212
-120
-40
80
196
260
396
492
524
556
588
684
748
780
716
652
620
652
652
748
780
716
652
524
324
88
-148
-260
-308
-372
-460
-620
-812
-988
-1180
-1308
-1436
-1564
-1756
-1756
-1820
-1980
-2108
-2236
-2492
-2748
-2748
-2748
-2876
-2876
-2876
-2876
-2876
-2748
-2492
-2364
-2236
-2108
-1884
-1692
-1628
-1500
-1308
-1180
-988
-684
-396
-132
148
428
620
812
924
1052
1308
1564
1756
1980
2236
2492
2620
2748
2876
2876
2748
2876
2876
2876
3004
3004
2876
2876
2748
2492
2364
2108
1980
1820
1692
1436
1116
876
812
716
620
524
428
276
120
-24
-164
-372
-620
-812
-876
-924
-988
-1116
-1244
-1308
-1372
-1372
-1308
-1116
-988
-876
-748
-652
-588
-556
-524
-492
-292
-80
96
180
196
148
164
196
260
308
308
340
340
324
356
428
428
460
556
716
844
924
844
924
844
780
716
556
428
260
148
-8
-120
-228
-372
-588
-780
-988
-1244
-1500
-1692
-1884
-1980
-2108
-2108
-2108
-2108
-2236
-2364
-2492
-2492
-2492
-2620
-2620
-2620
-2620
-2364
-2236
-2108
-1980
-1884
-1756
-1692
-1500
-1244
-1116
-988
-844
-556
-276
-48
132
324
492
620
812
988
1180
1308
1500
1692
1980
2236
2492
2620
2876
3132
3132
3260
3132
3004
3004
3004
3004
3004
2876
2748
2620
2492
2236
1980
1756
1564
1244
988
748
428
164
40
-8
-48
-112
-292
-492
-620
-716
-748
-748
-716
-748
-716
-652
-588
-524
-492
-524
-524
-460
-372
-196
-112
-120
-148
-96
-104
-132
-164
-244
-372
-460
-460
-356
-308
-308
-308
-308
-260
-164
24
164
228
212
228
260
292
396
556
588
460
340
180
56
-32
-148
-260
-428
-524
-684
-780
-924
-1052
-1180
-1436
-1564
-1692
-1884
-1980
-2236
-2236
-2364
-2364
-2364
-2364
-2364
-2364
-2364
-2364
-2364
-2492
-2492
-2492
-2364
-2364
-2236
-2108
-1980
-1756
-1628
-1436
-1308
-1180
-924
-652
-340
16
372
684
924
1180
1500
1692
1820
1980
1980
2108
2364
2620
2876
3132
3260
3388
3516
3644
3900
3900
3772
3644
3516
3388
3132
3004
2876
2748
2620
2492
2236
1980
1500
1116
748
524
396
324
308
276
164
0
-196
-396
-556
-620
-684
-748
-716
-748
-812
-812
-844
-844
-924
-1052
-1052
-1052
-988
-988
-1052
-1052
-1052
-988
-924
-812
-684
-620
-556
-492
-428
-428
-428
-492
-492
-356
-196
-132
-132
-180
-244
-212
-132
-80
-64
-48
-32
-16
40
148
164
132
56
-88
-196
-324
-492
-684
-876
-1052
-1180
-1436
-1564
-1692
-1884
-1980
-2236
-2364
-2492
-2492
-2492
-2492
-2492
-2492
-2492
-2492
-2364
-2364
-2364
-2236
-2108
-2108
-1980
-1756
-1564
-1244
-1052
-876
-748
-556
-292
-32
180
396
620
924
1244
1564
1820
2108
2236
2364
2492
2620
2748
3004
3132
3132
3260
3260
3260
3260
3260
3260
3260
3132
3132
3004
2876
2748
2620
2492
2492
2364
2236
2108
1820
1564
1244
988
684
372
64
-112
-244
-324
-396
-524
-620
-748
-844
-988
-988
-988
-1116
-1180
-1180
-1116
-1052
-988
-988
-988
-988
-924
-876
-924
-988
-1052
-1052
-988
-876
-748
-652
-620
-588
-556
-524
-556
-556
-524
-460
-276
-112
32
32
-56
-88
-48
56
196
244
164
64
-32
-148
-276
-428
-588
-716
-812
-844
-924
-1052
-1180
-1372
-1500
-1628
-1628
-1692
-1692
-1820
-1980
-1980
-2108
-2108
-2108
-2108
-2108
-1980
-1980
-1820
-1756
-1692
-1628
-1564
-1372
-1308
-1180
-1052
-844
-684
-524
-396
-212
-16
164
460
716
988
1180
1436
1692
1820
1980
2236
2364
2364
2492
2492
2620
2748
2748
2876
2876
2876
2876
2876
2876
2876
2876
2748
2620
2620
2492
2364
2236
2108
1884
1692
1500
1244
988
684
428
292
120
-40
-164
-324
-492
-652
-780
-876
-988
-1116
-1244
-1372
-1372
-1308
-1180
-1116
-1052
-988
-988
-988
-988
-1052
-1116
-1116
-1116
-988
-844
-716
-652
-620
-588
-524
-460
-372
-356
-340
-244
-148
8
132
196
276
308
396
396
340
244
120
48
0
48
104
40
-72
-196
-372
-556
-748
-988
-1116
-1180
-1244
-1244
-1308
-1372
-1564
-1756
-1820
-1820
-1820
-1756
-1692
-1692
-1756
-1884
-1884
-1980
-1884
-1820
-1756
-1692
-1564
-1436
-1308
-1244
-1116
-988
-844
-716
-492
-260
16
196
340
524
620
780
1052
1244
1436
1564
1692
1820
1980
2108
2108
2236
2364
2364
2492
2620
2620
2620
2620
2620
2620
2620
2492
2492
2364
2364
2236
2108
1980
1756
1628
1564
1500
1372
1180
988
812
652
460
276
64
-120
-292
-396
-492
-588
-716
-924
-1052
-1116
-1180
-1180
-1180
-1180
-1180
-1180
-1052
-988
-924
-844
-780
-716
-652
-620
-652
-652
-652
-588
-492
-372
-276
-228
-228
-212
-196
-196
-132
-40
72
148
164
164
164
132
96
72
88
56
-16
-88
-180
-292
-428
-588
-716
-924
-1052
-1180
-1308
-1436
-1628
-1756
-1884
-1980
-1980
-1980
-1980
-2108
-2108
-2236
-2108
-2108
-2108
-1980
-1884
-1884
-1756
-1564
-1372
-1308
-1244
-1180
-1116
-988
-812
-652
-556
-492
-396
-260
0
212
428
652
876
1116
1372
1628
1820
1980
2108
2364
2492
2748
2876
2876
3004
3004
3004
3132
3132
3132
3004
3004
2876
2876
2748
2492
2364
2108
1980
1884
1756
1628
1436
1180
988
812
652
524
340
180
80
-56
-196
-372
-556
-812
-988
-1180
-1244
-1180
-1180
-1116
-1180
-1180
-1244
-1244
-1116
-1052
-988
-988
-1052
-1052
-1052
-924
-812
-716
-588
-492
-396
-292
-228
-196
-180
-88
64
148
228
308
308
292
292
292
276
196
132
112
104
24
-40
-132
-276
-428
-524
-556
-620
-748
-876
-988
-1180
-1244
-1372
-1500
-1628
-1756
-1820
-1884
-1980
-1980
-2108
-2236
-2236
-2236
-2236
-2108
-2108
-1980
-1980
-1884
-1820
-1756
-1628
-1564
-1436
-1244
-1116
-924
-748
-620
-492
-372
-212
-32
196
428
620
924
1180
1436
1628
1820
1980
2236
2492
2620
2748
2748
2748
2748
2748
2876
3004
3004
3004
3004
2876
2876
2748
2620
2492
2364
2236
2108
2108
1884
1692
1500
1244
1052
876
684
492
324
180
80
-32
-164
-308
-396
-492
-588
-652
-716
-876
-988
-1116
-1244
-1244
-1244
-1244
-1244
-1116
-1116
-1116
-1116
-1052
-988
-988
-924
-812
-716
-588
-460
-324
-212
-132
-40
24
80
120
132
72
8
-40
-40
0
32
48
32
-24
-132
-228
-340
-428
-460
-492
-588
-684
-748
-812
-876
-924
-988
-1116
-1244
-1244
-1308
-1372
-1436
-1628
-1756
-1820
-1756
-1692
-1692
-1692
-1820
-1884
-1980
-1980
-1884
-1756
-1692
-1628
-1500
-1372
-1244
-1116
-988
-844
-652
-460
-228
-16
148
292
460
652
844
1052
1180
1308
1436
1628
1756
1884
1980
2236
2364
2492
2620
2748
2748
2748
2748
2748
2748
2876
2876
2876
2876
2748
2620
2492
2236
2108
1884
1756
1564
1436
1244
1052
876
652
492
324
132
0
-132
-260
-428
-652
-812
-924
-1052
-1116
-1116
-1116
-1180
-1244
-1372
-1436
-1500
-1564
-1564
-1564
-1628
-1564
-1436
-1308
-1180
-1052
-924
-780
-652
-524
-428
-356
-292
-180
-112
0
112
196
244
292
324
324
260
180
120
80
72
56
64
-40
-212
-340
-428
-460
-556
-620
-716
-748
-844
-988
-988
-1052
-1116
-1180
-1244
-1244
-1244
-1308
-1372
-1436
-1628
-1692
-1692
-1692
-1628
-1628
-1628
-1628
-1564
-1500
-1436
-1372
-1244
-1052
-876
-716
-524
-396
-292
-148
0
164
372
620
812
1052
1180
1372
1628
1756
1884
1980
2108
2108
2236
2236
2364
2364
2492
2620
2620
2620
2492
2492
2364
2364
2364
2236
2236
2236
2108
1980
1820
1692
1564
1372
1244
1116
1052
876
684
492
292
112
-64
-276
-428
-556
-684
-812
-924
-1116
-1244
-1372
-1436
-1436
-1564
-1628
-1692
-1756
-1756
-1692
-1628
-1564
-1564
-1564
-1500
-1436
-1372
-1308
-1244
-1180
-1052
-844
-684
-556
-428
-340
-260
-212
-180
-164
-148
-120
-72
-40
56
104
88
48
0
-72
-104
-120
-104
-132
-180
-196
-212
-164
-132
-132
-180
-212
-228
-292
-356
-396
-556
-748
-844
-876
-844
-748
-780
-844
-924
-924
-924
-812
-716
-620
-588
-492
-428
-324
-292
-308
-260
-180
-64
96
244
340
396
396
428
492
620
780
924
1116
1180
1244
1372
1500
1564
1692
1692
1692
1692
1692
1692
1756
1756
1692
1692
1628
1628
1628
1628
1564
1564
1500
1436
1372
1308
1180
988
844
620
460
340
260
148
24
-64
-164
-292
-396
-492
-620
-748
-876
-988
-1052
-1116
-1180
-1244
-1244
-1244
-1244
-1308
-1308
-1372
-1372
-1372
-1372
-1308
-1244
-1116
-1052
-988
-988
-924
-876
-812
-716
-652
-588
-524
-460
-308
-164
-88
-32
16
64
80
120
112
56
0
-16
-16
0
72
96
120
112
88
64
64
48
32
24
8
-16
-56
-104
-164
-244
-324
-428
-524
-620
-716
-780
-812
-812
-748
-684
-620
-588
-588
-588
-588
-556
-524
-460
-428
-340
-228
-164
-104
-56
0
64
180
324
428
460
492
556
620
684
812
924
988
1052
1180
1244
1244
1244
1308
1372
1436
1436
1436
1372
1308
1244
1244
1244
1244
1244
1180
1180
1180
1180
1052
988
844
748
684
652
588
460
308
164
56
-16
-112
-196
-292
-372
-396
-492
-588
-652
-748
-780
-780
-812
-844
-876
-924
-988
-1052
-1116
-1116
-1116
-1052
-988
-924
-876
-924
-924
-924
-924
-924
-876
-844
-844
-812
-748
-652
-524
-460
-396
-372
-292
-120
16
148
228
260
308
356
396
460
460
428
396
308
276
228
164
96
16
0
-16
-80
-132
-196
-292
-396
-428
-428
-356
-324
-324
-356
-428
-492
-524
-556
-556
-524
-524
-492
-428
-396
-356
-308
-292
-276
-196
-104
-64
-24
24
16
32
112
180
260
308
324
372
460
524
588
652
716
748
780
844
924
924
988
988
1052
1116
1180
1180
1180
1180
1116
1052
1052
1052
988
988
924
844
780
716
716
684
652
588
492
372
244
148
24
-40
-112
-132
-196
-260
-324
-428
-524
-588
-620
-652
-652
-652
-620
-588
-588
-588
-620
-652
-716
-780
-748
-716
-684
-652
-684
-716
-748
-748
-716
-620
-556
-524
-524
-492
-428
-324
-228
-148
-72
0
80
164
228
244
260
212
212
244
260
276
228
148
64
32
-8
-48
-72
-112
-164
-228
-260
-276
-292
-340
-396
-492
-588
-684
-716
-684
-716
-748
-748
-716
-684
-620
-588
-556
-588
-588
-556
-524
-428
-308
-212
-164
-132
-120
-72
-24
72
164
228
340
396
460
556
588
588
588
556
556
620
652
716
780
812
844
876
924
988
988
988
988
1052
1052
1052
1052
924
812
716
652
620
556
460
372
260
180
132
80
64
40
16
8
-8
-32
-72
-148
-196
-276
-324
-340
-292
-244
-260
-292
-292
-324
-356
-356
-372
-428
-460
-492
-492
-460
-396
-372
-340
-308
-308
-292
-244
-228
-228
-196
-120
-32
104
180
180
132
72
48
48
64
80
80
48
24
-16
8
0
0
16
16
0
-64
-120
-148
-164
-164
-132
-148
-148
-196
-244
-276
-276
-260
-276
-308
-356
-396
-428
-396
-340
-308
-292
-308
-356
-356
-324
-308
-276
-228
-244
-260
-180
-132
-56
8
0
-8
-24
0
32
88
112
148
180
228
276
324
324
292
260
276
308
324
356
396
396
396
396
460
460
460
460
460
460
428
492
460
460
396
308
244
212
180
132
120
88
48
0
-40
-48
-88
-112
-132
-132
-132
-148
-180
-212
-228
-244
-292
-292
-308
-356
-428
-492
-524
-492
-460
-396
-308
-212
-180
-164
-96
-32
0
0
-24
-80
-120
-112
-88
-48
-8
0
0
24
48
56
48
40
24
40
56
104
120
132
148
120
112
112
132
164
164
104
104
72
40
40
80
88
72
48
24
8
-24
-96
-164
-196
-228
-228
-212
-148
-104
-80
-104
-56
16
48
72
32
-32
-80
-132
-148
-72
-40
0
56
88
132
164
148
120
64
56
96
132
164
212
276
308
340
396
428
396
396
372
308
308
308
356
340
372
428
396
396
356
308
228
164
132
96
96
64
56
56
16
-16
-72
-148
-180
-212
-260
-292
-324
-396
-396
-396
-372
-356
-340
-340
-372
-372
-372
-356
-324
-308
-308
-324
-308
-292
-308
-308
-292
-356
-396
-372
-308
-228
-180
-148
-132
-132
-164
-164
-148
-148
-164
-180
-180
-164
-104
-48
-32
-32
-32
-104
-104
-96
-80
-32
-8
0
-8
-32
-72
-112
-112
-104
-72
0
56
88
132
132
104
132
164
196
196
196
148
80
32
40
48
56
88
164
196
164
180
148
132
180
228
260
276
308
292
276
276
260
244
212
180
196
212
228
244
276
308
324
340
372
340
292
244
180
148
164
196
196
228
244
260
324
372
396
372
308
292
276
228
212
180
132
120
120
132
120
80
24
-48
-88
-164
-244
-324
-356
-340
-308
-308
-308
-340
-396
-396
-396
-356
-356
-356
-340
-356
-396
-428
-428
-428
-396
-340
-308
-324
-356
-356
-396
-428
-428
-396
-396
-356
-308
-260
-196
-180
-228
-260
-276
-308
-260
-196
-180
-180
-180
-196
-196
-148
-132
-96
-64
-24
0
16
32
72
96
104
120
112
132
164
180
164
148
132
120
132
196
228
260
276
244
212
228
244
212
212
212
260
340
396
396
396
308
244
228
244
228
212
196
212
244
276
308
292
260
212
180
180
212
228
212
180
148
148
148
164
148
132
112
88
96
120
112
88
132
148
196
196
164
112
16
-24
-56
-88
-112
-148
-148
-120
-96
-96
-104
-104
-120
-164
-212
-228
-228
-228
-196
-164
-180
-196
-228
-276
-260
-228
-228
-196
-180
-180
-180
-164
-180
-148
-148
-148
-132
-132
-132
-148
-148
-112
-96
-104
-80
-112
-148
-148
-148
-132
-132
-132
-164
-196
-228
-228
-260
-276
-292
-292
-244
-196
-120
-40
24
16
8
0
-8
-24
-72
-72
-104
-132
-112
-56
-64
-64
-88
-112
-104
-88
-88
-132
-148
-164
-148
-88
0
64
120
148
180
212
244
292
356
396
492
492
492
524
492
492
492
460
428
460
460
428
396
372
356
324
324
324
340
356
324
340
308
260
180
96
0
-72
-96
-132
-120
-104
-88
-112
-104
-72
-72
-64
-96
-96
-96
-132
-148
-164
-164
-180
-164
-148
-164
-180
-164
-180
-196
-228
-276
-308
-292
-276
-228
-132
-64
-16
8
0
-16
0
32
72
104
132
112
112
120
104
96
64
32
48
40
8
-16
-72
-132
-164
-148
-104
-96
-120
-120
-180
-244
-244
-212
-212
-228
-228
-228
-212
-212
-196
-164
-148
-148
-148
-112
-112
-120
-164
-164
-132
-132
-104
-80
-80
-104
-164
-228
-244
-196
-132
-104
-72
-56
-64
-24
16
56
104
120
132
180
260
324
356
372
396
460
492
492
492
396
324
244
196
196
164
132
120
96
88
72
48
24
-8
-40
-32
0
24
24
-8
-48
-96
-120
-132
-120
-132
-132
-164
-164
-112
-64
-40
-64
-48
-56
-72
-80
-40
0
0
-24
-40
-24
0
0
0
32
48
80
104
112
148
164
180
196
228
244
244
212
196
228
228
228
244
244
212
164
132
88
56
8
-32
-80
-112
-88
-88
-104
-88
-96
-120
-120
-64
-32
-56
-104
-132
-164
-196
-164
-148
-148
-180
-212
-244
-260
-228
-212
-212
-212
-228
-228
-196
-180
-132
-132
-180
-148
-132
-96
-72
-88
-88
-120
-112
-88
-64
-8
8
32
48
48
80
104
120
112
112
132
148
196
260
260
260
228
196
196
196
164
164
96
24
0
0
0
-8
-56
-80
-64
-40
-32
-48
-72
-120
-132
-132
-120
-88
-72
-96
-120
-132
-164
-164
-164
-164
-164
-164
-148
-120
-112
-72
-24
-32
-16
8
8
8
24
48
48
56
96
164
196
228
244
244
196
196
244
228
276
244
212
180
164
196
180
148
132
120
80
56
72
72
24
8
16
40
24
0
0
-48
-88
-80
-64
-56
-56
-64
-56
-32
-24
-8
-16
-72
-112
-148
-148
-132
-132
-132
-148
-148
-148
-132
-132
-132
-180
-180
-148
-96
-24
24
32
40
56
88
88
72
96
88
72
72
88
88
88
104
96
56
72
64
0
-16
-8
0
-8
0
16
0
-8
0
16
16
8
8
-8
-32
-40
-64
-72
-104
-132
-132
-132
-120
-96
-64
-80
-96
-132
-132
-132
-112
-120
-96
-104
-80
-72
-96
-104
-132
-132
-148
-132
-112
-64
-56
-40
-16
8
40
80
132
148
164
180
244
292
308
340
340
340
372
372
372
372
372
340
324
244
212
132
56
24
0
-32
-32
-56
-80
-80
-104
-120
-180
-196
-196
-196
-212
-228
-212
-212
-228
-228
-228
-244
-244
-212
-196
-180
-180
-196
-196
-228
-228
-196
-196
-228
-244
-228
-212
-164
-132
-120
-112
-96
-72
-48
0
32
64
104
148
212
228
212
196
148
148
212
292
324
340
324
276
244
228
228
212
164
180
180
196
228
228
196
180
132
40
56
80
80
16
24
132
196
164
88
72
80
80
48
40
96
72
32
32
56
96
64
0
-40
-104
-148
-180
-196
-212
-260
-260
-276
-292
-292
-308
-292
-276
-260
-228
-212
-228
-212
-180
-148
-132
-120
-64
8
40
24
56
88
80
88
132
180
148
120
104
88
72
48
40
8
-48
-104
-132
-148
-148
-112
-88
-80
-88
-104
-104
-112
-132
-120
-88
-96
-72
-56
-32
-56
-80
-72
-72
-88
-148
-164
-148
-148
-132
-72
-40
-64
-88
-120
-120
-132
-164
-164
-132
-132
-88
-24
8
40
80
180
228
244
276
324
308
324
340
324
340
324
308
324
340
324
308
260
196
148
112
88
96
132
148
148
180
196
196
180
148
120
120
132
96
112
112
80
48
40
16
0
-8
-72
-96
-112
-120
-96
-72
-32
-32
-48
-64
-120
-148
-148
-180
-228
-276
-308
-340
-308
-276
-228
-196
-164
-148
-120
-64
-88
-64
-56
-24
16
56
104
96
96
96
72
96
112
120
132
112
72
32
-16
-24
-48
-88
-88
-120
-132
-148
