SAMPLES:	8383
BITSPERSAMPLE:	16
CHANNELS:	1
SAMPLERATE:	16000
NORMALIZED:	FALSE
40
-8
48
88
64
16
40
80
64
40
32
64
80
48
16
40
96
72
16
48
80
56
0
48
48
16
56
72
32
-8
72
64
0
24
16
32
32
8
0
56
48
0
-8
56
8
-16
24
-8
0
0
-8
0
-8
0
-16
0
16
-32
-32
0
-16
-40
-8
16
-40
-16
0
-16
0
-40
-40
8
32
-48
-56
16
8
-56
-64
0
8
-40
-64
0
-8
-56
-40
0
-32
-32
-40
0
0
-24
-40
-48
8
-24
-56
-56
-8
-8
-32
-40
0
-8
-24
-32
-56
24
-32
-48
-8
8
-16
-48
8
-8
-8
-40
0
-8
8
-8
-48
56
-8
-16
0
16
0
-16
16
0
0
16
24
-24
32
-8
0
64
-40
-24
40
40
-8
-16
48
16
-32
0
-8
8
32
-32
-16
40
24
-24
-56
24
40
-32
-8
0
0
40
-32
-32
32
24
-16
-32
56
8
-40
-8
-8
8
-32
-16
0
16
0
-24
64
24
0
24
16
16
32
24
-16
24
104
0
-24
56
48
64
0
8
80
40
32
0
40
104
24
0
32
40
40
8
32
56
56
40
-8
56
80
0
16
24
56
32
-16
48
40
8
-8
32
56
-40
-8
56
0
-24
-24
0
16
-32
-16
-16
16
-8
-80
8
8
-48
-40
-24
8
-16
-64
0
0
-24
-48
-16
0
-64
-40
-8
-32
-48
-48
-16
0
-48
-72
-16
8
-48
-80
-16
-8
-64
-80
-16
-16
-40
-32
-64
0
-24
-40
-40
-32
8
-48
-56
-40
0
0
-48
-48
24
16
-72
-32
0
16
-56
-32
0
-32
24
-72
-56
56
0
-64
-16
48
-8
-24
-8
8
40
-8
-56
8
80
-40
-16
40
32
0
-16
40
32
24
-24
48
64
0
8
48
40
8
32
72
32
0
80
64
32
0
56
104
40
8
40
112
24
32
64
56
72
24
64
64
24
24
72
64
8
8
80
80
0
24
48
72
32
-24
72
40
-8
0
16
72
-8
-16
16
16
0
-48
16
56
-32
-24
-8
24
-32
-40
0
-32
-40
-32
-48
-56
-16
-56
-48
-64
-48
-32
-64
-64
-56
-8
-64
-88
-56
-32
-32
-64
-64
-48
8
-96
-96
0
-32
-72
-88
-24
0
-56
-80
-8
-16
-32
-64
-48
8
-32
-40
-24
0
-24
-40
8
-40
-24
16
-24
-24
8
0
0
32
-56
-40
72
0
-96
24
88
-16
-32
16
48
48
0
-16
56
104
8
-48
88
88
-8
8
88
80
8
24
64
72
0
32
56
56
48
8
32
56
80
-32
16
96
16
0
72
16
24
24
8
40
16
32
8
48
8
-8
32
56
-16
-8
48
32
-8
-48
24
32
-8
-88
40
48
-64
-32
8
48
-32
-32
0
40
-16
-24
24
16
-8
0
24
-8
-16
0
8
16
-48
-40
40
-16
-40
-24
16
16
-56
-24
8
-8
-8
-56
-8
32
-64
-48
8
8
-24
-88
0
24
-96
-48
0
0
-64
-56
-8
-24
0
-56
-56
56
-40
-80
32
-24
-40
-8
-16
-32
0
16
-48
-24
32
-8
8
-16
0
56
0
-32
-8
80
40
-64
24
72
8
-8
0
56
16
-16
16
24
48
-16
8
40
0
24
-16
32
40
-32
0
24
24
-56
-8
72
-24
-32
0
8
0
0
0
24
-8
0
24
-32
-24
0
16
-24
-64
40
-8
-40
0
-48
24
8
-24
0
8
-16
-8
-16
-8
0
0
8
-16
8
-8
0
16
-40
-8
80
0
-32
16
48
32
-56
8
24
48
0
-64
72
48
-32
0
48
72
-16
-24
104
32
-32
0
80
72
-48
32
64
56
16
-56
104
120
-64
-48
112
40
-40
0
40
72
-8
-24
0
88
0
-80
48
64
-24
-16
16
8
40
-48
-24
80
-48
-72
48
24
-72
-32
32
-24
-8
-64
-24
88
-48
-112
0
56
-132
-40
24
-96
-16
-48
-64
-40
-16
-48
-48
-8
-56
-112
24
-48
-132
0
-40
-40
-72
-40
-32
-16
-72
-40
-8
-16
-80
-64
48
-72
-56
-56
16
8
-112
-16
24
24
-80
-16
88
0
-48
32
8
24
-8
0
56
0
40
24
64
40
-8
24
104
16
0
80
80
104
0
56
112
72
-24
16
164
72
0
0
148
104
-24
40
96
80
32
32
80
64
16
72
48
8
24
48
64
-16
8
40
8
40
0
-24
48
24
-48
0
32
-8
16
24
-56
-24
48
-24
-96
0
24
-56
-48
0
-8
-16
-80
-32
24
-40
-96
-64
8
-16
-88
-32
-16
-8
-56
-132
8
0
-88
-64
-48
-8
-48
-48
-32
-40
-40
-40
-56
-8
-8
-64
0
-56
-32
-72
-16
-24
-48
-8
8
8
-104
8
24
-16
-112
32
88
-80
-8
40
24
-56
16
24
-32
32
32
-8
16
16
32
48
0
8
8
80
24
-64
24
48
56
-32
-56
132
80
-80
-16
120
80
-56
-16
80
64
56
-24
0
112
40
24
-32
40
72
56
0
-40
80
72
-8
-56
88
64
16
32
16
24
88
0
-40
64
8
8
0
8
48
-8
-16
72
0
-64
8
48
-8
-56
0
40
-16
-72
-8
40
0
-80
-24
8
-24
0
-72
-80
80
-16
-120
-8
24
-8
-64
-8
-16
-24
48
-80
-96
72
-56
-96
-8
-8
-8
-24
-32
-16
-8
0
-80
0
64
-88
0
0
40
-8
-48
48
0
16
-8
-40
0
88
-72
-48
72
40
16
-40
56
32
-8
-16
16
24
0
0
8
32
0
0
56
8
-32
32
24
32
-8
-8
0
64
32
-80
0
96
48
-120
8
64
16
-32
-64
48
32
8
-112
56
72
-80
-32
56
16
-16
-24
-64
80
24
-72
-104
72
64
-132
-64
72
32
-88
-80
40
80
-96
-80
24
16
-40
-72
-48
24
8
-112
-72
48
32
-148
-48
56
32
-72
-56
16
8
-24
-56
24
0
8
-32
-40
32
24
-56
-16
48
24
-48
-40
72
48
-32
0
64
32
-24
0
48
40
0
32
24
64
0
8
8
104
112
-48
0
132
120
-48
-8
120
164
-32
-8
120
104
16
-40
104
96
8
24
40
80
32
-32
96
104
-32
16
112
64
-56
0
80
80
-16
-24
8
112
48
-148
8
112
8
-88
-64
72
80
-104
-132
0
72
-48
-196
-24
-8
-24
-32
-180
0
56
-112
-132
-64
-32
-8
-132
-164
-16
56
-132
-228
8
80
-148
-228
-48
56
-24
-292
-112
180
-96
-228
-16
32
-24
-132
-64
-8
-56
0
-112
16
48
-112
-32
64
0
-80
8
24
24
-48
-32
24
56
-16
-40
64
96
16
24
56
48
72
0
0
64
48
48
72
8
72
88
72
64
8
104
48
72
56
0
120
48
48
56
56
72
48
88
0
24
80
104
0
32
56
56
72
-56
48
80
88
-8
-16
72
56
24
-48
-8
132
-24
-48
56
-16
56
0
0
-32
-8
80
-32
-88
40
64
-32
-56
16
48
-56
-8
-40
-16
16
-24
-104
16
48
-56
-120
64
48
-164
-24
48
-40
-132
48
-64
-148
48
-40
-132
40
-8
-104
-56
-24
32
-80
-120
0
24
-24
-164
-64
104
8
-148
-104
48
96
-112
-180
88
56
-64
-132
-8
104
-48
-112
-16
56
8
-132
-72
196
-32
-132
64
32
-16
-48
56
16
-24
8
16
48
-56
-16
80
-16
-8
-24
120
0
-56
132
-40
32
-16
8
56
40
-16
-32
164
72
-88
-48
228
40
-96
8
132
112
-80
32
72
104
0
-40
80
96
8
0
80
-8
48
80
-24
-64
196
24
-132
48
104
32
-96
-16
112
112
-80
-164
80
148
-96
-132
40
148
16
-164
-16
88
-32
-88
-8
88
-8
-64
-32
-16
40
-132
-64
96
16
-120
-24
40
-32
-32
-48
8
-16
-16
-40
48
-88
0
72
-64
-8
-32
88
-48
-8
32
-40
32
-56
-48
56
64
-32
-48
48
40
-56
-40
0
48
48
-148
24
80
-56
-32
-56
8
72
16
-104
-40
148
0
-228
32
-16
24
32
-244
72
96
-104
-132
0
104
-40
-196
-8
112
-32
-228
-40
212
-148
-212
148
16
-104
-32
-32
-24
32
-40
-132
24
104
-180
-96
112
24
-72
-72
196
40
-112
0
148
16
-132
72
80
48
0
0
48
96
-48
-32
132
72
-32
40
96
24
72
56
32
72
120
0
-24
104
120
96
-64
-16
212
64
-132
16
228
88
-56
0
180
112
-40
-24
96
212
-120
-16
196
0
16
40
40
24
24
-72
88
120
-96
-48
212
96
-244
16
212
-48
-148
72
64
-104
-96
56
40
-112
-40
112
0
-88
0
32
-16
-56
72
-80
-120
148
-80
-244
32
40
-148
-120
64
-16
-196
-8
112
-96
-196
-16
120
-96
-244
64
32
-164
-88
-32
-40
-148
-56
-96
-72
8
-132
-80
24
-80
-180
-56
148
-180
-212
132
16
-164
-72
48
-72
-132
-16
-112
-32
80
-148
-180
132
132
-244
-180
244
104
-180
-132
132
164
-112
-96
132
72
-72
-80
132
88
-120
80
120
132
-24
-56
64
132
56
-48
-8
292
212
-164
8
228
148
-196
80
276
16
0
228
32
-88
196
148
-24
48
180
80
48
40
96
48
-72
64
8
104
8
40
148
0
0
24
88
0
16
24
56
88
8
-40
56
112
-16
-16
0
0
-16
-80
64
96
-40
-32
-16
-8
-24
0
-16
-64
24
32
-8
-56
0
48
0
-56
-24
0
-48
8
-48
8
-24
0
-32
-112
24
-24
8
-56
-24
-16
-32
8
-88
-56
-16
-32
-80
0
0
-120
-24
-16
-112
-48
0
-56
-88
-48
8
-40
-40
24
-40
-8
-104
-24
88
-96
-72
16
16
-24
-96
0
8
-48
24
-56
0
16
-72
-48
48
8
-56
-24
0
0
-56
0
-40
48
-40
-72
16
-24
0
0
0
0
48
16
-48
-64
0
16
-48
-64
-8
48
-80
-40
-16
-48
24
-16
-72
-40
80
16
-96
16
88
-24
-88
40
40
0
0
40
56
0
-8
8
40
40
56
72
16
40
72
16
80
104
40
48
132
24
24
132
0
-8
112
132
8
40
120
40
48
64
80
0
0
48
64
16
64
96
0
24
104
80
-40
40
132
0
-8
104
72
-16
0
48
48
0
16
40
48
16
-32
40
24
-24
-24
0
64
48
-24
24
56
-40
-64
16
56
-72
-56
40
24
-80
-64
8
-32
-48
-48
-8
16
-48
-72
-24
-16
-48
-88
-16
16
-56
-56
-32
-72
-120
-88
-8
-48
-88
-32
-64
-72
-80
-72
-80
-48
-32
-112
-80
-48
-80
-120
-96
-56
-56
-104
-72
-40
-104
-96
-56
-64
-88
-96
-56
-56
-64
-64
-40
-64
-72
-40
-32
-72
-80
-40
-24
-16
-16
40
0
8
24
16
16
32
32
0
24
64
32
56
88
64
64
48
56
72
64
80
80
96
96
48
80
104
88
72
104
112
80
80
88
80
104
104
96
104
104
72
80
80
88
104
72
96
112
80
48
72
88
72
32
64
80
32
32
48
48
24
24
56
40
16
16
8
24
0
0
8
-24
0
0
-40
-16
0
-24
-32
-24
-24
-48
-72
-72
-72
-80
-80
-88
-96
-56
-72
-88
-80
-88
-104
-112
-148
-88
-96
-148
-88
-56
-96
-96
-64
-56
-72
-96
-72
-80
-120
-112
-64
-64
-80
-64
-40
-48
-80
-72
-72
-80
-80
-64
-48
-40
-16
-40
-48
-32
-24
-40
-8
8
8
8
16
16
8
0
0
16
24
80
80
24
40
40
8
0
40
96
32
64
132
104
72
56
96
80
32
72
104
88
96
112
120
120
96
96
80
64
88
88
96
120
120
96
88
120
80
56
72
80
56
40
48
64
48
8
40
56
8
-8
40
32
0
16
16
0
-32
-32
-24
-8
-24
-40
-8
-24
-80
-80
-40
-48
-112
-80
-16
-40
-80
-72
-48
-64
-88
-96
-64
-72
-88
-104
-80
-64
-80
-104
-80
-24
-96
-132
-96
-80
-96
-148
-80
-48
-88
-112
-72
-40
-72
-96
-64
-24
-8
-48
0
56
0
0
32
40
40
0
8
24
32
48
16
64
80
72
72
88
112
112
96
104
112
96
56
48
64
40
56
40
56
96
72
56
48
80
40
24
56
64
56
16
16
0
8
-24
-40
-32
-32
-56
-88
-32
-64
-112
-104
-72
-104
-132
-80
-40
-88
-148
-64
-56
-132
-148
-64
-72
-164
-132
-48
-64
-72
-40
0
-16
-32
-8
16
0
-32
-32
0
-16
0
32
40
32
40
56
72
64
56
96
72
120
104
96
96
64
56
48
88
88
80
96
104
132
148
132
148
132
80
88
112
104
88
148
180
212
244
212
196
180
148
132
88
80
132
88
88
112
120
48
0
32
0
-72
-80
-56
-96
-104
-72
-48
-80
-112
-88
-120
-212
-244
-260
-324
-356
-324
-308
-324
-324
-292
-276
-324
-340
-340
-372
-396
-308
-276
-276
-228
-196
-164
-164
-148
-120
-148
-164
-120
-148
-180
-180
-180
-164
-196
-132
-16
8
48
104
132
88
64
96
80
56
120
196
164
164
228
244
228
228
276
244
196
228
228
244
244
292
372
428
460
460
460
460
524
652
716
924
1180
1372
1564
1820
1980
1820
1500
1244
876
524
164
-228
-428
-620
-812
-1052
-1244
-1244
-1308
-1500
-1564
-1564
-1500
-1500
-1244
-988
-780
-620
-524
-396
-372
-492
-620
-876
-1116
-1244
-1308
-1180
-1052
-1052
-988
-988
-876
-844
-988
-1052
-1116
-1052
-924
-524
-148
80
324
620
844
924
812
684
460
244
132
132
80
56
120
260
324
324
356
292
196
40
56
164
212
308
428
652
812
844
780
748
684
588
588
588
588
492
396
428
588
460
212
132
-16
24
-80
8
260
340
716
988
1372
1756
2364
3132
3772
4348
5116
4860
4348
3260
2492
1756
588
-460
-1244
-1500
-1756
-2236
-2364
-2492
-2620
-3004
-3132
-3004
-2876
-2748
-2236
-1436
-620
-244
-32
244
180
-80
-556
-1116
-1628
-2364
-2492
-2364
-2364
-2364
-2492
-2492
-2364
-2492
-2620
-2876
-2748
-2620
-2236
-1500
-748
-104
460
1116
1820
2108
2108
1756
1244
716
228
-148
-556
-876
-988
-924
-588
-260
-212
-308
-460
-460
-372
-244
-196
-88
180
460
748
1180
1372
1372
1308
1500
1692
1436
1180
1052
924
652
396
196
-8
-428
-748
-812
-780
-652
-292
396
716
876
1116
1372
1628
1820
2364
3260
4092
4604
4860
5628
5884
5628
4348
3132
1980
748
-588
-1628
-1980
-2108
-2236
-2492
-2492
-2236
-2236
-2364
-2364
-2108
-1980
-1692
-1052
-180
428
652
716
620
212
-524
-1308
-1980
-2748
-3644
-3900
-3644
-3260
-3132
-3004
-2620
-2236
-1980
-1692
-1692
-1564
-1372
-988
-244
524
1180
1628
1884
1980
1980
1692
1052
228
-460
-988
-1244
-1500
-1564
-1436
-1308
-1116
-812
-620
-684
-844
-812
-684
-492
-260
80
396
652
988
1372
1372
1180
1052
924
780
716
588
460
356
340
372
196
-8
-372
-780
-924
-812
-812
-556
0
324
748
1308
1884
2236
2236
2620
3260
4092
4860
5116
5116
5628
6140
5884
4860
3260
1980
1052
-96
-1436
-2236
-2364
-2236
-2364
-2364
-1980
-1756
-1756
-1500
-1308
-1180
-1052
-780
-428
-80
148
244
-72
-780
-1436
-2108
-2748
-3388
-4092
-4604
-4348
-3772
-3132
-2748
-2364
-1884
-1436
-1052
-844
-876
-988
-876
-372
428
1052
1308
1500
1500
1436
1116
620
-112
-988
-1564
-1820
-1884
-1820
-1628
-1500
-1308
-924
-620
-396
-356
-396
-372
-228
80
396
620
780
1116
1372
1564
1500
1308
1052
812
716
652
588
524
428
372
228
0
-148
-372
-684
-780
-748
-492
-196
72
844
1692
2108
2492
3004
3516
3388
3004
2876
3004
3388
3644
3900
4092
4604
5116
4604
3260
1692
460
-428
-1244
-1980
-2364
-1980
-1436
-1436
-1564
-1436
-1244
-1500
-1980
-1980
-1756
-1628
-1500
-1116
-524
-292
-556
-876
-1436
-2108
-3004
-3644
-4092
-4604
-4604
-4092
-2876
-1980
-1500
-924
-356
-8
-24
-276
-460
-748
-812
-340
340
812
924
1180
1372
1244
812
120
-588
-1180
-1564
-1564
-1308
-988
-748
-460
16
356
356
292
276
180
180
372
716
1052
1180
1436
1884
2108
2108
1884
1564
1244
988
780
620
492
356
292
324
308
164
-148
-588
-716
-780
-780
-524
-24
684
1052
1884
2876
3132
3132
2492
2236
1884
1628
1692
2108
3004
3260
3516
4604
5116
4348
2492
652
-148
-1244
-2620
-3644
-3388
-2236
-1884
-1884
-1692
-1564
-1756
-2364
-2492
-2236
-2364
-2492
-1884
-924
-80
-132
-308
-716
-1372
-2108
-2876
-3516
-4092
-4860
-4604
-3516
-1980
-1116
-684
8
588
780
588
88
-428
-924
-844
-212
460
876
1052
1308
1500
1308
588
-308
-1052
-1564
-1756
-1628
-1372
-1116
-748
-340
180
460
372
96
32
148
260
460
748
1052
1244
1436
1756
1884
1564
988
588
396
180
40
-16
-16
64
120
244
228
96
-120
-324
-260
-56
112
460
924
1564
2108
2492
3004
3132
3132
3004
2364
1980
1756
1884
2364
3004
3516
3900
4860
5628
5116
3516
1692
588
-396
-1820
-2748
-2620
-1564
-1116
-1244
-1244
-1052
-1180
-1692
-2108
-1884
-1820
-1980
-1564
-684
24
-96
-492
-924
-1628
-2492
-3388
-3900
-4604
-5116
-4860
-3644
-2236
-1244
-812
-228
308
396
40
-556
-1116
-1500
-1436
-844
-132
212
356
556
716
396
-228
-1052
-1692
-2108
-2236
-1980
-1436
-1052
-716
-244
276
652
652
396
212
196
132
276
460
652
780
924
1180
1372
1180
780
460
308
180
72
80
80
24
48
180
260
88
-132
-292
-396
-292
-32
460
924
1372
1980
2236
2364
2364
2236
1820
1436
1308
1436
2108
2876
3260
3388
4092
5116
5628
4604
3260
1884
812
-228
-1500
-2364
-2236
-1692
-1436
-1692
-1692
-1436
-1372
-1628
-1756
-1436
-1372
-1308
-924
-212
148
-164
-780
-1436
-2108
-2748
-3388
-3772
-4348
-4604
-4092
-2876
-1500
-876
-588
0
556
652
260
-276
-812
-1052
-812
-196
372
620
620
652
748
524
-260
-1052
-1436
-1564
-1500
-1116
-652
-276
-72
260
652
684
428
164
56
72
196
460
652
812
924
1052
1244
1436
1372
988
844
924
812
652
652
716
652
524
588
652
372
-16
-164
-196
-340
-228
212
684
1180
1692
1980
2364
2364
1884
1692
1308
1052
1052
1436
2236
3004
3516
4092
5116
5884
5116
3132
1500
396
-684
-2236
-3260
-3004
-2364
-2108
-2236
-2108
-1692
-1980
-2364
-2492
-2236
-2236
-2236
-1628
-716
-292
-460
-844
-1244
-1980
-2876
-3516
-3900
-4604
-5116
-4604
-3260
-1980
-1244
-620
-80
244
260
-96
-684
-1244
-1564
-1372
-780
-24
428
684
876
1052
844
180
-492
-1116
-1436
-1500
-1308
-1052
-716
-396
-48
396
684
556
356
260
340
492
716
1116
1436
1564
1628
1820
1980
1692
1372
1180
1116
1180
1116
1244
1180
924
684
588
492
244
-88
-260
-276
-132
88
524
1052
1372
1980
2620
3004
3132
2876
2620
2108
1692
1436
1756
2492
3260
3644
4348
5372
5884
5372
3516
1820
684
-428
-1756
-2748
-2620
-1692
-1372
-1436
-1436
-1436
-1692
-2236
-2364
-2108
-2108
-2108
-1500
-556
-88
-276
-588
-1180
-1980
-3004
-3772
-4348
-4860
-5372
-4860
-3772
-2364
-1500
-924
-396
64
132
-276
-924
-1436
-1756
-1628
-1052
-356
96
260
372
396
104
-684
-1564
-2108
-2364
-2364
-1980
-1564
-1116
-748
-244
260
460
396
292
196
164
276
556
924
1052
1116
1180
1308
1372
1116
716
492
308
196
396
652
780
716
716
780
588
340
72
-180
-276
-148
196
556
988
1500
1980
2492
2876
3004
2876
2364
1980
1628
1436
1500
1820
2492
3132
3516
4348
5628
5884
4860
3132
1884
844
-460
-1756
-2364
-1884
-1436
-1436
-1500
-1500
-1564
-1980
-2364
-2236
-2108
-1980
-1820
-1116
-292
-112
-244
-556
-1244
-1980
-2620
-3132
-3516
-4348
-4348
-3644
-2492
-1500
-924
-372
120
324
180
-292
-780
-1308
-1564
-1372
-716
-148
0
64
212
164
-112
-620
-1052
-1308
-1500
-1436
-1180
-988
-844
-556
-64
292
428
460
460
460
492
620
812
988
924
844
988
1180
1116
780
492
460
460
588
876
1052
988
924
924
924
652
276
-16
-180
-164
56
356
524
924
1436
1820
2108
2236
2492
2236
1820
1564
1436
1500
1564
1884
2620
3132
3772
4604
5372
5116
3644
2108
988
-164
-1500
-2748
-2876
-2236
-2108
-2236
-2236
-1980
-2108
-2620
-2748
-2492
-2364
-2364
-1980
-1052
-308
-428
-780
-1180
-1692
-2236
-2748
-3132
-3516
-3900
-3772
-3004
-1980
-1372
-1116
-748
-372
-244
-460
-988
-1308
-1500
-1500
-988
-372
48
244
428
556
428
0
-428
-812
-1052
-1116
-988
-780
-588
-460
-340
-112
132
228
148
212
396
620
748
924
1180
1180
1116
1180
1372
1372
1052
924
988
1180
1308
1436
1564
1500
1372
1308
1180
812
340
-88
-276
-180
56
428
924
1372
1884
2236
2492
2492
2108
1820
1820
2108
2364
2876
3388
3516
3516
4348
5372
5116
4092
2492
1500
396
-924
-2108
-2620
-2492
-2364
-2364
-2364
-2364
-2236
-2364
-2620
-2492
-2364
-2236
-1820
-1052
-212
56
-180
-716
-1436
-2108
-2492
-3004
-3644
-4092
-4092
-3388
-2364
-1628
-1436
-1308
-1180
-876
-620
-748
-1052
-1308
-1052
-556
-16
428
524
396
396
372
48
-556
-1180
-1500
-1564
-1372
-988
-748
-684
-620
-492
-356
-396
-396
-396
-276
-16
372
844
1116
1052
1052
1116
1180
1116
988
876
844
844
924
1052
1180
1180
1052
988
1052
844
396
24
-148
-148
-40
276
716
1052
1628
2108
2492
2620
2620
2492
2236
2108
2364
2620
3004
3260
3388
3772
4604
5116
4604
3004
1820
844
-228
-1436
-2236
-2236
-2108
-2108
-2236
-2236
-2108
-2492
-2620
-2620
-2620
-2492
-2236
-1564
-812
-396
-292
-556
-1116
-1756
-2236
-2748
-3260
-3772
-3772
-3388
-2620
-1692
-1180
-1116
-1052
-924
-748
-812
-988
-1244
-1308
-924
-196
308
524
652
684
652
460
120
-428
-1052
-1436
-1436
-1180
-988
-1052
-988
-748
-556
-460
-524
-620
-620
-356
0
460
988
1244
1244
1308
1500
1628
1436
1116
1052
1052
1116
1180
1372
1372
1244
1116
988
988
876
492
196
96
120
244
620
1116
1500
1980
2492
2876
3004
2748
2492
2492
2620
2876
3132
3260
3132
3516
4348
4604
4092
2620
1436
588
-356
-1308
-1756
-1756
-1756
-1980
-2108
-2108
-2236
-2748
-3260
-3260
-3260
-3260
-2876
-2236
-1436
-988
-876
-924
-1244
-1756
-2364
-2748
-3004
-3516
-3516
-3004
-2108
-1372
-924
-780
-780
-844
-924
-1052
-1244
-1500
-1628
-1116
-180
588
924
924
988
876
620
276
-148
-652
-988
-1116
-812
-396
-308
-396
-428
-356
-396
-492
-652
-812
-748
-428
48
556
988
1180
1244
1308
1436
1372
1052
780
716
716
748
876
1052
1052
924
812
844
716
460
244
104
64
276
556
812
1180
1500
1980
2236
2492
2492
2364
2364
2492
2876
3132
3260
3388
3644
4092
4348
3900
3004
1980
1116
148
-684
-988
-1116
-1244
-1564
-1692
-1756
-1980
-2492
-2876
-3004
-3260
-3132
-2876
-2492
-1980
-1564
-1372
-1308
-1436
-1692
-2108
-2364
-2620
-2876
-2876
-2492
-1820
-1116
-844
-780
-748
-844
-924
-1116
-1308
-1500
-1564
-1180
-620
-120
180
340
492
524
492
372
148
-164
-524
-588
-372
-228
-228
-244
-276
-340
-396
-492
-556
-684
-780
-684
-324
132
396
620
812
1052
1180
1180
1180
1052
924
876
1052
1180
1244
1308
1372
1180
1052
924
812
652
428
276
428
748
844
1116
1372
1564
1820
1980
2236
2492
2492
2492
2620
3004
3132
3004
3260
3516
3644
3388
2748
2236
1500
780
196
-8
8
-308
-780
-1180
-1500
-1756
-2236
-2748
-3004
-3516
-3644
-3516
-3260
-2876
-2620
-2492
-2364
-2364
-2364
-2492
-2620
-2748
-2876
-2748
-2364
-1756
-1244
-924
-716
-588
-556
-620
-812
-1116
-1372
-1436
-1116
-716
-356
-212
-112
80
88
0
-64
-228
-428
-620
-556
-276
-180
-196
-80
24
-8
-56
-16
-164
-356
-428
-340
-104
88
276
460
620
876
1052
1116
1116
1116
1116
1180
1372
1500
1564
1628
1692
1756
1564
1436
1372
1244
1052
988
988
988
1052
1180
1308
1372
1564
1692
1884
1980
1980
2108
1980
1980
2108
2108
1980
1756
1756
1884
2108
2236
2108
1820
1436
1180
988
620
292
-104
-588
-988
-1244
-1436
-1884
-2364
-2492
-2748
-2876
-3004
-3004
-3004
-3004
-2876
-2620
-2492
-2492
-2620
-2620
-2492
-2492
-2236
-2108
-1884
-1756
-1500
-1308
-988
-924
-924
-876
-812
-716
-748
-684
-588
-524
-428
-196
-80
-180
-324
-356
-340
-340
-308
-244
-276
-292
-228
-132
-96
-64
48
132
164
324
556
588
684
748
844
988
1180
1244
1308
1436
1500
1628
1628
1564
1564
1500
1564
1628
1564
1436
1372
1308
1308
1180
988
812
588
460
460
556
492
428
588
844
1052
1180
1244
1116
1052
988
924
812
652
588
556
588
716
780
684
620
652
492
308
80
-164
-524
-684
-748
-812
-924
-1052
-988
-924
-988
-876
-876
-988
-1116
-1116
-988
-924
-876
-924
-924
-876
-844
-780
-780
-844
-844
-812
-748
-684
-684
-716
-844
-844
-780
-780
-844
-844
-876
-988
-1052
-1180
-1308
-1500
-1564
-1500
-1308
-1180
-1116
-924
-844
-780
-748
-684
-588
-524
-460
-372
-260
-112
-64
56
196
228
292
428
524
556
652
812
924
988
1116
1308
1436
1500
1628
1756
1820
1820
1820
1884
1756
1500
1372
1180
1052
924
924
924
924
988
1180
1244
1244
1116
924
716
588
428
244
96
24
48
180
340
428
460
428
428
460
460
308
104
-132
-244
-292
-340
-428
-556
-620
-620
-652
-716
-780
-988
-1180
-1244
-1116
-988
-924
-924
-812
-652
-556
-428
-372
-356
-340
-324
-292
-212
-132
-196
-340
-460
-396
-428
-556
-684
-780
-924
-1052
-1052
-1052
-1052
-1052
-988
-924
-876
-780
-684
-652
-620
-492
-356
-228
-164
-88
-56
-40
8
16
-48
-56
8
0
-48
32
64
88
132
228
356
428
524
684
812
988
1116
1180
1180
1180
1116
1052
924
812
716
588
556
556
492
524
620
652
620
620
556
340
80
-48
-120
-260
-324
-244
-96
80
276
460
524
524
556
652
684
556
428
244
112
32
-48
-164
-324
-460
-524
-588
-620
-620
-716
-748
-684
-524
-372
-276
-228
-132
-96
-16
56
96
96
80
180
228
276
260
196
48
-48
-104
-148
-260
-396
-460
-460
-396
-340
-308
-292
-276
-196
-180
-164
-164
-180
-212
-244
-164
-88
-24
32
88
132
104
72
72
32
-72
-96
-40
-16
72
196
212
180
228
324
340
356
428
396
372
460
588
556
556
556
556
460
396
276
64
-164
-244
-308
-324
-324
-276
-228
-244
-292
-356
-492
-748
-876
-924
-876
-780
-620
-396
-228
-64
56
96
88
64
-64
-212
-340
-524
-652
-684
-620
-620
-588
-524
-524
-492
-428
-396
-396
-396
-340
-292
-180
-64
48
112
88
148
276
324
260
308
356
428
556
652
652
524
428
396
372
308
260
164
120
180
260
276
276
228
148
64
88
132
164
132
196
276
308
396
428
428
428
372
292
260
196
72
-24
24
132
196
324
428
428
460
524
556
556
524
492
588
716
812
780
748
716
652
524
428
276
56
-80
-112
-72
-48
-56
-56
-40
-16
-24
-96
-228
-356
-460
-492
-556
-492
-428
-396
-244
-112
-80
-104
-148
-196
-396
-588
-684
-780
-988
-988
-988
-988
-988
-988
-988
-924
-924
-812
-780
-748
-684
-556
-460
-428
-396
-372
-372
-276
-132
-16
32
88
212
276
308
308
276
180
80
48
8
16
24
48
96
164
212
164
64
0
-32
8
32
88
164
180
212
228
276
372
372
292
276
228
104
104
96
-40
-120
-104
-72
-24
56
148
132
196
324
372
396
460
524
556
684
716
684
620
620
556
460
396
260
80
-56
-80
-56
0
64
104
164
212
276
260
120
-40
-164
-196
-212
-180
-56
-8
56
164
260
324
244
196
120
-32
-132
-260
-460
-588
-716
-748
-748
-748
-716
-684
-652
-620
-652
-652
-652
-588
-524
-428
-308
-196
-72
40
164
292
372
460
588
588
524
460
396
164
16
-56
-132
-180
-164
-112
-88
-40
24
88
104
96
88
104
104
112
148
196
164
148
228
308
396
428
428
308
244
132
32
-24
-80
-104
-148
-120
0
96
120
212
308
340
324
324
372
372
396
460
524
492
460
460
396
276
164
16
-132
-260
-292
-244
-260
-276
-228
-212
-228
-244
-324
-428
-524
-492
-460
-428
-276
-180
-80
64
164
196
148
88
24
-72
-212
-356
-460
-556
-684
-748
-812
-844
-876
-924
-876
-780
-684
-620
-556
-372
-244
-132
-8
64
180
212
212
292
396
428
428
492
396
308
180
32
-132
-244
-260
-212
-132
-72
-32
8
88
196
244
212
180
148
80
72
132
112
80
120
212
324
340
292
260
180
112
64
40
0
-56
-40
32
148
244
292
324
396
428
428
428
428
428
492
588
716
780
748
684
556
492
340
120
0
-88
-148
-132
-24
0
40
88
48
40
16
-112
-212
-244
-324
-324
-244
-132
-16
80
164
228
260
244
180
96
-48
-196
-308
-396
-460
-524
-652
-684
-684
-652
-652
-620
-524
-428
-308
-212
-196
-180
-132
-104
-48
-8
-8
40
88
120
148
132
80
16
-8
-40
-132
-164
-180
-212
-180
-112
0
72
80
112
180
164
96
8
-48
-80
-164
-228
-212
-212
-164
-88
-16
40
24
16
-24
-72
-148
-244
-276
-308
-340
-308
-196
-112
-80
-56
24
72
64
56
48
104
132
212
276
396
492
460
460
428
340
164
40
8
-56
-96
-40
64
120
96
132
212
132
32
-48
-148
-276
-292
-180
-40
96
228
396
492
556
620
588
428
260
132
40
-56
-96
-96
-72
-8
40
48
8
-24
-120
-164
-120
-96
-148
-88
-24
0
104
148
180
196
164
164
132
88
8
-32
-72
-104
-132
-164
-164
-212
-196
-120
-56
0
88
164
196
164
104
24
-88
-196
-260
-260
-308
-324
-260
-132
-88
-88
-32
16
-8
-56
-56
-80
-88
-40
0
56
88
180
292
260
244
228
180
120
148
164
212
308
340
428
428
356
276
164
32
-120
-228
-324
-340
-292
-212
-164
-148
-164
-180
-212
-244
-340
-524
-652
-716
-684
-556
-428
-292
-148
-24
96
180
196
148
56
0
-40
-80
-132
-180
-196
-164
-148
-104
-148
-244
-276
-260
-260
-260
-228
-212
-228
-132
-48
0
32
0
16
48
40
72
96
112
32
-8
0
8
8
-8
16
56
132
212
292
292
244
308
324
276
228
180
40
-8
0
-8
0
40
132
212
276
396
396
372
356
324
308
372
428
396
396
396
428
460
460
372
308
292
276
276
212
196
212
244
212
180
132
24
-80
-148
-180
-244
-276
-276
-228
-180
-180
-196
-228
-356
-460
-492
-588
-652
-748
-716
-620
-492
-324
-180
-56
16
88
196
228
228
228
164
112
112
80
40
16
0
-32
-72
-48
-72
-164
-180
-164
-196
-180
-148
-132
-104
-32
8
32
48
48
80
96
96
104
16
-64
-88
-132
-164
-180
-228
-228
-212
-120
-24
0
16
48
132
164
96
-24
-120
-180
-196
-212
-212
-164
-132
-48
56
104
96
96
56
24
72
180
228
244
276
340
372
396
428
372
292
260
228
260
276
276
292
356
396
428
372
276
180
16
-64
-96
-164
-212
-196
-180
-112
-88
-132
-228
-340
-428
-460
-524
-556
-524
-524
-428
-324
-212
-164
-148
-16
32
48
64
72
64
24
24
64
80
0
-40
-72
-164
-228
-244
-260
-244
-180
-112
-72
-56
-40
-48
-56
-56
-8
0
0
80
88
148
212
196
132
72
0
-88
-212
-324
-356
-276
-164
-40
104
212
212
292
396
396
308
196
120
80
48
96
104
64
88
196
244
244
276
276
244
276
396
428
460
460
460
492
524
524
492
460
340
276
244
196
148
132
132
112
104
80
24
-72
-196
-244
-292
-324
-340
-396
-324
-260
-244
-228
-260
-340
-460
-524
-588
-684
-748
-748
-716
-652
-524
-428
-340
-292
-244
-164
-96
-64
-8
0
0
8
48
32
0
-56
-132
-196
-260
-308
-308
-276
-244
-212
-148
-64
0
-16
-40
-64
-80
-72
-40
40
112
164
228
260
212
164
96
16
-96
-148
-148
-132
-64
0
88
164
228
292
324
292
260
212
180
196
196
196
180
212
276
356
396
396
340
260
228
276
356
396
396
460
524
556
556
620
620
524
396
356
292
196
104
56
16
8
48
64
56
8
-8
-72
-104
-132
-180
-212
-180
-164
-164
-196
-244
-324
-428
-492
-524
-588
-620
-620
-620
-556
-492
-356
-228
-164
-88
16
88
148
164
164
164
120
88
40
-24
-80
-148
-228
-276
-244
-196
-212
-212
-164
-180
-132
-96
-96
-88
-120
-64
-16
0
24
56
40
24
0
-104
-228
-356
-428
-460
-492
-460
-428
-372
-260
-148
0
112
228
244
244
212
196
164
88
48
16
8
0
48
64
48
32
40
80
132
180
244
276
340
396
460
492
556
588
588
556
524
524
428
324
276
212
148
120
148
180
132
96
132
96
0
16
32
0
24
32
16
16
-40
-96
-132
-212
-292
-340
-396
-396
-396
-396
-308
-180
-112
-64
0
80
148
180
180
112
88
88
32
-48
-88
-132
-212
-228
-196
-196
-212
-228
-212
-212
-164
-104
-88
-96
-80
-48
0
56
96
112
148
132
96
48
-24
-120
-228
-324
-372
-308
-228
-132
-40
32
132
164
148
132
104
8
-8
-40
-72
-104
-148
-148
-164
-132
-72
-48
-40
-48
-16
16
16
32
64
104
196
260
340
324
308
324
340
292
212
180
96
32
-32
-72
-56
-72
-112
-132
-120
-112
-120
-132
-120
-132
-164
-164
-112
-72
-32
0
0
-8
-96
-132
-180
-244
-276
-292
-324
-324
-308
-260
-212
-148
-64
16
88
148
180
228
228
228
196
104
64
72
-8
24
40
32
24
24
72
80
72
48
96
120
112
88
120
120
88
104
132
164
148
180
180
104
72
40
8
8
48
72
32
48
88
164
196
196
196
148
96
32
16
0
24
0
0
64
64
32
-8
-8
-16
-64
-80
-40
-32
24
96
212
308
356
372
356
340
276
164
80
24
-80
-104
-96
-120
-120
-80
-72
-104
-120
-164
-196
-244
-212
-180
-132
-64
-32
-56
-40
-56
-148
-260
-308
-356
-428
-492
-492
-460
-460
-428
-372
-308
-244
-180
-104
-24
48
112
180
196
196
212
132
72
-8
-48
-88
-148
-148
-164
-164
-148
-164
-112
-72
-72
-80
-104
-120
-132
-88
-32
-8
-16
32
40
40
32
24
-40
-96
-104
-112
-88
-48
-32
16
88
148
212
212
212
276
292
244
260
244
228
212
244
292
308
276
228
164
120
132
112
132
180
228
292
428
524
524
556
556
524
428
356
260
148
56
8
-32
-56
-56
-80
-120
-132
-120
-180
-260
-292
-308
-340
-292
-212
-180
-164
-148
-132
-164
-228
-260
-276
-308
-356
-372
-340
-372
-372
-356
-324
-260
-212
-96
-8
48
104
132
148
180
164
148
104
24
0
-56
-56
-8
-16
16
64
96
112
148
164
180
164
132
148
132
148
164
148
96
96
80
48
16
-64
-132
-180
-196
-180
-148
-148
-148
-64
24
64
80
88
56
32
24
16
0
-40
-56
-120
-148
-148
-212
-276
-324
-356
-428
-428
-356
-276
-196
-56
64
148
196
228
260
260
196
148
104
16
-16
8
8
8
0
-40
-72
-48
-32
-32
-64
-88
-88
-64
-16
48
88
80
120
132
132
132
112
104
80
80
72
64
40
-48
-80
-40
-8
16
64
104
120
132
180
212
244
228
212
164
132
132
164
164
164
212
260
260
228
212
164
104
24
-24
-48
-72
-80
-64
-64
-48
-32
-48
-48
-48
-104
-164
-196
-244
-244
-244
-180
-120
-72
-32
16
48
32
40
32
40
8
16
8
16
48
40
16
0
-40
-112
-132
-180
-228
-244
-228
-148
-40
24
104
196
260
292
324
324
260
180
104
0
-72
-148
-148
-148
-180
-260
-276
-276
-276
-276
-292
-276
-308
-292
-228
-180
-180
-228
-196
-132
-132
-164
-180
-196
-228
-244
-260
-292
-340
-396
-428
-428
-340
-244
-180
-80
0
72
212
308
324
292
292
308
292
308
292
292
260
260
244
244
244
180
148
88
64
64
40
64
80
104
112
164
196
196
180
148
132
104
72
56
40
48
56
80
164
228
292
324
340
340
276
292
292
324
340
340
356
292
244
164
96
48
0
-72
-120
-132
-120
-72
-40
0
88
180
212
244
292
276
196
180
120
56
-16
-120
-196
-244
-340
-396
-396
-396
-396
-396
-428
-428
-428
-428
-396
-396
-372
-356
-292
-212
-180
-148
-120
-132
-180
-228
-292
-324
-372
-428
-396
-340
-260
-180
-112
-16
104
196
276
324
324
308
292
244
244
244
180
148
132
148
132
164
132
64
48
24
0
0
-8
-32
-48
-48
-32
-16
16
24
0
0
0
-48
-132
-228
-292
-308
-276
-228
-212
-212
-148
-80
-48
0
32
40
56
80
104
112
96
80
56
24
16
8
8
-24
-88
-96
-88
-88
-48
48
132
212
308
356
396
428
372
324
308
260
180
112
16
-40
-80
-88
-80
-112
-80
-48
-80
-104
-80
-96
-80
-56
-40
8
64
112
112
104
104
64
32
0
-40
-64
-112
-164
-148
-120
-88
-48
-40
-8
-8
32
112
164
196
212
212
228
228
180
148
120
96
64
64
72
32
0
16
16
-8
16
24
0
-8
-8
0
8
8
8
8
0
-24
-40
-80
-148
-132
-120
-96
-88
-56
-16
0
40
96
148
132
148
104
104
96
80
48
40
48
16
-48
-64
-48
-96
-96
-72
-72
-80
-32
32
80
148
228
292
308
260
212
132
8
-112
-228
-324
-428
-492
-524
-524
-492
-492
-460
-428
-428
-396
-396
-356
-324
-308
-292
-276
-260
-212
-212
-212
-228
-244
-308
-340
-324
-308
-276
-244
-196
-196
-196
-164
-104
-40
0
96
180
228
292
356
396
428
428
428
396
372
372
356
324
308
340
324
356
372
356
308
276
260
244
244
276
292
244
212
228
228
228
212
196
164
104
88
104
104
72
96
164
196
196
212
212
180
164
148
132
88
64
24
-8
-32
-48
-64
-64
-48
-72
-48
-24
-8
32
104
164
228
276
276
228
164
104
16
-32
-88
-164
-196
-196
-180
-148
-132
-132
-180
-180
-196
-228
-244
-244
-244
-244
-196
-148
-132
-112
-104
-132
-180
-180
-212
-276
-324
-340
-340
-324
-308
-292
-292
-308
-308
-260
-260
-244
-228
-180
-132
-88
-16
0
0
-8
-24
-40
-72
-120
-148
-196
-196
-180
-148
-88
-88
-104
-112
-120
-112
-148
-164
-148
-164
-180
-120
-72
-40
-8
-24
-32
-32
-48
-48
0
16
56
96
148
180
196
196
212
260
260
260
260
228
228
228
228
244
276
260
260
212
180
180
180
196
228
292
356
396
428
492
492
460
428
396
372
292
260
212
180
164
148
164
132
132
132
80
8
-16
-8
-8
0
0
16
56
64
56
16
-24
-64
-148
-228
-260
-260
-260
-244
-196
-212
-180
-164
-164
-148
-164
-196
-196
-148
-88
-8
56
80
56
40
40
0
-80
-112
-148
-212
-196
-120
-48
-16
8
16
40
16
-16
-32
-112
-164
-132
-112
-80
-32
16
48
16
-8
-48
-88
-112
-148
-120
-48
-8
24
56
96
104
64
32
-24
-72
-104
-148
-132
-120
-132
-148
-148
-148
-148
-164
-196
-228
-228
-228
-196
-164
-96
-32
-16
8
48
8
-48
-104
-148
-196
-196
-212
-180
-120
-96
-72
-24
-24
-40
-40
-72
-104
-96
-72
-80
-64
-40
-24
0
-8
-24
-40
-80
-120
-132
-148
-104
-72
-48
0
32
64
64
72
104
112
96
148
212
276
340
372
372
340
308
260
212
148
88
48
72
112
164
228
228
228
260
260
228
212
148
120
132
164
228
276
276
324
324
260
260
212
148
96
88
112
132
180
180
196
164
120
72
56
32
8
16
40
80
88
104
104
88
88
32
24
0
-56
-72
-80
-72
-32
-24
0
-8
-32
-40
-80
-112
-120
-112
-112
-120
-88
-96
-72
-40
-8
0
0
-16
-64
-80
-120
-148
-164
-180
-180
-180
-196
-180
-164
-196
-228
-260
-308
-340
-372
-372
-324
-308
-260
-212
-196
-212
-228
-276
-324
-356
-356
-324
-292
-244
-212
-180
-164
-164
-180
-212
-212
-260
-324
-324
-308
-276
-228
-180
-112
-64
-32
0
-8
8
-16
-8
32
72
112
132
196
276
292
260
244
196
180
164
180
196
196
228
260
292
324
340
308
308
308
292
292
292
260
260
244
212
212
164
132
112
48
8
8
0
32
64
112
148
148
148
112
72
48
48
48
72
96
132
164
180
180
164
132
80
32
0
-24
-48
-24
-32
-24
0
32
72
104
80
56
40
24
16
0
16
40
40
48
32
8
-16
-64
-104
-112
-120
-96
-72
-48
-48
-40
0
8
-16
-40
-48
-112
-164
-164
-164
-164
-120
-88
-80
-48
-40
-64
-48
-88
-132
-132
-132
-112
-96
-96
-72
-40
-32
-32
-56
-80
-96
-104
-80
-40
-32
-8
0
32
40
0
-16
-64
-96
-120
-132
-112
-104
-132
-120
-72
-104
-120
-132
-180
-244
-260
-276
-228
-164
-96
-40
-16
0
0
-8
-64
-104
-120
-88
-80
-56
-40
-16
16
40
80
88
96
64
32
24
8
0
-16
8
64
96
148
180
180
164
148
132
132
80
64
72
96
132
132
132
120
88
72
104
96
80
72
104
132
180
180
196
196
196
164
132
80
8
-48
-32
-40
-56
-40
-40
-40
8
56
96
132
120
96
72
80
40
24
32
48
56
72
80
48
56
64
88
104
112
112
132
132
120
104
88
88
56
56
40
16
16
-8
-24
-16
-16
-40
-48
-48
-32
-24
-32
-16
0
32
40
56
48
16
-8
-40
-96
-148
-132
-120
-132
-104
-88
-72
-56
-40
-32
-32
-48
-104
-132
-132
-164
-164
-148
-148
-112
-120
-112
-112
-164
-212
-228
-260
-292
-292
-308
-276
-228
-196
-164
-132
-164
-212
-212
-212
-212
-212
-180
-148
-120
-96
-40
0
8
24
0
-48
-72
-88
-120
-132
-120
-120
-80
-16
16
64
96
72
72
88
72
72
72
80
96
104
132
132
112
132
132
112
132
180
196
212
260
292
308
276
260
228
212
180
164
180
180
164
196
196
180
164
132
112
80
72
64
72
132
164
164
212
212
180
148
80
16
0
-24
-40
0
16
56
112
132
104
72
48
8
-40
-48
-40
-48
-48
-32
-24
-32
-8
-16
-24
-48
-88
-132
-164
-164
-132
-104
-72
-56
-16
8
8
-32
-88
-120
-180
-196
-212
-180
-120
-64
-16
0
16
-8
-16
-72
-112
-164
-212
-244
-244
-260
-244
-212
-196
-196
-180
-164
-148
-180
-180
-164
-196
-180
-164
-112
-88
-64
-32
-32
-32
-40
-40
-32
-8
40
96
148
148
180
148
164
148
148
132
88
72
80
88
104
120
120
112
104
72
56
80
104
132
148
196
228
228
244
212
196
132
104
104
72
104
104
132
164
196
180
180
212
196
164
148
112
56
56
16
32
56
56
72
96
72
-8
-64
-104
-132
-132
-132
-104
-104
-96
-40
-40
-56
-72
-112
-148
-148
-112
-132
-96
-48
-16
-16
-8
-40
-72
-132
-212
-260
-308
-324
-372
-340
-292
-260
-196
-132
-120
-132
-112
-120
-112
-112
-112
-112
-88
-88
-96
-104
-112
-120
-148
-148
-120
-112
-112
-56
-16
16
48
56
40
40
56
48
32
40
32
40
56
64
48
24
-16
-48
-72
-64
-32
0
40
88
148
180
228
212
180
164
104
88
56
56
96
120
164
212
228
228
228
180
148
112
88
64
40
80
112
164
212
244
260
228
180
104
32
8
0
-24
-8
8
48
80
96
120
120
72
32
8
0
8
16
56
80
112
164
180
180
148
120
72
-8
-88
-132
-180
-196
-180
-132
-88
-56
-48
-40
-64
-56
-24
-32
-16
-16
-32
-48
-48
-80
-88
-80
-88
-72
-56
-64
-96
-132
-148
-148
-132
-164
-180
-196
-180
-180
-164
-164
-148
-148
-164
-132
-132
-164
-180
-196
-212
-196
-164
-120
-88
-32
16
80
120
112
88
32
-16
-32
-56
-72
-56
-40
8
56
96
132
132
132
88
56
64
64
96
120
196
244
244
244
244
260
228
164
96
40
-8
-40
-40
0
16
64
72
64
32
0
-32
-72
-80
-64
-40
-24
0
16
56
80
80
56
32
-16
-88
-132
-196
-228
-228
-212
-196
-180
-148
-164
-164
-164
-148
-148
-96
-88
-72
-40
0
48
48
80
96
56
32
40
0
0
0
0
16
8
16
0
-8
-16
0
16
48
56
56
80
72
64
72
56
24
0
0
-16
-32
0
40
64
96
132
148
148
104
72
24
-16
-40
-32
-40
-8
32
72
96
132
148
104
72
80
96
72
64
112
132
132
148
164
180
180
132
80
24
8
0
0
0
8
40
56
72
88
64
24
24
8
-24
-24
8
16
32
88
132
132
96
72
24
-16
-48
-80
-104
-148
-164
-164
-164
-180
-180
-180
-196
-212
-196
-196
-180
-164
-132
-88
-64
-48
-48
-56
-56
-56
-88
-120
-112
-148
-164
-148
