SAMPLES:	7311
BITSPERSAMPLE:	16
CHANNELS:	1
SAMPLERATE:	16000
NORMALIZED:	FALSE
24
56
64
48
16
48
72
40
24
40
48
48
40
48
8
32
40
-8
8
8
40
-32
-16
64
-32
-16
56
0
-24
-24
24
0
-32
0
-8
0
-16
-32
-48
-16
-8
-96
-56
16
-88
-40
0
-56
-96
-24
-32
-88
-56
-64
-32
-64
-104
-96
-8
-56
-148
-32
-24
-88
-104
-48
-32
-72
-104
-104
8
-24
-148
-104
16
-40
-148
-40
-16
-40
-80
-112
-32
0
-96
-80
-24
-24
-64
-72
16
-24
-88
8
24
-24
-48
0
40
-8
-8
-56
56
64
-88
16
96
40
0
-8
64
56
32
8
32
120
40
32
64
64
80
24
40
112
48
40
96
96
80
40
96
88
56
96
64
72
72
56
104
64
88
72
40
120
64
72
48
88
72
32
48
24
64
56
24
0
24
32
56
0
-16
48
32
-8
-24
16
0
32
-8
-72
64
24
-104
-40
72
-40
-96
-8
56
-32
-88
-8
-16
56
-120
-72
40
-16
-72
-112
40
0
-88
-72
-16
0
-24
-96
8
40
-72
-48
-24
8
-56
-32
8
-40
-56
0
-24
-32
-16
-40
-32
24
-32
-104
64
0
-88
-32
40
-48
-64
-40
0
16
-112
-56
40
0
-104
-24
16
-64
-16
-64
-104
32
-64
-132
0
0
-56
-72
-16
-56
8
-48
-56
24
-16
-80
-16
-16
-24
-40
-40
0
0
16
-96
40
32
-48
0
-16
48
-24
40
32
-32
64
24
-48
24
64
24
0
24
64
8
40
0
56
72
24
16
40
88
8
-24
40
112
56
-64
64
164
-8
-8
72
88
64
8
0
132
88
-32
8
104
0
56
56
-40
132
56
-24
16
96
-8
24
104
8
0
48
16
32
0
0
104
0
16
48
24
32
8
16
16
24
8
-8
0
56
32
-80
8
80
-8
-8
-56
96
0
-64
-8
-24
120
-88
-32
8
24
8
-88
0
0
0
-56
-24
24
40
-80
-32
40
8
-112
-16
-32
-72
8
-80
-88
0
24
-112
-104
24
0
-132
-8
-32
-132
-8
-16
-164
-56
0
-104
-64
-40
-88
-88
-48
-88
-56
-96
-64
-32
-32
-120
-104
0
-32
-80
-132
0
32
-64
-164
0
56
-40
-80
-32
72
-8
-32
-72
72
72
-56
-88
104
72
-32
24
16
88
56
0
-48
148
88
-24
64
164
0
16
132
48
32
56
88
16
104
16
88
148
16
64
88
80
48
40
120
24
0
96
48
56
56
0
80
132
64
-64
16
228
24
-88
40
80
104
0
-56
96
180
-40
-120
112
148
-32
-112
80
120
-16
-88
32
88
8
-72
-40
48
32
0
-104
40
24
-32
8
-88
40
24
-40
-40
-16
-48
-48
-8
-104
-8
0
-40
-24
-32
-24
-16
-32
-96
-16
-16
-64
-80
0
-32
-24
-64
-120
48
-48
-148
-32
16
-24
-148
-32
-8
-148
16
-88
-88
8
-88
-120
-24
-24
-104
-16
-88
-16
-16
-132
-72
56
-96
-96
-16
-24
-32
-132
-24
0
-16
-132
16
56
-132
-24
-8
-16
-48
-72
-16
56
80
-132
-88
244
-40
-120
24
112
24
-56
112
-16
80
96
-48
-8
164
72
16
0
180
80
-80
164
96
40
48
132
80
16
96
64
8
80
112
8
120
24
64
56
132
40
-32
244
56
0
40
132
132
-40
24
212
24
-24
56
72
56
-24
40
64
32
0
8
112
56
-104
40
64
-40
8
0
-32
16
56
-24
-120
72
96
-96
-24
16
-8
56
-64
-164
132
40
-40
-80
-48
72
-64
-96
-64
16
-24
-24
0
-112
-24
72
-132
-96
112
-64
-148
48
-64
-32
-104
8
72
-212
-8
-32
24
-180
-64
48
-112
-48
-80
-88
-56
24
-164
-80
-40
24
-132
-112
8
-148
56
-148
-148
88
-64
-164
-64
8
-40
-164
-24
16
-64
-88
-32
148
-132
-148
148
40
-96
-48
24
180
-104
-72
104
88
16
-148
180
72
64
-56
0
276
0
-80
104
196
-16
-48
180
88
16
112
-24
112
180
-48
-96
212
212
-104
16
148
132
-64
0
180
-16
48
56
16
8
48
80
0
16
16
64
80
-40
32
104
-32
48
-24
-48
148
24
-104
0
148
0
-72
48
64
16
24
24
48
-64
148
8
-120
120
40
0
-24
16
72
8
-132
0
96
8
-180
64
120
-72
40
-164
56
112
-88
-164
0
164
-148
-164
-16
56
-112
-164
-56
32
-64
-180
16
0
-56
-180
-64
32
-56
-164
-96
-8
40
-260
-148
80
-80
-132
-56
32
-164
-72
96
-48
-244
0
80
88
-148
-132
148
-40
-64
-132
8
16
72
-16
-196
120
132
-132
-104
80
96
0
-64
32
40
-8
88
-72
-24
180
80
-64
-104
260
104
-212
24
180
64
-64
0
96
24
24
16
-8
112
48
-8
64
72
8
8
104
88
-64
24
196
16
-80
88
148
-32
-132
88
132
-40
-56
56
96
96
-164
-96
356
0
-276
24
276
-72
-180
148
40
16
0
-16
40
32
88
-48
-40
180
8
-64
-24
24
88
-120
16
32
8
40
-112
72
-16
-8
112
-196
32
48
24
-88
-132
148
-8
-48
-24
8
-32
16
-24
-64
-8
-56
80
8
-148
-8
112
0
-196
-40
228
-88
-132
8
0
132
-64
-180
72
196
-24
-276
64
324
-244
-16
24
-32
88
-72
0
-112
112
80
-228
32
104
-32
48
-80
24
0
80
-16
-196
180
132
-88
-212
148
180
-164
-228
132
132
-104
-132
72
72
-164
40
-8
-88
16
164
-80
-112
104
32
-64
-80
0
8
-104
-80
32
-64
-24
0
-32
-88
132
-72
-228
164
0
-164
-32
40
24
-132
-104
104
0
-64
-112
-80
212
-8
-244
72
196
8
-276
24
196
-104
-64
80
-8
56
0
8
8
-72
212
-24
-72
196
-72
64
24
88
-8
-64
292
-64
-132
180
164
-64
8
80
148
-132
16
148
-80
-16
64
180
-88
-64
228
0
-64
64
16
48
56
0
-40
72
132
-56
-40
48
32
-56
0
80
24
8
8
72
-104
-148
180
72
-212
-48
228
64
-180
-104
120
104
-88
-164
132
88
-196
8
32
-96
-148
196
-48
-276
32
164
-40
-308
56
292
-244
-212
180
-40
-164
8
16
-180
72
40
-196
-104
180
-80
-276
40
132
-196
-72
164
-104
-196
0
132
-164
-96
64
180
-132
-260
180
40
-164
-32
72
132
16
-132
48
164
-80
-56
132
24
96
8
-132
164
196
-228
16
292
72
-48
32
132
80
80
0
8
148
132
-40
-8
196
56
24
64
16
32
244
-72
-164
292
0
0
80
0
104
-8
-40
148
24
-88
0
164
-24
-276
132
164
-120
-48
72
112
-64
-72
96
-196
-56
228
-164
-164
96
244
-196
-396
180
228
-276
-148
180
-16
-164
-148
212
-164
-340
276
72
-460
-56
356
-164
-460
212
112
-396
-8
132
-132
-228
244
16
-372
64
260
-324
-228
308
-32
-228
-32
180
24
-180
-88
104
80
-132
-64
64
104
-16
-228
16
324
-196
-180
180
32
-64
-72
48
-88
72
196
-148
-104
164
80
-96
-180
40
324
-72
-212
-24
356
-40
-308
104
72
8
32
-180
-72
292
56
-324
24
428
-292
-64
292
-80
-212
324
132
-396
148
276
-56
-164
212
-8
-24
164
-88
16
112
-16
48
-56
40
40
56
80
-112
196
-48
-48
228
-104
-64
196
88
-32
-88
228
-180
-56
340
-340
-104
356
-96
-292
228
212
-308
56
340
-372
104
244
-212
-56
228
-40
-244
340
0
-292
228
164
-196
96
48
72
-32
-48
56
64
0
-148
148
276
-112
-212
308
196
-260
-80
372
80
-104
-16
96
40
48
-56
8
228
0
8
32
-88
-32
148
-24
-16
-96
196
24
-180
-32
24
56
-276
-56
180
-148
-244
164
96
-372
-132
324
-148
-308
112
8
-96
-16
-196
-56
32
-132
-276
56
56
-396
56
40
-228
-164
112
-80
-212
-24
0
-112
-120
0
-88
56
-120
-64
16
-88
-56
-104
8
0
-16
-56
-80
88
24
-96
-96
80
-72
32
48
-40
-16
180
32
-244
0
292
148
-372
0
396
132
-492
48
524
-120
-308
228
228
-120
-48
132
132
8
132
-88
56
460
-112
-292
292
372
-324
-132
524
-8
-356
228
244
-276
48
428
-164
-228
396
196
-356
132
324
-112
-104
96
164
-48
-56
104
88
64
-96
-104
132
180
-40
-260
324
260
-428
-212
396
164
-356
32
428
-24
-292
72
80
-8
-148
-64
104
8
40
-164
0
164
-56
-164
-80
228
-8
-292
132
120
-228
-88
244
-64
-228
196
96
-260
-96
308
-56
-244
-132
96
132
-228
-132
212
148
-228
-180
8
132
-244
-164
164
-120
-196
-64
88
-164
-244
164
-8
-180
32
-120
-104
48
0
-164
0
196
-212
-132
164
16
-308
32
212
-132
-132
196
164
-180
8
308
-32
-196
112
196
-24
-212
292
148
-196
0
180
80
-96
180
80
-88
104
80
16
88
16
132
24
0
48
0
72
-80
48
112
-112
0
64
-132
-32
180
-40
-260
180
112
-276
-56
212
0
-244
56
132
-104
-148
88
16
-40
-132
-8
64
-64
-40
56
-24
24
24
-132
24
72
0
-80
88
48
-8
32
-24
0
112
-32
-56
228
96
-80
32
196
24
-24
80
148
72
-40
72
72
56
8
48
96
72
64
80
-8
56
40
-40
16
16
80
8
-32
32
88
24
-120
-56
164
0
-164
24
72
32
-132
-48
112
8
-112
-80
96
0
-148
-112
56
-8
-180
-88
56
-48
-132
-120
72
32
-196
-132
56
-56
-228
-40
0
-148
-148
0
-48
-80
-80
-112
-88
-16
-56
-132
-8
-32
-96
-40
-80
-40
24
-32
-80
-32
24
-32
-64
32
0
-24
16
-8
-16
24
56
-32
-56
32
48
-56
-32
104
64
-96
0
180
0
-164
64
120
-80
-72
104
80
-56
-16
64
64
-24
16
80
-24
-40
112
32
-8
104
96
16
-8
88
40
48
48
96
112
24
32
24
48
56
24
16
88
80
0
16
132
112
-16
40
120
8
-24
80
112
-16
8
88
48
0
0
72
0
8
48
72
80
64
0
8
40
-8
-64
0
80
16
-24
64
112
-32
-104
40
80
-104
-132
8
32
-112
-72
40
-24
-32
-56
-40
0
-56
-120
0
0
-96
-40
0
-72
-104
-32
-8
-56
-56
-32
-56
-56
-48
-48
-40
-72
-8
-32
-64
8
-24
-104
-72
8
-48
-80
-32
16
-48
-64
8
8
-32
-32
-24
-24
-48
-40
-8
-24
0
0
-8
-40
-32
-8
-8
-24
-8
0
0
-16
-16
40
8
8
8
32
16
0
-16
-24
-8
8
40
32
40
24
-8
24
32
0
8
48
24
16
48
88
8
-16
56
24
32
24
32
48
8
32
56
24
-8
0
40
40
0
16
40
32
24
8
32
32
8
-32
0
40
0
-8
8
56
32
-16
-8
8
-8
-48
-24
0
8
-24
8
24
-8
0
0
0
-40
0
56
8
-16
16
32
0
-16
88
80
-8
0
64
16
-16
0
72
48
0
56
64
40
24
40
48
64
8
24
40
8
40
56
32
24
48
64
24
24
40
-16
0
48
0
-16
48
56
-16
-8
64
8
-56
-48
-8
-24
-80
-24
-16
-48
-32
-32
-56
-56
-64
-64
-72
-80
-72
-40
-48
-72
-48
-40
-80
-96
-80
-64
-64
-64
-56
-72
-64
-72
-80
-64
-40
-64
-112
-80
-56
-120
-88
-32
-88
-112
-64
-32
-88
-88
-72
-64
-104
-72
-8
-32
-64
-32
-16
-64
-40
-16
-24
-24
-24
-8
-32
-24
-32
-32
-8
0
0
8
0
0
24
32
32
8
32
64
0
16
56
48
16
24
72
56
64
56
64
120
104
80
104
120
112
80
80
112
112
80
104
112
96
112
132
132
120
132
132
120
88
112
104
104
112
120
104
80
104
96
72
72
64
80
96
40
88
96
56
56
56
64
48
8
-16
24
24
-16
0
16
8
-8
0
24
16
-48
-24
16
-24
-80
-32
-8
-80
-80
-8
-8
-120
-96
-40
-48
-120
-80
0
-56
-104
-88
-48
-112
-164
-112
-96
-148
-148
-120
-112
-148
-180
-112
-112
-180
-164
-132
-164
-196
-164
-132
-164
-180
-120
-120
-132
-148
-148
-132
-148
-132
-80
-88
-96
-72
-56
-40
-72
-24
-40
-72
-16
0
0
16
48
64
56
64
88
80
40
80
112
96
104
112
132
180
180
196
196
164
164
164
164
148
148
148
180
196
212
196
180
164
164
148
148
164
120
148
132
164
180
148
180
196
104
56
112
104
-16
-24
96
56
-24
-8
56
40
-24
0
40
-32
-104
-64
-56
-132
-180
-72
-96
-132
-120
-112
-120
-228
-260
-260
-244
-276
-260
-196
-132
-180
-196
-228
-228
-260
-260
-228
-228
-180
-196
-164
-104
-72
-80
-112
-80
-80
-96
-48
-16
0
24
24
64
72
48
32
48
88
88
96
80
104
104
104
148
212
196
212
276
244
228
228
276
244
212
244
228
212
212
228
212
180
212
180
148
148
148
164
112
132
112
72
0
-48
-64
-96
-132
-148
-164
-164
-180
-212
-132
-132
-148
-148
-180
-180
-244
-292
-276
-292
-372
-356
-228
-244
-244
-196
-164
-164
-212
-164
-148
-196
-180
-180
-180
-148
-148
-148
-72
-80
-148
-148
-148
-148
-180
-180
-148
-120
-96
-8
32
-8
0
8
-40
-16
24
56
96
96
120
148
132
112
80
120
196
212
212
356
396
340
428
524
524
524
652
684
620
524
588
652
620
684
780
844
812
844
924
924
780
652
620
588
428
324
292
308
228
56
24
-48
-148
-324
-428
-524
-684
-812
-876
-876
-924
-988
-1052
-1052
-1116
-1180
-1244
-1244
-1372
-1372
-1244
-1180
-1116
-1052
-988
-988
-988
-924
-844
-876
-924
-812
-716
-588
-492
-396
-308
-292
-260
-120
-88
-132
-64
-8
32
88
260
396
460
556
684
716
620
588
588
524
460
428
396
460
524
524
460
492
556
492
492
652
748
556
588
684
460
428
396
492
556
652
924
1244
1820
2492
3260
4604
5628
5628
4860
3132
1820
428
-1116
-1980
-2236
-1980
-1884
-1980
-1884
-1980
-2108
-2364
-2876
-3004
-3260
-3004
-2108
-1052
24
588
1116
1436
1436
1052
80
-1052
-2108
-3132
-3388
-3004
-2492
-1820
-924
-164
0
-372
-716
-1308
-2364
-3004
-2620
-1564
-652
260
1436
2492
3004
3004
2748
2108
684
-748
-1564
-1884
-1980
-1884
-1244
-276
356
652
988
924
308
-492
-924
-876
-748
-748
-396
396
988
1308
1628
1628
1116
428
132
180
32
-260
-260
-40
-32
-180
-212
-396
-876
-1244
-1244
-1180
-1116
-844
-104
652
1116
1820
2108
2108
1884
1756
1980
2236
2492
2876
3388
3900
4604
5116
5628
5372
4348
2748
988
-372
-1692
-2620
-3004
-2620
-1980
-1756
-1628
-1372
-1180
-1372
-1692
-1756
-1980
-2108
-1436
-372
556
844
876
876
356
-556
-1564
-2620
-3772
-4860
-4860
-4348
-3644
-2748
-1564
-492
0
-40
-64
-196
-1052
-1884
-1980
-1116
-276
244
812
1692
2236
1884
1116
524
-244
-1692
-2620
-2620
-2236
-2108
-1980
-876
72
308
276
396
340
-340
-652
-80
428
460
460
1116
1628
1628
1436
1244
844
308
48
372
652
492
260
292
372
164
-260
-716
-1116
-1244
-1180
-748
-196
276
780
1500
2364
2748
3004
2876
2620
2236
1980
1884
1820
1884
2364
3132
4092
5372
6652
7676
7164
5372
3004
876
-1052
-2492
-3260
-3132
-2364
-1372
-844
-812
-924
-1116
-1692
-2492
-3260
-3388
-3004
-1820
-460
588
1116
1244
1052
620
-396
-1980
-3900
-5372
-5884
-5884
-5116
-3900
-2620
-1564
-652
148
588
180
-988
-2236
-3004
-2748
-1884
-924
244
1692
2876
3132
2620
1628
-16
-1820
-3644
-4860
-5116
-4604
-3644
-2364
-748
460
924
1052
924
620
32
-460
-428
-24
212
716
1500
1820
1820
1372
1052
652
180
-80
0
260
428
748
1180
1244
844
292
-180
-524
-1052
-1116
-652
-120
620
1692
2748
3516
3900
4092
4092
3516
2876
2364
1980
1564
1180
684
324
-80
-228
228
876
1692
2748
4092
5628
7164
7932
6908
5116
2748
988
-524
-1980
-2748
-2620
-2108
-1756
-2108
-2748
-3004
-3388
-3900
-4348
-4348
-3900
-2748
-988
620
1500
1628
1500
1116
372
-876
-2364
-3900
-5116
-5628
-5116
-4092
-2748
-1564
-620
40
588
524
-428
-2108
-3644
-4092
-3260
-1980
-396
1372
2876
4092
3772
2620
652
-1564
-3516
-4860
-5372
-4604
-3388
-1820
8
1820
3004
3004
2620
1692
620
-372
-1180
-1436
-1564
-1372
-652
372
1244
1500
1308
1116
620
120
-180
-308
-308
-132
276
684
812
556
0
-460
-716
-924
-844
-588
-56
620
1244
1980
2620
2876
3004
3004
2876
2620
2108
1884
1692
1308
1052
844
684
524
620
780
1116
1500
1980
3004
4860
6908
7932
7420
5628
3772
1692
-428
-2236
-3388
-3644
-3260
-2748
-2492
-2364
-2236
-2108
-2364
-2748
-3132
-2876
-1980
-684
356
876
988
780
556
212
-524
-1820
-3260
-4604
-5372
-5116
-4604
-3772
-2876
-2108
-1308
-588
88
0
-1244
-2620
-2876
-1980
-1308
-524
652
2108
3132
3004
1980
780
-780
-2748
-4348
-4092
-3388
-3132
-2236
-228
1756
2492
2364
2364
1820
556
-492
-876
-924
-1436
-1436
-212
1116
1692
1564
1564
1628
988
428
308
48
-492
-780
-292
308
244
-228
-428
-460
-844
-1116
-844
-524
-120
652
1820
2876
3516
3900
3772
3388
3132
2620
1980
1436
1052
684
524
460
340
276
588
1116
1884
2620
3004
3516
4860
6396
7164
6908
5372
3644
1820
-164
-1980
-3132
-3516
-3004
-2364
-2108
-1980
-1628
-1564
-1884
-2236
-2620
-2748
-2620
-1980
-1052
-492
-244
-524
-876
-924
-1116
-1692
-2748
-4092
-4860
-5116
-4604
-3900
-3260
-2748
-1820
-460
372
32
-1180
-2364
-3004
-3132
-2876
-2108
-356
1244
2236
2492
2236
1308
-556
-2748
-3900
-4092
-4092
-3772
-2364
32
1756
2620
3260
3644
3004
1692
748
148
-844
-1756
-1500
-396
396
812
1436
2108
1884
1244
780
492
-196
-748
-652
-40
428
492
716
1052
1052
748
684
876
988
1116
1628
2492
3004
3260
3388
3132
2620
2236
1756
1308
988
748
556
556
620
620
460
460
924
1628
2492
3516
4860
6652
8316
8316
7164
4348
1756
-396
-2492
-4092
-4860
-4348
-3516
-2748
-2492
-2492
-2236
-2364
-2492
-2748
-2876
-2492
-1756
-556
396
652
356
-24
-308
-876
-1884
-3260
-4860
-6140
-6652
-6396
-5372
-4092
-2748
-1500
-492
132
292
-244
-1308
-2236
-2236
-1436
-620
-148
524
1692
2748
2876
2108
1052
-620
-2364
-4092
-4604
-4348
-3772
-2236
-8
2364
3900
4348
4092
3388
2108
684
-716
-1436
-1692
-1564
-844
244
1180
1308
1116
1180
924
428
-120
-684
-876
-876
-588
-8
396
588
556
524
588
492
308
308
716
1308
1980
2748
3260
3516
3388
2876
2748
2364
1692
1436
1244
1052
988
988
1052
924
924
1180
1564
1756
1980
2108
1980
1884
1980
2876
5116
7164
8316
7420
5372
3004
588
-1884
-4092
-4860
-4348
-3388
-2748
-2364
-2108
-1980
-2492
-3260
-4092
-4860
-4604
-3516
-1628
-340
228
652
988
1244
924
-64
-1628
-3644
-5628
-6396
-6652
-6396
-5628
-4604
-2620
-524
1052
1628
1052
-16
-1116
-1756
-1884
-2236
-2108
-1372
0
1244
2108
2364
1500
-148
-1628
-2492
-3132
-3132
-2364
-844
812
2236
3516
3900
3132
1756
460
-748
-1884
-2492
-2364
-1884
-1244
-196
988
1692
1756
1564
1372
988
524
276
228
372
652
1180
1756
1980
1628
1052
556
0
-324
-292
-32
428
1180
2108
3004
3644
3900
3772
3388
3132
2876
2492
1980
1500
1244
1116
844
588
620
620
556
684
812
844
620
684
1820
3900
5884
7164
6908
5628
3900
1692
-428
-2620
-3772
-3644
-3132
-3004
-3260
-3260
-3260
-3516
-3900
-4348
-4860
-4604
-3388
-1500
72
812
988
1116
1308
988
-24
-1628
-3644
-5372
-6140
-5884
-5116
-4348
-3644
-2108
-244
1116
1372
524
-1052
-2108
-2236
-1980
-1628
-988
276
1500
2236
3004
3004
1980
-48
-1820
-2620
-3004
-2748
-1980
-492
1372
2620
3260
3516
2876
1436
-556
-1884
-2620
-3260
-3004
-2108
-924
324
1244
2108
2492
2108
1500
844
492
276
80
324
876
1372
1628
1756
1692
1116
164
-492
-844
-924
-588
276
1308
2236
3004
3644
3772
3516
2876
2236
1692
1180
988
812
780
844
684
524
428
276
-16
-48
164
396
556
924
2364
4860
7164
8316
7676
5628
3260
620
-1980
-4092
-5372
-5116
-4092
-3260
-2876
-2620
-2364
-2364
-2748
-3516
-4092
-3900
-2620
-652
780
1372
1628
1692
1756
1372
212
-1692
-4092
-5884
-6652
-6396
-5628
-4604
-3388
-1756
-148
1180
1884
1052
-652
-2108
-2236
-1500
-1244
-988
16
1500
2876
3772
3516
2620
716
-1372
-3004
-4092
-4604
-4604
-3004
-748
1372
2748
3260
3132
1820
0
-1436
-2492
-3132
-3132
-2108
-260
1372
2620
3644
3772
3388
2748
1980
1180
276
-292
-396
-40
588
1116
1308
1308
1052
588
-32
-396
-356
-8
876
2236
3388
4348
4604
4604
4348
3516
2492
1628
1180
780
460
372
340
260
104
80
196
180
8
-32
120
292
620
844
1180
2492
4604
6652
7676
6652
4860
2492
48
-2364
-4604
-5116
-4604
-3900
-3388
-2876
-2492
-2620
-3132
-3644
-4348
-4860
-4348
-3004
-1116
292
1052
1500
1628
1564
988
-228
-1884
-3772
-5372
-6140
-6140
-5884
-4860
-3644
-1884
-88
1052
1308
652
-588
-1884
-2236
-1884
-1500
-1052
-340
988
2236
2364
1884
924
-212
-1692
-3004
-3388
-3004
-2492
-1756
-492
1180
1884
1500
1180
876
212
-876
-1180
-652
-356
148
1180
2492
3004
2876
2748
2620
2108
1372
780
620
524
524
988
1500
1692
1500
1052
812
460
148
148
588
1244
2108
2876
3644
4092
3900
3516
2876
2236
1564
1052
716
620
460
276
228
88
16
0
-40
56
292
396
428
652
1116
1756
3516
5884
7932
8316
6396
4092
1756
-844
-3516
-5116
-5372
-4348
-3516
-2876
-2620
-2492
-2620
-3004
-3644
-4348
-4604
-3772
-1756
196
1372
1884
1820
1564
1180
196
-1372
-3260
-5372
-6396
-6652
-6140
-5372
-4348
-3004
-1308
-32
876
1244
244
-1372
-2620
-2364
-1308
-716
-308
492
1884
2748
2748
2108
652
-1052
-2748
-3772
-4092
-3900
-3388
-2108
-164
1980
3004
3260
2876
1884
812
-56
-524
-844
-876
-72
1372
2748
3516
3260
2620
1884
1180
396
-244
-652
-684
-132
748
1500
1820
1628
1372
1244
1052
716
492
492
780
1372
2108
2620
3004
3004
3004
2748
2236
1500
812
460
372
492
524
428
340
196
164
396
492
524
684
924
1180
1564
1628
1692
2748
4604
6140
6396
5372
3644
1564
-716
-2748
-4092
-4604
-4092
-3772
-3132
-2492
-1980
-2108
-2620
-3004
-3772
-4092
-3388
-1980
-492
340
844
1116
812
292
-356
-1308
-2620
-4092
-4860
-5116
-5116
-5116
-4604
-3900
-2748
-1692
-292
924
988
340
-372
-588
-260
-524
-780
-308
620
1436
1244
684
-132
-1372
-2492
-3004
-2492
-2236
-2108
-988
588
1980
2364
2108
1884
1372
924
812
652
492
24
-24
748
1308
1436
1116
924
988
876
812
924
988
988
1180
1980
2364
2108
1564
1052
716
244
-56
-48
0
276
988
1692
2236
2364
2236
2108
1980
1820
1436
1244
1116
1052
1308
1308
1052
684
228
24
-48
16
96
8
96
292
524
1244
2876
5116
6652
6908
5884
4092
1980
-180
-2364
-3772
-3900
-3388
-2876
-2492
-1980
-1628
-1980
-2620
-3644
-4860
-5372
-4604
-3004
-1180
64
844
1180
1180
988
164
-988
-2620
-4092
-4860
-4860
-4348
-3900
-3644
-2876
-1692
-396
492
428
-556
-1980
-2876
-3004
-2236
-1564
-876
244
1692
3004
3388
2748
1436
-324
-1692
-2748
-3132
-2748
-1980
-988
260
1628
2364
2108
1500
876
396
-56
-524
-460
-164
196
988
1756
2236
2108
1564
1308
988
620
260
244
652
1116
1692
2108
2236
1820
1116
556
56
-492
-780
-716
-244
396
988
1500
1884
1980
1980
2108
2108
1980
1980
2108
2236
2236
2108
1756
1116
428
48
-24
-164
-324
-372
-88
260
620
876
876
1180
2364
4092
5372
5628
5116
4092
2748
1180
-460
-1756
-2364
-2620
-2620
-2492
-2364
-2620
-3260
-3900
-4092
-4604
-4860
-4348
-3260
-1980
-988
-212
180
-112
-460
-652
-748
-1180
-1980
-2492
-2620
-2620
-2492
-2620
-2748
-2876
-2748
-1820
-1244
-1372
-1756
-2108
-2108
-2364
-2364
-1820
-988
96
1052
1820
2364
1980
1116
164
-556
-988
-1500
-1244
-460
308
748
684
652
228
-396
-588
-620
-492
-356
72
988
1628
2108
2236
1980
1820
1500
1244
1180
1052
924
924
1180
1628
1692
1500
1180
876
620
324
244
164
64
132
428
876
1180
1372
1756
1980
2108
2364
2492
2492
2492
2492
2364
1980
1500
924
356
0
-244
-460
-524
-356
-196
-40
48
308
1436
3260
5116
6140
6140
5372
4092
2748
1372
-56
-924
-1372
-1756
-1820
-1980
-2236
-2748
-3516
-4092
-4860
-5628
-5884
-5116
-4092
-2620
-1436
-524
-72
276
396
228
-324
-1308
-1980
-2236
-1980
-1564
-1436
-1500
-1564
-1820
-1756
-1436
-1980
-3004
-3772
-3772
-3132
-2876
-2492
-1564
-372
924
1820
2492
2620
1884
924
56
-356
-748
-1244
-988
-556
-88
72
-180
-396
-924
-1372
-1372
-1308
-1052
-716
-104
988
1884
2364
2364
2108
1820
1436
1244
1180
988
924
988
1244
1372
1116
748
244
-56
-276
-396
-292
-212
-32
428
844
1180
1436
1628
1884
2236
2492
2620
2748
2876
2876
2748
2620
2108
1692
1180
812
460
120
-32
-292
-292
-112
64
276
428
812
1756
3004
3900
4604
4348
4092
3772
3132
2108
988
356
-196
-876
-1436
-1980
-2620
-3260
-3900
-4092
-4604
-5116
-4860
-4348
-3260
-2492
-1628
-876
-492
-88
180
40
-460
-1116
-1628
-1884
-1884
-1756
-1692
-1692
-1564
-1564
-1244
-924
-1308
-1820
-2492
-2492
-2620
-2876
-2492
-1756
-620
40
588
1180
1116
524
-80
-324
-396
-876
-924
-524
-112
196
196
112
-196
-812
-1052
-1116
-924
-716
-492
228
1052
1756
2108
2108
2108
1564
1052
780
428
104
64
460
924
1116
1180
1180
988
716
460
372
196
148
428
844
1308
1628
1980
2236
2236
2236
2108
1980
1756
1564
1500
1436
1372
1308
1372
1116
988
988
988
812
652
524
324
212
244
492
844
1564
2364
3004
3260
3260
3132
2748
2108
1500
1052
684
324
-244
-844
-1180
-1628
-2108
-2748
-3132
-3644
-3900
-3644
-3260
-3132
-3004
-2748
-2620
-2492
-2364
-2236
-2364
-2492
-2364
-1980
-1500
-1116
-924
-684
-556
-524
-556
-780
-1116
-1372
-1500
-1500
-1564
-1628
-1628
-1628
-1500
-1308
-1180
-1116
-1052
-988
-988
-748
-396
-148
80
276
460
492
356
244
80
-120
-228
-96
244
556
748
844
812
748
588
460
356
260
260
524
812
988
1180
1308
1308
1308
1372
1244
1244
1180
1244
1308
1372
1564
1692
1692
1692
1756
1820
1756
1692
1820
1820
1884
1980
2108
2236
2108
2108
1980
1692
1436
1180
1052
988
924
988
1052
1052
988
812
556
120
-324
-620
-844
-844
-684
-556
-340
-16
120
48
-80
-308
-652
-924
-1052
-1116
-1116
-988
-780
-524
-356
-180
-260
-588
-924
-1244
-1500
-1756
-1820
-1820
-1884
-1820
-1500
-1244
-1244
-1372
-1500
-1756
-1980
-2108
-2236
-2492
-2492
-2236
-1884
-1500
-1244
-1052
-924
-924
-1116
-1244
-1436
-1692
-1884
-1884
-1756
-1564
-1372
-1180
-924
-748
-588
-428
-324
-324
-324
-396
-324
-308
-212
-24
196
556
876
1308
1564
1756
1820
1884
1820
1628
1436
1244
1116
1116
1116
1116
1180
1308
1500
1628
1692
1692
1692
1628
1628
1820
1884
1980
2236
2364
2620
2620
2492
2236
1980
1692
1372
1116
812
524
428
428
492
684
924
988
1052
1052
988
716
428
88
-164
-292
-340
-276
-104
32
64
40
-8
-148
-428
-620
-748
-844
-876
-748
-524
-324
-244
-196
-104
-80
-148
-340
-556
-780
-924
-924
-924
-924
-988
-988
-988
-988
-924
-876
-1052
-1308
-1500
-1692
-1820
-1884
-1884
-1884
-1756
-1564
-1372
-1244
-1180
-1244
-1308
-1372
-1564
-1756
-1884
-1980
-1820
-1628
-1372
-1116
-924
-748
-588
-524
-556
-652
-716
-844
-988
-924
-748
-524
-276
8
260
396
588
780
988
1052
1116
1244
1180
1052
988
1052
1052
988
924
924
988
1052
1116
1180
1244
1244
1308
1500
1628
1692
1692
1628
1756
1884
1820
1500
1372
1244
1116
1052
1052
1052
924
924
988
924
812
844
780
716
780
748
716
588
524
492
372
164
-32
-228
-340
-396
-460
-620
-844
-988
-924
-780
-652
-492
-396
-372
-228
-64
-32
-96
-212
-196
-148
-132
-120
-212
-324
-340
-340
-428
-460
-620
-684
-684
-684
-652
-716
-748
-652
-492
-396
-356
-356
-428
-620
-684
-716
-780
-924
-1052
-1116
-1116
-1180
-1116
-1180
-1180
-1116
-1052
-988
-924
-876
-844
-812
-748
-748
-748
-652
-556
-460
-356
-308
-292
-276
-164
0
180
244
324
396
492
588
588
524
460
460
492
524
588
588
524
492
460
556
556
524
620
716
876
988
1052
1052
1052
1116
1116
1116
988
924
924
924
988
1052
1052
988
924
924
812
684
652
524
324
212
112
32
48
64
48
32
16
40
48
8
-32
-80
-228
-396
-460
-428
-428
-372
-260
-132
-88
-80
-40
-148
-180
-164
-104
-24
0
-32
-120
-132
-148
-212
-276
-292
-260
-228
-180
-148
-196
-324
-460
-588
-716
-812
-876
-924
-988
-924
-780
-588
-524
-556
-556
-620
-684
-652
-620
-620
-620
-460
-180
48
180
212
132
-64
-244
-396
-620
-924
-1116
-1052
-844
-588
-340
-112
72
244
428
588
556
492
492
524
620
716
716
652
620
588
460
292
32
-356
-620
-652
-620
-460
-180
228
556
812
1116
1180
1116
924
684
524
396
356
460
620
748
812
748
716
652
492
244
48
-48
-164
-132
-80
40
228
372
460
396
148
-180
-356
-460
-588
-556
-524
-396
-164
132
308
340
260
180
80
-40
-148
-228
-244
-180
-16
180
276
180
16
-132
-228
-292
-324
-340
-356
-292
-212
-132
-120
-148
-212
-324
-372
-308
-276
-276
-196
-164
-148
-132
-196
-340
-524
-716
-812
-844
-748
-428
-72
292
652
924
1052
988
716
396
32
-244
-524
-716
-748
-620
-356
-104
132
292
324
324
212
24
-164
-340
-372
-196
48
276
428
556
556
372
180
-96
-428
-716
-876
-812
-588
-308
-64
120
180
196
212
164
112
-56
-180
-112
64
292
524
716
844
988
1052
1052
924
652
396
212
180
196
244
308
356
428
492
324
88
-148
-396
-428
-372
-276
-148
40
276
524
684
748
652
428
104
-96
-276
-524
-716
-812
-780
-716
-556
-396
-276
-260
-228
-212
-260
-260
-276
-324
-356
-396
-428
-428
-460
-460
-492
-524
-492
-428
-428
-428
-492
-588
-684
-780
-924
-988
-876
-620
-324
-104
132
356
556
748
844
780
556
340
148
112
88
8
-16
24
132
180
148
40
-72
-120
-72
-72
-16
96
260
492
716
844
844
684
556
428
212
40
-132
-340
-428
-356
-292
-276
-212
-120
-32
96
180
340
396
372
356
372
460
556
588
588
620
684
780
780
716
620
492
324
244
180
32
-48
-80
-16
96
180
276
308
228
212
244
244
148
0
-112
-164
-148
-56
8
-24
-80
-88
-104
-164
-212
-276
-324
-324
-324
-340
-356
-340
-340
-340
-356
-396
-396
-396
-428
-460
-428
-396
-324
-228
-132
-88
-48
8
40
-32
-196
-308
-460
-556
-588
-652
-716
-716
-652
-524
-356
-196
-104
-32
-8
-16
-40
-48
-88
-180
-196
-96
-40
-16
0
8
-104
-308
-396
-460
-556
-684
-684
-588
-396
-104
164
396
556
620
652
620
492
228
24
-120
-244
-244
-132
40
196
292
340
324
228
132
72
-32
-80
0
196
460
620
716
812
876
876
812
620
396
196
72
40
120
212
356
524
684
876
924
812
588
372
148
0
-80
-64
0
80
148
244
340
324
244
148
104
104
132
132
164
180
196
228
244
164
32
-72
-228
-340
-396
-396
-356
-324
-292
-276
-292
-340
-396
-396
-428
-372
-244
-96
-8
0
-16
-148
-356
-588
-812
-1052
-1180
-1180
-988
-780
-492
-132
196
428
556
588
460
244
56
-56
-196
-324
-372
-372
-372
-372
-396
-396
-460
-556
-588
-524
-340
-164
88
356
556
716
812
780
620
356
56
-164
-428
-588
-620
-524
-308
-228
-180
-148
-212
-244
-212
-260
-324
-308
-196
-32
148
260
276
324
308
324
324
212
104
16
-32
40
148
324
524
684
780
924
876
652
428
196
-40
-292
-428
-428
-372
-244
-48
180
292
396
556
652
684
684
652
620
620
588
556
428
324
164
32
-88
-260
-372
-460
-460
-396
-260
-104
24
132
244
292
372
396
276
196
88
-40
-196
-340
-556
-748
-844
-924
-924
-924
-876
-716
-460
-132
164
396
620
716
780
748
588
308
0
-292
-460
-524
-620
-684
-620
-588
-556
-460
-324
-180
-56
56
260
428
556
620
684
684
620
492
396
212
32
-112
-244
-308
-356
-356
-372
-372
-396
-396
-372
-324
-292
-228
-64
0
32
56
48
0
-24
8
8
64
112
120
148
148
164
164
148
164
180
148
132
56
-72
-244
-356
-396
-372
-292
-228
-120
-32
16
80
72
-24
-96
-64
0
80
212
276
292
308
276
276
244
180
64
-96
-164
-120
-112
-120
-32
56
164
260
372
396
292
112
-56
-244
-428
-492
-460
-396
-396
-356
-276
-260
-228
-164
-180
-260
-228
-132
16
164
260
308
356
428
372
276
148
-16
-180
-228
-164
-148
-164
-72
80
164
260
340
308
244
244
292
356
396
428
492
524
492
460
324
180
32
-72
-88
-88
-80
-96
-80
-64
-80
-148
-164
-180
-228
-228
-180
-132
-72
56
132
132
120
80
80
40
0
-32
-132
-148
-80
16
72
96
132
112
104
96
0
-80
-120
-80
-8
40
16
0
-16
-32
-24
-72
-164
-228
-212
-164
-96
-48
24
80
148
196
180
112
-8
-112
-164
-180
-132
-88
-80
-24
32
8
-56
-196
-396
-524
-620
-684
-684
-748
-716
-556
-324
-148
-24
32
-16
-96
-120
-164
-276
-396
-396
-292
-164
-120
-72
-8
-16
-24
-16
-104
-180
-180
-64
132
276
356
396
372
340
276
164
24
-120
-164
-88
16
132
228
276
340
428
428
372
260
180
164
212
340
460
492
492
460
460
372
292
132
0
-24
0
112
292
460
588
652
716
748
652
460
308
164
56
56
96
96
148
228
276
356
396
340
276
228
180
164
180
180
148
148
112
64
-8
-120
-212
-372
-492
-492
-588
-652
-652
-588
-492
-428
-324
-244
-164
-104
-64
-24
-8
-88
-196
-308
-428
-524
-620
-748
-812
-844
-876
-812
-716
-620
-556
-428
-276
-180
-164
-180
-228
-292
-324
-324
-340
-292
-260
-196
-104
-80
-72
-112
-196
-228
-292
-340
-372
-324
-180
-40
72
164
164
132
132
104
0
-180
-308
-324
-244
-112
64
196
276
396
460
524
492
460
396
292
292
356
356
396
396
396
372
324
276
228
228
276
292
372
492
524
620
684
716
684
652
620
524
460
428
460
428
460
492
460
460
460
460
492
428
372
372
396
428
524
588
524
396
244
80
-32
-148
-260
-372
-428
-460
-428
-396
-396
-372
-324
-260
-180
-164
-164
-244
-276
-260
-212
-244
-372
-460
-492
-524
-620
-716
-812
-844
-844
-748
-684
-684
-652
-588
-524
-460
-372
-340
-324
-260
-196
-112
-64
-88
-80
-8
32
8
-8
-88
-132
-96
-96
-104
-104
-132
-96
0
48
56
48
0
-48
-32
-16
0
32
132
228
308
372
428
460
460
396
276
180
72
-40
-120
-132
-96
-80
-64
-16
0
32
64
48
24
56
148
228
276
308
324
324
356
340
324
292
180
64
16
-40
-148
-196
-180
-148
-120
-72
8
72
132
212
276
292
324
324
340
324
212
88
-16
-148
-260
-276
-228
-260
-324
-324
-308
-340
-396
-396
-396
-396
-324
-196
-64
88
244
324
308
260
180
-8
-212
-396
-556
-652
-652
-588
-524
-428
-324
-196
-56
40
64
120
112
112
164
196
308
396
524
620
620
652
556
428
292
120
-32
-148
-164
-24
132
276
428
492
460
492
428
340
244
180
196
244
372
460
492
524
588
556
428
292
132
-32
-164
-148
-104
-80
8
132
228
260
212
148
56
-40
-148
-164
-112
-48
-64
-64
-56
-72
-148
-228
-260
-356
-396
-372
-372
-292
-228
-164
0
48
0
0
-72
-164
-196
-180
-80
-8
0
64
56
-16
-112
-308
-556
-780
-924
-924
-844
-716
-588
-460
-396
-372
-396
-524
-652
-748
-812
-844
-780
-588
-396
-244
-64
24
72
40
-64
-228
-396
-492
-524
-524
-428
-340
-228
-104
-32
-24
-32
-56
-80
-120
-112
-80
0
148
340
460
556
620
652
716
684
588
492
460
428
428
460
524
588
652
716
716
620
524
428
356
356
340
396
460
460
492
524
492
428
324
244
260
292
340
372
460
492
524
556
492
428
396
428
396
396
428
428
372
308
260
148
48
-24
-48
-88
-132
-164
-132
-88
-8
72
132
112
88
56
24
0
-80
-148
-196
-212
-196
-164
-196
-244
-324
-324
-356
-372
-428
-524
-556
-588
-556
-524
-524
-492
-556
-588
-556
-588
-684
-748
-780
-780
-716
-652
-556
-556
-492
-428
-340
-324
-340
-340
-324
-308
-228
-228
-308
-372
-396
-396
-428
-428
-428
-460
-428
-396
-292
-244
-196
-88
16
120
180
244
292
308
340
396
340
292
244
196
180
180
132
132
148
112
104
148
180
148
164
228
276
324
356
428
492
524
492
460
428
308
292
292
276
292
292
308
292
228
228
260
228
292
396
428
460
460
460
460
428
396
396
324
308
260
164
120
132
164
180
228
276
292
276
276
260
228
164
112
104
96
88
64
64
32
8
-32
-112
-148
-164
-180
-212
-244
-276
-308
-324
-324
-340
-372
-372
-340
-308
-244
-244
-276
-276
-324
-356
-356
-340
-276
-276
-260
-244
-292
-276
-292
-372
-372
-372
-372
-396
-428
-396
-460
-492
-428
-396
-324
-212
-72
-8
56
148
180
180
148
104
24
-72
-112
-180
-212
-244
-244
-212
-180
-120
-72
-24
-16
-24
-32
0
24
88
180
276
356
396
396
340
244
164
80
-24
-64
-72
-72
-24
32
88
132
164
212
324
396
428
372
356
372
428
396
356
340
324
324
292
292
212
180
148
148
180
180
164
88
96
80
56
32
0
-24
-8
24
24
64
64
48
16
0
0
-48
-72
-72
-88
-132
-164
-212
-276
-356
-396
-396
-428
-428
-372
-324
-276
-212
-164
-80
-40
8
56
56
32
40
56
96
104
32
-24
-96
-164
-228
-260
-308
-340
-308
-212
-96
0
88
132
180
212
164
112
104
48
8
-8
-72
-56
-64
-72
-72
-80
-72
-72
-88
-80
-56
-56
0
48
88
132
148
164
164
180
180
212
148
104
88
56
32
-24
-72
-104
-112
-104
-80
-8
0
-16
-16
40
104
164
228
276
308
340
396
396
372
292
260
164
80
48
0
-32
-64
-56
-32
8
56
56
24
0
-56
-148
-212
-292
-308
-292
-196
-96
-24
16
16
-8
-64
-96
-164
-228
-308
-340
-372
-372
-356
-324
-292
-292
-292
-260
-196
-212
-196
-148
-104
-64
-16
40
88
132
148
148
112
56
-40
-96
-120
-132
-104
-80
-64
-80
-24
0
0
8
0
40
72
164
308
396
396
396
340
292
228
180
148
104
32
8
24
56
72
120
148
104
120
120
120
164
196
196
228
292
340
396
428
372
308
260
212
196
148
64
56
120
164
212
196
148
72
16
0
-40
-80
-132
-132
-24
72
164
164
132
96
48
-8
-112
-196
-260
-260
-228
-180
-148
-180
-196
-196
-244
-372
-460
-492
-556
-524
-396
-292
-228
-148
-40
32
48
24
-48
-148
-228
-276
-308
-340
-340
-340
-324
-276
-276
-292
-276
-292
-292
-244
-244
-228
-180
-64
8
56
132
180
196
212
196
148
80
0
-32
-64
-132
-196
-244
-292
-340
-324
-276
-212
-180
-96
0
112
260
324
356
324
308
228
164
104
16
-32
-56
-72
-24
40
112
