SAMPLES:	9872
BITSPERSAMPLE:	16
CHANNELS:	1
SAMPLERATE:	16000
NORMALIZED:	FALSE
8
16
24
8
8
16
24
8
16
32
24
24
16
32
24
24
8
24
24
24
40
8
24
24
8
0
32
16
0
32
16
8
16
16
8
8
16
0
24
8
-8
16
8
0
0
16
0
0
16
0
16
0
0
16
0
-8
-16
0
0
-16
-8
0
0
-8
-16
-16
8
0
-24
-8
0
0
-16
-8
0
0
-16
-16
-24
0
-24
-24
-8
-16
-8
-8
-24
-8
0
-32
-8
-16
-16
-24
-24
-32
-40
-8
-8
-40
-16
0
-16
-8
-40
-8
-16
-40
-8
-16
-40
-32
-8
-32
-24
-24
-16
-32
0
-8
-48
8
-8
-16
0
-8
0
8
-24
0
16
0
-8
0
8
0
8
32
16
32
24
16
48
0
16
40
8
32
32
32
40
8
72
24
24
64
0
40
56
16
24
32
40
32
0
32
24
8
48
-8
32
48
8
16
0
40
32
-8
24
16
-8
16
0
16
8
0
16
0
0
0
-8
24
8
-32
16
16
-8
-8
0
8
-16
8
0
-40
24
0
-48
-16
-8
0
-16
-40
-16
-24
8
-24
-40
0
-32
0
-32
-80
0
0
-56
-40
0
-16
-32
-16
-16
-24
-16
-16
-32
-24
8
-64
0
-8
-64
0
-32
-8
-16
-24
0
0
-16
0
-32
16
8
-40
8
0
8
-8
0
-8
0
0
8
-8
-32
48
8
-24
16
8
16
8
-8
8
8
40
-8
-8
40
16
0
0
0
24
24
-16
8
16
8
0
16
0
0
32
16
-8
0
64
16
0
16
32
24
0
16
32
0
32
0
8
24
0
0
0
64
-16
-24
56
8
0
8
8
16
8
0
0
40
24
-16
16
40
0
0
8
24
0
0
0
0
24
-16
-8
24
0
-24
-16
8
0
-16
0
-8
-8
0
-24
0
-16
-8
-24
-8
0
-16
-24
-8
0
-40
-8
-8
8
-24
-8
-32
-16
0
-32
-32
0
8
-48
-8
-8
-8
-8
-24
-32
8
0
-24
0
0
-16
0
-8
-32
0
8
-24
-8
8
-40
-24
8
-8
-32
-8
32
-16
-32
-16
-8
16
-48
-16
8
-16
8
-40
-8
0
0
-8
-56
24
32
-56
-24
40
0
0
-24
24
32
-16
8
0
48
0
-16
24
8
8
0
0
16
32
-24
16
32
8
0
-16
48
8
-24
24
40
8
0
32
24
32
8
8
16
24
40
-48
56
48
-8
32
0
32
16
16
32
16
16
32
-8
24
24
0
48
8
24
8
24
24
0
8
56
8
-8
40
16
32
-16
56
16
0
32
8
24
0
8
24
0
0
40
8
0
8
0
-16
0
16
-8
-40
24
0
-40
32
-24
0
8
-8
-24
-8
0
-16
-40
0
-8
-48
0
-56
-24
0
-56
-40
8
-40
-32
-32
-16
-24
-40
0
-72
-16
0
-64
-32
-8
-40
-56
-8
-48
-32
-24
-32
-8
-48
8
-56
0
-8
-64
16
-32
-48
-24
16
-88
0
0
-72
0
-16
0
-64
24
-24
-48
16
-24
-64
0
0
-64
8
-40
32
-48
0
0
-40
48
-16
-32
32
0
-8
16
-32
56
-8
8
16
-16
72
16
-40
64
32
16
8
16
88
-16
72
16
8
96
0
16
72
48
0
32
64
24
8
104
0
8
112
40
-16
96
64
0
72
32
16
32
80
0
0
72
40
-24
56
24
40
32
24
24
32
32
0
40
0
24
8
8
-8
48
0
-40
32
8
-8
-40
32
-8
-8
0
0
0
-16
8
-8
-40
-32
0
-24
-48
-24
-16
-24
-32
-32
-24
-16
-8
-72
0
-8
-64
-8
-40
-40
-48
-40
-24
-48
-64
0
-48
-16
-56
-56
40
-96
-40
0
-24
-16
-64
-16
0
-56
-16
-16
-40
0
-32
-24
-8
-16
8
-48
0
-16
-32
16
-8
-16
-24
32
-16
-32
32
-16
0
8
8
-24
32
40
-8
-24
40
48
-56
24
16
8
8
0
0
32
16
-24
16
40
24
-16
48
48
-16
24
40
-16
24
40
-8
8
40
32
-56
64
48
-24
24
64
-8
0
80
-24
24
24
24
-32
56
48
-56
64
40
0
-8
80
0
0
40
8
8
16
0
-8
72
-24
-32
40
40
-40
0
40
-32
-16
24
-16
-24
32
-16
-24
8
-8
-16
0
-24
-8
0
-48
8
0
-32
-8
24
-8
-64
0
32
-40
-8
-24
-8
40
-64
-24
40
-8
-48
8
24
-64
32
-16
-40
32
0
-24
24
24
-72
24
64
-72
-32
96
-40
-32
56
8
-16
16
8
-24
8
0
-40
32
16
-104
88
0
-88
40
24
-56
-32
80
-40
-72
96
8
-80
64
-16
8
16
-48
32
8
0
-56
40
40
-72
16
24
-40
0
16
-40
16
16
-40
-16
24
-48
-40
64
-72
-16
8
-24
0
-64
64
-40
-40
40
-56
0
-24
-48
16
-8
-24
-16
-64
72
-48
-72
96
-56
8
32
-40
-16
40
8
-80
16
72
-40
-48
80
-32
0
40
-32
48
24
-16
40
8
8
56
-32
48
64
-8
48
16
24
40
0
24
32
24
40
-8
40
48
-24
64
16
-32
104
0
-16
88
0
-16
32
40
-40
0
104
-48
-32
72
-32
24
8
-8
16
16
0
-56
16
32
-24
-32
32
-40
40
-24
-56
56
-48
-16
32
-72
-16
64
-56
-48
0
40
-80
-72
88
-96
-32
64
-104
0
24
-8
-24
-104
96
-24
-148
48
-8
-40
-32
-56
32
-56
-16
40
-64
-32
48
-64
-24
24
8
-32
-16
112
-56
-40
64
8
-40
-40
40
32
-32
24
48
0
48
0
-16
40
0
-8
0
32
0
8
56
8
-24
40
16
-32
40
32
0
-16
40
0
-32
8
24
-32
0
80
-48
-32
40
0
-80
56
32
-104
32
96
-72
-32
72
-16
8
-64
24
48
-24
-32
16
8
-16
72
-16
-72
104
96
-164
8
148
-16
-40
32
32
8
40
-96
24
88
-56
-40
104
0
-56
64
0
-8
8
16
0
32
8
-16
48
0
-48
24
16
-64
64
-8
-64
104
-8
-132
32
80
-80
-132
72
104
-164
-8
16
8
-24
-120
64
0
-8
-80
0
16
-32
-64
-48
96
0
-88
-32
148
-40
-96
0
0
8
-96
8
-8
-32
8
-32
-8
-40
88
40
-164
72
164
-164
-80
180
24
-148
24
164
-72
-64
80
0
-24
0
-16
40
-24
-8
8
0
24
-24
-8
48
0
-80
40
-48
8
-16
-56
8
-16
88
-104
-32
48
32
-56
0
24
-24
64
-8
-80
8
120
-112
-24
72
-16
-32
16
8
-64
48
48
-32
48
16
24
24
-24
40
24
40
-8
80
24
-8
96
96
-32
16
132
-32
40
24
48
40
8
0
56
96
0
24
72
16
16
64
0
0
40
48
-24
16
96
-48
-16
88
-32
8
80
-56
24
-16
16
40
-56
8
40
32
-88
-56
96
-64
-104
64
-64
-32
8
-64
8
-80
0
-80
-80
32
-104
-96
24
-8
-180
-56
8
0
-228
24
-8
-112
48
-148
-64
-32
40
-148
-72
64
-80
-88
0
-56
0
-32
-120
48
-56
-64
-40
0
0
-88
8
-16
-80
48
-32
0
16
-16
0
0
56
-40
-16
40
16
8
40
-16
16
56
56
-56
40
112
0
40
0
32
48
24
48
-16
0
104
56
-48
-32
180
24
-72
120
32
8
16
72
0
40
80
-32
104
148
-104
40
180
0
0
-8
148
0
-32
120
40
40
72
48
56
16
8
88
-16
48
40
16
96
-32
0
56
0
24
0
0
24
32
0
-48
-16
148
-16
-132
72
56
-16
-112
8
64
-48
-48
0
-24
-48
0
-64
-24
-40
0
-80
-32
40
-80
-48
-56
-24
-32
-40
-80
0
16
-120
-72
56
-72
-88
-24
8
-16
-72
-64
-16
32
-80
-40
8
-24
-56
-48
-40
-16
-24
-48
0
0
-16
-48
8
-24
-32
56
-88
0
40
-56
-56
-16
88
-24
-112
56
32
-48
-32
-8
32
0
16
24
-48
80
24
-96
32
24
24
-40
-48
80
0
-24
-40
32
24
-48
-8
0
32
0
-40
-48
104
-24
-72
80
80
-56
0
80
-32
-40
24
32
-48
32
8
-8
8
56
0
-24
40
32
0
-40
96
16
-24
64
-16
0
56
24
-32
16
72
-16
-8
48
32
48
8
24
40
24
72
24
-32
80
56
0
16
96
104
-72
48
112
-56
16
96
64
0
56
132
-8
0
56
48
-8
48
8
16
40
40
-16
0
64
-72
8
24
-16
-24
24
0
-32
-24
-32
-16
-32
-40
-16
16
-16
-24
0
-16
-16
-32
-56
-48
-40
-32
-64
-24
-8
-32
-32
-56
-40
0
-40
-80
16
48
-32
-80
8
16
-96
-8
16
-56
-24
24
-16
-80
8
8
-88
-24
56
-40
-96
40
-24
-104
-32
32
-8
-72
0
-32
-72
0
-40
-56
32
-24
-56
0
-40
-48
-16
-40
-56
-24
-8
-56
-24
0
-16
-40
-24
0
-32
-64
-8
0
-56
-32
8
8
-40
-32
16
24
-8
8
48
32
-8
8
72
40
40
72
48
32
32
48
32
24
64
56
64
48
48
64
32
32
72
80
16
48
96
56
48
112
120
64
48
96
96
40
16
72
72
32
48
80
64
16
56
64
40
48
24
0
24
24
0
16
16
0
8
24
0
-8
0
-8
-32
-32
-16
-48
-40
-64
-40
-40
-48
-24
-64
-40
-40
-56
-48
-72
-64
-40
-56
-40
-24
-48
-64
-56
-40
-32
-56
-40
-24
-24
-16
-24
-8
-16
-24
0
8
-24
-56
0
-8
-40
-16
40
0
-24
8
16
0
-8
0
-24
-8
0
-24
-32
-40
-24
-24
-8
-8
0
-16
-24
-24
-16
0
-24
-32
-16
-16
-64
-72
-56
-80
-72
-40
-48
-56
-32
-48
-48
-48
-56
-56
-64
-56
-48
-32
-32
-40
-8
-8
-16
0
16
8
0
16
32
56
56
72
88
48
64
64
40
32
48
64
56
72
80
80
48
56
72
56
40
56
80
56
88
96
80
96
80
88
80
80
72
72
88
88
96
112
80
40
32
16
8
16
0
0
8
0
-8
-16
0
16
8
40
48
32
24
32
48
40
24
56
48
24
40
32
32
0
8
24
56
8
-8
0
0
0
-24
-16
-24
-48
-64
-48
-48
-64
-80
-72
-64
-56
-72
-64
-64
-88
-104
-104
-104
-148
-148
-112
-132
-164
-148
-120
-132
-132
-132
-132
-148
-148
-148
-132
-120
-104
-88
-104
-88
-88
-96
-88
-120
-104
-96
-104
-112
-72
-24
-24
-8
24
8
8
16
16
24
16
40
24
32
112
96
132
164
196
164
132
164
112
88
120
180
196
196
244
276
260
228
260
228
164
196
196
164
164
212
196
164
148
148
88
16
0
8
0
-16
-40
-40
-80
-88
-72
-88
-72
-104
-148
-148
-180
-196
-196
-212
-164
-148
-148
-132
-164
-132
-180
-196
-132
-180
-196
-196
-180
-148
-180
-148
-72
-120
-104
-72
-56
-72
-96
-80
-112
-88
-80
-40
-56
-64
-56
-16
-24
-48
-16
-8
-24
-24
0
32
72
112
96
88
148
104
56
16
72
64
48
56
104
212
228
292
340
428
428
492
652
876
1116
1244
1564
1884
2108
1884
1436
1052
812
460
-8
-356
-396
-396
-556
-748
-924
-1052
-1372
-1628
-1820
-1884
-1884
-1756
-1500
-1116
-812
-588
-460
-460
-460
-524
-588
-748
-876
-844
-716
-428
-260
-260
-340
-460
-620
-812
-1052
-1308
-1436
-1308
-988
-620
-260
48
340
652
876
988
924
780
620
556
524
492
340
244
244
228
212
120
8
-164
-244
-228
-260
-212
-64
16
164
324
524
588
524
492
492
588
620
620
652
716
780
812
524
396
356
324
308
292
684
780
748
844
1180
1564
2108
3260
4860
5372
4860
3900
3260
2492
812
-524
-924
-748
-716
-1052
-1116
-1116
-1436
-2236
-3004
-3516
-4092
-4348
-3900
-2748
-1500
-780
-340
96
292
-56
-492
-924
-1756
-2492
-2620
-1980
-1500
-1372
-1308
-1116
-924
-1052
-1436
-2108
-2876
-3388
-3260
-2620
-1820
-1180
-356
716
1692
2236
2236
1980
1436
924
684
684
588
260
292
684
844
620
228
-212
-812
-1116
-1052
-1052
-1116
-988
-588
-148
276
492
524
492
460
716
924
988
812
780
748
844
844
524
132
-308
-324
-492
-428
-428
-460
-228
-48
244
492
684
988
1820
3388
4860
5628
6396
7164
6908
5372
3644
1980
524
-524
-1564
-1884
-1500
-1244
-1564
-2108
-2236
-2748
-3644
-4092
-3900
-3132
-2236
-988
276
1180
1820
1884
1500
924
-24
-1244
-2236
-2620
-3004
-3004
-2620
-2236
-1820
-1756
-1756
-1980
-2620
-3260
-3516
-3516
-3132
-2364
-1116
228
1372
2364
3132
3388
3132
2364
1564
780
40
-460
-748
-924
-988
-812
-460
-460
-492
-652
-876
-1052
-1180
-1244
-1116
-924
-684
-244
180
524
876
1244
1308
1372
1372
1180
924
780
492
180
16
32
-164
-556
-812
-684
-716
-812
-876
-588
-148
24
428
716
1500
2108
2492
2748
3900
5628
6908
7676
7932
7932
6652
4348
1980
-212
-1564
-2620
-3388
-3260
-2492
-2108
-2108
-2364
-2492
-3132
-3388
-3260
-2748
-1820
-812
460
1564
2364
2748
2236
1692
652
-1052
-2748
-4092
-4860
-5372
-5628
-5116
-4092
-3132
-2620
-2108
-2236
-2748
-3004
-3132
-2620
-876
924
2492
3516
4860
4860
3772
2236
780
-292
-1372
-2236
-2620
-2620
-2364
-2236
-1692
-1052
-924
-1180
-1052
-556
-228
-276
-180
-16
148
164
196
292
148
-228
-308
276
748
684
684
1244
1564
1436
1308
1244
844
132
-164
-228
-556
-1116
-1244
-924
-396
-32
356
988
1884
2364
2620
3388
3516
3388
3004
3004
2748
2364
2108
2492
4092
6140
7676
8316
8316
6652
3516
308
-1692
-3132
-3900
-3772
-2620
-988
-212
-460
-1244
-1628
-2364
-3644
-4348
-4092
-3260
-2108
-556
1116
1980
2108
1500
460
-1244
-3772
-6140
-7420
-7676
-7420
-6396
-4348
-2364
-988
-164
492
396
-716
-2236
-3260
-3772
-3644
-2748
-1116
876
2620
4092
5116
5116
3900
2108
428
-428
-844
-1692
-2748
-2748
-2108
-2236
-2748
-2492
-1756
-1180
-876
-556
8
812
1116
1500
2748
3644
3516
2876
2876
2620
1244
-292
-1052
-1628
-2236
-2492
-2108
-1564
-1116
-844
-180
780
876
324
132
372
292
112
460
1052
1436
1820
2620
3516
3772
3516
3516
3772
3260
2748
2108
1692
924
-88
-428
-748
-1180
-1692
-1692
-716
64
1180
3260
5884
7932
8828
9852
9852
7164
3900
844
-876
-2236
-3772
-4604
-3900
-3004
-3388
-4604
-5116
-4860
-5372
-5628
-5372
-3772
-2108
-292
1692
3516
4092
3644
2748
1372
-924
-3516
-5372
-5884
-6140
-5884
-4604
-2876
-1820
-1756
-1980
-2236
-2876
-4092
-5372
-5628
-4860
-3516
-1564
748
2748
4092
4860
5116
4348
2364
260
-1308
-2108
-988
-72
-244
-196
652
988
-652
-1564
-1820
-1500
-1116
-988
-492
924
2236
2236
2492
3772
3644
1628
684
748
0
-1628
-2108
-1500
-1180
-1052
-588
428
924
716
228
588
876
-8
-924
-524
212
132
-64
428
988
844
988
1884
2748
2748
2492
3004
3260
2492
1628
1116
684
228
-180
-260
-276
-492
-812
-684
-492
-276
-112
1180
3644
5884
7932
9340
10364
9340
6140
2492
-196
-1756
-3260
-4604
-4348
-2876
-2108
-2748
-3516
-3260
-3516
-4348
-4860
-4348
-3260
-2108
-340
1564
3132
3516
3260
2492
924
-1692
-4348
-5884
-6908
-7676
-7420
-6140
-4348
-2748
-1820
-924
-428
-876
-1980
-2876
-3388
-3516
-2876
-1436
396
2108
3516
4860
5116
4604
3772
2492
356
-1820
-3004
-3900
-4092
-3644
-1980
180
1692
2364
2236
2108
1564
620
276
748
1052
1308
2236
3260
3388
2492
1436
276
-1180
-2620
-3388
-3516
-2876
-1820
-292
1500
3004
3260
2748
2492
1820
460
-876
-1500
-1820
-1884
-1372
-164
1052
1980
2876
3772
4092
4092
3644
3132
2748
2236
1756
1180
524
64
-460
-556
-844
-988
-924
-844
-684
-556
-164
1308
3644
6140
8316
9852
10364
8316
5116
1372
-1436
-3516
-5372
-5884
-5116
-3900
-3644
-3900
-3644
-3260
-3388
-3772
-4092
-3772
-2876
-1692
-56
1692
2876
3132
2876
2108
396
-2108
-4604
-6140
-6908
-7420
-7164
-5628
-4092
-2876
-1980
-1052
-812
-1564
-2620
-3260
-3260
-2876
-1980
-340
1564
3260
4604
5628
6396
5884
4092
1980
-80
-1980
-4092
-5372
-4860
-3132
-1180
428
1372
1820
1820
988
88
-32
260
72
492
1980
3388
3388
3004
2748
1980
492
-780
-1436
-1756
-1692
-1116
308
1756
2492
2492
2492
2236
1308
-104
-1244
-1820
-2236
-2236
-1564
-356
780
1884
3260
4604
5116
5116
4860
4604
3900
3004
1692
492
-228
-924
-1372
-1564
-1500
-1244
-1180
-988
-876
-716
-372
96
1756
4092
6140
7932
9340
10364
8316
4604
1052
-1628
-3644
-5628
-6652
-5628
-4092
-3516
-3644
-3388
-2876
-3132
-3900
-4348
-4092
-3516
-2364
-276
1756
3004
3516
3772
3260
1436
-1180
-3516
-5116
-6652
-7676
-7420
-5884
-4348
-2876
-1756
-716
-340
-812
-1756
-2492
-2876
-2748
-2108
-716
812
2236
3900
5884
6908
5628
2748
112
-2492
-5372
-7420
-7420
-5116
-2492
-48
1820
3132
3516
2492
1116
620
260
-716
-844
652
2236
2620
2620
2748
2236
780
-812
-1756
-2236
-2236
-1756
-112
2108
3644
4092
4348
4348
3132
1308
-340
-1564
-2748
-3260
-2492
-924
524
1980
3644
5116
5628
5372
4860
4348
3516
2364
1372
988
164
-780
-988
-924
-780
-988
-924
-780
-684
-684
-924
-924
-244
1052
2876
5116
7164
8828
9340
8316
4860
1116
-1756
-4092
-5628
-6396
-5372
-3772
-2620
-2236
-2236
-2236
-2492
-3132
-4092
-4348
-3900
-2876
-1308
556
2236
3260
3644
3260
1820
-524
-2876
-4604
-6140
-7164
-7164
-6396
-4860
-3132
-1628
-524
164
148
-524
-1564
-2236
-2492
-2236
-1436
-228
1244
2876
4860
5628
5116
3516
1372
-1756
-4860
-6652
-7164
-6140
-3772
-988
1628
3516
3772
2876
1980
1372
-8
-1116
-876
-88
492
1180
2236
2748
2236
1244
148
-812
-1564
-1820
-1436
-228
1244
2364
3516
4348
4604
3644
2364
924
-844
-2492
-3388
-3132
-2236
-876
988
3004
4348
5116
5372
5116
4604
3516
2620
1980
988
120
-372
-492
-372
-556
-396
-524
-396
-324
-556
-460
-340
-244
164
1436
3516
5628
7164
8828
9340
7676
4348
748
-1820
-3772
-5372
-5884
-4860
-3004
-2236
-2364
-2364
-2236
-2492
-3132
-3772
-4092
-3516
-2492
-876
1244
2876
3772
4092
3644
2108
-396
-2876
-4860
-6396
-7676
-7932
-6908
-5372
-3772
-2364
-812
180
112
-780
-1692
-2492
-2876
-2748
-1980
-748
1308
4348
5884
5116
3004
924
-1820
-5116
-7420
-7420
-5116
-2748
-812
1244
3260
3772
3004
2236
2108
1052
-620
-1116
-196
620
524
748
1500
1756
748
-308
-620
-812
-1052
-684
652
2236
2876
3260
4092
4604
3516
1628
276
-988
-2364
-3260
-2748
-1500
-292
988
2748
4348
4860
4860
4604
4604
3900
2748
1980
1308
428
-64
-292
-396
-556
-684
-716
-556
-8
120
148
396
556
556
1116
2492
4092
5884
7676
8828
8828
7164
3772
652
-1756
-3772
-5372
-5628
-4604
-3388
-2876
-2620
-2236
-2108
-2364
-2748
-3132
-3004
-2492
-1500
88
1628
2748
3388
3516
2748
844
-1628
-3900
-5884
-7420
-8316
-8316
-7420
-5628
-4092
-2236
-588
260
148
-428
-1244
-1980
-2108
-1756
-876
924
2748
3772
3388
2492
1244
-1052
-3516
-5116
-5116
-4348
-3644
-2364
-556
988
1756
1884
1980
1980
1436
876
844
1500
1628
1372
1308
1564
1500
844
372
244
132
-96
72
620
988
1244
1564
2108
2236
1756
988
308
-372
-1052
-1436
-1180
-748
-132
812
2108
3132
3900
4348
4604
4604
4348
3772
3004
2108
1180
428
-196
-812
-1308
-1500
-1244
-780
-324
112
428
684
780
780
1308
2364
3388
4604
5884
7676
8828
8316
6396
3388
652
-2108
-4348
-6140
-6396
-5372
-4348
-3132
-2620
-2492
-2492
-2492
-2748
-3132
-3260
-2620
-1628
-112
1244
2364
3132
3132
2236
460
-1820
-4348
-6396
-8316
-8828
-8316
-6908
-5372
-3516
-1980
-844
-64
120
-340
-1244
-2108
-1564
148
1372
2236
3004
3516
3004
1244
-428
-2108
-3132
-4092
-4604
-4092
-3004
-2108
-1436
16
1820
2364
2108
2236
2364
2236
1628
1436
1628
1500
1052
652
588
212
-492
-812
-324
212
292
588
1500
2236
2620
2876
3004
2748
1820
924
460
112
-588
-876
-396
460
1180
2108
3132
3900
4348
4860
4860
4348
3388
2236
1500
812
228
-260
-428
-324
-244
-180
132
356
324
180
-8
244
876
1692
2876
4348
6140
7676
8316
7164
4348
1372
-1052
-3388
-5372
-6140
-5628
-4348
-3260
-2748
-2492
-2492
-2748
-3132
-3516
-3772
-3516
-2620
-1180
428
1500
2108
2364
2108
988
-876
-2876
-4860
-6140
-7164
-7164
-6396
-5116
-3900
-2748
-1884
-1308
-1180
-1628
-2364
-2748
-2492
-1052
1052
2492
3260
3644
3900
2748
492
-1756
-3388
-4092
-4348
-4348
-3132
-1692
-780
-40
1244
2236
2108
1564
1628
1980
1980
1628
1564
1756
1564
1052
748
652
16
-924
-1180
-620
-164
-32
556
1628
2364
2748
3004
3004
2620
1692
988
652
228
-324
-620
-244
324
812
1436
2236
2876
3388
3772
4092
4092
3516
2748
2108
1500
812
56
-308
-340
-148
96
396
620
684
684
780
1180
1756
2492
3132
4348
6140
7164
6652
4860
2876
924
-1180
-3004
-4092
-4348
-3900
-3388
-2876
-2748
-2876
-3260
-3516
-3516
-3644
-3516
-2876
-1756
-524
276
716
924
812
276
-588
-1628
-3004
-4348
-5372
-5628
-5372
-4860
-4092
-3260
-2748
-2492
-2108
-2108
-2620
-3132
-3004
-1980
-96
1692
3260
4092
3900
3644
2236
276
-2236
-3772
-4348
-4092
-3260
-2364
-1244
-180
524
1052
1180
1052
812
812
1500
2236
2748
2748
2492
1980
1244
588
-308
-1180
-1692
-1980
-1692
-876
-72
492
1116
1980
2620
2748
2620
2108
1692
1244
876
652
428
112
40
460
988
1436
1884
2492
3004
3644
3900
3900
3516
2748
2108
1436
652
-64
-556
-524
-308
64
308
556
748
1052
1692
2364
2748
3388
4604
5884
5884
4604
3132
1628
-16
-1564
-2748
-3004
-3004
-2876
-3004
-3004
-3132
-3388
-3644
-3772
-3644
-3388
-2748
-1820
-844
-428
-212
-132
-276
-748
-1372
-1820
-2108
-2492
-2876
-3004
-2748
-2748
-2876
-3132
-3388
-3516
-3644
-3772
-3900
-3772
-3004
-1692
-228
1052
2620
3900
4092
3516
2492
1628
80
-1564
-2620
-2492
-1820
-1756
-1564
-1052
-652
-588
-556
-64
244
72
244
924
1980
2236
1980
1980
1820
1500
988
652
356
-228
-620
-396
164
492
492
588
876
1244
1372
1308
1308
1052
716
716
988
988
524
396
620
1052
1436
1820
2236
2748
3004
3260
3516
3260
2748
2108
1564
1052
492
308
96
0
276
588
716
844
1244
1756
1980
1980
2748
3772
4604
4604
4092
3260
2236
748
-652
-1692
-2108
-2364
-2620
-3004
-3132
-3516
-3772
-4092
-4092
-4348
-4092
-3516
-2620
-1756
-1180
-652
-340
-308
-324
-460
-684
-924
-1180
-1372
-1500
-1692
-1980
-2236
-2620
-3132
-3132
-3260
-3516
-3900
-4092
-3900
-3004
-1820
-684
372
1180
1500
1436
1244
1052
556
260
132
40
8
-164
-324
-588
-924
-1180
-1180
-988
-716
-340
132
588
924
1116
1116
1180
1244
1180
1180
1180
1052
812
716
748
588
372
396
556
620
524
588
716
652
556
748
1052
1180
1244
1244
1244
1244
1308
1500
1756
1884
2236
2492
2748
2876
2748
2364
1980
1436
924
524
372
196
164
244
460
812
1244
1980
2492
2876
3644
4348
4860
4348
3516
2748
1820
1052
292
-260
-260
-372
-588
-1052
-1692
-2492
-3388
-3900
-4348
-4604
-4348
-3644
-2876
-2108
-1564
-1244
-1116
-1308
-1564
-1884
-1884
-1884
-1628
-1180
-588
-40
180
120
-428
-1180
-1980
-2876
-3388
-3900
-4348
-4348
-3388
-2108
-1180
-652
-180
164
276
8
-292
-428
-652
-780
-620
-228
64
-32
-104
-40
24
-276
-748
-876
-812
-748
-588
-72
460
652
780
924
1116
988
652
460
308
132
-40
0
260
324
340
460
684
588
340
292
340
372
356
556
988
1180
1372
1564
1756
1980
2108
2364
2620
2748
2620
2620
2620
2492
1980
1628
1372
1244
1116
988
1116
1116
1180
1180
1308
1500
1500
1436
1372
1500
1692
2108
2364
2236
2108
1756
1500
1244
924
588
356
96
-132
-428
-748
-1180
-1500
-1980
-2236
-2492
-2620
-2748
-2748
-2748
-2492
-2492
-2492
-2364
-2236
-2108
-1980
-1820
-1756
-1692
-1628
-1500
-1372
-1436
-1628
-1756
-1980
-2108
-2108
-1980
-1980
-1756
-1372
-924
-556
-340
-228
-148
-80
-180
-276
-324
-492
-620
-684
-684
-588
-652
-716
-588
-524
-460
-308
-88
164
308
492
748
988
1052
988
1052
1052
924
876
748
588
396
292
260
228
164
132
228
396
524
620
684
748
844
924
924
988
1116
1244
1436
1756
2108
2236
2364
2364
2364
2108
1692
1372
1052
812
556
428
372
340
372
428
588
684
748
684
716
780
652
492
524
588
556
492
556
620
556
556
588
356
0
-196
-356
-588
-876
-1052
-1180
-1308
-1308
-1244
-1116
-988
-844
-652
-460
-292
-244
-260
-228
-80
-8
-112
-212
-260
-460
-876
-1244
-1564
-1980
-2492
-2620
-2492
-2620
-2492
-2236
-1820
-1564
-1244
-988
-780
-684
-652
-652
-620
-716
-748
-812
-844
-924
-988
-988
-1180
-1372
-1500
-1436
-1308
-1052
-748
-356
24
428
780
1116
1244
1244
1244
1244
1244
1244
1244
1244
1308
1308
1244
1116
924
652
460
292
212
212
308
588
924
1180
1436
1628
1692
1692
1692
1628
1564
1628
1628
1564
1628
1692
1628
1436
1308
1116
812
524
292
80
-180
-372
-308
-148
-120
-112
-40
-16
-96
-148
-196
-292
-396
-396
-228
0
244
460
556
588
524
324
32
-196
-428
-716
-844
-812
-780
-876
-780
-492
-340
-212
-88
0
0
-72
-48
-16
16
56
88
72
8
-180
-460
-876
-1308
-1692
-2108
-2236
-2236
-2108
-1980
-1692
-1308
-988
-716
-556
-356
-196
-148
-212
-228
-260
-340
-460
-684
-748
-844
-1052
-1244
-1372
-1436
-1436
-1244
-924
-556
-196
132
556
876
1052
1116
1116
1052
1052
1052
1052
1052
1052
988
988
988
780
524
260
88
-80
-180
-112
0
164
428
780
1116
1244
1308
1372
1308
1116
1052
1052
876
780
844
844
844
780
652
556
428
276
64
-164
-356
-428
-372
-244
-180
-164
-72
96
212
228
132
32
8
-80
-56
-16
40
180
340
588
652
588
396
96
-228
-588
-844
-1052
-1116
-1052
-780
-428
-56
96
244
396
460
396
324
324
324
340
356
396
428
260
40
-164
-492
-844
-1180
-1436
-1628
-1628
-1500
-1180
-876
-620
-324
-24
80
164
164
16
-132
-340
-492
-588
-684
-876
-1116
-1308
-1436
-1628
-1756
-1692
-1500
-1180
-812
-372
88
460
684
844
844
716
556
460
396
372
356
396
396
340
228
32
-132
-292
-396
-396
-340
-196
40
308
652
988
1180
1308
1308
1244
1052
812
652
620
556
620
748
844
924
988
988
924
844
620
460
324
260
244
244
260
164
120
120
88
48
-48
-212
-276
-260
-180
0
196
460
780
988
1116
1116
812
460
80
-276
-556
-748
-876
-924
-812
-556
-308
-132
-24
24
112
212
228
212
196
228
212
212
164
80
-88
-260
-428
-620
-812
-1052
-1180
-1180
-1180
-1116
-1052
-812
-620
-524
-324
-164
-40
56
24
-8
-8
-132
-292
-524
-716
-924
-1180
-1372
-1500
-1500
-1372
-1116
-812
-556
-340
-24
260
460
556
620
684
620
492
372
308
148
-64
-132
-212
-356
-492
-588
-652
-684
-748
-684
-524
-372
-72
292
652
988
1244
1372
1372
1244
1116
780
524
460
356
260
324
524
780
924
988
988
1052
988
876
812
748
716
652
684
652
620
524
460
356
164
-16
-244
-324
-244
-164
-72
164
428
524
588
556
460
164
-196
-428
-620
-844
-988
-924
-716
-556
-428
-260
-120
-40
0
8
-8
-24
-96
-132
-244
-308
-356
-372
-340
-372
-460
-588
-684
-780
-876
-924
-924
-812
-652
-428
-96
196
428
588
652
652
556
460
276
80
-24
-104
-180
-244
-324
-324
-340
-340
-356
-356
-260
-112
40
292
492
588
620
716
620
340
40
-292
-524
-748
-844
-812
-780
-684
-556
-492
-460
-460
-460
-524
-492
-340
-56
244
524
780
924
1052
1052
924
620
276
24
-112
-120
48
372
620
844
1052
1116
988
748
460
196
8
-132
-244
-228
-212
-120
16
88
112
-8
-164
-308
-340
-396
-372
-132
164
428
620
748
716
524
276
-96
-556
-988
-1308
-1564
-1564
-1372
-1180
-876
-556
-292
-104
120
276
276
228
112
32
-40
-56
48
196
308
372
396
260
0
-340
-716
-988
-1116
-1052
-844
-524
-64
396
748
988
1116
988
780
588
396
244
112
80
112
96
48
32
-72
-164
-244
-324
-396
-356
-132
112
396
684
924
1052
988
812
556
244
-48
-228
-244
-228
-120
-24
8
-48
-148
-164
-244
-340
-308
-164
-32
112
324
556
684
716
684
556
276
32
-80
-132
-148
8
228
428
588
748
748
556
396
244
104
-48
-120
-164
-212
-180
-132
-132
-276
-428
-620
-684
-716
-748
-716
-684
-396
-56
276
524
716
812
716
556
260
-164
-588
-924
-1116
-1180
-1180
-1052
-924
-716
-556
-372
-212
-132
-132
-164
-228
-260
-196
-112
-8
148
356
428
356
228
8
-372
-780
-1116
-1308
-1372
-1308
-988
-588
-164
180
428
652
652
588
460
292
180
132
112
228
372
396
460
428
428
372
228
96
32
48
132
244
324
396
492
492
428
308
164
-24
-132
-180
-196
-164
-104
0
64
132
244
308
308
244
180
80
0
-16
-8
8
104
164
212
276
260
228
196
260
340
396
460
556
620
652
684
684
620
556
428
340
276
228
228
164
96
8
-88
-132
-244
-324
-356
-396
-244
16
244
428
652
924
1052
1052
844
428
-88
-652
-1116
-1500
-1756
-1980
-1980
-1756
-1500
-1180
-844
-524
-228
-96
-40
64
104
40
48
80
132
120
32
-32
-228
-492
-780
-988
-1180
-1244
-1308
-1052
-684
-244
148
492
780
812
748
652
556
396
244
164
132
112
88
32
16
-32
-120
-164
-212
-244
-292
-260
-164
-40
88
260
460
652
716
684
684
588
460
276
148
16
-104
-164
-148
-40
-32
48
148
212
228
260
244
228
244
260
356
524
620
620
620
620
588
492
396
260
164
164
260
428
524
556
588
620
556
356
112
-148
-428
-652
-812
-876
-876
-780
-652
-556
-460
-340
-212
-112
32
180
340
524
652
652
460
228
-104
-460
-844
-1180
-1500
-1628
-1628
-1436
-1052
-684
-260
104
372
492
492
460
324
196
148
164
212
244
276
292
196
-8
-228
-460
-748
-924
-844
-620
-340
48
460
812
1052
1116
1052
924
652
340
148
24
-56
-112
-132
-64
-8
-16
-72
-132
-260
-372
-372
-356
-308
-164
40
356
620
748
812
780
716
556
340
72
-180
-396
-556
-652
-652
-652
-620
-524
-428
-276
-164
-80
40
180
228
340
428
556
588
556
428
276
104
-80
-228
-356
-428
-372
-228
-24
132
228
276
212
104
-64
-228
-340
-428
-556
-556
-460
-460
-356
-244
-180
-164
-148
-148
-148
-104
16
228
428
556
620
556
396
164
-88
-396
-652
-844
-988
-876
-780
-620
-372
-132
104
276
396
460
428
356
324
276
212
212
212
196
196
180
164
112
0
-120
-228
-244
-196
-104
0
72
212
372
460
492
492
492
556
620
588
492
372
244
148
88
32
0
-48
-64
8
24
0
8
56
164
276
460
620
780
876
988
924
748
492
196
-64
-260
-396
-524
-620
-588
-492
-356
-260
-164
-80
-48
8
80
104
80
64
132
212
196
132
16
-132
-260
-396
-492
-524
-524
-524
-460
-308
-276
-356
-428
-492
-620
-748
-844
-876
-844
-748
-588
-428
-292
-212
-148
-80
-40
-16
-16
-48
-32
-16
48
72
88
56
0
-80
-260
-460
-588
-620
-620
-588
-492
-276
-88
96
292
460
524
556
524
460
372
244
132
64
48
-32
-56
-32
-16
-80
-72
-56
-48
-40
-48
0
64
180
292
428
556
652
716
780
780
620
396
180
-16
-180
-324
-356
-308
-180
-32
132
276
260
244
260
276
276
340
492
652
812
988
1052
988
812
524
164
-180
-524
-780
-844
-780
-588
-356
-164
24
228
340
428
460
460
428
372
372
428
396
356
324
228
120
0
-132
-292
-460
-524
-556
-556
-620
-588
-492
-356
-292
-228
-196
-212
-244
-276
-308
-356
-372
-324
-244
-164
-88
-32
-8
-16
-16
-72
-148
-212
-292
-324
-308
-244
-228
-260
-244
-212
-212
-228
-244
-260
-196
-96
16
104
196
212
196
228
180
80
-104
-244
-340
-396
-396
-324
-228
-196
-132
-40
-24
-72
-132
-228
-244
-212
-88
112
308
428
556
620
588
492
260
-24
-196
-308
-428
-428
-356
-212
0
196
308
308
212
104
80
32
88
180
324
524
716
924
924
844
620
324
40
-212
-396
-492
-492
-396
-292
-120
40
132
228
292
292
228
228
260
228
260
340
396
460
524
524
460
356
260
148
0
-72
-132
-260
-292
-228
-180
-132
-96
-88
-56
-48
-40
-8
-48
-96
-56
64
180
244
324
356
356
340
228
56
-148
-308
-396
-460
-492
-492
-460
-492
-428
-340
-292
-244
-212
-212
-196
-132
-72
-64
8
72
72
80
56
-56
-120
-196
-308
-372
-460
-492
-492
-428
-372
-356
-340
-308
-260
-212
-180
-104
-48
-8
24
72
180
276
260
228
196
104
48
-16
-72
-88
-32
40
120
196
132
48
-24
-72
-132
-180
-96
32
212
372
492
620
620
492
396
292
132
-24
-120
-212
-228
-196
-132
-96
-64
-40
8
56
24
24
-24
-40
48
180
292
396
524
524
492
460
396
276
164
40
-88
-196
-308
-396
-460
-460
-428
-396
-340
-260
-164
-104
-88
-72
-48
-16
80
180
276
340
372
356
276
148
-24
-180
-340
-428
-492
-588
-620
-620
-588
-524
-396
-308
-180
-56
32
148
196
212
212
196
180
212
196
228
276
228
180
132
24
-72
-148
-148
-88
-24
32
96
164
148
148
180
196
228
260
260
276
324
340
396
396
372
324
260
164
112
104
80
80
72
24
-8
-16
-48
-64
-88
-16
88
164
276
372
460
556
524
524
460
244
40
-164
-356
-492
-588
-620
-556
-492
-372
-228
-120
-80
-112
-120
-132
-148
-88
24
132
260
356
396
372
292
120
-48
-228
-372
-524
-652
-684
-684
-652
-588
-460
-340
-260
-148
-32
0
-16
-24
-48
-96
-96
-88
-72
-72
-104
-120
-212
-292
-356
-428
-524
-588
-588
-492
-428
-396
-308
-196
-80
-32
32
56
16
0
-40
-132
-212
-196
-148
-32
72
196
356
460
428
340
228
112
56
64
196
356
428
492
492
460
356
228
112
16
0
32
88
196
308
428
524
588
652
684
684
620
620
556
492
460
428
372
324
276
260
244
244
260
260
292
340
428
428
428
396
244
112
8
-112
-228
-292
-324
-324
-276
-212
-164
-120
-120
-148
-132
-120
-96
-104
-48
48
132
212
244
228
180
148
48
-132
-308
-524
-716
-844
-844
-780
-716
-556
-396
-308
-244
-180
-196
-260
-356
-460
-460
-492
-428
-260
-64
0
8
-32
-120
-308
-524
-748
-924
-1052
-1052
-988
-876
-684
-460
-244
-112
-48
-72
-164
-260
-340
-396
-396
-276
-132
-8
104
244
308
276
228
132
56
24
64
196
340
428
556
652
652
556
428
308
212
180
196
244
340
428
492
556
556
492
428
324
276
260
228
228
228
244
260
292
308
276
196
196
212
292
372
428
524
620
620
556
492
340
148
-40
-180
-260
-308
-276
-228
-120
-16
32
96
132
120
96
132
196
244
292
396
524
588
556
556
524
460
292
96
-72
-244
-396
-428
-460
-460
-396
-292
-164
-56
-24
8
40
16
-24
-48
-80
-88
-32
56
132
132
64
-88
-292
-524
-812
-988
-1180
-1244
-1180
-988
-780
-556
-308
-104
8
8
-64
-148
-308
-396
-428
-396
-372
-340
-260
-212
-164
-228
-356
-460
-588
-684
-716
-652
-492
-276
-104
40
164
212
196
164
148
104
104
164
244
292
356
396
396
260
132
32
-40
-80
-56
24
148
260
372
460
428
396
324
292
340
372
428
492
588
684
748
716
620
492
324
148
0
-88
-212
-292
-260
-196
-104
-8
72
148
196
228
244
228
196
228
212
260
292
260
244
244
212
180
120
24
-80
-180
-276
-340
-396
-460
-396
-276
-148
-16
96
132
164
164
164
148
164
212
260
356
428
428
396
244
32
-196
-460
-684
-844
-924
-876
-748
-588
-460
-260
-96
16
96
132
164
196
212
276
292
292
244
180
120
8
-72
-180
-276
-356
-396
-428
-356
-276
-164
-16
56
120
164
180
228
260
324
396
428
492
428
308
112
-80
-244
-372
-428
-428
-356
-260
-132
0
132
164
112
32
-64
-80
-80
-32
32
132
212
308
324
292
180
64
-48
-196
-340
-460
-556
-620
-652
-620
-524
-492
-460
-372
-292
-180
-72
32
132
228
308
356
396
324
260
196
164
88
24
-32
-56
-64
-112
-148
-228
-356
-396
-428
-428
-372
-308
-212
-80
40
164
308
372
372
428
428
428
428
372
276
132
-16
-228
-428
-556
-652
-684
-652
-620
-524
-428
-292
-104
48
196
276
372
460
524
524
460
372
276
112
-24
-96
-180
-228
-276
-164
40
164
276
276
212
180
196
120
104
340
460
492
524
460
396
372
340
324
324
372
260
120
180
148
120
132
228
292
356
428
428
324
428
460
524
556
876
1116
780
652
524
396
48
-72
0
-48
64
-32
-428
-684
-524
-492
-652
-396
-132
-372
-372
-212
-356
-428
-340
-340
-396
-244
-180
-308
-292
-340
-492
-556
-588
-492
-556
-524
-372
-396
-428
-524
-588
-780
-924
-844
-844
-844
-716
-524
-292
-164
48
212
308
292
244
196
-104
-244
-308
-524
-588
-620
-620
-620
-620
-492
-372
-260
-104
-24
164
324
372
460
620
716
620
620
684
524
308
164
24
-196
-396
-356
-340
-276
-104
104
308
460
524
556
620
588
556
588
620
556
524
460
492
492
460
396
308
196
120
24
32
80
148
340
460
588
620
588
556
556
524
460
428
492
460
324
244
196
132
56
56
80
40
0
-64
-148
-164
-180
-276
-340
-292
-228
-228
-196
-80
-8
0
56
120
132
112
32
-64
-196
-292
-356
-428
-492
-524
-492
-460
-396
-372
-428
-460
-428
-428
-460
-428
-492
-556
-524
-460
-396
-292
-180
-72
40
104
80
40
-120
-228
-396
-492
-524
-620
-652
-620
-556
-460
-356
-324
-276
-244
-196
-104
-32
32
132
260
372
428
428
340
164
0
-132
-244
-356
-292
-212
-120
32
164
276
340
428
460
524
556
524
460
396
396
372
324
276
244
212
148
120
120
64
32
40
112
196
260
356
396
396
372
396
356
324
308
308
308
324
308
308
244
180
196
212
228
212
132
0
-72
-120
-196
-244
-244
-228
-180
-132
-80
-32
-16
-24
-32
-24
-80
-88
-96
-120
-96
-88
-96
-96
-132
-196
-212
-212
-180
-164
-132
-48
-32
-64
-64
-80
-180
-324
-372
-460
-524
-492
-396
-228
-88
72
196
276
276
244
196
64
-40
-148
-244
-260
-276
-276
-244
-212
-196
-96
-8
80
164
196
228
276
292
324
308
228
148
64
-64
-164
-244
-228
-244
-196
-80
-24
32
96
112
132
180
180
164
104
72
32
-16
-40
-72
-112
-132
-148
-132
-112
-132
-112
-80
-88
-80
-72
-72
-40
-16
40
104
132
132
180
212
164
120
88
64
24
-32
-40
-40
-80
-88
-32
0
0
-16
0
-8
-72
-96
-112
-104
-48
0
32
96
104
88
64
16
-40
-112
-132
-132
-120
-88
-72
-112
-120
-96
-40
0
56
120
180
212
212
164
88
16
-64
-132
-164
-228
-196
-132
-48
64
132
180
196
196
164
132
24
-56
-120
-104
-48
56
164
228
308
396
428
428
428
396
292
212
212
180
164
164
112
80
48
8
-40
-72
0
64
132
212
244
244
244
212
164
132
80
32
-24
-32
-72
-120
-164
-180
-196
-228
-212
-212
-228
-228
-164
-132
-104
-72
-48
-64
-72
-16
-8
-40
-80
-104
-132
-164
-196
-196
-212
-212
-260
-276
-292
-308
-324
-340
-292
-292
-340
-340
-292
-260
-260
-212
-196
-212
-212
-196
-180
-212
-260
-244
-244
-276
-244
-212
-148
-64
-40
-40
-48
-104
-148
-148
-148
-120
-56
32
120
180
196
196
164
88
24
0
-8
0
72
180
276
324
396
428
460
428
340
292
180
72
56
64
80
148
196
276
292
308
308
276
260
244
196
148
164
164
148
132
120
148
132
96
80
56
56
64
72
112
148
180
212
228
260
276
244
228
196
148
96
56
72
72
72
112
148
148
132
96
72
40
0
0
8
16
32
48
48
56
40
8
0
-48
-64
-80
-88
-64
-40
-16
-16
-16
-32
-112
-212
-340
-492
-652
-716
-716
-652
-556
-428
-324
-260
-228
-276
-324
-396
-460
-460
-428
-356
-276
-180
-112
-48
-40
-88
-180
-260
-308
-356
-308
-228
-104
-24
40
96
88
56
24
8
16
16
16
104
180
244
292
324
340
324
244
164
88
-24
-120
-164
-132
-112
-24
80
164
244
308
356
356
356
292
244
164
80
-8
-80
-88
-64
-24
64
132
196
276
292
324
260
228
212
196
180
212
212
228
244
228
244
180
112
32
-40
-72
-88
-64
-40
0
48
88
104
56
88
56
24
8
-32
-40
-32
-16
-24
-8
-16
-40
-72
-132
-148
-164
-228
-244
-212
-212
-196
-180
-196
-244
-324
-340
-324
-356
-308
-260
-212
-148
-104
-112
-112
-132
-180
-164
-164
-80
-8
56
132
244
260
228
196
148
88
80
96
120
164
212
292
340
396
396
308
276
244
228
244
244
292
356
396
396
372
292
212
120
48
8
-56
-104
-112
-96
-16
48
120
164
164
180
132
48
-16
-80
-180
-308
-396
-524
-588
-588
-524
-428
-372
-324
-292
-276
-292
-324
-292
-292
-324
-292
-260
-228
-180
-148
-148
-228
-324
-396
-492
-524
-492
-492
-372
-260
-180
-72
-48
-32
-24
-16
-24
0
16
32
72
48
56
24
8
-24
-56
-96
-120
-96
-80
-32
56
148
212
292
292
260
228
132
56
0
0
16
48
96
132
120
96
72
40
8
24
64
164
308
428
556
652
716
684
588
460
372
308
260
244
276
372
460
524
588
588
524
460
396
292
276
324
356
428
492
556
588
556
492
372
244
104
-16
-104
-180
-212
-212
-180
-132
-104
-48
-16
-16
-48
-96
-164
-228
-276
-340
-372
-396
-428
-428
-396
-356
-372
-372
-356
-428
-524
-588
-620
-620
-588
-556
-428
-308
-228
-132
-120
-148
-196
-292
-396
-492
-556
-556
-492
-396
-308
-228
-164
-120
-148
-244
-324
-356
-372
-340
-276
-180
-104
-8
56
96
72
16
-48
-104
-104
-120
-104
-96
-48
16
48
64
24
-40
-112
-148
-164
-132
-96
-72
-16
48
120
132
196
180
148
180
228
324
396
492
556
588
588
556
492
396
340
276
244
276
324
372
460
492
556
588
556
460
396
340
356
372
396
460
492
524
492
428
324
196
40
-104
-228
-292
-356
-308
-164
-64
40
132
180
180
132
48
-24
-104
-164
-180
-212
-244
-308
-292
-292
-340
-340
-340
-396
-428
-460
-460
-460
-372
-292
-212
-72
32
132
180
196
148
64
-40
-148
-228
-292
-308
-292
-244
-164
-80
-16
-16
24
-8
-40
-48
-48
-40
-16
24
64
72
72
96
72
32
24
-8
-64
-132
-180
-180
-164
-132
-96
-64
-40
-56
-80
-132
-196
-244
-276
-340
-356
-356
-308
-244
-180
-120
-56
-24
0
40
80
96
120
164
180
164
132
112
64
16
0
-8
-8
0
56
88
132
148
148
148
132
180
244
292
340
396
460
460
460
372
260
148
0
-132
-196
-276
-324
-276
-196
-80
32
132
212
228
228
196
164
88
40
16
-24
-40
-40
-24
-64
-88
-112
-164
-228
-276
-292
-308
-292
-244
-148
-48
64
164
276
324
276
212
120
0
-96
-148
-212
-196
-164
-88
32
96
96
112
120
132
148
164
196
212
196
228
228
196
164
148
120
80
40
8
-32
-48
-56
-24
24
56
112
148
196
212
212
164
72
8
-56
-120
-148
-164
-164
-148
-132
-80
-64
-40
-48
-32
-8
-16
8
56
80
64
56
40
0
-40
-132
-180
-212
-260
-292
-308
-340
-356
-356
-340
-260
-180
-112
-48
8
0
-8
-8
-40
-80
-148
-212
-260
-308
-340
-356
-356
-372
-340
-324
-244
-180
-164
-88
-16
32
96
148
212
228
180
132
80
24
-24
-40
-56
-64
-8
24
72
88
96
80
72
96
148
196
260
340
340
292
276
196
132
96
96
96
104
148
180
212
228
244
260
228
196
180
132
96
120
96
88
96
96
80
56
64
32
0
0
-8
-16
0
32
32
80
148
196
244
276
292
260
196
180
148
88
32
32
0
0
8
-16
16
40
64
112
164
180
228
260
276
260
260
228
180
112
32
-32
-148
-180
-196
-228
-212
-244
-228
-196
-148
-96
-64
-72
-48
-40
-80
-132
-196
-324
-396
-460
-492
-524
-556
-588
-620
-588
-588
-524
-460
-460
-396
-324
-276
-228
-196
-212
-244
-276
-308
-356
-372
-372
-340
-308
-276
-228
-180
-164
-104
-72
-64
-24
24
64
132
196
212
196
212
212
148
120
96
96
88
88
104
104
120
132
196
228
292
340
396
428
396
356
308
260
228
212
180
164
148
180
148
148
132
120
148
120
148
164
212
244
260
292
276
260
196
164
120
64
24
-8
0
0
0
8
40
64
56
72
104
148
228
276
324
340
340
308
212
120
32
-40
-112
-120
-112
-80
-56
0
48
64
64
48
32
0
-24
-24
0
-24
-16
-8
-24
-48
-72
-88
-132
-196
-228
-260
-292
-260
-228
-180
-132
-72
-32
-48
-72
-132
-180
-212
-244
-276
-292
-244
-164
-96
-48
-24
-32
-48
-88
-104
-120
-148
-148
-148
-88
-56
-16
8
16
0
-32
-80
-132
-180
-228
-212
-148
-80
-48
16
72
80
72
56
32
-16
-56
-64
-64
-56
-48
-72
-104
-132
-164
-212
-260
-276
-276
-244
-196
-148
-96
-64
16
88
104
120
104
80
88
120
104
88
48
24
16
-24
-64
-80
-112
-112
-80
-24
0
64
164
260
340
396
396
396
356
276
244
196
132
104
88
80
112
148
164
180
180
164
164
164
164
180
164
164
164
164
164
148
148
132
104
56
24
16
0
8
32
48
104
120
104
64
16
-24
-104
-148
-148
-180
-164
-104
-40
24
72
72
80
40
16
-8
-80
-104
-132
-164
-148
-112
-112
-88
-56
-24
0
-16
-80
-132
-164
-148
-132
-112
-32
16
64
72
112
80
24
-32
-48
-80
-112
-132
-148
-96
-88
-104
-120
-132
-164
-180
-164
-180
-132
-132
-120
-72
-32
-16
0
0
-8
0
-32
-48
-80
-96
-96
-112
-112
-164
-180
-212
-244
-212
-196
-180
-120
-40
8
64
120
148
148
164
132
104
48
0
-24
-56
-48
-16
16
16
16
8
24
56
64
88
120
148
148
164
180
196
196
196
212
212
212
212
180
180
148
112
112
148
164
164
148
112
72
0
-56
-80
-104
-88
-56
0
64
88
104
88
56
24
-8
-64
-96
-112
-132
-120
-72
-56
-24
16
64
56
8
16
0
-32
-56
-48
-32
-40
-24
-24
0
24
48
80
88
112
96
80
64
56
16
0
-24
-40
-56
-56
-24
-32
-16
0
0
24
8
-16
-24
-56
-48
-16
-8
0
40
32
16
8
0
-32
-132
-180
-212
-244
-228
-212
-180
-132
-56
-8
16
40
32
8
0
-8
-24
-40
-16
-8
0
32
24
24
8
-24
-88
-148
-180
-180
-164
-112
-80
-48
-48
-56
-64
-64
-64
-80
-112
-88
-64
-32
-8
-24
-40
-64
-72
-72
-72
-104
-120
-148
-196
-228
-260
-260
-228
-148
-72
8
56
80
80
40
0
-8
-56
-112
-96
-80
-56
-24
16
40
112
180
244
324
324
324
340
308
292
276
276
276
292
324
340
372
396
372
340
356
324
276
244
180
120
88
72
96
132
148
212
276
276
260
212
164
120
72
48
16
0
-16
-16
-8
0
0
-40
-48
-80
-132
-148
-180
-180
-196
-196
-164
-148
-148
-112
-80
-72
-72
-48
-64
-80
-96
-132
-148
-148
-132
-72
-40
-56
-64
-104
-148
-164
-196
-244
-212
-180
-148
-104
-88
-96
-72
-88
-132
-132
-148
-132
-104
-104
-80
-48
-64
-96
-112
-148
-180
-180
-212
-228
-244
-260
-260
-260
-212
-180
-120
-56
32
72
80
96
104
80
48
24
-24
-72
-104
-120
-132
-148
-164
-132
-104
-64
-16
40
104
148
164
120
120
112
120
148
180
212
244
228
196
212
196
164
148
96
16
8
0
16
56
96
164
196
228
260
228
196
164
148
88
72
80
96
88
64
64
48
24
0
0
-8
0
8
24
32
8
-8
-8
0
8
16
8
-8
-24
-32
-40
-56
-48
-32
-40
-32
-16
0
8
16
32
24
-16
-48
-104
-120
-132
-120
-80
-80
-56
-24
-8
-40
-24
0
16
32
48
64
80
80
88
104
104
80
32
-16
-32
-72
-132
-148
-132
-148
-132
-80
-32
8
48
88
132
148
180
148
132
112
88
48
40
16
0
0
-32
-40
-24
-24
-16
0
24
48
48
72
64
64
72
56
88
112
120
112
88
32
0
-72
-112
-164
-164
-180
-196
-180
-180
-148
-148
-132
-112
-132
-148
-148
-148
-132
-148
-132
-132
-132
-132
-180
-180
-148
-148
-148
-120
-132
-132
-104
-104
-112
-120
-164
-180
-180
-180
-164
-132
-104
-64
-16
-8
0
0
16
40
48
96
132
180
196
196
196
164
112
88
40
-8
-32
-16
-8
0
32
48
72
88
112
148
228
276
292
308
324
308
276
276
244
164
88
40
-8
-48
-88
-80
-56
-32
0
56
120
180
244
260
292
292
260
228
164
132
104
64
40
8
0
-16
-16
-24
-24
-32
-32
-16
0
24
48
88
112
148
164
148
120
96
72
32
0
-24
-56
-88
-132
-148
-164
-180
-180
-164
-196
-212
-212
-228
-196
-164
-104
-48
-24
0
-8
-40
-72
-96
-132
-164
-164
-148
-148
-148
-120
-72
-96
-148
-164
-180
-180
-196
-180
-180
-148
-112
-72
-32
-32
-40
-72
-80
-80
-88
-64
-48
-40
-32
-16
-24
-32
-72
-112
-120
-148
-164
-148
-104
-72
-32
-16
-24
-32
-48
-16
8
0
32
72
96
132
164
196
196
164
120
64
32
8
-8
-8
-8
0
8
24
48
104
148
212
244
244
244
212
180
148
132
132
88
72
48
0
-16
-24
-24
-32
-24
0
16
40
72
88
96
148
164
148
132
112
112
80
24
0
-8
-48
-56
-40
-8
-8
-24
-8
-16
-24
-16
-16
0
24
56
104
120
148
148
120
96
56
24
-8
-16
-16
-16
-8
-16
-8
-24
-24
0
-8
-24
-24
-8
0
8
0
0
-24
-40
-56
-64
-48
-56
-56
-24
0
24
64
64
80
40
24
-8
-56
-80
-104
-104
-80
-96
-72
-72
-104
-104
-148
-164
-148
-148
-120
-56
-32
0
24
24
16
8
-40
-72
-112
-164
-164
-180
-212
-212
-196
-228
-212
-180
-164
-104
-56
0
48
48
56
64
48
32
24
8
0
0
-8
0
0
-8
0
0
-16
16
24
48
104
104
132
164
164
196
196
196
180
196
164
148
120
96
64
40
40
56
32
16
24
16
8
40
64
80
96
96
80
56
40
0
16
0
-16
-24
-8
-16
-16
-8
-24
-8
-32
-48
-72
-104
-120
-96
-80
-56
-48
-56
-64
-64
-80
-88
-72
-48
-48
-8
16
40
32
40
48
40
56
56
32
24
16
8
48
64
96
88
56
40
0
-16
-24
0
16
40
88
132
148
148
120
96
64
32
-8
0
8
16
8
8
0
-16
-48
-56
-48
-80
-96
-104
-80
-88
-96
-96
-96
-96
-104
-112
-120
-132
-148
-164
-180
-164
-164
-164
-132
-104
-112
-112
-96
-80
-80
-88
-72
-80
-96
-72
-32
0
0
0
-16
-32
-48
-48
-32
-16
-8
0
16
40
56
72
104
112
132
112
112
120
96
80
104
104
104
148
180
180
180
164
148
132
132
120
132
148
180
164
180
180
148
120
88
56
8
-24
-32
-32
-32
-24
0
24
32
40
24
24
0
-24
-40
-40
-8
0
0
24
16
-24
-56
-72
-96
-132
-164
-180
-164
-148
-120
-72
-40
-16
-16
-8
-24
-56
-64
-80
-72
-64
-80
-56
-40
-32
-32
-32
-40
-56
-56
-56
-32
0
0
0
24
48
64
80
88
72
32
16
8
-8
0
16
24
48
56
40
48
40
40
40
64
64
64
80
88
64
40
8
-8
-8
-40
-56
-40
-16
-24
0
16
24
0
0
8
-24
-48
-64
-64
-64
-64
-56
-56
-56
-56
-40
-40
-32
-40
-56
-56
-64
-72
-64
-40
-16
-8
16
48
72
72
72
56
16
-8
-32
-56
-72
-64
-72
-64
-24
8
24
16
16
16
0
0
0
16
48
40
40
56
40
24
8
-16
-48
-56
-72
-88
-80
-48
-16
16
64
80
96
72
48
32
8
16
8
-16
-24
-48
-40
-32
-48
-56
-72
-88
-88
-80
-56
-48
-24
-8
0
-8
-8
-8
-32
-24
-8
8
16
32
48
56
48
40
56
48
48
24
8
0
0
24
56
88
104
120
112
88
72
56
56
64
64
72
72
72
64
72
88
80
80
80
72
64
48
40
48
56
64
48
64
56
32
24
0
-8
-16
-24
-32
-32
-16
8
16
32
48
48
40
0
-16
-48
-104
-132
-120
-120
-96
-80
-64
-24
-16
-24
